Date,Time,Open,High,Low,Close,Volume,OpenInt
2014-11-18,16:30:00,0.19,0.19,0.19,0.19,500,0
2014-11-18,19:20:00,0.19,0.19,0.19,0.19,100,0
2014-11-18,20:35:00,0.19,0.19,0.19,0.19,10000,0
2014-11-18,20:40:00,0.19,0.19,0.19,0.19,10000,0
2014-11-18,21:20:00,0.19,0.19,0.19,0.19,3343,0
2014-11-18,21:50:00,0.19,0.19,0.19,0.19,9500,0
2014-11-18,22:00:00,0.19,0.19,0.19,0.19,6677,0
2014-11-19,15:35:00,0.19,0.19,0.19,0.19,200,0
2014-11-19,15:45:00,0.18,0.18,0.18,0.18,4800,0
2014-11-19,16:15:00,0.19,0.19,0.19,0.19,1000,0
2014-11-19,16:25:00,0.19,0.19,0.19,0.19,6800,0
2014-11-19,16:55:00,0.19,0.19,0.19,0.19,100,0
2014-11-19,20:05:00,0.18,0.18,0.18,0.18,100,0
2014-11-19,20:35:00,0.19,0.19,0.19,0.19,8622,0
2014-11-19,21:25:00,0.18,0.18,0.18,0.18,300,0
2014-11-19,22:00:00,0.19,0.19,0.19,0.19,300,0
2014-11-20,16:55:00,0.18,0.18,0.18,0.18,1458,0
2014-11-20,17:15:00,0.18,0.18,0.18,0.18,200,0
2014-11-20,17:55:00,0.18,0.18,0.18,0.18,4200,0
2014-11-20,18:05:00,0.18,0.18,0.18,0.18,300,0
2014-11-20,21:45:00,0.18,0.18,0.18,0.18,5400,0
2014-11-20,21:55:00,0.18,0.18,0.18,0.18,15700,0
2014-11-20,22:00:00,0.18,0.18,0.17,0.17,15000,0
2014-11-21,15:35:00,0.18,0.18,0.17,0.17,136572,0
2014-11-21,16:00:00,0.17,0.17,0.17,0.17,301,0
2014-11-21,16:30:00,0.17,0.17,0.17,0.17,5000,0
2014-11-21,19:30:00,0.17,0.17,0.17,0.17,100,0
2014-11-21,20:05:00,0.17,0.17,0.17,0.17,100,0
2014-11-21,20:20:00,0.17,0.17,0.17,0.17,100,0
2014-11-21,20:25:00,0.17,0.17,0.17,0.17,100,0
2014-11-21,21:30:00,0.17,0.17,0.17,0.17,4700,0
2014-11-24,15:40:00,0.18,0.18,0.18,0.18,45000,0
2014-11-24,15:45:00,0.18,0.18,0.17,0.17,4520,0
2014-11-24,15:50:00,0.17,0.17,0.17,0.17,50000,0
2014-11-24,16:05:00,0.18,0.18,0.18,0.18,26000,0
2014-11-24,16:10:00,0.17,0.18,0.17,0.17,15400,0
2014-11-24,16:15:00,0.17,0.17,0.17,0.17,100,0
2014-11-24,16:30:00,0.17,0.17,0.17,0.17,2100,0
2014-11-24,16:35:00,0.17,0.17,0.17,0.17,1800,0
2014-11-24,16:50:00,0.18,0.18,0.18,0.18,77750,0
2014-11-24,16:55:00,0.18,0.18,0.18,0.18,25900,0
2014-11-24,17:05:00,0.18,0.18,0.18,0.18,51900,0
2014-11-24,17:15:00,0.17,0.17,0.17,0.17,1000,0
2014-11-24,18:15:00,0.18,0.19,0.18,0.18,8129,0
2014-11-24,18:20:00,0.18,0.19,0.18,0.19,7558,0
2014-11-24,18:25:00,0.19,0.19,0.19,0.19,100,0
2014-11-24,18:30:00,0.19,0.19,0.19,0.19,11300,0
2014-11-24,18:35:00,0.19,0.19,0.19,0.19,12800,0
2014-11-24,20:30:00,0.19,0.19,0.19,0.19,6378,0
2014-11-24,21:15:00,0.19,0.19,0.19,0.19,500,0
2014-11-24,21:25:00,0.19,0.2,0.19,0.19,9924,0
2014-11-24,21:30:00,0.2,0.2,0.2,0.2,100,0
2014-11-24,21:55:00,0.2,0.2,0.19,0.19,3100,0
2014-11-24,22:00:00,0.2,0.2,0.19,0.2,500,0
2014-11-25,15:35:00,0.19,0.19,0.18,0.18,10766,0
2014-11-25,16:50:00,0.19,0.19,0.19,0.19,1000,0
2014-11-25,17:10:00,0.18,0.18,0.18,0.18,800,0
2014-11-25,17:35:00,0.19,0.19,0.19,0.19,10000,0
2014-11-25,18:15:00,0.18,0.18,0.18,0.18,4000,0
2014-11-25,18:25:00,0.18,0.18,0.18,0.18,1600,0
2014-11-25,18:40:00,0.19,0.19,0.19,0.19,700,0
2014-11-25,18:45:00,0.19,0.19,0.19,0.19,300,0
2014-11-25,19:35:00,0.19,0.19,0.19,0.19,300,0
2014-11-25,19:40:00,0.19,0.19,0.19,0.19,400,0
2014-11-25,20:30:00,0.19,0.19,0.19,0.19,1100,0
2014-11-25,20:50:00,0.18,0.19,0.18,0.19,5300,0
2014-11-25,21:25:00,0.18,0.18,0.18,0.18,100,0
2014-11-25,21:40:00,0.19,0.19,0.19,0.19,100,0
2014-11-25,21:50:00,0.19,0.19,0.19,0.19,100,0
2014-11-25,21:55:00,0.18,0.19,0.18,0.19,2600,0
2014-11-25,22:00:00,0.19,0.19,0.19,0.19,100,0
2014-11-26,16:00:00,0.19,0.19,0.19,0.19,4520,0
2014-11-26,19:15:00,0.19,0.19,0.19,0.19,25700,0
2014-11-26,21:15:00,0.18,0.18,0.18,0.18,100,0
2014-11-26,21:30:00,0.19,0.19,0.19,0.19,100,0
2014-11-26,21:45:00,0.19,0.19,0.19,0.19,100,0
2014-11-26,21:55:00,0.19,0.19,0.18,0.18,1000,0
2014-11-26,22:00:00,0.18,0.18,0.18,0.18,22800,0
2014-11-28,16:55:00,0.18,0.18,0.18,0.18,1000,0
2014-11-28,17:15:00,0.18,0.18,0.18,0.18,200,0
2014-11-28,19:05:00,0.18,0.18,0.18,0.18,150,0
2014-12-01,15:50:00,0.18,0.18,0.18,0.18,10000,0
2014-12-01,16:35:00,0.18,0.18,0.18,0.18,100,0
2014-12-01,16:55:00,0.18,0.18,0.18,0.18,100,0
2014-12-01,17:15:00,0.18,0.18,0.18,0.18,1000,0
2014-12-01,18:50:00,0.18,0.18,0.18,0.18,100,0
2014-12-01,19:35:00,0.18,0.18,0.18,0.18,5500,0
2014-12-01,19:45:00,0.18,0.18,0.18,0.18,5000,0
2014-12-01,19:55:00,0.18,0.18,0.18,0.18,3700,0
2014-12-01,21:30:00,0.18,0.18,0.18,0.18,500,0
2014-12-01,22:00:00,0.18,0.18,0.18,0.18,100,0
2014-12-02,16:15:00,0.18,0.18,0.18,0.18,200,0
2014-12-02,16:25:00,0.18,0.18,0.18,0.18,2000,0
2014-12-02,16:50:00,0.18,0.18,0.18,0.18,100,0
2014-12-02,17:00:00,0.18,0.18,0.18,0.18,17500,0
2014-12-02,17:40:00,0.18,0.18,0.18,0.18,15500,0
2014-12-02,18:40:00,0.18,0.18,0.18,0.18,599,0
2014-12-02,18:55:00,0.18,0.18,0.18,0.18,300,0
2014-12-02,19:05:00,0.18,0.18,0.18,0.18,200,0
2014-12-02,19:15:00,0.18,0.18,0.18,0.18,100,0
2014-12-02,19:20:00,0.18,0.18,0.18,0.18,100,0
2014-12-02,19:35:00,0.18,0.18,0.18,0.18,200,0
2014-12-02,19:50:00,0.18,0.18,0.18,0.18,100,0
2014-12-02,20:05:00,0.18,0.18,0.18,0.18,200,0
2014-12-02,20:20:00,0.18,0.18,0.18,0.18,755,0
2014-12-02,20:30:00,0.18,0.18,0.18,0.18,900,0
2014-12-02,20:35:00,0.18,0.18,0.18,0.18,200,0
2014-12-02,20:40:00,0.18,0.18,0.18,0.18,100,0
2014-12-02,21:30:00,0.18,0.18,0.18,0.18,100,0
2014-12-02,21:45:00,0.18,0.18,0.18,0.18,100,0
2014-12-02,21:55:00,0.18,0.18,0.18,0.18,100,0
2014-12-02,22:00:00,0.18,0.18,0.18,0.18,100,0
2014-12-03,16:10:00,0.18,0.18,0.18,0.18,3500,0
2014-12-03,17:05:00,0.18,0.18,0.17,0.17,1000,0
2014-12-03,17:10:00,0.18,0.18,0.18,0.18,500,0
2014-12-03,17:30:00,0.18,0.18,0.18,0.18,1500,0
2014-12-03,19:55:00,0.18,0.18,0.18,0.18,1500,0
2014-12-03,20:35:00,0.18,0.18,0.18,0.18,6500,0
2014-12-03,20:45:00,0.18,0.18,0.18,0.18,100,0
2014-12-03,20:55:00,0.18,0.18,0.18,0.18,200,0
2014-12-03,21:05:00,0.18,0.18,0.18,0.18,100,0
2014-12-03,21:30:00,0.18,0.18,0.18,0.18,100,0
2014-12-03,21:45:00,0.18,0.18,0.18,0.18,200,0
2014-12-03,22:00:00,0.18,0.18,0.18,0.18,200,0
2014-12-04,15:40:00,0.18,0.18,0.18,0.18,4500,0
2014-12-04,15:50:00,0.18,0.18,0.18,0.18,2500,0
2014-12-04,18:40:00,0.18,0.18,0.18,0.18,10000,0
2014-12-04,19:15:00,0.18,0.18,0.18,0.18,200,0
2014-12-04,19:30:00,0.18,0.18,0.18,0.18,5250,0
2014-12-04,19:40:00,0.18,0.18,0.17,0.18,18100,0
2014-12-04,21:00:00,0.18,0.18,0.18,0.18,400,0
2014-12-04,21:10:00,0.18,0.18,0.18,0.18,1000,0
2014-12-04,21:15:00,0.18,0.18,0.18,0.18,300,0
2014-12-04,21:20:00,0.18,0.18,0.18,0.18,400,0
2014-12-04,21:25:00,0.18,0.18,0.18,0.18,300,0
2014-12-04,21:30:00,0.18,0.18,0.18,0.18,300,0
2014-12-04,21:35:00,0.18,0.18,0.18,0.18,100,0
2014-12-04,21:40:00,0.18,0.18,0.18,0.18,300,0
2014-12-04,21:45:00,0.18,0.18,0.18,0.18,100,0
2014-12-04,21:55:00,0.18,0.18,0.18,0.18,1070,0
2014-12-04,22:00:00,0.18,0.18,0.18,0.18,200,0
2014-12-05,15:35:00,0.18,0.18,0.18,0.18,4100,0
2014-12-05,15:45:00,0.17,0.18,0.17,0.18,1100,0
2014-12-05,17:10:00,0.18,0.18,0.17,0.18,8700,0
2014-12-05,18:20:00,0.18,0.18,0.17,0.18,10000,0
2014-12-05,18:45:00,0.18,0.18,0.18,0.18,1000,0
2014-12-05,19:15:00,0.18,0.18,0.18,0.18,5925,0
2014-12-05,20:00:00,0.17,0.17,0.17,0.17,3900,0
2014-12-05,20:15:00,0.18,0.18,0.18,0.18,1000,0
2014-12-05,20:20:00,0.17,0.18,0.17,0.18,31492,0
2014-12-05,20:55:00,0.17,0.17,0.17,0.17,20372,0
2014-12-05,21:00:00,0.18,0.18,0.18,0.18,400,0
2014-12-05,21:05:00,0.17,0.18,0.17,0.18,10400,0
2014-12-05,21:10:00,0.17,0.17,0.17,0.17,10000,0
2014-12-05,21:20:00,0.17,0.17,0.17,0.17,200,0
2014-12-05,21:25:00,0.17,0.17,0.17,0.17,100,0
2014-12-05,21:30:00,0.17,0.17,0.17,0.17,100,0
2014-12-05,21:35:00,0.17,0.17,0.17,0.17,100,0
2014-12-05,21:40:00,0.17,0.17,0.17,0.17,100,0
2014-12-05,21:45:00,0.17,0.17,0.17,0.17,100,0
2014-12-05,21:50:00,0.17,0.17,0.17,0.17,100,0
2014-12-05,21:55:00,0.17,0.17,0.17,0.17,500,0
2014-12-05,22:00:00,0.17,0.18,0.17,0.18,1925,0
2014-12-08,15:35:00,0.18,0.18,0.18,0.18,500,0
2014-12-08,15:45:00,0.18,0.18,0.18,0.18,3100,0
2014-12-08,15:50:00,0.18,0.18,0.18,0.18,300,0
2014-12-08,16:50:00,0.18,0.18,0.18,0.18,800,0
2014-12-08,17:55:00,0.18,0.18,0.18,0.18,1900,0
2014-12-08,18:10:00,0.18,0.18,0.17,0.17,578,0
2014-12-08,19:35:00,0.17,0.17,0.17,0.17,3000,0
2014-12-08,19:40:00,0.17,0.17,0.17,0.17,1000,0
2014-12-08,20:05:00,0.17,0.17,0.17,0.17,200,0
2014-12-08,20:10:00,0.17,0.17,0.17,0.17,3102,0
2014-12-08,20:20:00,0.17,0.17,0.17,0.17,200,0
2014-12-08,21:00:00,0.17,0.17,0.17,0.17,200,0
2014-12-08,21:05:00,0.17,0.17,0.17,0.17,200,0
2014-12-08,21:30:00,0.17,0.17,0.17,0.17,200,0
2014-12-08,21:35:00,0.17,0.17,0.17,0.17,400,0
2014-12-08,21:40:00,0.17,0.17,0.17,0.17,200,0
2014-12-08,21:45:00,0.17,0.17,0.17,0.17,200,0
2014-12-08,21:50:00,0.17,0.17,0.17,0.17,600,0
2014-12-08,21:55:00,0.17,0.17,0.17,0.17,3529,0
2014-12-08,22:00:00,0.17,0.17,0.17,0.17,316,0
2014-12-09,17:10:00,0.17,0.17,0.17,0.17,385,0
2014-12-09,17:20:00,0.17,0.17,0.17,0.17,30000,0
2014-12-09,20:35:00,0.18,0.18,0.18,0.18,4086,0
2014-12-09,21:05:00,0.18,0.18,0.18,0.18,2000,0
2014-12-09,21:20:00,0.17,0.17,0.17,0.17,10700,0
2014-12-09,21:35:00,0.18,0.18,0.18,0.18,100,0
2014-12-09,21:40:00,0.18,0.18,0.18,0.18,100,0
2014-12-09,21:50:00,0.17,0.17,0.17,0.17,10000,0
2014-12-09,21:55:00,0.18,0.18,0.18,0.18,100,0
2014-12-09,22:00:00,0.18,0.18,0.17,0.17,10800,0
2014-12-10,20:15:00,0.17,0.17,0.17,0.17,600,0
2014-12-10,20:45:00,0.17,0.17,0.17,0.17,1700,0
2014-12-10,21:20:00,0.18,0.18,0.18,0.18,100,0
2014-12-10,21:25:00,0.18,0.18,0.18,0.18,100,0
2014-12-10,21:40:00,0.18,0.18,0.18,0.18,200,0
2014-12-10,21:45:00,0.18,0.18,0.18,0.18,100,0
2014-12-10,21:50:00,0.18,0.18,0.18,0.18,300,0
2014-12-10,21:55:00,0.18,0.18,0.18,0.18,700,0
2014-12-10,22:00:00,0.18,0.18,0.17,0.17,4300,0
2014-12-11,16:00:00,0.17,0.17,0.17,0.17,370,0
2014-12-11,16:25:00,0.17,0.17,0.17,0.17,500,0
2014-12-11,17:45:00,0.18,0.18,0.18,0.18,1000,0
2014-12-11,18:25:00,0.18,0.18,0.18,0.18,6000,0
2014-12-11,19:20:00,0.16,0.16,0.16,0.16,200,0
2014-12-11,20:15:00,0.16,0.16,0.16,0.16,100,0
2014-12-11,21:10:00,0.18,0.18,0.18,0.18,100,0
2014-12-11,21:15:00,0.18,0.18,0.18,0.18,100,0
2014-12-11,21:25:00,0.18,0.18,0.18,0.18,100,0
2014-12-11,21:35:00,0.18,0.18,0.18,0.18,100,0
2014-12-11,21:40:00,0.18,0.18,0.18,0.18,200,0
2014-12-11,21:45:00,0.18,0.18,0.18,0.18,100,0
2014-12-11,21:50:00,0.18,0.18,0.18,0.18,300,0
2014-12-11,22:00:00,0.16,0.16,0.16,0.16,2200,0
2014-12-12,16:35:00,0.18,0.18,0.18,0.18,230,0
2014-12-12,16:55:00,0.18,0.18,0.18,0.18,100,0
2014-12-12,17:15:00,0.18,0.2,0.18,0.2,4470,0
2014-12-12,17:20:00,0.2,0.2,0.2,0.2,500,0
2014-12-12,17:45:00,0.19,0.19,0.19,0.19,1000,0
2014-12-12,17:55:00,0.18,0.18,0.18,0.18,1000,0
2014-12-12,18:20:00,0.16,0.16,0.15,0.15,7700,0
2014-12-12,19:35:00,0.17,0.18,0.17,0.18,10100,0
2014-12-12,19:55:00,0.18,0.18,0.18,0.18,100,0
2014-12-12,20:35:00,0.18,0.18,0.18,0.18,100,0
2014-12-12,21:30:00,0.16,0.16,0.16,0.16,200,0
2014-12-12,21:35:00,0.16,0.16,0.16,0.16,200,0
2014-12-12,21:40:00,0.16,0.16,0.16,0.16,100,0
2014-12-12,21:45:00,0.16,0.18,0.16,0.18,400,0
2014-12-12,21:50:00,0.18,0.18,0.18,0.18,1200,0
2014-12-12,21:55:00,0.18,0.18,0.18,0.18,1620,0
2014-12-12,22:00:00,0.18,0.18,0.16,0.18,1900,0
2014-12-15,16:30:00,0.18,0.18,0.18,0.18,1500,0
2014-12-15,16:35:00,0.18,0.18,0.18,0.18,500,0
2014-12-15,17:30:00,0.18,0.18,0.18,0.18,1466,0
2014-12-15,17:50:00,0.18,0.18,0.18,0.18,1500,0
2014-12-15,18:30:00,0.17,0.17,0.17,0.17,1100,0
2014-12-15,19:30:00,0.18,0.18,0.18,0.18,200,0
2014-12-15,20:15:00,0.17,0.17,0.17,0.17,1500,0
2014-12-15,21:00:00,0.18,0.18,0.18,0.18,100,0
2014-12-15,21:40:00,0.18,0.18,0.18,0.18,100,0
2014-12-15,21:45:00,0.18,0.18,0.18,0.18,200,0
2014-12-15,21:50:00,0.18,0.18,0.18,0.18,300,0
2014-12-15,21:55:00,0.18,0.18,0.18,0.18,1000,0
2014-12-16,16:10:00,0.18,0.18,0.16,0.16,1600,0
2014-12-16,16:20:00,0.18,0.18,0.18,0.18,250,0
2014-12-16,17:40:00,0.16,0.16,0.16,0.16,100,0
2014-12-16,18:45:00,0.16,0.16,0.16,0.16,2000,0
2014-12-16,19:35:00,0.16,0.16,0.16,0.16,2000,0
2014-12-16,21:00:00,0.17,0.17,0.16,0.16,200,0
2014-12-16,21:10:00,0.17,0.17,0.17,0.17,100,0
2014-12-16,21:20:00,0.17,0.17,0.17,0.17,100,0
2014-12-16,21:30:00,0.17,0.17,0.17,0.17,100,0
2014-12-16,21:40:00,0.17,0.17,0.17,0.17,100,0
2014-12-16,21:45:00,0.17,0.17,0.16,0.17,1300,0
2014-12-16,21:50:00,0.17,0.17,0.17,0.17,100,0
2014-12-16,21:55:00,0.17,0.17,0.17,0.17,200,0
2014-12-16,22:00:00,0.17,0.17,0.17,0.17,3982,0
2014-12-17,21:20:00,0.18,0.18,0.18,0.18,10300,0
2014-12-17,21:30:00,0.18,0.18,0.17,0.17,4400,0
2014-12-17,21:35:00,0.17,0.17,0.17,0.17,100,0
2014-12-17,21:40:00,0.17,0.17,0.17,0.17,100,0
2014-12-18,16:30:00,0.18,0.18,0.18,0.18,1100,0
2014-12-18,17:10:00,0.18,0.18,0.18,0.18,6000,0
2014-12-18,17:15:00,0.18,0.18,0.17,0.17,6578,0
2014-12-18,18:45:00,0.18,0.18,0.18,0.18,200,0
2014-12-18,18:50:00,0.18,0.18,0.18,0.18,3300,0
2014-12-18,18:55:00,0.18,0.18,0.18,0.18,390,0
2014-12-18,19:00:00,0.18,0.18,0.18,0.18,1436,0
2014-12-18,19:05:00,0.18,0.18,0.18,0.18,49500,0
2014-12-18,20:25:00,0.18,0.19,0.18,0.19,3559,0
2014-12-18,20:30:00,0.19,0.19,0.19,0.19,3600,0
2014-12-18,20:45:00,0.19,0.19,0.19,0.19,3741,0
2014-12-18,21:20:00,0.19,0.19,0.19,0.19,200,0
2014-12-18,21:45:00,0.19,0.19,0.18,0.18,4700,0
2014-12-18,21:50:00,0.19,0.19,0.19,0.19,500,0
2014-12-18,21:55:00,0.19,0.19,0.19,0.19,1000,0
2014-12-19,16:25:00,0.19,0.19,0.19,0.19,45800,0
2014-12-19,17:00:00,0.18,0.18,0.18,0.18,5200,0
2014-12-19,17:10:00,0.18,0.18,0.18,0.18,2100,0
2014-12-19,20:20:00,0.19,0.19,0.18,0.18,1100,0
2014-12-19,20:35:00,0.18,0.18,0.18,0.18,900,0
2014-12-19,20:45:00,0.18,0.18,0.18,0.18,10300,0
2014-12-19,21:10:00,0.18,0.18,0.18,0.18,100,0
2014-12-19,21:50:00,0.18,0.18,0.18,0.18,10200,0
2014-12-19,21:55:00,0.18,0.18,0.18,0.18,8500,0
2014-12-19,22:00:00,0.18,0.18,0.18,0.18,19500,0
2014-12-22,15:55:00,0.18,0.18,0.18,0.18,1000,0
2014-12-22,16:20:00,0.19,0.19,0.19,0.19,1575,0
2014-12-22,16:45:00,0.18,0.18,0.18,0.18,10200,0
2014-12-22,16:55:00,0.18,0.19,0.18,0.18,81315,0
2014-12-22,17:10:00,0.18,0.18,0.18,0.18,20000,0
2014-12-22,17:15:00,0.18,0.18,0.18,0.18,20000,0
2014-12-22,17:20:00,0.19,0.19,0.19,0.19,7500,0
2014-12-22,17:25:00,0.18,0.18,0.18,0.18,30000,0
2014-12-22,17:30:00,0.18,0.18,0.18,0.18,26600,0
2014-12-22,17:50:00,0.18,0.18,0.18,0.18,1000,0
2014-12-22,21:00:00,0.18,0.18,0.18,0.18,100,0
2014-12-22,21:05:00,0.18,0.18,0.18,0.18,100,0
2014-12-22,21:15:00,0.18,0.18,0.18,0.18,7800,0
2014-12-22,21:20:00,0.18,0.18,0.18,0.18,100,0
2014-12-22,22:00:00,0.19,0.2,0.19,0.2,8175,0
2014-12-23,15:35:00,0.17,0.19,0.17,0.19,17300,0
2014-12-23,15:45:00,0.18,0.18,0.18,0.18,20000,0
2014-12-23,15:50:00,0.19,0.19,0.19,0.19,1400,0
2014-12-23,15:55:00,0.18,0.19,0.18,0.19,32700,0
2014-12-23,16:00:00,0.18,0.18,0.18,0.18,200,0
2014-12-23,16:05:00,0.18,0.18,0.18,0.18,38400,0
2014-12-23,16:20:00,0.18,0.18,0.18,0.18,100000,0
2014-12-23,16:25:00,0.19,0.19,0.19,0.19,200,0
2014-12-23,17:05:00,0.19,0.19,0.19,0.19,7460,0
2014-12-23,17:10:00,0.19,0.19,0.19,0.19,100,0
2014-12-23,17:25:00,0.18,0.18,0.18,0.18,68981,0
2014-12-23,18:20:00,0.18,0.18,0.18,0.18,200,0
2014-12-23,18:40:00,0.18,0.18,0.18,0.18,500,0
2014-12-23,18:45:00,0.18,0.18,0.18,0.18,1000,0
2014-12-23,19:45:00,0.18,0.18,0.18,0.18,500,0
2014-12-23,19:55:00,0.18,0.18,0.18,0.18,4900,0
2014-12-23,21:05:00,0.18,0.18,0.18,0.18,15000,0
2014-12-23,21:50:00,0.18,0.18,0.18,0.18,300,0
2014-12-23,21:55:00,0.18,0.18,0.18,0.18,400,0
2014-12-23,22:00:00,0.18,0.19,0.18,0.19,1100,0
2014-12-24,15:35:00,0.18,0.18,0.18,0.18,500,0
2014-12-24,15:40:00,0.18,0.18,0.18,0.18,12200,0
2014-12-24,15:45:00,0.18,0.18,0.18,0.18,200,0
2014-12-24,15:50:00,0.18,0.18,0.18,0.18,4700,0
2014-12-24,15:55:00,0.18,0.18,0.18,0.18,10000,0
2014-12-24,16:00:00,0.18,0.18,0.18,0.18,15800,0
2014-12-24,16:05:00,0.18,0.18,0.18,0.18,6100,0
2014-12-24,16:10:00,0.18,0.18,0.18,0.18,700,0
2014-12-24,16:20:00,0.18,0.18,0.18,0.18,10500,0
2014-12-24,16:40:00,0.18,0.18,0.18,0.18,1342,0
2014-12-24,16:45:00,0.18,0.18,0.18,0.18,19912,0
2014-12-24,16:50:00,0.18,0.18,0.18,0.18,13321,0
2014-12-24,16:55:00,0.18,0.18,0.18,0.18,600,0
2014-12-24,17:00:00,0.18,0.18,0.18,0.18,28109,0
2014-12-24,17:05:00,0.18,0.18,0.18,0.18,2600,0
2014-12-24,17:10:00,0.18,0.18,0.18,0.18,2300,0
2014-12-24,17:15:00,0.18,0.18,0.18,0.18,2800,0
2014-12-24,17:20:00,0.18,0.18,0.18,0.18,2200,0
2014-12-24,17:25:00,0.18,0.18,0.18,0.18,2200,0
2014-12-24,17:30:00,0.18,0.18,0.18,0.18,2200,0
2014-12-24,17:35:00,0.18,0.18,0.18,0.18,10650,0
2014-12-24,17:45:00,0.18,0.18,0.18,0.18,4700,0
2014-12-24,17:50:00,0.18,0.18,0.18,0.18,2400,0
2014-12-24,17:55:00,0.18,0.18,0.18,0.18,2400,0
2014-12-24,18:00:00,0.18,0.18,0.18,0.18,2200,0
2014-12-24,18:05:00,0.18,0.18,0.18,0.18,2300,0
2014-12-24,18:10:00,0.18,0.18,0.18,0.18,2200,0
2014-12-24,18:15:00,0.18,0.18,0.18,0.18,2600,0
2014-12-24,18:20:00,0.18,0.18,0.18,0.18,2600,0
2014-12-24,18:25:00,0.18,0.18,0.18,0.18,700,0
2014-12-24,18:35:00,0.18,0.18,0.18,0.18,6500,0
2014-12-24,18:40:00,0.18,0.18,0.18,0.18,4285,0
2014-12-24,18:45:00,0.18,0.18,0.18,0.18,4500,0
2014-12-24,18:50:00,0.18,0.18,0.18,0.18,3900,0
2014-12-24,18:55:00,0.18,0.18,0.18,0.18,7400,0
2014-12-24,19:00:00,0.18,0.18,0.18,0.18,13789,0
2014-12-26,15:50:00,0.19,0.19,0.19,0.19,4300,0
2014-12-26,16:05:00,0.18,0.18,0.18,0.18,100,0
2014-12-26,17:35:00,0.18,0.18,0.18,0.18,10200,0
2014-12-26,17:40:00,0.18,0.18,0.18,0.18,50500,0
2014-12-26,17:55:00,0.18,0.18,0.18,0.18,70400,0
2014-12-26,18:05:00,0.18,0.18,0.18,0.18,8500,0
2014-12-26,18:10:00,0.18,0.18,0.18,0.18,12000,0
2014-12-26,18:15:00,0.18,0.18,0.18,0.18,4400,0
2014-12-26,18:25:00,0.18,0.18,0.18,0.18,4000,0
2014-12-26,18:30:00,0.18,0.18,0.18,0.18,4300,0
2014-12-26,18:35:00,0.18,0.18,0.18,0.18,14600,0
2014-12-26,18:40:00,0.18,0.18,0.18,0.18,3400,0
2014-12-26,18:45:00,0.18,0.19,0.18,0.18,19605,0
2014-12-26,18:50:00,0.19,0.19,0.19,0.19,22000,0
2014-12-26,19:05:00,0.18,0.19,0.18,0.19,2000,0
2014-12-26,19:15:00,0.18,0.18,0.18,0.18,100,0
2014-12-26,19:30:00,0.18,0.18,0.18,0.18,1400,0
2014-12-26,19:35:00,0.18,0.18,0.18,0.18,6000,0
2014-12-26,19:45:00,0.18,0.18,0.18,0.18,1000,0
2014-12-26,20:00:00,0.18,0.18,0.18,0.18,48595,0
2014-12-26,20:05:00,0.18,0.18,0.18,0.18,4800,0
2014-12-26,20:10:00,0.18,0.18,0.18,0.18,14500,0
2014-12-26,20:15:00,0.18,0.18,0.18,0.18,200,0
2014-12-26,20:20:00,0.18,0.18,0.18,0.18,500,0
2014-12-26,20:25:00,0.18,0.18,0.18,0.18,8600,0
2014-12-26,20:30:00,0.18,0.18,0.18,0.18,5200,0
2014-12-26,20:35:00,0.18,0.18,0.18,0.18,6400,0
2014-12-26,20:45:00,0.18,0.18,0.18,0.18,9025,0
2014-12-26,21:00:00,0.18,0.18,0.18,0.18,9300,0
2014-12-26,21:05:00,0.18,0.18,0.18,0.18,4700,0
2014-12-26,21:10:00,0.18,0.18,0.18,0.18,12100,0
2014-12-26,21:15:00,0.18,0.18,0.18,0.18,200,0
2014-12-26,21:20:00,0.18,0.18,0.18,0.18,300,0
2014-12-26,21:25:00,0.18,0.18,0.18,0.18,35000,0
2014-12-26,21:30:00,0.18,0.18,0.18,0.18,6100,0
2014-12-26,21:35:00,0.18,0.18,0.18,0.18,1100,0
2014-12-26,21:40:00,0.18,0.18,0.18,0.18,22100,0
2014-12-26,21:45:00,0.18,0.18,0.18,0.18,4200,0
2014-12-26,21:50:00,0.18,0.18,0.18,0.18,8500,0
2014-12-26,21:55:00,0.18,0.18,0.18,0.18,57900,0
2014-12-26,22:00:00,0.18,0.18,0.18,0.18,13000,0
2014-12-29,15:35:00,0.18,0.18,0.18,0.18,12300,0
2014-12-29,16:15:00,0.19,0.19,0.19,0.19,100,0
2014-12-29,16:20:00,0.19,0.19,0.19,0.19,300,0
2014-12-29,16:25:00,0.19,0.19,0.19,0.19,1000,0
2014-12-29,16:30:00,0.19,0.19,0.19,0.19,1000,0
2014-12-29,16:35:00,0.19,0.19,0.19,0.19,1000,0
2014-12-29,16:40:00,0.19,0.19,0.19,0.19,100,0
2014-12-29,16:50:00,0.19,0.19,0.19,0.19,6000,0
2014-12-29,16:55:00,0.19,0.19,0.18,0.18,4500,0
2014-12-29,17:10:00,0.18,0.18,0.18,0.18,100,0
2014-12-29,17:15:00,0.18,0.18,0.18,0.18,2000,0
2014-12-29,17:20:00,0.18,0.18,0.18,0.18,400,0
2014-12-29,17:35:00,0.19,0.19,0.19,0.19,100,0
2014-12-29,18:50:00,0.18,0.18,0.18,0.18,2200,0
2014-12-29,18:55:00,0.19,0.19,0.19,0.19,100,0
2014-12-29,19:05:00,0.19,0.19,0.16,0.19,49100,0
2014-12-29,19:10:00,0.19,0.19,0.19,0.19,200,0
2014-12-29,19:15:00,0.19,0.19,0.19,0.19,100,0
2014-12-29,19:20:00,0.19,0.19,0.19,0.19,500,0
2014-12-29,19:35:00,0.19,0.19,0.19,0.19,100,0
2014-12-29,19:40:00,0.19,0.19,0.19,0.19,200,0
2014-12-29,19:45:00,0.19,0.19,0.19,0.19,100,0
2014-12-29,19:50:00,0.19,0.19,0.19,0.19,100,0
2014-12-29,19:55:00,0.19,0.19,0.18,0.19,20200,0
2014-12-29,20:00:00,0.18,0.19,0.18,0.19,11200,0
2014-12-29,20:05:00,0.18,0.19,0.18,0.18,125800,0
2014-12-29,20:10:00,0.18,0.18,0.18,0.18,11800,0
2014-12-29,20:15:00,0.18,0.18,0.18,0.18,7918,0
2014-12-29,20:40:00,0.18,0.18,0.18,0.18,51000,0
2014-12-29,20:45:00,0.18,0.18,0.18,0.18,400,0
2014-12-29,21:05:00,0.18,0.18,0.18,0.18,9525,0
2014-12-29,21:10:00,0.18,0.18,0.18,0.18,10625,0
2014-12-29,21:15:00,0.18,0.19,0.18,0.18,36014,0
2014-12-29,21:20:00,0.18,0.18,0.18,0.18,111025,0
2014-12-29,21:25:00,0.18,0.18,0.18,0.18,500,0
2014-12-29,21:35:00,0.18,0.19,0.18,0.19,13500,0
2014-12-29,21:40:00,0.18,0.18,0.18,0.18,100,0
2014-12-29,21:55:00,0.18,0.18,0.18,0.18,104700,0
2014-12-29,22:00:00,0.18,0.18,0.18,0.18,123139,0
2014-12-30,15:35:00,0.19,0.19,0.18,0.18,13550,0
2014-12-30,16:15:00,0.18,0.18,0.18,0.18,200,0
2014-12-30,16:25:00,0.18,0.18,0.18,0.18,400,0
2014-12-30,17:10:00,0.18,0.18,0.18,0.18,3600,0
2014-12-30,17:15:00,0.19,0.19,0.19,0.19,100,0
2014-12-30,17:20:00,0.18,0.18,0.18,0.18,200,0
2014-12-30,17:25:00,0.18,0.18,0.18,0.18,100,0
2014-12-30,17:45:00,0.18,0.18,0.18,0.18,10100,0
2014-12-30,18:10:00,0.18,0.18,0.18,0.18,400,0
2014-12-30,18:20:00,0.18,0.18,0.18,0.18,500,0
2014-12-30,18:30:00,0.18,0.18,0.18,0.18,100,0
2014-12-30,19:00:00,0.18,0.18,0.18,0.18,4400,0
2014-12-30,19:10:00,0.18,0.18,0.18,0.18,600,0
2014-12-30,19:35:00,0.18,0.18,0.18,0.18,200,0
2014-12-30,20:05:00,0.18,0.18,0.18,0.18,500,0
2014-12-30,20:25:00,0.18,0.18,0.18,0.18,300,0
2014-12-30,20:50:00,0.18,0.18,0.18,0.18,300,0
2014-12-30,21:05:00,0.19,0.19,0.19,0.19,100,0
2014-12-30,21:30:00,0.18,0.18,0.18,0.18,41900,0
2014-12-30,21:35:00,0.18,0.18,0.18,0.18,100,0
2014-12-30,21:50:00,0.18,0.18,0.18,0.18,500,0
2014-12-30,21:55:00,0.18,0.18,0.18,0.18,9700,0
2014-12-30,22:00:00,0.18,0.18,0.18,0.18,4000,0
2014-12-31,15:35:00,0.18,0.18,0.18,0.18,700,0
2014-12-31,16:10:00,0.18,0.18,0.18,0.18,500,0
2014-12-31,16:20:00,0.18,0.18,0.18,0.18,2500,0
2014-12-31,16:25:00,0.18,0.18,0.18,0.18,300,0
2014-12-31,16:40:00,0.18,0.18,0.18,0.18,1600,0
2014-12-31,16:50:00,0.18,0.18,0.18,0.18,500,0
2014-12-31,17:10:00,0.18,0.18,0.18,0.18,100,0
2014-12-31,17:15:00,0.19,0.19,0.18,0.18,2700,0
2014-12-31,17:25:00,0.18,0.18,0.18,0.18,2455,0
2014-12-31,17:35:00,0.18,0.18,0.18,0.18,3800,0
2014-12-31,17:40:00,0.18,0.18,0.18,0.18,300,0
2014-12-31,17:45:00,0.18,0.19,0.18,0.19,10000,0
2014-12-31,17:50:00,0.18,0.18,0.18,0.18,400,0
2014-12-31,18:05:00,0.18,0.18,0.18,0.18,100,0
2014-12-31,18:10:00,0.18,0.18,0.18,0.18,100,0
2014-12-31,18:25:00,0.18,0.19,0.18,0.18,1436,0
2014-12-31,18:40:00,0.18,0.18,0.18,0.18,400,0
2014-12-31,19:10:00,0.18,0.18,0.18,0.18,100,0
2014-12-31,19:20:00,0.18,0.18,0.18,0.18,300,0
2014-12-31,20:55:00,0.18,0.18,0.18,0.18,22200,0
2014-12-31,21:00:00,0.18,0.18,0.18,0.18,400,0
2014-12-31,21:05:00,0.18,0.18,0.18,0.18,200,0
2014-12-31,21:25:00,0.18,0.18,0.18,0.18,120,0
2014-12-31,21:35:00,0.18,0.18,0.18,0.18,500,0
2014-12-31,21:40:00,0.18,0.18,0.18,0.18,8300,0
2014-12-31,21:45:00,0.18,0.18,0.18,0.18,100,0
2014-12-31,21:50:00,0.18,0.18,0.18,0.18,500,0
2014-12-31,21:55:00,0.18,0.18,0.18,0.18,800,0
2014-12-31,22:00:00,0.18,0.19,0.18,0.18,10291,0
2015-01-02,16:25:00,0.18,0.18,0.18,0.18,400,0
2015-01-02,16:30:00,0.18,0.18,0.18,0.18,100,0
2015-01-02,17:00:00,0.18,0.18,0.18,0.18,1000,0
2015-01-02,17:15:00,0.19,0.19,0.19,0.19,200,0
2015-01-02,17:40:00,0.19,0.19,0.19,0.19,100,0
2015-01-02,19:50:00,0.19,0.19,0.19,0.19,100,0
2015-01-02,20:50:00,0.18,0.18,0.18,0.18,570,0
2015-01-02,20:55:00,0.18,0.18,0.18,0.18,235,0
2015-01-02,21:05:00,0.18,0.18,0.18,0.18,100,0
2015-01-02,21:55:00,0.18,0.18,0.18,0.18,800,0
2015-01-02,22:00:00,0.18,0.18,0.18,0.18,6800,0
2015-01-05,15:35:00,0.18,0.18,0.18,0.18,2500,0
2015-01-05,16:10:00,0.18,0.18,0.18,0.18,200,0
2015-01-05,16:25:00,0.18,0.18,0.18,0.18,100,0
2015-01-05,16:30:00,0.18,0.18,0.18,0.18,1000,0
2015-01-05,17:00:00,0.18,0.18,0.18,0.18,200,0
2015-01-05,17:40:00,0.18,0.19,0.18,0.18,23635,0
2015-01-05,17:50:00,0.18,0.18,0.18,0.18,7670,0
2015-01-05,18:00:00,0.18,0.18,0.18,0.18,1300,0
2015-01-05,18:10:00,0.19,0.19,0.19,0.19,100,0
2015-01-05,19:35:00,0.19,0.19,0.19,0.19,2500,0
2015-01-05,20:35:00,0.19,0.19,0.18,0.19,400,0
2015-01-05,21:10:00,0.19,0.19,0.18,0.18,7200,0
2015-01-05,21:20:00,0.18,0.18,0.18,0.18,400,0
2015-01-05,21:35:00,0.19,0.19,0.19,0.19,100,0
2015-01-05,21:45:00,0.18,0.18,0.18,0.18,400,0
2015-01-05,21:55:00,0.18,0.19,0.18,0.19,700,0
2015-01-05,22:00:00,0.18,0.18,0.18,0.18,1500,0
2015-01-06,15:35:00,0.19,0.19,0.19,0.19,4000,0
2015-01-06,16:10:00,0.18,0.18,0.18,0.18,400,0
2015-01-06,16:55:00,0.18,0.18,0.18,0.18,200,0
2015-01-06,19:05:00,0.18,0.18,0.18,0.18,3200,0
2015-01-06,19:30:00,0.18,0.18,0.18,0.18,200,0
2015-01-06,19:45:00,0.19,0.19,0.18,0.19,3000,0
2015-01-06,19:55:00,0.18,0.19,0.18,0.19,200,0
2015-01-06,22:00:00,0.18,0.18,0.18,0.18,600,0
2015-01-07,16:10:00,0.18,0.18,0.18,0.18,100,0
2015-01-07,17:30:00,0.18,0.18,0.18,0.18,100,0
2015-01-07,18:10:00,0.18,0.18,0.18,0.18,200,0
2015-01-07,20:00:00,0.18,0.19,0.18,0.19,9600,0
2015-01-07,20:15:00,0.18,0.18,0.18,0.18,300,0
2015-01-07,20:25:00,0.18,0.18,0.18,0.18,200,0
2015-01-07,21:05:00,0.18,0.18,0.18,0.18,4986,0
2015-01-07,21:10:00,0.19,0.19,0.19,0.19,300,0
2015-01-07,21:15:00,0.19,0.19,0.18,0.18,19014,0
2015-01-07,21:25:00,0.18,0.18,0.18,0.18,500,0
2015-01-07,21:30:00,0.18,0.18,0.18,0.18,200,0
2015-01-07,21:35:00,0.18,0.18,0.18,0.18,300,0
2015-01-07,21:40:00,0.18,0.18,0.18,0.18,400,0
2015-01-07,21:45:00,0.18,0.18,0.18,0.18,100,0
2015-01-07,22:00:00,0.18,0.18,0.18,0.18,5040,0
2015-01-08,15:55:00,0.18,0.18,0.18,0.18,60000,0
2015-01-08,16:05:00,0.18,0.18,0.18,0.18,31493,0
2015-01-08,16:10:00,0.18,0.18,0.18,0.18,400,0
2015-01-08,16:40:00,0.18,0.18,0.18,0.18,6500,0
2015-01-08,16:45:00,0.18,0.18,0.18,0.18,200,0
2015-01-08,16:55:00,0.18,0.18,0.18,0.18,2900,0
2015-01-08,17:20:00,0.18,0.18,0.18,0.18,25400,0
2015-01-08,17:30:00,0.18,0.18,0.18,0.18,100,0
2015-01-08,18:10:00,0.18,0.18,0.18,0.18,3600,0
2015-01-08,19:20:00,0.18,0.18,0.18,0.18,100,0
2015-01-08,19:55:00,0.18,0.18,0.18,0.18,400,0
2015-01-08,20:20:00,0.18,0.18,0.18,0.18,100,0
2015-01-08,20:45:00,0.18,0.18,0.18,0.18,2690,0
2015-01-08,20:55:00,0.18,0.18,0.18,0.18,400,0
2015-01-08,21:00:00,0.18,0.18,0.18,0.18,500,0
2015-01-08,21:05:00,0.18,0.18,0.18,0.18,11300,0
2015-01-08,21:30:00,0.18,0.18,0.18,0.18,2000,0
2015-01-08,21:35:00,0.18,0.18,0.18,0.18,400,0
2015-01-08,21:40:00,0.18,0.18,0.18,0.18,300,0
2015-01-08,21:50:00,0.18,0.18,0.18,0.18,500,0
2015-01-08,22:00:00,0.17,0.17,0.17,0.17,14200,0
2015-01-09,15:45:00,0.18,0.18,0.18,0.18,2500,0
2015-01-09,15:55:00,0.18,0.18,0.18,0.18,1200,0
2015-01-09,16:10:00,0.19,0.19,0.18,0.18,1900,0
2015-01-09,17:30:00,0.18,0.18,0.18,0.18,10000,0
2015-01-09,17:45:00,0.19,0.19,0.19,0.19,100,0
2015-01-09,17:55:00,0.18,0.18,0.18,0.18,100,0
2015-01-09,18:15:00,0.18,0.18,0.18,0.18,100,0
2015-01-09,18:25:00,0.18,0.18,0.18,0.18,100,0
2015-01-09,18:30:00,0.18,0.18,0.18,0.18,100,0
2015-01-09,18:40:00,0.18,0.18,0.18,0.18,273,0
2015-01-09,19:00:00,0.18,0.18,0.18,0.18,300,0
2015-01-09,19:10:00,0.18,0.18,0.18,0.18,6600,0
2015-01-09,19:25:00,0.18,0.18,0.18,0.18,700,0
2015-01-09,19:30:00,0.18,0.18,0.18,0.18,900,0
2015-01-09,19:35:00,0.18,0.18,0.18,0.18,1100,0
2015-01-09,19:40:00,0.18,0.18,0.18,0.18,1300,0
2015-01-09,19:45:00,0.18,0.18,0.18,0.18,1200,0
2015-01-09,19:50:00,0.18,0.18,0.18,0.18,1200,0
2015-01-09,19:55:00,0.18,0.18,0.18,0.18,1600,0
2015-01-09,20:00:00,0.18,0.18,0.18,0.18,1100,0
2015-01-09,20:05:00,0.18,0.18,0.18,0.18,1200,0
2015-01-09,20:10:00,0.18,0.18,0.18,0.18,1400,0
2015-01-09,20:15:00,0.18,0.18,0.18,0.18,14500,0
2015-01-09,20:45:00,0.18,0.18,0.18,0.18,4900,0
2015-01-09,20:55:00,0.18,0.18,0.18,0.18,600,0
2015-01-09,21:00:00,0.18,0.18,0.18,0.18,1200,0
2015-01-09,21:05:00,0.18,0.18,0.18,0.18,1300,0
2015-01-09,21:10:00,0.18,0.18,0.18,0.18,1300,0
2015-01-09,21:15:00,0.18,0.18,0.18,0.18,1100,0
2015-01-09,21:20:00,0.18,0.18,0.18,0.18,1300,0
2015-01-09,21:25:00,0.18,0.18,0.18,0.18,1300,0
2015-01-09,21:30:00,0.18,0.18,0.18,0.18,1400,0
2015-01-09,21:35:00,0.18,0.18,0.18,0.18,2400,0
2015-01-09,21:40:00,0.17,0.18,0.17,0.18,1700,0
2015-01-09,21:45:00,0.18,0.18,0.18,0.18,2000,0
2015-01-09,21:50:00,0.18,0.18,0.18,0.18,1400,0
2015-01-09,21:55:00,0.18,0.18,0.18,0.18,1100,0
2015-01-09,22:00:00,0.18,0.18,0.18,0.18,1688,0
2015-01-12,15:40:00,0.18,0.18,0.18,0.18,5200,0
2015-01-12,15:45:00,0.18,0.18,0.18,0.18,5000,0
2015-01-12,15:50:00,0.18,0.19,0.18,0.19,50565,0
2015-01-12,16:15:00,0.18,0.18,0.18,0.18,1300,0
2015-01-12,16:20:00,0.18,0.18,0.18,0.18,11700,0
2015-01-12,16:25:00,0.18,0.18,0.18,0.18,650,0
2015-01-12,16:30:00,0.18,0.18,0.18,0.18,10400,0
2015-01-12,16:50:00,0.18,0.18,0.18,0.18,215,0
2015-01-12,17:10:00,0.18,0.19,0.18,0.19,5500,0
2015-01-12,17:35:00,0.18,0.18,0.18,0.18,5000,0
2015-01-12,18:30:00,0.19,0.19,0.19,0.19,9200,0
2015-01-12,18:45:00,0.19,0.19,0.19,0.19,400,0
2015-01-12,18:50:00,0.19,0.19,0.19,0.19,13994,0
2015-01-12,18:55:00,0.18,0.19,0.18,0.19,8100,0
2015-01-12,19:00:00,0.18,0.18,0.18,0.18,26427,0
2015-01-12,19:10:00,0.18,0.18,0.18,0.18,26302,0
2015-01-12,19:35:00,0.18,0.18,0.18,0.18,100,0
2015-01-12,19:45:00,0.18,0.19,0.18,0.19,10000,0
2015-01-12,20:15:00,0.18,0.18,0.18,0.18,600,0
2015-01-12,20:30:00,0.19,0.19,0.19,0.19,100,0
2015-01-12,21:15:00,0.18,0.18,0.18,0.18,200,0
2015-01-12,21:20:00,0.18,0.18,0.18,0.18,200,0
2015-01-12,21:25:00,0.18,0.18,0.18,0.18,1100,0
2015-01-12,21:30:00,0.18,0.18,0.18,0.18,400,0
2015-01-12,21:35:00,0.18,0.19,0.18,0.19,7500,0
2015-01-12,21:55:00,0.19,0.19,0.19,0.19,200,0
2015-01-12,22:00:00,0.19,0.19,0.18,0.19,900,0
2015-01-13,15:40:00,0.19,0.2,0.18,0.18,5300,0
2015-01-13,15:50:00,0.2,0.2,0.2,0.2,1000,0
2015-01-13,16:10:00,0.2,0.2,0.2,0.2,39647,0
2015-01-13,16:45:00,0.19,0.19,0.19,0.19,1000,0
2015-01-13,17:15:00,0.2,0.2,0.2,0.2,10000,0
2015-01-13,17:25:00,0.19,0.19,0.19,0.19,64508,0
2015-01-13,17:30:00,0.19,0.19,0.19,0.19,7500,0
2015-01-13,18:05:00,0.19,0.19,0.19,0.19,100,0
2015-01-13,19:15:00,0.19,0.19,0.19,0.19,5200,0
2015-01-13,19:20:00,0.19,0.19,0.19,0.19,5000,0
2015-01-13,19:35:00,0.19,0.19,0.19,0.19,5681,0
2015-01-13,19:45:00,0.19,0.19,0.19,0.19,9000,0
2015-01-13,21:05:00,0.19,0.19,0.19,0.19,9100,0
2015-01-13,21:20:00,0.19,0.19,0.19,0.19,200,0
2015-01-13,21:25:00,0.19,0.19,0.19,0.19,6300,0
2015-01-13,21:30:00,0.19,0.19,0.19,0.19,200,0
2015-01-13,21:35:00,0.19,0.2,0.19,0.2,300,0
2015-01-13,21:40:00,0.2,0.2,0.2,0.2,200,0
2015-01-13,21:45:00,0.2,0.2,0.2,0.2,500,0
2015-01-13,21:50:00,0.2,0.2,0.2,0.2,400,0
2015-01-13,21:55:00,0.2,0.2,0.2,0.2,2000,0
2015-01-13,22:00:00,0.2,0.2,0.2,0.2,600,0
2015-01-14,15:35:00,0.19,0.19,0.19,0.19,2500,0
2015-01-14,15:40:00,0.19,0.19,0.19,0.19,4700,0
2015-01-14,15:45:00,0.2,0.2,0.19,0.19,39388,0
2015-01-14,16:15:00,0.19,0.2,0.19,0.2,5800,0
2015-01-14,16:25:00,0.2,0.2,0.19,0.19,10200,0
2015-01-14,16:40:00,0.19,0.19,0.19,0.19,9200,0
2015-01-14,16:55:00,0.19,0.19,0.19,0.19,9950,0
2015-01-14,17:10:00,0.19,0.19,0.19,0.19,3562,0
2015-01-14,17:20:00,0.19,0.19,0.18,0.18,4686,0
2015-01-14,18:10:00,0.19,0.19,0.18,0.19,10300,0
2015-01-14,18:20:00,0.19,0.19,0.18,0.19,1200,0
2015-01-14,19:05:00,0.19,0.19,0.19,0.19,100,0
2015-01-14,19:55:00,0.19,0.19,0.19,0.19,3800,0
2015-01-14,20:00:00,0.19,0.19,0.19,0.19,100,0
2015-01-14,21:40:00,0.19,0.19,0.19,0.19,1400,0
2015-01-14,21:45:00,0.19,0.19,0.19,0.19,1300,0
2015-01-14,21:50:00,0.19,0.19,0.19,0.19,800,0
2015-01-14,21:55:00,0.19,0.19,0.19,0.19,900,0
2015-01-14,22:00:00,0.19,0.19,0.19,0.19,700,0
2015-01-15,15:40:00,0.19,0.19,0.19,0.19,200,0
2015-01-15,15:45:00,0.19,0.19,0.19,0.19,1500,0
2015-01-15,15:55:00,0.19,0.19,0.19,0.19,4500,0
2015-01-15,16:30:00,0.19,0.19,0.19,0.19,1378,0
2015-01-15,17:55:00,0.19,0.19,0.19,0.19,2000,0
2015-01-15,18:40:00,0.19,0.19,0.19,0.19,10099,0
2015-01-15,19:40:00,0.19,0.19,0.19,0.19,1200,0
2015-01-15,20:05:00,0.19,0.19,0.19,0.19,22211,0
2015-01-15,20:30:00,0.18,0.19,0.18,0.18,38800,0
2015-01-15,20:35:00,0.18,0.19,0.18,0.19,200,0
2015-01-15,21:05:00,0.18,0.19,0.18,0.18,1900,0
2015-01-15,21:15:00,0.19,0.19,0.19,0.19,100,0
2015-01-15,21:30:00,0.18,0.18,0.18,0.18,1400,0
2015-01-15,21:35:00,0.18,0.18,0.18,0.18,300,0
2015-01-15,21:40:00,0.18,0.18,0.18,0.18,1200,0
2015-01-15,21:45:00,0.18,0.19,0.18,0.19,1000,0
2015-01-15,21:50:00,0.18,0.18,0.18,0.18,600,0
2015-01-15,21:55:00,0.18,0.18,0.18,0.18,1300,0
2015-01-15,22:00:00,0.18,0.2,0.18,0.2,7312,0
2015-01-16,16:00:00,0.2,0.2,0.19,0.19,1500,0
2015-01-16,16:10:00,0.19,0.19,0.19,0.19,100,0
2015-01-16,17:05:00,0.19,0.2,0.19,0.19,5900,0
2015-01-16,18:55:00,0.2,0.2,0.2,0.2,1000,0
2015-01-16,19:55:00,0.2,0.2,0.19,0.19,7172,0
2015-01-16,21:20:00,0.19,0.19,0.19,0.19,200,0
2015-01-16,21:25:00,0.19,0.19,0.19,0.19,300,0
2015-01-16,21:30:00,0.19,0.19,0.19,0.19,400,0
2015-01-16,21:35:00,0.19,0.19,0.19,0.19,200,0
2015-01-16,21:40:00,0.19,0.19,0.19,0.19,100,0
2015-01-16,21:45:00,0.19,0.19,0.19,0.19,200,0
2015-01-16,21:50:00,0.19,0.19,0.19,0.19,400,0
2015-01-16,22:00:00,0.2,0.2,0.19,0.19,3988,0
2015-01-20,15:40:00,0.19,0.19,0.18,0.18,200,0
2015-01-20,16:05:00,0.19,0.19,0.19,0.19,300,0
2015-01-20,16:15:00,0.19,0.19,0.19,0.19,200,0
2015-01-20,16:35:00,0.19,0.19,0.19,0.19,1300,0
2015-01-20,17:00:00,0.19,0.19,0.19,0.19,2358,0
2015-01-20,17:30:00,0.2,0.2,0.2,0.2,100,0
2015-01-20,18:20:00,0.2,0.2,0.2,0.2,200,0
2015-01-20,19:15:00,0.2,0.2,0.2,0.2,6697,0
2015-01-20,20:15:00,0.2,0.2,0.2,0.2,219,0
2015-01-20,20:30:00,0.19,0.2,0.19,0.2,900,0
2015-01-20,20:40:00,0.2,0.2,0.2,0.2,100,0
2015-01-20,21:25:00,0.19,0.2,0.19,0.2,5100,0
2015-01-20,22:00:00,0.2,0.2,0.2,0.2,200,0
2015-01-21,15:55:00,0.21,0.22,0.21,0.21,36016,0
2015-01-21,16:15:00,0.21,0.21,0.21,0.21,100,0
2015-01-21,16:35:00,0.2,0.21,0.19,0.21,11400,0
2015-01-21,16:40:00,0.21,0.21,0.21,0.21,5000,0
2015-01-21,16:50:00,0.21,0.21,0.21,0.21,2000,0
2015-01-21,17:45:00,0.21,0.21,0.21,0.21,4900,0
2015-01-21,18:15:00,0.21,0.21,0.19,0.21,21000,0
2015-01-21,18:35:00,0.21,0.21,0.21,0.21,3243,0
2015-01-21,19:05:00,0.21,0.21,0.21,0.21,1000,0
2015-01-21,19:10:00,0.2,0.2,0.2,0.2,500,0
2015-01-21,19:25:00,0.21,0.21,0.21,0.21,2000,0
2015-01-21,19:55:00,0.21,0.21,0.2,0.2,450,0
2015-01-21,20:10:00,0.21,0.21,0.2,0.21,8047,0
2015-01-21,20:15:00,0.21,0.21,0.21,0.21,4300,0
2015-01-21,21:05:00,0.21,0.21,0.21,0.21,6400,0
2015-01-21,21:35:00,0.21,0.21,0.21,0.21,4686,0
2015-01-21,21:40:00,0.21,0.21,0.21,0.21,100,0
2015-01-21,21:50:00,0.21,0.21,0.21,0.21,100,0
2015-01-21,21:55:00,0.21,0.21,0.21,0.21,2200,0
2015-01-21,22:00:00,0.21,0.22,0.21,0.22,2344,0
2015-01-22,15:45:00,0.2,0.2,0.2,0.2,1100,0
2015-01-22,15:50:00,0.2,0.21,0.2,0.2,30800,0
2015-01-22,16:00:00,0.2,0.2,0.2,0.2,5100,0
2015-01-22,16:05:00,0.2,0.21,0.2,0.21,4900,0
2015-01-22,16:15:00,0.2,0.2,0.2,0.2,800,0
2015-01-22,17:05:00,0.2,0.2,0.2,0.2,2000,0
2015-01-22,17:30:00,0.2,0.2,0.2,0.2,200,0
2015-01-22,18:50:00,0.2,0.2,0.2,0.2,4000,0
2015-01-22,20:45:00,0.2,0.2,0.2,0.2,300,0
2015-01-22,20:50:00,0.2,0.2,0.2,0.2,100,0
2015-01-22,20:55:00,0.2,0.2,0.2,0.2,200,0
2015-01-22,21:00:00,0.2,0.2,0.2,0.2,100,0
2015-01-22,21:05:00,0.2,0.2,0.2,0.2,200,0
2015-01-22,21:15:00,0.2,0.2,0.2,0.2,100,0
2015-01-22,21:20:00,0.2,0.2,0.2,0.2,400,0
2015-01-22,21:25:00,0.2,0.2,0.2,0.2,300,0
2015-01-22,21:30:00,0.2,0.2,0.2,0.2,300,0
2015-01-22,21:35:00,0.2,0.2,0.2,0.2,300,0
2015-01-22,21:40:00,0.2,0.2,0.2,0.2,300,0
2015-01-22,21:45:00,0.2,0.2,0.2,0.2,200,0
2015-01-22,21:50:00,0.2,0.2,0.2,0.2,200,0
2015-01-22,21:55:00,0.2,0.2,0.2,0.2,1100,0
2015-01-23,15:40:00,0.2,0.2,0.2,0.2,365,0
2015-01-23,15:45:00,0.2,0.2,0.2,0.2,1000,0
2015-01-23,17:15:00,0.2,0.2,0.2,0.2,15029,0
2015-01-23,17:55:00,0.2,0.2,0.2,0.2,556,0
2015-01-23,18:25:00,0.2,0.2,0.2,0.2,100,0
2015-01-23,20:05:00,0.2,0.2,0.2,0.2,450,0
2015-01-23,21:10:00,0.2,0.2,0.2,0.2,200,0
2015-01-23,21:15:00,0.2,0.2,0.2,0.2,200,0
2015-01-23,21:20:00,0.2,0.2,0.2,0.2,100,0
2015-01-23,21:30:00,0.2,0.2,0.2,0.2,100,0
2015-01-23,21:35:00,0.2,0.2,0.2,0.2,200,0
2015-01-23,21:40:00,0.2,0.2,0.2,0.2,200,0
2015-01-23,21:50:00,0.2,0.2,0.19,0.19,390,0
2015-01-23,21:55:00,0.19,0.19,0.19,0.19,500,0
2015-01-23,22:00:00,0.19,0.19,0.19,0.19,1700,0
2015-01-26,16:10:00,0.18,0.19,0.18,0.19,64500,0
2015-01-26,16:35:00,0.19,0.19,0.19,0.19,2600,0
2015-01-26,16:55:00,0.18,0.18,0.18,0.18,1700,0
2015-01-26,17:25:00,0.19,0.19,0.18,0.18,3665,0
2015-01-26,17:30:00,0.18,0.18,0.18,0.18,14000,0
2015-01-26,17:45:00,0.18,0.18,0.18,0.18,11300,0
2015-01-26,17:50:00,0.18,0.18,0.18,0.18,42300,0
2015-01-26,18:35:00,0.18,0.18,0.18,0.18,1000,0
2015-01-26,18:55:00,0.18,0.18,0.18,0.18,100,0
2015-01-26,19:15:00,0.18,0.18,0.18,0.18,600,0
2015-01-26,19:40:00,0.18,0.18,0.18,0.18,100,0
2015-01-26,20:10:00,0.17,0.17,0.17,0.17,3720,0
2015-01-26,21:20:00,0.18,0.18,0.18,0.18,100,0
2015-01-26,21:35:00,0.18,0.18,0.18,0.18,3000,0
2015-01-26,21:45:00,0.18,0.18,0.18,0.18,1144,0
2015-01-26,21:50:00,0.17,0.17,0.17,0.17,600,0
2015-01-26,22:00:00,0.17,0.18,0.17,0.18,1622,0
2015-01-27,15:50:00,0.18,0.18,0.18,0.18,5300,0
2015-01-27,16:00:00,0.18,0.18,0.18,0.18,100,0
2015-01-27,17:25:00,0.18,0.18,0.18,0.18,9400,0
2015-01-27,18:20:00,0.18,0.18,0.18,0.18,20000,0
2015-01-27,18:25:00,0.17,0.18,0.17,0.18,1956,0
2015-01-27,20:40:00,0.18,0.18,0.17,0.18,13609,0
2015-01-27,20:45:00,0.18,0.18,0.18,0.18,1500,0
2015-01-27,21:05:00,0.18,0.18,0.18,0.18,100,0
2015-01-27,22:00:00,0.19,0.19,0.19,0.19,1500,0
2015-01-28,15:40:00,0.18,0.18,0.18,0.18,100,0
2015-01-28,15:45:00,0.18,0.18,0.18,0.18,200,0
2015-01-28,16:00:00,0.18,0.18,0.18,0.18,100,0
2015-01-28,16:35:00,0.19,0.19,0.19,0.19,468,0
2015-01-28,18:25:00,0.19,0.19,0.19,0.19,100,0
2015-01-28,18:50:00,0.18,0.18,0.18,0.18,1450,0
2015-01-28,19:05:00,0.19,0.19,0.19,0.19,100,0
2015-01-28,19:55:00,0.19,0.19,0.19,0.19,100,0
2015-01-28,20:15:00,0.18,0.18,0.18,0.18,1800,0
2015-01-28,20:20:00,0.18,0.18,0.18,0.18,3500,0
2015-01-28,20:25:00,0.18,0.18,0.18,0.18,1000,0
2015-01-28,20:30:00,0.19,0.19,0.19,0.19,200,0
2015-01-28,20:40:00,0.19,0.19,0.19,0.19,100,0
2015-01-28,20:55:00,0.18,0.18,0.18,0.18,1000,0
2015-01-28,21:15:00,0.18,0.18,0.18,0.18,100,0
2015-01-28,21:30:00,0.19,0.19,0.19,0.19,6850,0
2015-01-28,21:50:00,0.19,0.19,0.19,0.19,3000,0
2015-01-28,22:00:00,0.18,0.18,0.18,0.18,168,0
2015-01-29,15:40:00,0.19,0.19,0.19,0.19,400,0
2015-01-29,16:10:00,0.18,0.18,0.18,0.18,500,0
2015-01-29,16:55:00,0.18,0.18,0.18,0.18,1200,0
2015-01-29,19:35:00,0.18,0.18,0.18,0.18,100,0
2015-01-29,22:00:00,0.18,0.18,0.18,0.18,1000,0
2015-01-30,16:55:00,0.18,0.19,0.18,0.19,2400,0
2015-01-30,17:10:00,0.19,0.19,0.19,0.19,100,0
2015-01-30,17:25:00,0.18,0.18,0.18,0.18,4508,0
2015-01-30,18:05:00,0.19,0.19,0.19,0.19,40000,0
2015-01-30,18:15:00,0.19,0.19,0.19,0.19,700,0
2015-01-30,18:55:00,0.19,0.19,0.19,0.19,100,0
2015-01-30,19:35:00,0.19,0.19,0.19,0.19,100,0
2015-01-30,20:45:00,0.18,0.18,0.18,0.18,500,0
2015-01-30,21:05:00,0.19,0.19,0.19,0.19,200,0
2015-01-30,21:50:00,0.19,0.19,0.19,0.19,3300,0
2015-01-30,21:55:00,0.18,0.19,0.18,0.19,2782,0
2015-01-30,22:00:00,0.19,0.19,0.19,0.19,3300,0
2015-02-02,17:45:00,0.19,0.19,0.19,0.19,1000,0
2015-02-02,18:20:00,0.19,0.19,0.19,0.19,12000,0
2015-02-02,18:25:00,0.19,0.19,0.19,0.19,4100,0
2015-02-02,20:30:00,0.19,0.19,0.19,0.19,100,0
2015-02-02,22:00:00,0.19,0.19,0.19,0.19,11825,0
2015-02-03,18:15:00,0.18,0.18,0.18,0.18,2000,0
2015-02-03,18:25:00,0.18,0.18,0.18,0.18,500,0
2015-02-03,19:05:00,0.18,0.18,0.18,0.18,600,0
2015-02-03,20:00:00,0.18,0.18,0.18,0.18,400,0
2015-02-03,20:05:00,0.18,0.18,0.17,0.17,10922,0
2015-02-03,20:25:00,0.17,0.17,0.17,0.17,3400,0
2015-02-03,20:40:00,0.18,0.18,0.18,0.18,100,0
2015-02-04,15:45:00,0.18,0.18,0.18,0.18,2500,0
2015-02-04,16:00:00,0.18,0.18,0.18,0.18,30000,0
2015-02-04,16:40:00,0.19,0.19,0.19,0.19,200,0
2015-02-04,17:15:00,0.19,0.19,0.19,0.19,2875,0
2015-02-04,17:45:00,0.19,0.19,0.19,0.19,5000,0
2015-02-04,18:40:00,0.19,0.19,0.19,0.19,106,0
2015-02-04,19:10:00,0.19,0.19,0.19,0.19,100,0
2015-02-04,19:15:00,0.19,0.19,0.19,0.19,2500,0
2015-02-04,20:15:00,0.19,0.19,0.19,0.19,4700,0
2015-02-04,20:20:00,0.19,0.19,0.19,0.19,100,0
2015-02-04,21:05:00,0.19,0.19,0.19,0.19,1400,0
2015-02-04,21:15:00,0.19,0.19,0.19,0.19,10000,0
2015-02-04,22:00:00,0.19,0.19,0.19,0.19,3600,0
2015-02-05,15:50:00,0.17,0.17,0.17,0.17,500,0
2015-02-05,16:20:00,0.17,0.18,0.17,0.18,27643,0
2015-02-05,16:40:00,0.18,0.18,0.18,0.18,12157,0
2015-02-05,17:05:00,0.18,0.18,0.18,0.18,1500,0
2015-02-05,17:15:00,0.17,0.17,0.17,0.17,3800,0
2015-02-05,17:20:00,0.18,0.18,0.18,0.18,4500,0
2015-02-05,17:30:00,0.18,0.18,0.18,0.18,2000,0
2015-02-05,17:35:00,0.18,0.18,0.18,0.18,100,0
2015-02-05,17:40:00,0.18,0.18,0.18,0.18,700,0
2015-02-05,18:05:00,0.18,0.18,0.18,0.18,267,0
2015-02-05,18:15:00,0.18,0.18,0.18,0.18,1000,0
2015-02-05,19:10:00,0.17,0.17,0.17,0.17,500,0
2015-02-05,20:10:00,0.17,0.18,0.17,0.18,7276,0
2015-02-05,20:30:00,0.18,0.18,0.18,0.18,5000,0
2015-02-05,21:00:00,0.18,0.18,0.18,0.18,100,0
2015-02-05,21:10:00,0.18,0.18,0.18,0.18,10000,0
2015-02-05,21:40:00,0.18,0.18,0.18,0.18,5565,0
2015-02-05,22:00:00,0.18,0.18,0.18,0.18,400,0
2015-02-06,15:50:00,0.17,0.19,0.17,0.19,51300,0
2015-02-06,16:05:00,0.19,0.19,0.19,0.19,9100,0
2015-02-06,16:15:00,0.19,0.19,0.19,0.19,200,0
2015-02-06,16:30:00,0.19,0.19,0.19,0.19,40275,0
2015-02-06,16:50:00,0.19,0.19,0.19,0.19,700,0
2015-02-06,17:10:00,0.19,0.19,0.19,0.19,2110,0
2015-02-06,17:25:00,0.19,0.19,0.19,0.19,500,0
2015-02-06,17:30:00,0.19,0.19,0.19,0.19,10000,0
2015-02-06,17:35:00,0.19,0.19,0.19,0.19,100,0
2015-02-06,17:50:00,0.19,0.19,0.19,0.19,1000,0
2015-02-06,18:00:00,0.19,0.19,0.19,0.19,100,0
2015-02-06,19:10:00,0.19,0.19,0.19,0.19,3996,0
2015-02-06,19:45:00,0.19,0.19,0.19,0.19,100,0
2015-02-06,20:55:00,0.18,0.18,0.18,0.18,100,0
2015-02-06,21:20:00,0.18,0.18,0.18,0.18,8000,0
2015-02-06,22:00:00,0.18,0.18,0.18,0.18,200,0
2015-02-09,15:35:00,0.17,0.17,0.15,0.16,11600,0
2015-02-09,15:40:00,0.16,0.16,0.16,0.16,200,0
2015-02-09,15:45:00,0.17,0.17,0.17,0.17,300,0
2015-02-09,15:50:00,0.18,0.18,0.18,0.18,100,0
2015-02-09,16:35:00,0.17,0.17,0.17,0.17,100,0
2015-02-09,16:40:00,0.18,0.18,0.17,0.17,5100,0
2015-02-09,16:50:00,0.18,0.18,0.18,0.18,100,0
2015-02-09,17:05:00,0.17,0.17,0.17,0.17,1463,0
2015-02-09,17:15:00,0.18,0.18,0.18,0.18,1500,0
2015-02-09,18:15:00,0.18,0.18,0.18,0.18,100,0
2015-02-09,18:35:00,0.18,0.18,0.18,0.18,500,0
2015-02-09,19:10:00,0.18,0.18,0.18,0.18,2000,0
2015-02-09,19:40:00,0.18,0.18,0.18,0.18,7518,0
2015-02-09,19:55:00,0.18,0.18,0.18,0.18,1100,0
2015-02-09,20:10:00,0.18,0.18,0.18,0.18,300,0
2015-02-09,20:50:00,0.18,0.18,0.18,0.18,900,0
2015-02-09,20:55:00,0.18,0.18,0.18,0.18,400,0
2015-02-09,21:00:00,0.18,0.18,0.18,0.18,900,0
2015-02-09,21:05:00,0.18,0.18,0.18,0.18,300,0
2015-02-09,21:10:00,0.18,0.18,0.18,0.18,100,0
2015-02-09,21:25:00,0.18,0.18,0.18,0.18,100,0
2015-02-09,21:30:00,0.18,0.18,0.18,0.18,300,0
2015-02-09,21:35:00,0.18,0.18,0.18,0.18,300,0
2015-02-09,21:40:00,0.18,0.18,0.18,0.18,200,0
2015-02-09,21:45:00,0.18,0.18,0.18,0.18,300,0
2015-02-09,21:50:00,0.18,0.18,0.18,0.18,300,0
2015-02-09,21:55:00,0.18,0.18,0.18,0.18,800,0
2015-02-10,17:10:00,0.17,0.17,0.17,0.17,1600,0
2015-02-10,17:30:00,0.18,0.18,0.18,0.18,600,0
2015-02-10,17:40:00,0.19,0.19,0.19,0.19,400,0
2015-02-10,17:55:00,0.2,0.2,0.19,0.19,28100,0
2015-02-10,19:25:00,0.2,0.2,0.2,0.2,100,0
2015-02-10,19:30:00,0.19,0.2,0.19,0.19,500,0
2015-02-10,20:50:00,0.19,0.19,0.19,0.19,100,0
2015-02-10,21:20:00,0.19,0.19,0.19,0.19,1000,0
2015-02-10,21:35:00,0.19,0.19,0.19,0.19,2000,0
2015-02-11,15:45:00,0.18,0.18,0.18,0.18,500,0
2015-02-11,16:40:00,0.19,0.19,0.19,0.19,100,0
2015-02-11,16:45:00,0.19,0.19,0.19,0.19,1000,0
2015-02-11,17:00:00,0.18,0.18,0.18,0.18,200,0
2015-02-11,17:05:00,0.18,0.18,0.18,0.18,2000,0
2015-02-11,19:05:00,0.18,0.18,0.18,0.18,4000,0
2015-02-11,19:25:00,0.19,0.19,0.19,0.19,300,0
2015-02-11,20:10:00,0.18,0.18,0.18,0.18,200,0
2015-02-11,20:15:00,0.18,0.18,0.17,0.18,14703,0
2015-02-11,20:35:00,0.17,0.17,0.17,0.17,200,0
2015-02-11,20:45:00,0.19,0.19,0.19,0.19,100,0
2015-02-11,21:40:00,0.18,0.18,0.17,0.17,55859,0
2015-02-11,21:55:00,0.17,0.17,0.17,0.17,41267,0
2015-02-11,22:00:00,0.18,0.19,0.18,0.19,1000,0
2015-02-12,15:50:00,0.18,0.18,0.18,0.18,45000,0
2015-02-12,16:15:00,0.19,0.19,0.19,0.19,480,0
2015-02-12,16:35:00,0.19,0.19,0.19,0.19,800,0
2015-02-12,17:00:00,0.19,0.19,0.19,0.19,55000,0
2015-02-12,17:20:00,0.19,0.19,0.19,0.19,3610,0
2015-02-12,18:00:00,0.19,0.19,0.19,0.19,100,0
2015-02-12,18:05:00,0.19,0.19,0.18,0.18,52600,0
2015-02-12,19:40:00,0.19,0.19,0.19,0.19,100,0
2015-02-12,20:45:00,0.19,0.19,0.19,0.19,370,0
2015-02-12,21:30:00,0.19,0.19,0.19,0.19,290,0
2015-02-12,21:45:00,0.19,0.19,0.19,0.19,4100,0
2015-02-13,17:00:00,0.18,0.18,0.18,0.18,2100,0
2015-02-13,17:50:00,0.19,0.19,0.19,0.19,100,0
2015-02-13,18:00:00,0.19,0.19,0.19,0.19,500,0
2015-02-13,18:10:00,0.18,0.18,0.18,0.18,100,0
2015-02-13,18:50:00,0.19,0.19,0.19,0.19,100,0
2015-02-13,19:05:00,0.19,0.19,0.19,0.19,100,0
2015-02-13,20:00:00,0.18,0.19,0.18,0.18,3000,0
2015-02-13,20:10:00,0.19,0.19,0.19,0.19,300,0
2015-02-13,20:55:00,0.18,0.18,0.18,0.18,2492,0
2015-02-13,21:40:00,0.19,0.19,0.18,0.18,400,0
2015-02-13,22:00:00,0.19,0.19,0.19,0.19,1000,0
2015-02-17,15:35:00,0.19,0.19,0.19,0.19,500,0
2015-02-17,16:35:00,0.18,0.18,0.18,0.18,3000,0
2015-02-17,18:00:00,0.19,0.19,0.19,0.19,100,0
2015-02-17,18:05:00,0.18,0.18,0.18,0.18,3420,0
2015-02-17,19:40:00,0.18,0.18,0.18,0.18,2500,0
2015-02-17,20:45:00,0.19,0.19,0.19,0.19,100,0
2015-02-17,22:00:00,0.19,0.19,0.19,0.19,200,0
2015-02-18,15:35:00,0.19,0.19,0.19,0.19,3000,0
2015-02-18,15:50:00,0.18,0.18,0.18,0.18,500,0
2015-02-18,20:00:00,0.18,0.18,0.18,0.18,700,0
2015-02-18,21:25:00,0.19,0.19,0.19,0.19,100,0
2015-02-18,21:40:00,0.19,0.19,0.19,0.19,600,0
2015-02-18,22:00:00,0.19,0.19,0.19,0.19,1400,0
2015-02-19,15:35:00,0.18,0.18,0.18,0.18,600,0
2015-02-19,16:10:00,0.18,0.18,0.18,0.18,800,0
2015-02-19,17:40:00,0.18,0.18,0.18,0.18,200,0
2015-02-19,18:10:00,0.19,0.19,0.19,0.19,100,0
2015-02-19,18:40:00,0.18,0.18,0.18,0.18,1000,0
2015-02-19,20:30:00,0.18,0.19,0.18,0.19,20800,0
2015-02-19,21:15:00,0.19,0.19,0.19,0.19,100,0
2015-02-19,21:20:00,0.18,0.18,0.18,0.18,500,0
2015-02-19,21:40:00,0.18,0.18,0.18,0.18,800,0
2015-02-19,21:45:00,0.18,0.18,0.18,0.18,900,0
2015-02-19,22:00:00,0.18,0.18,0.17,0.17,7653,0
2015-02-20,15:35:00,0.18,0.18,0.18,0.18,2400,0
2015-02-20,15:40:00,0.19,0.19,0.18,0.18,2406,0
2015-02-20,17:15:00,0.19,0.19,0.19,0.19,100,0
2015-02-20,17:20:00,0.18,0.18,0.18,0.18,6750,0
2015-02-20,17:40:00,0.18,0.19,0.18,0.19,24700,0
2015-02-20,17:45:00,0.18,0.19,0.18,0.19,1300,0
2015-02-20,18:45:00,0.18,0.18,0.18,0.18,8100,0
2015-02-20,21:00:00,0.18,0.18,0.18,0.18,400,0
2015-02-20,21:15:00,0.18,0.18,0.18,0.18,8602,0
2015-02-20,21:20:00,0.18,0.18,0.18,0.18,122,0
2015-02-20,21:55:00,0.18,0.18,0.18,0.18,5560,0
2015-02-20,22:00:00,0.18,0.18,0.18,0.18,1300,0
2015-02-23,15:45:00,0.18,0.18,0.18,0.18,20400,0
2015-02-23,16:00:00,0.18,0.18,0.18,0.18,39787,0
2015-02-23,16:25:00,0.18,0.18,0.18,0.18,500,0
2015-02-23,16:35:00,0.18,0.18,0.18,0.18,400,0
2015-02-23,16:55:00,0.18,0.18,0.18,0.18,100,0
2015-02-23,17:20:00,0.18,0.18,0.18,0.18,100,0
2015-02-23,17:40:00,0.18,0.18,0.18,0.18,6200,0
2015-02-23,17:50:00,0.18,0.18,0.18,0.18,4966,0
2015-02-23,18:00:00,0.18,0.18,0.18,0.18,360,0
2015-02-23,18:05:00,0.18,0.18,0.18,0.18,222,0
2015-02-23,18:10:00,0.18,0.18,0.18,0.18,300,0
2015-02-23,18:15:00,0.18,0.18,0.18,0.18,3600,0
2015-02-23,18:35:00,0.18,0.18,0.18,0.18,200,0
2015-02-23,20:45:00,0.18,0.18,0.18,0.18,1617,0
2015-02-23,20:55:00,0.18,0.18,0.18,0.18,100,0
2015-02-23,21:05:00,0.18,0.18,0.18,0.18,500,0
2015-02-23,21:35:00,0.18,0.18,0.18,0.18,2500,0
2015-02-23,21:50:00,0.18,0.18,0.18,0.18,400,0
2015-02-23,22:00:00,0.18,0.18,0.18,0.18,2040,0
