Date,Time,Open,High,Low,Close,Volume,OpenInt
2014-07-01,20:35:00,25.88,25.88,25.88,25.88,106,0
2014-07-01,20:40:00,25.878,25.878,25.878,25.878,212,0
2014-07-01,21:05:00,25.878,25.878,25.878,25.878,106,0
2014-07-01,21:10:00,25.595,25.878,25.595,25.878,1434,0
2014-07-01,21:25:00,25.878,25.878,25.878,25.878,424,0
2014-07-02,18:55:00,25.577,25.577,25.577,25.577,304,0
2014-07-02,19:10:00,25.548,25.878,25.548,25.878,424,0
2014-07-02,19:20:00,25.577,25.577,25.577,25.577,106,0
2014-07-02,19:35:00,25.878,25.878,25.849,25.859,318,0
2014-07-02,20:55:00,25.784,25.784,25.784,25.784,456,0
2014-07-02,21:35:00,25.878,26.263,25.878,26.263,212,0
2014-07-02,22:00:00,26.263,26.263,26.263,26.263,106,0
2014-07-03,15:35:00,26.602,26.602,26.602,26.602,1063,0
2014-07-03,16:40:00,26.442,26.442,26.442,26.442,424,0
2014-07-03,18:40:00,26.612,26.612,26.612,26.612,106,0
2014-07-03,18:45:00,26.63,26.63,26.602,26.602,638,0
2014-07-03,19:05:00,26.602,26.602,26.602,26.602,106,0
2014-07-07,15:55:00,26.536,26.536,26.536,26.536,106,0
2014-07-07,16:35:00,26.348,26.348,26.348,26.348,106,0
2014-07-07,16:55:00,26.254,26.254,26.207,26.207,638,0
2014-07-07,17:00:00,26.207,26.207,26.207,26.207,424,0
2014-07-07,17:25:00,26.348,26.348,26.348,26.348,1594,0
2014-07-07,20:50:00,26.348,26.348,26.348,26.348,1063,0
2014-07-07,20:55:00,26.216,26.216,26.216,26.216,1275,0
2014-07-08,16:00:00,25.925,25.925,25.925,25.925,212,0
2014-07-08,16:25:00,26.179,26.179,26.179,26.179,106,0
2014-07-08,17:05:00,26.113,26.113,26.113,26.113,445,0
2014-07-08,19:50:00,26.113,26.169,26.113,26.122,531,0
2014-07-08,22:00:00,26.122,26.122,26.122,26.122,106,0
2014-07-09,15:35:00,25.953,25.953,25.953,25.953,417,0
2014-07-09,21:20:00,26.301,26.301,26.301,26.301,638,0
2014-07-10,20:20:00,26.067,26.067,26.067,26.067,2090,0
2014-07-10,22:00:00,26.067,26.067,26.067,26.067,424,0
2014-07-11,16:00:00,26.067,26.067,26.067,26.067,531,0
2014-07-11,16:30:00,25.886,25.886,25.886,25.886,314,0
2014-07-11,19:35:00,25.896,25.896,25.896,25.896,1488,0
2014-07-11,22:00:00,25.896,25.896,25.896,25.896,744,0
2014-07-14,15:35:00,26.067,26.067,26.067,26.067,235,0
2014-07-14,18:00:00,25.896,25.896,25.896,25.896,212,0
2014-07-14,18:05:00,25.878,25.878,25.878,25.878,159,0
2014-07-14,18:15:00,25.878,25.878,25.878,25.878,1063,0
2014-07-14,20:55:00,25.689,25.689,25.689,25.689,638,0
2014-07-14,22:00:00,25.689,25.689,25.689,25.689,212,0
2014-07-15,15:35:00,25.577,25.577,25.577,25.577,995,0
2014-07-15,18:10:00,25.661,25.745,25.661,25.745,531,0
2014-07-15,20:00:00,25.661,25.681,25.661,25.681,229,0
2014-07-15,20:30:00,25.878,25.878,25.878,25.878,159,0
2014-07-15,21:20:00,25.839,25.839,25.839,25.839,696,0
2014-07-15,22:00:00,25.839,25.839,25.839,25.839,233,0
2014-07-16,15:45:00,25.869,25.869,25.869,25.869,1913,0
2014-07-16,15:55:00,25.859,25.859,25.859,25.859,212,0
2014-07-16,16:20:00,25.831,25.831,25.831,25.831,223,0
2014-07-16,16:25:00,25.642,25.642,25.595,25.595,3028,0
2014-07-16,17:25:00,25.708,25.708,25.708,25.708,224,0
2014-07-16,22:00:00,25.708,25.708,25.708,25.708,112,0
2014-07-17,15:35:00,25.463,25.463,25.463,25.463,212,0
2014-07-17,17:25:00,25.802,25.802,25.802,25.802,851,0
2014-07-17,19:15:00,25.831,25.831,25.831,25.831,388,0
2014-07-17,21:40:00,25.567,25.604,25.548,25.604,1428,0
2014-07-17,22:00:00,25.604,25.604,25.604,25.604,212,0
2014-07-18,15:45:00,25.51,25.51,25.51,25.51,238,0
2014-07-18,18:30:00,25.463,25.463,25.463,25.463,818,0
2014-07-21,17:40:00,25.454,25.454,25.454,25.454,1048,0
2014-07-21,18:45:00,25.463,25.463,24.947,25.454,1592,0
2014-07-21,20:20:00,25.473,25.473,25.473,25.473,605,0
2014-07-21,20:55:00,25.483,25.51,25.436,25.436,326,0
2014-07-21,21:05:00,25.775,25.775,25.775,25.775,1063,0
2014-07-21,22:00:00,25.775,25.775,25.775,25.775,1063,0
2014-07-22,17:10:00,25.492,25.501,25.492,25.501,212,0
2014-07-22,20:35:00,25.52,25.52,25.52,25.52,603,0
2014-07-22,21:00:00,25.52,25.52,25.52,25.52,424,0
2014-07-22,21:05:00,25.52,25.52,25.52,25.52,638,0
2014-07-22,21:15:00,25.52,25.52,25.52,25.52,212,0
2014-07-22,21:25:00,25.52,25.52,25.51,25.51,1806,0
2014-07-22,22:00:00,25.51,25.51,25.51,25.51,851,0
2014-07-23,16:05:00,25.444,25.444,25.444,25.444,106,0
2014-07-23,16:30:00,25.737,25.737,25.737,25.737,531,0
2014-07-23,17:45:00,25.784,25.784,25.784,25.784,531,0
2014-07-23,21:35:00,25.587,25.587,25.587,25.587,467,0
2014-07-23,22:00:00,25.587,25.587,25.587,25.587,467,0
2014-07-24,15:45:00,25.765,25.775,25.765,25.775,851,0
2014-07-24,17:30:00,25.614,25.614,25.614,25.614,1004,0
2014-07-24,18:55:00,25.52,25.54,25.436,25.52,2923,0
2014-07-24,19:05:00,25.52,25.52,25.52,25.52,212,0
2014-07-24,19:30:00,25.52,25.52,25.52,25.52,106,0
2014-07-24,19:40:00,25.501,25.501,25.501,25.501,106,0
2014-07-24,19:45:00,25.501,25.501,25.501,25.501,1223,0
2014-07-25,15:45:00,25.548,25.548,25.548,25.548,212,0
2014-07-25,16:00:00,25.548,25.548,25.548,25.548,106,0
2014-07-25,16:05:00,25.501,25.501,25.501,25.501,212,0
2014-07-25,17:30:00,25.595,25.595,25.595,25.595,957,0
2014-07-25,19:05:00,25.595,25.595,25.595,25.595,106,0
2014-07-25,20:20:00,25.53,25.53,25.53,25.53,303,0
2014-07-25,21:05:00,25.775,25.775,25.775,25.775,893,0
2014-07-25,21:50:00,25.53,25.53,25.52,25.52,225,0
2014-07-25,22:00:00,25.52,25.52,25.52,25.52,119,0
2014-07-28,16:05:00,25.52,25.52,25.52,25.52,318,0
2014-07-28,18:35:00,25.737,25.737,25.737,25.737,212,0
2014-07-28,20:00:00,25.728,25.728,25.728,25.728,199,0
2014-07-28,20:20:00,25.689,25.689,25.689,25.689,531,0
2014-07-28,21:05:00,25.52,25.52,25.51,25.51,494,0
2014-07-28,21:30:00,25.689,25.689,25.689,25.689,649,0
2014-07-28,22:00:00,25.689,25.689,25.689,25.689,106,0
2014-07-29,16:10:00,25.718,25.718,25.718,25.718,318,0
2014-07-29,17:50:00,25.671,25.737,25.671,25.728,2869,0
2014-07-29,20:10:00,25.728,25.737,25.728,25.737,265,0
2014-07-29,20:40:00,25.661,25.661,25.661,25.661,106,0
2014-07-29,21:25:00,25.689,25.689,25.689,25.689,318,0
2014-07-29,21:50:00,25.728,25.728,25.728,25.728,2125,0
2014-07-29,22:00:00,25.728,25.728,25.728,25.728,212,0
2014-07-30,18:55:00,25.745,25.745,25.745,25.745,212,0
2014-07-30,21:50:00,25.728,25.728,25.718,25.718,531,0
2014-07-30,22:00:00,25.755,25.755,25.718,25.728,744,0
2014-07-31,15:40:00,25.755,25.755,25.755,25.755,531,0
2014-07-31,18:15:00,25.614,25.614,25.614,25.614,1274,0
2014-07-31,19:25:00,25.651,25.651,25.651,25.651,134,0
2014-07-31,21:00:00,25.728,25.728,25.728,25.728,382,0
2014-07-31,21:25:00,25.587,25.587,25.587,25.587,424,0
2014-07-31,21:45:00,25.755,25.755,25.755,25.755,232,0
2014-07-31,22:00:00,25.577,25.577,25.577,25.577,159,0
2014-08-01,15:40:00,25.745,25.745,25.745,25.745,212,0
2014-08-01,16:25:00,25.737,25.784,25.737,25.784,956,0
2014-08-01,18:10:00,25.878,25.878,25.878,25.878,424,0
2014-08-01,18:15:00,25.878,25.896,25.878,25.878,883,0
2014-08-01,19:15:00,26.047,26.047,26.047,26.047,168,0
2014-08-01,21:30:00,26.02,26.02,26.02,26.02,106,0
2014-08-01,22:00:00,26.067,26.067,26.067,26.067,733,0
2014-08-04,16:05:00,26.067,26.067,26.067,26.067,424,0
2014-08-04,17:25:00,26.067,26.348,26.067,26.348,7519,0
2014-08-04,20:35:00,26.16,26.16,26.16,26.16,744,0
2014-08-04,21:55:00,26.075,26.075,26.075,26.075,292,0
2014-08-05,15:45:00,26.094,26.094,26.075,26.075,850,0
2014-08-05,18:55:00,25.878,25.878,25.689,25.689,1062,0
2014-08-05,19:35:00,26.067,26.067,26.067,26.067,159,0
2014-08-05,19:45:00,25.878,25.878,25.878,25.878,235,0
2014-08-05,20:35:00,25.953,25.953,25.953,25.953,157,0
2014-08-05,21:00:00,26.16,26.16,26.16,26.16,212,0
2014-08-05,21:45:00,26.188,26.188,26.188,26.188,365,0
2014-08-05,21:50:00,26.188,26.188,26.188,26.188,531,0
2014-08-05,21:55:00,26.188,26.188,26.188,26.188,638,0
2014-08-06,15:50:00,25.953,25.953,25.953,25.953,441,0
2014-08-06,16:15:00,26.16,26.16,26.16,26.16,638,0
2014-08-06,16:25:00,26.16,26.16,26.16,26.16,854,0
2014-08-06,18:50:00,26.16,26.16,26.16,26.16,318,0
2014-08-06,19:05:00,26.113,26.113,26.113,26.113,134,0
2014-08-06,19:30:00,26.113,26.113,26.113,26.113,638,0
2014-08-06,19:35:00,26.16,26.16,26.16,26.16,212,0
2014-08-06,21:05:00,26.067,26.067,26.067,26.067,531,0
2014-08-06,21:20:00,26.028,26.028,26.028,26.028,382,0
2014-08-06,21:55:00,26.084,26.16,26.084,26.16,638,0
2014-08-06,22:00:00,26.16,26.16,26.113,26.113,318,0
2014-08-07,15:40:00,26.663,26.663,26.653,26.653,1666,0
2014-08-07,16:00:00,26.653,26.653,26.653,26.653,321,0
2014-08-07,16:55:00,26.557,26.557,26.557,26.557,425,0
2014-08-07,17:05:00,26.509,26.509,26.509,26.509,208,0
2014-08-07,17:10:00,26.509,26.509,26.461,26.461,1937,0
2014-08-07,19:25:00,26.461,26.548,26.461,26.548,687,0
2014-08-07,19:30:00,26.557,26.557,26.557,26.557,208,0
2014-08-07,19:45:00,26.557,26.557,26.557,26.557,260,0
2014-08-07,20:05:00,26.596,26.596,26.596,26.596,429,0
2014-08-07,20:50:00,26.624,26.624,26.576,26.576,989,0
2014-08-07,21:15:00,26.538,26.538,26.538,26.538,208,0
2014-08-07,21:30:00,26.538,26.538,26.538,26.538,104,0
2014-08-08,16:05:00,26.557,26.557,26.557,26.557,104,0
2014-08-08,17:05:00,25.933,25.933,25.933,25.933,108,0
2014-08-08,17:25:00,26.125,26.125,26.125,26.125,235,0
2014-08-08,19:15:00,26.356,26.356,26.356,26.356,764,0
2014-08-08,20:10:00,26.077,26.077,26.077,26.077,331,0
2014-08-08,20:50:00,26.384,26.384,26.384,26.384,104,0
2014-08-11,16:10:00,26.384,26.384,26.384,26.384,397,0
2014-08-11,16:15:00,26.394,26.893,26.394,26.893,1302,0
2014-08-11,17:00:00,26.605,26.605,26.605,26.605,416,0
2014-08-11,17:15:00,26.711,26.711,26.711,26.711,312,0
2014-08-11,17:20:00,26.749,26.749,26.749,26.749,833,0
2014-08-11,17:25:00,26.797,26.797,26.797,26.797,878,0
2014-08-11,19:50:00,26.298,26.298,26.298,26.298,312,0
2014-08-11,20:15:00,26.692,26.692,26.692,26.692,262,0
2014-08-12,16:05:00,26.893,26.893,26.893,26.893,104,0
2014-08-12,17:25:00,26.653,26.653,26.653,26.653,416,0
2014-08-12,18:30:00,26.413,26.413,26.413,26.413,416,0
2014-08-12,18:35:00,26.317,26.317,26.317,26.317,239,0
2014-08-12,19:20:00,26.26,26.26,26.26,26.26,1975,0
2014-08-13,15:55:00,26.23,26.23,26.23,26.23,1354,0
2014-08-13,17:50:00,26.317,26.317,26.317,26.317,312,0
2014-08-13,18:15:00,26.413,26.884,26.413,26.413,416,0
2014-08-13,19:10:00,26.413,26.413,26.413,26.413,208,0
2014-08-13,21:35:00,26.413,26.413,26.26,26.26,759,0
2014-08-14,16:30:00,26.26,26.26,26.26,26.26,208,0
2014-08-14,16:35:00,26.884,26.884,26.884,26.884,223,0
2014-08-14,17:05:00,26.26,26.26,26.26,26.26,833,0
2014-08-14,17:55:00,26.221,26.221,26.221,26.221,416,0
2014-08-14,18:10:00,26.538,26.538,26.538,26.538,188,0
2014-08-14,18:40:00,26.202,26.202,26.202,26.202,937,0
2014-08-14,19:50:00,26.173,26.413,26.173,26.413,1997,0
2014-08-14,21:35:00,26.173,26.173,26.173,26.173,208,0
2014-08-15,15:35:00,26.855,26.855,26.413,26.413,1829,0
2014-08-15,15:45:00,26.317,26.317,26.317,26.317,520,0
2014-08-15,15:50:00,26.317,26.317,26.317,26.317,312,0
2014-08-15,16:05:00,26.317,26.605,26.317,26.605,728,0
2014-08-15,16:10:00,26.605,26.605,26.605,26.605,781,0
2014-08-15,16:15:00,26.605,26.605,26.605,26.605,833,0
2014-08-15,16:20:00,26.74,26.74,26.74,26.74,1234,0
2014-08-15,16:50:00,26.605,26.605,26.605,26.605,156,0
2014-08-15,17:05:00,26.317,26.317,26.317,26.317,416,0
2014-08-15,18:35:00,26.317,26.327,26.308,26.317,728,0
2014-08-15,18:50:00,26.394,26.394,26.394,26.394,416,0
2014-08-15,18:55:00,26.365,26.365,26.365,26.365,312,0
2014-08-15,19:00:00,26.404,26.404,26.404,26.404,381,0
2014-08-15,19:10:00,26.269,26.269,26.269,26.269,416,0
2014-08-15,21:05:00,26.317,26.317,26.317,26.317,208,0
2014-08-15,21:25:00,26.24,26.24,26.221,26.221,929,0
2014-08-15,21:30:00,26.221,26.221,26.221,26.221,600,0
2014-08-15,21:35:00,26.221,26.221,26.221,26.221,312,0
2014-08-15,21:40:00,26.212,26.212,26.212,26.212,221,0
2014-08-15,21:45:00,26.221,26.221,26.221,26.221,104,0
2014-08-15,21:55:00,26.202,26.221,26.202,26.221,1354,0
2014-08-15,22:00:00,26.221,26.221,26.221,26.221,496,0
2014-08-18,16:05:00,26.394,26.394,26.375,26.375,1457,0
2014-08-18,16:35:00,26.384,26.384,26.384,26.384,208,0
2014-08-18,17:40:00,26.24,26.24,26.24,26.24,104,0
2014-08-18,18:10:00,26.24,26.24,26.221,26.23,434,0
2014-08-18,20:20:00,26.125,26.125,26.125,26.125,213,0
2014-08-18,20:40:00,26.173,26.173,26.173,26.173,1250,0
2014-08-19,16:40:00,26.068,26.068,26.068,26.068,122,0
2014-08-19,17:40:00,26.125,26.173,26.125,26.173,937,0
2014-08-19,17:50:00,26.125,26.173,26.125,26.173,1816,0
2014-08-19,19:35:00,26.221,26.221,26.125,26.125,1114,0
2014-08-19,21:00:00,26.106,26.106,26.077,26.077,972,0
2014-08-19,21:25:00,26.125,26.125,26.125,26.125,312,0
2014-08-19,21:30:00,26.125,26.125,26.125,26.125,312,0
2014-08-19,21:40:00,26.058,26.058,26.058,26.058,216,0
2014-08-20,15:35:00,26.23,26.23,26.23,26.23,837,0
2014-08-20,15:55:00,26.077,26.077,26.077,26.077,436,0
2014-08-20,17:25:00,26.125,26.125,26.125,26.125,624,0
2014-08-20,19:00:00,26.068,26.068,26.068,26.068,107,0
2014-08-20,19:25:00,26.125,26.125,26.125,26.125,312,0
2014-08-20,21:05:00,26.125,26.125,26.125,26.125,208,0
2014-08-21,18:00:00,26.221,26.221,26.221,26.221,1145,0
2014-08-21,18:15:00,26.125,26.125,26.125,26.125,208,0
2014-08-21,18:30:00,26.125,26.125,26.125,26.125,468,0
2014-08-21,20:00:00,26.077,26.125,26.077,26.125,937,0
2014-08-21,21:20:00,26.086,26.086,26.086,26.086,104,0
2014-08-21,21:40:00,26.26,26.26,26.26,26.26,208,0
2014-08-22,15:35:00,26.096,26.096,26.096,26.096,5422,0
2014-08-22,18:15:00,26.288,26.288,26.288,26.288,156,0
2014-08-22,18:45:00,26.26,26.26,26.26,26.26,104,0
2014-08-22,18:55:00,26.221,26.221,26.221,26.221,312,0
2014-08-22,19:00:00,26.221,26.221,26.221,26.221,104,0
2014-08-22,19:10:00,26.221,26.221,26.221,26.221,104,0
2014-08-22,19:50:00,26.221,26.221,26.221,26.221,312,0
2014-08-22,20:00:00,26.221,26.221,26.221,26.221,416,0
2014-08-22,21:05:00,26.221,26.221,26.221,26.221,520,0
2014-08-22,21:10:00,26.269,26.269,26.269,26.269,208,0
2014-08-22,21:30:00,26.221,26.221,26.221,26.221,104,0
2014-08-25,15:45:00,26.134,26.134,26.134,26.134,136,0
2014-08-25,16:00:00,26.212,26.212,26.212,26.212,104,0
2014-08-25,16:30:00,26.212,26.212,26.212,26.212,312,0
2014-08-25,16:35:00,26.212,26.212,26.212,26.212,552,0
2014-08-25,17:55:00,26.125,26.125,26.125,26.125,104,0
2014-08-25,18:20:00,26.221,26.221,26.221,26.221,208,0
2014-08-25,19:50:00,26.221,26.221,26.221,26.221,208,0
2014-08-25,20:20:00,26.182,26.182,26.182,26.182,520,0
2014-08-25,20:30:00,26.144,26.144,26.144,26.144,1041,0
2014-08-25,21:25:00,26.202,26.202,26.202,26.202,526,0
2014-08-26,15:55:00,26.202,26.202,26.202,26.202,104,0
2014-08-26,16:00:00,26.192,26.192,26.192,26.192,416,0
2014-08-26,16:05:00,26.144,26.144,26.144,26.144,260,0
2014-08-26,17:05:00,26.134,26.134,26.134,26.134,1770,0
2014-08-26,18:10:00,26.23,26.23,26.23,26.23,389,0
2014-08-26,18:25:00,26.24,26.24,26.24,26.24,646,0
2014-08-26,18:40:00,26.23,26.23,26.23,26.23,104,0
2014-08-26,19:55:00,26.24,26.24,26.23,26.23,520,0
2014-08-26,20:00:00,26.23,26.23,26.23,26.23,312,0
2014-08-26,20:15:00,26.202,26.202,26.202,26.202,104,0
2014-08-26,20:20:00,26.202,26.202,26.202,26.202,364,0
2014-08-26,21:10:00,26.24,26.24,26.24,26.24,104,0
2014-08-26,21:25:00,26.182,26.182,26.182,26.182,131,0
2014-08-27,16:00:00,26.308,26.308,26.308,26.308,104,0
2014-08-27,16:45:00,26.375,26.375,26.375,26.375,156,0
2014-08-27,17:05:00,26.125,26.375,26.125,26.375,312,0
2014-08-27,17:30:00,26.164,26.164,26.125,26.125,1978,0
2014-08-27,18:40:00,26.317,26.317,26.317,26.317,104,0
2014-08-27,19:05:00,26.317,26.317,26.279,26.279,542,0
2014-08-27,20:05:00,26.279,26.279,26.279,26.279,416,0
2014-08-27,20:20:00,26.154,26.279,26.154,26.279,350,0
2014-08-27,21:15:00,26.279,26.279,26.279,26.279,208,0
2014-08-27,21:40:00,26.25,26.528,26.25,26.528,523,0
2014-08-27,21:45:00,26.48,26.48,26.48,26.48,104,0
2014-08-27,22:00:00,26.221,26.221,26.164,26.164,542,0
2014-08-28,15:40:00,26.164,26.164,26.164,26.164,312,0
2014-08-28,18:25:00,26.25,26.25,26.25,26.25,193,0
2014-08-28,20:05:00,26.212,26.212,26.144,26.164,1250,0
2014-08-28,20:10:00,26.25,26.26,26.192,26.23,833,0
2014-08-28,20:15:00,26.23,26.23,26.23,26.23,1250,0
2014-08-28,20:20:00,26.23,26.23,26.23,26.23,208,0
2014-08-28,20:50:00,26.154,26.154,26.154,26.154,728,0
2014-08-28,20:55:00,26.154,26.23,26.154,26.221,1666,0
2014-08-28,21:00:00,26.221,26.26,26.221,26.221,781,0
2014-08-28,21:05:00,26.154,26.164,26.154,26.154,937,0
2014-08-28,21:10:00,26.212,26.212,26.164,26.164,1874,0
2014-08-28,21:15:00,26.221,26.221,26.202,26.221,1041,0
2014-08-28,21:20:00,26.154,26.192,26.154,26.182,1145,0
2014-08-28,21:25:00,26.144,26.212,26.144,26.182,937,0
2014-08-28,21:30:00,26.192,26.221,26.144,26.192,2291,0
2014-08-28,21:35:00,26.144,26.221,26.134,26.144,5045,0
2014-08-28,21:40:00,26.202,26.202,26.144,26.202,2811,0
2014-08-28,21:45:00,26.202,26.202,26.134,26.144,4269,0
2014-08-28,21:50:00,26.144,26.164,26.144,26.164,1874,0
2014-08-28,21:55:00,26.144,26.144,26.125,26.125,708,0
2014-08-29,16:05:00,26.144,26.144,26.144,26.144,104,0
2014-08-29,16:30:00,26.125,26.125,26.125,26.125,104,0
2014-08-29,17:10:00,26.134,26.134,26.134,26.134,104,0
2014-08-29,17:50:00,26.125,26.125,26.125,26.125,450,0
2014-08-29,18:55:00,26.134,26.134,26.134,26.134,104,0
2014-08-29,19:25:00,26.125,26.125,26.125,26.125,105,0
2014-08-29,19:35:00,26.125,26.125,26.125,26.125,2082,0
2014-08-29,20:05:00,26.164,26.164,26.164,26.164,324,0
2014-08-29,20:10:00,26.125,26.125,26.125,26.125,416,0
2014-08-29,20:25:00,26.164,26.164,26.164,26.164,416,0
2014-08-29,20:30:00,26.365,26.365,26.212,26.212,2499,0
2014-08-29,20:35:00,26.164,26.279,26.164,26.26,2603,0
2014-08-29,20:40:00,26.298,26.308,26.279,26.308,1978,0
2014-08-29,20:45:00,26.308,26.308,26.26,26.288,3220,0
2014-08-29,20:50:00,26.288,26.288,26.23,26.24,416,0
2014-08-29,20:55:00,26.221,26.24,26.221,26.24,1250,0
2014-08-29,21:00:00,26.23,26.288,26.23,26.288,937,0
2014-08-29,21:05:00,26.279,26.308,26.279,26.308,416,0
2014-08-29,21:10:00,26.288,26.288,26.221,26.221,833,0
2014-08-29,21:30:00,26.221,26.26,26.221,26.26,833,0
2014-08-29,21:35:00,26.442,26.442,26.279,26.279,1978,0
2014-08-29,21:40:00,26.279,26.279,26.279,26.279,624,0
2014-08-29,21:45:00,26.442,26.442,26.164,26.164,520,0
2014-08-29,21:50:00,26.442,26.442,26.442,26.442,416,0
2014-08-29,21:55:00,26.221,26.221,26.221,26.221,104,0
2014-09-02,16:50:00,26.173,26.192,26.144,26.182,3278,0
2014-09-02,19:10:00,26.269,26.269,26.269,26.269,570,0
2014-09-02,20:45:00,26.154,26.154,26.154,26.154,572,0
2014-09-03,16:20:00,26.192,26.192,26.173,26.173,416,0
2014-09-03,18:50:00,26.346,26.346,26.298,26.327,3853,0
2014-09-03,19:05:00,26.327,26.327,26.327,26.327,833,0
2014-09-04,15:45:00,26.125,26.125,26.125,26.125,488,0
2014-09-04,15:50:00,26.125,26.125,26.125,26.125,416,0
2014-09-04,16:35:00,26.26,26.26,26.26,26.26,312,0
2014-09-04,16:50:00,26.26,26.26,26.26,26.26,104,0
2014-09-04,17:00:00,26.308,26.308,26.308,26.308,190,0
2014-09-04,17:15:00,26.26,26.288,26.26,26.288,416,0
2014-09-04,17:30:00,26.26,26.26,26.26,26.26,312,0
2014-09-04,18:05:00,26.134,26.134,26.134,26.134,208,0
2014-09-04,18:10:00,26.26,26.26,26.26,26.26,833,0
2014-09-04,19:40:00,26.26,26.26,26.134,26.134,208,0
2014-09-04,19:50:00,26.308,26.308,26.308,26.308,1041,0
2014-09-04,20:10:00,26.26,26.26,26.26,26.26,416,0
2014-09-04,21:40:00,26.24,26.24,26.24,26.24,1145,0
2014-09-04,21:45:00,26.24,26.24,26.24,26.24,416,0
2014-09-05,16:40:00,26.336,26.365,26.336,26.336,520,0
2014-09-05,16:55:00,26.346,26.346,26.346,26.346,312,0
2014-09-08,15:35:00,26.346,26.346,26.346,26.346,131,0
2014-09-08,15:45:00,26.173,26.173,26.173,26.173,406,0
2014-09-08,18:40:00,26.375,26.413,26.375,26.413,889,0
2014-09-08,18:45:00,26.423,26.423,26.394,26.394,1226,0
2014-09-08,19:00:00,26.394,26.394,26.394,26.394,874,0
2014-09-08,20:15:00,26.173,26.173,26.173,26.173,208,0
2014-09-09,21:10:00,26.221,26.221,26.221,26.221,110,0
2014-09-10,17:10:00,26.404,26.404,26.375,26.404,2166,0
2014-09-10,17:40:00,26.404,26.404,26.404,26.404,2082,0
2014-09-10,18:50:00,26.413,26.413,26.23,26.23,1250,0
2014-09-10,20:55:00,26.413,26.413,26.413,26.413,104,0
2014-09-10,21:45:00,26.269,26.269,26.269,26.269,359,0
2014-09-11,16:45:00,26.375,26.375,26.375,26.375,156,0
2014-09-11,17:10:00,26.298,26.298,26.298,26.298,314,0
2014-09-11,18:55:00,26.356,26.356,26.356,26.356,208,0
2014-09-11,19:00:00,26.269,26.269,26.269,26.269,530,0
2014-09-11,19:15:00,26.26,26.26,26.26,26.26,208,0
2014-09-11,19:35:00,26.25,26.25,26.25,26.25,577,0
2014-09-12,16:05:00,26.269,26.269,26.269,26.269,312,0
2014-09-12,19:05:00,26.25,26.25,26.25,26.25,208,0
2014-09-12,20:15:00,26.356,26.356,26.356,26.356,208,0
2014-09-12,20:40:00,26.356,26.356,26.356,26.356,208,0
2014-09-12,21:00:00,26.356,26.356,26.356,26.356,416,0
2014-09-12,21:20:00,26.356,26.356,26.356,26.356,188,0
2014-09-12,21:55:00,26.182,26.182,26.182,26.182,1041,0
2014-09-15,15:35:00,26.298,26.298,26.298,26.298,562,0
2014-09-15,16:00:00,26.173,26.173,26.173,26.173,187,0
2014-09-15,16:05:00,26.173,26.173,26.173,26.173,208,0
2014-09-15,18:35:00,26.173,26.173,26.173,26.173,416,0
2014-09-15,19:30:00,26.317,26.317,26.308,26.308,647,0
2014-09-15,20:50:00,26.192,26.192,26.192,26.192,260,0
2014-09-15,21:50:00,26.269,26.269,26.269,26.269,704,0
2014-09-15,21:55:00,26.269,26.269,26.269,26.269,390,0
2014-09-16,17:40:00,26.25,26.25,26.25,26.25,468,0
2014-09-16,20:20:00,26.25,26.25,26.25,26.25,416,0
2014-09-17,17:25:00,26.221,26.221,26.221,26.221,1993,0
2014-09-17,20:50:00,26.269,26.269,26.269,26.269,1428,0
2014-09-18,15:35:00,26.701,26.701,26.701,26.701,1054,0
2014-09-18,15:40:00,26.413,26.413,26.365,26.413,1250,0
2014-09-18,17:00:00,26.269,26.413,26.269,26.413,624,0
2014-09-18,17:25:00,26.269,26.269,26.269,26.269,208,0
2014-09-18,17:40:00,26.269,26.269,26.269,26.269,208,0
2014-09-18,17:55:00,26.24,26.24,26.24,26.24,104,0
2014-09-18,18:30:00,26.279,26.279,26.279,26.279,260,0
2014-09-18,20:55:00,26.269,26.269,26.269,26.269,208,0
2014-09-18,21:05:00,26.269,26.269,26.269,26.269,104,0
2014-09-18,22:00:00,26.288,26.288,26.288,26.288,410,0
2014-09-19,18:00:00,26.192,26.192,26.192,26.192,624,0
2014-09-19,20:05:00,26.221,26.221,26.221,26.221,312,0
2014-09-22,15:35:00,26.442,26.442,26.442,26.442,5466,0
2014-09-22,18:15:00,26.317,26.317,26.317,26.317,568,0
2014-09-22,18:20:00,26.269,26.269,26.269,26.269,431,0
2014-09-22,18:30:00,26.317,26.317,26.317,26.317,298,0
2014-09-22,19:50:00,26.269,26.269,26.269,26.269,312,0
2014-09-22,19:55:00,26.23,26.23,26.23,26.23,208,0
2014-09-22,21:40:00,26.24,26.24,26.24,26.24,208,0
2014-09-23,16:05:00,26.182,26.182,26.182,26.182,312,0
2014-09-23,19:40:00,26.317,26.317,26.317,26.317,1907,0
2014-09-23,21:45:00,26.212,26.212,26.212,26.212,208,0
2014-09-24,18:05:00,26.346,26.346,26.346,26.346,1041,0
2014-09-24,18:15:00,26.327,26.346,26.327,26.346,1666,0
2014-09-24,21:45:00,26.173,26.173,26.173,26.173,115,0
2014-09-25,16:50:00,26.182,26.182,26.182,26.182,833,0
2014-09-25,18:20:00,26.221,26.221,26.221,26.221,610,0
2014-09-26,19:45:00,26.269,26.269,26.269,26.269,975,0
2014-09-26,19:50:00,26.269,26.269,26.269,26.269,546,0
2014-09-26,21:55:00,26.317,26.317,26.317,26.317,416,0
2014-09-29,18:25:00,26.356,26.356,26.356,26.356,282,0
2014-09-29,20:20:00,26.144,26.144,26.144,26.144,698,0
2014-09-29,20:30:00,26.173,26.173,26.173,26.173,312,0
2014-09-29,20:50:00,26.173,26.173,26.173,26.173,104,0
2014-09-30,15:45:00,26.346,26.346,26.327,26.336,520,0
2014-09-30,16:50:00,26.221,26.221,26.221,26.221,208,0
2014-09-30,17:05:00,26.221,26.221,26.221,26.221,624,0
2014-09-30,17:10:00,26.221,26.221,26.221,26.221,104,0
2014-09-30,17:30:00,26.221,26.221,26.221,26.221,1510,0
2014-09-30,19:15:00,26.144,26.144,26.144,26.144,1708,0
2014-09-30,20:30:00,26.144,26.144,26.144,26.144,624,0
2014-09-30,21:35:00,26.125,26.125,26.125,26.125,547,0
2014-09-30,21:50:00,26.125,26.125,26.125,26.125,624,0
2014-10-01,15:35:00,26.086,26.086,26.086,26.086,1250,0
2014-10-01,20:55:00,26.413,26.413,26.413,26.413,989,0
2014-10-01,21:05:00,26.154,26.154,26.154,26.154,104,0
2014-10-01,21:15:00,26.317,26.317,26.317,26.317,208,0
2014-10-01,22:00:00,26.317,26.327,26.317,26.327,208,0
2014-10-02,16:05:00,26.154,26.154,26.154,26.154,104,0
2014-10-02,16:15:00,26.182,26.182,26.182,26.182,287,0
2014-10-02,16:55:00,26.154,26.154,26.154,26.154,104,0
2014-10-02,18:15:00,26.653,26.653,26.653,26.653,208,0
2014-10-02,18:20:00,26.346,26.653,26.346,26.653,208,0
2014-10-03,15:55:00,26.404,26.404,26.365,26.365,312,0
2014-10-03,17:35:00,26.442,26.442,26.442,26.442,958,0
2014-10-03,20:20:00,26.673,26.701,26.673,26.701,461,0
2014-10-03,20:25:00,26.701,26.701,26.701,26.701,424,0
2014-10-03,20:30:00,26.317,26.317,26.317,26.317,338,0
2014-10-03,20:45:00,26.317,26.317,26.317,26.317,416,0
2014-10-06,20:55:00,26.413,26.413,26.413,26.413,208,0
2014-10-06,21:30:00,26.221,26.25,26.096,26.096,520,0
2014-10-07,16:05:00,26.23,26.23,26.23,26.23,2082,0
2014-10-07,16:30:00,26.413,26.413,26.413,26.413,520,0
2014-10-07,16:50:00,26.23,26.23,26.23,26.23,156,0
2014-10-07,17:25:00,26.23,26.23,26.23,26.23,121,0
2014-10-07,17:45:00,26.192,26.192,26.182,26.182,834,0
2014-10-07,18:45:00,26.384,26.384,26.384,26.384,312,0
2014-10-07,21:40:00,26.164,26.212,26.164,26.212,355,0
2014-10-07,22:00:00,26.164,26.164,26.029,26.029,1098,0
2014-10-08,15:35:00,26.212,26.212,26.212,26.212,104,0
2014-10-08,15:40:00,26.038,26.038,26.029,26.029,1524,0
2014-10-08,16:40:00,26.029,26.029,26.029,26.029,412,0
2014-10-08,19:50:00,26.586,26.586,26.586,26.586,624,0
2014-10-08,22:00:00,26.25,26.25,26.25,26.25,312,0
2014-10-09,16:10:00,26.125,26.125,26.125,26.125,416,0
2014-10-09,18:30:00,26.528,26.528,26.509,26.509,208,0
2014-10-09,18:50:00,26.509,26.528,26.317,26.317,1109,0
2014-10-09,20:55:00,26.442,26.509,26.442,26.49,833,0
2014-10-09,21:00:00,26.634,26.663,26.634,26.653,1666,0
2014-10-09,21:05:00,26.528,26.528,26.509,26.509,520,0
2014-10-09,21:10:00,26.528,26.528,26.509,26.519,1354,0
2014-10-09,21:15:00,26.519,26.538,26.49,26.538,1250,0
2014-10-09,21:20:00,26.663,26.682,26.644,26.644,2499,0
2014-10-09,21:25:00,26.653,26.653,26.653,26.653,416,0
2014-10-09,21:30:00,26.634,26.634,26.634,26.634,728,0
2014-10-09,21:40:00,26.528,26.548,26.509,26.548,1458,0
2014-10-09,21:45:00,26.605,26.634,26.605,26.634,312,0
2014-10-09,21:50:00,26.605,26.634,26.548,26.548,728,0
2014-10-09,22:00:00,26.327,26.327,26.327,26.327,760,0
2014-10-10,16:55:00,26.817,26.817,26.817,26.817,520,0
2014-10-10,17:50:00,26.548,26.548,26.548,26.548,363,0
2014-10-10,18:50:00,26.682,26.682,26.682,26.682,186,0
2014-10-10,19:10:00,26.557,26.557,26.557,26.557,728,0
2014-10-13,17:45:00,26.212,26.413,26.212,26.413,651,0
2014-10-13,19:45:00,26.413,26.461,26.413,26.461,624,0
2014-10-13,20:00:00,26.413,26.413,26.413,26.413,416,0
2014-10-13,20:50:00,26.432,26.432,26.432,26.432,188,0
2014-10-13,21:05:00,26.432,26.432,26.432,26.432,312,0
2014-10-13,21:45:00,26.413,26.432,26.413,26.432,1354,0
2014-10-13,21:50:00,26.413,26.413,26.413,26.413,633,0
2014-10-13,21:55:00,26.221,26.24,26.125,26.125,4201,0
2014-10-13,22:00:00,26.154,26.154,25.674,25.692,3175,0
2014-10-14,15:35:00,26.269,26.269,26.269,26.269,1041,0
2014-10-14,16:30:00,26.692,26.692,26.269,26.269,416,0
2014-10-14,17:10:00,26.413,26.413,26.413,26.413,344,0
2014-10-14,18:25:00,26.327,26.327,26.327,26.327,604,0
2014-10-14,19:00:00,26.356,26.365,26.356,26.365,1343,0
2014-10-14,21:50:00,25.933,25.933,25.933,25.933,104,0
2014-10-15,15:35:00,26.308,26.308,26.308,26.308,104,0
2014-10-15,15:55:00,26.288,26.288,26.288,26.288,208,0
2014-10-15,16:10:00,26.269,26.269,26.269,26.269,104,0
2014-10-15,16:40:00,26.269,26.269,26.269,26.269,1041,0
2014-10-15,19:10:00,26.576,26.576,26.576,26.576,208,0
2014-10-15,19:20:00,26.557,26.557,26.557,26.557,416,0
2014-10-15,19:35:00,26.5,26.5,26.5,26.5,312,0
2014-10-15,19:50:00,26.365,26.365,26.365,26.365,208,0
2014-10-15,19:55:00,26.144,26.144,26.144,26.144,208,0
2014-10-15,20:30:00,26.365,26.365,26.116,26.116,416,0
2014-10-15,20:45:00,26.404,26.413,26.404,26.413,1000,0
2014-10-15,20:55:00,26.576,26.576,26.576,26.576,104,0
2014-10-15,21:20:00,26.413,26.413,26.413,26.413,104,0
2014-10-15,21:55:00,26.413,26.413,26.413,26.413,292,0
2014-10-15,22:00:00,26.576,26.576,26.576,26.576,208,0
2014-10-16,19:10:00,26.173,26.173,26.173,26.173,208,0
2014-10-16,20:00:00,26.596,26.596,26.596,26.596,8216,0
2014-10-16,20:35:00,26.576,26.576,26.576,26.576,131,0
2014-10-16,21:15:00,26.576,26.576,26.576,26.576,146,0
2014-10-16,21:20:00,26.567,26.596,26.567,26.596,314,0
2014-10-16,21:30:00,26.576,26.576,26.576,26.576,287,0
2014-10-16,21:45:00,26.576,26.576,26.576,26.576,208,0
2014-10-16,22:00:00,26.576,26.576,26.576,26.576,104,0
2014-10-17,16:20:00,26.173,26.221,26.173,26.221,1000,0
2014-10-17,17:20:00,26.413,26.413,26.413,26.413,1250,0
2014-10-17,20:15:00,26.605,26.605,26.605,26.605,182,0
2014-10-17,20:20:00,26.413,26.432,26.413,26.432,443,0
2014-10-17,20:35:00,26.605,26.605,26.605,26.605,937,0
2014-10-17,20:50:00,26.605,26.605,26.605,26.605,104,0
2014-10-20,15:35:00,26.893,26.893,26.893,26.893,1878,0
2014-10-20,16:10:00,26.701,26.701,26.701,26.701,624,0
2014-10-20,19:50:00,26.893,26.893,26.893,26.893,5013,0
2014-10-20,20:55:00,26.797,26.797,26.797,26.797,104,0
2014-10-20,21:10:00,26.797,26.797,26.797,26.797,416,0
2014-10-21,15:40:00,26.797,26.797,26.749,26.749,364,0
2014-10-21,16:05:00,26.855,26.855,26.855,26.855,416,0
2014-10-21,16:10:00,26.749,26.749,26.749,26.749,416,0
2014-10-21,19:00:00,26.797,26.797,26.797,26.797,104,0
2014-10-21,19:05:00,26.749,26.749,26.749,26.749,260,0
2014-10-21,19:20:00,26.797,26.797,26.644,26.644,833,0
2014-10-21,19:25:00,26.605,26.701,26.605,26.701,728,0
2014-10-21,20:55:00,26.893,26.893,26.893,26.893,1354,0
2014-10-21,21:10:00,26.701,26.701,26.701,26.701,416,0
2014-10-21,21:15:00,26.701,26.701,26.701,26.701,624,0
2014-10-21,21:20:00,26.701,26.701,26.701,26.701,520,0
2014-10-21,21:25:00,26.701,26.701,26.682,26.682,1044,0
2014-10-21,22:00:00,26.845,26.845,26.845,26.845,104,0
2014-10-22,16:55:00,26.826,26.845,26.826,26.845,520,0
2014-10-22,17:50:00,26.893,26.893,26.893,26.893,624,0
2014-10-22,18:15:00,26.893,26.893,26.893,26.893,208,0
2014-10-22,18:50:00,26.893,26.893,26.893,26.893,399,0
2014-10-22,19:20:00,26.893,26.893,26.893,26.893,282,0
2014-10-22,19:35:00,26.893,26.893,26.893,26.893,416,0
2014-10-22,19:55:00,26.893,26.893,26.893,26.893,208,0
2014-10-22,20:00:00,26.893,26.893,26.893,26.893,312,0
2014-10-22,20:05:00,26.845,26.845,26.845,26.845,624,0
2014-10-22,20:25:00,26.893,26.893,26.893,26.893,208,0
2014-10-22,21:05:00,26.893,26.893,26.893,26.893,312,0
2014-10-22,21:10:00,26.893,26.893,26.893,26.893,1337,0
2014-10-23,16:10:00,26.644,26.644,26.605,26.605,781,0
2014-10-23,16:35:00,26.951,26.951,26.951,26.951,1040,0
2014-10-23,17:10:00,26.509,26.509,26.509,26.509,1250,0
2014-10-23,19:30:00,27.133,27.133,27.133,27.133,208,0
2014-10-23,19:55:00,27.133,27.133,27.133,27.133,220,0
2014-10-23,21:55:00,27.037,27.037,27.037,27.037,416,0
2014-10-24,20:15:00,26.941,26.941,26.941,26.941,312,0
2014-10-24,20:20:00,26.941,26.941,26.941,26.941,131,0
2014-10-24,20:55:00,26.25,26.25,26.25,26.25,1481,0
2014-10-27,15:00:00,27.133,27.133,27.133,27.133,937,0
2014-10-27,15:55:00,27.201,27.201,27.201,27.201,869,0
2014-10-27,18:20:00,27.211,27.229,27.201,27.201,1192,0
2014-10-27,18:30:00,27.451,27.451,27.451,27.451,416,0
2014-10-27,18:45:00,27.451,27.451,27.451,27.451,208,0
2014-10-27,19:20:00,27.451,27.451,27.451,27.451,104,0
2014-10-27,19:25:00,27.133,27.133,27.133,27.133,332,0
2014-10-28,14:50:00,27.451,27.854,27.451,27.854,1515,0
2014-10-28,17:15:00,27.373,27.373,27.373,27.373,208,0
2014-10-28,18:40:00,27.047,27.047,27.047,27.047,208,0
2014-10-29,14:45:00,26.653,26.653,26.653,26.653,1249,0
2014-10-29,14:55:00,26.653,26.653,26.653,26.653,104,0
2014-10-29,15:05:00,26.605,26.605,26.605,26.605,104,0
2014-10-29,15:20:00,26.653,26.653,26.653,26.653,104,0
2014-10-29,16:40:00,26.528,26.528,26.279,26.279,1249,0
2014-10-29,16:50:00,26.624,26.653,26.624,26.653,415,0
2014-10-29,17:20:00,26.653,26.653,26.653,26.653,104,0
2014-10-29,18:00:00,26.557,26.557,26.557,26.557,416,0
2014-10-29,18:20:00,26.624,26.653,26.624,26.653,782,0
2014-10-29,18:30:00,26.653,26.653,26.653,26.653,124,0
2014-10-29,18:35:00,26.365,26.365,26.365,26.365,520,0
2014-10-29,18:45:00,26.653,26.653,26.653,26.653,1041,0
2014-10-29,19:00:00,27.403,27.403,27.403,27.403,231,0
2014-10-30,14:35:00,27.325,27.325,27.325,27.325,1562,0
2014-10-30,14:45:00,26.893,27.325,26.893,27.325,208,0
2014-10-30,18:00:00,27.219,27.219,27.219,27.219,408,0
2014-10-30,18:20:00,27.133,27.133,27.133,27.133,104,0
2014-10-30,20:50:00,27.277,27.277,27.277,27.277,104,0
2014-10-31,14:35:00,27.325,27.325,27.325,27.325,312,0
2014-10-31,15:30:00,26.797,26.797,26.797,26.797,572,0
2014-10-31,15:35:00,26.893,26.893,26.893,26.893,1458,0
2014-10-31,15:45:00,26.893,26.893,26.893,26.893,112,0
2014-10-31,18:00:00,26.769,26.769,26.692,26.692,637,0
2014-10-31,19:20:00,26.74,26.74,26.74,26.74,158,0
2014-11-03,15:35:00,27.267,27.267,27.267,27.267,208,0
2014-11-03,16:40:00,27.277,27.277,27.277,27.277,1041,0
2014-11-03,16:50:00,26.711,26.711,26.711,26.711,260,0
2014-11-03,16:55:00,27.277,27.277,27.277,27.277,416,0
2014-11-03,17:45:00,26.893,26.893,26.893,26.893,937,0
2014-11-03,18:50:00,26.749,26.749,26.749,26.749,520,0
2014-11-03,19:10:00,26.749,26.749,26.749,26.749,312,0
2014-11-03,20:20:00,26.673,26.673,26.673,26.673,416,0
2014-11-03,20:50:00,26.769,26.797,26.769,26.797,557,0
2014-11-04,17:50:00,27.229,27.315,27.201,27.219,1492,0
2014-11-04,19:35:00,26.769,26.769,26.769,26.769,153,0
2014-11-04,19:40:00,26.74,26.74,26.653,26.653,1041,0
2014-11-04,19:50:00,26.701,26.701,26.701,26.701,312,0
2014-11-04,19:55:00,26.653,26.653,26.653,26.653,104,0
2014-11-05,17:00:00,27.037,27.037,27.037,27.037,312,0
2014-11-05,18:10:00,26.98,26.98,26.98,26.98,4734,0
2014-11-06,17:05:00,27.766,27.766,27.766,27.766,102,0
2014-11-06,17:10:00,27.639,27.639,27.639,27.639,189,0
2014-11-06,17:35:00,27.815,27.815,27.815,27.815,408,0
2014-11-06,17:55:00,27.766,27.766,27.766,27.766,837,0
2014-11-06,19:30:00,27.727,27.727,27.727,27.727,1869,0
2014-11-06,20:50:00,27.766,27.766,27.717,27.717,510,0
2014-11-06,21:30:00,27.717,27.717,27.717,27.717,357,0
2014-11-06,22:00:00,27.766,27.766,27.443,27.443,561,0
2014-11-07,17:45:00,27.257,27.257,27.257,27.257,510,0
2014-11-07,20:30:00,27.766,27.766,27.766,27.766,408,0
2014-11-07,20:55:00,27.443,27.443,27.443,27.443,204,0
2014-11-07,22:00:00,27.766,27.766,27.766,27.766,204,0
2014-11-10,16:15:00,27.492,27.492,27.492,27.492,156,0
2014-11-10,16:55:00,27.766,27.766,27.766,27.766,255,0
2014-11-10,17:30:00,27.766,27.766,27.766,27.766,2628,0
2014-11-10,19:45:00,27.815,27.855,27.806,27.855,1195,0
2014-11-10,20:05:00,27.884,27.884,27.845,27.845,918,0
2014-11-10,20:20:00,27.835,27.835,27.835,27.835,131,0
2014-11-10,20:25:00,27.492,27.492,27.492,27.492,128,0
2014-11-10,21:25:00,27.884,27.884,27.884,27.884,102,0
2014-11-11,17:25:00,27.541,27.541,27.541,27.541,612,0
2014-11-11,18:45:00,27.541,27.541,27.541,27.541,306,0
2014-11-11,21:50:00,27.502,27.502,27.502,27.502,248,0
2014-11-11,21:55:00,27.531,27.531,27.531,27.531,781,0
2014-11-12,17:35:00,27.766,27.766,27.766,27.766,612,0
2014-11-12,19:20:00,27.443,27.443,27.443,27.443,408,0
2014-11-12,19:45:00,27.776,27.776,27.776,27.776,716,0
2014-11-12,19:50:00,27.806,27.806,27.806,27.806,204,0
2014-11-12,20:10:00,27.472,27.472,27.002,27.443,1224,0
2014-11-12,20:25:00,27.766,27.766,27.766,27.766,2005,0
2014-11-13,17:10:00,27.786,27.786,27.786,27.786,510,0
2014-11-13,17:35:00,27.796,27.884,27.757,27.874,2041,0
2014-11-13,19:15:00,27.923,27.982,27.874,27.923,5257,0
2014-11-13,20:20:00,27.443,27.443,27.443,27.443,332,0
2014-11-13,21:15:00,27.933,27.933,27.933,27.933,102,0
2014-11-13,22:00:00,27.982,28.08,27.982,28.031,2033,0
2014-11-14,18:20:00,27.737,28.08,27.737,28.041,4591,0
2014-11-14,19:30:00,28.08,28.08,28.08,28.08,102,0
2014-11-14,19:55:00,28.08,28.08,28.08,28.08,408,0
2014-11-17,15:35:00,28.423,28.423,28.423,28.423,102,0
2014-11-17,16:20:00,28.178,28.178,28.129,28.129,1020,0
2014-11-17,16:55:00,28.423,28.423,28.423,28.423,408,0
2014-11-17,18:25:00,28.423,28.423,28.374,28.374,255,0
2014-11-17,18:30:00,27.688,27.688,27.688,27.688,1251,0
2014-11-17,19:15:00,27.737,27.737,27.737,27.737,204,0
2014-11-17,19:20:00,28.423,28.423,28.423,28.423,612,0
2014-11-17,19:35:00,29.354,29.354,29.354,29.354,204,0
2014-11-17,19:45:00,27.825,27.825,27.825,27.825,1224,0
2014-11-17,20:10:00,27.688,27.688,27.688,27.688,582,0
2014-11-17,20:15:00,29.05,29.05,29.05,29.05,204,0
2014-11-17,20:45:00,28.423,28.423,28.423,28.423,814,0
2014-11-17,20:55:00,27.737,27.737,27.737,27.737,306,0
2014-11-18,16:05:00,28.109,28.109,28.109,28.109,548,0
2014-11-18,16:40:00,29.08,29.099,28.423,28.423,2653,0
2014-11-18,17:00:00,28.433,28.433,28.433,28.433,1428,0
2014-11-18,18:35:00,29.305,29.305,29.305,29.305,1604,0
2014-11-18,20:45:00,28.815,28.815,28.815,28.815,258,0
2014-11-18,21:35:00,28.629,28.629,28.629,28.629,412,0
2014-11-19,16:35:00,29.158,29.158,29.158,29.158,245,0
2014-11-19,17:45:00,28.541,28.541,28.541,28.541,204,0
2014-11-19,18:10:00,29.158,29.158,29.158,29.158,408,0
2014-11-19,18:35:00,28.58,28.58,28.541,28.541,204,0
2014-11-19,18:50:00,29.158,29.158,29.158,29.158,204,0
2014-11-19,19:10:00,29.158,29.158,29.158,29.158,173,0
2014-11-19,22:00:00,28.913,28.913,28.913,28.913,122,0
2014-11-20,20:05:00,28.727,28.727,28.688,28.688,3296,0
2014-11-20,20:40:00,28.678,28.678,28.678,28.678,510,0
2014-11-21,15:45:00,28.325,28.325,28.325,28.325,510,0
2014-11-21,15:50:00,28.325,28.374,28.08,28.08,1866,0
2014-11-21,17:10:00,28.815,28.815,28.766,28.766,4081,0
2014-11-21,21:05:00,28.629,28.629,28.629,28.629,434,0
2014-11-24,15:45:00,27.59,27.59,27.59,27.59,510,0
2014-11-24,15:50:00,27.933,27.933,27.933,27.933,204,0
2014-11-24,16:10:00,27.933,27.943,27.933,27.933,714,0
2014-11-24,16:45:00,27.933,27.933,27.933,27.933,1683,0
2014-11-24,17:10:00,28.08,28.08,28.08,28.08,408,0
2014-11-24,20:20:00,28.109,28.109,28.109,28.109,612,0
2014-11-24,21:25:00,28.08,28.227,28.08,28.227,2245,0
2014-11-24,21:45:00,28.384,28.384,28.384,28.384,347,0
2014-11-24,21:55:00,28.051,28.07,28.051,28.07,262,0
2014-11-24,22:00:00,28.08,28.08,28.08,28.08,918,0
2014-11-25,17:10:00,28.227,28.227,27.786,27.845,3469,0
2014-11-25,17:15:00,27.845,27.845,27.845,27.845,408,0
2014-11-25,17:20:00,27.796,27.845,27.796,27.845,765,0
2014-11-25,19:45:00,27.835,27.835,27.835,27.835,102,0
2014-11-25,20:50:00,28.031,28.031,28.031,28.031,408,0
2014-11-26,16:30:00,27.57,27.57,27.57,27.57,233,0
2014-11-26,19:35:00,27.737,27.737,27.737,27.737,531,0
2014-11-26,19:45:00,28.129,28.129,28.129,28.129,102,0
2014-11-26,20:20:00,27.717,27.717,27.717,27.717,306,0
2014-11-28,17:15:00,27.658,27.658,27.658,27.658,306,0
2014-11-28,18:10:00,28.031,28.031,28.031,28.031,408,0
2014-12-01,16:25:00,27.835,27.835,27.835,27.835,204,0
2014-12-01,18:35:00,27.521,27.521,27.521,27.521,170,0
2014-12-01,20:50:00,27.619,27.619,27.453,27.453,4259,0
2014-12-01,21:10:00,27.933,28.011,27.904,28.011,1020,0
2014-12-01,21:50:00,27.982,27.982,27.982,27.982,107,0
2014-12-02,15:35:00,28.57,28.57,28.423,28.443,612,0
2014-12-02,15:40:00,28.443,28.443,28.443,28.443,306,0
2014-12-02,17:25:00,28.482,28.482,28.482,28.482,165,0
2014-12-02,18:10:00,28.521,28.521,28.521,28.521,102,0
2014-12-02,18:20:00,28.521,28.521,28.521,28.521,228,0
2014-12-02,19:10:00,28.648,28.648,28.619,28.619,904,0
2014-12-02,19:35:00,28.443,28.443,28.443,28.443,204,0
2014-12-02,20:10:00,28.345,28.345,28.345,28.345,102,0
2014-12-02,20:30:00,28.374,28.374,28.374,28.374,714,0
2014-12-02,21:15:00,28.139,28.139,28.031,28.031,1428,0
2014-12-02,21:50:00,27.933,27.933,27.933,27.933,204,0
2014-12-03,15:35:00,27.933,27.933,27.933,27.933,306,0
2014-12-03,15:50:00,27.884,27.884,27.884,27.884,184,0
2014-12-03,16:10:00,27.737,27.737,27.698,27.698,306,0
2014-12-03,16:55:00,27.933,27.933,27.933,27.933,408,0
2014-12-03,19:25:00,27.933,27.933,27.933,27.933,510,0
2014-12-03,20:30:00,27.933,27.933,27.933,27.933,267,0
2014-12-03,22:00:00,27.933,27.933,27.933,27.933,120,0
2014-12-04,16:50:00,27.933,27.933,27.933,27.933,918,0
2014-12-04,17:15:00,27.737,27.737,27.737,27.737,320,0
2014-12-04,17:35:00,28.178,28.178,28.178,28.178,306,0
2014-12-04,17:55:00,28.178,28.178,28.178,28.178,1020,0
2014-12-04,19:05:00,28.178,28.178,28.178,28.178,306,0
2014-12-04,20:30:00,28.178,28.178,28.178,28.178,2261,0
2014-12-05,15:35:00,27.698,27.698,27.698,27.698,204,0
2014-12-05,17:15:00,27.972,27.972,27.972,27.972,204,0
2014-12-05,17:45:00,27.933,28.217,27.747,28.217,1559,0
2014-12-05,18:40:00,28.286,28.286,28.286,28.286,347,0
2014-12-05,19:30:00,27.815,27.815,27.815,27.815,1224,0
2014-12-05,20:30:00,27.835,28.423,27.747,27.747,2551,0
2014-12-05,21:10:00,27.766,27.766,27.757,27.757,536,0
2014-12-05,21:15:00,28.002,28.002,28.002,28.002,408,0
2014-12-08,15:50:00,28.031,28.031,28.031,28.031,816,0
2014-12-08,15:55:00,28.031,28.031,28.031,28.031,510,0
2014-12-08,16:05:00,28.031,28.031,28.031,28.031,510,0
2014-12-08,17:05:00,28.756,28.756,28.756,28.756,24487,0
2014-12-08,21:25:00,28.511,28.511,28.511,28.511,102,0
2014-12-09,19:00:00,28.423,28.423,28.423,28.423,204,0
2014-12-09,19:55:00,28.423,28.423,28.423,28.423,204,0
2014-12-09,20:15:00,28.374,28.374,28.374,28.374,102,0
2014-12-09,21:45:00,28.168,28.168,28.168,28.168,204,0
2014-12-10,21:15:00,28.188,28.188,28.188,28.188,351,0
2014-12-10,21:20:00,28.188,28.188,28.188,28.188,351,0
2014-12-10,21:25:00,28.374,28.374,28.345,28.345,522,0
2014-12-10,21:30:00,28.345,28.345,28.345,28.345,347,0
2014-12-11,21:35:00,28.423,28.423,28.423,28.423,1200,0
2014-12-12,17:50:00,28.041,28.041,28.041,28.041,306,0
2014-12-12,19:00:00,28.031,28.031,28.031,28.031,867,0
2014-12-12,20:50:00,28.717,28.717,28.717,28.717,286,0
2014-12-15,15:40:00,28.423,28.423,28.423,28.423,146,0
2014-12-15,15:45:00,28.305,28.305,28.305,28.305,229,0
2014-12-15,17:45:00,28.374,28.374,28.374,28.374,1020,0
2014-12-15,20:00:00,28.031,28.031,28.031,28.031,1020,0
2014-12-15,20:25:00,28.08,28.08,27.198,27.198,4897,0
2014-12-15,21:10:00,27.757,27.757,27.757,27.757,306,0
2014-12-15,21:20:00,28.129,28.129,28.129,28.129,102,0
2014-12-15,21:35:00,27.982,27.982,27.933,27.933,1632,0
2014-12-15,21:40:00,28.374,28.374,28.374,28.374,1679,0
2014-12-15,21:45:00,28.178,28.178,28.178,28.178,408,0
2014-12-15,21:50:00,28.178,28.178,28.178,28.178,204,0
2014-12-15,21:55:00,28.178,28.374,28.178,28.374,1428,0
2014-12-16,15:35:00,27.531,27.531,27.531,27.531,954,0
2014-12-16,21:05:00,28.413,28.423,28.364,28.364,1673,0
2014-12-16,22:00:00,28.423,28.423,28.423,28.423,204,0
2014-12-18,16:15:00,27.982,27.982,27.982,27.982,529,0
2014-12-18,19:20:00,28.08,28.08,28.08,28.08,408,0
2014-12-18,21:05:00,28.217,28.217,28.217,28.217,306,0
2014-12-18,21:40:00,28.423,28.423,28.423,28.423,204,0
2014-12-19,16:45:00,27.737,27.737,27.737,27.737,510,0
2014-12-19,16:50:00,28.286,28.286,28.286,28.286,1469,0
2014-12-19,20:30:00,28.374,28.374,28.374,28.374,1020,0
2014-12-19,20:40:00,28.011,28.011,28.011,28.011,1020,0
2014-12-22,15:40:00,28.472,28.501,28.472,28.472,679,0
2014-12-22,16:10:00,28.227,28.227,28.227,28.227,255,0
2014-12-22,16:35:00,27.737,27.737,27.737,27.737,1041,0
2014-12-22,17:45:00,28.227,28.815,27.933,27.962,2979,0
2014-12-22,20:05:00,28.276,28.276,28.276,28.276,154,0
2014-12-22,20:20:00,28.227,28.227,28.227,28.227,161,0
2014-12-22,21:55:00,28.266,28.266,28.266,28.266,612,0
2014-12-22,22:00:00,28.266,28.423,28.266,28.423,1122,0
2014-12-23,15:35:00,27.815,27.815,27.815,27.815,1077,0
2014-12-23,17:35:00,28.276,28.276,28.276,28.276,612,0
2014-12-23,19:10:00,27.992,27.992,27.992,27.992,204,0
2014-12-23,19:25:00,28.217,28.217,28.168,28.168,2041,0
2014-12-23,19:35:00,27.766,27.884,27.766,27.884,306,0
2014-12-23,21:10:00,27.796,27.796,27.796,27.796,204,0
2014-12-23,21:15:00,27.796,27.796,27.796,27.796,102,0
2014-12-23,21:20:00,27.796,27.796,27.796,27.796,204,0
2014-12-23,21:25:00,27.796,27.884,27.796,27.884,408,0
2014-12-23,21:40:00,27.884,27.884,27.845,27.845,476,0
2014-12-23,21:55:00,28.109,28.109,28.109,28.109,102,0
2014-12-24,17:55:00,27.982,27.982,27.982,27.982,102,0
2014-12-24,18:10:00,27.982,27.982,27.982,27.982,4683,0
2014-12-24,18:15:00,27.943,27.943,27.933,27.933,3867,0
2014-12-26,16:30:00,28.08,28.08,28.08,28.08,1224,0
2014-12-26,18:20:00,27.933,27.933,27.845,27.845,1243,0
2014-12-26,18:30:00,27.835,27.845,27.835,27.845,1326,0
2014-12-26,21:50:00,27.835,27.835,27.835,27.835,204,0
2014-12-29,19:10:00,27.855,27.855,27.855,27.855,408,0
2014-12-29,21:10:00,27.747,27.747,27.747,27.747,1172,0
2014-12-30,20:20:00,27.943,27.943,27.943,27.943,204,0
2014-12-31,15:35:00,27.953,27.953,27.953,27.953,358,0
2014-12-31,17:20:00,28.207,28.207,28.207,28.207,4897,0
2014-12-31,20:25:00,27.688,27.688,27.688,27.688,128,0
2014-12-31,20:45:00,27.698,27.698,27.688,27.688,1530,0
2014-12-31,22:00:00,28.08,28.08,28.08,28.08,204,0
2015-01-02,15:35:00,28.825,28.825,28.825,28.825,2041,0
2015-01-02,16:00:00,28.423,28.423,28.423,28.423,1122,0
2015-01-02,16:20:00,28.815,28.815,28.815,28.815,112,0
2015-01-02,16:35:00,28.423,28.423,28.423,28.423,510,0
2015-01-02,17:00:00,28.237,28.423,28.237,28.423,408,0
2015-01-02,17:05:00,28.237,28.237,28.237,28.237,102,0
2015-01-02,17:10:00,28.433,28.433,28.403,28.403,1326,0
2015-01-02,21:55:00,28.648,28.648,28.423,28.423,1020,0
2015-01-02,22:00:00,28.472,28.472,28.472,28.472,204,0
2015-01-05,16:15:00,28.472,28.472,28.08,28.08,1020,0
2015-01-05,17:40:00,28.492,28.492,28.492,28.492,2041,0
2015-01-05,20:10:00,28.688,28.688,28.688,28.688,204,0
2015-01-05,21:25:00,28.482,28.482,28.482,28.482,127,0
2015-01-05,22:00:00,28.129,28.129,28.129,28.129,102,0
2015-01-06,17:15:00,28.07,28.08,28.07,28.08,510,0
2015-01-06,18:00:00,28.08,28.08,28.08,28.08,204,0
2015-01-06,18:15:00,27.521,27.521,27.521,27.521,408,0
2015-01-06,21:55:00,28.08,28.08,28.08,28.08,102,0
2015-01-06,22:00:00,28.08,28.08,28.08,28.08,490,0
2015-01-07,18:30:00,28.08,28.08,28.08,28.08,128,0
2015-01-07,21:15:00,27.747,27.855,27.747,27.855,747,0
2015-01-07,21:20:00,27.747,27.747,27.747,27.747,204,0
2015-01-07,22:00:00,28.08,28.08,28.08,28.08,1020,0
2015-01-08,17:05:00,28.011,28.011,28.011,28.011,153,0
2015-01-08,17:25:00,27.933,27.933,27.933,27.933,816,0
2015-01-08,20:25:00,28.08,28.08,28.08,28.08,1122,0
2015-01-08,21:25:00,28.08,28.08,28.08,28.08,102,0
2015-01-08,21:30:00,28.08,28.325,28.08,28.315,1326,0
2015-01-08,21:35:00,28.325,28.325,28.325,28.325,102,0
2015-01-08,21:55:00,28.168,28.168,28.168,28.168,255,0
2015-01-09,19:45:00,28.227,28.237,28.227,28.237,408,0
2015-01-09,20:50:00,28.423,28.423,28.423,28.423,204,0
2015-01-09,21:10:00,28.227,28.227,28.227,28.227,188,0
2015-01-09,22:00:00,28.227,28.227,28.227,28.227,102,0
2015-01-12,16:35:00,28.423,28.423,28.423,28.423,306,0
2015-01-12,17:00:00,28.374,28.374,28.374,28.374,408,0
2015-01-12,18:20:00,28.178,28.178,28.178,28.178,238,0
2015-01-12,19:25:00,28.178,28.178,28.178,28.178,375,0
2015-01-12,20:00:00,28.178,28.178,28.178,28.178,398,0
2015-01-12,20:20:00,28.178,28.178,28.178,28.178,690,0
2015-01-12,20:30:00,28.178,28.178,28.178,28.178,204,0
2015-01-12,22:00:00,28.08,28.08,28.08,28.08,204,0
2015-01-13,17:15:00,28.08,28.08,28.08,28.08,235,0
2015-01-13,18:10:00,28.08,28.08,28.08,28.08,306,0
2015-01-13,18:20:00,28.08,28.08,28.08,28.08,1530,0
2015-01-13,20:45:00,27.933,27.933,27.933,27.933,459,0
2015-01-13,21:25:00,27.757,27.757,27.757,27.757,102,0
2015-01-14,16:05:00,28.011,28.011,28.011,28.011,1224,0
2015-01-14,20:40:00,27.57,27.57,27.56,27.56,280,0
2015-01-14,20:50:00,27.727,27.727,27.521,27.521,730,0
2015-01-15,15:35:00,27.492,27.492,27.198,27.198,388,0
2015-01-15,15:50:00,27.198,28.06,27.198,28.06,3433,0
2015-01-15,16:50:00,28.129,28.129,28.129,28.129,153,0
2015-01-15,18:05:00,28.021,28.374,28.021,28.374,2755,0
2015-01-15,22:00:00,28.031,28.031,28.031,28.031,408,0
2015-01-16,15:35:00,27.639,27.639,27.639,27.639,204,0
2015-01-16,16:20:00,27.933,27.933,27.933,27.933,408,0
2015-01-16,20:20:00,27.933,27.933,27.933,27.933,204,0
2015-01-16,20:55:00,27.933,27.933,27.933,27.933,995,0
2015-01-16,21:55:00,27.698,27.698,27.541,27.541,1071,0
2015-01-16,22:00:00,28.021,28.021,28.021,28.021,102,0
2015-01-20,15:40:00,27.757,27.796,27.757,27.796,332,0
2015-01-20,15:45:00,28.296,28.296,28.296,28.296,306,0
2015-01-20,20:10:00,27.757,27.757,27.757,27.757,204,0
2015-01-20,20:15:00,27.737,27.737,27.737,27.737,306,0
2015-01-21,17:10:00,27.835,27.835,27.737,27.737,1939,0
2015-01-21,17:50:00,27.737,27.737,27.737,27.737,816,0
2015-01-21,19:55:00,27.737,27.737,27.737,27.737,871,0
2015-01-21,20:10:00,28.266,28.266,28.266,28.266,1581,0
2015-01-22,15:35:00,28.011,28.011,28.011,28.011,239,0
2015-01-22,16:10:00,27.796,27.796,27.796,27.796,102,0
2015-01-22,16:40:00,28.315,28.315,28.315,28.315,1020,0
2015-01-22,16:50:00,27.747,27.747,27.747,27.747,102,0
2015-01-22,17:35:00,27.776,27.776,27.747,27.747,529,0
2015-01-22,18:30:00,27.747,27.747,27.747,27.747,1914,0
2015-01-22,18:40:00,27.815,27.815,27.815,27.815,816,0
2015-01-22,18:50:00,28.237,28.237,28.237,28.237,204,0
2015-01-22,21:20:00,28.198,28.198,28.198,28.198,163,0
2015-01-22,21:35:00,27.198,27.208,27.198,27.208,1122,0
2015-01-23,18:30:00,28.364,28.364,28.364,28.364,204,0
2015-01-23,18:40:00,27.492,27.492,27.492,27.492,306,0
2015-01-23,19:10:00,27.492,27.492,27.453,27.453,816,0
2015-01-23,19:50:00,27.737,27.737,27.737,27.737,204,0
2015-01-26,18:30:00,27.737,27.737,27.737,27.737,612,0
2015-01-26,19:35:00,27.727,27.737,27.727,27.727,714,0
2015-01-26,19:45:00,27.786,27.855,27.786,27.855,510,0
2015-01-26,21:35:00,27.639,27.639,27.639,27.639,408,0
2015-01-26,22:00:00,28.011,28.011,28.011,28.011,102,0
2015-01-27,15:35:00,28.011,28.011,28.011,28.011,918,0
2015-01-27,15:50:00,28.335,28.335,28.335,28.335,510,0
2015-01-27,17:10:00,27.904,27.904,27.904,27.904,1153,0
2015-01-27,22:00:00,28.237,28.237,28.237,28.237,102,0
2015-01-28,17:50:00,28.335,28.335,28.335,28.335,204,0
2015-01-29,18:00:00,28.08,28.08,28.08,28.08,766,0
2015-01-29,21:50:00,27.933,27.933,27.933,27.933,129,0
2015-01-30,17:10:00,27.972,27.982,27.972,27.982,714,0
2015-01-30,18:05:00,27.933,27.972,27.894,27.894,1199,0
2015-01-30,18:10:00,27.796,27.894,27.796,27.894,2593,0
2015-01-30,21:55:00,27.874,27.874,27.874,27.874,612,0
2015-02-02,15:35:00,27.904,27.904,27.904,27.904,612,0
2015-02-02,17:40:00,27.874,27.874,27.874,27.874,204,0
2015-02-02,17:55:00,27.59,27.59,27.56,27.56,608,0
2015-02-02,19:20:00,27.904,27.904,27.727,27.727,408,0
2015-02-02,20:25:00,27.894,27.894,27.894,27.894,1020,0
2015-02-02,20:35:00,27.688,27.688,27.688,27.688,1938,0
2015-02-02,21:40:00,27.815,27.815,27.815,27.815,102,0
2015-02-02,21:50:00,27.688,27.688,27.688,27.688,204,0
2015-02-02,21:55:00,28.119,28.119,28.119,28.119,143,0
2015-02-03,15:35:00,28.129,28.129,28.129,28.129,204,0
2015-02-03,17:10:00,28.57,28.57,28.57,28.57,204,0
2015-02-03,17:45:00,28.668,28.668,28.668,28.668,2244,0
2015-02-03,21:15:00,28.423,28.423,28.423,28.423,204,0
2015-02-03,22:00:00,28.423,28.423,28.423,28.423,204,0
2015-02-04,16:35:00,28.423,28.423,28.227,28.227,204,0
2015-02-04,16:40:00,28.227,28.227,28.178,28.227,1020,0
2015-02-04,17:15:00,28.619,28.619,28.619,28.619,1530,0
2015-02-04,20:00:00,28.276,28.276,28.276,28.276,290,0
2015-02-04,21:05:00,28.629,28.629,28.629,28.629,204,0
2015-02-05,16:45:00,28.345,28.345,28.345,28.345,306,0
2015-02-05,19:55:00,28.296,28.296,28.296,28.296,630,0
2015-02-05,20:30:00,28.08,28.08,27.649,27.649,8306,0
2015-02-05,20:55:00,27.668,27.668,27.668,27.668,102,0
2015-02-05,21:20:00,28.178,28.178,28.178,28.178,102,0
2015-02-05,22:00:00,27.708,27.708,27.708,27.708,102,0
2015-02-06,15:45:00,27.79,27.79,27.79,27.79,200,0
2015-02-06,15:55:00,27.9,27.9,27.9,27.9,876,0
2015-02-06,18:35:00,29.09,29.21,29.09,29.21,740,0
2015-02-06,18:40:00,29.2,29.2,29.2,29.2,256,0
2015-02-06,18:50:00,28.92,29.19,28.92,29.19,2101,0
2015-02-06,18:55:00,29.19,29.19,29.19,29.19,7084,0
2015-02-06,20:20:00,28.75,28.75,28.75,28.75,101,0
2015-02-06,20:55:00,29.14,29.14,29.14,29.14,2000,0
2015-02-09,15:35:00,28.96,28.96,28.96,28.96,112,0
2015-02-09,16:25:00,28.99,28.99,28.99,28.99,4000,0
2015-02-09,18:40:00,28.17,28.55,28.17,28.55,1500,0
2015-02-10,15:35:00,28.25,28.35,27.99,28.15,3390,0
2015-02-10,17:10:00,27.62,27.62,27.62,27.62,100,0
2015-02-10,17:15:00,27.93,27.93,27.93,27.93,200,0
2015-02-10,17:45:00,28.2,28.2,28.2,28.2,800,0
2015-02-10,19:55:00,27.62,27.62,27.62,27.62,400,0
2015-02-10,21:00:00,27.62,27.62,27.62,27.62,400,0
2015-02-10,21:50:00,28.0,28.0,28.0,28.0,800,0
2015-02-10,21:55:00,28.0,28.0,28.0,28.0,200,0
2015-02-11,19:00:00,27.85,27.85,27.85,27.85,300,0
2015-02-11,20:10:00,27.84,27.84,27.84,27.84,300,0
2015-02-11,20:45:00,27.71,27.71,27.71,27.71,1000,0
2015-02-11,21:20:00,28.41,28.41,28.41,28.41,2100,0
2015-02-11,22:00:00,28.3,28.3,28.3,28.3,200,0
2015-02-12,17:05:00,28.25,28.25,28.25,28.25,800,0
2015-02-12,19:55:00,27.92,27.92,27.92,27.92,600,0
2015-02-12,21:15:00,27.92,27.95,27.92,27.95,704,0
2015-02-12,21:30:00,27.9,27.9,27.9,27.9,200,0
2015-02-13,15:35:00,28.01,28.01,28.01,28.01,514,0
2015-02-13,17:20:00,27.75,27.77,27.75,27.77,900,0
2015-02-13,17:35:00,28.0,28.0,28.0,28.0,1297,0
2015-02-13,18:35:00,27.82,27.82,27.82,27.82,134,0
2015-02-13,19:20:00,28.0,28.0,28.0,28.0,100,0
2015-02-13,20:25:00,27.78,27.85,27.78,27.85,378,0
2015-02-13,20:30:00,28.4,28.4,28.4,28.4,200,0
2015-02-13,20:40:00,27.84,27.84,27.84,27.84,128,0
2015-02-17,15:35:00,28.19,28.19,28.19,28.19,2616,0
2015-02-17,16:20:00,28.59,28.59,28.59,28.59,1056,0
2015-02-17,21:35:00,27.9,27.9,27.9,27.9,200,0
2015-02-17,22:00:00,27.92,27.92,27.91,27.91,200,0
2015-02-18,16:05:00,28.07,28.07,28.07,28.07,685,0
2015-02-18,16:10:00,28.34,28.34,28.34,28.34,350,0
2015-02-18,16:50:00,28,28,28,28,700,0
2015-02-18,19:15:00,28.29,28.29,28.29,28.29,350,0
2015-02-18,19:40:00,27.86,27.86,27.85,27.85,452,0
2015-02-18,20:25:00,28.06,28.06,28.06,28.06,318,0
2015-02-19,15:50:00,27.9,27.9,27.9,27.9,250,0
2015-02-19,15:55:00,27.99,27.99,27.85,27.85,2088,0
2015-02-19,20:15:00,28.05,28.05,27.93,27.93,250,0
2015-02-19,20:50:00,27.94,28.04,27.94,28.04,400,0
2015-02-19,21:15:00,27.93,28.25,27.85,28.02,1800,0
2015-02-20,18:00:00,27.8,27.8,27.8,27.8,400,0
2015-02-20,18:05:00,27.8,27.8,27.8,27.8,2800,0
2015-02-23,17:00:00,28.04,28.04,28.04,28.04,680,0
