Date,Time,Open,High,Low,Close,Volume,OpenInt
2014-11-13,22:00:00,32.45,32.45,32.43,32.43,1100,0
2014-11-14,15:40:00,32.6,32.6,32.57,32.57,511,0
2014-11-14,16:30:00,32.59,32.59,32.59,32.59,150,0
2014-11-14,16:40:00,32.64,32.64,32.64,32.64,100,0
2014-11-14,16:50:00,32.63,32.63,32.63,32.63,300,0
2014-11-14,16:55:00,32.64,32.64,32.64,32.64,2187,0
2014-11-14,17:00:00,32.61,32.64,32.61,32.64,300,0
2014-11-14,18:35:00,32.67,32.67,32.67,32.67,800,0
2014-11-14,19:45:00,32.68,32.68,32.68,32.68,1000,0
2014-11-14,20:00:00,32.71,32.71,32.71,32.71,1000,0
2014-11-14,20:05:00,32.68,32.69,32.68,32.68,900,0
2014-11-14,20:35:00,32.73,32.73,32.73,32.73,2000,0
2014-11-14,20:45:00,32.72,32.72,32.72,32.72,232,0
2014-11-14,20:50:00,32.72,32.73,32.72,32.73,609,0
2014-11-14,21:10:00,32.71,32.71,32.71,32.71,200,0
2014-11-14,21:15:00,32.72,32.74,32.72,32.74,310,0
2014-11-14,21:45:00,32.72,32.72,32.72,32.72,222,0
2014-11-17,15:50:00,32.79,32.79,32.74,32.79,17976,0
2014-11-17,16:05:00,32.79,32.79,32.79,32.79,200,0
2014-11-17,16:10:00,32.8,32.8,32.75,32.75,800,0
2014-11-17,16:15:00,32.8,32.8,32.8,32.8,300,0
2014-11-17,16:40:00,32.79,32.79,32.79,32.79,2000,0
2014-11-17,16:50:00,32.79,32.79,32.74,32.76,13420,0
2014-11-17,17:10:00,32.63,32.63,32.63,32.63,800,0
2014-11-17,17:20:00,32.71,32.71,32.64,32.64,1323,0
2014-11-17,17:25:00,32.64,32.64,32.64,32.64,1000,0
2014-11-17,17:30:00,32.64,32.64,32.6,32.6,7142,0
2014-11-17,17:40:00,32.66,32.66,32.66,32.66,2500,0
2014-11-17,18:20:00,32.66,32.66,32.66,32.66,200,0
2014-11-17,18:30:00,32.68,32.68,32.68,32.68,200,0
2014-11-17,18:40:00,32.68,32.68,32.68,32.68,400,0
2014-11-17,19:05:00,32.7,32.7,32.7,32.7,800,0
2014-11-17,20:00:00,32.77,32.77,32.77,32.77,1000,0
2014-11-17,20:10:00,32.8,32.8,32.8,32.8,100,0
2014-11-17,20:15:00,32.78,32.78,32.78,32.78,450,0
2014-11-17,21:00:00,32.78,32.78,32.78,32.78,200,0
2014-11-17,21:10:00,32.81,32.81,32.81,32.81,346,0
2014-11-17,21:40:00,32.82,32.82,32.81,32.81,4490,0
2014-11-17,21:50:00,32.79,32.79,32.79,32.79,400,0
2014-11-17,22:00:00,32.79,32.79,32.78,32.78,700,0
2014-11-18,16:00:00,32.59,32.59,32.59,32.59,300,0
2014-11-18,17:00:00,32.56,32.58,32.55,32.55,2537,0
2014-11-18,17:05:00,32.55,32.55,32.55,32.55,700,0
2014-11-18,17:25:00,32.59,32.6,32.59,32.6,3900,0
2014-11-18,17:30:00,32.58,32.58,32.58,32.58,66226,0
2014-11-18,17:35:00,32.59,32.59,32.59,32.59,3109,0
2014-11-18,17:45:00,32.55,32.55,32.54,32.55,10475,0
2014-11-18,17:50:00,32.55,32.6,32.55,32.59,20198,0
2014-11-18,18:05:00,32.5,32.5,32.48,32.48,2645,0
2014-11-18,18:15:00,32.53,32.53,32.53,32.53,642,0
2014-11-18,18:35:00,32.59,32.62,32.59,32.62,1200,0
2014-11-18,18:40:00,32.63,32.63,32.63,32.63,200,0
2014-11-18,20:30:00,32.61,32.61,32.59,32.59,3871,0
2014-11-18,20:35:00,32.59,32.59,32.59,32.59,934,0
2014-11-18,21:00:00,32.64,32.64,32.64,32.64,162,0
2014-11-18,21:50:00,32.6,32.6,32.6,32.6,242,0
2014-11-18,22:00:00,32.6,32.6,32.6,32.6,1500,0
2014-11-19,15:55:00,32.57,32.57,32.54,32.57,400,0
2014-11-19,16:00:00,32.58,32.58,32.57,32.57,4000,0
2014-11-19,16:15:00,32.57,32.57,32.57,32.57,360,0
2014-11-19,16:55:00,32.56,32.56,32.56,32.56,1000,0
2014-11-19,17:40:00,32.58,32.58,32.58,32.58,350,0
2014-11-19,18:05:00,32.63,32.63,32.63,32.63,800,0
2014-11-19,18:10:00,32.65,32.65,32.65,32.65,100,0
2014-11-19,18:30:00,32.68,32.68,32.68,32.68,100,0
2014-11-19,18:35:00,32.67,32.67,32.65,32.65,800,0
2014-11-19,19:10:00,32.65,32.65,32.65,32.65,100,0
2014-11-19,19:35:00,32.69,32.69,32.69,32.69,100,0
2014-11-19,19:50:00,32.73,32.73,32.73,32.73,983,0
2014-11-19,19:55:00,32.75,32.75,32.75,32.75,1480,0
2014-11-19,20:15:00,32.74,32.74,32.74,32.74,300,0
2014-11-19,20:25:00,32.78,32.78,32.78,32.78,1800,0
2014-11-19,21:00:00,32.78,32.78,32.78,32.78,200,0
2014-11-19,21:25:00,32.78,32.78,32.78,32.78,500,0
2014-11-19,21:40:00,32.74,32.74,32.74,32.74,3200,0
2014-11-19,21:50:00,32.77,32.77,32.77,32.77,200,0
2014-11-19,22:00:00,32.73,32.73,32.73,32.73,500,0
2014-11-20,16:10:00,32.45,32.45,32.45,32.45,1534,0
2014-11-20,16:25:00,32.53,32.53,32.53,32.53,900,0
2014-11-20,16:50:00,32.38,32.38,32.38,32.38,220,0
2014-11-20,17:00:00,32.38,32.38,32.38,32.38,600,0
2014-11-20,17:40:00,32.37,32.37,32.37,32.37,2000,0
2014-11-20,18:10:00,32.47,32.47,32.47,32.47,200,0
2014-11-20,18:35:00,32.5,32.5,32.5,32.5,1800,0
2014-11-20,20:50:00,32.5,32.5,32.5,32.5,579,0
2014-11-20,21:25:00,32.5,32.5,32.5,32.5,2000,0
2014-11-20,21:45:00,32.51,32.51,32.51,32.51,200,0
2014-11-20,21:50:00,32.5,32.5,32.5,32.5,2286,0
2014-11-20,22:00:00,32.51,32.51,32.51,32.51,200,0
2014-11-21,17:40:00,32.56,32.56,32.56,32.56,472,0
2014-11-21,17:50:00,32.55,32.55,32.55,32.55,200,0
2014-11-21,18:35:00,32.55,32.56,32.55,32.56,2900,0
2014-11-21,21:35:00,32.57,32.57,32.57,32.57,250,0
2014-11-21,21:40:00,32.56,32.56,32.56,32.56,500,0
2014-11-21,21:45:00,32.52,32.52,32.52,32.52,690,0
2014-11-21,22:00:00,32.51,32.51,32.51,32.51,377,0
2014-11-24,15:35:00,32.3,32.55,31.18,32.38,8179,0
2014-11-24,15:40:00,32.38,32.38,32.38,32.38,400,0
2014-11-24,15:50:00,32.38,32.38,32.38,32.38,170,0
2014-11-24,15:55:00,32.38,32.38,32.38,32.38,400,0
2014-11-24,16:05:00,32.38,32.41,32.38,32.41,200,0
2014-11-24,16:10:00,32.58,32.58,32.56,32.56,200,0
2014-11-24,16:15:00,32.58,32.58,32.58,32.58,316,0
2014-11-24,17:10:00,32.69,32.69,32.69,32.69,1675,0
2014-11-24,17:50:00,32.65,32.65,32.65,32.65,1976,0
2014-11-24,19:50:00,32.19,32.25,32.19,32.25,2458,0
2014-11-24,19:55:00,32.27,32.27,32.27,32.27,700,0
2014-11-24,21:30:00,32.25,32.26,32.25,32.26,1870,0
2014-11-24,22:00:00,32.23,32.24,32.23,32.24,900,0
2014-11-25,16:00:00,32.3,32.3,32.3,32.3,400,0
2014-11-25,16:55:00,32.3,32.3,32.3,32.3,1700,0
2014-11-25,17:05:00,32.19,32.19,32.19,32.19,400,0
2014-11-25,17:30:00,32.11,32.11,32.11,32.11,190,0
2014-11-25,17:50:00,32.14,32.14,32.14,32.14,363,0
2014-11-25,18:55:00,32.21,32.21,32.21,32.21,1576,0
2014-11-25,20:40:00,32.33,32.33,32.33,32.33,200,0
2014-11-25,21:50:00,32.31,32.31,32.31,32.31,424,0
2014-11-25,22:00:00,32.28,32.28,32.28,32.28,1341,0
2014-11-26,16:10:00,32.22,32.22,32.22,32.22,300,0
2014-11-26,16:25:00,32.32,32.32,32.29,32.29,1883,0
2014-11-26,19:05:00,32.15,32.15,32.15,32.15,258,0
2014-11-26,19:35:00,32.08,32.08,32.08,32.08,200,0
2014-11-26,21:00:00,32.05,32.05,32.05,32.05,200,0
2014-11-26,21:05:00,32.01,32.02,32.01,32.02,600,0
2014-11-26,21:40:00,32.01,32.01,32.01,32.01,290,0
2014-11-28,16:10:00,31.96,31.96,31.96,31.96,555,0
2014-11-28,16:35:00,31.99,31.99,31.99,31.99,3400,0
2014-11-28,17:45:00,31.97,31.97,31.97,31.97,500,0
2014-11-28,17:50:00,31.97,32.01,31.97,32.01,960,0
2014-11-28,18:40:00,31.89,31.89,31.89,31.89,100,0
2014-11-28,18:45:00,31.89,31.89,31.89,31.89,100,0
2014-11-28,18:50:00,31.89,31.91,31.89,31.91,300,0
2014-11-28,18:55:00,31.88,31.9,31.88,31.9,200,0
2014-11-28,19:00:00,31.9,31.9,31.84,31.85,700,0
2014-12-01,16:15:00,31.85,31.85,31.85,31.85,200,0
2014-12-01,16:35:00,31.72,31.72,31.72,31.72,300,0
2014-12-01,16:55:00,31.69,31.71,31.66,31.71,8552,0
2014-12-01,17:40:00,31.74,31.77,31.74,31.77,900,0
2014-12-01,18:00:00,31.79,31.81,31.79,31.81,3956,0
2014-12-01,18:15:00,31.76,31.77,31.76,31.77,576,0
2014-12-01,18:30:00,31.75,31.75,31.75,31.75,1500,0
2014-12-01,18:35:00,31.75,31.75,31.75,31.75,5987,0
2014-12-01,18:55:00,31.78,31.78,31.78,31.78,500,0
2014-12-01,19:20:00,31.86,31.86,31.86,31.86,1200,0
2014-12-01,19:30:00,31.99,32.02,31.99,31.99,1324,0
2014-12-01,19:50:00,32.11,32.11,32.11,32.11,844,0
2014-12-01,20:05:00,32.12,32.12,32.12,32.12,750,0
2014-12-01,20:50:00,32.11,32.11,32.11,32.11,774,0
2014-12-01,21:15:00,32.11,32.11,32.11,32.11,6016,0
2014-12-01,21:50:00,32.15,32.15,32.15,32.15,100,0
2014-12-02,15:55:00,32.04,32.04,32.02,32.02,373,0
2014-12-02,16:45:00,32.09,32.09,32.08,32.08,3200,0
2014-12-02,17:00:00,32.06,32.06,32.06,32.06,500,0
2014-12-02,17:25:00,32.04,32.04,32.04,32.04,800,0
2014-12-02,18:00:00,31.98,32.0,31.98,32.0,216,0
2014-12-02,18:20:00,31.93,31.93,31.93,31.93,2355,0
2014-12-02,19:55:00,31.96,31.96,31.96,31.96,400,0
2014-12-02,22:00:00,31.81,31.81,31.81,31.81,300,0
2014-12-03,15:35:00,31.65,31.65,31.6,31.6,540,0
2014-12-03,15:40:00,31.65,31.65,31.65,31.65,4000,0
2014-12-03,15:55:00,31.69,31.69,31.69,31.69,477,0
2014-12-03,16:15:00,31.47,31.47,31.46,31.46,700,0
2014-12-03,16:25:00,31.5,31.5,31.5,31.5,600,0
2014-12-03,16:55:00,31.42,31.42,31.42,31.42,700,0
2014-12-03,17:35:00,31.47,31.5,31.47,31.5,1300,0
2014-12-03,17:45:00,31.51,31.51,31.51,31.51,800,0
2014-12-03,18:30:00,31.55,31.55,31.55,31.55,400,0
2014-12-03,21:35:00,31.37,31.37,31.37,31.37,190,0
2014-12-04,17:15:00,31.34,31.37,31.34,31.37,597,0
2014-12-04,17:20:00,31.33,31.33,31.33,31.33,500,0
2014-12-04,17:35:00,31.36,31.38,31.36,31.36,3500,0
2014-12-04,19:55:00,31.28,31.28,31.28,31.28,3258,0
2014-12-04,20:05:00,31.33,31.34,31.33,31.34,2120,0
2014-12-04,21:15:00,31.32,31.32,31.32,31.32,429,0
2014-12-04,21:25:00,31.34,31.34,31.34,31.34,192,0
2014-12-05,15:35:00,31.35,31.35,31.35,31.35,5644,0
2014-12-05,16:05:00,31.32,31.32,31.32,31.32,4300,0
2014-12-05,16:10:00,31.26,31.26,31.26,31.26,300,0
2014-12-05,17:10:00,31.14,31.15,31.14,31.15,2129,0
2014-12-05,17:15:00,31.18,31.18,31.17,31.17,9400,0
2014-12-05,17:55:00,31.17,31.17,31.17,31.17,200,0
2014-12-05,18:10:00,31.06,31.06,31.06,31.06,800,0
2014-12-05,18:40:00,31.07,31.07,31.01,31.01,1250,0
2014-12-05,18:45:00,31.04,31.04,31.04,31.04,200,0
2014-12-05,18:55:00,31.0,31.0,31.0,31.0,600,0
2014-12-05,19:25:00,31.0,31.0,31.0,31.0,760,0
2014-12-05,19:30:00,30.99,31.0,30.99,31.0,540,0
2014-12-05,20:05:00,30.86,30.86,30.86,30.86,842,0
2014-12-05,20:20:00,30.88,30.88,30.88,30.88,600,0
2014-12-05,20:25:00,30.89,30.91,30.86,30.9,41000,0
2014-12-05,21:00:00,30.89,30.89,30.89,30.89,100,0
2014-12-05,21:20:00,30.87,30.87,30.87,30.87,200,0
2014-12-05,21:25:00,30.89,30.9,30.89,30.9,300,0
2014-12-05,21:40:00,30.9,30.9,30.9,30.9,100,0
2014-12-05,21:50:00,30.91,30.91,30.91,30.91,200,0
2014-12-05,21:55:00,30.91,30.92,30.91,30.92,5352,0
2014-12-08,16:15:00,30.72,30.72,30.72,30.72,200,0
2014-12-08,16:25:00,30.68,30.68,30.68,30.68,311,0
2014-12-08,16:30:00,30.72,30.73,30.72,30.73,1465,0
2014-12-08,17:10:00,30.7,30.7,30.7,30.7,300,0
2014-12-08,17:15:00,30.72,30.72,30.72,30.72,200,0
2014-12-08,17:20:00,30.74,30.74,30.74,30.74,400,0
2014-12-08,18:00:00,30.69,30.69,30.69,30.69,200,0
2014-12-08,18:05:00,30.7,30.7,30.7,30.7,412,0
2014-12-08,18:45:00,30.64,30.64,30.64,30.64,300,0
2014-12-08,19:05:00,30.54,30.54,30.5,30.5,2051,0
2014-12-08,19:30:00,30.45,30.48,30.45,30.48,339,0
2014-12-08,19:35:00,30.48,30.48,30.48,30.48,205,0
2014-12-08,19:50:00,30.47,30.47,30.47,30.47,1600,0
2014-12-08,20:00:00,30.46,30.46,30.46,30.46,600,0
2014-12-08,20:10:00,30.49,30.49,30.49,30.49,360,0
2014-12-08,20:35:00,30.55,30.55,30.55,30.55,200,0
2014-12-08,20:55:00,30.58,30.58,30.58,30.58,500,0
2014-12-08,21:10:00,30.57,30.57,30.57,30.57,200,0
2014-12-08,21:45:00,30.53,30.53,30.53,30.53,3900,0
2014-12-08,21:50:00,30.54,30.57,30.53,30.53,5990,0
2014-12-08,21:55:00,30.52,30.52,30.52,30.52,2800,0
2014-12-08,22:00:00,30.5,30.5,30.5,30.5,912,0
2014-12-09,15:45:00,30.4,30.4,30.4,30.4,100,0
2014-12-09,15:50:00,30.36,30.36,30.36,30.36,125,0
2014-12-09,15:55:00,30.43,30.43,30.43,30.43,500,0
2014-12-09,16:00:00,30.41,30.41,30.41,30.41,300,0
2014-12-09,16:10:00,30.5,30.5,30.5,30.5,200,0
2014-12-09,16:20:00,30.54,30.54,30.54,30.54,300,0
2014-12-09,16:25:00,30.54,30.54,30.54,30.54,345,0
2014-12-09,16:50:00,30.61,30.61,30.61,30.61,1040,0
2014-12-09,18:50:00,30.63,30.63,30.63,30.63,3189,0
2014-12-09,21:05:00,30.66,30.66,30.66,30.66,236,0
2014-12-09,21:15:00,30.65,30.65,30.65,30.65,200,0
2014-12-09,21:25:00,30.64,30.64,30.64,30.64,1300,0
2014-12-09,21:45:00,30.6,30.6,30.6,30.6,1200,0
2014-12-09,21:50:00,30.6,30.6,30.6,30.6,105,0
2014-12-09,21:55:00,30.59,30.59,30.59,30.59,108,0
2014-12-09,22:00:00,30.6,30.61,30.6,30.61,733,0
2014-12-10,15:50:00,30.65,30.65,30.65,30.65,1771,0
2014-12-10,15:55:00,30.62,30.63,30.62,30.63,400,0
2014-12-10,16:15:00,30.45,30.45,30.45,30.45,200,0
2014-12-10,16:25:00,30.42,30.42,30.42,30.42,180,0
2014-12-10,16:30:00,30.49,30.49,30.49,30.49,200,0
2014-12-10,16:45:00,30.49,30.49,30.49,30.49,528,0
2014-12-10,16:50:00,30.6,30.6,30.6,30.6,800,0
2014-12-10,17:15:00,30.7,30.7,30.6,30.6,1100,0
2014-12-10,19:45:00,30.61,30.61,30.61,30.61,1500,0
2014-12-10,19:50:00,30.59,30.59,30.59,30.59,834,0
2014-12-10,20:00:00,30.54,30.54,30.54,30.54,400,0
2014-12-10,20:05:00,30.56,30.56,30.56,30.56,1200,0
2014-12-10,20:45:00,30.55,30.55,30.55,30.55,175,0
2014-12-10,21:00:00,30.61,30.61,30.61,30.61,250,0
2014-12-10,21:30:00,30.6,30.6,30.6,30.6,1000,0
2014-12-10,22:00:00,30.53,30.53,30.53,30.53,200,0
2014-12-11,15:35:00,30.59,30.59,30.59,30.59,1354,0
2014-12-11,15:50:00,30.57,30.57,30.57,30.57,400,0
2014-12-11,16:05:00,30.59,30.59,30.59,30.59,600,0
2014-12-11,17:40:00,30.49,30.49,30.49,30.49,100,0
2014-12-11,17:55:00,30.48,30.48,30.48,30.48,600,0
2014-12-11,19:25:00,30.55,30.56,30.55,30.56,1377,0
2014-12-11,20:00:00,30.52,30.52,30.51,30.51,524,0
2014-12-11,20:50:00,30.5,30.5,30.5,30.5,100,0
2014-12-11,21:00:00,30.51,30.52,30.51,30.52,600,0
2014-12-11,21:25:00,30.51,30.51,30.51,30.51,100,0
2014-12-11,21:45:00,30.5,30.5,30.5,30.5,200,0
2014-12-11,21:55:00,30.48,30.48,30.48,30.48,200,0
2014-12-12,15:40:00,30.27,30.27,30.27,30.27,491,0
2014-12-12,15:55:00,30.32,30.32,30.32,30.32,354,0
2014-12-12,16:55:00,30.32,30.32,30.32,30.32,528,0
2014-12-12,18:00:00,30.54,30.54,30.54,30.54,1000,0
2014-12-12,18:25:00,30.48,30.48,30.48,30.48,3900,0
2014-12-12,18:45:00,30.46,30.46,30.46,30.46,5000,0
2014-12-12,18:50:00,30.43,30.43,30.43,30.43,9200,0
2014-12-12,18:55:00,30.41,30.41,30.41,30.41,2000,0
2014-12-12,19:55:00,30.33,30.33,30.33,30.33,500,0
2014-12-12,20:10:00,30.28,30.28,30.28,30.28,1920,0
2014-12-12,20:15:00,30.3,30.3,30.3,30.3,260,0
2014-12-12,20:45:00,30.28,30.28,30.28,30.28,12243,0
2014-12-12,20:55:00,30.25,30.25,30.25,30.25,5572,0
2014-12-12,21:35:00,30.28,30.29,30.28,30.29,1946,0
2014-12-12,21:40:00,30.28,30.36,30.28,30.3,4200,0
2014-12-15,15:35:00,30.3,30.3,30.3,30.3,203,0
2014-12-15,16:10:00,30.29,30.29,30.29,30.29,204,0
2014-12-15,16:20:00,30.29,30.29,30.29,30.29,180,0
2014-12-15,16:25:00,30.25,30.25,30.25,30.25,3298,0
2014-12-15,17:30:00,30.09,30.09,30.09,30.09,800,0
2014-12-15,17:35:00,30.09,30.11,30.09,30.11,900,0
2014-12-15,18:50:00,30.08,30.08,30.08,30.08,700,0
2014-12-15,19:25:00,30.23,30.23,30.23,30.23,426,0
2014-12-15,19:50:00,30.22,30.22,30.22,30.22,200,0
2014-12-15,20:30:00,30.18,30.2,30.18,30.19,18900,0
2014-12-15,20:35:00,30.19,30.19,30.19,30.19,4500,0
2014-12-15,20:50:00,30.16,30.16,30.16,30.16,1100,0
2014-12-15,21:40:00,30.17,30.17,30.17,30.17,300,0
2014-12-15,21:45:00,30.12,30.12,30.12,30.12,700,0
2014-12-16,15:35:00,30.12,30.12,30.12,30.12,424,0
2014-12-16,15:45:00,30.07,30.12,30.07,30.07,4817,0
2014-12-16,15:50:00,30.03,30.03,30.01,30.01,300,0
2014-12-16,16:00:00,29.94,29.94,29.94,29.94,3000,0
2014-12-16,16:15:00,29.71,29.75,29.68,29.68,1765,0
2014-12-16,16:25:00,29.73,29.73,29.73,29.73,200,0
2014-12-16,16:30:00,29.69,29.69,29.69,29.69,400,0
2014-12-16,16:50:00,29.77,29.77,29.77,29.77,300,0
2014-12-16,17:10:00,29.75,29.75,29.73,29.73,65836,0
2014-12-16,17:15:00,29.67,29.69,29.67,29.69,3200,0
2014-12-16,17:20:00,29.69,29.69,29.56,29.56,7900,0
2014-12-16,17:25:00,29.56,29.7,29.55,29.55,5200,0
2014-12-16,17:30:00,29.73,29.73,29.73,29.73,500,0
2014-12-16,17:35:00,29.73,29.73,29.73,29.73,100,0
2014-12-16,18:05:00,29.52,29.64,29.51,29.64,2220,0
2014-12-16,18:25:00,29.65,29.66,29.65,29.66,1100,0
2014-12-16,19:00:00,29.65,29.65,29.65,29.65,500,0
2014-12-16,19:05:00,29.56,29.56,29.56,29.56,375,0
2014-12-16,19:10:00,29.68,29.68,29.65,29.65,2600,0
2014-12-16,19:45:00,29.55,29.55,29.55,29.55,434,0
2014-12-16,20:05:00,29.58,29.63,29.58,29.63,319,0
2014-12-16,20:35:00,29.63,29.63,29.63,29.63,100,0
2014-12-16,21:10:00,29.6,29.6,29.49,29.49,568,0
2014-12-16,21:25:00,29.64,29.64,29.64,29.64,600,0
2014-12-16,21:35:00,29.63,29.63,29.63,29.63,435,0
2014-12-17,15:35:00,28.96,28.97,28.96,28.96,1450,0
2014-12-17,15:45:00,28.71,28.71,28.71,28.71,100,0
2014-12-17,15:50:00,28.89,28.89,28.89,28.89,700,0
2014-12-17,16:25:00,28.8,28.9,28.8,28.9,522,0
2014-12-17,16:30:00,28.82,28.9,28.82,28.9,900,0
2014-12-17,16:45:00,28.85,28.91,28.85,28.91,991,0
2014-12-17,17:00:00,28.95,28.99,28.93,28.93,1716,0
2014-12-17,17:05:00,28.97,28.97,28.92,28.92,406,0
2014-12-17,17:10:00,28.93,28.93,28.93,28.93,100,0
2014-12-17,17:15:00,28.9,28.9,28.9,28.9,2709,0
2014-12-17,18:00:00,28.84,28.84,28.84,28.84,141,0
2014-12-17,18:05:00,28.94,29.06,28.94,29.06,4000,0
2014-12-17,18:10:00,29.58,29.58,28.84,28.84,731,0
2014-12-17,19:05:00,29.15,29.16,29.15,29.16,600,0
2014-12-17,19:25:00,29.09,29.1,29.09,29.1,683,0
2014-12-17,19:30:00,29.15,29.15,29.11,29.11,600,0
2014-12-17,19:50:00,29.07,29.07,29.07,29.07,100,0
2014-12-17,20:10:00,28.91,28.91,28.91,28.91,100,0
2014-12-17,20:15:00,28.85,28.91,28.85,28.91,585,0
2014-12-17,20:20:00,28.92,28.92,28.85,28.9,1206,0
2014-12-17,20:25:00,28.84,29.04,28.84,29.04,4000,0
2014-12-17,20:30:00,29.05,29.05,29.05,29.05,600,0
2014-12-17,20:45:00,29.04,29.04,29.04,29.04,200,0
2014-12-17,20:55:00,29.04,29.05,29.04,29.04,560,0
2014-12-17,21:05:00,28.89,28.89,28.89,28.89,158,0
2014-12-17,21:20:00,28.92,28.92,28.87,28.88,1814,0
2014-12-18,15:45:00,29.5,29.51,29.5,29.51,300,0
2014-12-18,15:50:00,29.58,29.58,29.58,29.58,700,0
2014-12-18,15:55:00,29.68,29.68,29.68,29.68,100,0
2014-12-18,16:00:00,29.6,29.6,29.6,29.6,302,0
2014-12-18,16:10:00,29.5,29.5,29.4,29.4,200,0
2014-12-18,16:15:00,29.4,29.4,29.37,29.37,2147,0
2014-12-18,16:20:00,29.38,29.38,29.38,29.38,250,0
2014-12-18,16:45:00,29.24,29.24,29.24,29.24,2262,0
2014-12-18,16:50:00,29.27,29.28,29.26,29.26,1334,0
2014-12-18,17:30:00,29.23,29.23,29.23,29.23,400,0
2014-12-18,18:45:00,29.49,29.49,29.49,29.49,100,0
2014-12-18,19:35:00,29.55,29.55,29.55,29.55,100,0
2014-12-18,19:45:00,29.53,29.54,29.53,29.54,1195,0
2014-12-18,20:10:00,29.67,29.67,29.67,29.67,2600,0
2014-12-18,20:20:00,29.75,29.75,29.75,29.75,400,0
2014-12-18,20:40:00,29.7,29.7,29.7,29.7,850,0
2014-12-18,21:15:00,29.76,29.76,29.76,29.76,100,0
2014-12-18,21:20:00,29.77,29.77,29.77,29.77,100,0
2014-12-18,21:30:00,29.76,29.76,29.76,29.76,100,0
2014-12-18,21:35:00,29.76,29.76,29.76,29.76,500,0
2014-12-18,21:55:00,29.71,29.71,29.71,29.71,360,0
2014-12-18,22:00:00,29.68,29.73,29.67,29.72,1582,0
2014-12-19,15:50:00,29.81,29.81,29.77,29.77,400,0
2014-12-19,17:15:00,29.85,29.87,29.85,29.87,800,0
2014-12-19,18:10:00,29.83,29.83,29.83,29.83,378,0
2014-12-19,18:30:00,29.74,29.74,29.74,29.74,519,0
2014-12-19,19:00:00,29.65,29.65,29.65,29.65,100,0
2014-12-19,19:35:00,29.66,29.66,29.66,29.66,760,0
2014-12-19,19:45:00,29.71,29.71,29.71,29.71,700,0
2014-12-19,21:00:00,29.83,29.83,29.83,29.83,100,0
2014-12-19,21:05:00,29.85,29.85,29.85,29.85,399,0
2014-12-19,21:10:00,29.81,29.83,29.81,29.83,200,0
2014-12-19,21:20:00,29.82,29.82,29.82,29.82,100,0
2014-12-19,21:25:00,29.84,29.84,29.84,29.84,100,0
2014-12-19,21:30:00,29.83,29.83,29.83,29.83,100,0
2014-12-19,21:35:00,29.83,29.83,29.83,29.83,100,0
2014-12-19,21:40:00,29.83,29.83,29.83,29.83,200,0
2014-12-19,21:45:00,29.85,29.85,29.85,29.85,100,0
2014-12-19,21:50:00,29.85,29.85,29.85,29.85,200,0
2014-12-19,21:55:00,29.85,29.85,29.81,29.81,200,0
2014-12-19,22:00:00,29.81,29.83,29.81,29.81,500,0
2014-12-22,15:40:00,29.83,29.83,29.83,29.83,300,0
2014-12-22,16:00:00,29.8,29.8,29.8,29.8,314,0
2014-12-22,16:10:00,29.96,29.96,29.69,29.69,842,0
2014-12-22,16:15:00,29.7,29.7,29.69,29.69,261,0
2014-12-22,16:25:00,29.83,29.83,29.83,29.83,2404,0
2014-12-22,16:55:00,29.91,29.91,29.91,29.91,100,0
2014-12-22,17:15:00,29.86,29.86,29.86,29.86,100,0
2014-12-22,17:20:00,29.81,29.81,29.81,29.81,330,0
2014-12-22,17:50:00,29.71,29.71,29.71,29.71,1200,0
2014-12-22,17:55:00,29.77,29.77,29.77,29.77,800,0
2014-12-22,18:30:00,29.7,29.7,29.7,29.7,222,0
2014-12-22,19:05:00,29.74,29.74,29.74,29.74,318,0
2014-12-22,19:25:00,29.72,29.72,29.72,29.72,2800,0
2014-12-22,21:00:00,29.74,29.74,29.74,29.74,283,0
2014-12-22,21:25:00,29.69,29.69,29.69,29.69,100,0
2014-12-22,21:30:00,29.66,29.68,29.66,29.68,200,0
2014-12-22,21:35:00,29.66,29.66,29.66,29.66,100,0
2014-12-22,21:40:00,29.66,29.66,29.66,29.66,100,0
2014-12-22,21:45:00,29.66,29.66,29.66,29.66,200,0
2014-12-22,21:50:00,29.66,29.66,29.66,29.66,100,0
2014-12-22,21:55:00,29.69,29.69,29.69,29.69,1400,0
2014-12-22,22:00:00,29.71,29.71,29.7,29.7,500,0
2014-12-23,16:25:00,29.71,29.71,29.66,29.66,39600,0
2014-12-23,16:30:00,29.78,29.78,29.78,29.78,700,0
2014-12-23,17:50:00,29.79,29.8,29.79,29.8,300,0
2014-12-23,18:10:00,29.77,29.77,29.77,29.77,1100,0
2014-12-23,18:20:00,29.84,29.84,29.84,29.84,141,0
2014-12-23,18:25:00,29.81,29.81,29.81,29.81,800,0
2014-12-23,18:30:00,29.78,29.78,29.78,29.78,500,0
2014-12-23,18:45:00,29.83,29.83,29.81,29.81,206,0
2014-12-23,18:55:00,29.77,29.77,29.77,29.77,700,0
2014-12-23,19:55:00,29.81,29.81,29.81,29.81,143,0
2014-12-23,20:25:00,29.82,29.82,29.82,29.82,100,0
2014-12-23,20:50:00,29.87,29.87,29.87,29.87,200,0
2014-12-23,21:20:00,29.93,29.93,29.9,29.9,300,0
2014-12-23,21:50:00,29.88,29.88,29.88,29.88,100,0
2014-12-23,21:55:00,29.9,29.9,29.88,29.88,300,0
2014-12-23,22:00:00,29.86,29.86,29.85,29.85,600,0
2014-12-24,16:05:00,29.63,29.66,29.63,29.66,300,0
2014-12-24,16:10:00,29.68,29.68,29.68,29.68,500,0
2014-12-24,17:00:00,29.79,29.79,29.79,29.79,200,0
2014-12-24,18:00:00,29.91,29.91,29.91,29.91,300,0
2014-12-24,19:00:00,29.79,29.79,29.79,29.79,100,0
2014-12-26,15:35:00,29.87,29.87,29.87,29.87,3840,0
2014-12-26,16:25:00,29.78,29.78,29.77,29.77,400,0
2014-12-26,17:00:00,29.78,29.78,29.78,29.78,100,0
2014-12-26,17:20:00,29.71,29.71,29.71,29.71,200,0
2014-12-26,18:50:00,29.73,29.73,29.73,29.73,245,0
2014-12-26,19:10:00,29.91,29.91,29.91,29.91,208,0
2014-12-26,19:35:00,29.9,29.9,29.9,29.9,600,0
2014-12-26,20:35:00,30.09,30.12,30.09,30.12,1500,0
2014-12-26,20:40:00,30.11,30.11,30.11,30.11,100,0
2014-12-26,20:45:00,30.11,30.12,30.11,30.12,500,0
2014-12-26,21:10:00,30.13,30.13,30.13,30.13,276,0
2014-12-26,21:15:00,30.17,30.17,30.17,30.17,400,0
2014-12-26,21:20:00,30.12,30.12,30.11,30.11,200,0
2014-12-29,15:35:00,30.21,30.21,30.21,30.21,153,0
2014-12-29,16:00:00,30.49,30.49,30.49,30.49,480,0
2014-12-29,16:05:00,30.25,30.35,30.25,30.35,1350,0
2014-12-29,16:10:00,30.36,30.36,30.36,30.36,1500,0
2014-12-29,17:30:00,30.32,30.32,30.32,30.32,200,0
2014-12-29,17:40:00,30.33,30.33,30.33,30.33,1206,0
2014-12-29,18:30:00,30.56,30.56,30.56,30.56,187,0
2014-12-29,18:35:00,30.54,30.54,30.54,30.54,300,0
2014-12-29,19:00:00,30.66,30.66,30.66,30.66,200,0
2014-12-29,19:25:00,30.6,30.6,30.6,30.6,300,0
2014-12-29,21:15:00,30.47,30.47,30.47,30.47,2800,0
2014-12-29,21:25:00,30.46,30.47,30.46,30.46,700,0
2014-12-30,15:35:00,30.53,30.53,30.53,30.53,318,0
2014-12-30,17:10:00,30.32,30.34,30.32,30.34,1000,0
2014-12-30,17:35:00,30.41,30.42,30.41,30.42,800,0
2014-12-30,17:50:00,30.39,30.4,30.38,30.4,2000,0
2014-12-30,18:50:00,30.44,30.44,30.44,30.44,1200,0
2014-12-30,19:40:00,30.38,30.39,30.38,30.39,800,0
2014-12-30,20:00:00,30.38,30.38,30.38,30.38,200,0
2014-12-30,20:20:00,30.36,30.36,30.36,30.36,1200,0
2014-12-30,21:10:00,30.42,30.42,30.42,30.42,1591,0
2014-12-30,21:15:00,30.42,30.42,30.42,30.42,204,0
2014-12-30,21:45:00,30.44,30.44,30.44,30.44,898,0
2014-12-30,21:50:00,30.45,30.45,30.45,30.45,394,0
2014-12-31,16:20:00,30.46,30.46,30.45,30.45,3500,0
2014-12-31,16:35:00,30.52,30.52,30.52,30.52,710,0
2014-12-31,17:20:00,30.48,30.48,30.48,30.48,200,0
2014-12-31,17:45:00,30.4,30.4,30.4,30.4,360,0
2014-12-31,18:05:00,30.3,30.3,30.3,30.3,330,0
2014-12-31,18:50:00,30.3,30.3,30.3,30.3,990,0
2014-12-31,19:35:00,30.35,30.35,30.33,30.33,2275,0
2014-12-31,22:00:00,30.4,30.4,30.4,30.4,100,0
2015-01-02,15:35:00,30.52,30.52,30.52,30.52,345,0
2015-01-02,16:30:00,30.61,30.61,30.61,30.61,100,0
2015-01-02,16:55:00,30.44,30.44,30.44,30.44,100,0
2015-01-02,17:15:00,30.5,30.5,30.5,30.5,400,0
2015-01-02,17:30:00,30.45,30.45,30.45,30.45,200,0
2015-01-02,17:40:00,30.46,30.46,30.46,30.46,200,0
2015-01-02,18:15:00,30.52,30.52,30.52,30.52,300,0
2015-01-02,18:20:00,30.51,30.55,30.51,30.55,800,0
2015-01-02,20:50:00,30.55,30.55,30.55,30.55,100,0
2015-01-02,21:05:00,30.56,30.57,30.56,30.57,524,0
2015-01-02,21:20:00,30.56,30.57,30.56,30.57,981,0
2015-01-02,21:45:00,30.54,30.54,30.54,30.54,500,0
2015-01-02,21:50:00,30.54,30.54,30.54,30.54,190,0
2015-01-05,17:15:00,30.49,30.49,30.48,30.48,1836,0
2015-01-05,17:35:00,30.43,30.43,30.43,30.43,200,0
2015-01-05,17:45:00,30.42,30.42,30.42,30.42,1100,0
2015-01-05,19:40:00,30.41,30.41,30.41,30.41,1200,0
2015-01-05,20:30:00,30.42,30.42,30.42,30.42,600,0
2015-01-05,20:45:00,30.42,30.42,30.42,30.42,100,0
2015-01-05,20:50:00,30.42,30.42,30.42,30.42,200,0
2015-01-05,21:20:00,30.36,30.36,30.36,30.36,350,0
2015-01-05,21:50:00,30.4,30.4,30.4,30.4,400,0
2015-01-06,15:35:00,30.31,30.31,30.31,30.31,100,0
2015-01-06,15:55:00,30.21,30.21,30.19,30.2,1550,0
2015-01-06,16:10:00,30.31,30.31,30.31,30.31,200,0
2015-01-06,16:25:00,30.22,30.22,30.22,30.22,250,0
2015-01-06,16:45:00,30.19,30.19,30.19,30.19,388,0
2015-01-06,17:10:00,30.02,30.02,30.02,30.02,200,0
2015-01-06,17:15:00,30.04,30.04,30.04,30.04,1200,0
2015-01-06,17:25:00,30.14,30.14,30.14,30.14,900,0
2015-01-06,18:15:00,29.99,29.99,29.99,29.99,822,0
2015-01-06,21:00:00,30.16,30.16,30.16,30.16,200,0
2015-01-06,21:40:00,30.16,30.16,30.16,30.16,200,0
2015-01-06,21:55:00,30.18,30.18,30.16,30.16,308,0
2015-01-07,17:05:00,30.33,30.33,30.33,30.33,630,0
2015-01-07,18:05:00,30.31,30.31,30.31,30.31,500,0
2015-01-07,18:15:00,30.39,30.39,30.39,30.39,900,0
2015-01-07,21:00:00,30.3,30.3,30.3,30.3,100,0
2015-01-07,21:10:00,30.31,30.31,30.31,30.31,442,0
2015-01-07,21:50:00,30.31,30.31,30.31,30.31,10000,0
2015-01-07,22:00:00,30.19,30.19,30.19,30.19,100,0
2015-01-08,15:35:00,30.35,30.35,30.35,30.35,100,0
2015-01-08,15:40:00,30.31,30.33,30.31,30.33,400,0
2015-01-08,15:50:00,30.32,30.32,30.32,30.32,100,0
2015-01-08,16:00:00,30.32,30.34,30.32,30.34,10000,0
2015-01-08,16:15:00,30.33,30.33,30.33,30.33,100,0
2015-01-08,16:20:00,30.31,30.31,30.31,30.31,200,0
2015-01-08,16:25:00,30.34,30.35,30.34,30.35,1336,0
2015-01-08,18:15:00,30.19,30.19,30.19,30.19,100,0
2015-01-08,18:30:00,30.2,30.2,30.18,30.2,900,0
2015-01-08,18:40:00,30.19,30.19,30.19,30.19,200,0
2015-01-08,19:00:00,30.08,30.08,30.08,30.08,200,0
2015-01-08,19:15:00,30.0,30.0,30.0,30.0,1000,0
2015-01-08,19:20:00,30.02,30.02,30.02,30.02,700,0
2015-01-08,19:30:00,29.98,29.98,29.98,29.98,200,0
2015-01-08,20:15:00,29.74,29.75,29.71,29.75,957,0
2015-01-08,20:20:00,29.76,29.76,29.76,29.76,222,0
2015-01-08,20:25:00,29.73,29.73,29.73,29.73,300,0
2015-01-08,20:40:00,29.7,29.7,29.69,29.69,2750,0
2015-01-08,21:15:00,29.73,29.74,29.73,29.74,500,0
2015-01-08,21:30:00,29.74,29.78,29.74,29.78,626,0
2015-01-08,21:35:00,29.74,29.74,29.74,29.74,500,0
2015-01-08,21:45:00,29.74,29.74,29.74,29.74,110,0
2015-01-08,21:50:00,29.78,29.78,29.78,29.78,172,0
2015-01-08,21:55:00,29.78,29.78,29.78,29.78,1000,0
2015-01-08,22:00:00,29.81,29.82,29.79,29.82,4090,0
2015-01-09,15:35:00,29.69,29.69,29.69,29.69,600,0
2015-01-09,16:15:00,29.48,29.48,29.47,29.47,300,0
2015-01-09,16:35:00,29.46,29.46,29.46,29.46,400,0
2015-01-09,16:50:00,29.47,29.47,29.47,29.47,762,0
2015-01-09,17:30:00,29.43,29.43,29.43,29.43,1900,0
2015-01-09,18:30:00,29.21,29.44,29.21,29.44,200,0
2015-01-09,19:25:00,29.23,29.24,29.23,29.24,2355,0
2015-01-09,21:50:00,29.41,29.41,29.41,29.41,300,0
2015-01-12,16:30:00,29.4,29.4,29.4,29.4,363,0
2015-01-12,16:45:00,29.52,29.52,29.52,29.52,3500,0
2015-01-12,17:50:00,29.24,29.24,29.24,29.24,600,0
2015-01-12,20:00:00,29.21,29.21,29.21,29.21,1400,0
2015-01-12,20:10:00,29.12,29.12,29.12,29.12,645,0
2015-01-12,20:45:00,29.2,29.2,29.2,29.2,100,0
2015-01-12,20:50:00,29.21,29.21,29.21,29.21,1591,0
2015-01-13,15:35:00,29.39,29.39,29.39,29.39,700,0
2015-01-13,15:45:00,29.36,29.36,29.36,29.36,300,0
2015-01-13,16:50:00,29.14,29.14,29.14,29.14,300,0
2015-01-13,17:15:00,29.01,29.01,29.0,29.0,413,0
2015-01-13,17:20:00,28.97,28.99,28.97,28.99,430,0
2015-01-13,17:25:00,29.0,29.0,28.9,28.9,200,0
2015-01-13,17:40:00,28.97,28.97,28.97,28.97,700,0
2015-01-13,17:55:00,28.98,28.98,28.98,28.98,400,0
2015-01-13,18:15:00,29.02,29.02,29.02,29.02,320,0
2015-01-13,18:35:00,28.93,28.93,28.93,28.93,100,0
2015-01-13,18:45:00,28.83,28.83,28.83,28.83,240,0
2015-01-13,18:55:00,28.7,28.7,28.68,28.68,1200,0
2015-01-13,19:05:00,28.78,28.78,28.78,28.78,1209,0
2015-01-13,19:25:00,28.73,28.73,28.73,28.73,1400,0
2015-01-13,19:35:00,28.66,28.66,28.55,28.55,800,0
2015-01-13,19:50:00,28.63,28.68,28.63,28.68,1400,0
2015-01-13,19:55:00,28.68,28.68,28.68,28.68,100,0
2015-01-13,20:00:00,28.65,28.65,28.65,28.65,1000,0
2015-01-13,20:35:00,28.59,28.59,28.57,28.57,1200,0
2015-01-13,20:50:00,28.57,28.57,28.57,28.57,175,0
2015-01-13,21:05:00,28.69,28.69,28.69,28.69,600,0
2015-01-13,21:50:00,28.68,28.68,28.68,28.68,300,0
2015-01-13,21:55:00,28.62,28.62,28.62,28.62,300,0
2015-01-13,22:00:00,28.71,28.71,28.71,28.71,200,0
2015-01-14,15:35:00,28.5,28.5,28.47,28.47,200,0
2015-01-14,15:50:00,28.56,28.56,28.51,28.51,683,0
2015-01-14,15:55:00,28.5,28.5,28.5,28.5,200,0
2015-01-14,16:05:00,28.63,28.63,28.58,28.62,15400,0
2015-01-14,16:35:00,28.64,28.64,28.64,28.64,352,0
2015-01-14,16:50:00,28.56,28.56,28.56,28.56,200,0
2015-01-14,17:00:00,28.61,28.61,28.61,28.61,245,0
2015-01-14,17:10:00,28.65,28.65,28.65,28.65,9897,0
2015-01-14,17:25:00,28.73,28.73,28.73,28.73,700,0
2015-01-14,18:20:00,28.91,28.94,28.91,28.94,252,0
2015-01-14,18:45:00,28.84,28.84,28.84,28.84,103,0
2015-01-14,18:50:00,28.84,28.84,28.77,28.79,2897,0
2015-01-14,19:05:00,28.84,28.84,28.84,28.84,132,0
2015-01-14,19:15:00,28.81,28.84,28.81,28.84,350,0
2015-01-14,19:30:00,28.79,28.79,28.79,28.79,300,0
2015-01-14,20:00:00,28.65,28.65,28.65,28.65,200,0
2015-01-14,20:05:00,28.56,28.56,28.56,28.56,480,0
2015-01-14,20:35:00,28.43,28.43,28.43,28.43,300,0
2015-01-14,20:40:00,28.44,28.44,28.44,28.44,300,0
2015-01-14,20:55:00,28.26,28.38,28.26,28.38,624,0
2015-01-14,21:15:00,28.34,28.35,28.34,28.35,1200,0
2015-01-14,21:20:00,28.41,28.41,28.41,28.41,100,0
2015-01-14,21:45:00,28.47,28.47,28.47,28.47,306,0
2015-01-14,22:00:00,28.49,28.49,28.49,28.49,100,0
2015-01-15,15:40:00,28.51,28.55,28.51,28.53,1700,0
2015-01-15,15:55:00,28.51,28.51,28.51,28.51,100,0
2015-01-15,16:05:00,28.5,28.5,28.5,28.5,356,0
2015-01-15,16:10:00,28.46,28.46,28.46,28.46,304,0
2015-01-15,16:15:00,28.61,28.61,28.61,28.61,721,0
2015-01-15,16:20:00,28.61,28.66,28.61,28.66,3100,0
2015-01-15,18:05:00,28.57,28.57,28.57,28.57,100,0
2015-01-15,18:15:00,28.59,28.59,28.59,28.59,260,0
2015-01-15,18:40:00,28.59,28.59,28.59,28.59,140,0
2015-01-15,19:05:00,28.5,28.5,28.5,28.5,12545,0
2015-01-15,19:30:00,28.53,28.53,28.53,28.53,200,0
2015-01-15,20:05:00,28.47,28.47,28.47,28.47,100,0
2015-01-15,20:30:00,28.48,28.52,28.48,28.48,886,0
2015-01-15,21:15:00,28.48,28.48,28.48,28.48,160,0
2015-01-15,21:30:00,28.44,28.48,28.44,28.48,2004,0
2015-01-15,21:50:00,28.53,28.53,28.53,28.53,100,0
2015-01-16,15:35:00,28.27,28.27,28.27,28.27,200,0
2015-01-16,15:45:00,28.27,28.27,28.27,28.27,1500,0
2015-01-16,15:55:00,28.23,28.23,28.23,28.23,400,0
2015-01-16,16:10:00,28.23,28.23,28.23,28.23,100,0
2015-01-16,16:25:00,28.24,28.24,28.24,28.24,300,0
2015-01-16,16:50:00,28.34,28.34,28.34,28.34,300,0
2015-01-16,17:30:00,28.33,28.33,28.33,28.33,900,0
2015-01-16,18:10:00,28.38,28.38,28.38,28.38,200,0
2015-01-16,18:15:00,28.4,28.4,28.4,28.4,800,0
2015-01-16,20:00:00,28.36,28.36,28.36,28.36,100,0
2015-01-16,20:05:00,28.35,28.35,28.35,28.35,2400,0
2015-01-16,22:00:00,28.38,28.38,28.38,28.38,100,0
2015-01-20,15:35:00,27.45,28.19,26.63,28.19,5120,0
2015-01-20,15:40:00,28.09,28.13,28.09,28.13,500,0
2015-01-20,15:50:00,28.14,28.15,28.14,28.15,1254,0
2015-01-20,16:10:00,28.18,28.18,28.18,28.18,100,0
2015-01-20,16:15:00,27.99,27.99,27.99,27.99,200,0
2015-01-20,16:20:00,28.02,28.03,28.02,28.03,2821,0
2015-01-20,16:30:00,27.85,27.85,27.85,27.85,500,0
2015-01-20,17:25:00,27.63,27.63,27.62,27.63,2200,0
2015-01-20,17:35:00,27.7,27.7,27.69,27.69,400,0
2015-01-20,17:50:00,27.61,27.61,27.61,27.61,1500,0
2015-01-20,17:55:00,27.6,27.6,27.6,27.6,1200,0
2015-01-20,18:20:00,27.55,27.55,27.53,27.53,1948,0
2015-01-20,18:35:00,27.66,27.74,27.66,27.74,5000,0
2015-01-20,18:40:00,27.57,27.61,27.57,27.61,800,0
2015-01-20,18:50:00,27.73,27.73,27.7,27.7,414,0
2015-01-20,19:15:00,27.7,27.7,27.7,27.7,724,0
2015-01-20,19:30:00,27.71,27.71,27.71,27.71,1000,0
2015-01-20,19:55:00,27.71,27.71,27.71,27.71,228,0
2015-01-20,20:00:00,27.66,27.7,27.65,27.7,750,0
2015-01-20,20:10:00,27.72,27.72,27.72,27.72,500,0
2015-01-20,21:15:00,27.73,27.73,27.73,27.73,200,0
2015-01-20,21:35:00,27.75,27.75,27.75,27.75,232,0
2015-01-20,21:40:00,27.64,27.67,27.64,27.67,8044,0
2015-01-21,15:55:00,27.69,27.69,27.69,27.69,199,0
2015-01-21,16:10:00,27.74,27.74,27.74,27.74,200,0
2015-01-21,17:10:00,27.55,27.55,27.55,27.55,250,0
2015-01-21,17:30:00,27.51,27.51,27.48,27.48,30024,0
2015-01-21,17:35:00,27.66,27.66,27.66,27.66,137,0
2015-01-21,17:55:00,27.55,27.55,27.55,27.55,300,0
2015-01-21,18:00:00,27.55,27.55,27.55,27.55,100,0
2015-01-21,18:40:00,27.55,27.55,27.55,27.55,4800,0
2015-01-21,18:45:00,27.57,27.57,27.57,27.57,3200,0
2015-01-21,18:50:00,27.57,27.57,27.57,27.57,12000,0
2015-01-21,19:00:00,27.66,27.66,27.66,27.66,426,0
2015-01-21,19:30:00,27.69,27.69,27.69,27.69,1000,0
2015-01-21,19:45:00,27.71,27.71,27.71,27.71,100,0
2015-01-21,20:10:00,27.62,27.62,27.62,27.62,610,0
2015-01-21,20:20:00,27.65,27.65,27.65,27.65,300,0
2015-01-21,21:50:00,27.71,27.71,27.71,27.71,200,0
2015-01-21,21:55:00,27.72,27.72,27.72,27.72,1100,0
2015-01-22,15:40:00,27.73,27.73,27.73,27.73,5462,0
2015-01-22,15:50:00,27.82,27.82,27.82,27.82,100,0
2015-01-22,15:55:00,27.82,27.84,27.63,27.8,100600,0
2015-01-22,16:00:00,27.81,27.81,27.72,27.75,41600,0
2015-01-22,16:25:00,27.87,27.93,27.87,27.93,2200,0
2015-01-22,16:45:00,27.9,27.9,27.9,27.9,214,0
2015-01-22,17:05:00,27.83,27.83,27.83,27.83,500,0
2015-01-22,17:10:00,27.9,27.9,27.9,27.9,200,0
2015-01-22,17:20:00,27.92,27.92,27.92,27.92,900,0
2015-01-22,18:05:00,27.84,27.84,27.84,27.84,168,0
2015-01-22,18:50:00,27.73,27.73,27.73,27.73,750,0
2015-01-22,19:50:00,27.38,27.39,27.38,27.39,200,0
2015-01-22,19:55:00,27.48,27.48,27.48,27.48,1350,0
2015-01-22,20:15:00,27.41,27.41,27.41,27.41,100,0
2015-01-22,20:35:00,27.46,27.46,27.42,27.43,1700,0
2015-01-22,20:55:00,27.38,27.38,27.38,27.38,552,0
2015-01-22,21:05:00,27.36,27.38,27.35,27.38,5448,0
2015-01-22,21:55:00,27.35,27.35,27.35,27.35,107,0
2015-01-23,15:35:00,27.07,27.07,27.07,27.07,636,0
2015-01-23,16:00:00,27.0,27.0,27.0,27.0,200,0
2015-01-23,16:30:00,26.87,26.87,26.87,26.87,404,0
2015-01-23,16:55:00,26.77,26.77,26.77,26.77,400,0
2015-01-23,17:00:00,26.72,26.72,26.72,26.72,200,0
2015-01-23,17:20:00,26.79,26.79,26.79,26.79,200,0
2015-01-23,17:30:00,26.86,26.86,26.86,26.86,1000,0
2015-01-23,17:40:00,26.89,26.89,26.89,26.89,186,0
2015-01-23,18:40:00,26.74,26.74,26.74,26.74,300,0
2015-01-23,19:20:00,26.75,26.75,26.75,26.75,100,0
2015-01-23,19:40:00,26.7,26.7,26.7,26.7,175,0
2015-01-23,20:00:00,26.72,26.73,26.72,26.73,300,0
2015-01-23,20:25:00,26.72,26.72,26.72,26.72,100,0
2015-01-23,20:30:00,26.66,26.66,26.66,26.66,2500,0
2015-01-23,21:25:00,26.69,26.69,26.69,26.69,200,0
2015-01-23,22:00:00,26.78,26.78,26.78,26.78,100,0
2015-01-26,16:10:00,26.81,26.81,26.81,26.81,1500,0
2015-01-26,16:15:00,26.75,26.75,26.75,26.75,100,0
2015-01-26,16:20:00,26.77,26.77,26.77,26.77,100,0
2015-01-26,16:40:00,26.68,26.69,26.68,26.69,200,0
2015-01-26,16:45:00,26.76,26.76,26.76,26.76,200,0
2015-01-26,16:55:00,26.69,26.69,26.69,26.69,220,0
2015-01-26,18:00:00,26.76,26.76,26.76,26.76,100,0
2015-01-26,18:05:00,26.79,26.79,26.79,26.79,100,0
2015-01-26,18:15:00,26.9,26.9,26.9,26.9,345,0
2015-01-26,18:20:00,26.93,27.06,26.93,27.06,803,0
2015-01-26,18:25:00,27.06,27.06,27.06,27.06,100,0
2015-01-26,18:30:00,27.11,27.12,27.11,27.12,300,0
2015-01-26,18:35:00,27.05,27.05,27.05,27.05,200,0
2015-01-26,18:50:00,27.09,27.1,27.09,27.1,700,0
2015-01-26,18:55:00,27.07,27.07,27.07,27.07,400,0
2015-01-26,19:05:00,27.15,27.35,27.15,27.35,5292,0
2015-01-26,19:10:00,27.36,27.37,27.36,27.36,1064,0
2015-01-26,19:45:00,27.18,27.21,27.18,27.21,1355,0
2015-01-26,20:05:00,27.09,27.09,27.09,27.09,300,0
2015-01-26,21:35:00,27.06,27.06,27.06,27.06,175,0
2015-01-26,21:45:00,27.11,27.11,27.11,27.11,300,0
2015-01-27,15:35:00,27.31,27.31,27.31,27.31,200,0
2015-01-27,16:40:00,27.38,27.38,27.38,27.38,420,0
2015-01-27,18:10:00,27.38,27.38,27.38,27.38,202,0
2015-01-27,19:40:00,27.36,27.36,27.36,27.36,222,0
2015-01-27,20:45:00,27.31,27.31,27.31,27.31,400,0
2015-01-27,21:00:00,27.3,27.3,27.3,27.3,375,0
2015-01-27,21:15:00,27.3,27.3,27.3,27.3,100,0
2015-01-27,21:20:00,27.3,27.3,27.3,27.3,200,0
2015-01-27,21:25:00,27.3,27.3,27.3,27.3,100,0
2015-01-27,21:30:00,27.3,27.3,27.29,27.29,300,0
2015-01-27,21:50:00,27.32,27.32,27.32,27.32,496,0
2015-01-27,21:55:00,27.3,27.3,27.29,27.29,700,0
2015-01-28,15:35:00,27.56,27.56,27.56,27.56,400,0
2015-01-28,16:05:00,27.17,27.17,27.17,27.17,944,0
2015-01-28,16:10:00,27.18,27.18,27.18,27.18,500,0
2015-01-28,16:30:00,27.24,27.24,27.23,27.23,3065,0
2015-01-28,16:35:00,27.27,27.27,27.27,27.27,700,0
2015-01-28,18:10:00,27.71,27.72,27.71,27.72,3600,0
2015-01-28,18:40:00,27.77,27.77,27.77,27.77,1000,0
2015-01-28,18:55:00,27.71,27.71,27.71,27.71,600,0
2015-01-28,19:30:00,27.77,27.77,27.77,27.77,600,0
2015-01-28,19:35:00,27.8,27.8,27.8,27.8,1200,0
2015-01-28,21:10:00,27.73,27.73,27.73,27.73,200,0
2015-01-28,21:45:00,27.74,27.74,27.74,27.74,400,0
2015-01-28,21:50:00,27.78,27.78,27.76,27.76,816,0
2015-01-29,16:00:00,27.73,27.74,27.73,27.74,5500,0
2015-01-29,16:45:00,27.87,27.87,27.87,27.87,100,0
2015-01-29,17:00:00,27.93,27.93,27.93,27.93,200,0
2015-01-29,17:05:00,27.89,27.89,27.89,27.89,400,0
2015-01-29,17:20:00,27.72,27.72,27.72,27.72,400,0
2015-01-29,17:40:00,27.63,27.63,27.63,27.63,560,0
2015-01-29,18:05:00,27.64,27.64,27.61,27.61,400,0
2015-01-29,18:10:00,27.57,27.57,27.57,27.57,460,0
2015-01-29,18:15:00,27.57,27.57,27.57,27.57,100,0
2015-01-29,18:40:00,27.37,27.37,27.37,27.37,100,0
2015-01-29,18:45:00,27.35,27.35,27.35,27.35,100,0
2015-01-29,19:00:00,27.38,27.38,27.38,27.38,370,0
2015-01-29,19:45:00,27.36,27.36,27.36,27.36,100,0
2015-01-29,20:55:00,27.4,27.4,27.4,27.4,100,0
2015-01-29,21:00:00,27.4,27.4,27.4,27.4,450,0
2015-01-29,21:30:00,27.49,27.5,27.49,27.5,748,0
2015-01-29,21:40:00,27.45,27.45,27.45,27.45,300,0
2015-01-30,15:35:00,27.23,27.23,27.23,27.23,316,0
2015-01-30,16:35:00,27.39,27.39,27.39,27.39,128,0
2015-01-30,16:40:00,27.31,27.31,27.31,27.31,318,0
2015-01-30,18:25:00,27.45,27.45,27.45,27.45,200,0
2015-01-30,19:30:00,27.33,27.33,27.33,27.33,200,0
2015-01-30,20:10:00,27.4,27.4,27.4,27.4,1000,0
2015-01-30,20:15:00,27.41,27.41,27.41,27.41,300,0
2015-01-30,20:30:00,27.48,27.48,27.44,27.46,2100,0
2015-01-30,22:00:00,27.48,27.48,27.48,27.48,200,0
2015-02-02,15:40:00,27.0,27.0,27.0,27.0,300,0
2015-02-02,15:45:00,27.07,27.07,27.07,27.07,516,0
2015-02-02,16:10:00,27.32,27.32,27.32,27.32,100,0
2015-02-02,16:15:00,27.36,27.36,27.36,27.36,200,0
2015-02-02,16:40:00,27.45,27.45,27.45,27.45,269,0
2015-02-02,17:15:00,27.49,27.5,27.49,27.49,10027,0
2015-02-02,18:30:00,27.2,27.2,27.2,27.2,100,0
2015-02-02,20:00:00,26.99,26.99,26.92,26.98,650,0
2015-02-02,20:05:00,26.98,26.98,26.98,26.98,132,0
2015-02-02,20:10:00,26.9,26.9,26.9,26.9,100,0
2015-02-02,20:20:00,26.89,26.89,26.89,26.89,100,0
2015-02-02,20:45:00,26.95,26.95,26.95,26.95,234,0
2015-02-02,20:50:00,26.91,26.91,26.91,26.91,1176,0
2015-02-02,20:55:00,26.96,26.96,26.96,26.96,270,0
2015-02-02,21:20:00,26.96,26.96,26.96,26.96,200,0
2015-02-02,21:25:00,26.96,26.96,26.96,26.96,100,0
2015-02-02,21:35:00,26.96,27.02,26.95,27.02,4045,0
2015-02-02,22:00:00,26.95,26.95,26.9,26.9,378,0
2015-02-03,15:40:00,26.94,26.94,26.94,26.94,100,0
2015-02-03,15:45:00,26.96,26.96,26.96,26.96,200,0
2015-02-03,16:00:00,26.88,26.88,26.88,26.88,3813,0
2015-02-03,16:10:00,27.0,27.0,27.0,27.0,400,0
2015-02-03,16:30:00,26.89,26.89,26.89,26.89,4000,0
2015-02-03,17:10:00,26.87,26.87,26.86,26.86,500,0
2015-02-03,18:10:00,26.68,26.68,26.68,26.68,789,0
2015-02-03,19:25:00,27.07,27.07,27.07,27.07,400,0
2015-02-03,20:20:00,27.09,27.09,27.09,27.09,400,0
2015-02-03,20:25:00,27.03,27.03,27.03,27.03,188,0
2015-02-03,20:35:00,27.07,27.08,27.07,27.08,1900,0
2015-02-03,21:20:00,27.02,27.02,27.02,27.02,100,0
2015-02-03,22:00:00,26.99,26.99,26.98,26.98,400,0
2015-02-04,16:10:00,26.76,26.76,26.76,26.76,300,0
2015-02-04,16:20:00,26.68,26.68,26.68,26.68,300,0
2015-02-04,17:35:00,26.77,26.77,26.67,26.67,200,0
2015-02-04,17:40:00,26.68,26.72,26.66,26.66,2300,0
2015-02-04,17:50:00,26.68,26.68,26.66,26.67,2100,0
2015-02-04,18:05:00,26.66,26.66,26.66,26.66,400,0
2015-02-04,18:20:00,26.57,26.57,26.57,26.57,400,0
2015-02-04,19:20:00,26.54,26.54,26.53,26.54,2400,0
2015-02-04,19:30:00,26.5,26.5,26.5,26.5,500,0
2015-02-04,20:05:00,26.45,26.45,26.45,26.45,100,0
2015-02-04,20:20:00,26.45,26.45,26.45,26.45,600,0
2015-02-04,21:10:00,26.48,26.48,26.48,26.48,800,0
2015-02-04,21:55:00,26.41,26.41,26.41,26.41,151,0
2015-02-04,22:00:00,26.41,26.41,26.38,26.38,1006,0
2015-02-05,16:50:00,26.0,26.01,25.99,25.99,2925,0
2015-02-05,17:25:00,26.19,26.21,26.18,26.21,800,0
2015-02-05,17:30:00,26.23,26.23,26.23,26.23,1000,0
2015-02-05,17:35:00,26.18,26.2,26.18,26.2,200,0
2015-02-05,17:45:00,26.1,26.1,26.1,26.1,200,0
2015-02-05,18:40:00,26.16,26.16,26.16,26.16,300,0
2015-02-05,18:45:00,26.14,26.14,26.14,26.14,600,0
2015-02-05,19:30:00,26.05,26.09,26.04,26.09,3392,0
2015-02-05,19:35:00,26.08,26.08,26.08,26.08,305,0
2015-02-05,19:40:00,26.08,26.13,26.07,26.12,21400,0
2015-02-05,20:00:00,26.07,26.07,26.07,26.07,100,0
2015-02-05,20:35:00,26.0,26.0,26.0,26.0,300,0
2015-02-05,21:10:00,26.02,26.03,26.02,26.03,1966,0
2015-02-05,21:20:00,26.05,26.05,26.05,26.05,300,0
2015-02-05,21:50:00,26.07,26.07,26.07,26.07,500,0
2015-02-05,21:55:00,26.06,26.06,26.02,26.02,2750,0
2015-02-05,22:00:00,26.06,26.06,26.05,26.05,459,0
2015-02-06,15:45:00,26.48,26.48,26.48,26.48,427,0
2015-02-06,15:50:00,26.44,26.44,26.44,26.44,100,0
2015-02-06,15:55:00,26.48,26.48,26.48,26.48,200,0
2015-02-06,16:20:00,26.46,26.46,26.46,26.46,302,0
2015-02-06,16:25:00,26.42,26.42,26.42,26.42,100,0
2015-02-06,16:40:00,26.52,26.52,26.52,26.52,500,0
2015-02-06,17:20:00,26.5,26.5,26.5,26.5,900,0
2015-02-06,17:35:00,26.47,26.47,26.47,26.47,150,0
2015-02-06,17:55:00,26.52,26.52,26.52,26.52,1200,0
2015-02-06,19:50:00,26.91,26.91,26.91,26.91,100,0
2015-02-06,20:15:00,27.0,27.01,27.0,27.01,8700,0
2015-02-06,20:25:00,26.96,26.96,26.96,26.96,3330,0
2015-02-06,20:35:00,26.91,26.91,26.91,26.91,100,0
2015-02-06,20:55:00,26.84,26.84,26.84,26.84,1600,0
2015-02-06,21:20:00,26.87,26.88,26.87,26.88,2400,0
2015-02-06,21:25:00,26.86,26.86,26.84,26.84,400,0
2015-02-06,21:35:00,26.84,26.84,26.84,26.84,1298,0
2015-02-06,21:45:00,26.86,26.86,26.86,26.86,4500,0
2015-02-09,16:10:00,26.66,26.69,26.66,26.69,300,0
2015-02-09,16:50:00,26.72,26.72,26.72,26.72,106,0
2015-02-09,17:05:00,26.81,26.81,26.81,26.81,200,0
2015-02-09,17:30:00,26.85,26.85,26.85,26.85,310,0
2015-02-09,17:35:00,26.85,26.85,26.85,26.85,700,0
2015-02-09,17:50:00,26.85,26.85,26.85,26.85,500,0
2015-02-09,18:05:00,26.91,26.91,26.91,26.91,1200,0
2015-02-09,18:20:00,26.78,26.78,26.78,26.78,180,0
2015-02-09,18:25:00,26.88,26.88,26.88,26.88,200,0
2015-02-09,18:35:00,26.79,26.79,26.79,26.79,100,0
2015-02-09,18:40:00,26.82,26.82,26.82,26.82,300,0
2015-02-09,18:45:00,26.83,26.83,26.83,26.83,200,0
2015-02-09,19:30:00,26.83,26.83,26.83,26.83,100,0
2015-02-09,19:45:00,26.77,26.77,26.77,26.77,300,0
2015-02-09,21:00:00,26.84,26.84,26.84,26.84,248,0
2015-02-10,15:35:00,26.88,26.93,26.88,26.93,3500,0
2015-02-10,15:45:00,26.91,26.91,26.9,26.91,800,0
2015-02-10,16:10:00,26.85,26.85,26.85,26.85,600,0
2015-02-10,17:10:00,26.82,26.82,26.82,26.82,993,0
2015-02-10,17:20:00,26.76,26.76,26.76,26.76,1386,0
2015-02-10,17:25:00,26.76,26.76,26.76,26.76,700,0
2015-02-10,17:40:00,26.77,26.77,26.77,26.77,300,0
2015-02-10,17:55:00,26.68,26.68,26.68,26.68,100,0
2015-02-10,18:05:00,26.61,26.61,26.61,26.61,2000,0
2015-02-10,19:20:00,26.72,26.72,26.72,26.72,300,0
2015-02-10,19:50:00,26.76,26.76,26.76,26.76,400,0
2015-02-10,20:05:00,26.84,26.84,26.84,26.84,2000,0
2015-02-10,20:35:00,26.78,26.78,26.78,26.78,560,0
2015-02-10,21:05:00,26.78,26.78,26.78,26.78,500,0
2015-02-10,21:35:00,26.78,26.83,26.78,26.83,700,0
2015-02-10,21:50:00,26.79,26.79,26.79,26.79,500,0
2015-02-11,15:35:00,26.56,26.56,26.56,26.56,100,0
2015-02-11,15:40:00,26.55,26.55,26.55,26.55,250,0
2015-02-11,15:45:00,26.58,26.58,26.57,26.58,1400,0
2015-02-11,15:50:00,26.56,26.56,26.55,26.55,500,0
2015-02-11,16:15:00,26.58,26.58,26.58,26.58,100,0
2015-02-11,16:35:00,26.47,26.47,26.47,26.47,250,0
2015-02-11,16:50:00,26.42,26.42,26.42,26.42,150,0
2015-02-11,17:00:00,26.38,26.38,26.38,26.38,301,0
2015-02-11,17:10:00,26.37,26.37,26.37,26.37,100,0
2015-02-11,17:15:00,26.44,26.44,26.44,26.44,530,0
2015-02-11,17:35:00,26.33,26.34,26.31,26.31,600,0
2015-02-11,17:50:00,26.3,26.3,26.3,26.3,12800,0
2015-02-11,18:15:00,26.31,26.31,26.31,26.31,500,0
2015-02-11,18:40:00,26.24,26.24,26.24,26.24,100,0
2015-02-11,19:10:00,26.22,26.23,26.21,26.21,3500,0
2015-02-11,19:35:00,26.26,26.26,26.24,26.24,2376,0
2015-02-11,19:40:00,26.23,26.23,26.22,26.22,1150,0
2015-02-11,19:45:00,26.18,26.23,26.18,26.23,322,0
2015-02-11,19:50:00,26.17,26.17,26.14,26.14,1300,0
2015-02-11,21:35:00,26.17,26.17,26.17,26.17,900,0
2015-02-11,21:40:00,26.22,26.22,26.21,26.21,400,0
2015-02-12,15:35:00,26.2,26.2,26.2,26.2,300,0
2015-02-12,15:45:00,26.19,26.19,26.19,26.19,300,0
2015-02-12,15:50:00,26.21,26.21,26.21,26.21,909,0
2015-02-12,15:55:00,26.19,26.19,26.19,26.19,150,0
2015-02-12,16:15:00,26.2,26.2,26.2,26.2,200,0
2015-02-12,16:20:00,26.12,26.12,26.12,26.12,1500,0
2015-02-12,16:40:00,26.03,26.03,26.03,26.03,800,0
2015-02-12,16:50:00,26.1,26.1,26.1,26.1,200,0
2015-02-12,17:05:00,26.08,26.08,26.07,26.07,1400,0
2015-02-12,17:20:00,26.19,26.19,26.19,26.19,200,0
2015-02-12,18:05:00,26.32,26.32,26.32,26.32,100,0
2015-02-12,18:30:00,26.3,26.3,26.3,26.3,224,0
2015-02-12,19:10:00,26.17,26.17,26.17,26.17,100,0
2015-02-12,19:20:00,26.16,26.16,26.16,26.16,100,0
2015-02-12,19:45:00,26.12,26.12,26.12,26.12,300,0
2015-02-12,19:50:00,26.18,26.18,26.18,26.18,2400,0
2015-02-12,21:10:00,26.25,26.25,26.25,26.25,400,0
2015-02-12,21:20:00,26.27,26.28,26.27,26.28,2800,0
2015-02-12,21:25:00,26.26,26.26,26.26,26.26,5000,0
2015-02-12,22:00:00,26.24,26.24,26.24,26.24,100,0
2015-02-13,15:55:00,26.47,26.47,26.47,26.47,1800,0
2015-02-13,17:20:00,26.59,26.59,26.58,26.58,346,0
2015-02-13,17:25:00,26.62,26.63,26.62,26.63,400,0
2015-02-13,17:40:00,26.71,26.75,26.7,26.75,963,0
2015-02-13,18:05:00,26.78,26.78,26.78,26.78,500,0
2015-02-13,18:15:00,26.71,26.71,26.71,26.71,200,0
2015-02-13,19:10:00,26.7,26.7,26.7,26.7,400,0
2015-02-13,19:50:00,26.66,26.66,26.66,26.66,1122,0
2015-02-13,20:25:00,26.63,26.63,26.63,26.63,118,0
2015-02-13,20:30:00,26.67,26.67,26.67,26.67,300,0
2015-02-13,21:25:00,26.71,26.72,26.68,26.72,8895,0
2015-02-13,21:30:00,26.72,26.72,26.72,26.72,100,0
2015-02-17,15:35:00,26.7,26.8,26.56,26.56,4762,0
2015-02-17,15:40:00,26.63,26.63,26.58,26.6,900,0
2015-02-17,15:45:00,26.6,26.7,26.6,26.7,9592,0
2015-02-17,15:50:00,26.59,26.62,26.56,26.62,15879,0
2015-02-17,15:55:00,26.59,26.6,26.59,26.6,4100,0
2015-02-17,16:05:00,26.65,26.65,26.65,26.65,2800,0
2015-02-17,16:10:00,26.7,26.7,26.69,26.7,3400,0
2015-02-17,16:55:00,26.4,26.46,26.4,26.46,900,0
2015-02-17,17:05:00,26.44,26.44,26.44,26.44,1000,0
2015-02-17,17:10:00,26.28,26.28,26.17,26.17,2200,0
2015-02-17,17:50:00,26.21,26.21,26.21,26.21,1700,0
2015-02-17,17:55:00,26.22,26.22,26.18,26.18,830,0
2015-02-17,18:05:00,26.17,26.17,26.16,26.16,800,0
2015-02-17,18:10:00,26.11,26.11,26.11,26.11,1400,0
2015-02-17,18:15:00,26.07,26.07,26.07,26.07,163,0
2015-02-17,18:40:00,26.03,26.03,26.03,26.03,3000,0
2015-02-17,19:20:00,26.13,26.13,26.11,26.11,200,0
2015-02-17,20:00:00,26.04,26.04,26.04,26.04,666,0
2015-02-17,20:30:00,26.03,26.06,26.03,26.06,885,0
2015-02-17,20:50:00,26.06,26.06,26.06,26.06,576,0
2015-02-17,21:10:00,26.04,26.07,26.04,26.07,900,0
2015-02-17,21:55:00,26.09,26.09,26.09,26.09,1800,0
2015-02-18,15:35:00,25.99,25.99,25.95,25.95,1225,0
2015-02-18,15:45:00,25.94,25.94,25.94,25.94,1000,0
2015-02-18,15:50:00,25.98,25.98,25.98,25.98,4000,0
2015-02-18,16:00:00,26.05,26.17,26.05,26.17,3000,0
2015-02-18,16:15:00,26.39,26.39,26.39,26.39,1400,0
2015-02-18,16:45:00,26.14,26.14,26.12,26.12,500,0
2015-02-18,16:50:00,26.14,26.14,26.14,26.14,500,0
2015-02-18,16:55:00,26.15,26.15,26.15,26.15,200,0
2015-02-18,17:35:00,26.18,26.18,26.18,26.18,400,0
2015-02-18,17:40:00,26.16,26.16,26.11,26.11,630,0
2015-02-18,18:30:00,26.13,26.13,26.13,26.13,500,0
2015-02-18,19:00:00,26.28,26.28,26.28,26.28,326,0
2015-02-18,20:10:00,26.29,26.29,26.29,26.29,532,0
2015-02-18,21:45:00,26.38,26.38,26.38,26.38,100,0
2015-02-19,15:50:00,26.57,26.57,26.57,26.57,169,0
2015-02-19,17:15:00,26.56,26.56,26.56,26.56,400,0
2015-02-19,17:40:00,26.54,26.54,26.54,26.54,850,0
2015-02-19,19:25:00,26.53,26.53,26.53,26.53,100,0
2015-02-19,19:30:00,26.57,26.57,26.57,26.57,456,0
2015-02-19,20:45:00,26.56,26.56,26.56,26.56,194,0
2015-02-19,21:25:00,26.57,26.57,26.57,26.57,300,0
2015-02-19,21:50:00,26.57,26.57,26.57,26.57,250,0
2015-02-20,16:35:00,26.73,26.73,26.73,26.73,100,0
2015-02-20,16:50:00,26.75,26.81,26.75,26.81,1800,0
2015-02-20,16:55:00,26.81,26.81,26.81,26.81,300,0
2015-02-20,17:10:00,26.74,26.74,26.74,26.74,100,0
2015-02-20,17:15:00,26.75,26.75,26.75,26.75,400,0
2015-02-20,17:25:00,26.64,26.64,26.53,26.53,5900,0
2015-02-20,17:40:00,26.52,26.52,26.52,26.52,1600,0
2015-02-20,18:30:00,26.51,26.51,26.51,26.51,200,0
2015-02-20,20:20:00,26.26,26.26,26.26,26.26,200,0
2015-02-20,20:25:00,26.28,26.28,26.28,26.28,100,0
2015-02-20,20:30:00,26.29,26.31,26.29,26.31,200,0
2015-02-20,20:35:00,26.3,26.3,26.29,26.29,200,0
2015-02-20,20:40:00,26.31,26.31,26.31,26.31,200,0
2015-02-20,21:05:00,26.31,26.31,26.31,26.31,200,0
2015-02-20,21:15:00,26.26,26.26,26.26,26.26,1200,0
2015-02-20,21:20:00,26.26,26.3,26.26,26.3,1000,0
2015-02-20,21:35:00,26.3,26.3,26.3,26.3,400,0
2015-02-23,15:35:00,26.33,26.33,26.33,26.33,300,0
2015-02-23,16:10:00,26.29,26.29,26.29,26.29,100,0
2015-02-23,16:40:00,26.63,26.63,26.63,26.63,300,0
2015-02-23,17:15:00,26.58,26.58,26.58,26.58,260,0
2015-02-23,17:40:00,26.56,26.56,26.56,26.56,100,0
2015-02-23,18:50:00,26.42,26.42,26.42,26.42,1052,0
2015-02-23,19:10:00,26.39,26.39,26.39,26.39,1200,0
2015-02-23,21:10:00,26.3,26.3,26.3,26.3,144,0
