Date,Time,Open,High,Low,Close,Volume,OpenInt
2014-11-25,20:55:00,54.36,54.36,54.14,54.14,800,0
2014-11-25,22:00:00,54.05,54.39,54.01,54.39,1070,0
2014-11-26,15:40:00,54.11,54.11,54.11,54.11,200,0
2014-11-26,15:45:00,54.1,54.1,54.1,54.1,100,0
2014-11-26,15:50:00,54.1,54.1,54.1,54.1,1000,0
2014-11-26,17:15:00,54.53,54.53,54.53,54.53,400,0
2014-11-26,17:40:00,54.51,54.55,54.51,54.55,500,0
2014-11-26,18:05:00,54.4,54.61,54.4,54.4,975,0
2014-11-26,18:20:00,54.4,54.4,54.4,54.4,660,0
2014-11-26,18:40:00,54.4,54.4,54.4,54.4,200,0
2014-11-26,19:10:00,54.27,54.27,54.27,54.27,100,0
2014-11-26,19:15:00,54.4,54.4,54.4,54.4,100,0
2014-11-26,19:40:00,54.41,54.41,54.4,54.4,400,0
2014-11-26,19:55:00,54.51,54.51,54.51,54.51,561,0
2014-11-26,20:55:00,54.46,54.47,54.46,54.47,648,0
2014-11-26,21:50:00,54.26,54.26,54.21,54.21,500,0
2014-11-26,22:00:00,54.23,54.28,54.23,54.28,1866,0
2014-11-28,15:40:00,54.04,54.04,54.04,54.04,900,0
2014-11-28,16:35:00,54.15,54.15,54.15,54.15,200,0
2014-11-28,16:40:00,54.1,54.1,54.1,54.1,400,0
2014-11-28,18:25:00,54.29,54.29,54.29,54.29,100,0
2014-11-28,18:50:00,54.01,54.1,54.0,54.0,700,0
2014-11-28,18:55:00,54.0,54.0,53.26,53.31,1921,0
2014-11-28,19:00:00,53.27,53.84,53.1,53.84,2500,0
2014-11-28,19:05:00,53.51,53.51,53.51,53.51,3414,0
2014-12-01,15:40:00,53.86,53.86,53.86,53.86,336,0
2014-12-01,15:45:00,53.05,53.05,53.05,53.05,400,0
2014-12-01,16:15:00,53.01,53.01,53.01,53.01,400,0
2014-12-01,16:35:00,52.99,52.99,52.99,52.99,600,0
2014-12-01,16:40:00,52.61,52.62,52.61,52.61,500,0
2014-12-01,16:45:00,52.89,52.89,52.89,52.89,300,0
2014-12-01,17:10:00,52.86,52.86,52.86,52.86,200,0
2014-12-01,17:15:00,52.6,52.6,52.6,52.6,1688,0
2014-12-01,18:00:00,52.65,52.65,52.65,52.65,100,0
2014-12-01,18:30:00,52.6,52.6,52.6,52.6,200,0
2014-12-01,19:55:00,52.68,52.68,52.68,52.68,400,0
2014-12-01,21:05:00,52.55,52.76,52.55,52.76,400,0
2014-12-01,21:15:00,52.78,52.78,52.78,52.78,100,0
2014-12-01,21:40:00,52.51,52.51,52.51,52.51,700,0
2014-12-01,21:55:00,52.5,52.51,52.5,52.51,1000,0
2014-12-01,22:00:00,52.5,52.67,52.5,52.5,1646,0
2014-12-02,15:35:00,52.5,52.5,52.5,52.5,200,0
2014-12-02,15:40:00,52.94,52.94,52.94,52.94,1600,0
2014-12-02,17:00:00,52.88,52.92,52.88,52.92,1300,0
2014-12-02,17:10:00,52.81,52.81,52.81,52.81,100,0
2014-12-02,17:15:00,52.81,52.81,52.81,52.81,300,0
2014-12-02,17:55:00,52.81,53.04,52.81,53.0,1366,0
2014-12-02,18:05:00,53.02,53.02,52.97,52.97,600,0
2014-12-02,18:15:00,52.89,52.94,52.89,52.94,400,0
2014-12-02,18:20:00,52.91,53.08,52.9,53.08,600,0
2014-12-02,18:30:00,52.92,52.92,52.9,52.9,492,0
2014-12-02,18:40:00,52.75,52.75,52.75,52.75,150,0
2014-12-02,18:45:00,53.08,53.08,53.08,53.08,200,0
2014-12-02,19:10:00,53.08,53.1,53.08,53.1,492,0
2014-12-02,19:40:00,53.36,53.36,53.36,53.36,500,0
2014-12-02,20:40:00,53.75,54.4,53.75,54.4,1400,0
2014-12-02,21:50:00,53.53,53.53,53.47,53.53,700,0
2014-12-02,21:55:00,53.78,53.78,53.39,53.39,1100,0
2014-12-02,22:00:00,53.89,53.89,53.89,53.89,1766,0
2014-12-03,15:35:00,53.4,53.4,53.4,53.4,2048,0
2014-12-03,16:05:00,53.42,53.42,53.42,53.42,200,0
2014-12-03,16:25:00,53.4,53.55,53.4,53.55,1800,0
2014-12-03,16:30:00,53.4,53.4,53.4,53.4,564,0
2014-12-03,16:40:00,53.02,53.02,53.02,53.02,500,0
2014-12-03,17:15:00,53.4,53.4,53.4,53.4,300,0
2014-12-03,18:05:00,53.42,53.87,53.42,53.87,1036,0
2014-12-03,18:55:00,53.41,53.41,53.41,53.41,600,0
2014-12-03,20:15:00,54.12,54.12,54.12,54.12,300,0
2014-12-03,21:10:00,53.51,53.51,53.51,53.51,200,0
2014-12-03,21:35:00,53.84,53.85,53.84,53.85,600,0
2014-12-03,21:40:00,53.51,53.51,53.51,53.51,500,0
2014-12-03,21:50:00,53.51,53.52,53.5,53.5,600,0
2014-12-03,21:55:00,53.52,53.56,53.52,53.56,600,0
2014-12-03,22:00:00,53.56,53.56,53.56,53.56,1266,0
2014-12-04,18:40:00,53.61,53.61,53.61,53.61,1000,0
2014-12-04,19:25:00,53.76,53.76,53.76,53.76,100,0
2014-12-04,20:00:00,54.36,54.36,54.36,54.36,300,0
2014-12-04,20:05:00,53.58,53.58,53.57,53.57,200,0
2014-12-04,20:20:00,53.6,53.6,53.6,53.6,400,0
2014-12-04,21:35:00,53.61,53.61,53.61,53.61,655,0
2014-12-04,21:55:00,53.53,53.53,53.53,53.53,100,0
2014-12-04,22:00:00,53.52,53.53,53.52,53.53,1054,0
2014-12-05,15:35:00,53.52,53.52,53.52,53.52,1200,0
2014-12-05,16:40:00,54.32,54.32,54.32,54.32,200,0
2014-12-05,18:05:00,54.31,54.31,54.31,54.31,200,0
2014-12-05,19:00:00,54.3,54.3,54.3,54.3,300,0
2014-12-05,19:20:00,54.3,54.3,54.3,54.3,100,0
2014-12-05,20:05:00,54.29,54.29,54.29,54.29,600,0
2014-12-05,20:10:00,54.0,54.0,54.0,54.0,800,0
2014-12-05,21:40:00,53.97,53.97,53.97,53.97,100,0
2014-12-05,21:55:00,53.91,53.91,53.7,53.71,1300,0
2014-12-05,22:00:00,53.73,53.94,53.73,53.94,2490,0
2014-12-08,15:55:00,53.96,53.96,53.96,53.96,300,0
2014-12-08,16:10:00,53.68,53.68,53.63,53.63,650,0
2014-12-08,16:35:00,53.62,53.62,53.61,53.61,300,0
2014-12-08,16:45:00,53.61,53.75,53.6,53.6,700,0
2014-12-08,16:55:00,53.85,53.86,53.64,53.65,700,0
2014-12-08,17:25:00,53.73,53.73,53.6,53.6,300,0
2014-12-08,17:30:00,53.57,53.57,53.52,53.52,500,0
2014-12-08,17:35:00,53.6,53.6,53.54,53.54,300,0
2014-12-08,17:40:00,53.74,53.74,53.64,53.65,800,0
2014-12-08,17:50:00,53.67,53.67,53.67,53.67,100,0
2014-12-08,17:55:00,53.75,53.75,53.75,53.75,200,0
2014-12-08,18:00:00,53.64,53.65,53.57,53.57,400,0
2014-12-08,18:15:00,53.53,53.53,53.53,53.53,200,0
2014-12-08,18:20:00,53.53,53.53,53.3,53.3,1800,0
2014-12-08,18:25:00,53.34,53.34,53.34,53.34,200,0
2014-12-08,18:50:00,53.39,53.4,53.39,53.4,300,0
2014-12-08,19:15:00,53.83,53.83,53.83,53.83,744,0
2014-12-08,20:25:00,53.44,53.44,53.44,53.44,800,0
2014-12-08,21:20:00,53.44,53.44,53.44,53.44,380,0
2014-12-08,22:00:00,52.94,52.95,52.77,52.8,6546,0
2014-12-09,15:45:00,52.5,52.5,52.5,52.5,6300,0
2014-12-09,16:15:00,52.25,52.25,52.25,52.25,400,0
2014-12-09,16:20:00,52.9,52.9,52.18,52.18,1350,0
2014-12-09,16:35:00,52.18,52.81,52.18,52.28,1892,0
2014-12-09,16:50:00,52.22,52.22,52.22,52.22,200,0
2014-12-09,16:55:00,52.5,52.5,52.5,52.5,400,0
2014-12-09,17:10:00,52.5,52.5,52.5,52.5,600,0
2014-12-09,17:25:00,52.26,52.26,52.26,52.26,150,0
2014-12-09,17:30:00,52.58,52.58,52.5,52.58,1364,0
2014-12-09,17:50:00,52.6,52.6,52.35,52.35,200,0
2014-12-09,18:00:00,52.35,52.35,52.35,52.35,100,0
2014-12-09,18:05:00,52.3,52.3,52.3,52.3,200,0
2014-12-09,19:35:00,52.48,52.49,52.48,52.49,500,0
2014-12-09,19:45:00,52.46,52.46,52.46,52.46,100,0
2014-12-09,20:05:00,51.95,51.95,51.95,51.95,100,0
2014-12-09,20:20:00,51.7,51.7,51.7,51.7,400,0
2014-12-09,20:30:00,51.95,51.95,51.95,51.95,700,0
2014-12-09,20:45:00,52.49,52.49,52.49,52.49,100,0
2014-12-09,20:50:00,51.53,51.53,51.53,51.53,100,0
2014-12-09,20:55:00,52.25,52.25,52.25,52.25,100,0
2014-12-09,21:00:00,52.69,52.69,52.69,52.69,200,0
2014-12-09,21:30:00,52.3,52.3,52.3,52.3,400,0
2014-12-09,21:35:00,52.29,52.29,52.29,52.29,500,0
2014-12-09,21:45:00,52.87,52.87,52.87,52.87,100,0
2014-12-09,21:55:00,52.0,52.84,52.0,52.3,752,0
2014-12-09,22:00:00,52.74,52.74,52.08,52.74,3595,0
2014-12-10,15:40:00,52.72,52.72,52.1,52.1,2424,0
2014-12-10,16:15:00,52.05,52.05,52.05,52.05,400,0
2014-12-10,16:25:00,52.64,52.64,52.05,52.05,303,0
2014-12-10,16:35:00,52.01,52.01,52.01,52.01,355,0
2014-12-10,17:00:00,52.58,52.58,52.45,52.45,300,0
2014-12-10,17:05:00,52.25,52.25,52.25,52.25,384,0
2014-12-10,17:15:00,52.65,52.65,52.25,52.25,800,0
2014-12-10,17:35:00,52.63,52.63,52.63,52.63,400,0
2014-12-10,17:50:00,52.45,52.45,52.45,52.45,400,0
2014-12-10,18:15:00,52.35,52.35,52.35,52.35,207,0
2014-12-10,18:20:00,52.64,52.64,52.64,52.64,300,0
2014-12-10,18:25:00,52.65,52.65,52.64,52.64,800,0
2014-12-10,18:45:00,52.35,52.35,52.35,52.35,500,0
2014-12-10,19:45:00,52.31,52.31,52.3,52.3,904,0
2014-12-10,19:55:00,52.3,52.3,52.3,52.3,500,0
2014-12-10,20:20:00,52.05,52.1,52.01,52.01,1917,0
2014-12-10,20:25:00,52.01,52.01,52.01,52.01,500,0
2014-12-10,20:50:00,52.47,52.47,52.47,52.47,1500,0
2014-12-10,21:05:00,52.01,52.01,52.01,52.01,200,0
2014-12-10,21:20:00,52.29,52.33,52.02,52.02,800,0
2014-12-10,21:50:00,52.02,52.02,52.02,52.02,700,0
2014-12-10,21:55:00,52.01,52.01,52.01,52.01,400,0
2014-12-10,22:00:00,52.02,52.03,52.02,52.03,1869,0
2014-12-11,15:35:00,52.0,52.0,52.0,52.0,185,0
2014-12-11,15:45:00,52.15,52.19,52.0,52.19,2392,0
2014-12-11,16:00:00,52.67,52.67,52.67,52.67,100,0
2014-12-11,16:10:00,52.21,52.21,52.21,52.21,100,0
2014-12-11,16:15:00,52.8,52.8,52.8,52.8,300,0
2014-12-11,16:35:00,52.76,52.78,52.76,52.78,1000,0
2014-12-11,16:55:00,52.3,52.3,52.24,52.24,1180,0
2014-12-11,17:10:00,52.22,52.22,52.21,52.21,503,0
2014-12-11,17:15:00,52.21,52.21,52.21,52.21,650,0
2014-12-11,17:20:00,52.22,52.22,52.22,52.22,300,0
2014-12-11,17:35:00,52.51,52.52,52.51,52.52,200,0
2014-12-11,17:40:00,51.8,51.8,51.8,51.8,100,0
2014-12-11,17:45:00,52.49,52.49,52.49,52.49,400,0
2014-12-11,18:10:00,51.8,51.8,51.8,51.8,900,0
2014-12-11,19:30:00,52.33,52.33,52.3,52.3,800,0
2014-12-11,20:05:00,52.2,52.2,52.2,52.2,100,0
2014-12-11,20:35:00,52.14,52.14,52.14,52.14,200,0
2014-12-11,20:40:00,52.0,52.03,52.0,52.03,300,0
2014-12-11,21:15:00,52.14,52.25,52.14,52.25,700,0
2014-12-11,21:45:00,51.74,52.22,51.74,52.16,1100,0
2014-12-11,21:55:00,51.71,52.0,51.65,51.65,600,0
2014-12-11,22:00:00,51.65,52.14,51.47,52.14,2731,0
2014-12-12,15:35:00,51.5,51.5,51.5,51.5,2704,0
2014-12-12,18:05:00,51.73,51.73,51.73,51.73,250,0
2014-12-12,18:25:00,51.94,51.95,51.94,51.95,300,0
2014-12-12,18:55:00,52.01,52.01,52.0,52.01,800,0
2014-12-12,21:10:00,52.0,52.0,52.0,52.0,200,0
2014-12-12,21:15:00,52.0,52.0,52.0,52.0,760,0
2014-12-12,22:00:00,51.91,51.91,51.51,51.51,1793,0
2014-12-15,15:50:00,52.04,52.04,52.04,52.04,1000,0
2014-12-15,16:50:00,51.98,51.99,51.98,51.99,700,0
2014-12-15,17:25:00,51.98,52.0,51.98,52.0,5806,0
2014-12-15,17:40:00,51.65,51.65,51.65,51.65,300,0
2014-12-15,18:30:00,52.15,52.15,52.15,52.15,300,0
2014-12-15,18:35:00,52.15,52.15,52.05,52.15,900,0
2014-12-15,19:40:00,52.0,52.0,52.0,52.0,1900,0
2014-12-15,22:00:00,51.7,51.7,51.7,51.7,1316,0
2014-12-16,15:35:00,51.75,51.75,51.75,51.75,700,0
2014-12-16,15:50:00,51.8,52.01,51.8,52.01,300,0
2014-12-16,15:55:00,51.8,51.8,51.51,51.52,400,0
2014-12-16,16:10:00,51.75,51.75,51.64,51.64,1300,0
2014-12-16,16:15:00,51.63,51.78,51.63,51.78,600,0
2014-12-16,16:45:00,51.82,51.82,51.8,51.8,902,0
2014-12-16,17:05:00,52.03,52.03,52.03,52.03,600,0
2014-12-16,17:20:00,52.13,52.13,52.13,52.13,200,0
2014-12-16,17:30:00,52.34,52.34,52.34,52.34,200,0
2014-12-16,18:05:00,52.11,52.11,52.01,52.01,700,0
2014-12-16,18:35:00,52.44,52.44,52.44,52.44,100,0
2014-12-16,18:50:00,52.06,52.06,52.06,52.06,200,0
2014-12-16,19:15:00,52.43,52.43,52.43,52.43,800,0
2014-12-16,19:20:00,52.06,52.06,52.06,52.06,200,0
2014-12-16,19:35:00,52.06,52.06,52.06,52.06,390,0
2014-12-16,19:50:00,52.23,52.44,52.23,52.44,1000,0
2014-12-16,19:55:00,52.44,52.45,52.44,52.45,600,0
2014-12-16,20:15:00,52.56,52.56,52.56,52.56,200,0
2014-12-16,21:05:00,52.85,52.85,52.85,52.85,400,0
2014-12-16,21:15:00,53.11,53.11,53.11,53.11,100,0
2014-12-16,21:20:00,52.92,52.92,52.92,52.92,150,0
2014-12-16,21:25:00,52.97,52.97,52.9,52.9,550,0
2014-12-16,21:30:00,53.09,53.09,53.09,53.09,200,0
2014-12-16,21:35:00,53.09,53.09,53.09,53.09,300,0
2014-12-16,21:50:00,53.09,53.1,53.09,53.1,200,0
2014-12-16,21:55:00,52.95,52.95,52.95,52.95,1700,0
2014-12-16,22:00:00,52.62,52.96,52.62,52.77,1122,0
2014-12-17,15:50:00,52.5,52.5,52.5,52.5,300,0
2014-12-17,15:55:00,52.46,52.88,52.45,52.88,900,0
2014-12-17,16:55:00,53.11,53.11,53.11,53.11,800,0
2014-12-17,17:00:00,53.11,53.11,53.1,53.11,1497,0
2014-12-17,17:05:00,53.24,53.24,53.01,53.01,1900,0
2014-12-17,17:40:00,53.01,53.01,53.01,53.01,1950,0
2014-12-17,19:30:00,53.39,53.39,53.39,53.39,300,0
2014-12-17,20:15:00,53.1,53.1,53.1,53.1,200,0
2014-12-17,20:20:00,53.7,53.7,53.7,53.7,100,0
2014-12-17,20:35:00,53.69,53.69,53.69,53.69,600,0
2014-12-17,21:00:00,53.66,53.66,53.66,53.66,100,0
2014-12-17,21:05:00,53.69,53.69,53.68,53.68,737,0
2014-12-17,21:30:00,53.68,53.7,53.68,53.7,400,0
2014-12-17,21:35:00,53.7,53.7,53.7,53.7,100,0
2014-12-17,21:40:00,53.11,53.11,53.11,53.11,300,0
2014-12-17,21:55:00,53.78,53.78,53.78,53.78,400,0
2014-12-17,22:00:00,54.3,54.87,53.66,54.85,3928,0
2014-12-18,16:05:00,54.48,54.48,54.48,54.48,500,0
2014-12-18,16:20:00,54.41,54.41,54.41,54.41,200,0
2014-12-18,16:25:00,54.5,54.5,54.5,54.5,500,0
2014-12-18,17:10:00,54.3,54.3,54.3,54.3,1400,0
2014-12-18,17:25:00,54.27,54.27,54.26,54.26,600,0
2014-12-18,17:50:00,54.47,54.47,54.47,54.47,800,0
2014-12-18,18:10:00,54.5,54.5,54.5,54.5,300,0
2014-12-18,18:20:00,54.5,54.55,54.5,54.55,2396,0
2014-12-18,18:35:00,54.82,54.82,54.82,54.82,900,0
2014-12-18,18:55:00,55.46,55.46,55.46,55.46,1300,0
2014-12-18,20:55:00,55.42,55.42,55.42,55.42,950,0
2014-12-18,21:10:00,55.49,55.49,55.49,55.49,300,0
2014-12-18,21:20:00,55.49,55.49,55.47,55.47,300,0
2014-12-18,21:30:00,55.21,55.21,55.2,55.2,400,0
2014-12-18,21:40:00,55.2,55.2,55.2,55.2,200,0
2014-12-18,21:45:00,55.4,55.4,55.4,55.4,900,0
2014-12-18,21:50:00,55.39,55.4,55.39,55.4,500,0
2014-12-18,21:55:00,55.46,55.46,55.46,55.46,1000,0
2014-12-18,22:00:00,55.47,55.49,55.46,55.46,2888,0
2014-12-19,15:35:00,55.06,55.06,55.06,55.06,29820,0
2014-12-19,15:50:00,55.4,55.4,55.06,55.06,2052,0
2014-12-19,16:25:00,56.0,56.0,56.0,56.0,400,0
2014-12-19,17:20:00,56.46,56.5,56.46,56.5,600,0
2014-12-19,17:35:00,56.5,56.5,56.5,56.5,100,0
2014-12-19,18:35:00,56.65,56.65,56.65,56.65,900,0
2014-12-19,19:15:00,56.6,56.6,56.6,56.6,300,0
2014-12-19,19:35:00,56.75,56.75,56.75,56.75,500,0
2014-12-19,21:20:00,56.32,56.32,56.29,56.29,798,0
2014-12-19,21:40:00,56.29,56.29,56.29,56.29,200,0
2014-12-19,21:45:00,56.45,56.46,56.45,56.46,300,0
2014-12-19,21:55:00,57.25,57.28,56.74,57.28,1300,0
2014-12-19,22:00:00,57.27,57.29,53.5,53.5,33309,0
2014-12-22,15:35:00,56.49,56.49,56.49,56.49,377,0
2014-12-22,15:40:00,54.43,54.68,54.4,54.68,300,0
2014-12-22,15:45:00,54.7,54.7,54.4,54.7,1900,0
2014-12-22,17:50:00,54.5,54.5,54.38,54.38,1000,0
2014-12-22,18:15:00,55.0,55.0,55.0,55.0,400,0
2014-12-22,19:45:00,54.91,54.91,54.91,54.91,600,0
2014-12-22,20:35:00,54.61,54.62,54.61,54.62,400,0
2014-12-22,21:25:00,54.62,54.62,54.62,54.62,100,0
2014-12-22,21:30:00,54.59,54.62,54.59,54.62,650,0
2014-12-22,21:35:00,54.74,54.74,54.74,54.74,100,0
2014-12-22,21:50:00,54.68,54.75,54.68,54.75,300,0
2014-12-22,22:00:00,54.81,55.15,54.81,55.15,3158,0
2014-12-23,16:00:00,55.1,55.1,55.1,55.1,1099,0
2014-12-23,16:05:00,55.0,55.0,55.0,55.0,400,0
2014-12-23,17:15:00,54.84,54.9,54.84,54.9,1000,0
2014-12-23,17:20:00,54.9,54.9,54.9,54.9,900,0
2014-12-23,18:15:00,54.89,54.89,54.71,54.71,900,0
2014-12-23,18:40:00,54.9,55.0,54.9,55.0,1811,0
2014-12-23,19:15:00,55.05,55.05,55.05,55.05,1300,0
2014-12-23,19:25:00,55.2,55.52,55.2,55.52,800,0
2014-12-23,20:10:00,55.9,55.9,55.9,55.9,100,0
2014-12-23,20:20:00,55.08,55.08,55.08,55.08,100,0
2014-12-23,20:30:00,55.04,55.04,55.04,55.04,600,0
2014-12-23,20:45:00,55.85,55.85,55.85,55.85,200,0
2014-12-23,21:00:00,55.06,55.07,55.06,55.07,1763,0
2014-12-23,21:50:00,55.85,55.85,55.85,55.85,300,0
2014-12-23,21:55:00,55.85,55.85,55.84,55.84,720,0
2014-12-23,22:00:00,55.8,55.84,55.26,55.26,1896,0
2014-12-24,15:35:00,55.75,55.75,55.75,55.75,2961,0
2014-12-24,17:55:00,55.25,55.25,55.25,55.25,960,0
2014-12-24,18:40:00,55.15,55.15,55.15,55.15,1000,0
2014-12-24,19:00:00,55.09,55.09,55.09,55.09,500,0
2014-12-24,19:05:00,55.05,55.05,55.05,55.05,1029,0
2014-12-26,15:35:00,55.53,55.53,55.53,55.53,238,0
2014-12-26,15:45:00,55.5,55.5,55.47,55.5,900,0
2014-12-26,16:30:00,54.99,54.99,54.99,54.99,300,0
2014-12-26,16:35:00,55.0,55.0,55.0,55.0,2025,0
2014-12-26,17:05:00,55.2,55.25,55.2,55.24,1566,0
2014-12-26,17:10:00,55.2,55.25,55.2,55.25,1222,0
2014-12-26,17:25:00,55.5,55.5,55.5,55.5,1000,0
2014-12-26,17:45:00,55.57,55.57,55.57,55.57,500,0
2014-12-26,17:55:00,55.74,55.75,55.74,55.75,300,0
2014-12-26,18:00:00,55.75,55.75,55.75,55.75,500,0
2014-12-26,19:30:00,55.25,55.3,55.25,55.3,300,0
2014-12-26,19:45:00,55.74,55.74,55.74,55.74,840,0
2014-12-26,19:50:00,55.7,55.7,55.7,55.7,200,0
2014-12-26,20:25:00,55.52,55.52,55.5,55.5,400,0
2014-12-26,20:30:00,55.49,55.49,55.49,55.49,300,0
2014-12-26,21:20:00,55.72,55.74,55.72,55.74,200,0
2014-12-26,21:50:00,55.75,55.75,55.75,55.75,100,0
2014-12-26,22:00:00,55.7,55.7,55.67,55.67,1276,0
2014-12-29,15:40:00,55.65,55.65,55.65,55.65,500,0
2014-12-29,16:00:00,55.67,55.67,55.67,55.67,560,0
2014-12-29,17:30:00,55.7,55.7,55.7,55.7,250,0
2014-12-29,17:35:00,55.6,55.6,55.6,55.6,750,0
2014-12-29,17:50:00,55.6,55.6,55.6,55.6,100,0
2014-12-29,18:20:00,55.39,55.39,55.39,55.39,400,0
2014-12-29,18:35:00,55.7,55.7,55.4,55.4,300,0
2014-12-29,18:40:00,55.59,55.6,55.59,55.6,300,0
2014-12-29,19:00:00,55.59,55.59,55.41,55.41,1600,0
2014-12-29,19:20:00,55.6,55.6,55.6,55.6,300,0
2014-12-29,19:25:00,55.6,55.6,55.6,55.6,100,0
2014-12-29,19:30:00,55.6,55.6,55.6,55.6,443,0
2014-12-29,19:35:00,55.42,55.42,55.42,55.42,170,0
2014-12-29,19:40:00,55.43,55.75,55.43,55.75,200,0
2014-12-29,19:50:00,55.57,55.57,55.57,55.57,100,0
2014-12-29,20:10:00,55.75,55.75,55.65,55.68,1150,0
2014-12-29,20:35:00,56.09,56.09,56.09,56.09,100,0
2014-12-29,21:00:00,56.15,56.24,56.15,56.16,700,0
2014-12-29,21:10:00,56.54,56.54,56.51,56.51,200,0
2014-12-29,21:15:00,56.51,56.51,56.5,56.5,700,0
2014-12-29,21:20:00,56.5,56.5,56.46,56.46,1000,0
2014-12-29,21:25:00,56.46,56.46,56.06,56.06,1200,0
2014-12-29,21:30:00,56.06,56.06,55.34,55.34,700,0
2014-12-29,21:45:00,56.19,56.19,56.19,56.19,300,0
2014-12-29,21:50:00,56.1,56.5,55.83,55.83,1500,0
2014-12-29,21:55:00,55.62,56.18,55.61,55.8,3200,0
2014-12-29,22:00:00,56.14,56.14,55.78,55.78,2534,0
2014-12-30,15:35:00,55.75,55.75,55.75,55.75,1300,0
2014-12-30,16:35:00,56.0,56.0,56.0,56.0,300,0
2014-12-30,17:15:00,55.44,55.44,55.41,55.41,1100,0
2014-12-30,18:15:00,55.85,55.85,55.85,55.85,900,0
2014-12-30,21:35:00,56.0,56.0,56.0,56.0,240,0
2014-12-30,21:40:00,56.0,56.0,56.0,56.0,700,0
2014-12-30,21:45:00,55.66,55.81,55.66,55.66,300,0
2014-12-30,21:50:00,55.63,55.64,55.63,55.64,700,0
2014-12-30,21:55:00,55.64,55.64,55.64,55.64,100,0
2014-12-30,22:00:00,55.8,55.8,55.31,55.31,2563,0
2014-12-31,16:05:00,55.95,55.95,55.95,55.95,200,0
2014-12-31,16:50:00,55.99,55.99,55.99,55.99,600,0
2014-12-31,17:40:00,55.31,55.31,55.31,55.31,600,0
2014-12-31,18:10:00,55.99,55.99,55.99,55.99,100,0
2014-12-31,19:20:00,55.94,55.94,55.94,55.94,900,0
2014-12-31,20:40:00,55.41,55.41,55.41,55.41,300,0
2014-12-31,20:50:00,55.87,55.87,55.87,55.87,717,0
2014-12-31,20:55:00,55.33,55.33,55.33,55.33,100,0
2014-12-31,21:15:00,55.88,55.88,55.88,55.88,300,0
2014-12-31,21:30:00,55.55,55.55,55.55,55.55,800,0
2014-12-31,21:50:00,55.5,55.97,55.5,55.97,1140,0
2014-12-31,21:55:00,55.65,55.66,55.5,55.51,2200,0
2014-12-31,22:00:00,55.84,55.84,55.53,55.8,3214,0
2015-01-02,15:40:00,55.1,55.1,55.1,55.1,300,0
2015-01-02,15:45:00,55.99,55.99,55.99,55.99,400,0
2015-01-02,15:50:00,55.91,56.06,55.91,56.06,400,0
2015-01-02,16:00:00,56.05,56.05,56.05,56.05,100,0
2015-01-02,16:05:00,55.56,55.56,55.56,55.56,1200,0
2015-01-02,16:50:00,55.57,55.57,55.57,55.57,200,0
2015-01-02,16:55:00,55.55,55.99,55.55,55.99,1000,0
2015-01-02,17:10:00,55.2,55.2,55.2,55.2,880,0
2015-01-02,17:50:00,55.9,55.9,55.9,55.9,200,0
2015-01-02,18:10:00,55.98,55.98,55.98,55.98,100,0
2015-01-02,18:20:00,56.0,56.0,56.0,56.0,100,0
2015-01-02,18:40:00,56.0,56.0,55.97,56.0,675,0
2015-01-02,19:00:00,55.7,55.7,55.7,55.7,100,0
2015-01-02,19:15:00,56.0,56.0,56.0,56.0,400,0
2015-01-02,19:45:00,55.7,55.7,55.7,55.7,200,0
2015-01-02,19:55:00,55.95,56.05,55.95,56.05,3231,0
2015-01-02,20:10:00,56.11,56.11,56.1,56.11,400,0
2015-01-02,20:15:00,56.06,56.11,56.0,56.0,3149,0
2015-01-02,20:20:00,56.0,56.0,55.91,55.91,400,0
2015-01-02,20:40:00,56.0,56.0,56.0,56.0,100,0
2015-01-02,20:45:00,55.74,55.74,55.74,55.74,100,0
2015-01-02,20:50:00,55.99,55.99,55.99,55.99,100,0
2015-01-02,21:00:00,56.0,56.0,56.0,56.0,100,0
2015-01-02,21:10:00,55.8,55.8,55.8,55.8,100,0
2015-01-02,21:20:00,55.99,56.0,55.99,56.0,200,0
2015-01-02,21:30:00,56.0,56.0,56.0,56.0,200,0
2015-01-02,21:35:00,56.0,56.0,56.0,56.0,100,0
2015-01-02,21:40:00,56.0,56.0,55.98,55.98,500,0
2015-01-02,21:45:00,56.0,56.0,56.0,56.0,1000,0
2015-01-02,21:50:00,55.98,56.04,55.98,55.99,1000,0
2015-01-02,21:55:00,56.04,56.04,56.03,56.04,2488,0
2015-01-02,22:00:00,56.08,56.08,55.68,55.9,3900,0
2015-01-05,15:50:00,55.99,55.99,55.99,55.99,300,0
2015-01-05,15:55:00,55.99,55.99,55.99,55.99,600,0
2015-01-05,17:30:00,56.0,56.0,55.18,55.18,2272,0
2015-01-05,17:40:00,55.98,55.98,55.98,55.98,200,0
2015-01-05,17:55:00,56.0,56.0,56.0,56.0,100,0
2015-01-05,18:05:00,56.0,56.0,56.0,56.0,100,0
2015-01-05,18:10:00,56.0,56.0,56.0,56.0,300,0
2015-01-05,18:30:00,56.15,56.15,56.0,56.0,577,0
2015-01-05,18:35:00,56.03,56.03,56.0,56.02,700,0
2015-01-05,18:40:00,56.15,56.15,56.15,56.15,400,0
2015-01-05,18:50:00,56.42,56.42,56.42,56.42,100,0
2015-01-05,19:00:00,57.43,57.43,57.43,57.43,100,0
2015-01-05,19:25:00,57.38,57.38,57.38,57.38,200,0
2015-01-05,19:40:00,57.4,57.4,56.65,56.65,1200,0
2015-01-05,20:05:00,57.33,57.33,57.33,57.33,1000,0
2015-01-05,21:20:00,57.18,57.18,57.18,57.18,100,0
2015-01-05,21:25:00,56.31,56.31,56.31,56.31,200,0
2015-01-05,21:40:00,56.36,56.36,56.35,56.35,800,0
2015-01-05,21:45:00,56.26,56.26,56.26,56.26,900,0
2015-01-05,21:50:00,56.03,56.03,56.01,56.01,200,0
2015-01-05,21:55:00,56.0,56.19,56.0,56.19,300,0
2015-01-05,22:00:00,55.89,56.15,55.89,56.0,2714,0
2015-01-06,16:25:00,56.6,56.6,56.5,56.53,1700,0
2015-01-06,17:30:00,56.53,56.53,56.53,56.53,500,0
2015-01-06,17:55:00,56.52,56.52,56.51,56.51,900,0
2015-01-06,18:05:00,56.09,56.09,56.09,56.09,400,0
2015-01-06,18:10:00,56.06,56.06,56.06,56.06,300,0
2015-01-06,19:05:00,56.13,56.13,55.81,56.13,1600,0
2015-01-06,19:40:00,56.1,56.1,56.1,56.1,100,0
2015-01-06,20:25:00,55.69,55.7,55.69,55.7,400,0
2015-01-06,20:50:00,56.11,56.11,55.7,55.7,500,0
2015-01-06,20:55:00,56.0,56.0,56.0,56.0,400,0
2015-01-06,21:10:00,56.41,56.41,56.41,56.41,100,0
2015-01-06,21:20:00,56.24,56.24,56.15,56.15,500,0
2015-01-06,21:45:00,56.01,56.01,56.01,56.01,100,0
2015-01-06,21:55:00,56.0,56.0,56.0,56.0,500,0
2015-01-06,22:00:00,56.0,56.0,55.63,55.63,2879,0
2015-01-07,18:00:00,55.66,55.66,55.63,55.63,1200,0
2015-01-07,18:30:00,56.46,56.46,56.46,56.46,100,0
2015-01-07,18:45:00,55.66,55.66,55.66,55.66,1300,0
2015-01-07,19:55:00,55.6,55.6,55.6,55.6,100,0
2015-01-07,20:25:00,55.6,55.6,55.6,55.6,300,0
2015-01-07,20:30:00,55.75,55.75,55.75,55.75,400,0
2015-01-07,21:10:00,55.99,55.99,55.99,55.99,200,0
2015-01-07,21:25:00,55.35,55.38,55.35,55.35,690,0
2015-01-07,21:30:00,55.29,55.29,55.29,55.29,600,0
2015-01-07,21:40:00,55.05,55.05,55.0,55.0,1370,0
2015-01-07,21:55:00,55.47,55.47,54.51,55.47,1000,0
2015-01-07,22:00:00,55.47,55.68,55.47,55.68,3214,0
2015-01-08,16:00:00,55.7,55.7,55.7,55.7,768,0
2015-01-08,16:10:00,55.8,55.8,55.8,55.8,1800,0
2015-01-08,18:20:00,56.5,56.5,56.5,56.5,2000,0
2015-01-08,19:15:00,57.0,57.0,57.0,57.0,400,0
2015-01-08,19:20:00,56.97,56.97,56.97,56.97,800,0
2015-01-08,19:25:00,56.94,56.97,56.94,56.97,700,0
2015-01-08,19:30:00,56.94,56.94,56.94,56.94,100,0
2015-01-08,19:45:00,56.94,56.94,56.94,56.94,100,0
2015-01-08,19:50:00,56.94,56.94,56.94,56.94,1400,0
2015-01-08,20:55:00,56.42,56.42,56.0,56.0,1100,0
2015-01-08,21:00:00,55.75,55.75,55.75,55.75,200,0
2015-01-08,21:25:00,56.05,56.05,56.02,56.02,720,0
2015-01-08,21:40:00,56.42,56.42,56.42,56.42,4500,0
2015-01-08,22:00:00,56.61,56.61,56.61,56.61,1842,0
2015-01-09,16:05:00,56.56,56.56,56.56,56.56,100,0
2015-01-09,16:10:00,56.0,56.0,56.0,56.0,200,0
2015-01-09,16:25:00,56.0,56.0,56.0,56.0,100,0
2015-01-09,16:40:00,55.25,55.25,55.25,55.25,400,0
2015-01-09,17:05:00,55.98,56.0,55.98,56.0,904,0
2015-01-09,17:25:00,55.99,55.99,55.99,55.99,100,0
2015-01-09,17:30:00,55.57,55.57,55.5,55.5,800,0
2015-01-09,17:50:00,55.5,55.5,55.5,55.5,200,0
2015-01-09,17:55:00,55.5,55.5,55.5,55.5,800,0
2015-01-09,18:55:00,55.95,55.95,55.95,55.95,200,0
2015-01-09,19:05:00,55.95,55.95,55.95,55.95,600,0
2015-01-09,21:25:00,55.89,55.89,55.89,55.89,300,0
2015-01-09,22:00:00,55.5,55.84,55.5,55.5,1506,0
2015-01-12,15:35:00,55.44,55.44,55.44,55.44,924,0
2015-01-12,16:00:00,55.06,55.06,55.06,55.06,1000,0
2015-01-12,18:50:00,54.15,54.15,54.15,54.15,200,0
2015-01-12,18:55:00,54.15,54.15,54.15,54.15,200,0
2015-01-12,19:00:00,54.15,54.15,54.15,54.15,200,0
2015-01-12,19:45:00,54.2,54.2,54.15,54.2,300,0
2015-01-12,20:05:00,55.0,55.0,55.0,55.0,500,0
2015-01-12,20:30:00,54.15,54.15,54.15,54.15,100,0
2015-01-12,21:10:00,54.25,54.25,54.25,54.25,100,0
2015-01-12,21:20:00,54.97,55.0,54.97,55.0,3100,0
2015-01-12,21:35:00,54.25,54.25,54.25,54.25,600,0
2015-01-12,21:40:00,54.25,54.25,54.25,54.25,100,0
2015-01-12,21:50:00,54.25,54.25,54.25,54.25,100,0
2015-01-12,21:55:00,54.3,54.3,54.3,54.3,100,0
2015-01-12,22:00:00,54.26,54.8,54.26,54.8,4181,0
2015-01-13,15:35:00,54.88,54.88,54.88,54.88,141,0
2015-01-13,15:45:00,54.99,54.99,54.99,54.99,300,0
2015-01-13,15:50:00,54.99,54.99,54.99,54.99,200,0
2015-01-13,16:15:00,54.89,54.89,54.89,54.89,100,0
2015-01-13,16:20:00,54.77,54.77,54.77,54.77,150,0
2015-01-13,16:40:00,54.89,54.89,54.89,54.89,100,0
2015-01-13,16:45:00,54.9,54.9,54.9,54.9,300,0
2015-01-13,16:55:00,54.9,54.9,54.9,54.9,500,0
2015-01-13,17:00:00,54.9,54.9,54.9,54.9,700,0
2015-01-13,17:10:00,54.89,54.89,54.89,54.89,100,0
2015-01-13,17:15:00,54.7,54.7,54.7,54.7,800,0
2015-01-13,18:25:00,54.7,54.7,54.7,54.7,100,0
2015-01-13,19:00:00,54.9,54.9,54.9,54.9,500,0
2015-01-13,20:45:00,54.52,54.52,54.5,54.5,2096,0
2015-01-13,20:50:00,54.16,54.16,54.16,54.16,400,0
2015-01-13,21:00:00,54.18,54.18,54.18,54.18,300,0
2015-01-13,21:10:00,54.82,54.82,54.82,54.82,100,0
2015-01-13,21:25:00,54.84,54.84,54.84,54.84,100,0
2015-01-13,21:30:00,54.99,54.99,54.99,54.99,300,0
2015-01-13,21:55:00,54.58,54.58,54.58,54.58,1000,0
2015-01-13,22:00:00,54.64,54.64,54.64,54.64,592,0
2015-01-14,16:00:00,54.39,54.39,54.39,54.39,200,0
2015-01-14,16:10:00,54.05,54.05,54.0,54.0,700,0
2015-01-14,16:15:00,54.0,54.0,53.55,53.55,1400,0
2015-01-14,16:40:00,53.6,53.6,53.6,53.6,700,0
2015-01-14,17:30:00,53.99,54.01,53.99,54.01,1800,0
2015-01-14,19:25:00,54.0,54.0,54.0,54.0,200,0
2015-01-14,20:05:00,53.95,53.95,53.95,53.95,100,0
2015-01-14,20:10:00,54.4,54.4,54.4,54.4,500,0
2015-01-14,20:30:00,53.65,53.65,53.65,53.65,350,0
2015-01-14,21:15:00,54.06,54.06,54.06,54.06,500,0
2015-01-14,21:30:00,54.03,54.03,53.99,53.99,200,0
2015-01-14,21:35:00,53.98,53.99,53.98,53.99,800,0
2015-01-14,21:55:00,54.04,54.04,53.99,54.01,700,0
2015-01-14,22:00:00,54.02,54.35,53.66,54.35,1768,0
2015-01-15,18:40:00,54.01,54.01,54.0,54.0,700,0
2015-01-15,19:30:00,54.1,54.1,53.95,53.95,600,0
2015-01-15,19:40:00,54.02,54.02,53.85,53.85,1225,0
2015-01-15,19:45:00,53.6,53.6,53.6,53.6,1540,0
2015-01-15,21:30:00,54.06,54.06,54.06,54.06,1700,0
2015-01-15,22:00:00,53.69,53.69,53.69,53.69,1145,0
2015-01-16,15:35:00,53.6,53.6,53.5,53.53,1813,0
2015-01-16,15:55:00,53.99,53.99,51.96,51.96,8588,0
2015-01-16,16:15:00,53.8,53.8,53.8,53.8,100,0
2015-01-16,16:25:00,53.55,53.55,53.55,53.55,100,0
2015-01-16,16:45:00,53.45,53.45,53.45,53.45,100,0
2015-01-16,16:50:00,53.45,53.45,53.45,53.45,2945,0
2015-01-16,17:20:00,53.8,53.8,53.8,53.8,500,0
2015-01-16,17:40:00,53.77,53.77,53.77,53.77,600,0
2015-01-16,18:30:00,54.0,54.0,54.0,54.0,500,0
2015-01-16,18:45:00,54.0,54.0,54.0,54.0,300,0
2015-01-16,19:50:00,54.0,54.0,54.0,54.0,100,0
2015-01-16,19:55:00,54.0,54.0,54.0,54.0,100,0
2015-01-16,20:50:00,54.0,54.0,54.0,54.0,100,0
2015-01-16,20:55:00,54.4,54.4,54.4,54.4,1000,0
2015-01-16,21:00:00,54.34,54.4,54.34,54.4,700,0
2015-01-16,21:05:00,54.39,54.4,54.38,54.4,600,0
2015-01-16,21:10:00,54.4,54.4,54.4,54.4,1000,0
2015-01-16,21:15:00,54.4,54.4,54.4,54.4,1300,0
2015-01-16,21:25:00,54.49,54.49,54.49,54.49,2500,0
2015-01-16,21:50:00,54.49,54.49,54.49,54.49,700,0
2015-01-16,21:55:00,54.5,54.5,54.5,54.5,500,0
2015-01-16,22:00:00,54.5,54.5,54.39,54.39,3407,0
2015-01-20,15:35:00,54.56,54.56,54.56,54.56,1100,0
2015-01-20,16:25:00,54.03,54.03,54.03,54.03,4620,0
2015-01-20,18:05:00,54.0,54.0,54.0,54.0,900,0
2015-01-20,18:55:00,54.02,54.02,54.02,54.02,400,0
2015-01-20,21:05:00,54.4,54.4,54.0,54.0,300,0
2015-01-20,22:00:00,54.11,54.29,54.0,54.29,3662,0
2015-01-21,16:10:00,54.01,54.02,54.0,54.0,1000,0
2015-01-21,16:40:00,54.4,54.4,54.4,54.4,200,0
2015-01-21,17:05:00,54.39,54.4,54.39,54.4,400,0
2015-01-21,17:55:00,54.16,54.16,54.16,54.16,200,0
2015-01-21,19:05:00,54.4,54.4,54.4,54.4,1000,0
2015-01-21,20:10:00,54.37,54.37,54.37,54.37,100,0
2015-01-21,20:30:00,54.06,54.06,54.06,54.06,300,0
2015-01-21,20:55:00,54.98,54.98,54.98,54.98,400,0
2015-01-21,21:05:00,54.38,54.39,54.38,54.39,600,0
2015-01-21,21:15:00,54.37,54.37,54.37,54.37,300,0
2015-01-21,21:55:00,54.35,54.35,54.35,54.35,500,0
2015-01-21,22:00:00,54.3,54.3,54.02,54.02,1694,0
2015-01-22,15:45:00,54.33,54.33,54.33,54.33,1100,0
2015-01-22,17:00:00,54.4,54.4,54.02,54.02,600,0
2015-01-22,17:05:00,54.07,54.07,54.07,54.07,3200,0
2015-01-22,17:55:00,54.3,54.3,54.3,54.3,1700,0
2015-01-22,19:35:00,54.37,54.37,54.3,54.3,600,0
2015-01-22,19:40:00,54.03,54.03,54.03,54.03,600,0
2015-01-22,20:05:00,54.25,54.25,54.25,54.25,1830,0
2015-01-22,20:40:00,54.4,54.4,54.4,54.4,1800,0
2015-01-22,21:15:00,54.5,54.5,54.5,54.5,1000,0
2015-01-22,21:35:00,54.44,54.44,54.44,54.44,1000,0
2015-01-22,21:45:00,54.44,54.44,54.44,54.44,1070,0
2015-01-22,21:55:00,57.11,57.11,57.11,57.11,500,0
2015-01-22,22:00:00,55.82,56.54,55.46,56.05,5037,0
2015-01-23,15:35:00,55.72,55.72,55.72,55.72,624,0
2015-01-23,15:40:00,54.61,54.61,54.61,54.61,200,0
2015-01-23,15:55:00,55.0,55.0,55.0,55.0,1100,0
2015-01-23,16:45:00,55.0,55.0,55.0,55.0,200,0
2015-01-23,16:55:00,55.55,55.55,55.55,55.55,200,0
2015-01-23,17:05:00,55.03,55.03,55.03,55.03,200,0
2015-01-23,17:20:00,55.0,55.0,55.0,55.0,100,0
2015-01-23,17:25:00,55.75,55.75,55.5,55.5,400,0
2015-01-23,19:05:00,55.26,55.26,55.0,55.03,888,0
2015-01-23,19:10:00,55.04,55.04,55.01,55.03,383,0
2015-01-23,19:45:00,55.5,55.5,55.5,55.5,325,0
2015-01-23,20:20:00,55.5,55.5,55.5,55.5,1000,0
2015-01-23,21:50:00,55.2,55.2,55.16,55.16,500,0
2015-01-23,22:00:00,55.19,55.49,55.19,55.49,654,0
2015-01-26,15:35:00,55.57,55.57,55.57,55.57,600,0
2015-01-26,15:55:00,55.49,55.49,55.0,55.0,2020,0
2015-01-26,16:15:00,55.15,55.15,55.15,55.15,100,0
2015-01-26,16:25:00,55.54,55.54,55.54,55.54,400,0
2015-01-26,16:55:00,55.54,55.54,55.54,55.54,1200,0
2015-01-26,17:40:00,55.5,55.5,55.5,55.5,2625,0
2015-01-26,18:40:00,55.57,55.57,55.57,55.57,3300,0
2015-01-26,21:20:00,55.57,55.57,55.57,55.57,700,0
2015-01-26,21:40:00,55.5,55.5,55.26,55.26,1100,0
2015-01-26,21:45:00,55.3,55.3,55.3,55.3,700,0
2015-01-26,21:55:00,55.26,55.26,55.26,55.26,300,0
2015-01-26,22:00:00,55.26,55.26,55.1,55.19,2060,0
2015-01-27,15:35:00,54.58,54.58,54.58,54.58,400,0
2015-01-27,15:55:00,55.0,55.0,55.0,55.0,600,0
2015-01-27,16:25:00,54.51,54.51,54.51,54.51,200,0
2015-01-27,16:40:00,54.51,54.51,54.51,54.51,900,0
2015-01-27,18:10:00,55.5,55.5,55.5,55.5,100,0
2015-01-27,18:25:00,55.49,55.49,55.49,55.49,300,0
2015-01-27,20:40:00,54.66,54.66,54.66,54.66,300,0
2015-01-27,21:20:00,55.09,55.09,55.09,55.09,300,0
2015-01-27,21:50:00,55.11,55.45,55.11,55.45,400,0
2015-01-27,22:00:00,55.11,55.11,54.96,54.96,1742,0
2015-01-28,17:15:00,55.2,55.2,55.2,55.2,400,0
2015-01-28,17:50:00,55.0,55.0,55.0,55.0,1000,0
2015-01-28,20:15:00,55.5,55.5,55.5,55.5,2581,0
2015-01-28,20:25:00,55.6,55.6,55.6,55.6,3060,0
2015-01-28,20:30:00,55.6,55.7,55.6,55.7,700,0
2015-01-28,20:45:00,55.56,55.56,55.56,55.56,200,0
2015-01-28,21:00:00,55.37,55.37,55.37,55.37,250,0
2015-01-28,21:10:00,55.98,55.98,55.98,55.98,100,0
2015-01-28,21:25:00,55.25,55.25,55.25,55.25,200,0
2015-01-28,21:30:00,54.77,54.77,54.77,54.77,900,0
2015-01-28,21:45:00,54.8,54.81,54.8,54.81,507,0
2015-01-28,21:50:00,55.38,55.38,55.38,55.38,100,0
2015-01-28,21:55:00,55.95,55.96,55.4,55.4,1100,0
2015-01-28,22:00:00,55.19,55.19,55.19,55.19,1027,0
2015-01-29,16:40:00,55.5,55.5,55.5,55.5,600,0
2015-01-29,17:30:00,55.03,55.03,55.03,55.03,200,0
2015-01-29,18:30:00,55.51,55.51,55.5,55.5,800,0
2015-01-29,20:35:00,55.03,56.0,55.03,56.0,1200,0
2015-01-29,22:00:00,56.0,56.0,55.2,55.9,3086,0
2015-01-30,15:35:00,55.21,55.21,55.21,55.21,1624,0
2015-01-30,17:20:00,55.06,55.06,55.06,55.06,300,0
2015-01-30,17:35:00,55.2,55.2,55.2,55.2,100,0
2015-01-30,17:45:00,55.01,55.2,54.85,55.2,400,0
2015-01-30,18:25:00,55.99,55.99,55.99,55.99,300,0
2015-01-30,18:40:00,55.5,55.5,55.5,55.5,500,0
2015-01-30,18:45:00,55.5,55.5,55.5,55.5,200,0
2015-01-30,19:10:00,55.75,55.75,55.75,55.75,100,0
2015-01-30,19:30:00,55.5,55.5,55.5,55.5,300,0
2015-01-30,20:35:00,55.6,55.61,55.6,55.6,600,0
2015-01-30,21:15:00,56.0,56.0,56.0,56.0,200,0
2015-01-30,21:20:00,55.2,55.73,55.2,55.73,487,0
2015-01-30,21:25:00,54.9,55.09,54.86,55.09,800,0
2015-01-30,21:30:00,55.46,55.46,55.46,55.46,1000,0
2015-01-30,21:50:00,54.85,55.09,54.85,55.09,579,0
2015-01-30,21:55:00,55.06,55.06,55.06,55.06,500,0
2015-01-30,22:00:00,54.79,55.07,54.55,54.55,4755,0
2015-02-02,15:50:00,55.87,55.87,55.87,55.87,1400,0
2015-02-02,16:45:00,55.25,55.25,55.25,55.25,600,0
2015-02-02,18:30:00,55.72,55.72,55.72,55.72,109,0
2015-02-02,18:55:00,55.25,55.25,55.25,55.25,200,0
2015-02-02,20:25:00,55.5,55.5,55.5,55.5,900,0
2015-02-02,20:30:00,55.5,55.58,55.5,55.58,222,0
2015-02-02,20:35:00,55.5,55.5,55.0,55.0,1889,0
2015-02-02,21:20:00,55.0,55.54,55.0,55.54,400,0
2015-02-02,21:55:00,54.85,54.85,54.85,54.85,200,0
2015-02-02,22:00:00,55.25,55.25,54.85,54.85,1456,0
2015-02-03,15:50:00,55.03,55.03,55.03,55.03,900,0
2015-02-03,16:25:00,55.99,56.0,55.96,56.0,1533,0
2015-02-03,16:55:00,55.5,55.5,55.5,55.5,460,0
2015-02-03,17:05:00,55.5,55.5,55.5,55.5,1500,0
2015-02-03,17:40:00,55.55,56.38,55.55,56.38,535,0
2015-02-03,17:50:00,56.49,56.5,56.49,56.5,1100,0
2015-02-03,18:30:00,55.55,55.56,55.55,55.55,1311,0
2015-02-03,18:45:00,55.27,55.27,55.27,55.27,300,0
2015-02-03,19:10:00,55.51,55.51,55.51,55.51,700,0
2015-02-03,19:45:00,56.51,56.51,56.51,56.51,600,0
2015-02-03,20:05:00,56.51,56.51,56.49,56.49,1614,0
2015-02-03,21:15:00,56.7,56.7,56.7,56.7,1800,0
2015-02-03,21:25:00,56.75,56.75,56.75,56.75,800,0
2015-02-03,21:50:00,56.75,56.75,56.75,56.75,600,0
2015-02-03,21:55:00,56.98,56.98,56.25,56.26,1600,0
2015-02-03,22:00:00,56.83,57.0,56.83,57.0,3152,0
2015-02-04,16:50:00,57.5,57.5,57.5,57.5,2000,0
2015-02-04,17:10:00,57.5,57.5,57.5,57.5,2757,0
2015-02-04,18:40:00,57.63,57.63,57.63,57.63,300,0
2015-02-04,19:00:00,57.53,57.53,57.53,57.53,200,0
2015-02-04,19:30:00,57.99,57.99,57.99,57.99,800,0
2015-02-04,21:25:00,57.75,57.75,57.75,57.75,300,0
2015-02-04,21:45:00,57.75,57.75,57.75,57.75,900,0
2015-02-04,21:55:00,57.55,57.55,57.5,57.5,1200,0
2015-02-04,22:00:00,57.23,57.88,57.23,57.55,2277,0
2015-02-05,15:50:00,57.5,57.5,57.5,57.5,1100,0
2015-02-05,17:15:00,58.03,58.03,57.53,57.53,550,0
2015-02-05,17:30:00,57.53,58.0,57.5,58.0,2400,0
2015-02-05,17:40:00,57.5,57.5,57.5,57.5,300,0
2015-02-05,18:00:00,57.0,57.0,57.0,57.0,300,0
2015-02-05,20:35:00,56.03,56.03,56.03,56.03,120,0
2015-02-05,20:40:00,57.0,57.0,57.0,57.0,400,0
2015-02-05,21:10:00,57.44,57.44,57.44,57.44,500,0
2015-02-05,21:35:00,57.4,57.4,57.4,57.4,600,0
2015-02-05,21:50:00,57.37,57.4,57.37,57.4,2600,0
2015-02-05,21:55:00,57.96,57.96,57.96,57.96,200,0
2015-02-05,22:00:00,57.71,57.78,57.41,57.69,1974,0
2015-02-06,16:00:00,57.92,57.92,57.92,57.92,200,0
2015-02-06,16:15:00,56.38,56.38,56.38,56.38,700,0
2015-02-06,17:55:00,57.01,57.95,57.01,57.95,700,0
2015-02-06,19:35:00,57.06,57.14,57.0,57.0,1878,0
2015-02-06,19:40:00,56.56,57.8,56.56,57.8,1100,0
2015-02-06,20:20:00,57.48,57.9,57.48,57.49,400,0
2015-02-06,20:35:00,57.5,57.5,57.5,57.5,1076,0
2015-02-06,20:45:00,57.5,57.9,57.5,57.9,956,0
2015-02-06,20:50:00,57.48,57.48,57.48,57.48,855,0
2015-02-06,21:00:00,57.11,57.11,57.11,57.11,1000,0
2015-02-06,21:15:00,57.9,57.9,57.85,57.85,200,0
2015-02-06,21:25:00,57.12,57.5,57.06,57.24,1600,0
2015-02-06,21:40:00,57.79,57.79,57.78,57.78,200,0
2015-02-06,21:50:00,56.67,57.23,56.67,57.23,300,0
2015-02-06,21:55:00,57.75,57.75,57.75,57.75,300,0
2015-02-06,22:00:00,57.34,57.71,57.34,57.62,1814,0
2015-02-09,15:50:00,56.75,56.75,56.5,56.5,1800,0
2015-02-09,15:55:00,55.91,55.91,55.27,55.27,4455,0
2015-02-09,16:25:00,56.42,56.42,55.67,55.67,200,0
2015-02-09,16:35:00,55.53,55.55,55.53,55.55,200,0
2015-02-09,16:50:00,56.08,56.08,56.01,56.08,970,0
2015-02-09,17:25:00,57.59,57.59,57.59,57.59,200,0
2015-02-09,17:35:00,57.59,57.59,57.59,57.59,100,0
2015-02-09,17:55:00,57.62,57.62,57.62,57.62,200,0
2015-02-09,18:05:00,57.0,57.0,57.0,57.0,100,0
2015-02-09,18:30:00,57.47,57.47,56.51,56.51,200,0
2015-02-09,18:45:00,57.49,57.49,57.49,57.49,100,0
2015-02-09,19:00:00,56.53,56.53,56.53,56.53,400,0
2015-02-09,20:30:00,56.99,56.99,56.57,56.57,200,0
2015-02-09,20:35:00,57.02,57.02,57.02,57.02,100,0
2015-02-09,20:45:00,56.98,57.45,56.98,57.4,1800,0
2015-02-09,21:05:00,57.59,57.59,57.29,57.56,950,0
2015-02-09,21:10:00,57.58,57.58,57.58,57.58,200,0
2015-02-09,21:30:00,57.59,57.59,57.59,57.59,200,0
2015-02-09,21:35:00,57.3,57.3,57.24,57.24,900,0
2015-02-09,21:55:00,57.47,57.47,57.47,57.47,100,0
2015-02-09,22:00:00,57.5,57.52,57.5,57.5,2918,0
2015-02-10,16:05:00,57.0,57.0,57.0,57.0,200,0
2015-02-10,16:10:00,56.31,56.31,56.31,56.31,400,0
2015-02-10,16:30:00,56.92,56.92,56.92,56.92,1000,0
2015-02-10,17:25:00,57.02,57.02,57.02,57.02,130,0
2015-02-10,18:05:00,56.97,56.97,56.97,56.97,102,0
2015-02-10,18:50:00,56.95,56.95,56.95,56.95,400,0
2015-02-10,20:05:00,56.92,56.92,56.92,56.92,100,0
2015-02-10,21:05:00,57.6,57.6,57.6,57.6,200,0
2015-02-10,21:20:00,57.57,57.57,57.57,57.57,400,0
2015-02-10,21:50:00,57.58,57.64,57.57,57.57,4324,0
2015-02-10,21:55:00,58.0,58.0,57.97,57.97,1000,0
2015-02-10,22:00:00,58.44,58.44,57.75,57.75,1502,0
2015-02-11,15:35:00,58.55,62.0,58.55,62.0,14511,0
2015-02-11,15:40:00,62.0,62.75,62.0,62.0,4798,0
2015-02-11,15:45:00,61.31,61.84,61.31,61.4,9700,0
2015-02-11,15:50:00,61.4,61.84,61.4,61.48,1100,0
2015-02-11,15:55:00,61.59,61.59,61.27,61.27,600,0
2015-02-11,16:00:00,61.3,62.0,61.3,62.0,4970,0
2015-02-11,16:05:00,62.05,62.19,62.05,62.19,900,0
2015-02-11,16:10:00,62.19,62.52,62.15,62.15,3910,0
2015-02-11,16:15:00,62.15,62.34,61.94,62.12,3248,0
2015-02-11,16:20:00,62.17,62.25,62.17,62.17,2157,0
2015-02-11,16:25:00,62.4,62.5,62.4,62.5,1000,0
2015-02-11,16:30:00,62.31,62.31,61.0,61.0,2400,0
2015-02-11,16:35:00,61.85,61.85,61.5,61.5,400,0
2015-02-11,16:45:00,61.97,62.19,61.97,62.19,1500,0
2015-02-11,16:50:00,62.24,62.5,62.0,62.1,2000,0
2015-02-11,16:55:00,62.45,62.45,62.45,62.45,200,0
2015-02-11,17:00:00,62.35,62.5,62.2,62.2,2400,0
2015-02-11,17:05:00,62.2,62.34,62.1,62.34,1000,0
2015-02-11,17:15:00,62.1,62.3,62.1,62.11,500,0
2015-02-11,17:20:00,62.3,62.3,62.1,62.1,800,0
2015-02-11,17:25:00,62.1,62.29,62.1,62.13,800,0
2015-02-11,17:30:00,62.11,62.11,62.1,62.1,300,0
2015-02-11,17:35:00,62.1,62.29,61.85,62.07,3177,0
2015-02-11,17:40:00,61.7,61.7,61.7,61.7,300,0
2015-02-11,17:50:00,61.51,61.51,61.5,61.51,1100,0
2015-02-11,18:05:00,61.26,61.26,61.26,61.26,411,0
2015-02-11,18:15:00,61.63,61.63,61.63,61.63,200,0
2015-02-11,18:25:00,61.73,61.73,61.34,61.73,1000,0
2015-02-11,18:45:00,61.64,61.64,61.43,61.43,400,0
2015-02-11,18:55:00,61.21,61.21,61.21,61.21,100,0
2015-02-11,19:00:00,61.52,61.52,61.52,61.52,100,0
2015-02-11,19:15:00,61.31,61.31,61.31,61.31,300,0
2015-02-11,19:20:00,61.35,61.5,61.35,61.5,300,0
2015-02-11,19:30:00,61.5,61.5,61.5,61.5,300,0
2015-02-11,19:40:00,61.5,61.5,61.5,61.5,100,0
2015-02-11,19:45:00,61.49,61.49,61.49,61.49,100,0
2015-02-11,19:50:00,61.49,61.56,61.49,61.56,1400,0
2015-02-11,19:55:00,61.59,61.73,61.56,61.73,1300,0
2015-02-11,20:00:00,61.97,62.1,61.97,62.1,1100,0
2015-02-11,20:05:00,62.14,62.35,62.14,62.35,2600,0
2015-02-11,20:10:00,62.33,62.34,62.14,62.34,2000,0
2015-02-11,20:15:00,62.33,62.34,62.33,62.34,300,0
2015-02-11,20:20:00,62.34,62.34,62.3,62.33,400,0
2015-02-11,20:25:00,62.34,62.34,62.34,62.34,300,0
2015-02-11,20:30:00,62.34,62.34,62.25,62.3,400,0
2015-02-11,20:35:00,62.34,62.34,62.34,62.34,300,0
2015-02-11,20:40:00,62.25,62.29,62.25,62.25,300,0
2015-02-11,20:45:00,62.3,62.34,62.14,62.34,1594,0
2015-02-11,20:50:00,62.34,62.5,62.34,62.5,900,0
2015-02-11,20:55:00,62.5,62.69,62.45,62.5,2394,0
2015-02-11,21:00:00,62.6,62.73,62.52,62.65,2050,0
2015-02-11,21:05:00,62.69,62.7,62.5,62.65,1900,0
2015-02-11,21:10:00,62.62,62.67,62.6,62.65,600,0
2015-02-11,21:15:00,62.67,62.75,62.55,62.6,2100,0
2015-02-11,21:20:00,62.75,63.0,62.75,63.0,7042,0
2015-02-11,21:25:00,63.34,63.36,63.34,63.35,700,0
2015-02-11,21:30:00,63.39,64.37,63.33,64.37,5704,0
2015-02-11,21:35:00,64.37,64.37,63.66,63.79,1900,0
2015-02-11,21:40:00,64.22,64.22,63.77,64.05,1500,0
2015-02-11,21:45:00,63.77,64.1,63.77,63.94,800,0
2015-02-11,21:50:00,63.94,63.94,63.65,63.65,1172,0
2015-02-11,21:55:00,62.68,63.63,62.21,63.51,1300,0
2015-02-11,22:00:00,63.29,63.92,62.8,63.0,6088,0
2015-02-12,15:35:00,63.17,63.17,63.17,63.17,978,0
2015-02-12,15:45:00,62.48,62.5,62.48,62.5,1400,0
2015-02-12,15:50:00,62.21,62.21,62.14,62.14,1459,0
2015-02-12,16:05:00,62.0,62.0,62.0,62.0,627,0
2015-02-12,16:10:00,62.1,62.1,62.1,62.1,100,0
2015-02-12,16:15:00,62.1,62.1,62.1,62.1,200,0
2015-02-12,16:20:00,62.5,62.5,62.5,62.5,3100,0
2015-02-12,16:30:00,62.55,62.7,62.55,62.7,500,0
2015-02-12,16:40:00,63.0,63.0,63.0,63.0,2300,0
2015-02-12,17:00:00,63.0,63.0,63.0,63.0,2370,0
2015-02-12,17:15:00,62.91,63.0,62.9,63.0,700,0
2015-02-12,17:25:00,63.0,63.0,62.5,62.5,3004,0
2015-02-12,17:30:00,63.0,63.0,62.51,62.51,795,0
2015-02-12,17:35:00,62.8,62.8,62.8,62.8,300,0
2015-02-12,17:40:00,63.27,63.35,62.85,63.0,5000,0
2015-02-12,18:05:00,63.34,63.34,63.34,63.34,400,0
2015-02-12,18:25:00,63.3,63.3,63.29,63.29,800,0
2015-02-12,18:50:00,62.66,62.66,62.66,62.66,400,0
2015-02-12,19:25:00,62.09,62.09,62.05,62.05,300,0
2015-02-12,19:30:00,62.1,62.1,62.1,62.1,100,0
2015-02-12,19:45:00,62.67,62.67,62.67,62.67,200,0
2015-02-12,19:55:00,62.4,62.53,62.3,62.3,400,0
2015-02-12,20:15:00,62.16,62.16,62.16,62.16,100,0
2015-02-12,20:20:00,62.49,62.49,62.14,62.14,700,0
2015-02-12,20:45:00,62.45,62.69,62.45,62.69,300,0
2015-02-12,21:10:00,62.45,62.45,62.45,62.45,100,0
2015-02-12,21:15:00,62.14,62.14,62.12,62.12,600,0
2015-02-12,21:30:00,62.1,62.37,62.0,62.0,600,0
2015-02-12,21:45:00,61.73,61.73,61.72,61.72,400,0
2015-02-12,21:50:00,61.73,61.84,61.73,61.8,400,0
2015-02-12,21:55:00,62.45,62.45,61.8,61.8,1100,0
2015-02-12,22:00:00,61.7,61.86,61.5,61.57,2344,0
2015-02-13,15:40:00,61.5,61.5,60.53,60.53,750,0
2015-02-13,15:50:00,61.27,61.27,61.27,61.27,100,0
2015-02-13,16:00:00,61.58,61.58,61.58,61.58,300,0
2015-02-13,16:30:00,61.04,61.25,61.04,61.25,1675,0
2015-02-13,16:40:00,61.08,61.15,61.08,61.15,2100,0
2015-02-13,17:05:00,61.11,61.11,61.11,61.11,600,0
2015-02-13,17:10:00,61.1,61.19,61.0,61.0,1865,0
2015-02-13,17:20:00,61.19,61.19,61.19,61.19,100,0
2015-02-13,17:30:00,61.0,61.0,61.0,61.0,100,0
2015-02-13,17:35:00,61.0,61.0,61.0,61.0,600,0
2015-02-13,18:15:00,61.05,61.05,60.9,60.9,387,0
2015-02-13,18:30:00,60.91,60.91,60.91,60.91,400,0
2015-02-13,19:10:00,60.74,60.74,60.74,60.74,1000,0
2015-02-13,19:55:00,60.65,60.9,60.31,60.9,2200,0
2015-02-13,20:05:00,60.31,60.5,60.03,60.05,1200,0
2015-02-13,20:15:00,60.44,60.45,60.06,60.45,500,0
2015-02-13,20:20:00,60.16,60.16,60.09,60.09,200,0
2015-02-13,20:25:00,60.09,60.09,60.08,60.08,300,0
2015-02-13,20:30:00,60.09,60.27,60.09,60.27,300,0
2015-02-13,20:35:00,60.09,60.1,60.09,60.09,300,0
2015-02-13,20:40:00,60.02,60.15,60.02,60.15,1500,0
2015-02-13,20:45:00,59.53,59.87,59.51,59.87,400,0
2015-02-13,20:50:00,59.66,59.86,59.66,59.86,300,0
2015-02-13,20:55:00,59.8,60.0,59.8,60.0,200,0
2015-02-13,21:00:00,60.27,60.33,60.0,60.0,1900,0
2015-02-13,21:05:00,60.0,60.4,59.83,60.13,1000,0
2015-02-13,21:10:00,59.81,60.11,59.81,59.82,300,0
2015-02-13,21:15:00,59.83,59.83,59.82,59.82,200,0
2015-02-13,21:20:00,59.82,59.85,59.82,59.85,300,0
2015-02-13,21:25:00,59.85,59.85,59.85,59.85,200,0
2015-02-13,21:30:00,59.85,59.85,59.85,59.85,400,0
2015-02-13,21:35:00,59.85,59.85,59.85,59.85,300,0
2015-02-13,21:40:00,59.88,59.88,59.88,59.88,100,0
2015-02-13,21:45:00,59.93,59.93,59.89,59.9,300,0
2015-02-13,21:50:00,60.4,60.4,59.95,59.95,400,0
2015-02-13,21:55:00,59.99,60.44,59.93,59.98,700,0
2015-02-13,22:00:00,60.3,60.33,59.94,59.94,5216,0
2015-02-17,15:35:00,59.63,59.63,59.63,59.63,448,0
2015-02-17,16:25:00,60,60,60,60,200,0
2015-02-17,16:30:00,60,60,60,60,300,0
2015-02-17,16:40:00,60.13,60.13,60.13,60.13,400,0
2015-02-17,17:05:00,60.83,60.83,60.83,60.83,100,0
2015-02-17,17:10:00,60.5,60.67,59.6,60.27,1000,0
2015-02-17,17:40:00,60.27,60.27,60.27,60.27,300,0
2015-02-17,17:45:00,60.19,60.19,60.19,60.19,200,0
2015-02-17,18:10:00,59.85,59.85,59.85,59.85,100,0
2015-02-17,18:40:00,59.81,59.81,59.81,59.81,200,0
2015-02-17,19:10:00,59.11,59.11,59.11,59.11,300,0
2015-02-17,19:15:00,59.7,59.7,58.79,58.79,972,0
2015-02-17,19:40:00,59.01,59.01,59.01,59.01,550,0
2015-02-17,19:45:00,59.01,59.01,59.01,59.01,400,0
2015-02-17,20:00:00,60,60,60,60,400,0
2015-02-17,20:05:00,59.9,59.9,59.9,59.9,200,0
2015-02-17,20:10:00,59.99,60.05,59.99,60.01,1697,0
2015-02-17,20:40:00,60.25,60.25,60.25,60.25,200,0
2015-02-17,21:05:00,60,60,60,60,500,0
2015-02-17,21:20:00,60.25,60.25,60.25,60.25,200,0
2015-02-17,21:35:00,60,60,60,60,200,0
2015-02-17,21:50:00,60.01,60.7,60.01,60.1,695,0
2015-02-17,21:55:00,60.6,60.6,60.6,60.6,300,0
2015-02-17,22:00:00,60.66,60.66,60.05,60.05,2770,0
2015-02-18,15:45:00,60,60,60,60,400,0
2015-02-18,17:20:00,59.94,59.94,59.94,59.94,100,0
2015-02-18,17:25:00,59,59,59,59,400,0
2015-02-18,18:00:00,59,60.53,59,60.53,400,0
2015-02-18,18:05:00,60,60.27,60,60.27,300,0
2015-02-18,18:10:00,60,60,60,60,400,0
2015-02-18,18:40:00,59,59,59,59,2500,0
2015-02-18,19:20:00,59,59,59,59,850,0
2015-02-18,19:30:00,59,59,59,59,900,0
2015-02-18,19:50:00,60,60,60,60,756,0
2015-02-18,20:00:00,59.02,59.02,59.02,59.02,1200,0
2015-02-18,20:20:00,59.35,59.88,59.35,59.88,1400,0
2015-02-18,20:40:00,59.04,59.99,59.04,59.99,1200,0
2015-02-18,21:05:00,59.05,59.05,59.05,59.05,1500,0
2015-02-18,21:20:00,59.1,59.1,59.05,59.05,300,0
2015-02-18,21:25:00,59.99,59.99,59.99,59.99,500,0
2015-02-18,21:30:00,59.83,59.83,59.83,59.83,400,0
2015-02-18,21:35:00,59.12,59.12,59.12,59.12,1200,0
2015-02-18,21:45:00,59.05,59.44,59.05,59.05,1300,0
2015-02-18,21:50:00,59.15,59.15,59.15,59.15,700,0
2015-02-18,21:55:00,59.12,59.8,59.12,59.21,1500,0
2015-02-18,22:00:00,59.21,59.21,59.05,59.05,2774,0
2015-02-19,15:40:00,59.37,59.51,59.37,59.37,800,0
2015-02-19,15:45:00,59.95,59.95,59.95,59.95,200,0
2015-02-19,15:55:00,59.98,60,59.05,59.05,2910,0
2015-02-19,16:00:00,59.96,59.96,59.96,59.96,200,0
2015-02-19,16:05:00,59.79,59.79,59.79,59.79,100,0
2015-02-19,16:10:00,59.15,59.15,59.15,59.15,400,0
2015-02-19,16:30:00,60,60,59.63,59.99,3201,0
2015-02-19,16:35:00,60.03,60.05,60.02,60.05,600,0
2015-02-19,16:40:00,60.2,60.25,60.2,60.25,700,0
2015-02-19,16:50:00,60,60.37,60,60.37,4324,0
2015-02-19,17:05:00,60,60,60,60,100,0
2015-02-19,17:10:00,60.4,60.4,60.4,60.4,900,0
2015-02-19,17:30:00,60.4,60.4,60.4,60.4,750,0
2015-02-19,17:40:00,60,60,60,60,300,0
2015-02-19,17:50:00,60.36,60.36,60.36,60.36,600,0
2015-02-19,18:05:00,60,60,60,60,600,0
2015-02-19,18:10:00,59.62,60.31,59.62,60.31,400,0
2015-02-19,18:15:00,59.56,59.56,59.56,59.56,1700,0
2015-02-19,18:30:00,59.2,59.2,59.2,59.2,700,0
2015-02-19,19:00:00,59.72,59.75,59.72,59.75,300,0
2015-02-19,19:05:00,59.07,59.07,59.07,59.07,700,0
2015-02-19,19:30:00,59.08,59.75,59.08,59.75,800,0
2015-02-19,20:00:00,59.09,59.42,59.09,59.42,600,0
2015-02-19,20:05:00,59.42,59.42,59.42,59.42,900,0
2015-02-19,20:25:00,59.42,59.76,59.09,59.09,1300,0
2015-02-19,20:55:00,59.11,59.11,59.11,59.11,400,0
2015-02-19,21:10:00,59.53,59.53,59.53,59.53,400,0
2015-02-19,21:20:00,59.51,59.51,59.51,59.51,500,0
2015-02-19,21:40:00,59.51,59.51,59.51,59.51,1200,0
2015-02-19,21:45:00,59.55,59.93,59.51,59.93,400,0
2015-02-19,21:50:00,59.52,59.52,59.52,59.52,100,0
2015-02-19,21:55:00,59.51,59.51,59.51,59.51,100,0
2015-02-19,22:00:00,59.51,59.88,59.51,59.51,1084,0
2015-02-20,15:55:00,59.03,59.03,59.03,59.03,100,0
2015-02-20,16:00:00,59.55,59.55,59.55,59.55,100,0
2015-02-20,16:05:00,59.7,59.7,59.02,59.02,200,0
2015-02-20,16:30:00,59.78,59.78,59.78,59.78,1700,0
2015-02-20,16:50:00,59.83,59.83,59.83,59.83,300,0
2015-02-20,17:00:00,59.88,59.88,59.88,59.88,100,0
2015-02-20,17:10:00,60,60,60,60,100,0
2015-02-20,17:30:00,60.04,60.05,60.04,60.05,400,0
2015-02-20,17:45:00,60,60,60,60,300,0
2015-02-20,17:55:00,60,60,60,60,300,0
2015-02-20,18:20:00,59.99,60,59.88,59.88,2400,0
2015-02-20,19:05:00,59.33,59.33,59.33,59.33,200,0
2015-02-20,19:15:00,59.34,59.34,59.34,59.34,200,0
2015-02-20,19:30:00,59.9,59.9,59.9,59.9,100,0
2015-02-20,19:45:00,59.49,59.49,59.48,59.49,400,0
2015-02-20,19:50:00,59.5,59.5,59.49,59.49,750,0
2015-02-20,19:55:00,59.5,59.5,59.5,59.5,1900,0
2015-02-20,20:00:00,59.51,59.51,59.51,59.51,100,0
2015-02-20,20:25:00,59.35,59.35,59.35,59.35,100,0
2015-02-20,20:30:00,59.51,59.51,59.36,59.51,967,0
2015-02-20,20:35:00,59.36,59.36,59.36,59.36,358,0
2015-02-20,20:50:00,59.05,59.05,59.05,59.05,100,0
2015-02-20,20:55:00,59.05,59.05,59.01,59.01,700,0
2015-02-20,21:00:00,59.01,59.01,59,59,200,0
2015-02-20,21:25:00,59.13,59.36,59.13,59.36,200,0
2015-02-20,21:50:00,59.14,59.36,59.05,59.36,700,0
2015-02-20,21:55:00,59.15,59.36,59.15,59.36,300,0
2015-02-20,22:00:00,59.18,59.35,59.15,59.15,2595,0
2015-02-23,15:35:00,58.98,58.98,58.98,58.98,100,0
2015-02-23,15:55:00,59.01,59.01,59.01,59.01,100,0
2015-02-23,16:10:00,59.06,59.06,59.06,59.06,1400,0
2015-02-23,17:10:00,59.01,59.01,59.01,59.01,100,0
2015-02-23,17:30:00,59.01,59.01,59.01,59.01,100,0
2015-02-23,17:55:00,59.01,59.01,59.01,59.01,100,0
2015-02-23,18:20:00,59.02,59.02,59.02,59.02,100,0
2015-02-23,18:35:00,59.46,59.46,59.46,59.46,100,0
2015-02-23,18:50:00,59.1,59.29,59.1,59.29,200,0
2015-02-23,19:00:00,59.34,59.34,59.34,59.34,200,0
2015-02-23,19:10:00,59.23,59.35,59.23,59.33,947,0
2015-02-23,19:15:00,59.25,59.25,59.15,59.25,700,0
2015-02-23,19:20:00,59.25,59.35,59.15,59.25,1000,0
2015-02-23,19:40:00,59.35,59.35,59.35,59.35,200,0
2015-02-23,19:45:00,59.15,59.15,59.15,59.15,300,0
2015-02-23,19:55:00,59.34,59.35,59.34,59.35,600,0
2015-02-23,20:10:00,59.35,59.35,59.15,59.15,400,0
2015-02-23,20:20:00,59.15,59.15,59.15,59.15,877,0
2015-02-23,20:35:00,59.39,59.39,59.39,59.39,580,0
2015-02-23,20:40:00,59.15,59.39,59.01,59.01,2150,0
2015-02-23,20:55:00,59.01,59.01,59.01,59.01,300,0
2015-02-23,21:00:00,59.06,59.06,59,59,700,0
2015-02-23,21:20:00,59.35,59.37,59.19,59.37,2150,0
2015-02-23,21:30:00,59.02,59.02,59.02,59.02,100,0
2015-02-23,21:35:00,59.77,59.77,59.77,59.77,300,0
2015-02-23,21:45:00,59.8,59.8,59.13,59.13,300,0
2015-02-23,21:50:00,59.78,59.78,59.45,59.78,400,0
2015-02-23,21:55:00,59.46,59.76,59.13,59.41,700,0
2015-02-23,22:00:00,59.41,59.93,59,59.93,7833,0
