Date,Time,Open,High,Low,Close,Volume,OpenInt
2014-06-20,15:55:00,14.96,14.96,14.96,14.96,723,0
2014-06-20,16:05:00,14.867,14.867,14.867,14.867,103,0
2014-06-20,16:50:00,14.915,14.915,14.915,14.915,310,0
2014-06-20,19:05:00,14.896,14.896,14.896,14.896,1317,0
2014-06-20,21:50:00,14.925,14.925,14.925,14.925,207,0
2014-06-23,15:35:00,14.876,14.876,14.867,14.867,2272,0
2014-06-23,15:50:00,14.867,14.867,14.867,14.867,620,0
2014-06-23,16:20:00,14.789,14.789,14.789,14.789,103,0
2014-06-23,16:40:00,14.789,14.789,14.789,14.789,205,0
2014-06-23,17:00:00,14.789,14.789,14.789,14.789,207,0
2014-06-23,17:05:00,14.741,14.741,14.741,14.741,310,0
2014-06-23,17:45:00,14.692,14.702,14.692,14.702,207,0
2014-06-23,19:10:00,14.712,14.712,14.712,14.712,142,0
2014-06-23,20:10:00,14.692,14.692,14.692,14.692,6541,0
2014-06-24,15:45:00,14.857,14.857,14.847,14.847,310,0
2014-06-24,16:05:00,14.867,14.867,14.867,14.867,103,0
2014-06-24,16:25:00,14.857,14.857,14.818,14.818,516,0
2014-06-24,16:55:00,14.828,14.828,14.828,14.828,207,0
2014-06-24,17:35:00,14.925,14.925,14.925,14.925,103,0
2014-06-24,20:05:00,14.857,14.857,14.857,14.857,723,0
2014-06-24,20:10:00,14.886,14.886,14.886,14.886,516,0
2014-06-24,20:15:00,14.886,14.886,14.886,14.886,186,0
2014-06-24,20:25:00,14.847,14.847,14.847,14.847,207,0
2014-06-24,21:55:00,14.692,14.692,14.692,14.692,403,0
2014-06-25,16:05:00,14.721,14.721,14.721,14.721,103,0
2014-06-25,16:10:00,14.712,14.712,14.712,14.712,1446,0
2014-06-25,16:25:00,14.692,14.692,14.692,14.692,310,0
2014-06-25,19:40:00,14.634,14.634,14.634,14.634,114,0
2014-06-25,19:55:00,14.576,14.634,14.576,14.634,702,0
2014-06-25,20:10:00,14.576,14.576,14.576,14.576,413,0
2014-06-25,21:25:00,14.528,14.528,14.528,14.528,103,0
2014-06-25,21:55:00,14.557,14.557,14.557,14.557,310,0
2014-06-25,22:00:00,14.557,14.557,14.557,14.557,207,0
2014-06-26,16:05:00,14.528,14.528,14.528,14.528,207,0
2014-06-26,16:10:00,14.537,14.537,14.537,14.537,310,0
2014-06-26,16:30:00,14.528,14.528,14.528,14.528,4481,0
2014-06-26,18:45:00,14.547,14.547,14.547,14.547,310,0
2014-06-26,21:45:00,14.566,14.566,14.557,14.557,1652,0
2014-06-27,17:15:00,14.489,14.489,14.489,14.489,103,0
2014-06-27,17:25:00,14.469,14.469,14.469,14.469,413,0
2014-06-27,19:05:00,14.45,14.45,14.45,14.45,690,0
2014-06-27,19:20:00,14.402,14.402,14.402,14.402,2065,0
2014-06-30,16:05:00,14.431,14.431,14.431,14.431,413,0
2014-06-30,16:35:00,14.256,14.256,14.256,14.256,1446,0
2014-06-30,16:40:00,14.256,14.382,14.256,14.256,620,0
2014-06-30,18:05:00,14.256,14.266,14.247,14.266,929,0
2014-06-30,21:55:00,14.344,14.344,14.344,14.344,103,0
2014-07-02,15:35:00,14.237,14.237,14.237,14.237,103,0
2014-07-02,17:15:00,14.45,14.45,14.45,14.45,1,0
2014-07-02,19:05:00,14.324,14.324,14.324,14.324,413,0
2014-07-02,21:40:00,14.315,14.315,14.315,14.315,413,0
2014-07-02,22:00:00,14.315,14.315,14.256,14.256,310,0
2014-07-03,15:55:00,14.411,14.411,14.411,14.411,413,0
2014-07-03,17:50:00,14.353,14.353,14.353,14.353,403,0
2014-07-03,18:45:00,14.392,14.392,14.392,14.392,1904,0
2014-07-03,19:05:00,14.392,14.392,14.392,14.392,1904,0
2014-07-07,16:05:00,14.421,14.421,14.421,14.421,310,0
2014-07-07,17:40:00,14.411,14.411,14.411,14.411,103,0
2014-07-07,18:05:00,14.431,14.44,14.431,14.431,9026,0
2014-07-07,18:35:00,14.547,14.547,14.547,14.547,289,0
2014-07-07,18:55:00,14.528,14.528,14.528,14.528,207,0
2014-07-07,20:25:00,14.518,14.518,14.518,14.518,207,0
2014-07-07,21:05:00,14.479,14.479,14.479,14.479,103,0
2014-07-07,21:55:00,14.576,14.576,14.576,14.576,124,0
2014-07-07,22:00:00,14.576,14.576,14.576,14.576,124,0
2014-07-08,15:35:00,14.382,14.382,14.353,14.353,309,0
2014-07-08,15:40:00,14.353,14.411,14.344,14.411,1239,0
2014-07-08,16:10:00,14.411,14.411,14.411,14.411,103,0
2014-07-08,16:30:00,14.499,14.499,14.499,14.499,145,0
2014-07-08,17:50:00,14.392,14.392,14.392,14.392,413,0
2014-07-08,19:05:00,14.363,14.363,14.363,14.363,103,0
2014-07-08,21:15:00,14.44,14.45,14.44,14.45,516,0
2014-07-09,16:00:00,14.566,14.566,14.566,14.566,1033,0
2014-07-09,16:05:00,14.566,14.566,14.566,14.566,103,0
2014-07-09,16:15:00,14.663,14.663,14.644,14.644,413,0
2014-07-09,17:40:00,14.576,14.576,14.576,14.576,103,0
2014-07-09,21:25:00,14.624,14.624,14.624,14.624,2685,0
2014-07-09,21:35:00,14.624,14.624,14.624,14.624,103,0
2014-07-10,17:40:00,14.547,14.547,14.547,14.547,207,0
2014-07-10,22:00:00,14.624,14.624,14.624,14.624,516,0
2014-07-11,16:05:00,14.576,14.576,14.576,14.576,620,0
2014-07-11,17:10:00,14.702,14.702,14.702,14.702,826,0
2014-07-11,17:50:00,14.702,14.702,14.702,14.702,103,0
2014-07-11,18:00:00,14.692,14.692,14.692,14.692,609,0
2014-07-11,18:15:00,14.683,14.683,14.683,14.683,310,0
2014-07-11,21:40:00,14.702,14.702,14.702,14.702,413,0
2014-07-11,21:55:00,14.692,14.692,14.692,14.692,1136,0
2014-07-11,22:00:00,14.692,14.692,14.683,14.683,1855,0
2014-07-14,15:35:00,14.741,14.867,14.741,14.867,3137,0
2014-07-14,15:55:00,14.886,14.886,14.886,14.886,620,0
2014-07-14,16:05:00,14.876,14.876,14.876,14.876,103,0
2014-07-14,16:25:00,14.867,14.867,14.867,14.867,413,0
2014-07-14,16:40:00,14.886,14.944,14.886,14.944,2214,0
2014-07-14,16:45:00,14.944,14.954,14.944,14.954,1078,0
2014-07-14,17:40:00,14.963,14.963,14.963,14.963,207,0
2014-07-14,18:15:00,15.012,15.012,15.002,15.002,4130,0
2014-07-14,19:15:00,14.973,14.973,14.973,14.973,310,0
2014-07-14,20:00:00,14.963,14.963,14.963,14.963,5266,0
2014-07-14,20:25:00,14.973,14.973,14.973,14.973,1033,0
2014-07-14,21:10:00,14.963,14.963,14.963,14.963,155,0
2014-07-14,21:55:00,14.973,14.973,14.973,14.973,1446,0
2014-07-14,22:00:00,14.963,14.963,14.963,14.963,1150,0
2014-07-15,18:20:00,14.963,14.963,14.963,14.963,124,0
2014-07-15,18:30:00,14.963,14.963,14.896,14.896,267,0
2014-07-15,19:30:00,14.973,14.973,14.963,14.963,1033,0
2014-07-15,22:00:00,14.963,14.963,14.963,14.963,310,0
2014-07-16,15:50:00,15.002,15.002,15.002,15.002,103,0
2014-07-16,18:00:00,14.973,14.973,14.973,14.973,723,0
2014-07-16,21:00:00,14.973,14.973,14.973,14.973,1239,0
2014-07-16,22:00:00,14.973,14.973,14.973,14.973,413,0
2014-07-17,15:35:00,14.837,14.837,14.837,14.837,1731,0
2014-07-17,19:45:00,14.857,14.857,14.857,14.857,1033,0
2014-07-17,22:00:00,14.857,14.857,14.857,14.857,1033,0
2014-07-18,15:35:00,14.886,15.225,14.886,15.225,6464,0
2014-07-18,15:55:00,15.215,15.215,15.215,15.215,207,0
2014-07-18,16:00:00,15.215,15.215,15.215,15.215,826,0
2014-07-18,17:50:00,15.302,15.302,15.302,15.302,103,0
2014-07-18,19:15:00,15.302,15.302,15.302,15.302,929,0
2014-07-18,19:20:00,15.302,15.302,15.302,15.302,1033,0
2014-07-18,19:40:00,15.341,15.341,15.341,15.341,207,0
2014-07-18,20:55:00,15.302,15.302,15.302,15.302,207,0
2014-07-18,21:00:00,15.302,15.302,15.302,15.302,826,0
2014-07-21,16:10:00,15.206,15.206,15.206,15.206,103,0
2014-07-21,16:55:00,15.264,15.264,15.264,15.264,517,0
2014-07-21,20:40:00,15.302,15.302,15.302,15.302,723,0
2014-07-21,20:50:00,15.302,15.341,15.302,15.341,310,0
2014-07-21,22:00:00,15.341,15.341,15.341,15.341,103,0
2014-07-22,16:30:00,15.438,15.448,15.438,15.448,929,0
2014-07-22,21:45:00,15.515,15.515,15.515,15.515,103,0
2014-07-22,22:00:00,15.477,15.477,15.457,15.457,1859,0
2014-07-23,15:35:00,15.302,15.302,15.302,15.302,277,0
2014-07-23,18:05:00,15.37,15.37,15.37,15.37,361,0
2014-07-23,19:35:00,15.312,15.312,15.312,15.312,258,0
2014-07-23,22:00:00,15.312,15.312,15.312,15.312,129,0
2014-07-24,21:15:00,15.506,15.506,15.506,15.506,1033,0
2014-07-24,21:25:00,15.496,15.496,15.496,15.496,1033,0
2014-07-24,21:40:00,15.486,15.486,15.486,15.486,271,0
2014-07-25,15:35:00,15.496,15.496,15.496,15.496,129,0
2014-07-25,15:50:00,15.515,15.515,15.515,15.515,516,0
2014-07-25,18:30:00,15.506,15.506,15.506,15.506,103,0
2014-07-25,21:45:00,15.496,15.496,15.496,15.496,103,0
2014-07-25,21:50:00,15.457,15.496,15.457,15.477,1136,0
2014-07-25,21:55:00,15.457,15.506,15.419,15.486,1652,0
2014-07-28,15:35:00,15.496,15.496,15.496,15.496,320,0
2014-07-28,15:50:00,15.39,15.39,15.39,15.39,103,0
2014-07-28,16:30:00,15.39,15.39,15.39,15.39,585,0
2014-07-28,18:05:00,15.419,15.419,15.419,15.419,103,0
2014-07-28,18:25:00,15.419,15.419,15.419,15.419,141,0
2014-07-28,19:30:00,15.448,15.457,15.448,15.457,446,0
2014-07-28,21:50:00,15.438,15.438,15.438,15.438,207,0
2014-07-28,22:00:00,15.438,15.438,15.438,15.438,103,0
2014-07-29,15:40:00,15.409,15.409,15.409,15.409,310,0
2014-07-29,15:55:00,15.419,15.419,15.419,15.419,620,0
2014-07-29,17:15:00,15.302,15.302,15.302,15.302,310,0
2014-07-29,17:45:00,15.302,15.302,15.302,15.302,103,0
2014-07-29,17:50:00,15.302,15.302,15.302,15.302,929,0
2014-07-29,18:10:00,15.235,15.235,15.235,15.235,413,0
2014-07-29,18:45:00,15.235,15.235,15.235,15.235,413,0
2014-07-29,18:50:00,15.273,15.273,15.264,15.264,207,0
2014-07-29,19:25:00,15.235,15.235,15.235,15.235,207,0
2014-07-29,21:15:00,15.322,15.322,15.322,15.322,103,0
2014-07-29,22:00:00,15.322,15.322,15.322,15.322,103,0
2014-07-30,16:30:00,15.206,15.206,15.206,15.206,207,0
2014-07-30,19:55:00,15.225,15.225,15.225,15.225,207,0
2014-07-30,21:25:00,15.244,15.244,15.244,15.244,620,0
2014-07-30,21:55:00,15.244,15.244,15.235,15.235,413,0
2014-07-30,22:00:00,15.235,15.235,15.235,15.235,103,0
2014-07-31,15:35:00,14.77,14.77,14.77,14.77,826,0
2014-07-31,16:10:00,15.002,15.002,14.992,14.992,826,0
2014-07-31,16:50:00,14.992,14.992,14.992,14.992,207,0
2014-07-31,19:05:00,14.886,14.886,14.886,14.886,103,0
2014-07-31,21:40:00,14.925,14.925,14.925,14.925,207,0
2014-08-01,16:10:00,14.983,14.983,14.983,14.983,516,0
2014-08-01,19:10:00,14.799,14.799,14.799,14.799,1859,0
2014-08-04,15:35:00,15.012,15.012,15.012,15.012,413,0
2014-08-04,15:40:00,14.992,14.992,14.992,14.992,516,0
2014-08-04,17:45:00,14.847,14.847,14.847,14.847,1144,0
2014-08-04,19:50:00,14.973,14.973,14.973,14.973,472,0
2014-08-04,19:55:00,14.983,14.983,14.983,14.983,110,0
2014-08-04,20:45:00,14.973,14.973,14.973,14.973,793,0
2014-08-04,21:30:00,15.022,15.022,15.022,15.022,516,0
2014-08-04,21:55:00,15.022,15.022,14.973,15.022,2676,0
2014-08-04,22:00:00,15.089,15.089,15.012,15.089,1524,0
2014-08-05,16:05:00,15.186,15.186,15.186,15.186,103,0
2014-08-05,18:00:00,15.099,15.099,15.099,15.099,103,0
2014-08-05,18:45:00,15.109,15.109,15.099,15.099,207,0
2014-08-05,19:55:00,15.051,15.051,15.051,15.051,207,0
2014-08-06,16:25:00,14.954,14.954,14.954,14.954,207,0
2014-08-06,17:35:00,15.041,15.041,15.041,15.041,413,0
2014-08-06,18:00:00,15.109,15.109,15.109,15.109,946,0
2014-08-06,19:55:00,15.099,15.099,15.099,15.099,310,0
2014-08-06,20:55:00,15.031,15.031,15.031,15.031,723,0
2014-08-07,16:05:00,15.147,15.147,15.147,15.147,103,0
2014-08-08,17:30:00,14.818,14.818,14.818,14.818,516,0
2014-08-08,17:35:00,14.799,14.799,14.799,14.799,103,0
2014-08-08,17:40:00,14.77,14.77,14.77,14.77,207,0
2014-08-08,17:45:00,14.77,14.77,14.77,14.77,697,0
2014-08-08,20:50:00,14.857,14.857,14.857,14.857,103,0
2014-08-08,20:55:00,14.857,14.857,14.857,14.857,207,0
2014-08-08,21:55:00,14.857,14.857,14.857,14.857,723,0
2014-08-11,16:05:00,15.002,15.002,15.002,15.002,207,0
2014-08-11,17:05:00,15.031,15.031,15.031,15.031,516,0
2014-08-12,16:55:00,14.925,14.925,14.925,14.925,103,0
2014-08-12,17:20:00,14.915,14.915,14.915,14.915,723,0
2014-08-12,19:30:00,15.002,15.002,15.002,15.002,620,0
2014-08-13,17:20:00,14.828,14.828,14.828,14.828,583,0
2014-08-13,17:30:00,14.789,14.789,14.789,14.789,413,0
2014-08-13,18:00:00,14.789,14.789,14.789,14.789,929,0
2014-08-13,18:25:00,14.799,14.799,14.799,14.799,103,0
2014-08-13,18:40:00,14.828,14.828,14.828,14.828,103,0
2014-08-13,18:50:00,14.847,14.847,14.847,14.847,310,0
2014-08-14,16:05:00,14.876,14.876,14.876,14.876,103,0
2014-08-14,18:40:00,14.789,14.789,14.789,14.789,310,0
2014-08-14,19:50:00,14.789,14.789,14.789,14.789,103,0
2014-08-14,20:00:00,14.77,14.77,14.77,14.77,310,0
2014-08-14,20:05:00,14.789,14.789,14.789,14.789,413,0
2014-08-14,21:00:00,14.789,14.789,14.789,14.789,207,0
2014-08-14,21:20:00,14.77,14.77,14.77,14.77,620,0
2014-08-15,15:40:00,14.983,14.983,14.983,14.983,103,0
2014-08-15,16:45:00,14.973,14.973,14.973,14.973,1859,0
2014-08-15,16:50:00,14.954,14.954,14.954,14.954,207,0
2014-08-18,15:35:00,14.905,15.167,14.905,15.157,2082,0
2014-08-18,15:40:00,15.167,15.167,15.138,15.138,620,0
2014-08-18,16:00:00,15.109,15.109,15.109,15.109,207,0
2014-08-18,16:15:00,15.109,15.109,15.109,15.109,310,0
2014-08-18,17:00:00,15.138,15.138,15.138,15.138,207,0
2014-08-18,17:25:00,15.138,15.138,15.138,15.138,207,0
2014-08-18,18:05:00,15.196,15.215,15.196,15.215,310,0
2014-08-18,18:15:00,15.206,15.206,15.206,15.206,1342,0
2014-08-18,19:45:00,15.215,15.215,15.215,15.215,413,0
2014-08-18,20:50:00,15.244,15.244,15.244,15.244,361,0
2014-08-18,21:30:00,15.244,15.244,15.244,15.244,103,0
2014-08-18,21:55:00,15.264,15.264,15.264,15.264,723,0
2014-08-19,15:35:00,15.283,15.283,15.283,15.283,516,0
2014-08-19,21:25:00,15.409,15.409,15.409,15.409,620,0
2014-08-20,15:55:00,15.515,15.515,15.515,15.515,544,0
2014-08-20,16:05:00,15.535,15.535,15.535,15.535,310,0
2014-08-20,16:20:00,15.583,15.583,15.583,15.583,310,0
2014-08-20,17:00:00,15.574,15.574,15.574,15.574,1446,0
2014-08-20,17:55:00,15.554,15.554,15.554,15.554,2788,0
2014-08-21,16:10:00,15.554,15.554,15.554,15.554,1033,0
2014-08-22,18:35:00,15.38,15.38,15.38,15.38,516,0
2014-08-22,18:45:00,15.36,15.36,15.36,15.36,103,0
2014-08-22,20:50:00,15.38,15.38,15.38,15.38,207,0
2014-08-22,22:00:00,15.38,15.38,15.37,15.37,678,0
2014-08-25,15:50:00,15.564,15.564,15.564,15.564,103,0
2014-08-25,16:15:00,15.554,15.554,15.554,15.554,310,0
2014-08-25,16:30:00,15.554,15.554,15.554,15.554,103,0
2014-08-25,16:40:00,15.574,15.574,15.535,15.535,310,0
2014-08-25,17:15:00,15.564,15.564,15.564,15.564,599,0
2014-08-25,17:55:00,15.574,15.574,15.574,15.574,103,0
2014-08-25,18:20:00,15.574,15.612,15.574,15.603,4794,0
2014-08-25,18:30:00,15.603,15.603,15.593,15.593,723,0
2014-08-25,21:35:00,15.738,15.738,15.729,15.729,9132,0
2014-08-25,21:45:00,15.729,15.729,15.719,15.719,25193,0
2014-08-25,21:55:00,15.67,15.67,15.67,15.67,2742,0
2014-08-26,17:30:00,15.699,15.699,15.699,15.699,929,0
2014-08-26,18:40:00,15.845,15.845,15.845,15.845,103,0
2014-08-27,17:15:00,15.971,15.971,15.971,15.971,1549,0
2014-08-27,19:20:00,16.116,16.126,16.116,16.126,671,0
2014-08-27,20:05:00,16.116,16.116,16.116,16.116,388,0
2014-08-27,20:10:00,16.126,16.126,16.126,16.126,103,0
2014-08-27,20:15:00,16.126,16.155,16.126,16.155,929,0
2014-08-28,17:15:00,15.903,15.903,15.903,15.903,351,0
2014-08-28,17:55:00,15.922,15.922,15.922,15.922,207,0
2014-08-28,18:15:00,15.854,15.854,15.854,15.854,181,0
2014-08-28,20:00:00,15.903,15.903,15.903,15.903,103,0
2014-08-28,20:30:00,15.913,15.913,15.913,15.913,1549,0
2014-08-28,21:25:00,15.903,15.903,15.903,15.903,114,0
2014-08-28,22:00:00,15.913,15.913,15.913,15.913,1033,0
2014-08-29,16:05:00,15.922,15.922,15.922,15.922,103,0
2014-08-29,16:55:00,15.922,15.922,15.922,15.922,620,0
2014-08-29,17:15:00,15.922,15.922,15.922,15.922,103,0
2014-08-29,17:35:00,15.922,15.922,15.922,15.922,207,0
2014-08-29,19:00:00,16.048,16.048,16.048,16.048,516,0
2014-08-29,19:50:00,16.058,16.058,16.058,16.058,103,0
2014-08-29,20:55:00,16.126,16.126,16.126,16.126,4130,0
2014-08-29,21:00:00,16.106,16.106,16.106,16.106,4233,0
2014-09-02,15:35:00,16.106,16.106,16.106,16.106,167,0
2014-09-02,15:40:00,16.067,16.067,16.067,16.067,207,0
2014-09-02,16:05:00,16.164,16.164,16.164,16.164,103,0
2014-09-02,16:40:00,16.029,16.029,16.029,16.029,207,0
2014-09-02,17:05:00,16.048,16.048,16.048,16.048,7744,0
2014-09-02,21:35:00,16.252,16.252,16.252,16.252,1033,0
2014-09-03,15:35:00,16.213,16.213,16.213,16.213,413,0
2014-09-03,15:40:00,16.252,16.252,16.193,16.193,2581,0
2014-09-03,18:15:00,16.193,16.193,16.193,16.193,103,0
2014-09-03,18:40:00,16.087,16.087,16.087,16.087,2272,0
2014-09-04,15:35:00,16.252,16.252,15.903,15.903,620,0
2014-09-04,15:45:00,16.135,16.135,16.135,16.135,843,0
2014-09-04,21:40:00,16,16,16,16,103,0
2014-09-04,21:45:00,16,16,16,16,103,0
2014-09-04,21:55:00,15.99,15.99,15.99,15.99,207,0
2014-09-05,16:05:00,15.932,15.932,15.932,15.932,413,0
2014-09-05,20:05:00,15.942,15.942,15.942,15.942,413,0
2014-09-05,20:15:00,15.922,15.922,15.922,15.922,2726,0
2014-09-05,20:40:00,15.98,15.98,15.98,15.98,516,0
2014-09-05,21:45:00,16.009,16.009,16.009,16.009,197,0
2014-09-08,15:40:00,16.009,16.009,16.009,16.009,413,0
2014-09-08,15:45:00,16.058,16.058,16.058,16.058,1652,0
2014-09-08,20:25:00,15.748,15.748,15.748,15.748,207,0
2014-09-08,21:20:00,15.651,15.651,15.651,15.651,319,0
2014-09-09,16:35:00,15.554,15.554,15.554,15.554,310,0
2014-09-09,17:15:00,15.632,15.632,15.632,15.632,207,0
2014-09-09,17:30:00,15.612,15.612,15.603,15.603,620,0
2014-09-09,18:45:00,15.467,15.477,15.467,15.467,5080,0
2014-09-09,19:55:00,15.467,15.467,15.467,15.467,413,0
2014-09-09,20:10:00,15.477,15.477,15.477,15.477,310,0
2014-09-09,20:35:00,15.477,15.477,15.477,15.477,929,0
2014-09-09,21:30:00,15.399,15.399,15.36,15.36,13211,0
2014-09-09,21:55:00,15.399,15.399,15.399,15.399,103,0
2014-09-10,17:40:00,15.254,15.254,15.235,15.235,1084,0
2014-09-10,19:45:00,15.206,15.206,15.206,15.206,103,0
2014-09-10,19:50:00,15.186,15.186,15.186,15.186,207,0
2014-09-11,15:35:00,15.331,15.351,15.322,15.351,9602,0
2014-09-11,16:15:00,15.38,15.38,15.38,15.38,1018,0
2014-09-11,17:00:00,15.39,15.39,15.39,15.39,624,0
2014-09-11,19:50:00,15.36,15.36,15.36,15.36,207,0
2014-09-11,20:20:00,15.399,15.399,15.399,15.399,310,0
2014-09-11,21:45:00,15.399,15.399,15.399,15.399,103,0
2014-09-12,15:35:00,15.186,15.186,15.186,15.186,310,0
2014-09-12,15:45:00,15.167,15.167,15.167,15.167,207,0
2014-09-12,15:50:00,15.167,15.167,15.167,15.167,629,0
2014-09-12,19:10:00,15.254,15.254,15.206,15.206,1101,0
2014-09-12,20:25:00,15.089,15.089,15.089,15.089,207,0
2014-09-12,20:40:00,15.109,15.109,15.109,15.109,310,0
2014-09-12,20:50:00,14.963,14.963,14.963,14.963,1859,0
2014-09-12,21:00:00,14.934,14.934,14.934,14.934,1033,0
2014-09-12,21:05:00,14.954,14.954,14.944,14.944,8260,0
2014-09-15,15:35:00,15.041,15.041,15.041,15.041,649,0
2014-09-15,15:40:00,15.167,15.167,15.167,15.167,723,0
2014-09-15,15:55:00,15.138,15.138,15.041,15.041,207,0
2014-09-15,16:45:00,15.147,15.147,15.147,15.147,103,0
2014-09-15,18:00:00,15.022,15.022,15.022,15.022,929,0
2014-09-15,20:00:00,15.128,15.128,15.128,15.128,396,0
2014-09-16,15:35:00,15.399,15.399,15.399,15.399,312,0
2014-09-16,16:05:00,15.496,15.496,15.496,15.496,1755,0
2014-09-16,16:50:00,15.661,15.661,15.661,15.661,1033,0
2014-09-16,17:25:00,15.661,15.719,15.661,15.719,1033,0
2014-09-16,17:35:00,15.729,15.729,15.709,15.709,723,0
2014-09-16,17:55:00,15.777,15.787,15.777,15.777,723,0
2014-09-16,18:10:00,15.738,15.738,15.738,15.738,207,0
2014-09-16,19:00:00,15.767,15.767,15.767,15.767,103,0
2014-09-16,19:20:00,15.767,15.767,15.738,15.738,2375,0
2014-09-16,19:45:00,15.738,15.738,15.738,15.738,1239,0
2014-09-16,20:20:00,15.69,15.69,15.69,15.69,516,0
2014-09-16,20:40:00,15.729,15.729,15.69,15.69,795,0
2014-09-16,20:45:00,15.719,15.719,15.709,15.709,795,0
2014-09-16,21:00:00,15.699,15.699,15.699,15.699,630,0
2014-09-16,21:55:00,15.67,15.67,15.67,15.67,620,0
2014-09-16,22:00:00,15.622,15.641,15.622,15.641,516,0
2014-09-17,15:35:00,15.758,15.767,15.758,15.767,1446,0
2014-09-17,20:35:00,15.748,15.767,15.748,15.767,207,0
2014-09-17,21:30:00,15.651,15.651,15.651,15.651,1664,0
2014-09-18,20:15:00,15.438,15.438,15.438,15.438,413,0
2014-09-19,16:30:00,15.341,15.341,15.341,15.341,413,0
2014-09-22,16:35:00,14.944,14.944,14.934,14.934,1009,0
2014-09-22,16:55:00,14.934,14.934,14.934,14.934,310,0
2014-09-22,17:35:00,14.867,14.867,14.867,14.867,207,0
2014-09-22,19:25:00,14.915,14.915,14.915,14.915,620,0
2014-09-22,20:40:00,14.76,14.76,14.76,14.76,1859,0
2014-09-23,18:50:00,14.837,14.837,14.789,14.789,1631,0
2014-09-23,20:35:00,14.905,14.905,14.905,14.905,207,0
2014-09-23,21:20:00,14.973,14.973,14.973,14.973,103,0
2014-09-24,16:00:00,14.857,14.857,14.857,14.857,207,0
2014-09-24,16:10:00,14.876,14.886,14.876,14.886,310,0
2014-09-24,16:15:00,14.75,14.75,14.75,14.75,124,0
2014-09-24,20:15:00,15.031,15.031,15.031,15.031,516,0
2014-09-24,21:30:00,15.012,15.012,15.012,15.012,690,0
2014-09-25,16:25:00,14.954,14.954,14.925,14.925,620,0
2014-09-25,17:40:00,14.934,14.963,14.934,14.963,11771,0
2014-09-25,17:45:00,14.963,14.973,14.954,14.973,54104,0
2014-09-25,17:50:00,14.973,14.973,14.934,14.944,16417,0
2014-09-25,17:55:00,14.954,14.954,14.896,14.915,52968,0
2014-09-25,18:00:00,14.934,14.963,14.934,14.963,41094,0
2014-09-25,18:05:00,14.925,14.925,14.925,14.925,103,0
2014-09-25,18:10:00,14.944,14.944,14.934,14.934,1859,0
2014-09-25,18:15:00,14.944,14.944,14.944,14.944,1342,0
2014-09-25,18:25:00,14.925,14.925,14.925,14.925,620,0
2014-09-26,15:35:00,14.886,14.886,14.886,14.886,103,0
2014-09-26,15:50:00,15.041,15.041,15.041,15.041,103,0
2014-09-26,15:55:00,15.051,15.051,15.051,15.051,207,0
2014-09-26,17:20:00,15.022,15.041,15.022,15.041,10358,0
2014-09-26,17:30:00,15.051,15.051,15.051,15.051,207,0
2014-09-26,17:35:00,15.08,15.08,15.08,15.08,826,0
2014-09-26,19:00:00,15.109,15.109,15.109,15.109,2065,0
2014-09-29,15:35:00,14.528,14.595,14.528,14.566,1033,0
2014-09-29,15:45:00,14.644,14.644,14.615,14.615,723,0
2014-09-29,15:50:00,14.624,14.624,14.624,14.624,727,0
2014-09-29,15:55:00,14.615,14.615,14.615,14.615,620,0
2014-09-29,17:05:00,14.566,14.576,14.566,14.576,7537,0
2014-09-29,19:50:00,14.653,14.653,14.653,14.653,207,0
2014-09-29,20:15:00,14.624,14.624,14.624,14.624,620,0
2014-09-30,15:35:00,14.315,14.344,14.315,14.344,4233,0
2014-09-30,15:45:00,14.373,14.373,14.363,14.363,1136,0
2014-09-30,15:50:00,14.315,14.315,14.315,14.315,466,0
2014-09-30,15:55:00,14.315,14.315,14.315,14.315,103,0
2014-09-30,16:05:00,14.208,14.218,14.208,14.208,3382,0
2014-09-30,16:10:00,14.237,14.237,14.227,14.237,723,0
2014-09-30,16:20:00,14.276,14.276,14.276,14.276,516,0
2014-09-30,16:25:00,14.353,14.373,14.353,14.373,310,0
2014-09-30,18:10:00,14.402,14.402,14.402,14.402,336,0
2014-09-30,22:00:00,14.44,14.44,14.44,14.44,351,0
2014-10-01,15:45:00,14.15,14.15,14.15,14.15,1549,0
2014-10-01,15:55:00,14.15,14.15,14.15,14.15,516,0
2014-10-01,16:20:00,14.227,14.227,14.227,14.227,310,0
2014-10-01,17:10:00,14.169,14.169,14.169,14.169,207,0
2014-10-01,18:10:00,14.101,14.101,14.101,14.101,835,0
2014-10-01,18:40:00,14.16,14.16,14.16,14.16,207,0
2014-10-01,19:50:00,14.092,14.092,14.092,14.092,155,0
2014-10-01,21:30:00,14.043,14.053,14.043,14.053,1136,0
2014-10-01,21:35:00,14.043,14.043,14.043,14.043,413,0
2014-10-02,15:35:00,14.179,14.179,14.179,14.179,761,0
2014-10-02,15:50:00,14.092,14.092,14.092,14.092,103,0
2014-10-02,15:55:00,14.092,14.092,14.092,14.092,103,0
2014-10-02,16:00:00,14.111,14.111,14.111,14.111,103,0
2014-10-02,16:05:00,14.063,14.063,14.063,14.063,103,0
2014-10-02,16:15:00,14.043,14.043,14.043,14.043,103,0
2014-10-02,16:25:00,14.063,14.063,14.014,14.014,207,0
2014-10-02,16:40:00,14.063,14.063,14.063,14.063,103,0
2014-10-02,17:00:00,14.043,14.043,14.024,14.024,413,0
2014-10-02,17:15:00,14.024,14.024,14.024,14.024,103,0
2014-10-02,17:35:00,14.063,14.063,14.024,14.024,207,0
2014-10-02,17:50:00,14.014,14.034,14.014,14.014,7837,0
2014-10-02,17:55:00,14.014,14.014,14.014,14.014,103,0
2014-10-02,18:15:00,14.082,14.082,14.082,14.082,103,0
2014-10-02,18:30:00,14.121,14.121,14.121,14.121,103,0
2014-10-02,18:45:00,14.092,14.092,14.092,14.092,103,0
2014-10-02,19:00:00,14.15,14.15,14.15,14.15,103,0
2014-10-02,19:10:00,14.169,14.169,14.169,14.169,103,0
2014-10-02,19:30:00,14.189,14.189,14.189,14.189,216,0
2014-10-02,20:05:00,14.227,14.227,14.227,14.227,207,0
2014-10-02,20:30:00,14.256,14.256,14.256,14.256,1159540,0
2014-10-03,16:20:00,14.15,14.15,14.15,14.15,207,0
2014-10-03,20:05:00,14.431,14.431,14.431,14.431,310,0
2014-10-03,20:40:00,14.373,14.373,14.373,14.373,207,0
2014-10-03,21:50:00,14.382,14.382,14.382,14.382,103,0
2014-10-06,15:55:00,15.176,15.176,15.176,15.176,723,0
2014-10-06,17:00:00,15.186,15.186,15.186,15.186,215,0
2014-10-06,17:40:00,15.167,15.167,15.167,15.167,103,0
2014-10-06,17:55:00,15.186,15.186,15.147,15.147,1239,0
2014-10-06,18:25:00,15.196,15.196,15.196,15.196,516,0
2014-10-06,18:55:00,15.147,15.147,15.147,15.147,207,0
2014-10-06,19:20:00,15.128,15.128,15.128,15.128,516,0
2014-10-06,19:25:00,15.206,15.206,15.157,15.157,207,0
2014-10-06,21:35:00,15.186,15.186,15.157,15.157,4130,0
2014-10-06,21:50:00,15.099,15.099,15.099,15.099,1018,0
2014-10-06,22:00:00,15.041,15.041,15.041,15.041,599,0
2014-10-07,16:20:00,15.293,15.293,15.293,15.293,268,0
2014-10-07,16:55:00,15.399,15.399,15.399,15.399,1033,0
2014-10-07,18:00:00,15.351,15.351,15.351,15.351,207,0
2014-10-07,19:40:00,15.293,15.293,15.293,15.293,310,0
2014-10-07,20:30:00,15.235,15.235,15.235,15.235,6815,0
2014-10-07,21:20:00,15.186,15.186,15.186,15.186,413,0
2014-10-07,21:40:00,15.215,15.215,15.215,15.215,826,0
2014-10-07,21:50:00,15.186,15.186,15.186,15.186,2891,0
2014-10-07,22:00:00,15.176,15.176,15.176,15.176,929,0
2014-10-08,16:20:00,15.06,15.06,15.06,15.06,413,0
2014-10-08,16:45:00,15.051,15.051,15.031,15.031,7847,0
2014-10-08,19:10:00,14.915,14.915,14.915,14.915,542,0
2014-10-08,19:40:00,14.944,14.944,14.944,14.944,207,0
2014-10-08,19:50:00,14.934,14.934,14.934,14.934,310,0
2014-10-08,20:10:00,15.002,15.002,14.973,14.973,3511,0
2014-10-08,20:20:00,14.992,14.992,14.992,14.992,103,0
2014-10-08,20:35:00,15.051,15.051,15.051,15.051,4233,0
2014-10-08,20:40:00,15.099,15.099,15.099,15.099,826,0
2014-10-08,20:45:00,15.08,15.08,15.08,15.08,103,0
2014-10-08,21:20:00,15.167,15.167,15.167,15.167,129,0
2014-10-09,15:40:00,15.341,15.399,15.341,15.399,1302,0
2014-10-09,17:05:00,15.244,15.399,15.244,15.399,5885,0
2014-10-09,18:40:00,15.138,15.196,15.138,15.196,2685,0
2014-10-10,18:50:00,14.876,14.876,14.876,14.876,182,0
2014-10-10,20:35:00,14.886,14.886,14.886,14.886,182,0
2014-10-10,20:50:00,14.847,14.847,14.847,14.847,3098,0
2014-10-13,17:35:00,15.225,15.225,15.225,15.225,103,0
2014-10-13,19:55:00,15.331,15.331,15.331,15.331,103,0
2014-10-13,20:15:00,15.37,15.37,15.37,15.37,207,0
2014-10-13,20:40:00,15.448,15.448,15.448,15.448,207,0
2014-10-14,16:20:00,15.167,15.167,15.167,15.167,103,0
2014-10-14,16:40:00,15.167,15.167,15.167,15.167,2272,0
2014-10-14,16:45:00,15.167,15.167,15.167,15.167,207,0
2014-10-14,17:35:00,15.38,15.38,15.36,15.36,826,0
2014-10-14,17:45:00,15.409,15.409,15.39,15.39,1652,0
2014-10-14,17:50:00,15.409,15.409,15.39,15.39,620,0
2014-10-14,18:05:00,15.419,15.419,15.419,15.419,7641,0
2014-10-15,15:50:00,14.702,14.702,14.702,14.702,310,0
2014-10-15,15:55:00,14.799,14.799,14.799,14.799,207,0
2014-10-15,17:30:00,14.702,14.799,14.702,14.799,1549,0
2014-10-15,18:55:00,14.528,14.528,14.528,14.528,207,0
2014-10-15,19:05:00,14.45,14.45,14.45,14.45,516,0
2014-10-15,19:15:00,14.566,14.566,14.566,14.566,723,0
2014-10-15,20:00:00,14.276,14.276,14.276,14.276,2891,0
2014-10-15,20:15:00,14.557,14.557,14.557,14.557,103,0
2014-10-15,20:20:00,14.586,14.586,14.586,14.586,4956,0
2014-10-15,21:00:00,14.731,14.731,14.702,14.702,8209,0
2014-10-15,21:35:00,14.741,14.741,14.741,14.741,1859,0
2014-10-15,21:50:00,14.828,14.828,14.818,14.818,370,0
2014-10-15,22:00:00,14.808,14.818,14.808,14.808,8570,0
2014-10-16,16:00:00,14.528,14.528,14.528,14.528,449,0
2014-10-16,16:10:00,14.528,14.528,14.528,14.528,103,0
2014-10-16,16:15:00,14.411,14.411,14.382,14.382,14455,0
2014-10-16,16:20:00,14.382,14.392,14.353,14.392,11461,0
2014-10-16,16:25:00,14.44,14.44,14.44,14.44,620,0
2014-10-16,17:00:00,14.285,14.285,14.285,14.285,310,0
2014-10-16,17:30:00,14.373,14.373,14.373,14.373,620,0
2014-10-16,18:10:00,14.373,14.373,14.305,14.305,1316,0
2014-10-16,18:15:00,14.295,14.295,14.295,14.295,310,0
2014-10-16,19:20:00,14.479,14.508,14.431,14.45,10532,0
2014-10-16,19:25:00,14.44,14.479,14.44,14.469,8260,0
2014-10-16,19:30:00,14.469,14.499,14.44,14.45,11848,0
2014-10-16,19:50:00,14.469,14.469,14.469,14.469,929,0
2014-10-16,21:45:00,14.295,14.295,14.295,14.295,103,0
2014-10-16,22:00:00,14.295,14.295,14.295,14.295,207,0
2014-10-17,16:45:00,14.528,14.528,14.528,14.528,413,0
2014-10-17,17:50:00,14.75,14.779,14.75,14.779,7744,0
2014-10-17,21:25:00,14.528,14.528,14.528,14.528,103,0
2014-10-17,21:30:00,14.528,14.528,14.528,14.528,124,0
2014-10-20,16:05:00,14.353,14.353,14.353,14.353,103,0
2014-10-20,16:10:00,14.469,14.469,14.469,14.469,284,0
2014-10-20,16:35:00,14.421,14.421,14.421,14.421,310,0
2014-10-20,20:45:00,14.285,14.295,14.285,14.295,4027,0
2014-10-21,15:35:00,13.685,13.685,13.685,13.685,207,0
2014-10-21,15:45:00,13.917,13.917,13.917,13.917,1755,0
2014-10-21,18:15:00,13.917,13.917,13.917,13.917,103,0
2014-10-21,19:20:00,13.792,13.792,13.782,13.782,620,0
2014-10-21,19:30:00,13.714,13.714,13.714,13.714,103,0
2014-10-21,20:00:00,13.762,13.762,13.762,13.762,103,0
2014-10-21,20:20:00,13.762,13.762,13.762,13.762,108,0
2014-10-21,20:40:00,13.782,13.782,13.782,13.782,103,0
2014-10-21,21:15:00,13.811,13.811,13.811,13.811,413,0
2014-10-21,21:25:00,13.811,13.811,13.811,13.811,3098,0
2014-10-21,21:35:00,13.859,13.859,13.859,13.859,2065,0
2014-10-22,16:20:00,13.946,13.946,13.946,13.946,36345,0
2014-10-22,21:50:00,13.733,13.733,13.733,13.733,103,0
2014-10-23,15:35:00,13.607,13.607,13.607,13.607,207,0
2014-10-23,15:50:00,13.598,13.598,13.598,13.598,2065,0
2014-10-23,15:55:00,13.598,13.598,13.598,13.598,207,0
2014-10-23,16:20:00,13.598,13.598,13.598,13.598,207,0
2014-10-23,17:05:00,13.559,13.559,13.559,13.559,620,0
2014-10-23,18:40:00,13.462,13.462,13.414,13.414,413,0
2014-10-23,20:40:00,13.453,13.453,13.453,13.453,1033,0
2014-10-23,20:45:00,13.414,13.414,13.414,13.414,207,0
2014-10-23,21:00:00,13.375,13.375,13.375,13.375,413,0
2014-10-23,21:45:00,13.375,13.375,13.375,13.375,413,0
2014-10-23,22:00:00,13.356,13.356,13.356,13.356,723,0
2014-10-24,15:35:00,13.501,13.501,13.501,13.501,103,0
2014-10-24,15:55:00,13.617,13.617,13.617,13.617,516,0
2014-10-24,16:20:00,13.743,13.743,13.743,13.743,2581,0
2014-10-24,16:45:00,13.85,13.85,13.85,13.85,1033,0
2014-10-24,16:50:00,13.83,13.83,13.83,13.83,207,0
2014-10-24,18:00:00,13.888,13.888,13.888,13.888,2065,0
2014-10-24,21:00:00,13.588,13.588,13.588,13.588,929,0
2014-10-24,21:20:00,13.646,13.646,13.646,13.646,413,0
2014-10-24,21:45:00,13.714,13.714,13.714,13.714,723,0
2014-10-24,21:55:00,13.656,13.666,13.656,13.666,1239,0
2014-10-24,22:00:00,13.666,13.666,13.666,13.666,1239,0
2014-10-27,14:35:00,13.123,13.123,13.123,13.123,3092,0
2014-10-27,14:40:00,13.259,13.259,13.259,13.259,413,0
2014-10-27,14:45:00,13.259,13.259,13.094,13.172,2994,0
2014-10-27,14:50:00,13.104,13.249,13.094,13.249,5980,0
2014-10-27,15:00:00,13.181,13.181,13.181,13.181,103,0
2014-10-27,15:05:00,13.181,13.181,13.181,13.181,310,0
2014-10-27,15:25:00,13.172,13.172,13.172,13.172,310,0
2014-10-27,18:10:00,13.336,13.336,13.336,13.336,3098,0
2014-10-27,19:00:00,13.239,13.239,13.239,13.239,103,0
2014-10-27,19:05:00,13.249,13.249,13.249,13.249,207,0
2014-10-27,19:10:00,13.269,13.269,13.269,13.269,963,0
2014-10-27,21:00:00,13.269,13.278,13.269,13.278,2716,0
2014-10-28,14:40:00,13.627,13.627,13.627,13.627,465,0
2014-10-28,16:00:00,13.549,13.549,13.482,13.482,6997,0
2014-10-28,16:45:00,13.627,13.627,13.627,13.627,103,0
2014-10-28,17:15:00,13.617,13.617,13.617,13.617,258,0
2014-10-28,20:45:00,13.724,13.724,13.685,13.685,6711,0
2014-10-28,20:50:00,13.695,13.695,13.646,13.646,3924,0
2014-10-28,20:55:00,13.666,13.666,13.627,13.637,5576,0
2014-10-29,14:35:00,13.656,13.656,13.578,13.578,361,0
2014-10-29,14:45:00,13.569,13.569,13.569,13.569,103,0
2014-10-29,16:25:00,13.637,13.637,13.637,13.637,310,0
2014-10-29,18:25:00,13.482,13.482,13.482,13.482,1446,0
2014-10-29,19:45:00,13.501,13.501,13.501,13.501,413,0
2014-10-29,20:15:00,13.404,13.404,13.394,13.394,620,0
2014-10-29,20:25:00,13.356,13.356,13.356,13.356,1033,0
2014-10-30,18:20:00,13.724,13.724,13.724,13.724,620,0
2014-10-31,14:50:00,13.801,13.801,13.801,13.801,103,0
2014-10-31,17:10:00,13.946,13.946,13.946,13.946,2168,0
2014-10-31,18:15:00,13.908,13.908,13.908,13.908,413,0
2014-10-31,19:45:00,14.092,14.092,14.092,14.092,4646,0
2014-10-31,19:55:00,14.13,14.13,14.13,14.13,516,0
2014-10-31,20:30:00,14.237,14.237,14.237,14.237,103,0
2014-10-31,20:40:00,14.237,14.237,14.218,14.218,2065,0
2014-11-03,15:35:00,14.053,14.053,14.053,14.053,264,0
2014-11-03,15:45:00,14.198,14.198,14.198,14.198,207,0
2014-11-03,16:00:00,14.101,14.101,14.101,14.101,103,0
2014-11-03,19:50:00,13.937,13.937,13.937,13.937,103,0
2014-11-04,18:30:00,14.092,14.092,14.092,14.092,103,0
2014-11-04,20:10:00,14.189,14.189,14.189,14.189,207,0
2014-11-04,20:15:00,14.092,14.092,14.092,14.092,207,0
2014-11-04,22:00:00,14.072,14.072,14.072,14.072,103,0
2014-11-05,15:40:00,14.043,14.043,14.034,14.034,1446,0
2014-11-05,15:45:00,14.043,14.063,14.043,14.063,1239,0
2014-11-05,15:50:00,14.082,14.082,14.082,14.082,1033,0
2014-11-05,16:00:00,14.024,14.024,14.024,14.024,103,0
2014-11-05,16:15:00,14.005,14.005,14.005,14.005,310,0
2014-11-05,16:25:00,14.005,14.005,14.005,14.005,314,0
2014-11-05,16:40:00,13.966,13.966,13.966,13.966,7744,0
2014-11-05,16:50:00,13.985,14.034,13.976,13.976,186399,0
2014-11-05,17:00:00,14.053,14.053,14.053,14.053,723,0
2014-11-05,17:15:00,14.053,14.053,14.053,14.053,1549,0
2014-11-05,18:30:00,14.043,14.043,14.043,14.043,3041,0
2014-11-06,16:35:00,13.753,13.753,13.753,13.753,620,0
2014-11-06,18:00:00,13.733,13.733,13.733,13.733,1549,0
2014-11-06,18:40:00,13.714,13.743,13.714,13.743,2478,0
2014-11-06,21:15:00,13.714,13.714,13.675,13.675,2788,0
2014-11-06,21:20:00,13.666,13.666,13.656,13.656,2478,0
2014-11-07,15:35:00,13.801,13.801,13.801,13.801,103,0
2014-11-07,16:10:00,13.869,13.879,13.869,13.879,1086,0
2014-11-07,17:15:00,13.83,13.83,13.83,13.83,207,0
2014-11-07,17:20:00,13.83,13.83,13.83,13.83,103,0
2014-11-07,19:20:00,13.946,13.946,13.946,13.946,2272,0
2014-11-07,19:55:00,13.908,13.908,13.908,13.908,2272,0
2014-11-07,20:35:00,13.888,13.888,13.888,13.888,465,0
2014-11-07,21:55:00,13.84,13.84,13.83,13.83,235,0
2014-11-10,15:35:00,13.946,13.946,13.946,13.946,6195,0
2014-11-10,19:55:00,13.801,13.801,13.801,13.801,620,0
2014-11-12,15:40:00,13.937,13.937,13.937,13.937,6195,0
2014-11-12,19:15:00,13.724,13.724,13.724,13.724,207,0
2014-11-12,20:45:00,13.762,13.762,13.762,13.762,1033,0
2014-11-13,18:10:00,13.598,13.598,13.588,13.588,4440,0
2014-11-13,20:00:00,13.559,13.559,13.559,13.559,310,0
2014-11-13,20:05:00,13.559,13.559,13.559,13.559,929,0
2014-11-13,21:50:00,13.53,13.53,13.53,13.53,2065,0
2014-11-14,18:35:00,13.443,13.443,13.443,13.443,310,0
2014-11-14,18:45:00,13.394,13.394,13.394,13.394,1033,0
2014-11-17,16:20:00,13.394,13.394,13.394,13.394,413,0
2014-11-17,18:40:00,13.336,13.336,13.327,13.327,1136,0
2014-11-17,19:15:00,13.288,13.288,13.288,13.288,1128,0
2014-11-17,20:00:00,13.327,13.327,13.327,13.327,638,0
2014-11-18,15:40:00,13.385,13.385,13.375,13.375,1136,0
2014-11-18,20:20:00,13.549,13.549,13.549,13.549,103,0
2014-11-18,20:35:00,13.588,13.588,13.588,13.588,207,0
2014-11-18,20:40:00,13.578,13.578,13.578,13.578,103,0
2014-11-18,21:15:00,13.588,13.588,13.588,13.588,103,0
2014-11-18,21:25:00,13.588,13.588,13.588,13.588,103,0
2014-11-18,21:35:00,13.588,13.588,13.588,13.588,103,0
2014-11-18,21:40:00,13.588,13.588,13.588,13.588,103,0
2014-11-18,21:45:00,13.578,13.578,13.578,13.578,310,0
2014-11-19,16:45:00,13.656,13.656,13.646,13.646,620,0
2014-11-19,20:00:00,13.772,13.772,13.772,13.772,1033,0
2014-11-19,21:30:00,13.811,13.811,13.811,13.811,103,0
2014-11-19,21:45:00,13.879,13.888,13.879,13.888,2478,0
2014-11-20,15:35:00,14.092,14.092,14.092,14.092,487,0
2014-11-20,15:55:00,14.053,14.092,14.053,14.092,1512,0
2014-11-20,17:45:00,13.946,13.966,13.946,13.966,207,0
2014-11-20,18:50:00,13.772,13.772,13.772,13.772,207,0
2014-11-20,20:40:00,13.966,13.966,13.966,13.966,1033,0
2014-11-20,21:20:00,13.956,13.956,13.956,13.956,114,0
2014-11-21,15:40:00,14.072,14.14,14.072,14.14,207,0
2014-11-21,15:45:00,14.14,14.189,14.14,14.189,1776,0
2014-11-21,15:50:00,14.189,14.198,14.189,14.198,620,0
2014-11-21,15:55:00,14.189,14.189,14.189,14.189,155,0
2014-11-21,16:00:00,14.227,14.237,14.227,14.237,1033,0
2014-11-21,16:05:00,14.198,14.198,14.198,14.198,258,0
2014-11-21,16:15:00,14.169,14.169,14.169,14.169,516,0
2014-11-21,16:35:00,14.198,14.198,14.121,14.121,486,0
2014-11-21,16:40:00,14.13,14.13,14.13,14.13,207,0
2014-11-21,17:50:00,14.13,14.13,14.13,14.13,516,0
2014-11-21,19:10:00,14.256,14.256,14.256,14.256,1033,0
2014-11-21,19:30:00,14.334,14.334,14.334,14.334,620,0
2014-11-21,19:55:00,14.45,14.45,14.45,14.45,89757,0
2014-11-21,20:00:00,14.489,14.489,14.489,14.489,310,0
2014-11-21,20:20:00,14.586,14.586,14.576,14.576,2065,0
2014-11-21,21:00:00,14.624,14.624,14.624,14.624,207,0
2014-11-21,21:20:00,14.586,14.615,14.576,14.576,2891,0
2014-11-24,15:35:00,14.479,14.479,14.46,14.46,1365,0
2014-11-24,15:55:00,14.479,14.479,14.479,14.479,103,0
2014-11-24,16:05:00,14.46,14.46,14.46,14.46,723,0
2014-11-24,16:15:00,14.46,14.46,14.46,14.46,1033,0
2014-11-24,16:20:00,14.469,14.469,14.469,14.469,2523,0
2014-11-24,17:50:00,14.402,14.411,14.402,14.411,1033,0
2014-11-24,18:45:00,14.363,14.363,14.363,14.363,207,0
2014-11-24,19:45:00,14.334,14.334,14.334,14.334,207,0
2014-11-24,19:50:00,14.305,14.305,14.285,14.285,826,0
2014-11-25,16:25:00,14.479,14.479,14.479,14.479,103,0
2014-11-25,16:50:00,14.353,14.353,14.353,14.353,310,0
2014-11-25,18:40:00,14.392,14.392,14.353,14.353,1033,0
2014-11-25,21:00:00,14.363,14.363,14.363,14.363,723,0
2014-11-25,21:15:00,14.305,14.315,14.305,14.315,774,0
2014-11-25,21:30:00,14.324,14.324,14.324,14.324,232,0
2014-11-25,21:45:00,14.305,14.305,14.305,14.305,1549,0
2014-11-25,21:55:00,14.295,14.295,14.295,14.295,207,0
2014-11-26,18:05:00,14.373,14.373,14.373,14.373,310,0
2014-11-26,18:35:00,14.334,14.334,14.334,14.334,516,0
2014-11-26,19:00:00,14.295,14.295,14.295,14.295,620,0
2014-11-26,19:20:00,14.295,14.295,14.266,14.266,1533,0
2014-11-26,20:05:00,14.256,14.256,14.256,14.256,207,0
2014-11-28,15:50:00,14.256,14.256,14.256,14.256,1033,0
2014-11-28,16:00:00,14.208,14.208,14.208,14.208,413,0
2014-12-01,15:50:00,13.607,13.607,13.569,13.569,1033,0
2014-12-01,15:55:00,13.511,13.511,13.482,13.511,929,0
2014-12-01,16:00:00,13.53,13.53,13.53,13.53,207,0
2014-12-01,16:15:00,13.549,13.549,13.549,13.549,723,0
2014-12-01,17:30:00,13.54,13.54,13.54,13.54,310,0
2014-12-01,18:40:00,13.578,13.588,13.578,13.588,5679,0
2014-12-01,20:25:00,13.491,13.491,13.491,13.491,103,0
2014-12-01,20:35:00,13.491,13.491,13.491,13.491,1033,0
2014-12-02,16:30:00,13.462,13.462,13.462,13.462,717,0
2014-12-02,16:55:00,13.462,13.462,13.462,13.462,310,0
2014-12-02,17:15:00,13.53,13.53,13.511,13.511,14269,0
2014-12-02,19:05:00,13.472,13.472,13.472,13.472,444,0
2014-12-02,20:00:00,13.336,13.336,13.336,13.336,724,0
2014-12-02,20:05:00,13.336,13.336,13.336,13.336,207,0
2014-12-02,20:15:00,13.336,13.336,13.336,13.336,621,0
2014-12-02,21:55:00,13.346,13.346,13.346,13.346,1032,0
2014-12-02,22:00:00,13.346,13.346,13.346,13.346,1445,0
2014-12-03,17:40:00,13.482,13.482,13.482,13.482,826,0
2014-12-03,18:10:00,13.53,13.53,13.53,13.53,882,0
2014-12-03,21:55:00,13.482,13.482,13.482,13.482,103,0
2014-12-03,22:00:00,13.423,13.423,13.423,13.423,929,0
2014-12-04,15:35:00,13.365,13.365,13.365,13.365,681,0
2014-12-04,15:45:00,13.356,13.356,13.356,13.356,207,0
2014-12-04,16:00:00,13.336,13.336,13.336,13.336,310,0
2014-12-04,16:20:00,13.336,13.336,13.336,13.336,4748,0
2014-12-04,16:25:00,13.336,13.336,13.278,13.288,8057,0
2014-12-04,18:00:00,13.22,13.22,13.22,13.22,1652,0
2014-12-05,16:05:00,13.307,13.307,13.298,13.298,1960,0
2014-12-05,17:55:00,13.317,13.317,13.317,13.317,207,0
2014-12-05,19:05:00,13.414,13.414,13.414,13.414,621,0
2014-12-08,18:20:00,13.172,13.172,13.123,13.123,438,0
2014-12-08,18:35:00,13.123,13.123,13.123,13.123,103,0
2014-12-08,19:10:00,13.075,13.075,13.065,13.065,514,0
2014-12-08,19:40:00,12.978,12.978,12.978,12.978,1135,0
2014-12-08,19:50:00,12.959,12.959,12.959,12.959,515,0
2014-12-08,21:50:00,12.949,12.949,12.92,12.92,1187,0
2014-12-09,15:35:00,12.93,12.978,12.881,12.978,2331,0
2014-12-09,15:45:00,12.881,12.881,12.881,12.881,207,0
2014-12-09,15:55:00,12.823,12.852,12.813,12.852,1911,0
2014-12-09,16:15:00,12.92,12.92,12.852,12.852,775,0
2014-12-09,20:15:00,12.959,12.959,12.959,12.959,774,0
2014-12-09,21:50:00,12.939,12.939,12.93,12.93,412,0
2014-12-09,21:55:00,12.949,12.949,12.949,12.949,621,0
2014-12-10,16:00:00,12.755,12.755,12.736,12.736,309,0
2014-12-10,18:15:00,12.775,12.775,12.775,12.775,414,0
2014-12-10,20:35:00,12.678,12.687,12.678,12.687,5368,0
2014-12-11,17:15:00,12.736,12.736,12.736,12.736,310,0
2014-12-11,19:20:00,12.823,12.823,12.823,12.823,310,0
2014-12-12,17:15:00,12.591,12.591,12.591,12.591,238,0
2014-12-12,18:00:00,12.465,12.465,12.465,12.465,496,0
2014-12-12,19:15:00,12.474,12.474,12.465,12.465,414,0
2014-12-12,19:35:00,12.445,12.445,12.445,12.445,207,0
2014-12-12,21:55:00,12.416,12.416,12.397,12.397,206,0
2014-12-15,15:35:00,12.377,12.377,12.377,12.377,828,0
2014-12-15,17:10:00,12.106,12.106,12.106,12.106,517,0
2014-12-15,18:20:00,12.019,12.029,12.019,12.029,3305,0
2014-12-15,18:25:00,12.116,12.116,12.116,12.116,222,0
2014-12-15,18:45:00,12.184,12.184,12.184,12.184,207,0
2014-12-15,18:55:00,12.184,12.184,12.184,12.184,103,0
2014-12-15,22:00:00,12.126,12.126,12.077,12.077,2379,0
2014-12-16,16:05:00,12.048,12.048,12.048,12.048,103,0
2014-12-16,17:40:00,12.271,12.271,12.271,12.271,206,0
2014-12-16,18:20:00,12.271,12.271,12.271,12.271,162,0
2014-12-16,20:50:00,12.116,12.116,12.116,12.116,621,0
2014-12-16,21:05:00,12.213,12.213,12.213,12.213,103,0
2014-12-16,21:45:00,12.097,12.097,12.097,12.097,1573,0
2014-12-16,21:50:00,12.135,12.135,12.126,12.126,414,0
2014-12-16,21:55:00,12.126,12.126,12.097,12.097,776,0
2014-12-17,16:30:00,12.465,12.465,12.465,12.465,103,0
2014-12-17,16:40:00,12.387,12.387,12.387,12.387,310,0
2014-12-17,16:45:00,12.377,12.377,12.377,12.377,490,0
2014-12-17,17:05:00,12.503,12.503,12.503,12.503,620,0
2014-12-17,19:05:00,12.62,12.62,12.62,12.62,119,0
2014-12-18,15:40:00,12.629,12.629,12.62,12.62,1034,0
2014-12-18,16:00:00,12.562,12.562,12.562,12.562,309,0
2014-12-18,16:25:00,12.562,12.562,12.562,12.562,206,0
2014-12-18,16:45:00,12.523,12.523,12.523,12.523,828,0
2014-12-18,17:50:00,12.523,12.523,12.523,12.523,412,0
2014-12-18,20:20:00,12.484,12.484,12.484,12.484,103,0
2014-12-18,20:45:00,12.474,12.474,12.474,12.474,103,0
2014-12-18,21:00:00,12.513,12.513,12.513,12.513,103,0
2014-12-18,21:35:00,12.542,12.571,12.542,12.571,590,0
2014-12-18,21:55:00,12.503,12.503,12.484,12.484,5752,0
2014-12-19,15:35:00,12.8,12.8,12.8,12.8,2833,0
2014-12-19,15:45:00,12.68,12.68,12.68,12.68,100,0
2014-12-19,16:50:00,12.7,12.71,12.7,12.71,1215,0
2014-12-19,17:15:00,12.6,12.6,12.57,12.57,3600,0
2014-12-19,18:45:00,12.71,12.71,12.71,12.71,15845,0
2014-12-19,20:00:00,12.7,12.7,12.7,12.7,7479,0
2014-12-19,21:30:00,12.76,12.76,12.75,12.75,1550,0
2014-12-19,21:35:00,12.75,12.76,12.75,12.76,786,0
2014-12-22,15:55:00,12.68,12.68,12.68,12.68,100,0
2014-12-22,16:00:00,12.67,12.67,12.67,12.67,360,0
2014-12-22,16:15:00,12.61,12.61,12.61,12.61,100,0
2014-12-22,16:40:00,12.66,12.66,12.66,12.66,691,0
2014-12-22,19:15:00,12.76,12.76,12.76,12.76,900,0
2014-12-22,19:25:00,12.76,12.76,12.76,12.76,350,0
2014-12-22,21:35:00,12.85,12.87,12.85,12.85,700,0
2014-12-22,22:00:00,12.84,12.85,12.84,12.85,600,0
2014-12-23,20:15:00,13.02,13.02,13.02,13.02,750,0
2014-12-23,21:35:00,13.0,13.0,13.0,13.0,566,0
2014-12-24,16:15:00,13.01,13.01,12.95,12.95,1186,0
2014-12-24,16:50:00,12.86,12.91,12.86,12.91,750,0
2014-12-24,18:10:00,12.93,12.93,12.93,12.93,102,0
2014-12-24,18:30:00,12.94,12.94,12.94,12.94,1000,0
2014-12-26,15:55:00,12.97,12.97,12.97,12.97,1080,0
2014-12-26,16:20:00,13.12,13.12,13.12,13.12,102,0
2014-12-26,16:55:00,13.05,13.05,13.05,13.05,300,0
2014-12-26,17:50:00,12.95,12.95,12.95,12.95,700,0
2014-12-26,20:45:00,12.89,12.89,12.89,12.89,1600,0
2014-12-26,21:20:00,12.88,12.88,12.88,12.88,700,0
2014-12-29,15:45:00,12.9,12.9,12.9,12.9,1100,0
2014-12-29,16:05:00,13.01,13.01,13.01,13.01,118,0
2014-12-29,16:15:00,12.99,12.99,12.99,12.99,100,0
2014-12-29,21:45:00,13.02,13.02,13.02,13.02,600,0
2014-12-29,22:00:00,13.02,13.02,13.02,13.02,200,0
2014-12-30,15:50:00,12.89,12.89,12.89,12.89,200,0
2014-12-30,15:55:00,12.94,12.94,12.94,12.94,250,0
2014-12-30,18:25:00,12.92,12.92,12.92,12.92,146,0
2014-12-30,18:50:00,12.9,12.9,12.9,12.9,505,0
2014-12-30,18:55:00,12.88,12.88,12.88,12.88,600,0
2014-12-31,17:05:00,12.75,12.75,12.74,12.75,2480,0
2014-12-31,19:10:00,12.74,12.74,12.74,12.74,100,0
2014-12-31,20:30:00,12.81,12.83,12.81,12.83,19422,0
2014-12-31,21:00:00,12.84,12.85,12.84,12.85,2244,0
2015-01-02,15:50:00,12.62,12.62,12.61,12.61,582,0
2015-01-02,15:55:00,12.66,12.66,12.66,12.66,200,0
2015-01-02,17:20:00,12.61,12.61,12.61,12.61,600,0
2015-01-02,17:55:00,12.5,12.5,12.5,12.5,400,0
2015-01-02,18:00:00,12.48,12.48,12.48,12.48,594,0
2015-01-02,19:40:00,12.48,12.48,12.48,12.48,100,0
2015-01-02,20:30:00,12.51,12.51,12.51,12.51,300,0
2015-01-05,18:35:00,12.34,12.34,12.34,12.34,350,0
2015-01-05,19:15:00,12.33,12.33,12.33,12.33,600,0
2015-01-06,16:55:00,12.2,12.2,12.2,12.2,200,0
2015-01-06,17:00:00,12.21,12.22,12.21,12.22,300,0
2015-01-06,17:20:00,12.19,12.19,12.19,12.19,133015,0
2015-01-06,17:25:00,12.2,12.2,12.2,12.2,2200,0
2015-01-06,17:30:00,12.21,12.21,12.2,12.21,30800,0
2015-01-06,17:35:00,12.21,12.21,12.2,12.2,500,0
2015-01-06,18:00:00,12.19,12.19,12.19,12.19,800,0
2015-01-06,18:40:00,12.21,12.21,12.21,12.21,400,0
2015-01-06,18:50:00,12.2,12.2,12.2,12.2,1065,0
2015-01-06,19:05:00,12.22,12.22,12.22,12.22,400,0
2015-01-06,19:15:00,12.18,12.18,12.18,12.18,300,0
2015-01-06,19:50:00,12.22,12.24,12.22,12.23,4600,0
2015-01-06,19:55:00,12.26,12.26,12.26,12.26,7900,0
2015-01-06,20:00:00,12.26,12.27,12.26,12.26,1800,0
2015-01-06,20:05:00,12.26,12.26,12.22,12.23,4700,0
2015-01-06,20:10:00,12.24,12.24,12.22,12.22,8900,0
2015-01-06,20:30:00,12.24,12.24,12.24,12.24,9600,0
2015-01-06,20:35:00,12.24,12.24,12.24,12.24,800,0
2015-01-06,20:40:00,12.29,12.29,12.29,12.29,3011,0
2015-01-06,20:45:00,12.29,12.29,12.29,12.29,2700,0
2015-01-06,20:55:00,12.29,12.29,12.29,12.29,1100,0
2015-01-06,21:05:00,12.28,12.28,12.28,12.28,200,0
2015-01-06,21:10:00,12.28,12.28,12.28,12.28,100,0
2015-01-06,21:15:00,12.28,12.29,12.28,12.28,33900,0
2015-01-06,21:20:00,12.28,12.29,12.28,12.28,18900,0
2015-01-06,21:25:00,12.31,12.31,12.3,12.3,1200,0
2015-01-07,15:40:00,12.61,12.61,12.61,12.61,600,0
2015-01-07,19:00:00,12.7,12.7,12.7,12.7,1200,0
2015-01-07,19:05:00,12.71,12.71,12.71,12.71,100,0
2015-01-07,19:30:00,12.69,12.69,12.69,12.69,100,0
2015-01-07,21:10:00,12.63,12.63,12.63,12.63,567,0
2015-01-07,21:50:00,12.61,12.61,12.6,12.6,1200,0
2015-01-07,22:00:00,12.56,12.56,12.56,12.56,100,0
2015-01-08,15:45:00,12.7,12.7,12.7,12.7,2800,0
2015-01-08,15:50:00,12.7,12.7,12.7,12.7,2200,0
2015-01-08,16:50:00,12.81,12.81,12.78,12.78,5000,0
2015-01-08,18:35:00,12.75,12.75,12.75,12.75,600,0
2015-01-08,20:55:00,12.74,12.74,12.74,12.74,300,0
2015-01-08,21:00:00,12.74,12.74,12.74,12.74,100,0
2015-01-08,21:30:00,12.7,12.7,12.7,12.7,100,0
2015-01-09,15:35:00,12.64,12.64,12.64,12.64,100,0
2015-01-09,15:40:00,12.66,12.66,12.66,12.66,200,0
2015-01-09,16:50:00,12.57,12.57,12.56,12.56,800,0
2015-01-09,16:55:00,12.57,12.58,12.57,12.58,300,0
2015-01-09,17:55:00,12.49,12.49,12.47,12.47,3360,0
2015-01-09,18:20:00,12.43,12.43,12.43,12.43,100,0
2015-01-09,18:25:00,12.45,12.45,12.45,12.45,200,0
2015-01-09,18:50:00,12.46,12.46,12.46,12.46,100,0
2015-01-09,19:15:00,12.48,12.48,12.45,12.45,2000,0
2015-01-09,20:40:00,12.53,12.53,12.53,12.53,200,0
2015-01-09,20:50:00,12.53,12.53,12.53,12.53,100,0
2015-01-09,20:55:00,12.54,12.54,12.52,12.52,924,0
2015-01-09,21:10:00,12.53,12.53,12.53,12.53,100,0
2015-01-09,22:00:00,12.51,12.51,12.51,12.51,200,0
2015-01-12,15:35:00,12.47,12.47,12.47,12.47,100,0
2015-01-12,15:50:00,12.44,12.44,12.35,12.35,200,0
2015-01-12,16:20:00,12.36,12.36,12.36,12.36,100,0
2015-01-12,21:00:00,12.37,12.37,12.37,12.37,100,0
2015-01-12,21:55:00,12.47,12.47,12.46,12.46,700,0
2015-01-13,15:35:00,12.21,12.21,12.21,12.21,100,0
2015-01-13,16:05:00,12.48,12.49,12.48,12.49,942,0
2015-01-13,17:25:00,12.5,12.5,12.5,12.5,500,0
2015-01-13,17:30:00,12.5,12.51,12.5,12.5,1200,0
2015-01-13,17:40:00,12.49,12.49,12.49,12.49,100,0
2015-01-13,18:20:00,12.49,12.49,12.49,12.49,103,0
2015-01-13,19:10:00,12.45,12.46,12.42,12.42,910,0
2015-01-13,19:30:00,12.4,12.4,12.4,12.4,100,0
2015-01-13,20:00:00,12.36,12.38,12.36,12.38,200,0
2015-01-14,15:35:00,12.39,12.39,12.39,12.39,100,0
2015-01-14,17:20:00,12.34,12.34,12.34,12.34,600,0
2015-01-15,21:45:00,12.37,12.37,12.37,12.37,810,0
2015-01-15,21:50:00,12.3,12.3,12.3,12.3,100,0
2015-01-16,16:55:00,12.57,12.57,12.57,12.57,2568,0
2015-01-16,17:10:00,12.55,12.55,12.55,12.55,1000,0
2015-01-16,17:15:00,12.55,12.55,12.54,12.54,300,0
2015-01-16,19:05:00,12.54,12.54,12.51,12.51,3500,0
2015-01-20,16:20:00,12.36,12.36,12.36,12.36,500,0
2015-01-20,20:25:00,12.27,12.27,12.23,12.23,950,0
2015-01-20,20:30:00,12.23,12.23,12.23,12.23,100,0
2015-01-20,20:40:00,12.26,12.26,12.26,12.26,100,0
2015-01-21,16:20:00,12.5,12.5,12.49,12.5,2300,0
2015-01-21,16:30:00,12.48,12.48,12.48,12.48,200,0
2015-01-21,18:45:00,12.64,12.64,12.64,12.64,100,0
2015-01-21,20:55:00,12.69,12.7,12.59,12.59,854,0
2015-01-21,21:15:00,12.58,12.58,12.58,12.58,100,0
2015-01-21,21:20:00,12.6,12.6,12.59,12.59,2400,0
2015-01-21,21:25:00,12.61,12.61,12.61,12.61,100,0
2015-01-21,21:50:00,12.67,12.67,12.66,12.67,3700,0
2015-01-21,21:55:00,12.67,12.67,12.66,12.66,400,0
2015-01-22,21:30:00,12.79,12.79,12.71,12.71,2669,0
2015-01-22,21:35:00,12.71,12.71,12.71,12.71,200,0
2015-01-22,21:50:00,12.71,12.71,12.71,12.71,100,0
2015-01-22,22:00:00,12.71,12.72,12.69,12.71,3500,0
2015-01-23,18:45:00,12.44,12.44,12.44,12.44,600,0
2015-01-23,19:45:00,12.37,12.37,12.37,12.37,600,0
2015-01-23,21:35:00,12.37,12.37,12.37,12.37,300,0
2015-01-27,15:55:00,12.2,12.2,12.2,12.2,1500,0
2015-01-27,16:00:00,12.2,12.21,12.07,12.07,3029,0
2015-01-27,17:20:00,12.17,12.18,12.17,12.18,400,0
2015-01-28,15:35:00,12.2,12.2,12.2,12.2,837,0
2015-01-28,18:05:00,12.23,12.23,12.23,12.23,100,0
2015-01-28,18:25:00,12.23,12.23,12.23,12.23,200,0
2015-01-28,18:30:00,12.24,12.25,12.24,12.25,600,0
2015-01-28,20:30:00,12.13,12.13,12.13,12.13,600,0
2015-01-29,20:35:00,12.15,12.15,12.15,12.15,200,0
2015-01-30,15:45:00,12.0,12.0,12.0,12.0,100,0
2015-01-30,17:30:00,12.03,12.03,12.03,12.03,100,0
2015-01-30,18:15:00,12.02,12.02,12.02,12.02,400,0
2015-01-30,20:35:00,12.09,12.1,12.09,12.09,2400,0
2015-01-30,21:00:00,12.07,12.07,12.07,12.07,1000,0
2015-02-03,16:10:00,12.45,12.45,12.45,12.45,1240,0
2015-02-03,16:40:00,12.38,12.38,12.36,12.36,24502,0
2015-02-03,16:45:00,12.37,12.38,12.37,12.38,600,0
2015-02-03,16:55:00,12.41,12.41,12.4,12.4,2600,0
2015-02-03,17:00:00,12.39,12.39,12.39,12.39,100,0
2015-02-03,18:15:00,12.4,12.41,12.4,12.4,500,0
2015-02-03,19:20:00,12.43,12.43,12.43,12.43,125,0
2015-02-03,20:15:00,12.45,12.45,12.44,12.44,500,0
2015-02-03,20:20:00,12.44,12.44,12.44,12.44,100,0
2015-02-03,20:55:00,12.46,12.46,12.46,12.46,500,0
2015-02-04,15:45:00,12.36,12.36,12.35,12.35,700,0
2015-02-04,18:55:00,12.65,12.65,12.65,12.65,150,0
2015-02-04,19:35:00,12.59,12.59,12.59,12.59,270,0
2015-02-04,19:45:00,12.55,12.55,12.52,12.52,367,0
2015-02-04,20:30:00,12.5,12.5,12.5,12.5,100,0
2015-02-04,20:35:00,12.51,12.51,12.5,12.5,1000,0
2015-02-04,20:40:00,12.51,12.51,12.51,12.51,200,0
2015-02-04,20:45:00,12.53,12.53,12.53,12.53,100,0
2015-02-04,21:15:00,12.58,12.58,12.56,12.56,4000,0
2015-02-04,21:20:00,12.58,12.58,12.58,12.58,100,0
2015-02-04,21:30:00,12.61,12.61,12.6,12.61,1100,0
2015-02-04,21:35:00,12.63,12.63,12.63,12.63,100,0
2015-02-04,21:40:00,12.64,12.64,12.64,12.64,100,0
2015-02-05,19:45:00,12.54,12.54,12.54,12.54,600,0
2015-02-05,21:20:00,12.61,12.61,12.61,12.61,400,0
2015-02-05,21:25:00,12.56,12.56,12.56,12.56,200,0
2015-02-05,21:45:00,12.64,12.64,12.64,12.64,200,0
2015-02-06,18:20:00,12.43,12.43,12.43,12.43,200,0
2015-02-09,18:30:00,12.5,12.5,12.5,12.5,200,0
2015-02-09,21:20:00,12.56,12.57,12.52,12.52,1500,0
2015-02-11,16:00:00,12.23,12.23,12.22,12.22,700,0
2015-02-11,18:20:00,12.3,12.3,12.3,12.3,100,0
2015-02-12,19:05:00,12.5,12.5,12.5,12.5,900,0
2015-02-12,21:05:00,12.51,12.51,12.51,12.51,200,0
2015-02-13,16:05:00,12.8,12.8,12.73,12.73,600,0
2015-02-13,16:15:00,12.75,12.75,12.75,12.75,600,0
2015-02-13,16:25:00,12.76,12.76,12.76,12.76,100,0
2015-02-13,17:20:00,12.82,12.82,12.75,12.75,900,0
2015-02-13,17:25:00,12.75,12.75,12.75,12.75,130,0
2015-02-13,17:35:00,12.76,12.76,12.76,12.76,100,0
2015-02-13,18:25:00,12.79,12.79,12.79,12.79,300,0
2015-02-13,19:00:00,12.78,12.78,12.76,12.76,3800,0
2015-02-13,19:05:00,12.76,12.76,12.76,12.76,200,0
2015-02-13,19:35:00,12.77,12.77,12.77,12.77,100,0
2015-02-18,17:40:00,13.05,13.05,13.03,13.03,560,0
2015-02-18,19:35:00,12.89,12.99,12.89,12.99,300,0
2015-02-19,17:30:00,12.94,13.02,12.94,13.02,600,0
2015-02-19,17:50:00,13.05,13.05,13.05,13.05,200,0
2015-02-19,17:55:00,13.04,13.04,13,13,1600,0
2015-02-19,18:00:00,13,13.05,13,13.05,290,0
2015-02-19,18:20:00,12.95,12.95,12.95,12.95,100,0
2015-02-20,16:20:00,12.83,12.83,12.83,12.83,800,0
2015-02-20,19:25:00,12.89,12.89,12.89,12.89,600,0
2015-02-20,19:40:00,12.9,12.9,12.9,12.9,105,0
2015-02-20,20:05:00,12.9,12.91,12.9,12.91,807,0
2015-02-20,20:20:00,12.97,12.97,12.97,12.97,200,0
2015-02-20,21:40:00,12.89,12.89,12.88,12.88,500,0
2015-02-20,22:00:00,12.86,12.86,12.86,12.86,100,0
