Date,Time,Open,High,Low,Close,Volume,OpenInt
2014-12-12,15:55:00,48.98,48.98,48.79,48.89,10142,0
2014-12-12,16:00:00,48.947,48.947,48.927,48.927,3113,0
2014-12-12,16:05:00,48.927,48.927,48.917,48.917,703,0
2014-12-12,16:10:00,48.917,48.966,48.867,48.947,2410,0
2014-12-12,16:45:00,48.937,49.066,48.897,49.066,3011,0
2014-12-12,16:50:00,49.016,49.016,48.976,48.976,1103,0
2014-12-12,16:55:00,49.006,49.006,49.006,49.006,1607,0
2014-12-12,17:00:00,49.026,49.026,49.026,49.026,1703,0
2014-12-12,17:05:00,49.046,49.096,49.046,49.096,1812,0
2014-12-12,17:10:00,49.126,49.126,49.096,49.116,702,0
2014-12-12,17:15:00,49.116,49.195,49.106,49.165,7183,0
2014-12-12,17:20:00,49.195,49.384,49.126,49.384,2913,0
2014-12-12,17:25:00,49.494,49.623,49.374,49.563,9046,0
2014-12-12,17:30:00,49.603,49.603,49.603,49.603,120,0
2014-12-12,17:35:00,49.544,49.553,49.544,49.553,200,0
2014-12-12,17:40:00,49.464,49.494,49.464,49.494,8354,0
2014-12-12,17:45:00,49.474,49.534,49.454,49.474,6130,0
2014-12-12,17:50:00,49.484,49.484,49.474,49.474,703,0
2014-12-12,17:55:00,49.454,49.464,49.454,49.454,2313,0
2014-12-12,18:05:00,49.464,49.464,49.464,49.464,1307,0
2014-12-12,18:10:00,49.444,49.464,49.444,49.464,3517,0
2014-12-12,18:20:00,49.464,49.464,49.464,49.464,2758,0
2014-12-12,18:25:00,49.464,49.484,49.374,49.374,7085,0
2014-12-12,18:30:00,49.434,49.434,49.434,49.434,202,0
2014-12-12,18:40:00,49.414,49.454,49.394,49.454,1106,0
2014-12-12,18:45:00,49.404,49.404,49.404,49.404,501,0
2014-12-12,18:50:00,49.404,49.404,49.404,49.404,200,0
2014-12-12,19:10:00,49.394,49.444,49.394,49.444,5467,0
2014-12-12,19:25:00,49.444,49.474,49.444,49.444,948,0
2014-12-12,19:35:00,49.444,49.444,49.444,49.444,601,0
2014-12-12,19:40:00,49.444,49.444,49.444,49.444,150,0
2014-12-12,19:45:00,49.504,49.563,49.504,49.563,200,0
2014-12-12,19:55:00,49.673,49.683,49.653,49.673,1002,0
2014-12-12,20:00:00,49.742,49.772,49.742,49.742,1204,0
2014-12-12,20:05:00,49.732,49.732,49.703,49.703,702,0
2014-12-12,20:15:00,49.643,49.643,49.643,49.643,100,0
2014-12-12,20:25:00,49.792,49.792,49.653,49.653,6933,0
2014-12-12,20:45:00,49.683,49.742,49.643,49.643,5130,0
2014-12-12,20:50:00,49.643,49.643,49.593,49.603,2112,0
2014-12-12,20:55:00,49.683,49.683,49.683,49.683,501,0
2014-12-12,21:05:00,49.683,49.683,49.643,49.643,636,0
2014-12-12,21:10:00,49.673,49.683,49.643,49.653,2005,0
2014-12-12,21:15:00,49.544,49.544,49.544,49.544,100,0
2014-12-12,21:30:00,49.643,49.663,49.643,49.663,704,0
2014-12-12,21:40:00,49.633,49.643,49.603,49.643,802,0
2014-12-12,21:50:00,49.613,49.613,49.603,49.603,1208,0
2014-12-12,22:00:00,49.295,49.444,49.295,49.444,501,0
2014-12-15,17:50:00,49.245,49.464,49.245,49.454,7145,0
2014-12-15,17:55:00,49.534,49.862,49.444,49.444,3923,0
2014-12-15,18:00:00,49.305,49.444,49.305,49.444,200,0
2014-12-15,19:00:00,49.046,49.046,49.046,49.046,100,0
2014-12-15,19:10:00,49.295,49.295,49.235,49.265,601,0
2014-12-15,20:10:00,49.006,49.006,49.006,49.006,100,0
2014-12-15,21:25:00,49.145,49.812,49.136,49.245,5123,0
2014-12-15,21:30:00,49.245,49.265,49.185,49.245,2209,0
2014-12-15,21:35:00,49.235,49.235,49.076,49.195,5231,0
2014-12-15,21:40:00,49.155,49.155,49.155,49.155,602,0
2014-12-15,21:45:00,49.205,49.215,49.195,49.205,3910,0
2014-12-16,15:35:00,49.046,49.225,49.046,49.175,7332,0
2014-12-16,15:45:00,49.215,49.215,49.215,49.215,4817,0
2014-12-16,15:50:00,49.215,49.215,49.215,49.215,502,0
2014-12-16,15:55:00,49.205,49.205,49.195,49.205,703,0
2014-12-16,16:00:00,49.116,49.195,49.116,49.126,5424,0
2014-12-16,16:10:00,49.195,49.335,49.195,49.335,11679,0
2014-12-16,16:15:00,49.195,49.215,49.195,49.205,4118,0
2014-12-16,16:25:00,49.165,49.165,49.155,49.165,3014,0
2014-12-16,16:30:00,49.235,49.245,49.235,49.245,4210,0
2014-12-16,16:35:00,49.225,49.295,49.195,49.295,7010,0
2014-12-16,16:40:00,49.325,49.325,49.325,49.325,3015,0
2014-12-16,16:45:00,49.364,49.434,49.364,49.434,903,0
2014-12-16,16:50:00,49.344,49.344,49.344,49.344,5529,0
2014-12-16,16:55:00,49.344,49.344,49.335,49.335,5727,0
2014-12-16,17:00:00,49.364,49.792,49.364,49.742,8946,0
2014-12-16,17:05:00,49.544,49.623,49.544,49.613,12474,0
2014-12-16,17:10:00,49.593,49.593,49.494,49.593,11345,0
2014-12-16,17:15:00,49.593,49.842,49.593,49.703,7493,0
2014-12-16,17:20:00,49.712,49.742,49.712,49.742,6089,0
2014-12-16,17:25:00,49.732,49.742,49.693,49.703,10310,0
2014-12-16,17:30:00,49.703,49.802,49.703,49.802,10564,0
2014-12-16,17:40:00,49.693,49.693,49.693,49.693,1403,0
2014-12-16,17:45:00,49.693,49.792,49.693,49.792,5125,0
2014-12-16,17:55:00,49.643,49.643,49.603,49.603,1604,0
2014-12-16,18:00:00,49.603,49.603,49.603,49.603,1509,0
2014-12-16,18:05:00,49.603,49.603,49.544,49.544,3014,0
2014-12-16,18:20:00,49.553,49.553,49.534,49.534,9037,0
2014-12-16,18:25:00,49.544,49.544,49.544,49.544,1403,0
2014-12-16,18:30:00,49.514,49.514,49.514,49.514,3014,0
2014-12-16,18:40:00,49.842,49.842,49.842,49.842,100,0
2014-12-16,19:25:00,49.643,49.653,49.544,49.544,2309,0
2014-12-16,19:30:00,49.444,49.444,49.344,49.344,1106,0
2014-12-16,19:35:00,49.394,49.494,49.325,49.494,6251,0
2014-12-16,19:55:00,49.434,49.454,49.434,49.454,5569,0
2014-12-17,15:45:00,49.106,49.106,49.106,49.106,753,0
2014-12-17,15:50:00,49.195,49.295,49.185,49.295,5761,0
2014-12-17,16:05:00,49.245,49.265,49.235,49.265,2310,0
2014-12-17,16:10:00,49.335,49.335,49.285,49.295,2611,0
2014-12-17,16:15:00,49.325,49.404,49.325,49.404,3565,0
2014-12-17,16:20:00,49.414,49.484,49.414,49.484,4622,0
2014-12-17,16:25:00,49.414,49.414,49.335,49.344,9943,0
2014-12-17,16:35:00,49.275,49.295,49.265,49.265,4218,0
2014-12-17,16:40:00,49.265,49.265,49.265,49.265,12070,0
2014-12-17,16:45:00,49.265,49.265,49.265,49.265,301,0
2014-12-17,18:00:00,49.245,49.245,49.245,49.245,100,0
2014-12-17,18:10:00,49.255,49.255,49.255,49.255,202,0
2014-12-17,20:05:00,48.996,49.066,48.907,48.947,902,0
2014-12-17,20:10:00,48.947,49.344,48.947,49.344,20838,0
2014-12-17,20:15:00,49.305,49.305,49.195,49.195,9444,0
2014-12-17,20:20:00,49.215,49.225,49.165,49.165,7309,0
2014-12-17,20:25:00,49.165,49.165,49.165,49.165,1508,0
2014-12-17,20:30:00,49.195,49.205,49.195,49.195,803,0
2014-12-17,20:35:00,49.175,49.225,49.175,49.225,3212,0
2014-12-17,20:40:00,49.225,49.245,49.225,49.245,1306,0
2014-12-17,20:50:00,49.245,49.245,49.215,49.215,6563,0
2014-12-17,20:55:00,49.245,49.245,49.245,49.245,3834,0
2014-12-17,21:00:00,49.245,49.245,49.205,49.205,2403,0
2014-12-17,21:10:00,49.215,49.215,49.205,49.205,9875,0
2014-12-17,21:15:00,49.205,49.205,49.205,49.205,7945,0
2014-12-18,15:40:00,48.867,48.947,48.747,48.807,4919,0
2014-12-18,16:00:00,48.867,48.867,48.509,48.509,803,0
2014-12-18,16:05:00,48.907,48.917,48.907,48.917,301,0
2014-12-18,16:15:00,48.757,48.917,48.757,48.917,602,0
2014-12-18,16:20:00,48.847,48.847,48.847,48.847,200,0
2014-12-18,16:25:00,48.738,48.897,48.738,48.897,302,0
2014-12-18,16:35:00,48.738,48.738,48.738,48.738,200,0
2014-12-18,16:40:00,48.738,48.827,48.738,48.807,301,0
2014-12-18,17:20:00,48.728,48.728,48.728,48.728,100,0
2014-12-18,17:40:00,48.747,48.747,48.747,48.747,100,0
2014-12-18,18:10:00,48.767,48.767,48.767,48.767,100,0
2014-12-18,18:15:00,48.757,48.777,48.738,48.747,1203,0
2014-12-18,18:20:00,48.708,48.708,48.708,48.708,100,0
2014-12-18,18:25:00,48.638,48.648,48.638,48.648,200,0
2014-12-18,18:30:00,48.589,48.648,48.589,48.648,10859,0
2014-12-18,18:35:00,48.668,48.668,48.668,48.668,896,0
2014-12-18,18:45:00,48.747,48.747,48.747,48.747,11420,0
2014-12-18,18:55:00,48.668,48.668,48.648,48.648,200,0
2014-12-18,19:00:00,48.757,48.757,48.728,48.728,803,0
2014-12-18,19:05:00,48.857,49.116,48.797,48.817,7189,0
2014-12-18,19:10:00,48.698,48.837,48.698,48.817,4384,0
2014-12-18,19:15:00,48.817,48.817,48.777,48.777,4155,0
2014-12-18,19:20:00,48.817,48.817,48.797,48.797,501,0
2014-12-18,19:25:00,48.708,48.718,48.668,48.668,2846,0
2014-12-18,19:35:00,48.708,48.708,48.549,48.549,10034,0
2014-12-18,19:55:00,48.708,48.807,48.549,48.728,18665,0
2014-12-18,20:00:00,48.747,48.787,48.747,48.787,3695,0
2014-12-18,21:50:00,48.827,48.827,48.648,48.648,200,0
2014-12-19,18:20:00,48.718,48.767,48.608,48.767,4092,0
2014-12-19,18:25:00,48.728,48.767,48.708,48.708,2915,0
2014-12-19,18:30:00,48.718,48.787,48.469,48.638,7946,0
2014-12-19,18:35:00,48.747,48.747,48.747,48.747,2714,0
2014-12-19,19:20:00,48.658,48.688,48.589,48.688,1704,0
2014-12-19,20:10:00,48.698,48.698,48.698,48.698,200,0
2014-12-19,20:25:00,48.678,48.678,48.668,48.668,200,0
2014-12-19,20:55:00,48.688,48.688,48.678,48.678,200,0
2014-12-19,21:10:00,48.638,48.728,48.638,48.728,6333,0
2014-12-19,21:15:00,48.937,48.937,48.787,48.787,10150,0
2014-12-19,21:20:00,48.797,48.797,48.797,48.797,4023,0
2014-12-19,21:25:00,48.797,48.797,48.718,48.718,4722,0
2014-12-19,21:30:00,48.718,48.718,48.718,48.718,2531,0
2014-12-19,21:40:00,48.718,48.718,48.718,48.718,3020,0
2014-12-19,22:00:00,48.708,48.728,48.618,48.728,3214,0
2014-12-22,16:40:00,48.738,48.757,48.738,48.757,3115,0
2014-12-22,16:50:00,48.777,48.777,48.767,48.777,2511,0
2014-12-22,17:00:00,48.807,48.847,48.807,48.847,2713,0
2014-12-22,17:05:00,48.867,48.917,48.867,48.917,4322,0
2014-12-22,17:10:00,48.917,49.066,48.797,49.066,19955,0
2014-12-22,17:15:00,48.996,49.165,48.549,49.165,24856,0
2014-12-22,17:20:00,49.344,49.394,49.344,49.394,12003,0
2014-12-22,17:25:00,49.414,49.464,49.414,49.444,35475,0
2014-12-22,17:30:00,49.494,49.544,49.494,49.544,9054,0
2014-12-22,17:35:00,49.643,49.742,49.643,49.742,6939,0
2014-12-22,17:40:00,49.782,49.792,49.762,49.772,7936,0
2014-12-22,17:45:00,49.772,49.792,49.623,49.623,23530,0
2014-12-22,17:50:00,49.683,49.683,49.623,49.623,18388,0
2014-12-22,17:55:00,49.623,49.633,49.623,49.633,5532,0
2014-12-22,18:00:00,49.623,49.643,49.623,49.643,6528,0
2014-12-22,18:05:00,49.613,49.663,49.613,49.663,4515,0
2014-12-22,18:10:00,49.633,49.633,49.633,49.633,3908,0
2014-12-22,18:15:00,49.623,49.623,49.623,49.623,5628,0
2014-12-22,18:20:00,49.603,49.613,49.603,49.613,8139,0
2014-12-22,18:35:00,49.613,49.613,49.613,49.613,9480,0
2014-12-22,18:45:00,49.593,49.593,49.593,49.593,4848,0
2014-12-22,18:50:00,49.573,49.573,49.573,49.573,3018,0
2014-12-22,18:55:00,49.573,49.573,49.573,49.573,1866,0
2014-12-22,19:05:00,49.573,49.573,49.573,49.573,2903,0
2014-12-22,19:10:00,49.573,49.573,49.573,49.573,1475,0
2014-12-22,19:20:00,49.573,49.573,49.573,49.573,4375,0
2014-12-22,19:30:00,49.563,49.563,49.553,49.553,8038,0
2014-12-22,19:35:00,49.524,49.524,49.524,49.524,100,0
2014-12-22,19:40:00,49.444,49.444,49.335,49.344,3556,0
2014-12-22,19:45:00,49.494,49.504,49.464,49.504,5729,0
2014-12-23,15:40:00,49.245,49.315,49.245,49.305,2309,0
2014-12-23,15:45:00,49.235,49.285,49.235,49.285,3312,0
2014-12-23,15:50:00,49.344,49.424,49.344,49.424,2542,0
2014-12-23,16:05:00,49.255,49.255,49.145,49.195,3413,0
2014-12-23,16:20:00,49.145,49.145,49.145,49.145,601,0
2014-12-23,16:30:00,49.126,49.145,49.056,49.145,601,0
2014-12-23,17:50:00,49.185,49.185,48.966,48.966,1709,0
2014-12-23,18:00:00,48.747,48.887,48.738,48.887,8671,0
2014-12-23,18:05:00,48.847,49.922,48.847,49.922,3315,0
2014-12-23,18:10:00,49.056,49.116,48.957,49.116,3416,0
2014-12-23,18:15:00,49.155,49.265,49.155,49.265,18690,0
2014-12-23,18:20:00,49.275,49.285,49.255,49.255,10247,0
2014-12-23,18:25:00,49.305,49.444,49.245,49.444,5421,0
2014-12-23,18:30:00,49.325,49.454,49.325,49.454,4526,0
2014-12-23,18:35:00,49.424,49.454,49.424,49.424,6532,0
2014-12-23,18:40:00,49.504,49.872,49.504,49.544,10092,0
2014-12-23,18:45:00,49.583,49.583,49.514,49.514,8297,0
2014-12-23,18:50:00,49.514,49.623,49.474,49.524,8109,0
2014-12-23,18:55:00,49.245,49.245,49.245,49.245,200,0
2014-12-23,19:00:00,49.295,49.305,49.295,49.305,1206,0
2014-12-23,19:05:00,49.315,49.593,49.315,49.344,4623,0
2014-12-23,19:10:00,49.245,49.344,49.235,49.344,1403,0
2014-12-23,19:15:00,49.305,49.424,49.215,49.215,7750,0
2014-12-23,19:20:00,49.344,49.394,49.344,49.394,803,0
2014-12-23,19:25:00,49.444,49.444,49.384,49.394,8050,0
2014-12-23,19:30:00,49.394,49.394,49.155,49.175,4623,0
2014-12-23,19:35:00,49.175,49.245,49.175,49.245,804,0
2014-12-23,19:40:00,49.116,49.116,48.867,48.996,6183,0
2014-12-23,19:50:00,48.996,48.996,48.986,48.986,501,0
2014-12-23,20:05:00,48.638,48.638,48.638,48.638,100,0
2014-12-23,21:45:00,48.847,49.046,48.847,49.046,200,0
2014-12-23,21:50:00,48.937,48.966,48.847,48.847,5726,0
2014-12-24,15:35:00,49.078,49.088,49.078,49.078,3509,0
2014-12-24,17:25:00,49.028,49.028,49.028,49.028,100,0
2014-12-24,18:15:00,48.878,48.878,48.848,48.848,702,0
2014-12-24,18:20:00,48.858,48.868,48.848,48.868,1604,0
2014-12-24,18:45:00,48.539,48.539,48.529,48.529,200,0
2014-12-24,18:50:00,48.539,48.778,48.539,48.559,1793,0
2014-12-24,18:55:00,48.609,48.609,48.609,48.609,100,0
2014-12-26,15:55:00,48.629,48.629,48.629,48.629,200,0
2014-12-26,16:00:00,48.778,48.928,48.778,48.928,2907,0
2014-12-26,17:00:00,48.878,48.878,48.828,48.828,2406,0
2014-12-26,17:05:00,48.808,48.928,48.808,48.928,1303,0
2014-12-26,17:10:00,48.798,48.798,48.768,48.768,1203,0
2014-12-26,17:15:00,48.748,48.748,48.748,48.748,1604,0
2014-12-26,17:20:00,48.729,48.739,48.729,48.739,1303,0
2014-12-26,17:25:00,48.729,48.729,48.729,48.729,1203,0
2014-12-26,17:30:00,48.758,48.928,48.748,48.928,8020,0
2014-12-26,17:35:00,48.878,49.068,48.868,49.068,7719,0
2014-12-26,17:40:00,48.978,48.978,48.978,48.978,702,0
2014-12-26,18:00:00,48.858,48.858,48.858,48.858,802,0
2014-12-26,18:05:00,48.878,48.878,48.848,48.848,4311,0
2014-12-26,18:20:00,49.018,49.018,48.978,48.998,4511,0
2014-12-26,18:25:00,48.878,48.898,48.878,48.878,1103,0
2014-12-26,18:30:00,48.878,49.068,48.878,49.068,7819,0
2014-12-26,18:35:00,48.908,48.908,48.878,48.878,1303,0
2014-12-26,18:40:00,48.878,48.918,48.878,48.918,3408,0
2014-12-26,18:45:00,49.048,49.048,49.018,49.018,4441,0
2014-12-26,18:50:00,49.098,49.098,49.068,49.068,1704,0
2014-12-26,18:55:00,49.068,49.088,49.048,49.078,6616,0
2014-12-26,19:00:00,49.078,49.078,49.048,49.078,601,0
2014-12-26,19:05:00,48.928,48.958,48.928,48.958,6115,0
2014-12-26,19:10:00,49.227,49.227,49.227,49.227,301,0
2014-12-26,19:15:00,49.098,49.108,49.078,49.108,7017,0
2014-12-26,19:20:00,48.958,48.958,48.958,48.958,301,0
2014-12-26,19:25:00,48.928,49.018,48.928,48.998,3007,0
2014-12-26,19:35:00,48.988,49.008,48.978,48.978,3509,0
2014-12-26,19:40:00,48.978,49.028,48.978,49.028,3208,0
2014-12-26,19:45:00,49.028,49.028,48.958,48.978,2005,0
2014-12-26,19:50:00,49.048,49.048,49.008,49.008,2406,0
2014-12-26,20:05:00,48.878,48.968,48.878,48.968,3308,0
2014-12-26,20:20:00,48.928,48.928,48.928,48.928,301,0
2014-12-26,20:35:00,49.008,49.008,49.008,49.008,301,0
2014-12-26,21:55:00,48.838,48.838,48.838,48.838,301,0
2014-12-26,22:00:00,48.898,48.898,48.778,48.838,2005,0
2014-12-29,15:45:00,48.868,48.978,48.868,48.978,702,0
2014-12-29,15:50:00,48.888,48.888,48.888,48.888,100,0
2014-12-29,15:55:00,48.958,48.958,48.958,48.958,100,0
2014-12-29,16:00:00,49.128,49.128,49.088,49.088,702,0
2014-12-29,16:10:00,48.968,48.968,48.938,48.938,301,0
2014-12-29,16:15:00,48.968,49.018,48.968,49.018,1403,0
2014-12-29,16:20:00,49.018,49.028,49.018,49.028,401,0
2014-12-29,16:25:00,48.998,48.998,48.988,48.998,2606,0
2014-12-29,16:30:00,49.048,49.138,49.048,49.138,3108,0
2014-12-29,16:35:00,49.187,49.187,49.028,49.028,5754,0
2014-12-29,16:45:00,49.058,49.058,49.058,49.058,200,0
2014-12-29,17:00:00,48.978,48.978,48.978,48.978,1504,0
2014-12-29,17:25:00,49.028,49.078,49.028,49.078,2606,0
2014-12-29,17:35:00,49.078,49.078,49.028,49.028,7920,0
2014-12-29,17:40:00,49.098,49.098,49.068,49.068,2907,0
2014-12-29,17:50:00,49.078,49.078,49.078,49.078,100,0
2014-12-29,18:05:00,49.038,49.038,49.038,49.038,601,0
2014-12-29,18:10:00,49.038,49.038,49.038,49.038,200,0
2014-12-29,18:15:00,49.038,49.078,48.968,49.078,6316,0
2014-12-29,18:20:00,49.058,49.237,49.058,49.207,17243,0
2014-12-29,18:25:00,49.128,49.128,49.128,49.128,401,0
2014-12-29,18:30:00,49.088,49.088,49.078,49.078,1604,0
2014-12-29,18:40:00,48.978,48.978,48.958,48.958,902,0
2014-12-29,18:45:00,48.908,48.908,48.908,48.908,501,0
2014-12-29,18:55:00,48.908,48.918,48.908,48.908,702,0
2014-12-29,19:05:00,48.908,48.908,48.888,48.888,601,0
2014-12-29,19:10:00,49.108,49.108,48.898,48.898,1995,0
2014-12-29,19:15:00,48.918,48.918,48.918,48.918,200,0
2014-12-29,19:20:00,48.918,48.918,48.908,48.908,501,0
2014-12-29,19:40:00,48.908,48.908,48.908,48.908,401,0
2014-12-29,20:00:00,48.898,48.928,48.878,48.908,902,0
2014-12-29,20:40:00,48.898,49.108,48.878,48.908,1103,0
2014-12-29,21:10:00,48.858,48.858,48.858,48.858,3509,0
2014-12-29,21:20:00,49.078,49.078,49.078,49.078,200,0
2014-12-29,21:25:00,48.978,49.068,48.978,49.008,1704,0
2014-12-29,21:30:00,49.177,49.586,49.118,49.177,14346,0
2014-12-29,21:35:00,49.177,49.177,49.078,49.078,601,0
2014-12-29,21:45:00,48.978,49.078,48.978,49.078,7418,0
2014-12-29,21:55:00,49.068,49.128,48.978,49.128,10025,0
2014-12-29,22:00:00,49.018,49.068,48.988,49.068,6504,0
2014-12-30,15:35:00,49.058,49.177,48.778,49.177,10225,0
2014-12-30,15:40:00,49.177,49.277,49.177,49.277,12030,0
2014-12-30,15:45:00,49.327,49.537,49.327,49.537,13935,0
2014-12-30,15:50:00,49.437,49.776,49.437,49.736,18346,0
2014-12-30,15:55:00,49.776,49.776,49.596,49.676,24962,0
2014-12-30,16:00:00,49.596,49.606,49.556,49.596,11027,0
2014-12-30,16:05:00,49.596,49.606,49.547,49.556,11428,0
2014-12-30,16:10:00,49.586,49.676,49.576,49.676,5814,0
2014-12-30,16:15:00,49.726,49.806,49.676,49.756,7920,0
2014-12-30,16:20:00,49.746,49.756,49.726,49.756,16842,0
2014-12-30,16:25:00,48.739,49.187,48.739,49.187,2606,0
2014-12-30,16:30:00,49.397,49.616,49.397,49.566,3609,0
2014-12-30,16:35:00,49.566,49.606,49.367,49.387,7218,0
2014-12-30,16:45:00,49.367,49.427,49.367,49.397,1905,0
2014-12-30,16:55:00,49.437,49.666,49.407,49.646,9624,0
2014-12-30,17:00:00,49.636,49.636,49.397,49.407,3910,0
2014-12-30,17:05:00,49.417,49.417,49.367,49.377,2306,0
2014-12-30,17:10:00,49.377,49.377,49.377,49.377,100,0
2014-12-30,17:25:00,49.357,49.357,49.327,49.327,4511,0
2014-12-30,17:30:00,49.347,49.527,49.347,49.527,5614,0
2014-12-30,17:35:00,49.556,49.556,49.527,49.537,10526,0
2014-12-30,17:45:00,49.397,49.407,48.14,48.679,1704,0
2014-12-30,17:50:00,49.337,49.357,49.307,49.317,1203,0
2014-12-30,17:55:00,49.307,49.307,49.307,49.307,1103,0
2014-12-30,18:05:00,49.327,49.357,49.327,49.327,3910,0
2014-12-30,18:10:00,49.357,49.507,49.357,49.457,2807,0
2014-12-30,18:15:00,49.527,49.586,49.477,49.477,7519,0
2014-12-30,18:45:00,48.828,48.868,48.828,48.868,601,0
2014-12-30,18:50:00,49.277,49.277,49.277,49.277,200,0
2014-12-30,19:05:00,48.828,48.828,48.828,48.828,401,0
2014-12-30,19:15:00,48.828,48.828,48.828,48.828,501,0
2014-12-30,19:25:00,48.828,48.828,48.828,48.828,301,0
2014-12-30,19:40:00,48.828,49.676,48.828,49.596,8421,0
2014-12-30,20:00:00,49.417,49.576,49.417,49.576,2707,0
2014-12-30,21:25:00,49.676,49.676,49.676,49.676,501,0
2014-12-30,21:55:00,49.776,49.776,49.776,49.776,301,0
2014-12-30,22:00:00,49.078,49.277,49.078,49.177,2105,0
2014-12-31,15:40:00,48.928,48.928,48.928,48.928,401,0
2014-12-31,15:45:00,48.958,48.958,48.958,48.958,200,0
2014-12-31,15:50:00,49.028,49.028,48.978,48.978,401,0
2014-12-31,15:55:00,49.028,49.078,49.028,49.078,2005,0
2014-12-31,16:15:00,49.227,49.227,49.157,49.227,9222,0
2014-12-31,16:20:00,49.277,49.277,49.277,49.277,4210,0
2014-12-31,16:25:00,49.327,49.327,49.317,49.327,14525,0
2014-12-31,16:30:00,49.477,49.477,49.447,49.447,3609,0
2014-12-31,16:40:00,49.547,49.576,49.547,49.576,11027,0
2014-12-31,16:45:00,49.666,49.676,49.566,49.566,8822,0
2014-12-31,16:50:00,49.656,49.826,49.656,49.826,3408,0
2014-12-31,16:55:00,49.816,49.836,49.726,49.836,21854,0
2014-12-31,17:00:00,49.806,49.816,49.746,49.776,13233,0
2014-12-31,17:05:00,49.816,49.876,49.816,49.876,1905,0
2014-12-31,17:15:00,49.846,49.965,49.816,49.876,2406,0
2014-12-31,17:20:00,49.846,49.975,49.846,49.866,4912,0
2014-12-31,17:25:00,49.826,49.826,49.826,49.826,5313,0
2014-12-31,17:30:00,49.806,49.826,49.806,49.826,1504,0
2014-12-31,17:35:00,49.896,49.926,49.846,49.926,1905,0
2014-12-31,17:45:00,49.856,49.876,49.856,49.876,200,0
2014-12-31,17:50:00,49.896,49.926,49.896,49.926,401,0
2014-12-31,17:55:00,49.896,49.946,49.826,49.826,7819,0
2014-12-31,18:00:00,49.816,49.926,49.816,49.926,6015,0
2014-12-31,18:05:00,49.856,49.856,49.826,49.826,9824,0
2014-12-31,18:10:00,49.826,49.826,49.826,49.826,15338,0
2014-12-31,18:15:00,49.826,49.836,49.826,49.826,15739,0
2014-12-31,18:20:00,49.826,49.826,49.826,49.826,5313,0
2014-12-31,18:35:00,49.826,49.876,49.826,49.876,12230,0
2014-12-31,18:40:00,49.876,49.876,49.856,49.856,4874,0
2014-12-31,18:45:00,49.576,49.576,49.576,49.576,1002,0
2014-12-31,19:00:00,49.566,49.626,49.566,49.626,1403,0
2014-12-31,19:05:00,49.626,49.626,49.547,49.566,2907,0
2014-12-31,19:10:00,49.566,49.576,49.566,49.566,1303,0
2014-12-31,19:15:00,49.566,49.566,49.556,49.566,5514,0
2014-12-31,19:20:00,49.776,49.856,49.776,49.806,2707,0
2014-12-31,19:25:00,49.826,49.836,49.776,49.776,2306,0
2014-12-31,19:30:00,49.816,49.826,49.816,49.826,1293,0
2014-12-31,19:45:00,49.566,49.576,49.527,49.556,1704,0
2014-12-31,19:50:00,49.527,49.726,49.527,49.706,4912,0
2014-12-31,19:55:00,49.726,49.756,49.706,49.736,4511,0
2014-12-31,20:00:00,49.786,49.826,49.596,49.596,6115,0
2014-12-31,20:25:00,49.616,49.626,49.616,49.616,802,0
2014-12-31,20:30:00,49.616,49.806,49.317,49.646,10457,0
2014-12-31,20:35:00,49.726,49.786,49.706,49.786,8421,0
2014-12-31,20:40:00,49.816,49.826,49.796,49.826,11128,0
2014-12-31,20:45:00,49.706,49.826,49.656,49.676,3671,0
2014-12-31,21:25:00,49.666,49.676,49.666,49.676,301,0
2014-12-31,21:30:00,49.666,49.666,49.666,49.666,401,0
2014-12-31,21:50:00,49.576,49.576,49.576,49.576,1403,0
2014-12-31,22:00:00,49.307,49.676,49.297,49.676,7017,0
2015-01-02,15:35:00,49.427,49.427,49.427,49.427,100,0
2015-01-02,15:40:00,49.467,49.467,49.427,49.427,2606,0
2015-01-02,15:45:00,49.227,49.227,49.217,49.227,6817,0
2015-01-02,15:50:00,49.277,49.477,49.277,49.477,15238,0
2015-01-02,15:55:00,49.517,49.586,49.517,49.576,1103,0
2015-01-02,16:00:00,49.576,49.576,49.487,49.527,12056,0
2015-01-02,16:05:00,49.517,49.527,49.517,49.527,601,0
2015-01-02,16:10:00,49.397,49.537,49.397,49.527,12431,0
2015-01-02,16:15:00,49.487,49.487,49.467,49.467,10527,0
2015-01-02,16:25:00,49.507,49.576,49.507,49.576,8922,0
2015-01-02,16:30:00,49.626,49.886,49.616,49.666,12733,0
2015-01-02,16:35:00,49.666,50.075,49.187,49.676,5815,0
2015-01-02,16:40:00,49.676,50.075,49.676,49.746,2907,0
2015-01-02,16:45:00,49.726,49.896,49.676,49.896,5614,0
2015-01-02,16:50:00,49.896,49.896,49.796,49.796,8621,0
2015-01-02,16:55:00,49.566,49.566,49.437,49.527,8822,0
2015-01-02,17:00:00,49.626,49.955,49.626,49.676,3408,0
2015-01-02,17:05:00,49.746,49.786,49.746,49.786,6215,0
2015-01-02,17:10:00,49.836,49.836,49.656,49.656,4611,0
2015-01-02,17:15:00,49.666,49.786,49.656,49.776,12928,0
2015-01-02,17:20:00,49.626,49.826,49.626,49.826,8822,0
2015-01-02,17:25:00,49.826,49.876,49.826,49.876,2707,0
2015-01-02,17:30:00,49.876,49.926,49.876,49.926,802,0
2015-01-02,17:35:00,49.876,49.926,49.876,49.926,301,0
2015-01-02,17:40:00,49.926,49.926,49.916,49.916,301,0
2015-01-02,17:45:00,49.916,49.926,49.916,49.926,1642,0
2015-01-02,17:50:00,49.886,49.975,49.886,49.975,1604,0
2015-01-02,17:55:00,49.975,50.085,49.975,50.085,1302,0
2015-01-02,18:00:00,50.085,50.085,50.085,50.085,100,0
2015-01-02,18:05:00,50.085,50.085,50.035,50.075,4912,0
2015-01-02,18:10:00,50.035,50.075,50.035,50.075,802,0
2015-01-02,18:15:00,50.075,50.085,50.075,50.075,501,0
2015-01-02,18:20:00,50.075,50.075,50.075,50.075,301,0
2015-01-02,18:25:00,50.035,50.095,50.035,50.085,3975,0
2015-01-02,18:30:00,50.095,50.125,50.095,50.125,902,0
2015-01-02,18:35:00,50.125,50.125,50.125,50.125,301,0
2015-01-02,18:40:00,50.115,50.125,50.115,50.125,301,0
2015-01-02,18:45:00,50.085,50.105,50.085,50.105,301,0
2015-01-02,18:50:00,50.105,50.115,50.095,50.115,1002,0
2015-01-02,18:55:00,50.085,50.125,49.975,50.025,4311,0
2015-01-02,19:00:00,49.876,49.906,49.766,49.836,11529,0
2015-01-02,19:05:00,49.876,49.926,49.876,49.926,401,0
2015-01-02,19:10:00,49.926,49.975,49.876,49.876,2807,0
2015-01-02,19:15:00,49.975,50.025,49.975,49.975,802,0
2015-01-02,19:20:00,49.955,49.955,49.726,49.816,9323,0
2015-01-02,19:25:00,49.726,49.796,49.726,49.796,3108,0
2015-01-02,19:30:00,49.606,49.796,49.586,49.766,5313,0
2015-01-02,19:35:00,49.786,49.786,49.766,49.766,401,0
2015-01-02,19:45:00,49.776,49.776,49.756,49.756,1704,0
2015-01-02,19:50:00,49.726,49.726,49.576,49.576,2205,0
2015-01-02,19:55:00,49.706,49.726,49.467,49.626,8421,0
2015-01-02,20:00:00,49.527,49.576,49.527,49.576,2406,0
2015-01-02,20:05:00,49.566,49.566,49.566,49.566,301,0
2015-01-02,20:10:00,49.626,49.676,49.626,49.676,1654,0
2015-01-02,20:20:00,49.576,49.686,49.576,49.636,401,0
2015-01-02,20:25:00,49.636,49.636,49.626,49.626,5113,0
2015-01-02,20:30:00,49.626,49.626,49.626,49.626,501,0
2015-01-02,21:05:00,49.527,49.537,49.327,49.327,9423,0
2015-01-02,21:10:00,49.367,49.447,49.367,49.427,8120,0
2015-01-02,21:15:00,49.477,49.477,49.477,49.477,100,0
2015-01-02,21:30:00,49.377,49.377,49.367,49.367,200,0
2015-01-02,21:40:00,49.297,49.347,49.297,49.307,3408,0
2015-01-02,21:45:00,49.277,49.277,49.277,49.277,501,0
2015-01-02,21:50:00,49.277,49.277,49.118,49.177,702,0
2015-01-02,21:55:00,49.297,49.297,48.948,48.948,599,0
2015-01-02,22:00:00,49.287,49.297,49.227,49.227,2306,0
2015-01-05,15:45:00,49.636,49.636,49.626,49.636,802,0
2015-01-05,16:00:00,49.477,49.477,49.477,49.477,200,0
2015-01-05,16:05:00,49.497,49.497,49.427,49.427,4567,0
2015-01-05,16:40:00,49.417,49.477,49.417,49.477,8433,0
2015-01-05,16:45:00,49.606,49.606,49.527,49.606,702,0
2015-01-05,16:55:00,49.616,49.616,49.616,49.616,1704,0
2015-01-05,17:20:00,49.776,49.776,49.776,49.776,1504,0
2015-01-05,17:30:00,49.676,49.676,49.666,49.676,5113,0
2015-01-05,17:35:00,49.786,49.786,49.786,49.786,301,0
2015-01-05,17:45:00,49.836,49.836,49.836,49.836,301,0
2015-01-05,17:50:00,49.836,49.836,49.796,49.796,6616,0
2015-01-05,17:55:00,49.796,49.876,49.766,49.776,2907,0
2015-01-05,18:05:00,49.776,49.926,49.776,49.926,18245,0
2015-01-05,18:10:00,49.926,49.926,49.916,49.926,5113,0
2015-01-05,18:15:00,49.916,49.926,49.906,49.906,9411,0
2015-01-05,18:20:00,49.906,49.916,49.906,49.916,6516,0
2015-01-05,18:25:00,49.916,49.955,49.916,49.916,8509,0
2015-01-05,18:30:00,49.926,49.936,49.926,49.936,6316,0
2015-01-05,18:35:00,49.995,50.255,49.995,50.225,25792,0
2015-01-05,18:40:00,50.245,50.255,50.215,50.215,4411,0
2015-01-05,18:45:00,49.866,49.866,49.866,49.866,2606,0
2015-01-05,19:05:00,49.806,49.816,49.786,49.816,12932,0
2015-01-05,19:10:00,49.876,49.995,49.876,49.975,5514,0
2015-01-05,19:15:00,50.035,50.235,50.025,50.185,19488,0
2015-01-05,19:20:00,50.175,50.175,50.065,50.095,12551,0
2015-01-05,20:30:00,49.965,49.965,49.965,49.965,802,0
2015-01-05,20:35:00,49.975,49.975,49.916,49.916,1504,0
2015-01-05,21:10:00,49.866,49.936,49.846,49.906,401,0
2015-01-05,21:15:00,49.906,49.936,49.906,49.936,2506,0
2015-01-05,21:20:00,49.955,49.955,49.955,49.955,991,0
2015-01-05,21:30:00,49.576,49.576,49.576,49.576,1002,0
2015-01-05,21:55:00,49.517,49.527,49.517,49.527,4160,0
2015-01-05,22:00:00,49.626,49.876,49.626,49.876,18847,0
2015-01-06,15:45:00,49.726,49.726,49.726,49.726,9524,0
2015-01-06,15:50:00,49.866,50.075,49.866,49.876,15338,0
2015-01-06,15:55:00,50.025,50.175,50.025,50.175,6115,0
2015-01-06,16:00:00,50.075,50.135,50.075,50.125,11027,0
2015-01-06,16:05:00,50.125,50.125,50.045,50.105,25257,0
2015-01-06,16:10:00,50.105,50.105,50.015,50.105,4311,0
2015-01-06,16:15:00,50.085,50.085,50.085,50.085,301,0
2015-01-06,16:20:00,50.105,50.175,50.105,50.175,5103,0
2015-01-06,16:25:00,50.215,50.524,50.215,50.524,10023,0
2015-01-06,16:30:00,50.474,50.524,50.474,50.494,46215,0
2015-01-06,16:35:00,50.474,50.484,50.454,50.474,19216,0
2015-01-06,16:40:00,50.474,50.564,50.474,50.544,7218,0
2015-01-06,16:45:00,50.315,50.474,50.315,50.434,9588,0
2015-01-06,16:50:00,50.464,50.484,50.434,50.434,14193,0
2015-01-06,16:55:00,50.604,50.604,50.275,50.275,3108,0
2015-01-06,17:05:00,50.364,50.364,50.364,50.364,802,0
2015-01-06,17:10:00,50.275,50.275,50.275,50.275,1303,0
2015-01-06,17:15:00,50.354,50.354,50.354,50.354,1604,0
2015-01-06,17:20:00,50.354,50.354,50.354,50.354,100,0
2015-01-06,17:30:00,50.265,50.265,50.265,50.265,1203,0
2015-01-06,17:40:00,50.305,50.305,50.185,50.185,1402,0
2015-01-06,17:45:00,50.185,50.574,50.165,50.275,9122,0
2015-01-06,18:05:00,50.424,50.424,50.424,50.424,3308,0
2015-01-06,18:10:00,50.265,50.325,50.265,50.315,1704,0
2015-01-06,18:15:00,50.315,50.315,50.315,50.315,100,0
2015-01-06,18:20:00,50.644,50.644,50.155,50.195,8721,0
2015-01-06,18:25:00,50.325,50.325,50.295,50.325,10123,0
2015-01-06,18:30:00,50.374,50.773,50.374,50.773,14135,0
2015-01-06,18:35:00,50.674,50.694,50.644,50.644,23161,0
2015-01-06,18:40:00,50.474,50.474,50.464,50.464,301,0
2015-01-06,18:50:00,50.295,50.534,50.295,50.534,4612,0
2015-01-06,20:15:00,50.624,50.624,50.624,50.624,4210,0
2015-01-06,21:00:00,50.364,50.364,50.364,50.364,301,0
2015-01-06,21:10:00,50.315,50.315,50.315,50.315,100,0
2015-01-06,21:15:00,50.155,50.155,50.155,50.155,4210,0
2015-01-06,21:50:00,49.926,49.926,49.926,49.926,5814,0
2015-01-06,22:00:00,50.195,50.325,50.195,50.325,702,0
2015-01-07,15:40:00,49.776,49.995,49.776,49.995,501,0
2015-01-07,15:45:00,49.995,50.165,49.995,50.165,20433,0
2015-01-07,15:50:00,50.275,50.354,50.255,50.285,26767,0
2015-01-07,15:55:00,50.285,50.285,49.995,50.005,14536,0
2015-01-07,16:00:00,50.145,50.155,50.145,50.155,1604,0
2015-01-07,16:05:00,50.165,50.165,50.165,50.165,902,0
2015-01-07,16:10:00,50.155,50.155,50.155,50.155,100,0
2015-01-07,16:15:00,50.155,50.165,50.155,50.165,6817,0
2015-01-07,16:20:00,50.235,50.424,50.225,50.414,16240,0
2015-01-07,16:25:00,50.404,50.454,50.404,50.434,7821,0
2015-01-07,16:35:00,50.225,50.225,50.225,50.225,601,0
2015-01-07,16:45:00,50.275,50.275,50.275,50.275,100,0
2015-01-07,16:50:00,50.245,50.275,50.245,50.275,9223,0
2015-01-07,16:55:00,50.345,50.584,50.345,50.484,13834,0
2015-01-07,17:05:00,50.335,50.345,50.335,50.335,10125,0
2015-01-07,17:10:00,50.325,50.325,50.315,50.325,4110,0
2015-01-07,17:15:00,50.055,50.145,50.055,50.145,8020,0
2015-01-07,17:20:00,50.095,50.095,50.085,50.085,902,0
2015-01-07,17:25:00,50.115,50.115,50.115,50.115,2506,0
2015-01-07,17:30:00,50.335,50.335,50.225,50.225,301,0
2015-01-07,17:35:00,50.185,50.384,50.175,50.175,17544,0
2015-01-07,17:40:00,50.305,50.325,50.295,50.305,1504,0
2015-01-07,17:45:00,50.125,50.275,50.125,50.275,601,0
2015-01-07,18:05:00,50.115,50.115,50.115,50.115,100,0
2015-01-07,18:10:00,50.175,50.175,50.165,50.165,1103,0
2015-01-07,18:20:00,50.145,50.145,50.135,50.145,4912,0
2015-01-07,18:25:00,50.275,50.275,50.205,50.245,10828,0
2015-01-07,18:40:00,50.175,50.175,50.175,50.175,501,0
2015-01-07,18:55:00,50.165,50.175,50.155,50.175,9323,0
2015-01-07,19:00:00,50.215,50.275,50.215,50.275,1804,0
2015-01-07,19:05:00,50.265,50.514,50.245,50.494,27691,0
2015-01-07,19:10:00,50.504,50.514,50.494,50.514,9544,0
2015-01-07,19:15:00,50.374,50.734,50.374,50.694,6616,0
2015-01-07,19:20:00,50.424,50.514,50.394,50.484,14536,0
2015-01-07,19:25:00,50.454,50.454,50.454,50.454,301,0
2015-01-07,20:15:00,50.275,50.275,50.095,50.275,11128,0
2015-01-07,20:20:00,50.315,50.424,50.295,50.335,10526,0
2015-01-07,20:25:00,50.474,50.674,50.474,50.614,20250,0
2015-01-07,20:30:00,50.325,50.325,50.325,50.325,4912,0
2015-01-07,20:35:00,50.644,50.644,50.644,50.644,4409,0
2015-01-07,21:45:00,50.524,50.524,50.524,50.524,200,0
2015-01-07,22:00:00,50.374,50.793,50.275,50.793,601,0
2015-01-08,15:45:00,49.975,50.075,49.926,49.985,5514,0
2015-01-08,15:50:00,49.985,50.075,49.985,50.075,2005,0
2015-01-08,15:55:00,50.055,50.055,50.045,50.055,4210,0
2015-01-08,16:05:00,50.075,50.085,50.075,50.085,601,0
2015-01-08,16:10:00,50.075,50.075,50.065,50.065,2606,0
2015-01-08,16:15:00,50.065,50.065,50.065,50.065,401,0
2015-01-08,16:25:00,50.175,50.175,50.135,50.145,3659,0
2015-01-08,16:30:00,50.165,50.165,50.065,50.065,1103,0
2015-01-08,16:35:00,49.995,50.155,49.995,50.155,14068,0
2015-01-08,16:40:00,50.185,50.424,50.125,50.424,11376,0
2015-01-08,16:55:00,50.335,50.424,50.325,50.325,4910,0
2015-01-08,17:00:00,50.275,50.275,50.275,50.275,200,0
2015-01-08,17:05:00,50.185,50.195,50.185,50.195,702,0
2015-01-08,17:10:00,50.235,50.235,50.235,50.235,501,0
2015-01-08,17:40:00,50.295,50.305,50.275,50.305,21203,0
2015-01-08,17:50:00,50.345,50.345,50.335,50.335,7128,0
2015-01-08,17:55:00,50.325,50.394,50.325,50.384,3208,0
2015-01-08,18:00:00,50.394,50.444,50.384,50.434,9123,0
2015-01-08,18:05:00,50.474,50.634,50.474,50.504,32435,0
2015-01-08,18:20:00,50.325,50.424,50.295,50.424,18646,0
2015-01-08,18:25:00,50.594,50.763,50.544,50.624,37894,0
2015-01-08,18:30:00,50.604,50.624,50.414,50.414,2306,0
2015-01-08,18:35:00,50.374,50.374,50.364,50.374,4712,0
2015-01-08,18:40:00,50.394,50.414,50.285,50.285,501,0
2015-01-08,18:45:00,50.265,50.265,50.265,50.265,100,0
2015-01-08,19:00:00,50.315,50.374,50.315,50.374,1103,0
2015-01-08,19:05:00,50.374,50.374,50.354,50.354,3007,0
2015-01-08,19:10:00,50.345,50.345,50.335,50.335,2105,0
2015-01-08,19:15:00,50.315,50.315,50.315,50.315,1504,0
2015-01-08,19:20:00,50.295,50.295,50.275,50.275,1604,0
2015-01-08,19:25:00,50.265,50.265,50.265,50.265,601,0
2015-01-08,19:30:00,50.235,50.235,50.235,50.235,100,0
2015-01-08,21:30:00,50.255,50.255,50.235,50.235,702,0
2015-01-08,22:00:00,50.235,50.424,50.105,50.424,11039,0
2015-01-09,15:45:00,50.085,50.085,50.045,50.045,3007,0
2015-01-09,15:50:00,50.115,50.384,50.115,50.374,17762,0
2015-01-09,15:55:00,50.424,50.474,50.424,50.464,32417,0
2015-01-09,16:00:00,50.225,50.275,50.175,50.275,16641,0
2015-01-09,16:05:00,50.354,50.474,50.354,50.474,13834,0
2015-01-09,16:10:00,50.325,50.325,50.295,50.305,3509,0
2015-01-09,16:15:00,50.275,50.275,50.275,50.275,1604,0
2015-01-09,16:20:00,50.175,50.175,50.175,50.175,14228,0
2015-01-09,16:25:00,50.335,50.335,50.305,50.305,3809,0
2015-01-09,16:30:00,50.295,50.295,50.275,50.285,4110,0
2015-01-09,16:35:00,50.275,50.285,50.275,50.285,15637,0
2015-01-09,16:40:00,50.404,50.474,50.404,50.474,15438,0
2015-01-09,16:45:00,50.494,50.773,50.484,50.734,29570,0
2015-01-09,16:50:00,50.394,50.394,50.394,50.394,3007,0
2015-01-09,16:55:00,50.414,50.424,50.394,50.424,6115,0
2015-01-09,17:00:00,50.404,50.434,50.404,50.424,11234,0
2015-01-09,17:05:00,50.464,50.464,50.424,50.424,702,0
2015-01-09,17:15:00,50.424,50.464,50.424,50.464,6015,0
2015-01-09,17:20:00,50.374,50.484,50.374,50.414,5512,0
2015-01-09,17:25:00,50.414,50.444,50.414,50.444,3007,0
2015-01-09,18:10:00,50.394,50.394,50.364,50.394,802,0
2015-01-09,18:40:00,50.364,50.404,50.305,50.315,13536,0
2015-01-09,18:45:00,50.305,50.305,50.265,50.275,2406,0
2015-01-09,18:50:00,50.245,50.245,50.195,50.245,610,0
2015-01-09,18:55:00,50.335,50.335,50.305,50.305,3709,0
2015-01-09,19:00:00,50.305,50.305,50.275,50.275,6616,0
2015-01-09,19:15:00,50.265,50.265,50.265,50.265,4010,0
2015-01-09,19:20:00,50.255,50.255,50.255,50.255,2306,0
2015-01-09,19:35:00,50.275,50.275,50.265,50.275,10125,0
2015-01-09,19:40:00,50.354,50.354,50.354,50.354,14737,0
2015-01-09,19:45:00,50.345,50.345,50.345,50.345,5012,0
2015-01-09,19:55:00,50.374,50.374,50.335,50.345,18044,0
2015-01-09,20:20:00,50.315,50.315,50.315,50.315,1505,0
2015-01-09,20:30:00,50.315,50.315,50.315,50.315,1203,0
2015-01-09,20:35:00,50.295,50.305,50.295,50.305,1203,0
2015-01-09,20:45:00,50.285,50.285,50.285,50.285,100,0
2015-01-09,20:50:00,50.275,50.305,50.275,50.305,1203,0
2015-01-09,21:15:00,50.255,50.255,50.255,50.255,200,0
2015-01-09,21:20:00,50.255,50.275,50.255,50.275,2205,0
2015-01-09,21:30:00,50.354,50.364,50.354,50.364,301,0
2015-01-09,21:35:00,50.374,50.374,50.374,50.374,100,0
2015-01-09,21:50:00,50.235,50.265,50.235,50.265,1680,0
2015-01-09,21:55:00,50.265,50.265,50.265,50.265,397,0
2015-01-09,22:00:00,50.225,50.225,50.225,50.225,100,0
2015-01-12,16:10:00,50.275,50.305,50.225,50.225,21128,0
2015-01-12,16:15:00,50.374,50.374,50.374,50.374,1103,0
2015-01-12,16:20:00,50.394,50.424,50.384,50.424,15539,0
2015-01-12,16:25:00,50.484,50.584,50.484,50.494,802,0
2015-01-12,16:30:00,50.594,50.594,50.504,50.524,2306,0
2015-01-12,16:35:00,50.514,50.534,50.514,50.534,2371,0
2015-01-12,16:40:00,50.544,50.554,50.544,50.554,10625,0
2015-01-12,16:50:00,50.574,50.574,50.524,50.554,22977,0
2015-01-12,16:55:00,50.464,50.574,50.444,50.574,8220,0
2015-01-12,17:00:00,50.554,50.684,50.554,50.604,23779,0
2015-01-12,17:05:00,50.674,50.943,50.674,50.773,31117,0
2015-01-12,17:10:00,50.953,51.013,50.604,50.823,77493,0
2015-01-12,17:15:00,50.933,51.083,50.843,50.863,77493,0
2015-01-12,17:20:00,50.873,50.883,50.833,50.863,22692,0
2015-01-12,17:25:00,50.863,50.883,50.773,50.783,9022,0
2015-01-12,17:30:00,50.783,50.823,50.724,50.763,13935,0
2015-01-12,17:35:00,50.753,50.753,50.714,50.714,1905,0
2015-01-12,17:40:00,50.524,50.554,50.524,50.554,1905,0
2015-01-12,17:45:00,50.544,50.704,50.544,50.614,3509,0
2015-01-12,17:50:00,50.624,50.624,50.584,50.584,3709,0
2015-01-12,17:55:00,50.594,50.614,50.574,50.594,15538,0
2015-01-12,18:00:00,50.594,50.594,50.594,50.594,1002,0
2015-01-12,18:05:00,50.574,50.584,50.574,50.584,2506,0
2015-01-12,18:10:00,50.574,50.574,50.564,50.564,9022,0
2015-01-12,18:15:00,50.564,50.564,50.524,50.544,4411,0
2015-01-12,18:20:00,50.524,50.524,50.524,50.524,1905,0
2015-01-12,18:30:00,50.514,50.524,50.414,50.524,2907,0
2015-01-12,18:40:00,50.494,50.494,50.484,50.484,4610,0
2015-01-12,18:45:00,50.494,50.494,50.494,50.494,757,0
2015-01-12,18:50:00,50.494,50.494,50.494,50.494,2861,0
2015-01-12,19:00:00,50.534,50.534,50.524,50.534,3509,0
2015-01-12,19:05:00,50.524,50.534,50.524,50.534,8721,0
2015-01-12,19:10:00,50.524,50.534,50.514,50.524,9823,0
2015-01-12,19:15:00,50.524,50.524,50.524,50.524,2505,0
2015-01-12,19:20:00,50.534,50.534,50.514,50.514,3108,0
2015-01-12,20:05:00,50.564,50.584,50.534,50.534,7417,0
2015-01-12,20:15:00,50.584,50.584,50.534,50.534,802,0
2015-01-12,20:25:00,50.564,50.624,50.564,50.624,7240,0
2015-01-12,20:35:00,50.644,50.664,50.644,50.664,2806,0
2015-01-12,20:40:00,50.664,50.664,50.604,50.604,5746,0
2015-01-12,20:45:00,50.604,50.604,50.604,50.604,879,0
2015-01-12,20:55:00,50.614,50.614,50.614,50.614,2661,0
2015-01-12,21:00:00,50.544,50.554,50.534,50.554,301,0
2015-01-12,21:25:00,50.534,50.534,50.534,50.534,200,0
2015-01-12,21:50:00,50.584,50.584,50.534,50.544,3362,0
2015-01-12,22:00:00,50.534,50.534,50.534,50.534,100,0
2015-01-13,15:45:00,50.374,50.374,50.374,50.374,1002,0
2015-01-13,15:50:00,50.404,50.524,50.165,50.285,8166,0
2015-01-13,15:55:00,50.514,50.773,50.354,50.354,8809,0
2015-01-13,16:00:00,50.634,50.634,50.354,50.404,1501,0
2015-01-13,16:05:00,50.404,50.404,50.404,50.404,601,0
2015-01-13,16:50:00,50.544,50.544,50.384,50.454,1787,0
2015-01-13,16:55:00,50.584,50.584,50.464,50.464,8116,0
2015-01-13,17:00:00,50.464,50.464,50.464,50.464,200,0
2015-01-13,17:15:00,50.424,50.424,50.424,50.424,400,0
2015-01-13,17:20:00,50.424,50.424,50.424,50.424,800,0
2015-01-13,17:25:00,50.424,50.434,50.424,50.434,2500,0
2015-01-13,17:35:00,50.464,50.464,50.454,50.454,400,0
2015-01-13,17:50:00,50.464,50.464,50.464,50.464,100,0
2015-01-13,18:00:00,50.464,50.524,50.464,50.524,7008,0
2015-01-13,18:05:00,50.524,50.564,50.524,50.524,11420,0
2015-01-13,18:10:00,50.474,50.664,50.464,50.664,4104,0
2015-01-13,18:15:00,50.564,50.564,50.464,50.464,8411,0
2015-01-13,18:20:00,50.524,50.744,50.484,50.484,6309,0
2015-01-13,18:30:00,50.524,50.524,50.404,50.514,6412,0
2015-01-13,18:35:00,50.504,50.654,50.494,50.644,6709,0
2015-01-13,18:40:00,50.614,50.644,50.464,50.464,9317,0
2015-01-13,18:45:00,50.464,50.524,50.464,50.464,5605,0
2015-01-13,18:50:00,50.464,50.514,50.464,50.514,800,0
2015-01-13,18:55:00,50.514,50.514,50.504,50.504,200,0
2015-01-13,19:00:00,50.504,50.504,50.504,50.504,200,0
2015-01-13,19:45:00,50.484,50.484,50.454,50.454,2301,0
2015-01-13,19:55:00,50.484,50.614,50.484,50.504,3605,0
2015-01-13,20:15:00,50.504,50.504,50.504,50.504,100,0
2015-01-13,20:25:00,50.514,50.514,50.504,50.514,1100,0
2015-01-13,20:30:00,50.524,50.524,50.524,50.524,100,0
2015-01-13,20:40:00,50.514,50.514,50.514,50.514,100,0
2015-01-13,21:10:00,50.504,50.514,50.504,50.514,600,0
2015-01-13,21:45:00,50.604,50.604,50.484,50.504,7416,0
2015-01-13,21:55:00,50.504,50.554,50.434,50.534,9815,0
2015-01-13,22:00:00,50.524,50.624,50.474,50.624,6607,0
2015-01-14,15:35:00,50.604,50.674,50.594,50.674,4106,0
2015-01-14,15:40:00,50.574,50.763,50.534,50.763,3105,0
2015-01-14,16:15:00,50.544,50.544,50.534,50.544,900,0
2015-01-14,16:20:00,50.574,50.584,50.574,50.584,2001,0
2015-01-14,16:25:00,50.564,50.574,50.564,50.574,1300,0
2015-01-14,16:30:00,50.574,50.574,50.534,50.534,5307,0
2015-01-14,16:35:00,50.574,50.614,50.574,50.614,3803,0
2015-01-14,16:40:00,50.704,50.714,50.674,50.714,6510,0
2015-01-14,16:45:00,50.614,50.634,50.614,50.634,8318,0
2015-01-14,16:50:00,50.654,50.654,50.654,50.654,4308,0
2015-01-14,18:15:00,50.574,50.923,50.574,50.923,5110,0
2015-01-14,18:20:00,50.694,50.753,50.664,50.714,8711,0
2015-01-14,18:25:00,50.644,50.664,50.644,50.664,4711,0
2015-01-14,18:35:00,50.664,50.684,50.664,50.664,3306,0
2015-01-14,20:45:00,50.753,50.753,50.674,50.674,4608,0
2015-01-14,20:50:00,50.644,50.753,50.644,50.674,19740,0
2015-01-14,20:55:00,50.773,50.773,50.724,50.763,5712,0
2015-01-14,21:00:00,50.654,50.773,50.654,50.773,7613,0
2015-01-14,21:10:00,50.644,50.664,50.644,50.664,7709,0
2015-01-14,21:15:00,50.744,50.793,50.714,50.744,16837,0
2015-01-14,21:45:00,50.614,50.674,50.614,50.674,4607,0
2015-01-14,21:50:00,50.674,50.813,50.624,50.654,8124,0
2015-01-14,21:55:00,50.674,50.714,50.674,50.714,4005,0
2015-01-14,22:00:00,50.704,50.704,50.704,50.704,1002,0
2015-01-15,15:55:00,50.524,50.574,50.484,50.574,4010,0
2015-01-15,16:00:00,50.594,50.594,50.594,50.594,100,0
2015-01-15,16:05:00,50.594,50.793,50.594,50.744,9817,0
2015-01-15,16:10:00,50.674,50.674,50.674,50.674,100,0
2015-01-15,16:20:00,50.664,50.664,50.664,50.664,100,0
2015-01-15,16:40:00,50.624,50.624,50.574,50.574,601,0
2015-01-15,17:00:00,50.474,50.574,50.474,50.574,2604,0
2015-01-15,17:05:00,50.554,50.584,50.554,50.584,200,0
2015-01-15,17:30:00,50.504,50.504,50.504,50.504,200,0
2015-01-15,17:55:00,50.564,50.773,50.564,50.724,12624,0
2015-01-15,18:00:00,50.724,50.773,50.714,50.734,13626,0
2015-01-15,18:15:00,50.654,50.654,50.654,50.654,400,0
2015-01-15,18:30:00,50.634,50.783,50.634,50.783,24757,0
2015-01-15,18:45:00,50.744,50.773,50.734,50.773,4009,0
2015-01-15,18:50:00,50.724,50.873,50.724,50.773,4789,0
2015-01-15,18:55:00,50.913,50.923,50.913,50.913,7597,0
2015-01-15,19:30:00,50.793,50.793,50.763,50.773,14022,0
2015-01-15,19:35:00,50.893,50.953,50.893,50.933,16946,0
2015-01-15,19:50:00,50.823,50.823,50.823,50.823,300,0
2015-01-15,19:55:00,50.823,50.823,50.823,50.823,100,0
2015-01-15,20:05:00,50.783,50.873,50.783,50.873,8210,0
2015-01-15,20:10:00,50.893,50.953,50.893,50.953,7309,0
2015-01-15,20:15:00,50.943,50.943,50.933,50.943,10423,0
2015-01-15,20:25:00,50.863,50.873,50.863,50.873,600,0
2015-01-15,21:15:00,50.823,50.823,50.813,50.823,12707,0
2015-01-15,21:20:00,50.873,50.913,50.873,50.903,8313,0
2015-01-15,21:25:00,50.943,50.963,50.943,50.943,17827,0
2015-01-15,21:35:00,50.913,50.923,50.913,50.923,200,0
2015-01-15,21:40:00,50.843,50.843,50.843,50.843,3006,0
2015-01-16,15:35:00,50.624,50.624,50.624,50.624,3506,0
2015-01-16,16:25:00,50.793,50.793,50.763,50.763,801,0
2015-01-16,16:30:00,50.763,50.773,50.704,50.773,3906,0
2015-01-16,16:35:00,50.843,50.843,50.833,50.843,900,0
2015-01-16,16:40:00,50.833,50.833,50.724,50.744,1500,0
2015-01-16,16:50:00,50.694,50.704,50.694,50.704,2004,0
2015-01-16,17:10:00,50.574,50.724,50.335,50.724,7105,0
2015-01-16,17:15:00,50.734,50.823,50.734,50.783,13728,0
2015-01-16,17:45:00,50.674,50.684,50.674,50.684,901,0
2015-01-16,17:50:00,50.654,50.813,50.624,50.813,8213,0
2015-01-16,17:55:00,50.813,50.813,50.674,50.674,7616,0
2015-01-16,18:00:00,50.684,50.684,50.684,50.684,100,0
2015-01-16,18:05:00,50.734,50.903,50.734,50.883,18038,0
2015-01-16,18:10:00,50.893,50.893,50.893,50.893,1704,0
2015-01-16,19:10:00,50.773,50.773,50.474,50.753,3205,0
2015-01-16,19:30:00,50.704,50.704,50.704,50.704,2103,0
2015-01-16,19:55:00,50.644,50.654,50.644,50.644,10221,0
2015-01-16,20:00:00,50.803,50.923,50.803,50.913,15233,0
2015-01-16,20:30:00,50.753,50.913,50.744,50.913,18829,0
2015-01-16,20:40:00,50.863,50.933,50.863,50.913,35666,0
2015-01-16,20:45:00,50.773,50.773,50.773,50.773,601,0
2015-01-16,20:50:00,50.763,50.763,50.763,50.763,1000,0
2015-01-16,21:10:00,50.813,50.823,50.813,50.823,4007,0
2015-01-16,21:30:00,50.773,50.773,50.763,50.773,1703,0
2015-01-16,21:45:00,50.624,50.624,50.554,50.554,1940,0
2015-01-16,21:50:00,50.564,50.664,50.564,50.654,3627,0
2015-01-16,22:00:00,50.564,50.793,50.564,50.793,800,0
2015-01-20,15:35:00,50.524,50.614,50.524,50.614,4201,0
2015-01-20,16:10:00,50.624,50.624,50.624,50.624,200,0
2015-01-20,16:15:00,50.574,50.624,50.345,50.574,3904,0
2015-01-20,16:20:00,50.574,50.574,50.574,50.574,1439,0
2015-01-20,16:50:00,50.624,50.873,50.554,50.873,14930,0
2015-01-20,16:55:00,50.853,50.873,50.853,50.873,4009,0
2015-01-20,17:00:00,50.793,50.873,50.793,50.873,2804,0
2015-01-20,17:05:00,50.893,50.923,50.893,50.903,9818,0
2015-01-20,17:10:00,50.853,50.923,50.853,50.883,11734,0
2015-01-20,17:15:00,50.923,50.923,50.893,50.893,2305,0
2015-01-20,17:20:00,50.883,50.893,50.883,50.893,200,0
2015-01-20,17:25:00,50.624,50.624,50.624,50.624,1500,0
2015-01-20,17:30:00,50.624,50.694,50.624,50.674,5900,0
2015-01-20,17:35:00,50.724,50.724,50.724,50.724,100,0
2015-01-20,17:40:00,50.724,50.803,50.704,50.803,12721,0
2015-01-20,17:45:00,50.873,51.053,50.863,50.903,13633,0
2015-01-20,17:50:00,50.763,50.823,50.763,50.773,700,0
2015-01-20,17:55:00,50.793,50.793,50.793,50.793,301,0
2015-01-20,18:00:00,50.624,50.773,50.624,50.684,3900,0
2015-01-20,18:05:00,50.744,50.803,50.714,50.803,7617,0
2015-01-20,18:10:00,50.853,50.923,50.853,50.893,3003,0
2015-01-20,18:15:00,50.893,50.913,50.883,50.883,11721,0
2015-01-20,18:40:00,50.634,50.634,50.634,50.634,900,0
2015-01-20,18:45:00,50.614,50.614,50.614,50.614,700,0
2015-01-20,18:50:00,50.604,50.634,50.604,50.634,1600,0
2015-01-20,19:25:00,50.734,50.773,50.734,50.773,601,0
2015-01-20,19:35:00,50.773,50.773,50.773,50.773,100,0
2015-01-20,19:40:00,50.574,50.724,50.574,50.584,1400,0
2015-01-20,20:15:00,50.714,50.923,50.704,50.923,7116,0
2015-01-20,20:20:00,50.873,50.913,50.833,50.913,7015,0
2015-01-20,20:55:00,50.724,50.734,50.724,50.724,800,0
2015-01-20,21:00:00,50.724,50.753,50.694,50.753,4008,0
2015-01-20,21:05:00,50.773,50.863,50.773,50.783,2605,0
2015-01-20,21:10:00,50.773,50.783,50.753,50.773,1804,0
2015-01-20,21:20:00,50.694,50.694,50.674,50.674,1081,0
2015-01-20,21:25:00,50.684,50.684,50.684,50.684,400,0
2015-01-20,21:30:00,50.534,50.773,50.534,50.773,5812,0
2015-01-20,21:40:00,50.624,50.624,50.614,50.614,400,0
2015-01-20,21:45:00,50.654,50.674,50.654,50.674,500,0
2015-01-20,21:50:00,50.654,50.674,50.654,50.674,2601,0
2015-01-20,21:55:00,50.644,50.664,50.624,50.664,1102,0
2015-01-20,22:00:00,50.724,50.823,50.724,50.823,300,0
2015-01-21,15:35:00,50.724,50.724,50.714,50.714,3002,0
2015-01-21,15:40:00,50.654,50.724,50.594,50.594,3304,0
2015-01-21,16:05:00,50.753,50.773,50.704,50.773,3003,0
2015-01-21,16:15:00,50.724,50.734,50.674,50.674,2998,0
2015-01-21,16:55:00,50.753,50.773,50.753,50.773,1762,0
2015-01-21,17:25:00,50.724,50.724,50.694,50.724,1202,0
2015-01-21,17:30:00,50.763,50.773,50.744,50.744,6212,0
2015-01-21,17:35:00,50.853,50.873,50.843,50.873,10021,0
2015-01-21,17:40:00,50.873,50.883,50.763,50.773,17635,0
2015-01-21,17:45:00,50.763,50.883,50.744,50.873,21146,0
2015-01-21,17:50:00,50.773,50.783,50.594,50.634,8002,0
2015-01-21,18:10:00,50.664,50.674,50.664,50.674,200,0
2015-01-21,18:15:00,50.664,50.883,50.544,50.753,24188,0
2015-01-21,18:20:00,50.753,50.773,50.574,50.654,13025,0
2015-01-21,18:30:00,50.664,50.674,50.664,50.674,200,0
2015-01-21,18:35:00,50.664,50.763,50.614,50.763,3403,0
2015-01-21,18:40:00,50.694,50.704,50.694,50.704,200,0
2015-01-21,18:50:00,50.674,50.674,50.674,50.674,9117,0
2015-01-21,18:55:00,50.734,50.933,50.674,50.783,16424,0
2015-01-21,19:00:00,50.773,50.813,50.753,50.793,9017,0
2015-01-21,19:15:00,50.704,50.714,50.704,50.714,801,0
2015-01-21,19:20:00,50.724,50.724,50.694,50.704,1500,0
2015-01-21,19:25:00,50.704,50.724,50.694,50.704,8919,0
2015-01-21,19:30:00,50.704,50.734,50.704,50.724,1904,0
2015-01-21,19:35:00,50.704,50.704,50.704,50.704,400,0
2015-01-21,19:40:00,50.704,50.704,50.704,50.704,100,0
2015-01-21,19:45:00,50.684,50.684,50.654,50.664,901,0
2015-01-21,20:00:00,50.664,50.664,50.634,50.644,700,0
2015-01-21,20:05:00,50.654,50.694,50.614,50.694,2304,0
2015-01-21,20:10:00,50.694,50.694,50.694,50.694,200,0
2015-01-21,20:15:00,50.684,50.704,50.684,50.704,400,0
2015-01-21,20:20:00,50.704,50.704,50.684,50.684,300,0
2015-01-21,20:25:00,50.694,50.704,50.694,50.704,400,0
2015-01-21,20:30:00,50.714,50.714,50.704,50.714,400,0
2015-01-21,20:35:00,50.714,50.714,50.704,50.714,300,0
2015-01-21,20:40:00,50.704,50.714,50.704,50.714,400,0
2015-01-21,20:45:00,50.714,50.724,50.714,50.714,419,0
2015-01-21,21:25:00,50.644,50.644,50.644,50.644,500,0
2015-01-21,21:30:00,50.644,50.644,50.644,50.644,500,0
2015-01-21,21:40:00,50.674,50.674,50.624,50.624,300,0
2015-01-21,21:45:00,50.654,50.654,50.654,50.654,3809,0
2015-01-21,21:55:00,50.624,50.624,50.624,50.624,600,0
2015-01-21,22:00:00,50.714,50.813,50.714,50.783,1302,0
2015-01-22,15:35:00,50.674,50.674,50.674,50.674,300,0
2015-01-22,15:45:00,50.674,50.724,50.614,50.724,3203,0
2015-01-22,15:50:00,50.724,50.724,50.724,50.724,702,0
2015-01-22,15:55:00,50.714,50.714,50.704,50.704,200,0
2015-01-22,16:05:00,50.714,50.714,50.714,50.714,100,0
2015-01-22,16:20:00,50.614,50.624,50.614,50.624,200,0
2015-01-22,16:25:00,50.634,50.644,50.634,50.644,1201,0
2015-01-22,16:30:00,50.604,50.604,50.604,50.604,100,0
2015-01-22,16:35:00,50.604,50.604,50.604,50.604,100,0
2015-01-22,16:40:00,50.604,50.614,50.604,50.614,400,0
2015-01-22,16:45:00,50.404,50.574,50.335,50.574,2019,0
2015-01-22,16:50:00,50.624,50.624,50.624,50.624,501,0
2015-01-22,17:15:00,50.624,50.674,50.624,50.674,1102,0
2015-01-22,18:20:00,50.614,50.644,50.614,50.644,1319,0
2015-01-22,18:40:00,50.654,50.664,50.654,50.664,4008,0
2015-01-22,18:50:00,50.763,50.763,50.763,50.763,600,0
2015-01-22,19:00:00,50.694,50.704,50.694,50.704,1700,0
2015-01-22,20:00:00,50.674,50.674,50.674,50.674,571,0
2015-01-22,21:05:00,50.704,50.724,50.704,50.724,300,0
2015-01-22,21:40:00,50.634,50.634,50.604,50.634,1000,0
2015-01-22,21:45:00,50.654,50.654,50.624,50.624,1000,0
2015-01-22,21:50:00,50.624,50.684,50.624,50.684,1704,0
2015-01-22,21:55:00,50.684,50.793,50.454,50.773,6010,0
2015-01-22,22:00:00,50.873,50.873,50.783,50.783,300,0
2015-01-23,15:50:00,50.574,50.614,50.574,50.614,701,0
2015-01-23,16:30:00,50.783,50.783,50.783,50.783,100,0
2015-01-23,16:40:00,50.873,50.873,50.873,50.873,3007,0
2015-01-23,18:35:00,50.873,50.873,50.873,50.873,200,0
2015-01-26,17:10:00,50.724,50.753,50.724,50.753,200,0
2015-01-26,17:30:00,50.783,50.783,50.783,50.783,100,0
2015-01-26,18:45:00,50.674,50.674,50.674,50.674,200,0
2015-01-26,20:40:00,50.793,50.793,50.793,50.793,500,0
2015-01-26,20:45:00,50.763,50.763,50.763,50.763,500,0
2015-01-26,21:35:00,50.843,50.843,50.843,50.843,602,0
2015-01-26,21:45:00,50.724,50.724,50.724,50.724,100,0
2015-01-27,16:15:00,50.923,50.923,50.923,50.923,300,0
2015-01-27,19:40:00,50.973,50.973,50.973,50.973,300,0
2015-01-28,15:35:00,50.793,50.793,50.793,50.793,902,0
2015-01-28,16:45:00,50.853,50.853,50.853,50.853,701,0
2015-01-28,17:50:00,50.903,50.903,50.903,50.903,200,0
2015-01-28,18:15:00,51.023,51.023,51.023,51.023,802,0
2015-01-28,19:20:00,51.013,51.013,51.013,51.013,200,0
2015-01-28,20:05:00,50.923,50.923,50.923,50.923,200,0
2015-01-28,20:15:00,50.983,50.983,50.983,50.983,700,0
2015-01-28,20:55:00,51.123,51.133,51.123,51.133,601,0
2015-01-28,21:20:00,51.172,51.172,51.172,51.172,501,0
2015-01-28,21:35:00,51.222,51.222,51.222,51.222,802,0
2015-01-29,16:45:00,50.933,50.933,50.933,50.933,108,0
2015-01-29,21:05:00,51.023,51.023,51.023,51.023,600,0
2015-01-29,21:45:00,51.232,51.232,51.222,51.222,400,0
2015-01-29,22:00:00,51.352,51.352,51.352,51.352,692,0
2015-02-02,16:20:00,51.49,51.49,51.49,51.49,200,0
2015-02-02,21:15:00,51.53,51.53,51.53,51.53,400,0
2015-02-02,21:30:00,51.51,51.51,51.51,51.51,400,0
2015-02-03,17:15:00,51.27,51.27,51.27,51.27,100,0
2015-02-03,17:20:00,51.26,51.26,51.07,51.07,6100,0
2015-02-03,17:25:00,51.1,51.12,51.1,51.12,3100,0
2015-02-03,18:45:00,51.08,51.08,51.08,51.08,400,0
2015-02-04,16:00:00,51.09,51.09,50.85,50.85,400,0
2015-02-04,16:05:00,51.09,51.22,50.93,50.97,33600,0
2015-02-04,16:10:00,50.99,51.09,50.99,51.09,3000,0
2015-02-04,16:15:00,51.0,51.08,51.0,51.07,5500,0
2015-02-04,16:20:00,51.06,51.13,51.06,51.08,4600,0
2015-02-04,16:25:00,51.09,51.18,51.06,51.18,2500,0
2015-02-04,16:30:00,51.06,51.1,51.06,51.1,400,0
2015-02-04,16:35:00,51.14,51.15,51.12,51.12,3200,0
2015-02-04,16:40:00,51.21,51.21,51.18,51.18,5600,0
2015-02-04,16:45:00,51.16,51.32,51.16,51.32,2300,0
2015-02-04,16:50:00,51.38,51.43,51.3,51.3,6900,0
2015-02-04,16:55:00,51.43,51.43,51.41,51.41,1400,0
2015-02-04,17:00:00,51.42,51.45,51.34,51.44,11200,0
2015-02-04,17:05:00,51.44,51.45,51.37,51.38,15139,0
2015-02-04,17:30:00,51.35,51.39,51.35,51.39,2200,0
2015-02-04,17:35:00,51.4,51.4,51.4,51.4,200,0
2015-02-04,20:25:00,51.4,51.41,51.38,51.39,2178,0
2015-02-04,20:35:00,51.39,51.39,51.39,51.39,100,0
2015-02-04,20:40:00,51.39,51.39,51.39,51.39,300,0
2015-02-04,20:50:00,51.38,51.38,51.38,51.38,1641,0
2015-02-04,21:35:00,51.38,51.38,51.38,51.38,1038,0
2015-02-04,22:00:00,51.17,51.17,51.17,51.17,700,0
2015-02-05,16:15:00,51.48,51.48,51.48,51.48,500,0
2015-02-05,16:20:00,51.4,51.42,51.4,51.42,1100,0
2015-02-05,16:25:00,51.44,51.45,51.44,51.45,200,0
2015-02-05,16:30:00,51.45,51.51,51.45,51.48,1700,0
2015-02-05,16:40:00,51.46,51.46,51.46,51.46,400,0
2015-02-05,18:20:00,51.44,51.44,51.44,51.44,700,0
2015-02-05,22:00:00,51.17,51.17,51.13,51.14,300,0
2015-02-06,21:10:00,51.25,51.25,51.25,51.25,196,0
2015-02-06,21:20:00,51.25,51.25,51.25,51.25,100,0
2015-02-09,17:15:00,51.24,51.24,51.06,51.24,1700,0
2015-02-10,15:35:00,51.1,51.1,51.1,51.1,100,0
2015-02-10,20:10:00,51.1,51.1,51.1,51.1,100,0
2015-02-10,22:00:00,50.7,50.7,50.7,50.7,100,0
2015-02-11,20:35:00,51.0,51.0,51.0,51.0,200,0
2015-02-11,21:10:00,51.13,51.13,51.13,51.13,200,0
2015-02-11,21:15:00,51.14,51.14,51.14,51.14,100,0
2015-02-11,21:20:00,51.14,51.14,51.14,51.14,300,0
2015-02-11,21:25:00,51.14,51.14,51.14,51.14,300,0
2015-02-12,15:50:00,51.19,51.19,51.19,51.19,100,0
2015-02-12,22:00:00,50.66,50.66,50.66,50.66,100,0
2015-02-13,16:45:00,50.59,50.59,50.59,50.59,1000,0
2015-02-13,19:45:00,50.65,50.65,50.59,50.59,300,0
2015-02-17,19:10:00,50.67,50.67,50.66,50.67,700,0
2015-02-17,22:00:00,50.84,50.84,50.84,50.84,100,0
2015-02-19,17:25:00,51.09,51.09,51.09,51.09,400,0
