Date,Time,Open,High,Low,Close,Volume,OpenInt
2014-08-21,16:05:00,44.57,44.57,44.50,44.50,629,0
2014-08-21,16:25:00,44.482,44.482,44.482,44.482,100,0
2014-08-21,16:50:00,44.542,44.542,44.542,44.542,1021,0
2014-08-21,17:50:00,44.741,44.741,44.741,44.741,201,0
2014-08-21,18:20:00,44.741,44.741,44.741,44.741,201,0
2014-08-21,18:25:00,44.801,44.801,44.801,44.801,327,0
2014-08-21,19:15:00,44.831,44.831,44.831,44.831,271,0
2014-08-21,19:30:00,44.801,44.801,44.801,44.801,724,0
2014-08-22,16:45:00,44.899,44.899,44.899,44.899,100,0
2014-08-22,16:50:00,44.791,44.791,44.791,44.791,6035,0
2014-08-22,18:05:00,44.929,44.929,44.919,44.919,4519,0
2014-08-22,18:10:00,44.939,44.939,44.939,44.939,955,0
2014-08-22,18:30:00,44.969,44.969,44.969,44.969,100,0
2014-08-22,18:45:00,45.029,45.029,45.029,45.029,201,0
2014-08-22,19:10:00,45.019,45.019,45.009,45.009,1191,0
2014-08-22,21:50:00,45.029,45.029,45.029,45.029,100,0
2014-08-22,22:00:00,44.989,44.989,44.989,44.989,100,0
2014-08-25,16:00:00,45.198,45.198,45.198,45.198,232,0
2014-08-25,16:05:00,45.347,45.367,45.347,45.367,2455,0
2014-08-25,16:20:00,45.248,45.248,45.248,45.248,302,0
2014-08-25,16:40:00,45.337,45.337,45.337,45.337,302,0
2014-08-25,20:30:00,45.149,45.149,45.149,45.149,1449,0
2014-08-25,22:00:00,45.109,45.109,45.109,45.109,100,0
2014-08-26,15:55:00,45.337,45.337,45.337,45.337,100,0
2014-08-26,16:00:00,45.367,45.367,45.367,45.367,201,0
2014-08-26,16:05:00,45.248,45.258,45.248,45.258,1810,0
2014-08-26,16:40:00,45.377,45.377,45.377,45.377,100,0
2014-08-26,16:50:00,45.327,45.327,45.327,45.327,100,0
2014-08-26,16:55:00,45.407,45.407,45.407,45.407,302,0
2014-08-26,17:25:00,45.467,45.467,45.467,45.467,100,0
2014-08-26,17:40:00,45.496,45.496,45.496,45.496,302,0
2014-08-26,17:55:00,45.506,45.506,45.506,45.506,100,0
2014-08-26,18:15:00,45.487,45.487,45.427,45.427,201,0
2014-08-26,18:30:00,45.487,45.487,45.487,45.487,100,0
2014-08-26,18:40:00,45.496,45.496,45.496,45.496,100,0
2014-08-26,18:55:00,45.487,45.487,45.487,45.487,100,0
2014-08-26,19:05:00,45.487,45.487,45.487,45.487,100,0
2014-08-26,19:15:00,45.477,45.477,45.477,45.477,100,0
2014-08-26,19:30:00,45.506,45.506,45.506,45.506,619,0
2014-08-26,21:25:00,45.606,45.606,45.606,45.606,149,0
2014-08-26,21:35:00,45.526,45.526,45.526,45.526,317,0
2014-08-26,21:50:00,45.467,45.467,45.467,45.467,302,0
2014-08-27,16:00:00,45.496,45.496,45.496,45.496,201,0
2014-08-27,16:05:00,45.447,45.447,45.447,45.447,503,0
2014-08-27,17:25:00,45.536,45.536,45.536,45.536,201,0
2014-08-27,18:35:00,45.447,45.447,45.447,45.447,201,0
2014-08-27,20:25:00,45.526,45.526,45.526,45.526,659,0
2014-08-27,22:00:00,45.457,45.457,45.457,45.457,100,0
2014-08-28,16:45:00,45.159,45.159,45.159,45.159,15162,0
2014-08-28,17:10:00,45.218,45.218,45.218,45.218,201,0
2014-08-28,17:15:00,45.317,45.317,45.317,45.317,131,0
2014-08-28,17:45:00,45.297,45.297,45.297,45.297,332,0
2014-08-28,18:05:00,45.307,45.307,45.307,45.307,110,0
2014-08-28,20:30:00,45.297,45.297,45.297,45.297,603,0
2014-08-29,17:20:00,45.387,45.387,45.387,45.387,100,0
2014-08-29,17:40:00,45.427,45.427,45.427,45.427,302,0
2014-08-29,21:40:00,45.506,45.506,45.506,45.506,100,0
2014-08-29,22:00:00,45.556,45.556,45.556,45.556,100,0
2014-09-02,15:35:00,45.646,45.646,45.646,45.646,1387,0
2014-09-02,18:20:00,45.447,45.506,45.447,45.506,1339,0
2014-09-02,18:25:00,45.457,45.506,45.457,45.506,440,0
2014-09-02,18:55:00,45.427,45.427,45.427,45.427,302,0
2014-09-02,19:15:00,45.467,45.467,45.467,45.467,302,0
2014-09-03,15:35:00,45.844,45.844,45.735,45.735,839,0
2014-09-03,15:40:00,45.904,45.904,45.904,45.904,422,0
2014-09-03,17:00:00,45.804,45.804,45.804,45.804,304,0
2014-09-03,17:10:00,45.755,45.814,45.755,45.814,1207,0
2014-09-03,18:25:00,45.526,45.526,45.526,45.526,100,0
2014-09-03,19:20:00,45.596,45.596,45.596,45.596,438,0
2014-09-03,20:20:00,45.437,45.437,45.437,45.437,563,0
2014-09-04,17:50:00,45.656,45.656,45.646,45.646,201,0
2014-09-04,17:55:00,45.596,45.596,45.596,45.596,252,0
2014-09-04,18:55:00,45.467,45.467,45.467,45.467,247,0
2014-09-04,19:10:00,45.536,45.536,45.536,45.536,100,0
2014-09-04,20:30:00,45.407,45.407,45.407,45.407,264,0
2014-09-04,21:05:00,45.228,45.228,45.228,45.228,6035,0
2014-09-04,21:50:00,45.129,45.129,45.129,45.129,100,0
2014-09-04,21:55:00,45.149,45.149,45.149,45.149,242,0
2014-09-05,16:45:00,44.939,44.939,44.939,44.939,402,0
2014-09-05,17:15:00,45.049,45.049,45.049,45.049,130,0
2014-09-05,17:20:00,45.039,45.039,45.039,45.039,302,0
2014-09-05,17:30:00,45.099,45.099,45.099,45.099,200,0
2014-09-05,17:40:00,45.099,45.099,45.099,45.099,344,0
2014-09-05,19:45:00,45.238,45.238,45.238,45.238,1036,0
2014-09-08,15:35:00,45.169,45.238,45.169,45.238,3695,0
2014-09-08,17:05:00,45.267,45.267,45.267,45.267,2514,0
2014-09-08,22:00:00,45.228,45.228,45.228,45.228,0,0
2014-09-09,16:05:00,45.159,45.159,45.159,45.159,302,0
2014-09-09,18:15:00,45.149,45.149,45.149,45.149,2012,0
2014-09-09,18:30:00,45.149,45.149,45.149,45.149,201,0
2014-09-09,18:40:00,45.149,45.149,45.149,45.149,100,0
2014-09-09,19:00:00,45.069,45.069,45.069,45.069,1177,0
2014-09-09,19:35:00,45.069,45.069,45.069,45.069,201,0
2014-09-09,19:45:00,45.129,45.129,45.129,45.129,201,0
2014-09-09,20:00:00,45.129,45.129,45.119,45.119,805,0
2014-09-09,20:10:00,45.019,45.019,44.959,44.959,4104,0
2014-09-10,18:00:00,44.899,44.899,44.899,44.899,100,0
2014-09-10,18:15:00,44.811,44.811,44.811,44.811,805,0
2014-09-10,18:20:00,44.919,44.919,44.919,44.919,380,0
2014-09-10,18:25:00,44.999,44.999,44.999,44.999,100,0
2014-09-10,19:35:00,45.119,45.119,45.119,45.119,113,0
2014-09-10,19:55:00,45.089,45.089,45.089,45.089,1107,0
2014-09-10,20:25:00,45.069,45.069,45.069,45.069,1185,0
2014-09-10,20:50:00,45.099,45.099,45.099,45.099,392,0
2014-09-11,15:55:00,45.119,45.119,45.119,45.119,1005,0
2014-09-11,18:05:00,45.189,45.189,45.119,45.119,603,0
2014-09-11,18:30:00,45.119,45.119,45.119,45.119,527,0
2014-09-11,20:05:00,45.159,45.159,45.159,45.159,100,0
2014-09-11,20:10:00,45.238,45.238,45.238,45.238,402,0
2014-09-11,20:40:00,45.457,45.457,45.447,45.447,879,0
2014-09-12,15:35:00,45.457,45.457,45.457,45.457,262,0
2014-09-12,16:05:00,45.129,45.129,45.129,45.129,402,0
2014-09-12,17:45:00,45.019,45.029,45.019,45.029,503,0
2014-09-15,15:50:00,44.472,44.472,44.472,44.472,516,0
2014-09-15,16:10:00,44.482,44.482,44.482,44.482,1509,0
2014-09-16,16:00:00,44.433,44.433,44.433,44.433,2594,0
2014-09-16,19:40:00,44.611,44.611,44.611,44.611,100,0
2014-09-16,20:05:00,44.641,44.641,44.641,44.641,1144,0
2014-09-16,21:00:00,44.552,44.601,44.552,44.601,337,0
2014-09-16,21:50:00,44.542,44.562,44.542,44.562,4224,0
2014-09-17,20:55:00,44.771,44.771,44.771,44.771,100,0
2014-09-17,21:40:00,44.611,44.611,44.591,44.591,1352,0
2014-09-18,15:35:00,44.651,44.651,44.651,44.651,504,0
2014-09-18,16:05:00,44.821,44.821,44.821,44.821,352,0
2014-09-18,16:55:00,44.841,44.841,44.841,44.841,301,0
2014-09-18,17:50:00,44.831,44.831,44.831,44.831,201,0
2014-09-18,18:50:00,44.741,44.741,44.741,44.741,201,0
2014-09-18,20:55:00,44.671,44.671,44.661,44.661,428,0
2014-09-18,21:20:00,44.641,44.641,44.641,44.641,301,0
2014-09-19,16:00:00,44.883,44.952,44.883,44.952,503,0
2014-09-19,16:35:00,44.883,44.883,44.883,44.883,100,0
2014-09-19,16:45:00,44.743,44.743,44.743,44.743,1003,0
2014-09-22,15:35:00,44.145,44.155,44.145,44.155,504,0
2014-09-22,15:40:00,43.876,43.876,43.786,43.826,14050,0
2014-09-22,15:50:00,43.846,43.846,43.846,43.846,201,0
2014-09-22,16:05:00,43.896,43.896,43.896,43.896,587,0
2014-09-22,19:25:00,43.587,43.587,43.587,43.587,2402,0
2014-09-22,22:00:00,43.477,43.477,43.477,43.477,1104,0
2014-09-23,15:35:00,43.477,43.477,43.348,43.358,903,0
2014-09-23,16:05:00,43.607,43.607,43.607,43.607,235,0
2014-09-23,16:35:00,43.387,43.387,43.387,43.387,355,0
2014-09-23,18:00:00,43.477,43.507,43.477,43.507,2853,0
2014-09-23,19:50:00,43.338,43.338,43.218,43.218,712,0
2014-09-23,20:10:00,43.128,43.128,43.128,43.128,1104,0
2014-09-23,20:15:00,43.148,43.148,43.148,43.148,201,0
2014-09-23,20:35:00,43.198,43.198,43.198,43.198,558,0
2014-09-23,21:30:00,43.218,43.218,43.218,43.218,502,0
2014-09-23,21:35:00,43.218,43.218,43.218,43.218,803,0
2014-09-23,21:55:00,43.208,43.208,43.208,43.208,100,0
2014-09-24,15:50:00,43.088,43.138,43.088,43.138,1239,0
2014-09-24,15:55:00,43.168,43.168,43.168,43.168,201,0
2014-09-24,16:10:00,43.158,43.158,43.158,43.158,100,0
2014-09-24,16:40:00,43.049,43.049,43.049,43.049,201,0
2014-09-24,17:30:00,43.258,43.258,43.258,43.258,100,0
2014-09-24,17:35:00,43.407,43.407,43.407,43.407,301,0
2014-09-24,19:45:00,43.367,43.367,43.367,43.367,100,0
2014-09-24,20:10:00,43.427,43.427,43.427,43.427,267,0
2014-09-24,20:30:00,43.427,43.427,43.427,43.427,135,0
2014-09-24,20:35:00,43.427,43.427,43.427,43.427,502,0
2014-09-24,21:20:00,43.527,43.537,43.527,43.537,582,0
2014-09-24,21:30:00,43.447,43.447,43.447,43.447,401,0
2014-09-24,21:35:00,43.447,43.447,43.447,43.447,201,0
2014-09-24,22:00:00,43.467,43.467,43.467,43.467,301,0
2014-09-25,15:40:00,43.417,43.417,43.417,43.417,401,0
2014-09-25,15:45:00,43.268,43.268,43.268,43.268,201,0
2014-09-25,15:55:00,43.118,43.118,43.118,43.118,162,0
2014-09-25,16:15:00,43.068,43.068,43.059,43.059,1766,0
2014-09-25,17:10:00,42.71,43.059,42.71,43.059,401,0
2014-09-25,17:35:00,42.74,42.75,42.74,42.75,1405,0
2014-09-25,17:40:00,42.799,42.799,42.799,42.799,1204,0
2014-09-25,19:05:00,42.759,42.759,42.759,42.759,226,0
2014-09-25,19:50:00,42.779,42.779,42.779,42.779,235,0
2014-09-25,20:05:00,42.759,42.759,42.759,42.759,682,0
2014-09-25,20:10:00,42.69,42.69,42.69,42.69,803,0
2014-09-25,20:25:00,42.73,42.73,42.73,42.73,635,0
2014-09-29,15:35:00,42.58,42.58,42.54,42.57,2074,0
2014-09-29,16:05:00,42.74,42.74,42.74,42.74,602,0
2014-09-29,17:15:00,43.118,43.118,43.118,43.118,332,0
2014-09-29,19:30:00,42.899,42.979,42.899,42.979,803,0
2014-09-29,20:00:00,42.889,42.889,42.889,42.889,323,0
2014-09-29,21:40:00,43.059,43.059,43.059,43.059,1104,0
2014-09-30,15:40:00,43.029,43.029,43.029,43.029,401,0
2014-09-30,17:10:00,42.949,42.949,42.949,42.949,301,0
2014-09-30,17:30:00,43.078,43.078,43.078,43.078,1003,0
2014-09-30,17:50:00,42.959,42.969,42.959,42.969,4623,0
2014-09-30,19:10:00,42.75,42.75,42.75,42.75,451,0
2014-09-30,19:45:00,42.759,42.759,42.759,42.759,613,0
2014-09-30,19:50:00,42.65,42.65,42.65,42.65,301,0
2014-09-30,19:55:00,42.68,42.68,42.68,42.68,362,0
2014-09-30,20:00:00,42.68,42.68,42.68,42.68,240,0
2014-09-30,20:15:00,42.7,42.71,42.7,42.71,1738,0
2014-09-30,21:35:00,42.67,42.67,42.67,42.67,401,0
2014-09-30,21:50:00,42.6,42.6,42.6,42.6,100,0
2014-09-30,21:55:00,42.59,42.59,42.59,42.59,602,0
2014-10-01,15:35:00,42.151,42.151,42.151,42.151,100,0
2014-10-01,15:40:00,42.311,42.311,42.311,42.311,201,0
2014-10-01,15:50:00,42.072,42.072,42.072,42.072,1055,0
2014-10-01,16:00:00,42.112,42.112,42.112,42.112,201,0
2014-10-01,16:05:00,42.132,42.142,42.132,42.142,658,0
2014-10-01,16:20:00,42.072,42.072,42.052,42.052,612,0
2014-10-01,16:30:00,42.112,42.112,42.112,42.112,219,0
2014-10-01,16:50:00,41.972,41.972,41.962,41.962,1382,0
2014-10-01,17:15:00,42.311,42.331,42.311,42.331,332,0
2014-10-01,17:35:00,42.301,42.301,42.301,42.301,502,0
2014-10-01,17:40:00,42.291,42.291,42.291,42.291,485,0
2014-10-01,18:40:00,42.022,42.022,42.022,42.022,100,0
2014-10-01,18:45:00,42.022,42.022,42.022,42.022,201,0
2014-10-01,19:30:00,41.982,41.982,41.982,41.982,494,0
2014-10-01,19:35:00,41.932,41.932,41.932,41.932,486,0
2014-10-01,19:40:00,41.852,41.852,41.852,41.852,100,0
2014-10-01,19:50:00,41.852,41.852,41.852,41.852,1806,0
2014-10-01,20:15:00,41.892,41.892,41.892,41.892,1505,0
2014-10-01,20:25:00,41.803,41.803,41.803,41.803,1846,0
2014-10-01,21:30:00,41.673,41.673,41.673,41.673,219,0
2014-10-01,21:45:00,41.783,41.783,41.783,41.783,201,0
2014-10-02,15:35:00,41.743,41.912,41.643,41.912,1197,0
2014-10-02,15:40:00,41.623,41.623,41.623,41.623,100,0
2014-10-02,15:50:00,41.852,41.852,41.852,41.852,100,0
2014-10-02,15:55:00,41.972,41.972,41.972,41.972,806,0
2014-10-02,16:10:00,41.932,41.932,41.932,41.932,100,0
2014-10-02,16:50:00,41.703,41.703,41.703,41.703,702,0
2014-10-02,17:05:00,41.623,41.623,41.623,41.623,903,0
2014-10-02,17:30:00,41.663,41.693,41.653,41.663,1378,0
2014-10-02,17:35:00,41.603,41.603,41.603,41.603,100,0
2014-10-02,17:45:00,41.524,41.524,41.524,41.524,201,0
2014-10-02,17:50:00,41.464,41.524,41.464,41.524,1003,0
2014-10-02,19:20:00,41.942,41.942,41.942,41.942,8093,0
2014-10-02,19:50:00,42.092,42.092,42.092,42.092,3512,0
2014-10-02,20:45:00,42.171,42.241,42.171,42.241,672,0
2014-10-02,21:05:00,42.271,42.271,42.271,42.271,602,0
2014-10-02,21:55:00,42.161,42.161,42.161,42.161,201,0
2014-10-03,15:45:00,42.411,42.411,42.411,42.411,301,0
2014-10-03,16:20:00,42.52,42.52,42.52,42.52,301,0
2014-10-03,16:40:00,42.361,42.361,42.341,42.341,1229,0
2014-10-03,16:45:00,42.49,42.49,42.49,42.49,502,0
2014-10-03,17:05:00,42.6,42.61,42.6,42.61,301,0
2014-10-03,18:10:00,42.71,42.71,42.71,42.71,401,0
2014-10-03,19:50:00,42.48,42.49,42.47,42.49,3261,0
2014-10-03,20:35:00,42.58,42.58,42.58,42.58,843,0
2014-10-03,20:45:00,42.59,42.59,42.59,42.59,231,0
2014-10-03,21:00:00,42.56,42.56,42.56,42.56,100,0
2014-10-03,21:45:00,42.48,42.48,42.48,42.48,351,0
2014-10-03,21:55:00,42.45,42.45,42.45,42.45,839,0
2014-10-03,22:00:00,42.411,42.411,42.411,42.411,839,0
2014-10-06,15:35:00,42.61,42.61,42.53,42.53,301,0
2014-10-06,16:20:00,42.331,42.411,42.331,42.341,1003,0
2014-10-06,16:30:00,42.221,42.221,42.221,42.221,100,0
2014-10-06,16:35:00,42.291,42.291,42.291,42.291,7091,0
2014-10-06,17:10:00,42.231,42.231,42.122,42.122,803,0
2014-10-06,17:15:00,42.132,42.132,42.132,42.132,502,0
2014-10-06,20:55:00,42.241,42.241,42.241,42.241,201,0
2014-10-06,21:05:00,42.231,42.231,42.231,42.231,401,0
2014-10-06,22:00:00,42.142,42.142,42.142,42.142,502,0
2014-10-07,15:45:00,41.713,41.713,41.713,41.713,602,0
2014-10-07,15:55:00,41.663,41.663,41.663,41.663,201,0
2014-10-07,16:00:00,41.673,41.673,41.663,41.663,1647,0
2014-10-07,16:50:00,41.852,41.862,41.852,41.862,502,0
2014-10-07,17:00:00,41.842,41.842,41.842,41.842,803,0
2014-10-07,17:05:00,41.703,41.723,41.703,41.723,502,0
2014-10-07,17:10:00,41.693,41.693,41.693,41.693,301,0
2014-10-07,17:15:00,41.693,41.693,41.693,41.693,181,0
2014-10-07,17:20:00,41.693,41.693,41.693,41.693,301,0
2014-10-07,17:25:00,41.723,41.723,41.723,41.723,201,0
2014-10-07,18:40:00,41.803,41.813,41.803,41.813,401,0
2014-10-07,19:00:00,41.803,41.803,41.803,41.803,201,0
2014-10-07,19:05:00,41.813,41.813,41.813,41.813,201,0
2014-10-07,20:10:00,41.633,41.633,41.633,41.633,339,0
2014-10-07,20:15:00,41.693,41.693,41.693,41.693,502,0
2014-10-07,20:40:00,41.573,41.573,41.573,41.573,201,0
2014-10-07,20:55:00,41.663,41.663,41.663,41.663,119,0
2014-10-07,21:15:00,41.454,41.514,41.454,41.454,381,0
2014-10-07,21:35:00,41.464,41.484,41.464,41.484,1661,0
2014-10-08,16:30:00,41.045,41.055,41.045,41.055,1304,0
2014-10-08,17:35:00,40.935,40.935,40.935,40.935,401,0
2014-10-08,17:45:00,40.876,40.876,40.876,40.876,803,0
2014-10-08,17:55:00,40.856,40.856,40.856,40.856,100,0
2014-10-08,18:00:00,40.896,40.896,40.896,40.896,301,0
2014-10-08,18:30:00,40.935,40.935,40.935,40.935,261,0
2014-10-08,20:40:00,41.872,41.872,41.872,41.872,652,0
2014-10-08,20:50:00,41.912,41.912,41.912,41.912,4414,0
2014-10-08,21:35:00,41.942,41.942,41.882,41.882,1154,0
2014-10-08,22:00:00,42.002,42.062,42.002,42.062,1405,0
2014-10-09,15:50:00,41.603,41.603,41.603,41.603,150,0
2014-10-09,16:15:00,41.394,41.394,41.394,41.394,401,0
2014-10-09,16:20:00,41.454,41.454,41.454,41.454,100,0
2014-10-09,16:30:00,41.444,41.474,41.444,41.474,803,0
2014-10-09,16:35:00,41.374,41.374,41.374,41.374,100,0
2014-10-09,16:40:00,41.334,41.334,41.334,41.334,100,0
2014-10-09,16:50:00,41.374,41.424,41.374,41.424,602,0
2014-10-09,16:55:00,41.354,41.354,41.354,41.354,150,0
2014-10-09,17:05:00,41.424,41.434,41.424,41.434,502,0
2014-10-09,17:10:00,41.474,41.474,41.474,41.474,301,0
2014-10-09,17:15:00,41.484,41.484,41.484,41.484,401,0
2014-10-09,17:25:00,41.543,41.543,41.543,41.543,401,0
2014-10-09,17:30:00,41.524,41.524,41.524,41.524,903,0
2014-10-09,17:35:00,41.504,41.504,41.504,41.504,301,0
2014-10-09,17:40:00,41.504,41.504,41.434,41.434,903,0
2014-10-09,17:45:00,41.234,41.234,41.234,41.234,201,0
2014-10-09,17:50:00,41.185,41.195,41.185,41.195,903,0
2014-10-09,17:55:00,41.155,41.155,41.155,41.155,401,0
2014-10-09,18:15:00,41.035,41.035,41.035,41.035,731,0
2014-10-09,18:55:00,41.025,41.025,41.025,41.025,803,0
2014-10-09,20:20:00,40.985,40.985,40.935,40.985,2057,0
2014-10-09,20:40:00,41.035,41.065,41.025,41.025,4128,0
2014-10-09,20:45:00,41.015,41.015,41.015,41.015,100,0
2014-10-09,20:55:00,41.035,41.035,41.035,41.035,4379,0
2014-10-09,21:30:00,40.916,40.965,40.916,40.965,201,0
2014-10-09,21:35:00,40.916,40.945,40.916,40.945,351,0
2014-10-09,21:50:00,40.896,40.896,40.896,40.896,100,0
2014-10-10,15:35:00,40.437,40.437,40.268,40.268,618,0
2014-10-10,15:40:00,40.746,40.746,40.746,40.746,803,0
2014-10-10,15:45:00,40.965,40.965,40.965,40.965,201,0
2014-10-10,15:55:00,40.866,40.876,40.846,40.846,422,0
2014-10-10,16:25:00,40.477,40.477,40.477,40.477,401,0
2014-10-10,16:35:00,40.298,40.347,40.298,40.347,602,0
2014-10-10,16:40:00,40.427,40.427,40.427,40.427,201,0
2014-10-10,16:45:00,40.407,40.407,40.407,40.407,322,0
2014-10-10,16:50:00,40.377,40.377,40.377,40.377,201,0
2014-10-10,16:55:00,40.467,40.467,40.467,40.467,201,0
2014-10-10,17:05:00,40.497,40.497,40.467,40.467,201,0
2014-10-10,17:50:00,40.636,40.636,40.597,40.636,1304,0
2014-10-10,17:55:00,40.646,40.696,40.636,40.636,1268,0
2014-10-10,18:05:00,40.736,40.736,40.736,40.736,301,0
2014-10-10,18:10:00,40.786,40.786,40.786,40.786,100,0
2014-10-10,19:20:00,40.786,40.786,40.786,40.786,2809,0
2014-10-10,22:00:00,40.268,40.347,40.268,40.268,10450,0
2014-10-13,15:35:00,40.268,40.268,40.198,40.198,1848,0
2014-10-13,18:40:00,40.756,40.756,40.756,40.756,1003,0
2014-10-13,19:05:00,40.856,40.856,40.856,40.856,1262,0
2014-10-13,19:45:00,40.786,40.786,40.786,40.786,1405,0
2014-10-14,15:40:00,40.786,40.786,40.786,40.786,505,0
2014-10-14,15:55:00,40.617,40.617,40.617,40.617,100,0
2014-10-14,16:15:00,40.776,40.776,40.776,40.776,251,0
2014-10-14,16:40:00,40.617,40.617,40.617,40.617,803,0
2014-10-14,16:50:00,40.686,40.686,40.686,40.686,100,0
2014-10-14,16:55:00,40.726,40.726,40.726,40.726,201,0
2014-10-14,17:00:00,40.816,40.826,40.816,40.826,602,0
2014-10-14,17:10:00,40.776,40.776,40.776,40.776,301,0
2014-10-14,18:15:00,41.195,41.195,41.195,41.195,201,0
2014-10-14,19:30:00,40.975,40.975,40.955,40.955,3562,0
2014-10-14,20:10:00,40.866,40.866,40.846,40.846,450,0
2014-10-14,20:25:00,40.666,40.666,40.666,40.666,502,0
2014-10-14,21:25:00,40.507,40.507,40.507,40.507,614,0
2014-10-15,15:35:00,40.058,40.058,39.809,39.809,1133,0
2014-10-15,15:40:00,40.108,40.108,40.108,40.108,201,0
2014-10-15,16:05:00,40.357,40.357,40.357,40.357,859,0
2014-10-15,16:30:00,40.786,40.786,40.786,40.786,602,0
2014-10-15,18:10:00,40.447,40.447,40.447,40.447,5016,0
2014-10-15,18:15:00,40.407,40.407,40.407,40.407,100,0
2014-10-15,18:20:00,40.367,40.367,40.357,40.357,1104,0
2014-10-15,18:40:00,40.547,40.547,40.547,40.547,201,0
2014-10-15,19:25:00,40.258,40.258,40.258,40.258,502,0
2014-10-15,19:30:00,40.178,40.178,40.178,40.178,702,0
2014-10-15,19:35:00,40.218,40.228,40.218,40.228,294,0
2014-10-15,19:40:00,40.327,40.327,40.327,40.327,7023,0
2014-10-15,20:20:00,40.567,40.567,40.327,40.327,789,0
2014-10-15,20:50:00,40.547,40.567,40.547,40.557,7525,0
2014-10-15,20:55:00,40.587,40.636,40.587,40.636,4385,0
2014-10-15,21:10:00,40.597,40.597,40.597,40.597,301,0
2014-10-15,21:15:00,40.636,40.846,40.636,40.816,3812,0
2014-10-15,21:20:00,40.766,40.766,40.766,40.766,301,0
2014-10-15,21:25:00,40.736,40.746,40.736,40.736,3612,0
2014-10-15,21:30:00,40.766,40.766,40.766,40.766,803,0
2014-10-15,21:50:00,41.424,41.424,41.294,41.294,1003,0
2014-10-16,15:40:00,41.095,41.095,41.095,41.095,673,0
2014-10-16,15:45:00,40.955,41.075,40.955,41.075,903,0
2014-10-16,16:40:00,41.693,41.693,41.693,41.693,502,0
2014-10-16,17:15:00,41.733,41.733,41.733,41.733,301,0
2014-10-16,17:40:00,41.524,41.524,41.524,41.524,401,0
2014-10-16,18:00:00,41.494,41.504,41.494,41.494,602,0
2014-10-16,18:40:00,41.474,41.484,41.474,41.474,5908,0
2014-10-16,18:45:00,41.653,41.653,41.653,41.653,2107,0
2014-10-16,19:50:00,42.062,42.062,42.062,42.062,1003,0
2014-10-16,20:00:00,41.892,41.892,41.892,41.892,3764,0
2014-10-16,20:35:00,41.962,41.962,41.962,41.962,1003,0
2014-10-16,21:25:00,41.982,42.002,41.982,41.982,702,0
2014-10-17,15:40:00,42.191,42.191,42.191,42.191,301,0
2014-10-17,15:50:00,42.102,42.102,42.102,42.102,301,0
2014-10-17,17:35:00,41.872,41.872,41.872,41.872,1417,0
2014-10-17,18:15:00,41.862,41.862,41.862,41.862,833,0
2014-10-17,18:30:00,41.803,41.803,41.803,41.803,241,0
2014-10-17,19:05:00,41.813,41.813,41.813,41.813,301,0
2014-10-17,19:40:00,41.673,41.673,41.673,41.673,201,0
2014-10-17,20:45:00,41.514,41.514,41.514,41.514,150,0
2014-10-17,20:55:00,41.514,41.514,41.514,41.514,4214,0
2014-10-20,16:00:00,41.623,41.623,41.623,41.623,351,0
2014-10-20,17:05:00,41.862,41.862,41.862,41.862,301,0
2014-10-20,18:10:00,41.823,41.823,41.823,41.823,100,0
2014-10-20,18:30:00,41.813,41.813,41.813,41.813,6120,0
2014-10-20,18:35:00,41.813,41.813,41.813,41.813,38526,0
2014-10-20,19:30:00,41.813,41.813,41.803,41.803,38446,0
2014-10-20,21:20:00,41.833,41.833,41.833,41.833,478,0
2014-10-20,22:00:00,41.952,41.952,41.952,41.952,552,0
2014-10-21,15:50:00,42.341,42.341,42.341,42.341,301,0
2014-10-21,16:30:00,42.431,42.431,42.431,42.431,401,0
2014-10-21,16:35:00,42.441,42.441,42.441,42.441,100,0
2014-10-21,16:50:00,42.45,42.45,42.45,42.45,100,0
2014-10-21,17:25:00,42.46,42.46,42.46,42.46,1634,0
2014-10-21,17:45:00,42.49,42.5,42.49,42.5,702,0
2014-10-21,18:20:00,42.361,42.361,42.361,42.361,602,0
2014-10-21,20:10:00,42.421,42.421,42.411,42.411,8679,0
2014-10-21,20:15:00,42.391,42.391,42.391,42.391,7676,0
2014-10-21,21:00:00,42.54,42.54,42.54,42.54,1505,0
2014-10-21,21:25:00,42.58,42.58,42.58,42.58,100,0
2014-10-21,21:40:00,42.5,42.5,42.5,42.5,100,0
2014-10-22,16:45:00,42.51,42.51,42.51,42.51,201,0
2014-10-22,17:15:00,42.67,42.67,42.67,42.67,224,0
2014-10-22,18:10:00,42.51,42.51,42.51,42.51,201,0
2014-10-22,18:15:00,42.51,42.51,42.51,42.51,803,0
2014-10-22,18:20:00,42.5,42.5,42.5,42.5,2408,0
2014-10-22,19:15:00,42.371,42.381,42.361,42.381,10635,0
2014-10-22,20:55:00,42.122,42.122,42.092,42.092,2408,0
2014-10-22,21:55:00,41.852,41.982,41.852,41.982,1605,0
2014-10-23,15:45:00,42.291,42.291,42.241,42.241,1104,0
2014-10-23,17:25:00,42.779,42.779,42.63,42.65,15719,0
2014-10-23,18:05:00,42.75,42.75,42.75,42.75,634,0
2014-10-23,18:55:00,42.65,42.65,42.65,42.65,2709,0
2014-10-24,15:35:00,42.61,42.61,42.61,42.61,1039,0
2014-10-24,17:50:00,42.47,42.47,42.47,42.47,2408,0
2014-10-24,20:45:00,42.51,42.51,42.51,42.51,570,0
2014-10-24,21:00:00,42.391,42.391,42.391,42.391,451,0
2014-10-24,21:30:00,42.47,42.47,42.47,42.47,1204,0
2014-10-24,21:45:00,42.53,42.53,42.53,42.53,100,0
2014-10-27,14:35:00,42.321,42.321,42.321,42.321,120,0
2014-10-27,15:25:00,42.032,42.032,42.032,42.032,201,0
2014-10-27,16:20:00,42.171,42.171,42.171,42.171,2035,0
2014-10-27,19:55:00,42.321,42.321,42.321,42.321,1605,0
2014-10-28,14:55:00,42.56,42.56,42.56,42.56,401,0
2014-10-28,15:05:00,42.859,42.859,42.859,42.859,401,0
2014-10-28,16:25:00,43.268,43.268,43.268,43.268,870,0
2014-10-28,18:25:00,43.248,43.248,43.178,43.178,1836,0
2014-10-28,19:20:00,43.387,43.387,43.387,43.387,268,0
2014-10-28,19:30:00,43.487,43.487,43.487,43.487,702,0
2014-10-28,20:25:00,43.627,43.627,43.627,43.627,502,0
2014-10-29,14:35:00,43.766,44.015,43.766,44.015,2117,0
2014-10-29,14:45:00,43.916,43.916,43.916,43.916,100,0
2014-10-29,14:50:00,43.946,43.946,43.946,43.946,201,0
2014-10-29,16:30:00,43.766,43.776,43.756,43.756,7324,0
2014-10-29,17:30:00,43.517,43.517,43.517,43.517,301,0
2014-10-29,19:25:00,43.447,43.447,43.447,43.447,1204,0
2014-10-29,20:15:00,43.607,43.617,43.597,43.607,5835,0
2014-10-30,19:15:00,44.334,44.334,44.334,44.334,397,0
2014-10-30,19:35:00,44.304,44.304,44.304,44.304,2095,0
2014-10-30,20:10:00,43.886,43.886,43.886,43.886,263,0
2014-10-30,20:30:00,43.926,43.926,43.926,43.926,401,0
2014-10-31,14:35:00,44.673,44.673,44.673,44.673,343,0
2014-10-31,15:25:00,44.743,44.743,44.623,44.623,1505,0
2014-10-31,15:40:00,44.633,44.633,44.633,44.633,2985,0
2014-10-31,16:10:00,44.593,44.593,44.593,44.593,301,0
2014-10-31,16:25:00,44.554,44.554,44.554,44.554,251,0
2014-10-31,16:30:00,44.554,44.554,44.554,44.554,251,0
2014-10-31,16:35:00,44.663,44.663,44.663,44.663,100,0
2014-10-31,17:30:00,44.484,44.484,44.474,44.474,1003,0
2014-10-31,17:40:00,44.454,44.454,44.454,44.454,502,0
2014-10-31,17:50:00,44.464,44.464,44.464,44.464,472,0
2014-10-31,19:55:00,44.673,44.673,44.673,44.673,803,0
2014-10-31,21:00:00,44.873,44.873,44.873,44.873,203,0
2014-11-03,15:40:00,44.853,44.853,44.723,44.723,401,0
2014-11-03,15:45:00,44.623,44.623,44.623,44.623,251,0
2014-11-03,15:55:00,44.793,44.793,44.793,44.793,301,0
2014-11-03,16:05:00,44.952,44.952,44.952,44.952,10535,0
2014-11-03,17:50:00,44.743,44.743,44.743,44.743,231,0
2014-11-03,18:50:00,44.743,44.743,44.743,44.743,1605,0
2014-11-03,19:20:00,45.002,45.002,45.002,45.002,165,0
2014-11-03,20:40:00,44.633,44.633,44.633,44.633,251,0
2014-11-03,21:25:00,44.583,44.583,44.583,44.583,536,0
2014-11-03,22:00:00,44.564,44.583,44.454,44.583,554,0
2014-11-04,15:40:00,44.554,44.554,44.554,44.554,2007,0
2014-11-04,19:10:00,44.255,44.255,44.255,44.255,1106,0
2014-11-04,20:05:00,44.354,44.354,44.344,44.354,803,0
2014-11-04,21:45:00,44.275,44.275,44.275,44.275,301,0
2014-11-05,15:40:00,44.564,44.564,44.454,44.454,401,0
2014-11-05,15:55:00,44.344,44.344,44.344,44.344,201,0
2014-11-05,16:05:00,44.414,44.414,44.414,44.414,24076,0
2014-11-05,16:35:00,44.354,44.354,44.354,44.354,602,0
2014-11-05,17:30:00,44.504,44.504,44.504,44.504,1605,0
2014-11-05,17:35:00,44.494,44.494,44.424,44.424,2207,0
2014-11-05,18:00:00,44.504,44.504,44.504,44.504,201,0
2014-11-05,19:15:00,44.394,44.394,44.394,44.394,1505,0
2014-11-05,21:05:00,44.394,44.394,44.394,44.394,602,0
2014-11-05,21:50:00,44.314,44.324,44.314,44.324,7725,0
2014-11-05,22:00:00,44.494,44.494,44.494,44.494,1891,0
2014-11-06,16:25:00,44.145,44.145,44.145,44.145,226,0
2014-11-06,16:35:00,44.135,44.135,44.135,44.135,502,0
2014-11-06,17:00:00,44.275,44.275,44.275,44.275,803,0
2014-11-06,19:05:00,44.374,44.374,44.374,44.374,1605,0
2014-11-06,19:20:00,44.424,44.424,44.414,44.424,401,0
2014-11-06,21:20:00,44.454,44.454,44.454,44.454,401,0
2014-11-06,21:25:00,44.444,44.454,44.344,44.384,1104,0
2014-11-07,16:35:00,44.245,44.245,44.245,44.245,100,0
2014-11-07,17:00:00,44.404,44.404,44.404,44.404,181,0
2014-11-07,18:10:00,44.484,44.484,44.484,44.484,502,0
2014-11-07,19:35:00,44.593,44.593,44.593,44.593,1003,0
2014-11-10,15:35:00,44.633,44.633,44.633,44.633,401,0
2014-11-10,17:00:00,44.922,44.922,44.922,44.922,602,0
2014-11-10,17:55:00,44.723,44.723,44.723,44.723,104,0
2014-11-10,18:35:00,44.633,44.633,44.633,44.633,301,0
2014-11-10,19:30:00,44.713,44.713,44.713,44.713,401,0
2014-11-10,20:20:00,44.693,44.693,44.693,44.693,301,0
2014-11-10,21:25:00,44.733,44.733,44.733,44.733,1888,0
2014-11-11,15:45:00,44.663,44.663,44.663,44.663,176,0
2014-11-11,15:50:00,44.723,44.723,44.723,44.723,301,0
2014-11-11,15:55:00,44.763,44.763,44.723,44.723,768,0
2014-11-11,16:40:00,44.843,44.843,44.843,44.843,11728,0
2014-11-11,17:15:00,44.773,44.773,44.773,44.773,140,0
2014-11-11,18:10:00,44.713,44.713,44.703,44.703,301,0
2014-11-11,18:50:00,44.703,44.773,44.703,44.773,677,0
2014-11-12,15:45:00,44.713,44.713,44.713,44.713,602,0
2014-11-12,16:00:00,44.683,44.683,44.643,44.643,426,0
2014-11-12,16:05:00,44.743,44.743,44.713,44.743,3782,0
2014-11-12,16:15:00,44.723,44.753,44.723,44.753,2227,0
2014-11-12,16:20:00,44.743,44.743,44.723,44.723,221,0
2014-11-12,16:25:00,44.773,44.773,44.773,44.773,752,0
2014-11-12,16:35:00,44.773,44.773,44.773,44.773,391,0
2014-11-12,17:20:00,44.753,44.753,44.753,44.753,2308,0
2014-11-12,17:25:00,44.773,44.803,44.773,44.803,201,0
2014-11-12,17:30:00,44.833,44.833,44.833,44.833,201,0
2014-11-12,18:00:00,44.813,44.813,44.813,44.813,502,0
2014-11-12,18:05:00,44.942,44.942,44.932,44.932,401,0
2014-11-12,19:05:00,44.922,44.922,44.873,44.902,612,0
2014-11-12,19:10:00,44.912,44.912,44.912,44.912,462,0
2014-11-12,19:15:00,44.982,44.982,44.982,44.982,485,0
2014-11-12,19:20:00,44.873,44.902,44.873,44.902,2719,0
2014-11-12,19:30:00,44.873,44.932,44.873,44.912,1249,0
2014-11-12,19:45:00,44.952,44.952,44.952,44.952,1003,0
2014-11-12,20:05:00,44.922,44.962,44.922,44.952,1625,0
2014-11-12,20:30:00,45.012,45.062,45.012,45.062,1589,0
2014-11-12,20:40:00,45.012,45.052,45.012,45.052,301,0
2014-11-12,20:45:00,45.012,45.012,45.012,45.012,2287,0
2014-11-12,20:50:00,44.982,44.982,44.982,44.982,100,0
2014-11-12,20:55:00,44.912,44.942,44.912,44.942,1605,0
2014-11-12,21:10:00,45.022,45.022,45.022,45.022,100,0
2014-11-12,21:40:00,45.012,45.012,45.012,45.012,201,0
2014-11-13,15:55:00,45.102,45.102,45.102,45.102,1385,0
2014-11-13,16:05:00,45.082,45.122,45.082,45.122,1023,0
2014-11-13,16:10:00,45.072,45.072,45.072,45.072,301,0
2014-11-13,16:15:00,45.072,45.102,45.072,45.072,622,0
2014-11-13,16:20:00,45.102,45.142,45.102,45.142,1515,0
2014-11-13,16:35:00,45.172,45.172,45.172,45.172,306,0
2014-11-13,16:40:00,45.152,45.152,45.152,45.152,176,0
2014-11-13,16:45:00,45.072,45.072,45.072,45.072,301,0
2014-11-13,16:55:00,45.032,45.062,45.032,45.062,798,0
2014-11-13,17:05:00,44.962,44.992,44.922,44.942,1063,0
2014-11-13,17:10:00,44.922,44.922,44.922,44.922,311,0
2014-11-13,17:15:00,44.853,44.853,44.853,44.853,100,0
2014-11-13,17:20:00,44.793,44.813,44.793,44.793,1906,0
2014-11-13,17:30:00,44.803,44.833,44.803,44.833,1204,0
2014-11-13,17:35:00,44.753,44.753,44.753,44.753,266,0
2014-11-13,17:40:00,44.723,44.753,44.703,44.703,1264,0
2014-11-13,18:35:00,44.803,44.803,44.803,44.803,1003,0
2014-11-13,21:45:00,44.613,44.613,44.613,44.613,301,0
2014-11-14,15:45:00,44.524,44.603,44.474,44.474,670,0
2014-11-14,16:05:00,44.524,44.524,44.524,44.524,803,0
2014-11-14,16:10:00,44.534,44.534,44.534,44.534,401,0
2014-11-14,16:40:00,44.464,44.524,44.464,44.524,602,0
2014-11-14,17:05:00,44.514,44.554,44.514,44.554,1204,0
2014-11-14,18:45:00,44.554,44.554,44.554,44.554,201,0
2014-11-14,19:40:00,44.613,44.613,44.613,44.613,1204,0
2014-11-14,20:35:00,44.613,44.613,44.613,44.613,602,0
2014-11-17,15:35:00,44.434,44.434,44.434,44.434,632,0
2014-11-17,15:40:00,44.583,44.583,44.583,44.583,100,0
2014-11-17,16:30:00,44.484,44.484,44.484,44.484,401,0
2014-11-17,16:40:00,44.434,44.434,44.434,44.434,201,0
2014-11-17,17:20:00,44.235,44.235,44.225,44.225,1129,0
2014-11-17,17:30:00,44.225,44.225,44.225,44.225,301,0
2014-11-17,20:35:00,44.275,44.275,44.275,44.275,692,0
2014-11-18,15:40:00,44.404,44.404,44.404,44.404,401,0
2014-11-18,15:50:00,44.454,44.454,44.454,44.454,152,0
2014-11-18,16:15:00,44.653,44.653,44.653,44.653,2043,0
2014-11-18,17:35:00,44.265,44.265,44.265,44.265,686,0
2014-11-18,19:15:00,44.474,44.474,44.474,44.474,201,0
2014-11-18,19:40:00,44.464,44.464,44.464,44.464,100,0
2014-11-18,19:45:00,44.434,44.434,44.434,44.434,903,0
2014-11-18,21:40:00,44.334,44.334,44.334,44.334,100,0
2014-11-18,22:00:00,44.354,44.354,44.354,44.354,100,0
2014-11-19,20:40:00,43.856,43.856,43.856,43.856,201,0
2014-11-20,21:00:00,44.145,44.145,44.045,44.045,301,0
2014-11-20,21:50:00,44.255,44.255,44.255,44.255,602,0
2014-11-21,15:55:00,44.713,44.713,44.713,44.713,100,0
2014-11-21,17:40:00,44.623,44.623,44.623,44.623,6822,0
2014-11-21,20:15:00,44.474,44.474,44.474,44.474,1605,0
2014-11-21,20:55:00,44.344,44.344,44.344,44.344,903,0
2014-11-24,15:35:00,44.444,44.494,44.444,44.494,401,0
2014-11-24,15:40:00,44.544,44.603,44.544,44.603,201,0
2014-11-24,18:40:00,44.613,44.613,44.613,44.613,221,0
2014-11-24,20:35:00,44.653,44.653,44.603,44.603,702,0
2014-11-24,20:50:00,44.613,44.613,44.613,44.613,1180,0
2014-11-25,16:05:00,44.873,44.873,44.873,44.873,213,0
2014-11-25,16:10:00,44.793,44.793,44.793,44.793,201,0
2014-11-25,16:15:00,44.873,44.873,44.873,44.873,401,0
2014-11-25,17:35:00,44.613,44.613,44.613,44.613,891,0
2014-11-25,20:45:00,44.843,44.843,44.843,44.843,201,0
2014-11-25,21:35:00,44.743,44.743,44.743,44.743,100,0
2014-11-26,17:10:00,44.753,44.753,44.753,44.753,612,0
2014-11-26,17:55:00,44.823,44.823,44.813,44.813,1104,0
2014-11-26,20:35:00,44.902,44.902,44.902,44.902,401,0
2014-11-28,15:40:00,44.643,44.643,44.643,44.643,100,0
2014-11-28,15:45:00,44.564,44.643,44.564,44.643,301,0
2014-11-28,16:25:00,44.623,44.623,44.623,44.623,201,0
2014-11-28,18:50:00,44.275,44.275,44.195,44.195,301,0
2014-12-01,15:50:00,43.577,43.577,43.577,43.577,100,0
2014-12-01,16:00:00,43.497,43.497,43.497,43.497,301,0
2014-12-01,17:15:00,43.328,43.328,43.328,43.328,391,0
2014-12-01,17:50:00,43.338,43.338,43.338,43.338,6020,0
2014-12-01,20:40:00,43.308,43.308,43.308,43.308,272,0
2014-12-01,21:40:00,43.348,43.348,43.348,43.348,110,0
2014-12-01,21:45:00,43.407,43.417,43.407,43.417,358,0
2014-12-02,15:45:00,43.437,43.437,43.437,43.437,100,0
2014-12-02,16:25:00,43.667,43.667,43.667,43.667,3426,0
2014-12-02,17:05:00,43.796,43.796,43.796,43.796,300,0
2014-12-02,19:30:00,43.647,43.647,43.647,43.647,402,0
2014-12-02,20:50:00,43.587,43.587,43.497,43.497,16863,0
2014-12-03,16:35:00,44.095,44.095,44.095,44.095,400,0
2014-12-03,21:35:00,44.145,44.145,44.145,44.145,119,0
2014-12-03,21:40:00,44.314,44.314,44.314,44.314,200,0
2014-12-04,15:50:00,44.015,44.015,44.015,44.015,276,0
2014-12-04,16:15:00,43.936,43.936,43.936,43.936,100,0
2014-12-04,16:35:00,43.776,43.776,43.776,43.776,300,0
2014-12-04,17:35:00,43.716,43.716,43.716,43.716,923,0
2014-12-04,17:50:00,43.796,43.796,43.796,43.796,2010,0
2014-12-05,15:45:00,43.946,43.946,43.946,43.946,201,0
2014-12-05,15:50:00,43.926,43.926,43.926,43.926,708,0
2014-12-05,16:40:00,44.205,44.265,44.205,44.255,1352,0
2014-12-05,16:50:00,44.265,44.294,44.265,44.294,901,0
2014-12-05,18:40:00,44.344,44.344,44.334,44.334,1153,0
2014-12-05,19:35:00,44.205,44.205,44.205,44.205,552,0
2014-12-05,21:05:00,44.125,44.125,44.125,44.125,545,0
2014-12-08,15:35:00,43.975,43.975,43.975,43.975,1278,0
2014-12-08,16:30:00,44.215,44.215,44.215,44.215,337,0
2014-12-08,17:00:00,44.304,44.304,44.304,44.304,100,0
2014-12-08,17:10:00,44.235,44.235,44.235,44.235,200,0
2014-12-08,17:15:00,44.245,44.245,44.245,44.245,300,0
2014-12-08,17:20:00,44.314,44.374,44.314,44.364,3810,0
2014-12-08,17:25:00,44.235,44.235,44.235,44.235,100,0
2014-12-08,17:30:00,44.245,44.245,44.245,44.245,133,0
2014-12-08,17:35:00,44.215,44.215,44.215,44.215,200,0
2014-12-08,20:15:00,43.527,43.527,43.527,43.527,169,0
2014-12-08,20:20:00,43.467,43.467,43.467,43.467,1106,0
2014-12-09,16:25:00,43.238,43.278,43.238,43.278,1234,0
2014-12-09,16:30:00,43.228,43.228,43.228,43.228,6020,0
2014-12-09,17:30:00,43.447,43.447,43.447,43.447,300,0
2014-12-09,18:10:00,43.587,43.587,43.577,43.577,1203,0
2014-12-09,18:45:00,43.816,43.816,43.816,43.816,150,0
2014-12-09,18:50:00,43.806,43.806,43.806,43.806,201,0
2014-12-09,19:15:00,43.995,43.995,43.856,43.856,733,0
2014-12-09,21:15:00,44.354,44.354,44.354,44.354,900,0
2014-12-09,21:30:00,44.324,44.324,44.324,44.324,656,0
2014-12-10,16:35:00,44.025,44.025,44.025,44.025,1310,0
2014-12-10,16:45:00,44.015,44.015,44.015,44.015,301,0
2014-12-10,17:05:00,44.205,44.205,44.205,44.205,502,0
2014-12-10,17:20:00,44.075,44.075,44.075,44.075,400,0
2014-12-10,19:50:00,43.866,43.866,43.856,43.856,1308,0
2014-12-10,20:15:00,43.667,43.726,43.667,43.667,794,0
2014-12-10,21:15:00,43.467,43.537,43.467,43.467,700,0
2014-12-10,21:40:00,43.537,43.537,43.537,43.537,880,0
2014-12-11,15:40:00,43.866,43.866,43.866,43.866,868,0
2014-12-11,16:00:00,44.135,44.145,43.995,43.995,12341,0
2014-12-11,17:10:00,44.075,44.075,44.075,44.075,352,0
2014-12-11,17:40:00,44.025,44.045,44.025,44.045,1400,0
2014-12-11,18:15:00,44.075,44.075,44.075,44.075,900,0
2014-12-11,22:00:00,43.557,43.557,43.557,43.557,502,0
2014-12-12,15:40:00,43.268,43.268,43.268,43.268,300,0
2014-12-12,16:55:00,43.258,43.258,43.258,43.258,110,0
2014-12-12,17:30:00,43.168,43.258,43.168,43.258,668,0
2014-12-12,18:35:00,43.328,43.328,43.328,43.328,702,0
2014-12-12,19:20:00,43.477,43.477,43.477,43.477,1906,0
2014-12-12,20:45:00,43.417,43.417,43.417,43.417,700,0
2014-12-12,20:55:00,43.318,43.397,43.318,43.397,800,0
2014-12-12,22:00:00,43.138,43.138,43.138,43.138,801,0
2014-12-15,15:50:00,43.397,43.397,43.397,43.397,604,0
2014-12-15,16:25:00,43.138,43.138,43.138,43.138,702,0
2014-12-15,16:35:00,43.088,43.088,43.088,43.088,662,0
2014-12-15,16:55:00,43.009,43.088,43.009,43.088,702,0
2014-12-15,17:30:00,42.61,42.61,42.61,42.61,139,0
2014-12-15,17:35:00,42.74,42.74,42.74,42.74,201,0
2014-12-15,18:25:00,42.849,42.899,42.789,42.789,700,0
2014-12-15,21:20:00,42.799,42.799,42.799,42.799,450,0
2014-12-15,21:45:00,42.74,42.74,42.74,42.74,200,0
2014-12-16,15:35:00,42.421,42.46,42.421,42.46,1104,0
2014-12-16,15:40:00,42.54,42.6,42.54,42.54,400,0
2014-12-16,15:45:00,42.7,42.769,42.7,42.769,564,0
2014-12-16,15:55:00,42.809,42.809,42.809,42.809,1395,0
2014-12-16,16:40:00,42.909,42.909,42.909,42.909,100,0
2014-12-16,16:55:00,42.939,42.939,42.939,42.939,640,0
2014-12-16,18:40:00,43.248,43.248,43.248,43.248,952,0
2014-12-16,21:50:00,42.919,42.919,42.919,42.919,301,0
2014-12-17,15:35:00,44.932,44.932,42.441,42.441,1133,0
2014-12-17,16:10:00,43.228,43.228,43.118,43.118,1496,0
2014-12-17,17:30:00,43.328,43.328,43.118,43.118,648,0
2014-12-17,18:50:00,43.447,43.447,43.447,43.447,400,0
2014-12-18,17:10:00,44.364,44.364,44.364,44.364,1004,0
2014-12-18,17:55:00,44.514,44.514,44.504,44.504,702,0
2014-12-18,18:15:00,44.623,44.623,44.623,44.623,221,0
2014-12-18,19:00:00,44.703,44.703,44.683,44.683,1834,0
2014-12-18,19:05:00,44.693,44.693,44.693,44.693,1771,0
2014-12-18,19:25:00,44.803,44.803,44.803,44.803,301,0
2014-12-18,20:45:00,44.783,44.783,44.783,44.783,200,0
2014-12-18,21:35:00,44.833,44.833,44.833,44.833,205,0
2014-12-18,21:55:00,44.873,44.873,44.873,44.873,1478,0
2014-12-19,15:50:00,44.73,44.73,44.73,44.73,100,0
2014-12-19,16:05:00,44.96,44.96,44.96,44.96,456,0
2014-12-19,16:10:00,44.96,44.96,44.96,44.96,100,0
2014-12-19,16:30:00,44.89,44.9,44.89,44.89,2230,0
2014-12-19,16:35:00,44.89,44.91,44.83,44.83,6231,0
2014-12-19,16:40:00,44.82,44.82,44.82,44.82,814,0
2014-12-19,16:45:00,44.85,44.85,44.85,44.85,100,0
2014-12-19,16:50:00,44.78,44.78,44.78,44.78,200,0
2014-12-19,18:05:00,44.93,44.93,44.93,44.93,200,0
2014-12-19,18:55:00,44.98,44.98,44.98,44.98,460,0
2014-12-19,19:20:00,45.03,45.03,45.03,45.03,100,0
2014-12-19,20:35:00,45.13,45.13,45.13,45.13,100,0
2014-12-19,21:05:00,45.11,45.13,45.11,45.13,400,0
2014-12-19,21:25:00,45.24,45.24,45.24,45.24,1170,0
2014-12-22,15:35:00,45.18,45.18,45.02,45.02,1166,0
2014-12-22,15:40:00,44.99,44.99,44.99,44.99,300,0
2014-12-22,16:50:00,45.0,45.0,45.0,45.0,1800,0
2014-12-22,22:00:00,45.15,45.15,45.15,45.15,489,0
2014-12-23,16:40:00,45.3,45.3,45.3,45.3,150,0
2014-12-23,16:55:00,45.32,45.32,45.32,45.32,3255,0
2014-12-23,17:15:00,45.24,45.24,45.24,45.24,840,0
2014-12-23,19:05:00,45.34,45.34,45.34,45.34,100,0
2014-12-23,19:30:00,45.36,45.36,45.36,45.36,200,0
2014-12-23,19:35:00,45.36,45.36,45.36,45.36,800,0
2014-12-23,19:40:00,45.33,45.33,45.33,45.33,1000,0
2014-12-23,20:50:00,45.31,45.31,45.31,45.31,274,0
2014-12-23,21:30:00,45.13,45.13,45.13,45.13,100,0
2014-12-24,16:50:00,45.41,45.41,45.41,45.41,670,0
2014-12-24,17:45:00,45.41,45.41,45.41,45.41,200,0
2014-12-24,17:55:00,45.41,45.45,45.38,45.38,2531,0
2014-12-24,18:05:00,45.49,45.49,45.49,45.49,400,0
2014-12-24,18:55:00,45.49,45.49,45.49,45.49,200,0
2014-12-26,15:40:00,45.61,45.61,45.61,45.61,6588,0
2014-12-26,19:05:00,45.73,45.73,45.73,45.73,108,0
2014-12-26,19:25:00,45.72,45.72,45.72,45.72,200,0
2014-12-26,19:50:00,45.76,45.76,45.76,45.76,503,0
2014-12-26,20:00:00,45.69,45.69,45.69,45.69,300,0
2014-12-26,20:05:00,45.8,45.8,45.79,45.79,1474,0
2014-12-26,21:25:00,45.79,45.79,45.79,45.79,500,0
2014-12-29,20:50:00,45.76,45.76,45.76,45.76,159,0
2014-12-29,21:45:00,45.87,45.87,45.87,45.87,200,0
2014-12-30,15:45:00,45.86,45.86,45.86,45.86,400,0
2014-12-30,17:15:00,45.71,45.71,45.71,45.71,100,0
2014-12-30,17:30:00,45.65,45.65,45.65,45.65,190,0
2014-12-30,20:35:00,45.65,45.65,45.65,45.65,129,0
2014-12-30,21:00:00,45.63,45.63,45.63,45.63,1000,0
2014-12-31,17:40:00,45.79,45.8,45.79,45.8,1300,0
2014-12-31,18:05:00,45.78,45.78,45.78,45.78,1300,0
2014-12-31,18:25:00,45.79,45.79,45.79,45.79,152,0
2014-12-31,18:35:00,45.67,45.69,45.67,45.69,600,0
2014-12-31,20:30:00,45.67,45.67,45.67,45.67,200,0
2014-12-31,21:40:00,45.59,45.59,45.58,45.59,6000,0
2015-01-02,16:05:00,45.56,45.56,45.56,45.56,198,0
2015-01-02,16:50:00,44.81,44.96,44.81,44.96,670,0
2015-01-02,17:10:00,44.87,44.87,44.87,44.87,300,0
2015-01-02,18:10:00,45.01,45.01,45.01,45.01,890,0
2015-01-02,20:40:00,44.98,44.98,44.97,44.98,6600,0
2015-01-02,21:15:00,45.13,45.13,45.06,45.06,1314,0
2015-01-05,15:40:00,44.89,44.89,44.89,44.89,1100,0
2015-01-05,15:45:00,44.73,44.79,44.73,44.79,200,0
2015-01-05,15:55:00,44.8,44.8,44.79,44.79,200,0
2015-01-05,16:05:00,44.75,44.75,44.75,44.75,200,0
2015-01-05,16:10:00,44.77,44.8,44.77,44.8,300,0
2015-01-05,16:30:00,44.85,44.85,44.85,44.85,100,0
2015-01-05,16:35:00,44.86,44.86,44.82,44.82,200,0
2015-01-05,16:40:00,44.83,44.83,44.83,44.83,200,0
2015-01-05,16:50:00,44.81,44.84,44.79,44.84,300,0
2015-01-05,16:55:00,44.91,44.91,44.91,44.91,300,0
2015-01-05,17:20:00,44.7,44.7,44.7,44.7,300,0
2015-01-05,18:35:00,44.63,44.63,44.63,44.63,300,0
2015-01-05,20:15:00,44.4,44.4,44.4,44.4,100,0
2015-01-05,20:45:00,44.28,44.28,44.28,44.28,345,0
2015-01-05,21:45:00,44.39,44.39,44.39,44.39,143,0
2015-01-06,15:35:00,44.48,44.48,44.37,44.37,690,0
2015-01-06,16:30:00,44.26,44.26,44.25,44.25,335,0
2015-01-06,16:55:00,44.06,44.06,44.06,44.06,4046,0
2015-01-06,17:05:00,43.92,43.92,43.9,43.9,1600,0
2015-01-06,18:10:00,43.18,43.18,43.18,43.18,100,0
2015-01-06,18:15:00,43.17,43.17,43.17,43.17,200,0
2015-01-06,18:35:00,43.28,43.28,43.28,43.28,300,0
2015-01-06,19:00:00,43.55,43.55,43.55,43.55,100,0
2015-01-06,19:20:00,43.28,43.28,43.28,43.28,700,0
2015-01-06,20:50:00,43.66,43.66,43.66,43.66,322,0
2015-01-06,21:40:00,43.65,43.65,43.65,43.65,100,0
2015-01-07,17:20:00,43.55,43.55,43.55,43.55,136,0
2015-01-07,17:55:00,43.73,43.74,43.73,43.74,3987,0
2015-01-07,18:25:00,43.79,43.79,43.79,43.79,452,0
2015-01-07,21:00:00,43.73,43.73,43.73,43.73,750,0
2015-01-07,21:50:00,43.66,43.66,43.66,43.66,302,0
2015-01-08,15:35:00,44.15,44.15,44.15,44.15,100,0
2015-01-08,15:40:00,44.21,44.21,44.21,44.21,200,0
2015-01-08,16:15:00,44.5,44.5,44.5,44.5,600,0
2015-01-08,17:50:00,44.53,44.53,44.53,44.53,690,0
2015-01-08,19:45:00,44.49,44.49,44.49,44.49,2758,0
2015-01-08,20:30:00,44.49,44.49,44.49,44.49,134,0
2015-01-08,22:00:00,44.53,44.53,44.53,44.53,100,0
2015-01-09,16:10:00,44.34,44.34,44.34,44.34,200,0
2015-01-09,16:30:00,44.31,44.31,44.31,44.31,302,0
2015-01-09,17:00:00,44.38,44.38,44.38,44.38,100,0
2015-01-09,17:05:00,44.28,44.28,44.28,44.28,100,0
2015-01-09,17:20:00,44.16,44.16,44.16,44.16,400,0
2015-01-09,17:45:00,44.23,44.23,44.23,44.23,300,0
2015-01-09,18:00:00,44.25,44.25,44.25,44.25,300,0
2015-01-09,18:15:00,44.34,44.34,44.34,44.34,100,0
2015-01-09,18:35:00,44.39,44.39,44.39,44.39,300,0
2015-01-09,18:50:00,44.37,44.37,44.37,44.37,100,0
2015-01-09,19:00:00,44.32,44.32,44.27,44.27,600,0
2015-01-09,19:40:00,44.29,44.29,44.29,44.29,100,0
2015-01-09,19:55:00,44.37,44.37,44.37,44.37,100,0
2015-01-09,20:05:00,44.37,44.37,44.37,44.37,100,0
2015-01-09,20:10:00,44.36,44.36,44.36,44.36,100,0
2015-01-09,20:15:00,44.41,44.41,44.41,44.41,100,0
2015-01-09,20:25:00,44.41,44.5,44.41,44.5,300,0
2015-01-09,20:35:00,44.4,44.4,44.4,44.4,1500,0
2015-01-09,20:45:00,44.31,44.31,44.31,44.31,200,0
2015-01-09,21:30:00,44.41,44.41,44.41,44.41,263,0
2015-01-09,21:40:00,44.45,44.46,44.45,44.46,1190,0
2015-01-09,22:00:00,44.31,44.31,44.31,44.31,600,0
2015-01-12,16:20:00,43.64,43.64,43.64,43.64,2108,0
2015-01-12,21:50:00,43.96,43.96,43.96,43.96,100,0
2015-01-13,16:20:00,44.63,44.63,44.63,44.63,319,0
2015-01-13,16:40:00,44.75,44.75,44.75,44.75,3896,0
2015-01-13,18:40:00,44.03,44.03,44.03,44.03,452,0
2015-01-13,20:00:00,43.6,43.6,43.6,43.6,264,0
2015-01-14,15:35:00,43.58,43.58,43.58,43.58,100,0
2015-01-14,15:45:00,43.76,43.76,43.76,43.76,100,0
2015-01-14,16:00:00,43.74,43.74,43.74,43.74,100,0
2015-01-14,16:55:00,43.76,43.76,43.76,43.76,8974,0
2015-01-14,20:35:00,43.81,43.81,43.81,43.81,300,0
2015-01-14,21:20:00,43.93,43.93,43.93,43.93,560,0
2015-01-15,16:55:00,43.4,43.4,43.4,43.4,150,0
2015-01-15,18:55:00,43.12,43.12,43.12,43.12,2200,0
2015-01-16,16:05:00,43.39,43.4,43.39,43.4,2707,0
2015-01-16,16:30:00,43.32,43.32,43.32,43.32,175,0
2015-01-16,16:35:00,43.44,43.44,43.44,43.44,750,0
2015-01-16,19:55:00,43.54,43.54,43.54,43.54,1449,0
2015-01-20,16:15:00,43.38,43.38,43.38,43.38,900,0
2015-01-20,21:50:00,43.56,43.6,43.56,43.59,1451,0
2015-01-20,21:55:00,43.58,43.58,43.58,43.58,690,0
2015-01-21,16:15:00,43.67,43.67,43.67,43.67,299,0
2015-01-21,16:45:00,43.55,43.63,43.51,43.63,1182,0
2015-01-21,17:15:00,43.71,43.71,43.71,43.71,200,0
2015-01-21,18:10:00,43.67,43.67,43.67,43.67,485,0
2015-01-21,19:30:00,43.49,43.49,43.49,43.49,400,0
2015-01-21,21:40:00,43.44,43.44,43.44,43.44,220,0
2015-01-22,15:35:00,43.56,43.56,43.56,43.56,300,0
2015-01-22,15:45:00,43.38,43.38,43.38,43.38,600,0
2015-01-22,16:05:00,43.37,43.37,43.37,43.37,1066,0
2015-01-22,17:50:00,43.73,43.73,43.64,43.64,440,0
2015-01-22,18:00:00,43.72,43.72,43.72,43.72,200,0
2015-01-22,18:10:00,43.77,43.77,43.67,43.67,200,0
2015-01-22,18:25:00,43.77,43.77,43.77,43.77,800,0
2015-01-22,18:30:00,43.82,43.82,43.82,43.82,100,0
2015-01-22,18:40:00,43.79,43.79,43.79,43.79,200,0
2015-01-22,18:45:00,43.79,43.79,43.79,43.79,300,0
2015-01-22,18:50:00,43.86,43.86,43.86,43.86,100,0
2015-01-22,19:15:00,43.83,43.83,43.79,43.79,800,0
2015-01-22,19:55:00,43.8,43.8,43.8,43.8,100,0
2015-01-22,20:00:00,43.8,43.8,43.8,43.8,200,0
2015-01-22,20:10:00,43.84,43.84,43.84,43.84,100,0
2015-01-22,20:15:00,43.83,43.83,43.83,43.83,200,0
2015-01-22,20:20:00,43.85,44.02,43.85,44.02,400,0
2015-01-22,20:25:00,44.02,44.02,44.01,44.01,700,0
2015-01-22,21:35:00,44.1,44.1,44.1,44.1,400,0
2015-01-22,21:45:00,44.14,44.14,44.14,44.14,250,0
2015-01-23,16:45:00,44.0,44.0,44.0,44.0,300,0
2015-01-23,18:05:00,44.26,44.26,44.26,44.26,200,0
2015-01-23,20:00:00,44.13,44.14,44.13,44.14,440,0
2015-01-23,20:40:00,44.0,44.01,44.0,44.01,1275,0
2015-01-23,21:15:00,44.0,44.0,43.99,43.99,1110,0
2015-01-23,21:30:00,44.14,44.15,44.14,44.15,2576,0
2015-01-26,15:35:00,44.13,44.13,44.13,44.13,400,0
2015-01-26,15:40:00,43.84,43.84,43.84,43.84,101,0
2015-01-26,15:45:00,43.86,43.86,43.86,43.86,5600,0
2015-01-27,15:50:00,44.19,44.19,44.19,44.19,362,0
2015-01-27,15:55:00,44.16,44.16,44.16,44.16,630,0
2015-01-27,16:10:00,44.2,44.2,44.2,44.2,600,0
2015-01-27,17:10:00,44.1,44.1,44.1,44.1,30008,0
2015-01-28,16:05:00,44.16,44.16,44.16,44.16,802,0
2015-01-28,16:20:00,44.16,44.16,44.16,44.16,100,0
2015-01-28,16:35:00,44.05,44.05,44.05,44.05,4500,0
2015-01-28,16:40:00,44.05,44.05,44.05,44.05,11700,0
2015-01-28,18:00:00,43.78,43.78,43.78,43.78,400,0
2015-01-28,18:40:00,44.11,44.11,44.11,44.11,215,0
2015-01-28,19:25:00,43.98,43.98,43.98,43.98,100,0
2015-01-28,20:10:00,43.76,43.76,43.76,43.76,750,0
2015-01-28,20:15:00,43.8,43.8,43.8,43.8,750,0
2015-01-28,20:20:00,43.77,43.77,43.77,43.77,1300,0
2015-01-28,20:55:00,43.85,43.85,43.85,43.85,200,0
2015-01-28,21:15:00,43.75,43.75,43.75,43.75,345,0
2015-01-29,16:15:00,43.27,43.27,43.27,43.27,624,0
2015-01-29,20:00:00,43.65,43.74,43.59,43.74,1700,0
2015-01-30,18:00:00,43.35,43.35,43.31,43.35,1400,0
2015-01-30,18:05:00,43.43,43.43,43.43,43.43,200,0
2015-01-30,18:10:00,43.4,43.4,43.4,43.4,400,0
2015-01-30,19:15:00,43.4,43.4,43.4,43.4,400,0
2015-01-30,21:10:00,43.37,43.37,43.37,43.37,500,0
2015-01-30,21:20:00,43.3,43.33,43.3,43.31,3183,0
2015-01-30,21:35:00,43.16,43.16,43.16,43.16,1370,0
2015-01-30,21:45:00,43.1,43.1,43.1,43.1,266,0
2015-02-02,15:40:00,43.26,43.26,43.26,43.26,600,0
2015-02-02,16:05:00,43.01,43.01,43.01,43.01,148,0
2015-02-02,16:10:00,42.92,42.92,42.92,42.92,224,0
2015-02-02,17:35:00,43.35,43.35,43.35,43.35,300,0
2015-02-02,18:35:00,43.35,43.35,43.35,43.35,2292,0
2015-02-02,21:15:00,43.28,43.28,43.28,43.28,100,0
2015-02-02,21:40:00,43.53,43.54,43.53,43.54,550,0
2015-02-03,17:30:00,43.7,43.7,43.7,43.7,1000,0
2015-02-03,20:05:00,44.59,44.59,44.59,44.59,100,0
2015-02-03,21:30:00,44.54,44.59,44.54,44.59,300,0
2015-02-03,21:45:00,44.59,44.59,44.59,44.59,1000,0
2015-02-03,21:50:00,44.66,44.66,44.66,44.66,340,0
2015-02-03,21:55:00,44.66,44.66,44.66,44.66,160,0
2015-02-04,15:40:00,44.31,44.34,44.31,44.33,5430,0
2015-02-04,17:20:00,44.62,44.62,44.5,44.5,2067,0
2015-02-04,18:30:00,44.54,44.54,44.54,44.54,224,0
2015-02-04,20:15:00,44.24,44.24,44.24,44.24,300,0
2015-02-04,21:35:00,44.48,44.52,44.48,44.52,1120,0
2015-02-05,16:55:00,44.9,44.9,44.9,44.9,557,0
2015-02-05,19:00:00,44.9,44.9,44.9,44.9,100,0
2015-02-05,19:10:00,44.78,44.78,44.78,44.78,750,0
2015-02-05,19:55:00,44.99,45.0,44.99,45.0,1200,0
2015-02-05,20:55:00,44.87,44.87,44.87,44.87,500,0
2015-02-05,21:05:00,45.0,45.0,45.0,45.0,700,0
2015-02-05,21:25:00,45.0,45.0,45.0,45.0,800,0
2015-02-06,17:15:00,45.1,45.21,45.1,45.21,1000,0
2015-02-06,17:25:00,45.1,45.14,45.1,45.13,4614,0
2015-02-06,17:40:00,45.16,45.16,45.16,45.16,1202,0
2015-02-06,18:35:00,45.14,45.14,45.14,45.14,3600,0
2015-02-06,21:30:00,44.91,44.91,44.91,44.91,318,0
2015-02-09,15:55:00,45.14,45.14,45.14,45.14,100,0
2015-02-09,16:05:00,45.18,45.18,45.18,45.18,1200,0
2015-02-09,18:45:00,45.18,45.18,45.18,45.18,140,0
2015-02-09,19:00:00,45.17,45.17,45.17,45.17,400,0
2015-02-09,19:50:00,44.98,44.98,44.98,44.98,100,0
2015-02-09,19:55:00,44.99,44.99,44.99,44.99,200,0
2015-02-09,21:05:00,44.89,44.89,44.89,44.89,250,0
2015-02-09,22:00:00,44.68,44.68,44.68,44.68,456,0
2015-02-10,15:55:00,44.78,44.78,44.78,44.78,1484,0
2015-02-10,19:30:00,44.62,44.62,44.62,44.62,300,0
2015-02-11,15:55:00,44.51,44.51,44.51,44.51,100,0
2015-02-11,16:25:00,44.5,44.5,44.5,44.5,102,0
2015-02-11,16:30:00,44.51,44.51,44.51,44.51,2715,0
2015-02-11,20:10:00,44.46,44.46,44.46,44.46,250,0
2015-02-12,17:40:00,44.99,45.08,44.99,45.08,7583,0
2015-02-12,17:50:00,45.08,45.08,45.08,45.08,300,0
2015-02-12,20:35:00,45.21,45.22,45.21,45.22,1300,0
2015-02-12,21:30:00,45.21,45.21,45.21,45.21,5420,0
2015-02-13,17:05:00,45.33,45.33,45.33,45.33,300,0
2015-02-13,17:30:00,45.45,45.45,45.45,45.45,100,0
2015-02-13,17:35:00,45.45,45.45,45.45,45.45,500,0
2015-02-13,17:45:00,45.45,45.45,45.45,45.45,115,0
2015-02-13,17:50:00,45.57,45.57,45.57,45.57,17664,0
2015-02-13,21:05:00,45.53,45.53,45.53,45.53,1154,0
2015-02-17,16:40:00,45.66,45.66,45.66,45.66,1444,0
2015-02-17,17:05:00,45.65,45.65,45.65,45.65,108,0
2015-02-17,17:45:00,45.61,45.61,45.56,45.57,4052,0
2015-02-17,19:45:00,45.8,45.8,45.8,45.8,2351,0
2015-02-17,20:20:00,45.68,45.68,45.68,45.68,800,0
2015-02-17,21:25:00,45.62,45.67,45.62,45.67,1000,0
2015-02-17,21:30:00,45.67,45.67,45.66,45.66,1100,0
2015-02-17,22:00:00,45.64,45.64,45.64,45.64,600,0
2015-02-18,15:35:00,45.75,45.75,45.75,45.75,502,0
2015-02-18,15:40:00,45.67,45.67,45.67,45.67,300,0
2015-02-18,15:50:00,45.73,45.73,45.73,45.73,324,0
2015-02-18,16:15:00,45.52,45.52,45.52,45.52,320,0
2015-02-18,16:20:00,45.52,45.52,45.52,45.52,425,0
2015-02-18,16:25:00,45.52,45.52,45.52,45.52,300,0
2015-02-18,17:25:00,45.68,45.68,45.66,45.66,380,0
2015-02-18,17:30:00,45.67,45.67,45.67,45.67,438,0
2015-02-18,17:35:00,45.71,45.71,45.71,45.71,440,0
2015-02-18,18:15:00,45.59,45.59,45.59,45.59,9400,0
2015-02-18,21:45:00,45.64,45.64,45.64,45.64,192,0
2015-02-18,21:50:00,45.73,45.73,45.73,45.73,201,0
2015-02-19,19:40:00,45.9,45.9,45.9,45.9,888,0
2015-02-20,16:20:00,45.4,45.4,45.4,45.4,946,0
2015-02-20,17:35:00,45.7,45.7,45.7,45.7,400,0
2015-02-20,17:40:00,45.7,45.7,45.7,45.7,100,0
2015-02-20,17:45:00,45.69,45.7,45.69,45.7,200,0
2015-02-20,17:50:00,45.7,45.7,45.7,45.7,200,0
2015-02-20,17:55:00,45.7,45.7,45.7,45.7,100,0
2015-02-20,18:00:00,45.7,45.7,45.56,45.57,768,0
2015-02-20,18:10:00,45.66,45.74,45.56,45.74,1230,0
2015-02-20,18:15:00,45.74,45.74,45.74,45.74,100,0
2015-02-20,18:20:00,45.62,45.78,45.62,45.75,1585,0
2015-02-20,18:25:00,45.7,45.72,45.61,45.72,778,0
2015-02-20,18:45:00,45.69,45.69,45.69,45.69,100,0
2015-02-20,18:50:00,45.73,45.73,45.73,45.73,100,0
2015-02-20,18:55:00,45.67,45.71,45.67,45.71,455,0
2015-02-20,19:00:00,45.67,45.67,45.66,45.67,800,0
2015-02-20,19:05:00,45.66,45.67,45.66,45.67,300,0
2015-02-20,19:10:00,45.66,45.66,45.6,45.6,200,0
2015-02-20,19:15:00,45.66,45.66,45.66,45.66,100,0
2015-02-20,19:20:00,45.67,45.67,45.67,45.67,1100,0
2015-02-20,19:50:00,45.64,45.64,45.64,45.64,1200,0
2015-02-20,19:55:00,45.59,45.59,45.59,45.59,100,0
2015-02-20,20:25:00,45.63,45.63,45.63,45.63,400,0
2015-02-20,20:30:00,45.73,45.73,45.72,45.72,300,0
2015-02-20,20:35:00,45.67,45.67,45.52,45.66,600,0
2015-02-20,20:40:00,45.66,45.68,45.6,45.67,5300,0
2015-02-23,15:45:00,45.33,45.33,45.33,45.33,100,0
2015-02-23,15:50:00,45.33,45.33,45.33,45.33,100,0
2015-02-23,15:55:00,45.21,45.21,45.21,45.21,100,0
2015-02-23,16:05:00,45.33,45.33,45.33,45.33,100,0
2015-02-23,16:15:00,45.39,45.39,45.39,45.39,200,0
2015-02-23,16:25:00,45.34,45.34,45.34,45.34,100,0
2015-02-23,16:40:00,45.36,45.36,45.36,45.36,100,0
2015-02-23,16:50:00,45.36,45.36,45.36,45.36,100,0
2015-02-23,17:05:00,45.36,45.36,45.36,45.36,200,0
2015-02-23,17:20:00,45.41,45.41,45.41,45.41,100,0
2015-02-23,17:35:00,45.55,45.55,45.55,45.55,100,0
2015-02-23,17:50:00,45.6,45.6,45.6,45.6,100,0
2015-02-23,17:55:00,45.58,45.58,45.58,45.58,220,0
2015-02-23,18:05:00,45.6,45.6,45.6,45.6,100,0
2015-02-23,18:20:00,45.58,45.58,45.58,45.58,100,0
2015-02-23,18:35:00,45.53,45.53,45.53,45.53,100,0
2015-02-23,18:50:00,45.52,45.52,45.52,45.52,100,0
2015-02-23,19:00:00,45.52,45.52,45.52,45.52,100,0
2015-02-23,19:10:00,45.53,45.53,45.53,45.53,100,0
2015-02-23,19:30:00,45.49,45.49,45.49,45.49,272,0
2015-02-23,19:35:00,45.5,45.5,45.5,45.5,500,0
