Date,Time,Open,High,Low,Close,Volume,OpenInt
2013-12-20,22:00:00,24.23,24.28,24.19,24.28,518,0
2013-12-23,16:10:00,24.297,24.297,24.249,24.297,6698,0
2013-12-24,15:50:00,24.332,24.342,24.332,24.332,3316,0
2013-12-24,16:20:00,24.239,24.267,24.201,24.257,6866,0
2013-12-24,16:50:00,24.229,24.229,24.229,24.229,314,0
2013-12-24,17:20:00,24.239,24.239,24.239,24.239,314,0
2013-12-26,16:45:00,24.316,24.316,24.248,24.306,2073,0
2013-12-26,16:50:00,24.277,24.277,24.277,24.277,3834,0
2013-12-26,17:00:00,24.277,24.277,24.277,24.277,101,0
2013-12-26,17:10:00,24.248,24.248,24.209,24.219,827,0
2013-12-26,20:00:00,24.277,24.277,24.267,24.267,209,0
2013-12-26,20:05:00,24.229,24.257,24.229,24.257,623,0
2013-12-26,20:10:00,24.239,24.239,24.201,24.201,1038,0
2013-12-27,15:55:00,24.306,24.306,24.219,24.277,1140,0
2013-12-27,16:05:00,24.257,24.257,24.229,24.229,1452,0
2013-12-27,16:25:00,24.201,24.201,24.201,24.201,623,0
2013-12-27,16:30:00,24.209,24.209,24.209,24.209,623,0
2013-12-27,16:45:00,24.219,24.229,24.219,24.229,1140,0
2013-12-27,21:15:00,24.161,24.219,24.161,24.219,247,0
2013-12-27,22:00:00,24.219,24.219,24.201,24.201,209,0
2013-12-30,16:55:00,24.325,24.325,24.325,24.325,101,0
2013-12-30,18:55:00,24.316,24.316,24.257,24.257,1245,0
2013-12-30,19:00:00,24.286,24.286,24.286,24.286,1140,0
2013-12-30,19:10:00,24.325,24.325,24.325,24.325,209,0
2013-12-30,19:35:00,24.267,24.267,24.267,24.267,314,0
2013-12-30,21:40:00,24.267,24.277,24.239,24.277,2175,0
2013-12-30,21:45:00,24.257,24.257,24.239,24.239,3626,0
2013-12-30,21:50:00,24.229,24.229,24.209,24.209,726,0
2013-12-31,17:55:00,24.325,24.325,24.325,24.325,797,0
2013-12-31,22:00:00,24.248,24.248,24.248,24.248,101,0
2014-01-02,16:05:00,24.306,24.306,24.306,24.306,430,0
2014-01-06,18:05:00,24.239,24.239,24.239,24.239,1097,0
2014-01-06,19:15:00,24.248,24.248,24.248,24.248,366,0
2014-01-07,21:35:00,24.267,24.277,24.267,24.277,333,0
2014-01-09,19:45:00,24.342,24.342,24.342,24.342,1038,0
2014-01-09,19:50:00,24.352,24.352,24.352,24.352,1979,0
2014-01-09,20:30:00,24.306,24.306,24.306,24.306,895,0
2014-01-13,17:55:00,24.507,24.507,24.467,24.487,1347,0
2014-01-13,18:00:00,24.487,24.497,24.487,24.487,1038,0
2014-01-13,18:55:00,24.467,24.507,24.467,24.497,1452,0
2014-01-13,19:00:00,24.497,24.507,24.497,24.497,1038,0
2014-01-13,19:15:00,24.477,24.507,24.477,24.497,2073,0
2014-01-13,19:30:00,24.477,24.507,24.458,24.458,2901,0
2014-01-13,19:55:00,24.477,24.507,24.477,24.497,1659,0
2014-01-13,21:40:00,24.477,24.477,24.467,24.467,515,0
2014-01-13,21:45:00,24.477,24.477,24.477,24.477,414,0
2014-01-14,21:05:00,24.41,24.497,24.41,24.487,3420,0
2014-01-14,21:10:00,24.477,24.477,24.477,24.477,101,0
2014-01-14,21:30:00,24.467,24.497,24.449,24.449,3004,0
2014-01-14,21:35:00,24.467,24.487,24.43,24.43,3420,0
2014-01-14,21:40:00,24.449,24.467,24.439,24.458,4663,0
2014-01-14,21:45:00,24.449,24.449,24.439,24.439,726,0
2014-01-14,21:50:00,24.449,24.449,24.449,24.449,515,0
2014-01-15,17:00:00,24.487,24.487,24.439,24.449,1347,0
2014-01-15,17:05:00,24.487,24.487,24.458,24.458,1140,0
2014-01-15,17:10:00,24.449,24.467,24.439,24.467,2486,0
2014-01-15,17:15:00,24.449,24.467,24.449,24.467,3111,0
2014-01-15,17:20:00,24.458,24.477,24.43,24.439,2800,0
2014-01-15,20:20:00,24.43,24.439,24.43,24.439,1140,0
2014-01-15,20:30:00,24.41,24.41,24.41,24.41,827,0
2014-01-15,20:35:00,24.449,24.449,24.43,24.43,209,0
2014-01-15,20:45:00,24.467,24.467,24.467,24.467,681,0
2014-01-15,21:40:00,24.439,24.487,24.439,24.449,1659,0
2014-01-15,21:45:00,24.439,24.449,24.439,24.449,414,0
2014-01-16,16:10:00,24.439,24.439,24.439,24.439,1191,0
2014-01-16,17:45:00,24.527,24.527,24.477,24.477,3004,0
2014-01-16,17:50:00,24.477,24.497,24.477,24.487,4768,0
2014-01-16,17:55:00,24.477,24.477,24.477,24.477,209,0
2014-01-16,21:10:00,24.497,24.497,24.487,24.487,515,0
2014-01-16,21:15:00,24.487,24.487,24.487,24.487,209,0
2014-01-17,16:20:00,24.537,24.537,24.477,24.497,8189,0
2014-01-17,16:25:00,24.487,24.487,24.487,24.487,101,0
2014-01-17,17:10:00,24.477,24.537,24.467,24.517,6193,0
2014-01-17,19:15:00,24.467,24.467,24.467,24.467,314,0
2014-01-17,19:50:00,24.507,24.507,24.507,24.507,101,0
2014-01-17,20:40:00,24.497,24.497,24.477,24.477,314,0
2014-01-17,20:45:00,24.467,24.507,24.458,24.458,3834,0
2014-01-17,21:20:00,24.458,24.458,24.458,24.458,101,0
2014-01-17,21:25:00,24.477,24.477,24.477,24.477,209,0
2014-01-17,21:30:00,24.467,24.467,24.458,24.458,1554,0
2014-01-17,21:35:00,24.487,24.517,24.487,24.517,414,0
2014-01-17,21:40:00,24.507,24.527,24.497,24.507,2901,0
2014-01-21,16:50:00,24.507,24.507,24.507,24.507,651,0
2014-01-21,18:40:00,24.537,24.566,24.507,24.556,9948,0
2014-01-21,18:45:00,24.537,24.566,24.517,24.517,6529,0
2014-01-21,18:50:00,24.507,24.507,24.507,24.507,101,0
2014-01-21,20:50:00,24.507,24.507,24.507,24.507,209,0
2014-01-21,20:55:00,24.576,24.576,24.576,24.576,2486,0
2014-01-21,21:35:00,24.527,24.527,24.527,24.527,101,0
2014-01-21,21:55:00,24.507,24.507,24.507,24.507,726,0
2014-01-22,18:00:00,24.576,24.576,24.497,24.556,6115,0
2014-01-22,18:15:00,24.527,24.566,24.517,24.556,1970,0
2014-01-22,18:20:00,24.537,24.537,24.507,24.507,1554,0
2014-01-22,18:30:00,24.527,24.556,24.517,24.537,2385,0
2014-01-22,18:55:00,24.507,24.517,24.507,24.517,1761,0
2014-01-22,19:15:00,24.527,24.527,24.527,24.527,1038,0
2014-01-22,20:50:00,24.517,24.517,24.517,24.517,101,0
2014-01-22,21:50:00,24.497,24.497,24.487,24.487,209,0
2014-01-23,17:45:00,24.594,24.594,24.497,24.556,3834,0
2014-01-23,17:55:00,24.527,24.527,24.527,24.527,101,0
2014-01-23,18:00:00,24.507,24.576,24.507,24.546,2901,0
2014-01-23,18:10:00,24.537,24.556,24.537,24.556,1245,0
2014-01-23,18:20:00,24.537,24.556,24.537,24.556,1038,0
2014-01-23,18:55:00,24.517,24.594,24.517,24.566,3111,0
2014-01-23,19:10:00,24.477,24.477,24.477,24.477,209,0
2014-01-23,22:00:00,24.546,24.546,24.546,24.546,101,0
2014-01-24,19:55:00,24.566,24.566,24.487,24.537,3109,0
2014-01-24,20:20:00,24.517,24.566,24.517,24.537,2899,0
2014-01-24,20:40:00,24.517,24.517,24.517,24.517,101,0
2014-01-24,20:55:00,24.507,24.537,24.507,24.527,1244,0
2014-01-27,15:35:00,24.58,24.58,24.58,24.58,414,0
2014-01-27,20:35:00,24.542,24.542,24.542,24.542,927,0
2014-01-27,22:00:00,24.375,24.375,24.375,24.375,101,0
2014-01-28,16:30:00,24.444,24.444,24.444,24.444,682,0
2014-01-28,19:20:00,24.542,24.542,24.542,24.542,1046,0
2014-01-28,20:00:00,24.444,24.444,24.444,24.444,613,0
2014-01-29,17:40:00,24.551,24.551,24.462,24.512,2280,0
2014-01-29,17:50:00,24.472,24.561,24.472,24.532,1864,0
2014-01-29,19:30:00,24.502,24.502,24.502,24.502,101,0
2014-02-03,17:15:00,24.589,24.619,24.589,24.599,2174,0
2014-02-04,21:10:00,24.609,24.619,24.609,24.619,3011,0
2014-02-05,21:25:00,24.589,24.589,24.589,24.589,739,0
2014-02-06,19:00:00,24.492,24.492,24.492,24.492,168,0
2014-02-06,20:00:00,24.609,24.609,24.609,24.609,35004,0
2014-02-07,20:40:00,24.609,24.609,24.599,24.599,4611,0
2014-02-07,21:50:00,24.619,24.619,24.619,24.619,633,0
2014-02-11,19:45:00,24.676,24.676,24.676,24.676,2067,0
2014-02-11,19:50:00,24.676,24.676,24.676,24.676,153,0
2014-02-13,21:55:00,24.705,24.715,24.705,24.715,669,0
2014-02-18,19:15:00,24.773,24.773,24.773,24.773,122,0
2014-02-18,19:30:00,24.793,24.793,24.793,24.793,413,0
2014-02-18,19:50:00,24.793,24.793,24.793,24.793,1863,0
2014-02-18,19:55:00,24.793,24.793,24.793,24.793,399,0
2014-02-19,15:50:00,24.734,24.734,24.734,24.734,101,0
2014-02-19,16:05:00,24.753,24.753,24.743,24.743,804,0
2014-02-19,21:35:00,24.763,24.763,24.763,24.763,728,0
2014-02-25,19:55:00,24.875,24.875,24.875,24.875,208,0
2014-02-25,20:00:00,24.875,24.875,24.875,24.875,318,0
2014-03-03,19:25:00,24.971,24.971,24.971,24.971,172,0
2014-03-05,19:10:00,24.961,24.961,24.961,24.961,208,0
2014-03-05,19:55:00,24.971,24.971,24.971,24.971,2791,0
2014-03-05,20:00:00,24.971,24.971,24.971,24.971,354,0
2014-03-07,19:50:00,24.825,24.825,24.825,24.825,2995,0
2014-03-10,19:50:00,24.825,24.825,24.825,24.825,159,0
2014-03-11,18:15:00,24.885,24.885,24.885,24.885,3117,0
2014-03-12,18:20:00,24.855,24.855,24.855,24.855,942,0
2014-03-13,18:55:00,24.951,24.951,24.951,24.951,362,0
2014-03-13,19:05:00,24.951,24.951,24.951,24.951,749,0
2014-03-14,17:45:00,24.913,24.913,24.913,24.913,723,0
2014-03-18,18:20:00,24.979,24.979,24.979,24.979,398,0
2014-03-18,18:30:00,24.942,24.942,24.942,24.942,1021,0
2014-03-18,20:25:00,24.989,24.989,24.989,24.989,526,0
2014-03-19,18:50:00,24.942,24.942,24.942,24.942,724,0
2014-03-19,19:15:00,24.942,24.942,24.932,24.932,1859,0
2014-03-19,19:35:00,24.923,24.923,24.923,24.923,101,0
2014-03-21,16:35:00,24.855,24.855,24.855,24.855,463,0
2014-03-21,19:00:00,24.903,24.903,24.903,24.903,101,0
2014-03-26,15:45:00,24.928,24.928,24.928,24.928,20,0
2014-03-26,18:00:00,24.928,24.928,24.928,24.928,10,0
2014-03-26,18:25:00,24.947,24.947,24.947,24.947,64,0
2014-03-26,19:30:00,25.014,25.014,25.014,25.014,161,0
2014-03-26,19:45:00,25.014,25.014,25.014,25.014,1274,0
2014-03-28,15:00:00,25.062,25.062,25.062,25.062,101,0
2014-03-28,15:15:00,25.052,25.052,25.052,25.052,101,0
2014-03-28,15:30:00,25.052,25.052,25.052,25.052,101,0
2014-03-28,15:50:00,25.052,25.052,25.052,25.052,101,0
2014-03-28,16:15:00,25.052,25.052,25.052,25.052,101,0
2014-03-28,16:40:00,25.042,25.042,25.042,25.042,101,0
2014-03-28,17:05:00,25.032,25.032,25.032,25.032,101,0
2014-03-28,17:25:00,25.032,25.032,25.032,25.032,101,0
2014-03-28,17:50:00,25.032,25.032,25.032,25.032,101,0
2014-03-28,18:05:00,25.032,25.032,25.032,25.032,101,0
2014-03-28,18:20:00,25.032,25.032,25.032,25.032,206,0
2014-03-28,18:30:00,25.032,25.032,25.032,25.032,212,0
2014-03-28,20:30:00,25.042,25.042,25.042,25.042,372,0
2014-03-31,15:50:00,25.032,25.032,25.032,25.032,101,0
2014-03-31,16:05:00,25.042,25.042,25.042,25.042,101,0
2014-03-31,16:20:00,25.023,25.023,25.023,25.023,101,0
2014-03-31,16:30:00,25.023,25.023,25.023,25.023,101,0
2014-03-31,17:00:00,25.042,25.042,25.042,25.042,413,0
2014-03-31,19:55:00,25.052,25.052,25.052,25.052,2049,0
2014-04-02,19:50:00,24.966,24.966,24.966,24.966,7734,0
2014-04-03,17:10:00,24.994,24.994,24.994,24.994,720,0
2014-04-03,21:50:00,24.956,24.956,24.956,24.956,101,0
2014-04-04,19:05:00,24.984,24.984,24.984,24.984,227,0
2014-04-04,21:10:00,25.092,25.092,25.092,25.092,349,0
2014-04-04,21:40:00,25.042,25.042,25.042,25.042,256,0
2014-04-09,20:10:00,25.122,25.122,25.122,25.122,833,0
2014-04-10,18:35:00,25.219,25.219,25.17,25.18,1542,0
2014-04-10,18:40:00,25.18,25.19,25.18,25.19,1956,0
2014-04-10,18:45:00,25.2,25.2,25.17,25.19,4109,0
2014-04-10,18:50:00,25.19,25.19,25.19,25.19,101,0
2014-04-10,18:55:00,25.18,25.219,25.18,25.19,3390,0
2014-04-10,19:20:00,25.18,25.219,25.18,25.19,5138,0
2014-04-10,19:25:00,25.18,25.229,25.18,25.2,10894,0
2014-04-10,19:30:00,25.2,25.2,25.2,25.2,925,0
2014-04-10,19:40:00,25.18,25.229,25.18,25.21,5138,0
2014-04-10,19:45:00,25.16,25.18,25.16,25.18,1644,0
2014-04-10,19:50:00,25.18,25.2,25.18,25.18,4935,0
2014-04-10,19:55:00,25.16,25.2,25.16,25.19,4109,0
2014-04-10,20:00:00,25.2,25.2,25.18,25.18,822,0
2014-04-10,20:10:00,25.131,25.219,25.131,25.219,1336,0
2014-04-10,20:15:00,25.2,25.2,25.18,25.2,5758,0
2014-04-10,20:20:00,25.19,25.2,25.19,25.19,2157,0
2014-04-10,20:25:00,25.18,25.18,25.18,25.18,101,0
2014-04-10,20:30:00,25.2,25.2,25.18,25.19,1132,0
2014-04-10,20:35:00,25.18,25.19,25.18,25.19,2778,0
2014-04-10,21:05:00,25.122,25.122,25.122,25.122,558,0
2014-04-10,21:15:00,25.18,25.2,25.18,25.18,11403,0
2014-04-10,21:20:00,25.219,25.219,25.18,25.19,9046,0
2014-04-10,21:25:00,25.19,25.2,25.18,25.18,8326,0
2014-04-10,21:30:00,25.19,25.19,25.18,25.18,2978,0
2014-04-10,21:40:00,25.18,25.19,25.18,25.19,4523,0
2014-04-10,21:45:00,25.19,25.19,25.122,25.18,8225,0
2014-04-10,21:50:00,25.19,25.219,25.17,25.219,14082,0
2014-04-10,21:55:00,25.19,25.19,25.17,25.19,18903,0
2014-04-10,22:00:00,25.19,25.19,25.17,25.17,4217,0
2014-04-11,16:00:00,25.229,25.229,25.18,25.18,411,0
2014-04-11,16:05:00,25.18,25.219,25.18,25.19,4211,0
2014-04-11,16:10:00,25.18,25.19,25.18,25.19,6073,0
2014-04-11,16:15:00,25.19,25.19,25.17,25.17,1438,0
2014-04-11,16:20:00,25.17,25.2,25.17,25.19,6167,0
2014-04-11,16:25:00,25.19,25.2,25.17,25.19,6066,0
2014-04-11,16:30:00,25.18,25.19,25.16,25.18,10480,0
2014-04-11,16:35:00,25.17,25.17,25.16,25.16,3805,0
2014-04-11,16:40:00,25.16,25.2,25.16,25.18,3288,0
2014-04-11,16:45:00,25.18,25.19,25.16,25.19,6271,0
2014-04-11,16:50:00,25.18,25.19,25.18,25.18,4625,0
2014-04-11,16:55:00,25.16,25.229,25.16,25.2,18673,0
2014-04-11,17:00:00,25.2,25.2,25.17,25.17,5345,0
2014-04-11,17:05:00,25.18,25.2,25.18,25.19,4932,0
2014-04-11,17:30:00,25.19,25.19,25.18,25.18,720,0
2014-04-11,17:35:00,25.17,25.2,25.16,25.19,10689,0
2014-04-11,17:40:00,25.19,25.19,25.17,25.17,6801,0
2014-04-11,17:45:00,25.18,25.18,25.17,25.17,1130,0
2014-04-11,17:50:00,25.18,25.2,25.18,25.18,10379,0
2014-04-11,18:15:00,25.18,25.18,25.18,25.18,206,0
2014-04-11,18:20:00,25.17,25.2,25.17,25.19,5341,0
2014-04-11,18:55:00,25.18,25.21,25.18,25.19,2054,0
2014-04-11,19:00:00,25.19,25.19,25.18,25.18,721,0
2014-04-11,19:10:00,25.18,25.18,25.18,25.18,1955,0
2014-04-11,19:15:00,25.18,25.19,25.18,25.18,4317,0
2014-04-11,19:20:00,25.18,25.19,25.17,25.18,9775,0
2014-04-11,19:50:00,25.16,25.18,25.16,25.18,9770,0
2014-04-11,19:55:00,25.17,25.17,25.17,25.17,1748,0
2014-04-11,20:20:00,25.17,25.2,25.17,25.19,3802,0
2014-04-11,20:25:00,25.18,25.21,25.17,25.19,6171,0
2014-04-11,20:30:00,25.18,25.2,25.17,25.18,6988,0
2014-04-11,20:35:00,25.17,25.19,25.151,25.151,6989,0
2014-04-11,20:40:00,25.19,25.2,25.19,25.19,7608,0
2014-04-11,20:45:00,25.141,25.2,25.141,25.19,6061,0
2014-04-11,20:50:00,25.2,25.2,25.16,25.16,6273,0
2014-04-11,21:05:00,25.17,25.19,25.151,25.16,5036,0
2014-04-11,21:10:00,25.18,25.19,25.17,25.18,1541,0
2014-04-11,21:15:00,25.18,25.19,25.17,25.17,4623,0
2014-04-11,21:20:00,25.18,25.19,25.18,25.19,1750,0
2014-04-11,21:25:00,25.18,25.19,25.16,25.19,10587,0
2014-04-11,21:30:00,25.19,25.19,25.16,25.17,2981,0
2014-04-11,21:35:00,25.16,25.16,25.16,25.16,821,0
2014-04-11,21:40:00,25.16,25.16,25.16,25.16,822,0
2014-04-11,21:50:00,25.151,25.151,25.151,25.151,312,0
2014-04-11,21:55:00,25.131,25.131,25.122,25.122,925,0
2014-04-11,22:00:00,25.122,25.122,25.122,25.122,513,0
2014-04-14,15:40:00,25.21,25.21,25.16,25.16,206,0
2014-04-14,16:20:00,25.17,25.18,25.17,25.18,411,0
2014-04-14,17:00:00,25.2,25.2,25.2,25.2,101,0
2014-04-14,17:10:00,25.19,25.19,25.19,25.19,101,0
2014-04-14,17:15:00,25.17,25.17,25.17,25.17,101,0
2014-04-14,17:20:00,25.17,25.17,25.17,25.17,513,0
2014-04-14,17:55:00,25.17,25.18,25.17,25.18,311,0
2014-04-14,18:00:00,25.18,25.18,25.141,25.141,821,0
2014-04-14,18:10:00,25.17,25.17,25.17,25.17,101,0
2014-04-14,18:20:00,25.151,25.17,25.151,25.17,411,0
2014-04-14,18:25:00,25.141,25.18,25.131,25.151,7007,0
2014-04-14,18:30:00,25.151,25.151,25.131,25.151,1028,0
2014-04-14,18:35:00,25.16,25.18,25.131,25.141,5251,0
2014-04-14,18:40:00,25.141,25.17,25.141,25.16,2576,0
2014-04-14,18:45:00,25.131,25.18,25.131,25.18,3195,0
2014-04-14,18:50:00,25.17,25.17,25.131,25.17,3088,0
2014-04-14,19:00:00,25.141,25.141,25.141,25.141,101,0
2014-04-14,19:15:00,25.141,25.141,25.141,25.141,101,0
2014-04-14,19:45:00,25.141,25.151,25.141,25.151,412,0
2014-04-14,19:55:00,25.112,25.112,25.112,25.112,101,0
2014-04-14,20:00:00,25.122,25.17,25.122,25.151,3085,0
2014-04-14,20:05:00,25.16,25.17,25.141,25.151,3994,0
2014-04-14,20:10:00,25.141,25.151,25.141,25.151,927,0
2014-04-14,21:25:00,25.19,25.19,25.18,25.18,793,0
2014-04-14,21:30:00,25.141,25.141,25.141,25.141,101,0
2014-04-14,21:35:00,25.19,25.19,25.19,25.19,101,0
2014-04-14,21:55:00,25.19,25.19,25.19,25.19,101,0
2014-04-15,15:50:00,25.21,25.21,25.112,25.112,512,0
2014-04-15,15:55:00,25.131,25.18,25.131,25.151,2882,0
2014-04-15,16:00:00,25.18,25.18,25.151,25.16,2571,0
2014-04-15,16:05:00,25.17,25.17,25.16,25.16,1335,0
2014-04-15,16:10:00,25.16,25.16,25.16,25.16,1240,0
2014-04-15,18:10:00,25.151,25.151,25.151,25.151,101,0
2014-04-15,19:45:00,25.151,25.18,25.151,25.18,720,0
2014-04-15,20:30:00,25.16,25.16,25.16,25.16,101,0
2014-04-15,20:35:00,25.151,25.18,25.131,25.18,4726,0
2014-04-15,20:55:00,25.16,25.16,25.112,25.112,411,0
2014-04-15,21:00:00,25.131,25.17,25.131,25.17,3187,0
2014-04-15,21:05:00,25.122,25.16,25.122,25.16,1849,0
2014-04-15,21:10:00,25.17,25.17,25.16,25.16,411,0
2014-04-15,21:25:00,25.122,25.17,25.122,25.151,4733,0
2014-04-15,21:35:00,25.122,25.17,25.122,25.17,1746,0
2014-04-15,21:40:00,25.18,25.18,25.122,25.151,5347,0
2014-04-15,21:45:00,25.141,25.17,25.141,25.16,2159,0
2014-04-15,21:50:00,25.17,25.17,25.131,25.131,1030,0
2014-04-15,21:55:00,25.16,25.16,25.122,25.122,722,0
2014-04-16,15:45:00,25.102,25.2,25.102,25.112,311,0
2014-04-16,15:50:00,25.122,25.19,25.122,25.16,2574,0
2014-04-16,15:55:00,25.17,25.17,25.17,25.17,1438,0
2014-04-16,17:20:00,25.131,25.151,25.131,25.151,1961,0
2014-04-16,17:25:00,25.141,25.19,25.141,25.18,1541,0
2014-04-16,17:30:00,25.141,25.141,25.141,25.141,101,0
2014-04-16,18:05:00,25.141,25.19,25.141,25.19,1234,0
2014-04-16,18:10:00,25.19,25.19,25.17,25.17,1335,0
2014-04-16,18:45:00,25.151,25.151,25.141,25.151,512,0
2014-04-16,19:00:00,25.151,25.2,25.151,25.18,5650,0
2014-04-16,19:05:00,25.19,25.19,25.18,25.18,618,0
2014-04-16,19:20:00,25.16,25.2,25.16,25.19,4837,0
2014-04-16,19:35:00,25.16,25.2,25.16,25.2,3295,0
2014-04-16,19:50:00,25.16,25.16,25.16,25.16,206,0
2014-04-16,19:55:00,25.17,25.21,25.16,25.19,8232,0
2014-04-16,20:00:00,25.2,25.2,25.141,25.141,2364,0
2014-04-16,20:05:00,25.112,25.19,25.112,25.141,4521,0
2014-04-17,15:35:00,25.122,25.131,25.122,25.131,206,0
2014-04-17,15:45:00,25.141,25.16,25.141,25.16,1130,0
2014-04-17,16:05:00,25.151,25.17,25.151,25.17,2261,0
2014-04-17,16:10:00,25.17,25.2,25.17,25.19,4109,0
2014-04-17,19:45:00,25.16,25.16,25.141,25.151,821,0
2014-04-17,19:50:00,25.151,25.151,25.141,25.141,206,0
2014-04-17,20:40:00,25.131,25.131,25.131,25.131,101,0
2014-04-17,21:20:00,25.131,25.131,25.122,25.122,411,0
2014-04-17,21:35:00,25.151,25.16,25.131,25.16,2781,0
2014-04-17,21:40:00,25.16,25.16,25.16,25.16,1541,0
2014-04-17,21:55:00,25.122,25.16,25.122,25.141,5659,0
2014-04-21,16:00:00,25.17,25.17,25.131,25.141,411,0
2014-04-21,16:10:00,25.151,25.151,25.151,25.151,411,0
2014-04-21,16:15:00,25.16,25.2,25.16,25.17,1849,0
2014-04-21,16:20:00,25.141,25.19,25.141,25.18,3699,0
2014-04-21,18:35:00,25.151,25.21,25.151,25.18,7309,0
2014-04-21,19:20:00,25.16,25.16,25.16,25.16,206,0
2014-04-21,19:25:00,25.21,25.21,25.141,25.141,411,0
2014-04-21,19:50:00,25.19,25.19,25.19,25.19,206,0
2014-04-21,20:00:00,25.16,25.19,25.141,25.16,9270,0
2014-04-21,20:05:00,25.17,25.18,25.141,25.16,5342,0
2014-04-21,20:55:00,25.17,25.18,25.16,25.16,2054,0
2014-04-21,21:20:00,25.19,25.19,25.19,25.19,998,0
2014-04-21,21:25:00,25.16,25.18,25.16,25.17,2881,0
2014-04-21,21:40:00,25.151,25.151,25.151,25.151,101,0
2014-04-22,16:10:00,25.16,25.16,25.16,25.16,311,0
2014-04-22,16:15:00,25.17,25.17,25.141,25.16,925,0
2014-04-22,17:40:00,25.151,25.151,25.151,25.151,101,0
2014-04-22,18:40:00,25.18,25.18,25.151,25.151,311,0
2014-04-22,21:45:00,25.16,25.17,25.16,25.16,311,0
2014-04-22,21:50:00,25.16,25.16,25.16,25.16,206,0
2014-04-22,21:55:00,25.141,25.16,25.141,25.16,512,0
2014-04-22,22:00:00,25.151,25.151,25.151,25.151,411,0
2014-04-23,15:35:00,25.17,25.18,25.17,25.18,1849,0
2014-04-23,15:40:00,25.219,25.229,25.19,25.2,2980,0
2014-04-23,16:20:00,25.16,25.17,25.16,25.17,1130,0
2014-04-23,16:25:00,25.21,25.21,25.18,25.18,1028,0
2014-04-23,16:35:00,25.19,25.2,25.19,25.2,2467,0
2014-04-23,16:40:00,25.16,25.16,25.16,25.16,206,0
2014-04-23,22:00:00,25.17,25.17,25.17,25.17,101,0
2014-04-24,15:40:00,25.214,25.214,25.214,25.214,101,0
2014-04-24,16:25:00,25.204,25.204,25.204,25.204,411,0
2014-04-24,21:05:00,25.242,25.242,25.242,25.242,910,0
2014-04-24,21:35:00,25.232,25.232,25.232,25.232,310,0
2014-04-24,21:50:00,25.223,25.232,25.184,25.223,1541,0
2014-04-24,21:55:00,25.214,25.214,25.214,25.214,512,0
2014-04-25,17:05:00,25.252,25.252,25.252,25.252,1334,0
2014-04-25,17:15:00,25.272,25.272,25.272,25.272,213,0
2014-04-25,17:25:00,25.262,25.262,25.252,25.252,882,0
2014-04-25,17:35:00,25.272,25.272,25.272,25.272,899,0
2014-04-25,18:50:00,25.262,25.262,25.262,25.262,180,0
2014-04-28,15:35:00,25.272,25.272,25.272,25.272,943,0
2014-04-28,18:25:00,25.232,25.232,25.194,25.194,1849,0
2014-04-28,22:00:00,25.214,25.223,25.214,25.223,206,0
2014-04-29,16:20:00,25.252,25.252,25.252,25.252,227,0
2014-04-29,21:10:00,25.252,25.252,25.252,25.252,1867,0
2014-04-30,16:10:00,25.281,25.281,25.281,25.281,101,0
2014-04-30,16:15:00,25.232,25.242,25.232,25.242,1028,0
2014-04-30,20:30:00,25.32,25.32,25.223,25.223,206,0
2014-04-30,21:00:00,25.252,25.252,25.252,25.252,101,0
2014-05-01,16:35:00,25.33,25.33,25.33,25.33,259,0
2014-05-01,20:35:00,25.369,25.369,25.369,25.369,4468,0
2014-05-01,20:55:00,25.379,25.379,25.369,25.369,3934,0
2014-05-01,21:10:00,25.369,25.369,25.369,25.369,2661,0
2014-05-01,21:30:00,25.36,25.36,25.36,25.36,221,0
2014-05-01,21:40:00,25.35,25.35,25.35,25.35,151,0
2014-05-01,21:50:00,25.369,25.369,25.369,25.369,720,0
2014-05-01,21:55:00,25.369,25.369,25.369,25.369,411,0
2014-05-01,22:00:00,25.379,25.379,25.379,25.379,1849,0
2014-05-02,19:10:00,25.35,25.35,25.35,25.35,411,0
2014-05-05,21:00:00,25.389,25.389,25.389,25.389,271,0
2014-05-05,22:00:00,25.408,25.408,25.408,25.408,1026,0
2014-05-07,16:45:00,25.416,25.416,25.416,25.416,5034,0
2014-05-07,17:00:00,25.408,25.408,25.408,25.408,206,0
2014-05-07,17:35:00,25.446,25.446,25.426,25.426,617,0
2014-05-08,20:50:00,25.476,25.476,25.476,25.476,101,0
2014-05-08,21:10:00,25.486,25.486,25.486,25.486,558,0
2014-05-09,18:45:00,25.456,25.456,25.456,25.456,765,0
2014-05-09,19:20:00,25.379,25.379,25.379,25.379,311,0
2014-05-09,19:25:00,25.379,25.379,25.379,25.379,101,0
2014-05-09,19:30:00,25.369,25.446,25.369,25.446,1091,0
2014-05-09,21:25:00,25.436,25.436,25.436,25.436,206,0
2014-05-13,16:25:00,25.408,25.408,25.408,25.408,101,0
2014-05-13,19:15:00,25.486,25.486,25.486,25.486,183,0
2014-05-16,20:45:00,25.544,25.544,25.516,25.516,720,0
2014-05-16,20:50:00,25.524,25.554,25.506,25.534,1541,0
2014-05-16,21:35:00,25.554,25.554,25.554,25.554,101,0
2014-05-16,21:50:00,25.554,25.554,25.554,25.554,101,0
2014-05-16,21:55:00,25.554,25.554,25.554,25.554,101,0
2014-05-16,22:00:00,25.554,25.592,25.554,25.592,311,0
2014-05-19,19:20:00,25.476,25.476,25.476,25.476,986,0
2014-05-21,16:15:00,25.544,25.544,25.544,25.544,101,0
2014-05-21,16:20:00,25.506,25.516,25.506,25.516,411,0
2014-05-21,16:40:00,25.456,25.456,25.456,25.456,101,0
2014-05-21,17:50:00,25.516,25.516,25.516,25.516,206,0
2014-05-21,17:55:00,25.516,25.516,25.516,25.516,821,0
2014-05-21,18:00:00,25.516,25.516,25.516,25.516,311,0
2014-05-21,18:05:00,25.516,25.516,25.516,25.516,617,0
2014-05-21,18:15:00,25.516,25.516,25.506,25.506,512,0
2014-05-21,18:20:00,25.516,25.516,25.516,25.516,512,0
2014-05-21,18:25:00,25.516,25.544,25.516,25.516,411,0
2014-05-21,20:50:00,25.496,25.496,25.496,25.496,311,0
2014-05-21,21:25:00,25.554,25.554,25.554,25.554,411,0
2014-05-21,21:30:00,25.496,25.524,25.496,25.524,2464,0
2014-05-21,21:35:00,25.534,25.544,25.534,25.544,316,0
2014-05-23,16:40:00,25.578,25.578,25.578,25.578,205,0
2014-05-23,16:45:00,25.578,25.578,25.54,25.54,2289,0
2014-05-23,21:05:00,25.55,25.55,25.55,25.55,205,0
2014-05-23,22:00:00,25.578,25.578,25.578,25.578,200,0
2014-05-27,18:45:00,25.598,25.598,25.54,25.55,1742,0
2014-05-27,18:50:00,25.55,25.598,25.55,25.56,4405,0
2014-05-27,18:55:00,25.578,25.598,25.56,25.57,2971,0
2014-05-27,19:05:00,25.57,25.57,25.57,25.57,101,0
2014-05-27,19:15:00,25.578,25.578,25.578,25.578,310,0
2014-05-27,20:45:00,25.578,25.578,25.57,25.57,310,0
2014-05-29,19:05:00,25.726,25.726,25.676,25.676,803,0
2014-05-29,20:50:00,25.716,25.716,25.716,25.716,1461,0
2014-05-30,19:55:00,25.607,25.607,25.607,25.607,1537,0
2014-06-02,19:50:00,25.646,25.646,25.646,25.646,113,0
2014-06-02,21:05:00,25.646,25.646,25.646,25.646,7590,0
2014-06-03,16:15:00,25.637,25.637,25.637,25.637,410,0
2014-06-03,16:30:00,25.56,25.637,25.56,25.637,310,0
2014-06-03,16:35:00,25.676,25.676,25.607,25.617,1022,0
2014-06-03,17:55:00,25.578,25.578,25.578,25.578,615,0
2014-06-03,18:30:00,25.617,25.627,25.617,25.617,1537,0
2014-06-03,18:35:00,25.588,25.627,25.588,25.627,1844,0
2014-06-03,18:40:00,25.656,25.656,25.656,25.656,2255,0
2014-06-03,18:45:00,25.627,25.627,25.627,25.627,410,0
2014-06-03,18:50:00,25.627,25.627,25.588,25.598,923,0
2014-06-03,19:25:00,25.607,25.607,25.588,25.588,495,0
2014-06-03,20:05:00,25.607,25.607,25.607,25.607,101,0
2014-06-03,20:10:00,25.588,25.588,25.588,25.588,511,0
2014-06-03,21:55:00,25.56,25.56,25.55,25.55,205,0
2014-06-03,22:00:00,25.54,25.54,25.502,25.502,310,0
2014-06-04,16:15:00,25.57,25.637,25.57,25.637,718,0
2014-06-04,16:35:00,25.55,25.55,25.55,25.55,101,0
2014-06-04,16:50:00,25.55,25.55,25.55,25.55,101,0
2014-06-04,17:00:00,25.482,25.482,25.482,25.482,101,0
2014-06-04,18:20:00,25.55,25.55,25.55,25.55,410,0
2014-06-04,18:35:00,25.56,25.56,25.56,25.56,101,0
2014-06-04,18:40:00,25.55,25.607,25.512,25.578,3996,0
2014-06-04,18:45:00,25.56,25.56,25.56,25.56,1434,0
2014-06-04,19:20:00,25.56,25.56,25.56,25.56,101,0
2014-06-04,20:05:00,25.56,25.56,25.56,25.56,205,0
2014-06-04,20:25:00,25.56,25.56,25.56,25.56,205,0
2014-06-04,21:05:00,25.56,25.56,25.55,25.55,1127,0
2014-06-04,21:30:00,25.55,25.55,25.55,25.55,511,0
2014-06-04,21:55:00,25.54,25.54,25.53,25.54,1127,0
2014-06-04,22:00:00,25.54,25.54,25.472,25.472,1537,0
2014-06-05,16:25:00,25.512,25.578,25.512,25.57,1025,0
2014-06-05,16:30:00,25.57,25.57,25.53,25.53,1127,0
2014-06-05,16:35:00,25.53,25.53,25.512,25.512,310,0
2014-06-05,18:15:00,25.53,25.53,25.53,25.53,101,0
2014-06-05,21:30:00,25.52,25.52,25.52,25.52,101,0
2014-06-05,21:35:00,25.52,25.52,25.52,25.52,205,0
2014-06-05,21:55:00,25.52,25.52,25.52,25.52,101,0
2014-06-09,15:35:00,25.306,25.306,25.306,25.306,310,0
2014-06-09,18:40:00,25.598,25.598,25.598,25.598,615,0
2014-06-09,18:45:00,25.57,25.627,25.57,25.607,3382,0
2014-06-09,18:50:00,25.627,25.656,25.598,25.617,2255,0
2014-06-09,18:55:00,25.607,25.627,25.607,25.627,511,0
2014-06-09,19:10:00,25.588,25.617,25.578,25.607,1434,0
2014-06-09,19:15:00,25.607,25.607,25.598,25.598,923,0
2014-06-09,19:25:00,25.588,25.598,25.588,25.598,2358,0
2014-06-09,19:30:00,25.598,25.598,25.598,25.598,1025,0
2014-06-09,19:35:00,25.56,25.588,25.56,25.588,615,0
2014-06-09,19:40:00,25.598,25.598,25.588,25.588,718,0
2014-06-09,19:45:00,25.578,25.578,25.578,25.578,511,0
2014-06-09,20:15:00,25.56,25.56,25.55,25.55,310,0
2014-06-09,20:35:00,25.55,25.55,25.55,25.55,101,0
2014-06-09,20:55:00,25.588,25.588,25.588,25.588,303,0
2014-06-09,21:00:00,25.598,25.598,25.57,25.588,1127,0
2014-06-09,21:05:00,25.57,25.57,25.57,25.57,2057,0
2014-06-09,21:45:00,25.55,25.55,25.55,25.55,101,0
2014-06-09,21:55:00,25.578,25.598,25.578,25.598,615,0
2014-06-09,22:00:00,25.578,25.627,25.57,25.627,4815,0
2014-06-13,15:35:00,25.833,25.833,25.833,25.833,460,0
2014-06-18,16:35:00,25.617,25.627,25.607,25.607,819,0
2014-06-18,16:40:00,25.598,25.607,25.598,25.607,1025,0
2014-06-18,20:35:00,25.598,25.646,25.598,25.637,1640,0
2014-06-18,20:40:00,25.627,25.637,25.627,25.627,819,0
2014-06-19,17:05:00,25.686,25.686,25.686,25.686,642,0
2014-06-19,17:10:00,25.646,25.666,25.617,25.666,783,0
2014-06-19,19:55:00,25.578,25.578,25.578,25.578,1046,0
2014-06-19,21:05:00,25.627,25.627,25.617,25.617,310,0
2014-06-19,21:10:00,25.627,25.627,25.627,25.627,205,0
2014-06-19,21:15:00,25.627,25.676,25.627,25.646,6353,0
2014-06-19,21:45:00,25.57,25.57,25.57,25.57,101,0
2014-06-19,22:00:00,25.588,25.588,25.588,25.588,205,0
2014-06-20,16:15:00,25.637,25.696,25.637,25.656,3894,0
2014-06-20,16:20:00,25.627,25.666,25.627,25.646,1230,0
2014-06-20,16:25:00,25.637,25.637,25.637,25.637,511,0
2014-06-20,18:05:00,25.656,25.656,25.656,25.656,410,0
2014-06-20,18:10:00,25.656,25.656,25.656,25.656,310,0
2014-06-23,17:15:00,25.627,25.716,25.627,25.686,2768,0
2014-06-24,19:20:00,25.763,25.763,25.763,25.763,192,0
2014-06-25,19:15:00,25.724,25.724,25.714,25.714,358,0
2014-06-25,19:40:00,25.724,25.744,25.724,25.744,1737,0
2014-06-25,19:45:00,25.792,25.811,25.744,25.744,12568,0
2014-06-25,19:50:00,25.753,25.792,25.724,25.773,7458,0
2014-06-25,19:55:00,25.734,25.783,25.734,25.753,4496,0
2014-06-25,20:00:00,25.753,25.753,25.714,25.714,3575,0
2014-06-25,20:20:00,25.714,25.714,25.714,25.714,101,0
2014-06-25,20:25:00,25.714,25.724,25.714,25.724,510,0
2014-06-25,20:35:00,25.724,25.792,25.724,25.763,4699,0
2014-06-25,20:40:00,25.763,25.763,25.763,25.763,309,0
2014-06-25,21:05:00,25.734,25.792,25.734,25.763,6130,0
2014-06-25,21:10:00,25.773,25.773,25.734,25.734,1635,0
2014-06-25,21:25:00,25.714,25.714,25.714,25.714,203,0
2014-06-25,21:50:00,25.744,25.744,25.744,25.744,612,0
2014-06-26,16:40:00,25.734,25.801,25.734,25.792,3678,0
2014-06-26,16:45:00,25.783,25.821,25.763,25.821,817,0
2014-06-26,19:30:00,25.773,25.783,25.753,25.753,510,0
2014-06-26,20:35:00,25.744,25.792,25.744,25.763,4699,0
2014-06-26,21:20:00,25.831,25.831,25.831,25.831,143,0
2014-06-27,16:25:00,25.783,25.811,25.783,25.792,1021,0
2014-06-27,16:30:00,25.792,25.792,25.792,25.792,101,0
2014-06-27,16:45:00,25.792,25.792,25.792,25.792,203,0
2014-06-27,19:50:00,25.792,25.792,25.792,25.792,203,0
2014-06-27,20:40:00,25.783,25.783,25.783,25.783,203,0
2014-06-30,15:45:00,25.763,25.763,25.763,25.763,101,0
2014-06-30,15:55:00,25.801,25.801,25.801,25.801,101,0
2014-06-30,16:30:00,25.783,25.811,25.783,25.792,716,0
2014-06-30,19:50:00,25.811,25.811,25.811,25.811,463,0
2014-06-30,20:05:00,25.821,25.821,25.821,25.821,203,0
2014-06-30,20:45:00,25.811,25.811,25.811,25.811,2383,0
2014-07-01,16:45:00,25.87,25.87,25.86,25.86,2323,0
2014-07-01,17:05:00,25.87,25.87,25.792,25.792,1429,0
2014-07-01,17:10:00,25.763,25.841,25.763,25.841,1737,0
2014-07-01,17:15:00,25.831,25.831,25.821,25.821,612,0
2014-07-01,17:55:00,25.821,25.87,25.821,25.86,6975,0
2014-07-01,18:15:00,25.851,25.88,25.851,25.88,1854,0
2014-07-01,18:20:00,25.783,25.851,25.783,25.851,409,0
2014-07-01,19:15:00,25.88,25.88,25.87,25.87,241,0
2014-07-01,19:50:00,25.88,25.88,25.88,25.88,1021,0
2014-07-01,21:05:00,25.87,25.88,25.801,25.801,8926,0
2014-07-01,21:10:00,25.811,25.87,25.811,25.87,2145,0
2014-07-01,21:15:00,25.87,25.87,25.87,25.87,1025,0
2014-07-01,21:20:00,25.86,25.87,25.86,25.87,1564,0
2014-07-01,21:40:00,25.87,25.918,25.87,25.918,16030,0
2014-07-01,21:50:00,25.86,25.87,25.86,25.87,7370,0
2014-07-01,21:55:00,25.87,25.87,25.87,25.87,6642,0
2014-07-01,22:00:00,25.87,25.87,25.87,25.87,2065,0
2014-07-02,15:50:00,25.851,25.851,25.851,25.851,48,0
2014-07-02,17:05:00,25.841,25.841,25.841,25.841,2281,0
2014-07-02,17:10:00,25.841,25.89,25.841,25.89,8762,0
2014-07-02,21:00:00,25.831,25.831,25.831,25.831,357,0
2014-07-02,21:15:00,25.821,25.821,25.821,25.821,612,0
2014-07-02,21:20:00,25.821,25.821,25.821,25.821,510,0
2014-07-02,22:00:00,25.821,25.821,25.821,25.821,203,0
2014-07-07,18:20:00,25.714,25.714,25.714,25.714,197,0
2014-07-07,19:15:00,25.724,25.753,25.724,25.753,612,0
2014-07-07,20:15:00,25.724,25.724,25.724,25.724,329,0
2014-07-07,20:35:00,25.724,25.724,25.724,25.724,1690,0
2014-07-07,20:55:00,25.724,25.724,25.724,25.724,1930,0
2014-07-08,18:50:00,25.783,25.783,25.783,25.783,2309,0
2014-07-08,20:20:00,25.801,25.801,25.801,25.801,292,0
2014-07-08,21:55:00,25.773,25.773,25.763,25.763,37441,0
2014-07-08,22:00:00,25.763,25.763,25.763,25.763,36829,0
2014-07-09,19:25:00,25.783,25.783,25.783,25.783,755,0
2014-07-09,20:35:00,25.851,25.851,25.851,25.851,365,0
2014-07-09,21:30:00,25.811,25.811,25.811,25.811,586,0
2014-07-09,22:00:00,25.811,25.811,25.811,25.811,384,0
2014-07-10,16:55:00,25.831,25.841,25.792,25.801,4689,0
2014-07-10,17:05:00,25.801,25.821,25.801,25.821,1840,0
2014-07-10,17:10:00,25.821,25.821,25.801,25.821,5101,0
2014-07-10,17:15:00,25.801,25.821,25.801,25.821,3272,0
2014-07-10,18:55:00,25.801,25.801,25.801,25.801,613,0
2014-07-10,22:00:00,25.801,25.801,25.773,25.773,714,0
2014-07-11,15:45:00,25.801,25.831,25.801,25.821,4585,0
2014-07-11,15:50:00,25.811,25.821,25.792,25.792,4700,0
2014-07-11,16:00:00,25.811,25.831,25.811,25.831,1428,0
2014-07-14,16:00:00,25.86,25.86,25.821,25.841,3566,0
2014-07-14,16:40:00,25.841,25.841,25.811,25.831,2752,0
2014-07-14,16:45:00,25.841,25.841,25.831,25.831,3060,0
2014-07-14,17:10:00,25.821,25.851,25.821,25.821,4688,0
2014-07-14,17:15:00,25.821,25.821,25.821,25.821,202,0
2014-07-14,21:10:00,25.821,25.821,25.821,25.821,309,0
2014-07-14,21:35:00,25.841,25.86,25.811,25.831,8260,0
2014-07-14,21:45:00,25.821,25.841,25.821,25.821,4085,0
2014-07-14,21:50:00,25.821,25.831,25.821,25.831,819,0
2014-07-14,22:00:00,25.821,25.821,25.821,25.821,308,0
2014-07-15,16:10:00,25.86,25.86,25.86,25.86,412,0
2014-07-15,16:50:00,25.753,25.753,25.753,25.753,308,0
2014-07-15,22:00:00,25.753,25.753,25.753,25.753,101,0
2014-07-16,15:35:00,25.704,25.704,25.704,25.704,789,0
2014-07-16,19:20:00,25.801,25.801,25.801,25.801,257,0
2014-07-16,20:00:00,25.783,25.811,25.783,25.801,7750,0
2014-07-16,20:05:00,25.792,25.821,25.792,25.801,5710,0
2014-07-16,20:10:00,25.792,25.811,25.792,25.811,4891,0
2014-07-16,20:15:00,25.801,25.801,25.801,25.801,308,0
2014-07-16,20:20:00,25.801,25.801,25.801,25.801,1325,0
2014-07-16,20:30:00,25.811,25.831,25.811,25.831,39469,0
2014-07-16,22:00:00,25.831,25.831,25.831,25.831,29356,0
2014-07-17,15:50:00,25.821,25.821,25.821,25.821,101,0
2014-07-17,15:55:00,25.792,25.821,25.792,25.801,8067,0
2014-07-17,16:15:00,25.783,25.792,25.783,25.792,202,0
2014-07-17,16:20:00,25.811,25.811,25.801,25.801,202,0
2014-07-17,16:30:00,25.801,25.801,25.801,25.801,202,0
2014-07-17,16:35:00,25.801,25.801,25.801,25.801,308,0
2014-07-17,20:30:00,25.773,25.773,25.763,25.763,202,0
2014-07-18,18:05:00,25.792,25.792,25.792,25.792,203,0
2014-07-21,19:35:00,25.831,25.831,25.831,25.831,442,0
2014-07-21,19:55:00,25.783,25.783,25.783,25.783,767,0
2014-07-21,20:00:00,25.783,25.783,25.783,25.783,409,0
2014-07-21,20:40:00,25.773,25.773,25.773,25.773,920,0
2014-07-21,22:00:00,25.773,25.773,25.773,25.773,920,0
2014-07-22,15:45:00,25.773,25.773,25.773,25.773,1379,0
2014-07-22,17:00:00,25.792,25.792,25.783,25.792,1107,0
2014-07-22,22:00:00,25.792,25.792,25.792,25.792,391,0
2014-07-23,20:30:00,25.86,25.86,25.831,25.831,2511,0
2014-07-23,21:50:00,25.841,25.841,25.841,25.841,202,0
2014-07-23,22:00:00,25.841,25.841,25.841,25.841,101,0
2014-07-24,18:55:00,25.773,25.773,25.773,25.773,1429,0
2014-07-24,21:10:00,25.831,25.831,25.831,25.831,6538,0
2014-07-24,22:00:00,25.831,25.831,25.831,25.831,203,0
2014-07-28,15:35:00,26.114,26.114,26.114,26.114,964,0
2014-07-28,16:45:00,25.83,25.83,25.83,25.83,308,0
2014-07-28,21:30:00,25.85,25.85,25.85,25.85,724,0
2014-07-28,22:00:00,25.85,25.859,25.85,25.859,308,0
2014-07-29,16:30:00,25.869,25.869,25.859,25.859,1867,0
2014-07-29,17:35:00,25.859,25.859,25.859,25.859,202,0
2014-07-29,21:20:00,25.85,25.879,25.85,25.879,1299,0
2014-07-29,22:00:00,25.859,25.859,25.859,25.859,202,0
2014-07-30,19:40:00,25.722,25.722,25.722,25.722,2140,0
2014-07-30,19:50:00,25.722,25.722,25.722,25.722,274,0
2014-07-30,20:00:00,25.732,25.732,25.732,25.732,397,0
2014-07-30,20:05:00,25.761,25.761,25.761,25.761,397,0
2014-07-30,20:10:00,25.652,25.652,25.652,25.652,1182,0
2014-07-31,16:05:00,25.583,25.583,25.583,25.583,202,0
2014-07-31,18:40:00,25.603,25.603,25.603,25.603,542,0
2014-07-31,18:45:00,25.603,25.603,25.603,25.603,549,0
2014-07-31,19:50:00,25.672,25.682,25.672,25.682,1647,0
2014-07-31,21:50:00,25.612,25.612,25.612,25.612,312,0
2014-08-01,19:15:00,25.565,25.652,25.565,25.652,1511,0
2014-08-01,21:20:00,25.652,25.652,25.652,25.652,609,0
2014-08-04,15:40:00,25.583,25.583,25.583,25.583,601,0
2014-08-04,19:50:00,25.603,25.603,25.603,25.603,276,0
2014-08-05,17:30:00,25.622,25.622,25.622,25.622,775,0
2014-08-05,21:15:00,25.612,25.612,25.612,25.612,142,0
2014-08-05,21:35:00,25.632,25.632,25.632,25.632,407,0
2014-08-06,20:30:00,25.642,25.642,25.642,25.642,1832,0
2014-08-07,21:00:00,25.652,25.652,25.652,25.652,3549,0
2014-08-07,21:20:00,25.642,25.642,25.642,25.642,189,0
2014-08-11,15:55:00,25.652,25.652,25.632,25.632,3262,0
2014-08-11,18:20:00,25.692,25.692,25.692,25.692,202,0
2014-08-11,22:00:00,25.712,25.712,25.712,25.712,101,0
2014-08-13,15:35:00,25.652,25.652,25.652,25.652,123,0
2014-08-13,15:45:00,25.672,25.672,25.672,25.672,307,0
2014-08-13,20:20:00,25.732,25.732,25.732,25.732,453,0
2014-08-13,21:25:00,25.712,25.712,25.712,25.712,111,0
2014-08-13,22:00:00,25.712,25.712,25.712,25.712,123,0
2014-08-14,20:10:00,25.81,25.81,25.81,25.81,4704,0
2014-08-15,21:00:00,25.869,25.869,25.869,25.869,393,0
2014-08-18,19:45:00,25.8,25.8,25.8,25.8,1243,0
2014-08-19,15:50:00,25.859,25.859,25.859,25.859,1729,0
2014-08-19,17:15:00,25.84,25.84,25.84,25.84,13958,0
2014-08-19,17:25:00,25.84,25.859,25.84,25.859,2399,0
2014-08-19,17:30:00,25.84,25.84,25.84,25.84,3456,0
2014-08-20,17:15:00,25.84,25.84,25.84,25.84,385,0
2014-08-20,17:45:00,25.84,25.84,25.84,25.84,1018,0
2014-08-20,21:40:00,25.85,25.85,25.85,25.85,1799,0
2014-08-21,15:50:00,25.889,25.889,25.889,25.889,101,0
2014-08-21,17:45:00,25.899,25.899,25.899,25.899,202,0
2014-08-21,21:50:00,25.909,25.909,25.909,25.909,101,0
2014-08-22,15:50:00,25.84,25.85,25.84,25.84,3361,0
2014-08-22,20:40:00,25.85,25.85,25.85,25.85,101,0
2014-08-25,16:50:00,25.933,25.933,25.933,25.933,101,0
2014-08-25,17:10:00,25.884,25.884,25.874,25.874,2872,0
2014-08-25,21:35:00,25.943,25.943,25.943,25.943,202,0
2014-08-26,19:45:00,25.904,25.914,25.904,25.914,3262,0
2014-08-26,20:20:00,25.963,25.963,25.963,25.963,312,0
2014-08-28,20:55:00,25.992,25.992,25.992,25.992,407,0
2014-08-28,21:20:00,25.983,25.983,25.983,25.983,1140,0
2014-08-28,22:00:00,26.031,26.031,26.031,26.031,382,0
2014-09-02,16:05:00,25.973,25.973,25.973,25.973,104,0
2014-09-02,17:15:00,25.943,25.943,25.943,25.943,210,0
2014-09-03,15:50:00,25.884,25.884,25.884,25.884,619,0
2014-09-03,18:40:00,25.943,25.953,25.943,25.953,309,0
2014-09-03,19:25:00,25.953,25.953,25.953,25.953,473,0
2014-09-04,18:25:00,25.914,25.914,25.864,25.894,2846,0
2014-09-04,18:55:00,25.864,25.884,25.864,25.864,3557,0
2014-09-04,19:35:00,25.864,25.864,25.864,25.864,307,0
2014-09-08,15:35:00,25.746,25.796,25.746,25.796,609,0
2014-09-08,16:35:00,25.864,25.864,25.864,25.864,745,0
2014-09-08,18:55:00,25.776,25.776,25.776,25.776,312,0
2014-09-08,19:45:00,25.746,25.746,25.746,25.746,438,0
2014-09-08,20:35:00,25.805,25.805,25.805,25.805,1174,0
2014-09-09,17:50:00,25.746,25.746,25.746,25.746,570,0
2014-09-09,21:05:00,25.746,25.746,25.746,25.746,971,0
2014-09-09,21:35:00,25.727,25.727,25.727,25.727,846,0
2014-09-10,22:00:00,25.707,25.707,25.707,25.707,101,0
2014-09-11,21:45:00,25.697,25.697,25.697,25.697,307,0
2014-09-12,16:40:00,25.617,25.617,25.617,25.617,202,0
2014-09-12,20:30:00,25.607,25.607,25.607,25.607,258,0
2014-09-15,18:10:00,25.56,25.56,25.56,25.56,508,0
2014-09-15,21:35:00,25.57,25.578,25.57,25.578,1230,0
2014-09-16,20:15:00,25.607,25.607,25.607,25.607,357,0
2014-09-16,20:45:00,25.598,25.598,25.598,25.598,492,0
2014-09-17,19:05:00,25.617,25.617,25.617,25.617,305,0
2014-09-17,21:05:00,25.578,25.578,25.578,25.578,186,0
2014-09-19,19:35:00,25.588,25.588,25.588,25.588,382,0
2014-09-22,19:55:00,25.588,25.588,25.588,25.588,609,0
2014-09-22,20:15:00,25.53,25.53,25.53,25.53,10741,0
2014-09-25,20:50:00,25.515,25.515,25.515,25.515,306,0
2014-09-25,21:15:00,25.534,25.554,25.534,25.554,6431,0
2014-09-25,21:20:00,25.554,25.554,25.554,25.554,8324,0
2014-09-29,17:15:00,25.435,25.435,25.435,25.435,2803,0
2014-09-29,18:20:00,25.505,25.505,25.505,25.505,201,0
2014-09-30,16:35:00,25.485,25.485,25.485,25.485,201,0
2014-10-01,16:05:00,25.485,25.485,25.485,25.485,246,0
2014-10-01,18:20:00,25.534,25.534,25.534,25.534,101,0
2014-10-01,18:35:00,25.505,25.505,25.505,25.505,151,0
2014-10-01,20:50:00,25.475,25.524,25.475,25.524,1805,0
2014-10-01,21:00:00,25.524,25.534,25.515,25.515,12372,0
2014-10-01,21:25:00,25.534,25.534,25.534,25.534,363,0
2014-10-01,21:30:00,25.524,25.524,25.524,25.524,101,0
2014-10-02,19:40:00,25.524,25.524,25.515,25.515,648,0
2014-10-02,21:20:00,25.515,25.515,25.505,25.505,4521,0
2014-10-02,21:25:00,25.495,25.515,25.495,25.505,5680,0
2014-10-02,21:30:00,25.505,25.505,25.495,25.495,2027,0
2014-10-02,21:40:00,25.495,25.495,25.495,25.495,507,0
2014-10-02,21:50:00,25.445,25.455,25.445,25.445,1217,0
2014-10-03,19:25:00,25.505,25.505,25.495,25.495,1292,0
2014-10-03,19:55:00,25.515,25.515,25.455,25.505,6984,0
2014-10-03,20:05:00,25.524,25.524,25.524,25.524,306,0
2014-10-03,20:10:00,25.524,25.524,25.515,25.515,7767,0
2014-10-03,20:25:00,25.524,25.524,25.524,25.524,1277,0
2014-10-03,20:40:00,25.465,25.465,25.465,25.465,369,0
2014-10-03,21:00:00,25.485,25.485,25.465,25.465,362,0
2014-10-09,15:35:00,25.732,25.732,25.732,25.732,201,0
2014-10-09,16:00:00,25.642,25.642,25.642,25.642,101,0
2014-10-09,16:45:00,25.622,25.622,25.622,25.622,101,0
2014-10-09,17:35:00,25.603,25.603,25.593,25.593,406,0
2014-10-09,19:30:00,25.583,25.583,25.583,25.583,156,0
2014-10-09,19:45:00,25.573,25.573,25.573,25.573,507,0
2014-10-09,20:35:00,25.564,25.564,25.564,25.564,710,0
2014-10-09,20:45:00,25.564,25.573,25.564,25.564,3926,0
2014-10-09,21:10:00,25.682,25.692,25.682,25.692,13303,0
2014-10-09,21:30:00,25.564,25.564,25.564,25.564,165,0
2014-10-14,18:10:00,25.475,25.475,25.465,25.465,201,0
2014-10-14,20:40:00,25.465,25.465,25.465,25.465,822,0
2014-10-15,15:45:00,25.603,25.603,25.603,25.603,1657,0
2014-10-15,21:05:00,25.505,25.505,25.505,25.505,151,0
2014-10-16,20:00:00,25.465,25.465,25.465,25.465,201,0
2014-10-21,20:25:00,25.593,25.593,25.593,25.593,547,0
2014-10-21,21:40:00,25.583,25.583,25.583,25.583,117,0
2014-10-22,17:15:00,25.612,25.612,25.544,25.544,667,0
2014-10-22,20:45:00,25.573,25.573,25.573,25.573,305,0
2014-10-24,18:15:00,25.583,25.583,25.583,25.583,1009,0
2014-10-24,18:45:00,25.573,25.573,25.554,25.554,627,0
2014-10-24,21:40:00,25.564,25.583,25.564,25.583,2046,0
2014-10-27,15:10:00,25.587,25.587,25.587,25.587,304,0
2014-10-27,15:25:00,25.577,25.577,25.509,25.509,1092,0
2014-10-27,17:05:00,25.606,25.616,25.518,25.518,1312,0
2014-10-28,17:20:00,25.606,25.606,25.568,25.568,304,0
2014-10-28,17:25:00,25.568,25.568,25.558,25.568,605,0
2014-10-28,20:50:00,25.616,25.616,25.616,25.616,404,0
2014-10-29,19:20:00,25.518,25.528,25.449,25.528,813,0
2014-10-29,19:40:00,25.538,25.548,25.518,25.518,1335,0
2014-10-29,19:45:00,25.558,25.558,25.558,25.558,1836,0
2014-10-29,20:50:00,25.558,25.558,25.558,25.558,310,0
2014-10-30,16:50:00,25.597,25.597,25.577,25.577,1605,0
2014-10-30,19:45:00,25.597,25.606,25.597,25.606,505,0
2014-10-30,20:20:00,25.548,25.548,25.489,25.489,13580,0
2014-10-30,20:25:00,25.509,25.509,25.509,25.509,707,0
2014-10-30,20:30:00,25.518,25.518,25.509,25.509,2020,0
2014-10-31,15:05:00,25.321,25.321,25.321,25.321,3988,0
2014-10-31,17:55:00,25.558,25.587,25.558,25.587,1056,0
2014-10-31,19:25:00,25.597,25.597,25.597,25.597,101,0
2014-10-31,19:35:00,25.606,25.606,25.606,25.606,101,0
2014-10-31,19:40:00,25.597,25.597,25.597,25.597,101,0
2014-10-31,19:45:00,25.597,25.597,25.597,25.597,101,0
2014-10-31,19:50:00,25.587,25.587,25.587,25.587,101,0
2014-10-31,19:55:00,25.587,25.587,25.587,25.587,201,0
2014-10-31,20:00:00,25.587,25.587,25.587,25.587,201,0
2014-11-03,16:40:00,26.121,26.121,26.121,26.121,156,0
2014-11-03,19:00:00,25.577,25.597,25.568,25.568,2135,0
2014-11-03,19:35:00,25.577,25.577,25.577,25.577,890,0
2014-11-03,20:35:00,25.597,25.597,25.597,25.597,495,0
2014-11-03,20:50:00,25.459,25.459,25.459,25.459,244,0
2014-11-03,21:30:00,25.509,25.509,25.499,25.509,2495,0
2014-11-03,21:35:00,25.499,25.499,25.489,25.489,304,0
2014-11-03,21:55:00,25.518,25.518,25.509,25.509,679,0
2014-11-04,18:00:00,25.558,25.558,25.558,25.558,393,0
2014-11-04,20:45:00,25.558,25.558,25.558,25.558,201,0
2014-11-04,21:05:00,25.538,25.538,25.538,25.538,305,0
2014-11-05,18:55:00,25.528,25.528,25.528,25.528,1855,0
2014-11-05,20:45:00,25.518,25.518,25.489,25.518,2723,0
2014-11-05,21:45:00,25.518,25.518,25.518,25.518,201,0
2014-11-06,17:00:00,25.499,25.509,25.499,25.509,1110,0
2014-11-06,19:20:00,25.479,25.479,25.479,25.479,505,0
2014-11-10,21:50:00,25.449,25.449,25.449,25.449,500,0
2014-11-11,21:35:00,25.449,25.449,25.4,25.449,12964,0
2014-11-12,20:10:00,25.518,25.528,25.518,25.528,1919,0
2014-11-12,22:00:00,25.509,25.518,25.509,25.518,909,0
2014-11-14,15:55:00,25.459,25.459,25.459,25.459,1180,0
2014-11-14,16:20:00,25.479,25.479,25.479,25.479,405,0
2014-11-17,20:55:00,25.419,25.419,25.419,25.419,515,0
2014-11-19,15:40:00,25.271,25.271,25.271,25.271,168,0
2014-11-20,19:45:00,25.499,25.499,25.499,25.499,928,0
2014-11-20,20:10:00,25.509,25.509,25.499,25.499,4755,0
2014-11-20,20:20:00,25.499,25.499,25.499,25.499,927,0
2014-11-20,21:05:00,25.439,25.439,25.439,25.439,140,0
2014-11-21,17:40:00,25.579,25.579,25.579,25.579,2017,0
2014-11-24,16:35:00,25.51,25.51,25.51,25.51,384,0
2014-11-24,20:25:00,25.579,25.579,25.579,25.579,1211,0
2014-11-24,20:40:00,25.5,25.5,25.5,25.5,132,0
2014-11-26,16:35:00,25.618,25.618,25.618,25.618,505,0
2014-11-26,20:20:00,25.608,25.608,25.608,25.608,1962,0
2014-11-26,20:35:00,25.608,25.608,25.608,25.608,1046,0
2014-11-28,18:00:00,25.678,25.678,25.678,25.678,605,0
2014-12-01,16:05:00,25.658,25.658,25.658,25.658,304,0
2014-12-01,20:15:00,25.589,25.866,25.589,25.856,8651,0
2014-12-01,21:20:00,25.599,25.599,25.599,25.599,116,0
2014-12-02,19:40:00,25.539,25.539,25.539,25.539,507,0
2014-12-02,20:35:00,25.529,25.589,25.529,25.589,4142,0
2014-12-02,20:45:00,25.529,25.738,25.519,25.589,7681,0
2014-12-02,20:50:00,25.519,25.519,25.519,25.519,305,0
2014-12-02,21:05:00,25.529,25.788,25.529,25.539,15813,0
2014-12-02,22:00:00,25.529,25.529,25.529,25.529,780,0
2014-12-08,21:40:00,25.401,25.46,25.401,25.46,2213,0
2014-12-09,20:30:00,25.46,25.5,25.45,25.46,3650,0
2014-12-10,15:45:00,25.45,25.45,25.45,25.45,202,0
2014-12-10,16:00:00,25.45,25.45,25.45,25.45,202,0
2014-12-10,16:30:00,25.45,25.45,25.45,25.45,202,0
2014-12-10,17:15:00,25.45,25.45,25.45,25.45,305,0
2014-12-10,19:50:00,25.42,25.42,25.42,25.42,202,0
2014-12-10,20:20:00,25.43,25.43,25.43,25.43,101,0
2014-12-10,20:45:00,25.42,25.42,25.42,25.42,101,0
2014-12-10,20:55:00,25.372,25.42,25.372,25.42,5130,0
2014-12-10,21:10:00,25.42,25.42,25.42,25.42,101,0
2014-12-10,21:15:00,25.42,25.42,25.42,25.42,237,0
2014-12-10,21:30:00,25.42,25.42,25.42,25.42,101,0
2014-12-10,21:50:00,25.43,25.43,25.43,25.43,107,0
2014-12-11,20:15:00,25.382,25.382,25.382,25.382,1880,0
2014-12-12,15:55:00,25.332,25.332,25.332,25.332,310,0
2014-12-15,15:55:00,25.312,25.312,25.312,25.312,507,0
2014-12-16,15:50:00,25.232,25.232,25.232,25.232,202,0
2014-12-16,16:00:00,25.232,25.232,25.232,25.232,101,0
2014-12-16,16:05:00,25.242,25.242,25.242,25.242,101,0
2014-12-16,16:20:00,25.242,25.242,25.242,25.242,101,0
2014-12-16,16:25:00,25.618,25.618,25.618,25.618,101,0
2014-12-16,16:35:00,25.252,25.252,25.252,25.252,101,0
2014-12-16,16:45:00,25.242,25.242,25.242,25.242,101,0
2014-12-16,16:55:00,25.232,25.232,25.173,25.173,303,0
2014-12-16,17:05:00,25.242,25.242,25.242,25.242,101,0
2014-12-16,17:15:00,25.242,25.242,25.242,25.242,101,0
2014-12-16,17:25:00,25.242,25.242,25.242,25.242,101,0
2014-12-16,17:35:00,25.272,25.272,25.272,25.272,101,0
2014-12-16,17:50:00,25.272,25.272,25.272,25.272,101,0
2014-12-16,18:00:00,25.262,25.262,25.262,25.262,202,0
2014-12-16,18:10:00,25.272,25.272,25.272,25.272,101,0
2014-12-16,18:20:00,25.262,25.262,25.262,25.262,101,0
2014-12-16,18:30:00,25.262,25.262,25.262,25.262,101,0
2014-12-16,18:40:00,25.262,25.262,25.262,25.262,101,0
2014-12-16,18:50:00,25.262,25.262,25.262,25.262,101,0
2014-12-16,19:00:00,25.262,25.262,25.262,25.262,101,0
2014-12-16,19:05:00,25.262,25.262,25.262,25.262,101,0
2014-12-16,19:15:00,25.252,25.252,25.252,25.252,202,0
2014-12-16,19:20:00,25.252,25.252,25.252,25.252,101,0
2014-12-16,19:30:00,25.252,25.252,25.252,25.252,305,0
2014-12-16,21:50:00,25.252,25.252,25.252,25.252,707,0
2014-12-17,15:40:00,25.252,25.252,25.252,25.252,101,0
2014-12-17,15:50:00,25.262,25.262,25.262,25.262,101,0
2014-12-17,16:00:00,25.282,25.282,25.282,25.282,101,0
2014-12-17,16:10:00,25.282,25.282,25.282,25.282,101,0
2014-12-17,16:20:00,25.272,25.272,25.272,25.272,202,0
2014-12-17,16:50:00,25.322,25.322,25.322,25.322,101,0
2014-12-17,17:00:00,25.529,25.529,25.529,25.529,101,0
2014-12-17,17:15:00,25.529,25.529,25.529,25.529,101,0
2014-12-17,17:30:00,25.529,25.529,25.529,25.529,374,0
2014-12-17,17:40:00,25.569,25.569,25.569,25.569,101,0
2014-12-17,17:45:00,25.569,25.569,25.569,25.569,1251,0
2014-12-17,17:50:00,25.569,25.569,25.569,25.569,101,0
2014-12-17,18:00:00,25.559,25.559,25.559,25.559,201,0
2014-12-17,20:35:00,25.708,25.708,25.708,25.708,404,0
2014-12-17,21:55:00,25.668,25.668,25.668,25.668,808,0
2014-12-18,15:35:00,25.41,27.671,25.41,27.671,710,0
2014-12-18,16:20:00,25.43,25.44,25.43,25.44,710,0
2014-12-18,19:00:00,25.292,25.292,25.292,25.292,406,0
2014-12-18,19:45:00,25.401,25.401,25.401,25.401,1925,0
2014-12-19,16:25:00,25.372,25.372,25.372,25.372,336,0
2014-12-19,20:40:00,25.43,25.43,25.43,25.43,101,0
2014-12-19,21:50:00,25.48,25.48,25.48,25.48,101,0
2014-12-22,21:05:00,25.41,25.44,25.41,25.44,406,0
2014-12-23,18:20:00,25.391,25.391,25.382,25.391,1013,0
2014-12-23,21:40:00,25.41,25.41,25.41,25.41,121,0
2014-12-24,17:30:00,25.421,25.421,25.421,25.421,100,0
2014-12-24,17:40:00,25.362,25.362,25.362,25.362,200,0
2014-12-24,18:00:00,25.421,25.421,25.421,25.421,100,0
2014-12-24,18:35:00,25.431,25.431,25.431,25.431,100,0
2014-12-24,18:40:00,25.421,25.421,25.421,25.421,302,0
2014-12-24,18:45:00,25.421,25.421,25.421,25.421,402,0
2014-12-26,15:35:00,25.302,25.302,25.302,25.302,1795,0
2014-12-26,16:05:00,25.252,25.302,25.252,25.302,200,0
2014-12-29,21:55:00,25.481,25.63,25.451,25.63,904,0
2014-12-30,19:00:00,25.54,25.54,25.54,25.54,200,0
2014-12-30,20:25:00,25.421,25.481,25.421,25.421,4521,0
2014-12-31,21:10:00,25.501,25.511,25.501,25.511,382,0
2014-12-31,21:15:00,25.501,25.501,25.501,25.501,190,0
2015-01-02,16:05:00,25.53,25.53,25.53,25.53,426,0
2015-01-02,18:55:00,25.431,25.431,25.372,25.372,2537,0
2015-01-02,19:05:00,25.431,25.441,25.421,25.441,2409,0
2015-01-02,19:45:00,25.441,25.441,25.431,25.441,496,0
2015-01-02,20:05:00,25.431,25.431,25.431,25.431,703,0
2015-01-02,20:20:00,25.491,25.491,25.491,25.491,100,0
2015-01-02,20:35:00,25.421,25.431,25.372,25.421,4490,0
2015-01-02,21:05:00,25.441,25.441,25.382,25.382,2562,0
2015-01-02,21:10:00,25.431,25.431,25.431,25.431,563,0
2015-01-02,22:00:00,25.431,25.431,25.431,25.431,402,0
2015-01-05,20:40:00,25.421,25.421,25.421,25.421,136,0
2015-01-05,20:45:00,25.52,25.54,25.52,25.54,5220,0
2015-01-05,21:05:00,25.54,25.54,25.54,25.54,402,0
2015-01-06,19:00:00,25.431,25.431,25.431,25.431,200,0
2015-01-07,17:15:00,25.52,25.52,25.52,25.52,904,0
2015-01-07,17:50:00,25.53,25.53,25.53,25.53,387,0
2015-01-07,19:05:00,25.501,25.501,25.501,25.501,115,0
2015-01-07,19:10:00,25.501,25.501,25.501,25.501,372,0
2015-01-07,20:20:00,25.56,25.56,25.56,25.56,2409,0
2015-01-07,20:25:00,25.56,25.56,25.56,25.56,2611,0
2015-01-07,20:35:00,25.56,25.56,25.56,25.56,200,0
2015-01-07,20:40:00,25.56,25.56,25.56,25.56,200,0
2015-01-07,21:40:00,25.56,25.56,25.56,25.56,402,0
2015-01-08,17:55:00,25.58,25.58,25.58,25.58,602,0
2015-01-08,21:10:00,25.58,25.59,25.58,25.59,2811,0
2015-01-09,19:20:00,25.61,25.61,25.61,25.61,703,0
2015-01-12,15:50:00,25.62,25.62,25.62,25.62,302,0
2015-01-13,15:40:00,25.62,25.62,25.62,25.62,401,0
2015-01-13,18:50:00,25.56,25.56,25.56,25.56,302,0
2015-01-13,19:05:00,25.54,25.54,25.54,25.54,1464,0
2015-01-13,19:55:00,25.54,25.54,25.54,25.54,302,0
2015-01-15,17:00:00,25.6,25.6,25.6,25.6,603,0
2015-01-15,19:45:00,25.7,25.71,25.7,25.71,1174,0
2015-01-15,19:55:00,25.7,25.7,25.7,25.7,326,0
2015-01-15,21:15:00,25.62,25.62,25.62,25.62,626,0
2015-01-16,18:40:00,25.64,25.64,25.64,25.64,178,0
2015-01-16,20:55:00,25.57,25.58,25.57,25.58,445,0
2015-01-20,19:20:00,25.6,25.6,25.6,25.6,100,0
2015-01-20,21:45:00,25.68,25.68,25.63,25.63,3421,0
2015-01-21,19:25:00,25.66,25.67,25.66,25.67,601,0
2015-01-23,15:55:00,25.62,25.62,25.62,25.62,898,0
2015-01-23,16:15:00,25.73,25.73,25.73,25.73,200,0
2015-01-23,17:00:00,25.64,25.64,25.64,25.64,1225,0
2015-01-23,19:15:00,25.64,25.64,25.64,25.64,138,0
2015-01-23,20:55:00,25.66,25.66,25.66,25.66,540,0
2015-01-26,17:20:00,25.645,25.645,25.645,25.645,1289,0
2015-01-26,19:20:00,25.645,25.645,25.645,25.645,401,0
2015-01-27,18:00:00,25.715,25.715,25.715,25.715,100,0
2015-01-28,15:40:00,25.675,25.675,25.675,25.675,100,0
2015-01-28,19:05:00,25.715,25.715,25.705,25.705,2400,0
2015-02-02,17:15:00,25.805,25.805,25.805,25.805,365,0
2015-02-02,17:50:00,25.775,25.775,25.775,25.775,426,0
2015-02-02,22:00:00,25.805,25.805,25.805,25.805,350,0
2015-02-03,15:45:00,25.775,25.775,25.775,25.775,100,0
2015-02-03,15:50:00,25.785,25.785,25.785,25.785,200,0
2015-02-03,15:55:00,25.775,25.775,25.775,25.775,500,0
2015-02-09,21:10:00,25.615,25.615,25.615,25.615,100,0
2015-02-11,20:40:00,25.655,25.655,25.655,25.655,1468,0
2015-02-11,20:55:00,25.655,25.655,25.655,25.655,3207,0
2015-02-13,16:00:00,25.625,25.625,25.625,25.625,401,0
2015-02-13,16:15:00,25.665,25.665,25.665,25.665,542,0
2015-02-17,16:05:00,25.655,25.655,25.655,25.655,251,0
2015-02-17,20:40:00,25.555,25.555,25.555,25.555,1542,0
2015-02-17,21:10:00,25.615,25.615,25.615,25.615,400,0
2015-02-18,20:00:00,25.535,25.535,25.535,25.535,285,0
2015-02-19,20:15:00,25.645,25.645,25.645,25.645,100,0
2015-02-19,20:20:00,25.645,25.645,25.645,25.645,100,0
2015-02-19,20:30:00,25.645,25.645,25.645,25.645,100,0
2015-02-19,20:35:00,25.635,25.635,25.635,25.635,200,0
2015-02-19,20:40:00,25.515,25.635,25.515,25.635,1091,0
2015-02-19,21:20:00,25.635,25.635,25.635,25.635,301,0
2015-02-20,21:40:00,25.645,25.645,25.645,25.645,270,0
2015-02-23,21:50:00,25.57,25.57,25.57,25.57,153,0
