Date,Time,Open,High,Low,Close,Volume,OpenInt
2015-02-03,16:25:00,61.08,61.09,60.99,61.03,2539,0
2015-02-03,16:35:00,61.08,61.08,60.97,60.97,6895,0
2015-02-03,16:40:00,60.96,60.96,60.89,60.9,3809,0
2015-02-03,16:45:00,60.94,60.94,60.8,60.8,18151,0
2015-02-03,16:50:00,60.79,60.84,60.79,60.81,2646,0
2015-02-03,16:55:00,60.7,60.73,60.64,60.7,3168,0
2015-02-03,17:00:00,60.67,60.68,60.65,60.67,1000,0
2015-02-03,17:05:00,60.65,60.68,60.62,60.68,2917,0
2015-02-03,17:10:00,60.67,60.74,60.62,60.74,3530,0
2015-02-03,17:15:00,60.73,60.81,60.72,60.8,2415,0
2015-02-03,17:20:00,60.83,60.9,60.83,60.88,4797,0
2015-02-03,17:25:00,60.89,60.89,60.81,60.81,8945,0
2015-02-03,17:30:00,60.82,60.84,60.77,60.77,2984,0
2015-02-03,17:35:00,60.75,60.75,60.74,60.74,2223,0
2015-02-03,17:40:00,60.72,60.81,60.71,60.81,6508,0
2015-02-03,17:45:00,60.8,60.85,60.79,60.83,4821,0
2015-02-03,17:50:00,60.87,60.89,60.82,60.83,8185,0
2015-02-03,17:55:00,60.79,60.79,60.65,60.65,20099,0
2015-02-03,18:00:00,60.64,60.65,60.6,60.61,3680,0
2015-02-03,18:05:00,60.61,60.61,60.52,60.55,4775,0
2015-02-03,18:10:00,60.56,60.63,60.55,60.62,3976,0
2015-02-03,18:15:00,60.62,60.73,60.62,60.66,7490,0
2015-02-03,18:20:00,60.67,60.67,60.65,60.65,5539,0
2015-02-03,18:25:00,60.66,60.67,60.62,60.62,2902,0
2015-02-03,18:30:00,60.58,60.62,60.58,60.62,4653,0
2015-02-03,18:35:00,60.6,60.6,60.54,60.55,6923,0
2015-02-03,18:40:00,60.53,60.6,60.51,60.57,7401,0
2015-02-03,18:45:00,60.57,60.63,60.56,60.63,3132,0
2015-02-03,18:50:00,60.66,60.67,60.6,60.62,3961,0
2015-02-03,18:55:00,60.63,60.63,60.57,60.61,5602,0
2015-02-03,19:00:00,60.66,60.66,60.62,60.63,1700,0
2015-02-03,19:05:00,60.63,60.66,60.6,60.66,2195,0
2015-02-03,19:10:00,60.66,60.7,60.66,60.69,2695,0
2015-02-03,19:15:00,60.68,60.74,60.66,60.74,5245,0
2015-02-03,19:20:00,60.75,60.77,60.72,60.74,3167,0
2015-02-03,19:25:00,60.79,60.88,60.79,60.84,13975,0
2015-02-03,19:30:00,60.89,60.91,60.86,60.9,5249,0
2015-02-03,19:35:00,60.92,61.05,60.92,61.01,5611,0
2015-02-03,19:40:00,61.06,61.06,60.97,60.97,3022,0
2015-02-03,19:45:00,60.99,60.99,60.95,60.95,2013,0
2015-02-03,19:50:00,60.97,61.05,60.95,61.03,18392,0
2015-02-03,19:55:00,61.06,61.09,61.02,61.09,1649,0
2015-02-03,20:00:00,61.16,61.16,61.13,61.13,3054,0
2015-02-03,20:05:00,61.17,61.21,61.17,61.21,8689,0
2015-02-03,20:10:00,61.12,61.15,61.08,61.08,2760,0
2015-02-03,20:15:00,61.06,61.09,61.03,61.04,10832,0
2015-02-03,20:20:00,61.06,61.13,61.06,61.12,7098,0
2015-02-03,20:25:00,61.13,61.17,61.13,61.13,6853,0
2015-02-03,20:30:00,61.09,61.09,61.05,61.06,1912,0
2015-02-03,20:35:00,61.09,61.1,61.06,61.1,4707,0
2015-02-03,20:40:00,61.07,61.14,61.05,61.14,15018,0
2015-02-03,20:45:00,61.13,61.17,61.11,61.17,6403,0
2015-02-03,20:50:00,61.18,61.24,61.18,61.24,4931,0
2015-02-03,20:55:00,61.24,61.28,61.21,61.25,40038,0
2015-02-03,21:00:00,61.26,61.3,61.25,61.3,6799,0
2015-02-03,21:05:00,61.3,61.34,61.3,61.33,8313,0
2015-02-03,21:10:00,61.32,61.33,61.25,61.32,4121,0
2015-02-03,21:15:00,61.29,61.3,61.27,61.28,8872,0
2015-02-03,21:20:00,61.32,61.32,61.27,61.28,8148,0
2015-02-03,21:25:00,61.27,61.34,61.27,61.33,7092,0
2015-02-03,21:30:00,61.33,61.33,61.27,61.32,9217,0
2015-02-03,21:35:00,61.32,61.35,61.26,61.26,9715,0
2015-02-03,21:40:00,61.32,61.36,61.31,61.36,8699,0
2015-02-03,21:45:00,61.37,61.42,61.37,61.41,23740,0
2015-02-03,21:50:00,61.4,61.44,61.4,61.4,3718,0
2015-02-03,21:55:00,61.45,61.47,61.45,61.46,4293,0
2015-02-03,22:00:00,61.46,61.48,61.45,61.46,36621,0
2015-02-04,15:35:00,61.07,61.07,60.79,60.79,22742,0
2015-02-04,15:40:00,60.76,60.85,60.74,60.85,1889,0
2015-02-04,15:45:00,60.9,60.92,60.88,60.91,5661,0
2015-02-04,15:50:00,60.95,61.0,60.95,61.0,6216,0
2015-02-04,15:55:00,61.04,61.04,60.98,61.01,2805,0
2015-02-04,16:00:00,61.02,61.04,61.0,61.0,5251,0
2015-02-04,16:05:00,61.06,61.16,61.06,61.07,1023,0
2015-02-04,16:10:00,61.08,61.1,61.04,61.08,2032,0
2015-02-04,16:15:00,61.08,61.12,61.04,61.04,3101,0
2015-02-04,16:20:00,61.03,61.13,61.01,61.09,19049,0
2015-02-04,16:25:00,61.12,61.13,61.01,61.06,3670,0
2015-02-04,16:30:00,61.11,61.12,61.09,61.11,3400,0
2015-02-04,16:35:00,61.12,61.17,61.06,61.07,6394,0
2015-02-04,16:40:00,61.03,61.15,61.01,61.14,5049,0
2015-02-04,16:45:00,61.12,61.25,61.12,61.24,7334,0
2015-02-04,16:50:00,61.21,61.21,61.18,61.19,821,0
2015-02-04,16:55:00,61.25,61.31,61.24,61.31,2431,0
2015-02-04,17:00:00,61.32,61.32,61.25,61.27,12693,0
2015-02-04,17:05:00,61.2,61.33,61.2,61.33,3685,0
2015-02-04,17:10:00,61.37,61.4,61.37,61.4,2646,0
2015-02-04,17:15:00,61.43,61.45,61.36,61.36,8534,0
2015-02-04,17:20:00,61.37,61.42,61.34,61.34,2395,0
2015-02-04,17:25:00,61.33,61.34,61.32,61.34,4955,0
2015-02-04,17:30:00,61.38,61.44,61.38,61.44,3200,0
2015-02-04,17:35:00,61.48,61.56,61.48,61.56,2922,0
2015-02-04,17:40:00,61.58,61.58,61.54,61.55,5813,0
2015-02-04,17:45:00,61.49,61.5,61.44,61.44,4108,0
2015-02-04,17:50:00,61.42,61.47,61.42,61.47,2329,0
2015-02-04,17:55:00,61.46,61.46,61.42,61.42,1513,0
2015-02-04,18:00:00,61.42,61.45,61.41,61.45,2923,0
2015-02-04,18:05:00,61.44,61.44,61.41,61.44,2180,0
2015-02-04,18:10:00,61.44,61.48,61.42,61.48,2921,0
2015-02-04,18:15:00,61.47,61.47,61.45,61.45,1699,0
2015-02-04,18:20:00,61.47,61.48,61.45,61.46,3080,0
2015-02-04,18:25:00,61.43,61.44,61.39,61.42,12624,0
2015-02-04,18:30:00,61.42,61.42,61.35,61.35,6523,0
2015-02-04,18:35:00,61.34,61.34,61.3,61.33,6310,0
2015-02-04,18:40:00,61.31,61.32,61.31,61.31,1129,0
2015-02-04,18:45:00,61.3,61.33,61.29,61.29,3540,0
2015-02-04,18:50:00,61.26,61.29,61.25,61.25,2340,0
2015-02-04,18:55:00,61.27,61.27,61.22,61.23,3940,0
2015-02-04,19:00:00,61.24,61.29,61.24,61.28,3673,0
2015-02-04,19:05:00,61.27,61.28,61.24,61.24,3181,0
2015-02-04,19:10:00,61.24,61.28,61.24,61.28,2663,0
2015-02-04,19:15:00,61.28,61.28,61.25,61.25,7312,0
2015-02-04,19:20:00,61.29,61.3,61.26,61.27,2545,0
2015-02-04,19:25:00,61.25,61.27,61.23,61.27,1549,0
2015-02-04,19:30:00,61.29,61.39,61.29,61.39,2653,0
2015-02-04,19:35:00,61.4,61.41,61.38,61.41,2776,0
2015-02-04,19:40:00,61.41,61.41,61.38,61.41,1779,0
2015-02-04,19:45:00,61.4,61.42,61.38,61.41,4943,0
2015-02-04,19:50:00,61.39,61.41,61.36,61.36,13751,0
2015-02-04,19:55:00,61.35,61.44,61.33,61.44,3655,0
2015-02-04,20:00:00,61.41,61.42,61.37,61.42,7538,0
2015-02-04,20:05:00,61.42,61.49,61.42,61.49,5183,0
2015-02-04,20:10:00,61.49,61.49,61.4,61.4,6249,0
2015-02-04,20:15:00,61.4,61.41,61.38,61.38,4327,0
2015-02-04,20:20:00,61.35,61.42,61.34,61.36,7261,0
2015-02-04,20:25:00,61.38,61.41,61.38,61.39,5504,0
2015-02-04,20:30:00,61.39,61.44,61.39,61.44,4301,0
2015-02-04,20:35:00,61.43,61.43,61.38,61.39,4406,0
2015-02-04,20:40:00,61.43,61.45,61.4,61.43,3823,0
2015-02-04,20:45:00,61.43,61.43,61.42,61.42,2189,0
2015-02-04,20:50:00,61.44,61.52,61.44,61.52,2941,0
2015-02-04,20:55:00,61.51,61.51,61.46,61.46,3103,0
2015-02-04,21:00:00,61.49,61.5,61.46,61.47,3311,0
2015-02-04,21:05:00,61.46,61.46,61.42,61.45,3540,0
2015-02-04,21:10:00,61.46,61.49,61.46,61.49,5878,0
2015-02-04,21:15:00,61.49,61.49,61.43,61.45,7534,0
2015-02-04,21:20:00,61.46,61.5,61.46,61.49,5066,0
2015-02-04,21:25:00,61.48,61.5,61.48,61.5,2647,0
2015-02-04,21:30:00,61.5,61.56,61.5,61.54,4902,0
2015-02-04,21:35:00,61.54,61.58,61.53,61.58,2856,0
2015-02-04,21:40:00,61.58,61.59,61.47,61.47,9925,0
2015-02-04,21:45:00,61.44,61.45,61.29,61.31,15861,0
2015-02-04,21:50:00,61.27,61.27,61.15,61.26,28777,0
2015-02-04,21:55:00,61.26,61.26,61.18,61.23,8279,0
2015-02-04,22:00:00,61.22,61.3,61.21,61.3,11312,0
2015-02-05,15:35:00,61.65,61.75,61.65,61.75,800,0
2015-02-05,15:40:00,61.8,61.9,61.8,61.87,1761,0
2015-02-05,15:45:00,61.86,61.89,61.86,61.89,1604,0
2015-02-05,15:50:00,62.0,62.08,62.0,62.05,7924,0
2015-02-05,15:55:00,62.07,62.07,61.99,61.99,3020,0
2015-02-05,16:00:00,61.89,61.92,61.87,61.87,3228,0
2015-02-05,16:05:00,61.93,61.99,61.93,61.93,8865,0
2015-02-05,16:10:00,61.92,61.94,61.89,61.92,5442,0
2015-02-05,16:15:00,61.85,61.88,61.85,61.86,3059,0
2015-02-05,16:20:00,61.91,61.92,61.88,61.88,2498,0
2015-02-05,16:25:00,61.83,61.85,61.79,61.83,4543,0
2015-02-05,16:30:00,61.86,61.89,61.86,61.89,1550,0
2015-02-05,16:35:00,61.85,61.87,61.85,61.86,4317,0
2015-02-05,16:40:00,61.83,61.92,61.83,61.92,2824,0
2015-02-05,16:50:00,61.96,62.02,61.96,61.99,3295,0
2015-02-05,16:55:00,62.01,62.01,61.99,61.99,800,0
2015-02-05,17:00:00,61.99,61.99,61.96,61.97,3962,0
2015-02-05,17:05:00,61.94,61.94,61.85,61.85,3000,0
2015-02-05,17:10:00,61.88,61.88,61.84,61.84,2100,0
2015-02-05,17:15:00,61.85,61.89,61.84,61.85,10980,0
2015-02-05,17:20:00,61.88,61.88,61.83,61.84,2450,0
2015-02-05,17:25:00,61.87,61.9,61.85,61.89,14866,0
2015-02-05,17:30:00,61.93,61.95,61.9,61.93,4520,0
2015-02-05,17:35:00,61.96,61.96,61.92,61.92,5642,0
2015-02-05,17:40:00,61.92,61.93,61.92,61.93,3875,0
2015-02-05,17:45:00,61.91,61.92,61.88,61.92,2171,0
2015-02-05,17:50:00,61.92,61.96,61.91,61.96,3072,0
2015-02-05,17:55:00,61.93,61.94,61.89,61.93,2330,0
2015-02-05,18:00:00,61.91,61.92,61.87,61.87,6400,0
2015-02-05,18:05:00,61.88,61.88,61.85,61.86,1300,0
2015-02-05,18:10:00,61.87,61.87,61.81,61.87,7141,0
2015-02-05,18:15:00,61.85,61.86,61.85,61.85,3108,0
2015-02-05,18:20:00,61.86,61.86,61.84,61.84,700,0
2015-02-05,18:25:00,61.85,61.89,61.85,61.86,4386,0
2015-02-05,18:35:00,61.83,61.89,61.83,61.89,823,0
2015-02-05,18:40:00,61.86,61.86,61.83,61.85,2960,0
2015-02-05,18:50:00,61.84,61.86,61.84,61.84,1084,0
2015-02-05,18:55:00,61.82,61.82,61.78,61.79,2451,0
2015-02-05,19:00:00,61.73,61.76,61.71,61.76,815,0
2015-02-05,19:05:00,61.76,61.83,61.76,61.8,6187,0
2015-02-05,19:10:00,61.8,61.8,61.79,61.8,1240,0
2015-02-05,19:15:00,61.79,61.79,61.79,61.79,408,0
2015-02-05,19:20:00,61.83,61.86,61.83,61.86,2650,0
2015-02-05,19:25:00,61.9,61.92,61.89,61.89,2399,0
2015-02-05,19:30:00,61.87,61.9,61.86,61.87,2167,0
2015-02-05,19:35:00,61.9,61.92,61.87,61.92,18662,0
2015-02-05,19:40:00,61.93,61.95,61.92,61.93,7100,0
2015-02-05,19:45:00,61.93,61.95,61.91,61.93,5812,0
2015-02-05,19:50:00,61.95,61.95,61.93,61.95,4204,0
2015-02-05,19:55:00,61.96,61.97,61.94,61.94,4160,0
2015-02-05,20:00:00,61.94,61.94,61.94,61.94,1100,0
2015-02-05,20:05:00,61.96,61.98,61.94,61.94,3430,0
2015-02-05,20:10:00,61.98,61.99,61.96,61.97,5379,0
2015-02-05,20:15:00,61.99,62.07,61.99,62.02,7902,0
2015-02-05,20:20:00,62.03,62.04,62.03,62.04,1200,0
2015-02-05,20:25:00,62.06,62.06,62.02,62.04,9749,0
2015-02-05,20:30:00,62.03,62.04,62.01,62.01,6251,0
2015-02-05,20:35:00,62.04,62.07,62.02,62.04,3864,0
2015-02-05,20:40:00,62.03,62.07,62.03,62.06,6091,0
2015-02-05,20:45:00,62.06,62.07,62.04,62.05,3505,0
2015-02-05,20:50:00,62.04,62.07,62.04,62.04,4957,0
2015-02-05,20:55:00,62.02,62.07,62.02,62.05,3968,0
2015-02-05,21:00:00,62.04,62.04,62.01,62.02,6994,0
2015-02-05,21:05:00,62.04,62.08,62.04,62.07,1100,0
2015-02-05,21:10:00,62.05,62.08,62.05,62.07,2729,0
2015-02-05,21:15:00,62.08,62.09,62.07,62.08,1608,0
2015-02-05,21:20:00,62.07,62.1,62.06,62.1,5550,0
2015-02-05,21:25:00,62.09,62.09,62.06,62.08,5027,0
2015-02-05,21:30:00,62.06,62.12,62.06,62.12,6627,0
2015-02-05,21:35:00,62.09,62.1,62.06,62.08,1884,0
2015-02-05,21:40:00,62.11,62.13,62.09,62.13,2339,0
2015-02-05,21:45:00,62.14,62.14,62.12,62.12,11446,0
2015-02-05,21:50:00,62.11,62.11,62.04,62.04,3522,0
2015-02-05,21:55:00,62.1,62.1,62.08,62.1,3505,0
2015-02-05,22:00:00,62.12,62.13,62.08,62.08,28422,0
2015-02-06,15:35:00,62.26,62.26,62.07,62.09,15682,0
2015-02-06,15:40:00,62.04,62.04,61.9,61.95,4324,0
2015-02-06,15:45:00,62.01,62.01,61.94,61.94,6449,0
2015-02-06,15:50:00,61.86,61.94,61.85,61.94,7176,0
2015-02-06,15:55:00,61.94,62.03,61.94,62.02,2627,0
2015-02-06,16:00:00,61.97,62.09,61.97,62.09,3064,0
2015-02-06,16:05:00,62.11,62.2,62.1,62.2,3838,0
2015-02-06,16:10:00,62.18,62.22,62.18,62.22,5160,0
2015-02-06,16:15:00,62.21,62.26,62.21,62.25,7865,0
2015-02-06,16:20:00,62.27,62.3,62.23,62.29,4522,0
2015-02-06,16:25:00,62.28,62.28,62.28,62.28,212,0
2015-02-06,16:30:00,62.37,62.38,62.34,62.37,7512,0
2015-02-06,16:35:00,62.35,62.38,62.33,62.36,64513,0
2015-02-06,16:40:00,62.37,62.42,62.37,62.42,6137,0
2015-02-06,16:45:00,62.42,62.48,62.42,62.48,2083,0
2015-02-06,16:50:00,62.52,62.53,62.49,62.5,13183,0
2015-02-06,16:55:00,62.48,62.48,62.38,62.38,2829,0
2015-02-06,17:00:00,62.4,62.4,62.33,62.34,2070,0
2015-02-06,17:05:00,62.35,62.35,62.28,62.28,3157,0
2015-02-06,17:10:00,62.29,62.29,62.25,62.25,5066,0
2015-02-06,17:15:00,62.25,62.31,62.25,62.27,2773,0
2015-02-06,17:20:00,62.29,62.31,62.28,62.31,2530,0
2015-02-06,17:25:00,62.28,62.3,62.26,62.28,5029,0
2015-02-06,17:30:00,62.34,62.36,62.32,62.33,3484,0
2015-02-06,17:35:00,62.33,62.35,62.31,62.31,5189,0
2015-02-06,17:40:00,62.3,62.32,62.28,62.32,1914,0
2015-02-06,17:45:00,62.3,62.3,62.26,62.3,1935,0
2015-02-06,17:50:00,62.31,62.31,62.28,62.29,1424,0
2015-02-06,17:55:00,62.29,62.29,62.25,62.28,3096,0
2015-02-06,18:00:00,62.25,62.25,62.24,62.24,916,0
2015-02-06,18:05:00,62.24,62.27,62.24,62.27,2272,0
2015-02-06,18:10:00,62.29,62.32,62.29,62.3,1944,0
2015-02-06,18:15:00,62.33,62.33,62.29,62.29,3356,0
2015-02-06,18:20:00,62.28,62.29,62.28,62.29,1858,0
2015-02-06,18:25:00,62.29,62.29,62.23,62.23,5800,0
2015-02-06,18:30:00,62.23,62.23,62.2,62.2,3500,0
2015-02-06,18:35:00,62.18,62.19,62.16,62.16,1125,0
2015-02-06,18:40:00,62.14,62.14,62.13,62.13,1290,0
2015-02-06,18:45:00,62.13,62.13,61.99,61.99,3100,0
2015-02-06,18:50:00,61.91,62.0,61.91,62.0,6451,0
2015-02-06,18:55:00,61.99,62.04,61.99,62.04,2162,0
2015-02-06,19:00:00,62.07,62.13,62.07,62.13,1321,0
2015-02-06,19:05:00,62.12,62.12,62.11,62.11,1450,0
2015-02-06,19:10:00,62.04,62.04,61.99,62.01,1573,0
2015-02-06,19:15:00,61.98,61.99,61.98,61.99,1050,0
2015-02-06,19:20:00,62.01,62.01,61.94,61.98,1986,0
2015-02-06,19:25:00,61.98,62.0,61.91,61.92,6176,0
2015-02-06,19:30:00,61.91,61.92,61.8,61.87,6223,0
2015-02-06,19:35:00,61.87,61.87,61.81,61.87,2276,0
2015-02-06,19:40:00,61.88,61.89,61.78,61.83,2364,0
2015-02-06,19:45:00,61.83,61.83,61.83,61.83,909,0
2015-02-06,19:50:00,61.89,61.89,61.88,61.88,1550,0
2015-02-06,19:55:00,61.9,61.94,61.9,61.92,2160,0
2015-02-06,20:00:00,61.93,61.96,61.9,61.9,3766,0
2015-02-06,20:05:00,61.9,61.9,61.85,61.89,2627,0
2015-02-06,20:10:00,61.9,61.95,61.89,61.89,58911,0
2015-02-06,20:15:00,61.88,61.95,61.85,61.93,3603,0
2015-02-06,20:20:00,61.91,61.94,61.9,61.91,14855,0
2015-02-06,20:25:00,61.92,61.96,61.91,61.94,3002,0
2015-02-06,20:30:00,61.95,61.97,61.93,61.97,10400,0
2015-02-06,20:35:00,61.97,61.98,61.95,61.97,13046,0
2015-02-06,20:40:00,61.97,62.0,61.97,61.99,3017,0
2015-02-06,20:45:00,62.0,62.0,61.96,61.97,12112,0
2015-02-06,20:50:00,61.97,61.97,61.89,61.91,1270,0
2015-02-06,20:55:00,61.91,61.91,61.86,61.86,1721,0
2015-02-06,21:00:00,61.88,61.88,61.81,61.81,109282,0
2015-02-06,21:05:00,61.81,61.81,61.68,61.68,4409,0
2015-02-06,21:10:00,61.65,61.76,61.65,61.73,2929,0
2015-02-06,21:15:00,61.71,61.71,61.67,61.67,2015,0
2015-02-06,21:20:00,61.65,61.71,61.55,61.55,10177,0
2015-02-06,21:25:00,61.52,61.66,61.5,61.62,12908,0
2015-02-06,21:30:00,61.64,61.65,61.54,61.54,4159,0
2015-02-06,21:35:00,61.51,61.6,61.51,61.6,5096,0
2015-02-06,21:40:00,61.59,61.63,61.56,61.63,4873,0
2015-02-06,21:45:00,61.62,61.62,61.54,61.54,3835,0
2015-02-06,21:50:00,61.58,61.58,61.54,61.55,1887,0
2015-02-06,21:55:00,61.61,61.69,61.61,61.69,3105,0
2015-02-06,22:00:00,61.7,61.7,61.64,61.7,9536,0
2015-02-09,15:35:00,61.54,61.54,61.44,61.44,1391,0
2015-02-09,15:40:00,61.47,61.47,61.36,61.42,2309,0
2015-02-09,15:45:00,61.52,61.52,61.4,61.4,1162,0
2015-02-09,15:50:00,61.41,61.51,61.41,61.5,2824,0
2015-02-09,15:55:00,61.53,61.62,61.53,61.62,1183,0
2015-02-09,16:00:00,61.59,61.6,61.55,61.58,6572,0
2015-02-09,16:05:00,61.62,61.62,61.54,61.57,4821,0
2015-02-09,16:10:00,61.53,61.54,61.52,61.52,2700,0
2015-02-09,16:15:00,61.5,61.5,61.49,61.49,3139,0
2015-02-09,16:20:00,61.49,61.5,61.43,61.43,3608,0
2015-02-09,16:25:00,61.41,61.41,61.31,61.31,3828,0
2015-02-09,16:30:00,61.32,61.33,61.26,61.28,10659,0
2015-02-09,16:35:00,61.25,61.25,61.22,61.24,5544,0
2015-02-09,16:40:00,61.25,61.32,61.25,61.28,5619,0
2015-02-09,16:45:00,61.26,61.26,61.21,61.23,3694,0
2015-02-09,16:50:00,61.2,61.23,61.17,61.23,3542,0
2015-02-09,16:55:00,61.24,61.24,61.17,61.23,4020,0
2015-02-09,17:00:00,61.2,61.21,61.11,61.11,2596,0
2015-02-09,17:05:00,61.12,61.16,61.07,61.16,7858,0
2015-02-09,17:10:00,61.16,61.22,61.15,61.22,5683,0
2015-02-09,17:15:00,61.25,61.26,61.22,61.25,4367,0
2015-02-09,17:20:00,61.25,61.31,61.25,61.31,4768,0
2015-02-09,17:25:00,61.31,61.34,61.29,61.34,4371,0
2015-02-09,17:30:00,61.32,61.34,61.28,61.33,4225,0
2015-02-09,17:35:00,61.34,61.35,61.27,61.29,6475,0
2015-02-09,17:40:00,61.27,61.28,61.24,61.27,5286,0
2015-02-09,17:45:00,61.27,61.29,61.26,61.29,4352,0
2015-02-09,17:50:00,61.28,61.32,61.28,61.29,4263,0
2015-02-09,17:55:00,61.28,61.32,61.27,61.31,3244,0
2015-02-09,18:00:00,61.28,61.34,61.27,61.34,3603,0
2015-02-09,18:05:00,61.33,61.35,61.27,61.32,3267,0
2015-02-09,18:10:00,61.3,61.37,61.28,61.37,5348,0
2015-02-09,18:15:00,61.38,61.38,61.34,61.34,3179,0
2015-02-09,18:20:00,61.35,61.35,61.28,61.29,3133,0
2015-02-09,18:25:00,61.31,61.33,61.29,61.3,5547,0
2015-02-09,18:30:00,61.31,61.31,61.28,61.31,3213,0
2015-02-09,18:35:00,61.36,61.4,61.35,61.37,3641,0
2015-02-09,18:40:00,61.38,61.38,61.32,61.32,3588,0
2015-02-09,18:45:00,61.33,61.33,61.25,61.25,4569,0
2015-02-09,18:50:00,61.27,61.27,61.24,61.25,2463,0
2015-02-09,18:55:00,61.27,61.29,61.24,61.29,3764,0
2015-02-09,19:00:00,61.29,61.29,61.23,61.26,3812,0
2015-02-09,19:05:00,61.26,61.28,61.21,61.21,3041,0
2015-02-09,19:10:00,61.21,61.23,61.21,61.22,3060,0
2015-02-09,19:15:00,61.21,61.27,61.21,61.25,3863,0
2015-02-09,19:20:00,61.23,61.27,61.23,61.24,4426,0
2015-02-09,19:25:00,61.22,61.23,61.22,61.22,2414,0
2015-02-09,19:30:00,61.22,61.22,61.18,61.18,8020,0
2015-02-09,19:35:00,61.16,61.16,61.14,61.14,4976,0
2015-02-09,19:40:00,61.15,61.16,61.15,61.16,7110,0
2015-02-09,19:45:00,61.15,61.19,61.11,61.11,3616,0
2015-02-09,19:50:00,61.09,61.1,61.08,61.08,3840,0
2015-02-09,19:55:00,61.07,61.08,61.07,61.07,3300,0
2015-02-09,20:00:00,61.07,61.07,61.02,61.02,4436,0
2015-02-09,20:05:00,61.0,61.04,60.98,61.02,7575,0
2015-02-09,20:10:00,61.04,61.07,60.97,60.98,5289,0
2015-02-09,20:15:00,60.99,61.01,60.92,60.92,7294,0
2015-02-09,20:20:00,60.94,60.94,60.89,60.91,11493,0
2015-02-09,20:25:00,60.9,60.98,60.9,60.98,5463,0
2015-02-09,20:30:00,60.97,61.02,60.97,61.01,6604,0
2015-02-09,20:35:00,61.0,61.0,60.97,60.99,7739,0
2015-02-09,20:40:00,61.0,61.04,61.0,61.04,3429,0
2015-02-09,20:45:00,61.03,61.03,60.98,60.98,3871,0
2015-02-09,20:50:00,60.99,61.0,60.9,60.92,3748,0
2015-02-09,20:55:00,60.93,60.95,60.9,60.92,45681,0
2015-02-09,21:00:00,60.91,60.94,60.88,60.88,4294,0
2015-02-09,21:05:00,60.88,60.89,60.83,60.83,2641,0
2015-02-09,21:10:00,60.84,60.84,60.82,60.83,5541,0
2015-02-09,21:15:00,60.83,60.88,60.83,60.88,1804,0
2015-02-09,21:20:00,60.84,60.86,60.81,60.81,7211,0
2015-02-09,21:25:00,60.83,60.91,60.83,60.88,4254,0
2015-02-09,21:30:00,60.91,60.93,60.9,60.93,3030,0
2015-02-09,21:35:00,60.96,60.96,60.9,60.9,10744,0
2015-02-09,21:40:00,60.89,60.91,60.86,60.91,1918,0
2015-02-09,21:45:00,60.93,61.03,60.93,61.0,4373,0
2015-02-09,21:50:00,61.03,61.04,60.96,61.04,8488,0
2015-02-09,21:55:00,61.0,61.0,60.94,60.96,3340,0
2015-02-09,22:00:00,60.96,60.99,60.92,60.92,7535,0
2015-02-10,15:35:00,61.27,61.38,61.27,61.35,3171,0
2015-02-10,15:40:00,61.39,61.41,61.36,61.37,49823,0
2015-02-10,15:45:00,61.41,61.41,61.35,61.35,3368,0
2015-02-10,15:50:00,61.33,61.42,61.32,61.42,1794,0
2015-02-10,15:55:00,61.43,61.46,61.37,61.37,5088,0
2015-02-10,16:00:00,61.41,61.41,61.37,61.41,842,0
2015-02-10,16:05:00,61.42,61.42,61.32,61.33,7784,0
2015-02-10,16:10:00,61.37,61.39,61.34,61.35,5107,0
2015-02-10,16:15:00,61.4,61.4,61.38,61.38,3183,0
2015-02-10,16:20:00,61.39,61.41,61.36,61.36,2257,0
2015-02-10,16:25:00,61.38,61.38,61.33,61.35,2187,0
2015-02-10,16:30:00,61.36,61.38,61.35,61.38,3869,0
2015-02-10,16:35:00,61.37,61.41,61.32,61.41,7105,0
2015-02-10,16:40:00,61.4,61.42,61.39,61.42,2680,0
2015-02-10,16:45:00,61.44,61.52,61.44,61.48,5916,0
2015-02-10,16:50:00,61.49,61.49,61.38,61.38,2300,0
2015-02-10,16:55:00,61.4,61.45,61.38,61.4,4543,0
2015-02-10,17:00:00,61.43,61.5,61.43,61.5,2269,0
2015-02-10,17:05:00,61.52,61.52,61.46,61.48,974,0
2015-02-10,17:10:00,61.49,61.49,61.46,61.49,7362,0
2015-02-10,17:15:00,61.55,61.56,61.55,61.56,347,0
2015-02-10,17:20:00,61.57,61.6,61.57,61.6,4091,0
2015-02-10,17:25:00,61.62,61.63,61.6,61.63,2724,0
2015-02-10,17:30:00,61.62,61.63,61.62,61.63,6170,0
2015-02-10,17:35:00,61.63,61.64,61.62,61.62,1924,0
2015-02-10,17:40:00,61.68,61.68,61.68,61.68,4000,0
2015-02-10,17:45:00,61.73,61.73,61.69,61.72,863,0
2015-02-10,17:50:00,61.7,61.72,61.69,61.72,2724,0
2015-02-10,17:55:00,61.7,61.7,61.68,61.68,1024,0
2015-02-10,18:00:00,61.69,61.69,61.67,61.69,7370,0
2015-02-10,18:05:00,61.69,61.69,61.59,61.61,3084,0
2015-02-10,18:10:00,61.62,61.62,61.62,61.62,1593,0
2015-02-10,18:15:00,61.64,61.73,61.63,61.69,3934,0
2015-02-10,18:20:00,61.69,61.72,61.68,61.72,1666,0
2015-02-10,18:25:00,61.73,61.73,61.69,61.69,2712,0
2015-02-10,18:30:00,61.7,61.7,61.65,61.65,2222,0
2015-02-10,18:35:00,61.63,61.65,61.62,61.63,5053,0
2015-02-10,18:40:00,61.64,61.67,61.64,61.65,4784,0
2015-02-10,18:45:00,61.67,61.68,61.67,61.68,1232,0
2015-02-10,18:50:00,61.66,61.74,61.66,61.74,3720,0
2015-02-10,18:55:00,61.73,61.75,61.7,61.71,2062,0
2015-02-10,19:00:00,61.69,61.73,61.69,61.7,1639,0
2015-02-10,19:05:00,61.72,61.75,61.72,61.74,3979,0
2015-02-10,19:10:00,61.76,61.77,61.76,61.77,1378,0
2015-02-10,19:15:00,61.77,61.77,61.77,61.77,485,0
2015-02-10,19:20:00,61.77,61.78,61.75,61.75,3920,0
2015-02-10,19:25:00,61.73,61.73,61.71,61.71,1124,0
2015-02-10,19:30:00,61.72,61.75,61.72,61.75,1333,0
2015-02-10,19:35:00,61.77,61.77,61.74,61.74,1779,0
2015-02-10,19:40:00,61.75,61.77,61.75,61.77,2126,0
2015-02-10,19:45:00,61.76,61.76,61.74,61.74,1487,0
2015-02-10,19:50:00,61.76,61.78,61.75,61.77,2539,0
2015-02-10,19:55:00,61.77,61.79,61.77,61.79,642,0
2015-02-10,20:00:00,61.78,61.78,61.77,61.78,950,0
2015-02-10,20:05:00,61.79,61.84,61.77,61.83,7952,0
2015-02-10,20:10:00,61.84,61.85,61.82,61.82,3753,0
2015-02-10,20:15:00,61.85,61.86,61.83,61.83,1000,0
2015-02-10,20:20:00,61.85,61.85,61.8,61.81,2239,0
2015-02-10,20:25:00,61.8,61.82,61.79,61.81,6819,0
2015-02-10,20:30:00,61.82,61.85,61.82,61.85,5499,0
2015-02-10,20:35:00,61.86,61.88,61.84,61.88,3437,0
2015-02-10,20:40:00,61.91,61.93,61.89,61.93,5902,0
2015-02-10,20:45:00,61.94,61.95,61.91,61.91,3947,0
2015-02-10,20:50:00,61.91,61.92,61.89,61.9,11969,0
2015-02-10,20:55:00,61.89,61.89,61.86,61.89,4192,0
2015-02-10,21:00:00,61.92,61.97,61.92,61.97,6698,0
2015-02-10,21:05:00,61.97,61.97,61.95,61.95,3744,0
2015-02-10,21:10:00,61.95,61.99,61.95,61.99,2873,0
2015-02-10,21:15:00,61.97,61.99,61.96,61.96,6135,0
2015-02-10,21:20:00,61.95,61.95,61.94,61.94,1404,0
2015-02-10,21:25:00,61.94,61.95,61.91,61.95,2641,0
2015-02-10,21:30:00,61.94,61.98,61.94,61.98,3751,0
2015-02-10,21:35:00,62.0,62.02,61.99,62.01,12749,0
2015-02-10,21:40:00,62.01,62.03,62.01,62.02,5680,0
2015-02-10,21:45:00,62.0,62.01,61.99,61.99,4964,0
2015-02-10,21:50:00,61.99,61.99,61.96,61.96,11078,0
2015-02-10,21:55:00,61.99,61.99,61.95,61.95,11939,0
2015-02-10,22:00:00,61.95,61.96,61.92,61.92,14107,0
2015-02-11,15:35:00,61.98,62.08,61.98,62.08,1464,0
2015-02-11,15:40:00,62.06,62.06,62.0,62.0,1160,0
2015-02-11,15:50:00,62.18,62.18,62.17,62.17,691,0
2015-02-11,15:55:00,62.19,62.19,62.14,62.19,4302,0
2015-02-11,16:00:00,62.24,62.31,62.23,62.31,3013,0
2015-02-11,16:05:00,62.28,62.31,62.26,62.26,1886,0
2015-02-11,16:10:00,62.22,62.22,62.14,62.14,4580,0
2015-02-11,16:15:00,62.21,62.21,62.18,62.18,750,0
2015-02-11,16:20:00,62.19,62.22,62.17,62.18,6200,0
2015-02-11,16:25:00,62.24,62.27,62.21,62.21,1523,0
2015-02-11,16:30:00,62.23,62.25,62.23,62.24,2244,0
2015-02-11,16:35:00,62.24,62.24,62.21,62.24,5062,0
2015-02-11,16:40:00,62.29,62.31,62.29,62.3,3720,0
2015-02-11,16:45:00,62.39,62.41,62.35,62.41,7001,0
2015-02-11,16:50:00,62.41,62.41,62.37,62.37,6081,0
2015-02-11,16:55:00,62.36,62.41,62.36,62.41,2467,0
2015-02-11,17:00:00,62.42,62.44,62.37,62.4,2596,0
2015-02-11,17:05:00,62.43,62.44,62.43,62.43,1880,0
2015-02-11,17:10:00,62.42,62.44,62.42,62.44,1747,0
2015-02-11,17:15:00,62.45,62.46,62.36,62.36,4758,0
2015-02-11,17:20:00,62.37,62.37,62.27,62.28,3251,0
2015-02-11,17:25:00,62.26,62.29,62.26,62.28,3868,0
2015-02-11,17:30:00,62.27,62.27,62.23,62.24,9550,0
2015-02-11,17:35:00,62.24,62.25,62.2,62.25,3629,0
2015-02-11,17:40:00,62.25,62.26,62.25,62.26,818,0
2015-02-11,17:45:00,62.27,62.35,62.27,62.35,4688,0
2015-02-11,17:50:00,62.33,62.37,62.33,62.35,8153,0
2015-02-11,17:55:00,62.36,62.39,62.36,62.38,7144,0
2015-02-11,18:00:00,62.39,62.39,62.33,62.34,4398,0
2015-02-11,18:05:00,62.3,62.3,62.26,62.26,1781,0
2015-02-11,18:10:00,62.26,62.26,62.23,62.23,1656,0
2015-02-11,18:15:00,62.21,62.21,62.21,62.21,1066,0
2015-02-11,18:20:00,62.23,62.23,62.18,62.18,6349,0
2015-02-11,18:25:00,62.21,62.25,62.21,62.23,4258,0
2015-02-11,18:30:00,62.22,62.23,62.21,62.21,3010,0
2015-02-11,18:35:00,62.25,62.25,62.22,62.22,3222,0
2015-02-11,18:40:00,62.22,62.23,62.22,62.23,1122,0
2015-02-11,18:45:00,62.22,62.22,62.15,62.15,3826,0
2015-02-11,18:50:00,62.18,62.18,62.15,62.15,1281,0
2015-02-11,18:55:00,62.14,62.14,62.1,62.1,4506,0
2015-02-11,19:00:00,62.03,62.03,62.02,62.02,638,0
2015-02-11,19:05:00,62.03,62.03,62.0,62.0,1225,0
2015-02-11,19:10:00,61.95,61.95,61.95,61.95,2100,0
2015-02-11,19:15:00,61.93,61.93,61.78,61.82,1852,0
2015-02-11,19:20:00,61.8,61.87,61.8,61.87,2469,0
2015-02-11,19:25:00,61.87,61.91,61.85,61.9,6251,0
2015-02-11,19:30:00,61.92,61.93,61.89,61.93,2562,0
2015-02-11,19:35:00,61.92,61.94,61.88,61.9,2812,0
2015-02-11,19:40:00,61.88,61.89,61.88,61.88,1689,0
2015-02-11,19:45:00,61.9,61.95,61.9,61.93,2915,0
2015-02-11,19:50:00,61.93,61.93,61.91,61.91,1868,0
2015-02-11,19:55:00,61.94,61.95,61.92,61.93,2884,0
2015-02-11,20:00:00,61.92,62.03,61.9,62.01,3238,0
2015-02-11,20:05:00,62.03,62.08,62.02,62.08,4674,0
2015-02-11,20:10:00,62.09,62.13,62.06,62.13,5160,0
2015-02-11,20:15:00,62.14,62.16,62.11,62.11,9441,0
2015-02-11,20:20:00,62.11,62.12,62.06,62.11,4434,0
2015-02-11,20:25:00,62.08,62.08,62.05,62.07,4724,0
2015-02-11,20:30:00,62.05,62.05,61.99,62.0,15370,0
2015-02-11,20:35:00,62.02,62.09,62.02,62.09,22787,0
2015-02-11,20:40:00,62.13,62.15,62.12,62.15,7833,0
2015-02-11,20:45:00,62.18,62.19,62.15,62.18,3217,0
2015-02-11,20:50:00,62.19,62.2,62.17,62.17,2832,0
2015-02-11,20:55:00,62.16,62.16,62.16,62.16,1450,0
2015-02-11,21:00:00,62.16,62.17,62.14,62.14,3490,0
2015-02-11,21:05:00,62.16,62.2,62.16,62.18,3381,0
2015-02-11,21:10:00,62.18,62.19,62.14,62.15,3554,0
2015-02-11,21:15:00,62.16,62.16,62.14,62.14,850,0
2015-02-11,21:20:00,62.12,62.16,62.11,62.15,10090,0
2015-02-11,21:25:00,62.15,62.21,62.15,62.21,8424,0
2015-02-11,21:30:00,62.32,62.33,62.25,62.26,5207,0
2015-02-11,21:35:00,62.28,62.29,62.19,62.19,9742,0
2015-02-11,21:40:00,62.2,62.24,62.2,62.24,9674,0
2015-02-11,21:45:00,62.24,62.26,62.21,62.21,5482,0
2015-02-11,21:50:00,62.22,62.22,62.12,62.12,6278,0
2015-02-11,21:55:00,62.15,62.18,62.13,62.18,3697,0
2015-02-11,22:00:00,62.2,62.22,62.19,62.21,8568,0
2015-02-12,15:35:00,62.51,62.57,62.3,62.55,7911,0
2015-02-12,15:40:00,62.5,62.5,62.36,62.36,2660,0
2015-02-12,15:45:00,62.25,62.25,62.16,62.2,2004,0
2015-02-12,15:50:00,62.27,62.35,62.27,62.35,4258,0
2015-02-12,15:55:00,62.37,62.37,62.34,62.35,3382,0
2015-02-12,16:00:00,62.35,62.35,62.3,62.34,6726,0
2015-02-12,16:05:00,62.34,62.4,62.33,62.4,3384,0
2015-02-12,16:10:00,62.42,62.46,62.41,62.41,3212,0
2015-02-12,16:15:00,62.39,62.42,62.35,62.37,6548,0
2015-02-12,16:20:00,62.35,62.35,62.31,62.31,710,0
2015-02-12,16:25:00,62.32,62.33,62.27,62.27,2888,0
2015-02-12,16:30:00,62.27,62.27,62.21,62.22,18397,0
2015-02-12,16:35:00,62.25,62.3,62.25,62.3,963,0
2015-02-12,16:40:00,62.28,62.29,62.28,62.29,550,0
2015-02-12,16:45:00,62.29,62.3,62.29,62.3,1400,0
2015-02-12,16:50:00,62.32,62.37,62.32,62.35,2346,0
2015-02-12,16:55:00,62.35,62.37,62.3,62.3,3402,0
2015-02-12,17:00:00,62.28,62.32,62.25,62.25,2361,0
2015-02-12,17:05:00,62.23,62.23,62.2,62.23,1221,0
2015-02-12,17:10:00,62.23,62.28,62.23,62.28,2442,0
2015-02-12,17:15:00,62.28,62.28,62.25,62.27,7301,0
2015-02-12,17:20:00,62.27,62.27,62.15,62.15,3963,0
2015-02-12,17:25:00,62.16,62.22,62.16,62.2,3250,0
2015-02-12,17:30:00,62.2,62.22,62.19,62.22,550,0
2015-02-12,17:35:00,62.23,62.25,62.21,62.23,1150,0
2015-02-12,17:40:00,62.21,62.23,62.21,62.23,1414,0
2015-02-12,17:45:00,62.23,62.25,62.23,62.23,2222,0
2015-02-12,17:50:00,62.24,62.31,62.24,62.29,1318,0
2015-02-12,17:55:00,62.31,62.42,62.31,62.42,9578,0
2015-02-12,18:00:00,62.4,62.42,62.36,62.38,2060,0
2015-02-12,18:05:00,62.37,62.39,62.36,62.39,1702,0
2015-02-12,18:10:00,62.4,62.46,62.4,62.46,4440,0
2015-02-12,18:15:00,62.45,62.46,62.44,62.45,5000,0
2015-02-12,18:20:00,62.42,62.43,62.36,62.37,3587,0
2015-02-12,18:25:00,62.37,62.37,62.33,62.34,6189,0
2015-02-12,18:30:00,62.35,62.42,62.35,62.42,7477,0
2015-02-12,18:35:00,62.43,62.46,62.42,62.42,3168,0
2015-02-12,18:40:00,62.39,62.41,62.38,62.39,1611,0
2015-02-12,18:45:00,62.39,62.42,62.39,62.42,1531,0
2015-02-12,18:50:00,62.45,62.46,62.37,62.38,4007,0
2015-02-12,18:55:00,62.38,62.43,62.38,62.43,814,0
2015-02-12,19:00:00,62.42,62.42,62.4,62.41,1340,0
2015-02-12,19:05:00,62.42,62.42,62.37,62.42,8663,0
2015-02-12,19:10:00,62.44,62.47,62.44,62.46,2021,0
2015-02-12,19:15:00,62.46,62.47,62.39,62.39,3491,0
2015-02-12,19:20:00,62.39,62.41,62.37,62.37,3760,0
2015-02-12,19:25:00,62.42,62.44,62.4,62.42,1360,0
2015-02-12,19:30:00,62.41,62.44,62.41,62.42,1575,0
2015-02-12,19:35:00,62.43,62.47,62.43,62.47,1310,0
2015-02-12,19:40:00,62.46,62.49,62.46,62.49,2694,0
2015-02-12,19:45:00,62.51,62.53,62.51,62.52,3200,0
2015-02-12,19:50:00,62.51,62.53,62.51,62.51,3194,0
2015-02-12,19:55:00,62.51,62.52,62.51,62.52,860,0
2015-02-12,20:00:00,62.54,62.54,62.54,62.54,2150,0
2015-02-12,20:05:00,62.52,62.53,62.47,62.47,2307,0
2015-02-12,20:10:00,62.48,62.49,62.46,62.49,4212,0
2015-02-12,20:15:00,62.47,62.47,62.42,62.42,2644,0
2015-02-12,20:20:00,62.42,62.42,62.38,62.39,5628,0
2015-02-12,20:25:00,62.39,62.41,62.39,62.4,1448,0
2015-02-12,20:30:00,62.42,62.43,62.4,62.4,15766,0
2015-02-12,20:35:00,62.4,62.4,62.39,62.4,2835,0
2015-02-12,20:40:00,62.4,62.42,62.4,62.4,5860,0
2015-02-12,20:45:00,62.41,62.45,62.4,62.44,6893,0
2015-02-12,20:50:00,62.44,62.44,62.43,62.43,1664,0
2015-02-12,20:55:00,62.45,62.46,62.44,62.46,5942,0
2015-02-12,21:00:00,62.46,62.46,62.41,62.42,4223,0
2015-02-12,21:05:00,62.42,62.5,62.42,62.49,4305,0
2015-02-12,21:10:00,62.5,62.55,62.48,62.54,2828,0
2015-02-12,21:15:00,62.53,62.54,62.51,62.53,5096,0
2015-02-12,21:20:00,62.53,62.53,62.52,62.53,2398,0
2015-02-12,21:25:00,62.54,62.54,62.5,62.51,2734,0
2015-02-12,21:30:00,62.52,62.54,62.51,62.54,11516,0
2015-02-12,21:35:00,62.55,62.56,62.5,62.5,2368,0
2015-02-12,21:40:00,62.53,62.56,62.51,62.56,1748,0
2015-02-12,21:45:00,62.56,62.62,62.56,62.62,6890,0
2015-02-12,21:50:00,62.61,62.62,62.61,62.61,1752,0
2015-02-12,21:55:00,62.62,62.62,62.59,62.59,5210,0
2015-02-12,22:00:00,62.59,62.64,62.58,62.63,15686,0
2015-02-13,15:35:00,62.59,62.65,62.55,62.62,2753,0
2015-02-13,15:40:00,62.61,62.61,62.5,62.57,3620,0
2015-02-13,15:45:00,62.61,62.61,62.55,62.55,4194,0
2015-02-13,15:50:00,62.53,62.54,62.46,62.48,1648,0
2015-02-13,15:55:00,62.49,62.49,62.43,62.43,5372,0
2015-02-13,16:00:00,62.36,62.44,62.36,62.44,5550,0
2015-02-13,16:05:00,62.4,62.44,62.38,62.39,5519,0
2015-02-13,16:10:00,62.39,62.4,62.3,62.3,5500,0
2015-02-13,16:15:00,62.33,62.36,62.32,62.35,2257,0
2015-02-13,16:20:00,62.37,62.39,62.36,62.36,1207,0
2015-02-13,16:25:00,62.38,62.42,62.37,62.42,2261,0
2015-02-13,16:30:00,62.5,62.52,62.5,62.52,1218,0
2015-02-13,16:35:00,62.56,62.56,62.48,62.48,4006,0
2015-02-13,16:40:00,62.48,62.5,62.48,62.5,3109,0
2015-02-13,16:45:00,62.53,62.53,62.5,62.5,1000,0
2015-02-13,16:50:00,62.48,62.49,62.48,62.48,6332,0
2015-02-13,16:55:00,62.53,62.56,62.53,62.56,4882,0
2015-02-13,17:00:00,62.56,62.6,62.56,62.56,4753,0
2015-02-13,17:05:00,62.64,62.64,62.61,62.64,1650,0
2015-02-13,17:10:00,62.62,62.62,62.57,62.6,5805,0
2015-02-13,17:15:00,62.59,62.62,62.59,62.62,3042,0
2015-02-13,17:20:00,62.62,62.65,62.62,62.65,1932,0
2015-02-13,17:25:00,62.64,62.66,62.63,62.63,3029,0
2015-02-13,17:30:00,62.65,62.66,62.64,62.66,1672,0
2015-02-13,17:35:00,62.67,62.69,62.66,62.69,6938,0
2015-02-13,17:40:00,62.68,62.68,62.65,62.66,3781,0
2015-02-13,17:45:00,62.65,62.68,62.65,62.68,2948,0
2015-02-13,17:50:00,62.67,62.69,62.66,62.69,2085,0
2015-02-13,17:55:00,62.73,62.81,62.73,62.81,2607,0
2015-02-13,18:00:00,62.81,62.83,62.78,62.82,5113,0
2015-02-13,18:05:00,62.81,62.81,62.8,62.8,1427,0
2015-02-13,18:10:00,62.8,62.81,62.76,62.77,4275,0
2015-02-13,18:15:00,62.78,62.78,62.74,62.75,4158,0
2015-02-13,18:20:00,62.74,62.74,62.71,62.72,2342,0
2015-02-13,18:25:00,62.72,62.72,62.7,62.71,4402,0
2015-02-13,18:30:00,62.69,62.72,62.69,62.72,1411,0
2015-02-13,18:35:00,62.7,62.72,62.7,62.72,1680,0
2015-02-13,18:40:00,62.69,62.69,62.66,62.66,1000,0
2015-02-13,18:45:00,62.66,62.66,62.64,62.64,1427,0
2015-02-13,18:50:00,62.62,62.62,62.59,62.6,1479,0
2015-02-13,18:55:00,62.62,62.62,62.59,62.59,1500,0
2015-02-13,19:00:00,62.58,62.58,62.55,62.56,1842,0
2015-02-13,19:05:00,62.61,62.61,62.59,62.59,500,0
2015-02-13,19:10:00,62.63,62.64,62.61,62.61,2248,0
2015-02-13,19:15:00,62.59,62.63,62.59,62.62,1596,0
2015-02-13,19:20:00,62.61,62.63,62.61,62.63,6725,0
2015-02-13,19:25:00,62.62,62.62,62.58,62.59,2245,0
2015-02-13,19:30:00,62.62,62.63,62.6,62.63,4154,0
2015-02-13,19:35:00,62.61,62.61,62.56,62.56,4328,0
2015-02-13,19:40:00,62.55,62.59,62.53,62.58,16436,0
2015-02-13,19:45:00,62.57,62.57,62.52,62.52,5664,0
2015-02-13,19:50:00,62.55,62.55,62.53,62.54,1200,0
2015-02-13,19:55:00,62.54,62.59,62.54,62.56,3830,0
2015-02-13,20:00:00,62.57,62.6,62.57,62.6,2294,0
2015-02-13,20:05:00,62.65,62.65,62.62,62.62,1716,0
2015-02-13,20:10:00,62.63,62.67,62.63,62.65,3313,0
2015-02-13,20:15:00,62.62,62.64,62.61,62.63,5090,0
2015-02-13,20:20:00,62.63,62.66,62.62,62.66,3348,0
2015-02-13,20:25:00,62.67,62.68,62.67,62.68,1703,0
2015-02-13,20:30:00,62.72,62.73,62.7,62.71,4089,0
2015-02-13,20:35:00,62.7,62.73,62.67,62.67,3875,0
2015-02-13,20:40:00,62.68,62.68,62.67,62.67,2113,0
2015-02-13,20:45:00,62.69,62.75,62.69,62.75,4003,0
2015-02-13,20:50:00,62.76,62.78,62.74,62.77,3524,0
2015-02-13,20:55:00,62.77,62.77,62.75,62.76,1600,0
2015-02-13,21:00:00,62.78,62.8,62.78,62.8,2900,0
2015-02-13,21:05:00,62.79,62.79,62.76,62.78,4282,0
2015-02-13,21:10:00,62.83,62.87,62.83,62.86,2871,0
2015-02-13,21:15:00,62.86,62.89,62.85,62.89,2936,0
2015-02-13,21:20:00,62.87,62.88,62.86,62.87,8269,0
2015-02-13,21:25:00,62.85,62.88,62.84,62.88,6853,0
2015-02-13,21:30:00,62.91,62.91,62.87,62.88,4390,0
2015-02-13,21:35:00,62.88,62.9,62.86,62.86,5856,0
2015-02-13,21:40:00,62.88,62.9,62.88,62.89,3037,0
2015-02-13,21:45:00,62.88,62.89,62.87,62.88,8364,0
2015-02-13,21:50:00,62.9,62.9,62.86,62.9,5510,0
2015-02-13,21:55:00,62.93,62.94,62.91,62.93,4156,0
2015-02-13,22:00:00,62.94,62.97,62.94,62.97,6812,0
2015-02-17,15:35:00,62.98,62.98,62.87,62.87,18994,0
2015-02-17,15:40:00,62.87,62.88,62.84,62.85,3240,0
2015-02-17,15:45:00,62.84,62.88,62.83,62.84,4900,0
2015-02-17,15:50:00,62.85,62.89,62.85,62.87,5562,0
2015-02-17,15:55:00,62.87,62.95,62.87,62.95,2477,0
2015-02-17,16:00:00,63.02,63.09,63.02,63.04,2975,0
2015-02-17,16:05:00,63.06,63.07,63.01,63.01,2172,0
2015-02-17,16:10:00,63.02,63.07,63,63,2960,0
2015-02-17,16:15:00,62.97,63.01,62.97,62.98,2927,0
2015-02-17,16:20:00,62.97,62.98,62.94,62.97,2946,0
2015-02-17,16:25:00,62.98,62.99,62.95,62.97,5354,0
2015-02-17,16:30:00,62.99,63.05,62.99,63.05,2646,0
2015-02-17,16:35:00,63.06,63.07,63.05,63.07,4343,0
2015-02-17,16:40:00,63.05,63.1,63.04,63.09,5712,0
2015-02-17,16:45:00,63.1,63.14,63.1,63.12,4203,0
2015-02-17,16:50:00,63.12,63.12,63.04,63.04,13823,0
2015-02-17,16:55:00,63.06,63.06,62.93,62.94,7893,0
2015-02-17,17:00:00,62.94,62.95,62.92,62.95,4199,0
2015-02-17,17:05:00,62.96,62.99,62.95,62.96,19055,0
2015-02-17,17:10:00,62.99,63,62.98,63,4283,0
2015-02-17,17:15:00,62.99,63.02,62.99,63,5984,0
2015-02-17,17:20:00,63.01,63.04,63,63,6982,0
2015-02-17,17:25:00,63.02,63.07,63.02,63.06,4081,0
2015-02-17,17:30:00,63.07,63.07,63.05,63.07,1972,0
2015-02-17,17:35:00,63.05,63.07,63.01,63.07,7341,0
2015-02-17,17:40:00,63.06,63.07,63.05,63.05,7266,0
2015-02-17,17:45:00,63.06,63.06,63.02,63.03,6545,0
2015-02-17,17:50:00,63.03,63.08,63.03,63.08,3356,0
2015-02-17,17:55:00,63.08,63.09,63.06,63.06,12517,0
2015-02-17,18:00:00,63.06,63.1,63.05,63.1,14000,0
2015-02-17,18:05:00,63.1,63.12,63.09,63.09,2705,0
2015-02-17,18:10:00,63.08,63.08,63.06,63.08,2976,0
2015-02-17,18:15:00,63.08,63.08,63.06,63.06,1730,0
2015-02-17,18:20:00,63.05,63.07,63.03,63.07,3714,0
2015-02-17,18:25:00,63.08,63.1,63.08,63.1,1505,0
2015-02-17,18:30:00,63.09,63.11,63.09,63.11,2600,0
2015-02-17,18:35:00,63.15,63.15,63.14,63.14,2540,0
2015-02-17,18:40:00,63.15,63.15,63.14,63.15,4713,0
2015-02-17,18:45:00,63.14,63.15,63.13,63.14,8497,0
2015-02-17,18:50:00,63.14,63.17,63.14,63.15,4000,0
2015-02-17,18:55:00,63.16,63.16,63.13,63.16,15788,0
2015-02-17,19:00:00,63.15,63.15,63.12,63.13,4838,0
2015-02-17,19:05:00,63.14,63.15,63.12,63.12,3040,0
2015-02-17,19:10:00,63.17,63.17,63.15,63.17,4670,0
2015-02-17,19:15:00,63.15,63.19,63.14,63.18,4447,0
2015-02-17,19:20:00,63.19,63.2,63.18,63.19,2468,0
2015-02-17,19:25:00,63.18,63.22,63.17,63.19,2986,0
2015-02-17,19:30:00,63.2,63.22,63.2,63.22,4675,0
2015-02-17,19:35:00,63.22,63.22,63.18,63.18,21707,0
2015-02-17,19:40:00,63.18,63.18,63.17,63.17,6500,0
2015-02-17,19:45:00,63.16,63.19,63.16,63.18,2294,0
2015-02-17,19:50:00,63.18,63.18,63.17,63.18,2372,0
2015-02-17,19:55:00,63.18,63.18,63.13,63.13,2587,0
2015-02-17,20:00:00,63.15,63.17,63.14,63.17,2878,0
2015-02-17,20:05:00,63.16,63.17,63.13,63.13,4000,0
2015-02-17,20:10:00,63.14,63.18,63.14,63.18,1508,0
2015-02-17,20:15:00,63.19,63.19,63.15,63.17,3789,0
2015-02-17,20:20:00,63.16,63.16,63.15,63.15,996,0
2015-02-17,20:25:00,63.17,63.19,63.16,63.19,3617,0
2015-02-17,20:30:00,63.19,63.2,63.16,63.16,7742,0
2015-02-17,20:35:00,63.16,63.19,63.16,63.19,4494,0
2015-02-17,20:40:00,63.18,63.19,63.14,63.15,4239,0
2015-02-17,20:45:00,63.16,63.17,63.15,63.15,4436,0
2015-02-17,20:50:00,63.19,63.2,63.17,63.19,1747,0
2015-02-17,20:55:00,63.19,63.19,63.12,63.12,3662,0
2015-02-17,21:00:00,63.09,63.13,63.08,63.1,3353,0
2015-02-17,21:05:00,63.1,63.13,63.09,63.13,5778,0
2015-02-17,21:10:00,63.12,63.12,63.1,63.12,7195,0
2015-02-17,21:15:00,63.12,63.13,63.11,63.12,4182,0
2015-02-17,21:20:00,63.11,63.14,63.1,63.13,14287,0
2015-02-17,21:25:00,63.14,63.15,63.1,63.15,8171,0
2015-02-17,21:30:00,63.15,63.15,63.12,63.13,3539,0
2015-02-17,21:35:00,63.12,63.12,63.07,63.07,5317,0
2015-02-17,21:40:00,63.08,63.11,63.08,63.09,1550,0
2015-02-17,21:45:00,63.1,63.11,63.09,63.09,4108,0
2015-02-17,21:50:00,63.06,63.1,63.05,63.1,4010,0
2015-02-17,21:55:00,63.1,63.1,63.08,63.09,4414,0
2015-02-17,22:00:00,63.11,63.2,63.1,63.18,6812,0
2015-02-18,15:35:00,63.18,63.28,63.18,63.28,7413,0
2015-02-18,15:40:00,63.29,63.34,63.29,63.34,730,0
2015-02-18,15:45:00,63.36,63.36,63.32,63.32,3349,0
2015-02-18,15:50:00,63.29,63.29,63.23,63.25,10836,0
2015-02-18,15:55:00,63.25,63.25,63.17,63.17,3120,0
2015-02-18,16:00:00,63.17,63.18,63.12,63.17,3412,0
2015-02-18,16:05:00,63.12,63.14,63.04,63.06,2822,0
2015-02-18,16:10:00,63.05,63.08,63.05,63.06,2354,0
2015-02-18,16:15:00,63.04,63.06,63.02,63.06,2720,0
2015-02-18,16:20:00,63.03,63.03,62.99,63.02,5297,0
2015-02-18,16:25:00,63,63.01,62.95,62.95,1240,0
2015-02-18,16:30:00,62.92,62.98,62.9,62.98,3022,0
2015-02-18,16:35:00,62.99,63.1,62.99,63.1,2472,0
2015-02-18,16:40:00,63.08,63.2,63.08,63.2,8059,0
2015-02-18,16:45:00,63.21,63.21,63.15,63.16,1788,0
2015-02-18,16:50:00,63.15,63.15,63.1,63.1,2318,0
2015-02-18,16:55:00,63.08,63.12,63.08,63.12,1985,0
2015-02-18,17:00:00,63.12,63.15,63.1,63.15,2360,0
2015-02-18,17:05:00,63.16,63.17,63.16,63.17,1274,0
2015-02-18,17:10:00,63.12,63.15,63.12,63.15,4806,0
2015-02-18,17:15:00,63.15,63.15,63.1,63.1,8167,0
2015-02-18,17:20:00,63.08,63.08,63.04,63.07,7301,0
2015-02-18,17:25:00,63.06,63.06,63,63.02,3012,0
2015-02-18,17:30:00,63.02,63.05,63.02,63.05,4160,0
2015-02-18,17:35:00,63.05,63.06,63.05,63.06,1450,0
2015-02-18,17:40:00,63.05,63.05,63.05,63.05,2632,0
2015-02-18,17:45:00,63.04,63.1,63.04,63.1,2585,0
2015-02-18,17:50:00,63.11,63.15,63.09,63.15,2193,0
2015-02-18,17:55:00,63.16,63.16,63.15,63.16,1133,0
2015-02-18,18:00:00,63.15,63.16,63.12,63.12,1827,0
2015-02-18,18:05:00,63.15,63.18,63.12,63.18,3282,0
2015-02-18,18:10:00,63.17,63.18,63.16,63.16,7728,0
2015-02-18,18:15:00,63.14,63.16,63.14,63.14,1076,0
2015-02-18,18:20:00,63.16,63.16,63.14,63.14,2304,0
2015-02-18,18:25:00,63.17,63.17,63.12,63.12,2560,0
2015-02-18,18:30:00,63.13,63.16,63.13,63.16,4040,0
2015-02-18,18:35:00,63.13,63.17,63.13,63.13,69322,0
2015-02-18,18:40:00,63.14,63.14,63.05,63.05,38799,0
2015-02-18,18:45:00,63.09,63.09,63.05,63.05,1281,0
2015-02-18,18:50:00,63.1,63.11,63.09,63.09,2795,0
2015-02-18,18:55:00,63.08,63.09,63.08,63.09,512,0
2015-02-18,19:00:00,63.08,63.1,63.06,63.1,3425,0
2015-02-18,19:05:00,63.08,63.08,63.07,63.08,1400,0
2015-02-18,19:10:00,63.1,63.11,63.09,63.09,900,0
2015-02-18,19:15:00,63.08,63.1,63.08,63.1,835,0
2015-02-18,19:20:00,63.08,63.11,63.08,63.11,8997,0
2015-02-18,19:25:00,63.11,63.11,63.09,63.09,1711,0
2015-02-18,19:30:00,63.1,63.13,63.1,63.13,797,0
2015-02-18,19:35:00,63.16,63.18,63.15,63.16,2251,0
2015-02-18,19:40:00,63.15,63.15,63.13,63.15,2200,0
2015-02-18,19:45:00,63.14,63.15,63.11,63.11,2764,0
2015-02-18,19:50:00,63.12,63.14,63.11,63.12,3221,0
2015-02-18,19:55:00,63.11,63.13,63.1,63.13,3781,0
2015-02-18,20:00:00,63.13,63.14,63.12,63.14,3607,0
2015-02-18,20:05:00,63.14,63.23,63.14,63.21,3103,0
2015-02-18,20:10:00,63.23,63.3,63.23,63.27,5436,0
2015-02-18,20:15:00,63.28,63.28,63.28,63.28,998,0
2015-02-18,20:20:00,63.3,63.3,63.25,63.25,2530,0
2015-02-18,20:25:00,63.29,63.29,63.25,63.25,1213,0
2015-02-18,20:30:00,63.26,63.29,63.19,63.22,4459,0
2015-02-18,20:35:00,63.22,63.24,63.22,63.24,1630,0
2015-02-18,20:40:00,63.24,63.24,63.23,63.24,1746,0
2015-02-18,20:45:00,63.25,63.31,63.25,63.31,2676,0
2015-02-18,20:50:00,63.31,63.32,63.28,63.29,3326,0
2015-02-18,20:55:00,63.28,63.29,63.27,63.27,3984,0
2015-02-18,21:00:00,63.27,63.27,63.25,63.27,2745,0
2015-02-18,21:05:00,63.32,63.32,63.29,63.29,15896,0
2015-02-18,21:10:00,63.3,63.35,63.29,63.34,11704,0
2015-02-18,21:15:00,63.34,63.34,63.31,63.33,32052,0
2015-02-18,21:20:00,63.33,63.36,63.32,63.35,4044,0
2015-02-18,21:25:00,63.35,63.35,63.33,63.35,4448,0
2015-02-18,21:30:00,63.35,63.35,63.34,63.35,1766,0
2015-02-18,21:35:00,63.38,63.38,63.34,63.36,4435,0
2015-02-18,21:40:00,63.37,63.37,63.34,63.37,2630,0
2015-02-18,21:45:00,63.37,63.37,63.33,63.35,5379,0
2015-02-18,21:50:00,63.34,63.37,63.34,63.35,7700,0
2015-02-18,21:55:00,63.35,63.4,63.35,63.38,23844,0
2015-02-18,22:00:00,63.38,63.42,63.38,63.41,3041,0
2015-02-19,15:35:00,63.31,63.41,63.3,63.31,3316,0
2015-02-19,15:40:00,63.28,63.35,63.28,63.35,2700,0
2015-02-19,15:45:00,63.37,63.43,63.37,63.41,2522,0
2015-02-19,15:50:00,63.41,63.44,63.4,63.43,4352,0
2015-02-19,15:55:00,63.44,63.49,63.44,63.46,4744,0
2015-02-19,16:00:00,63.5,63.5,63.5,63.5,900,0
2015-02-19,16:05:00,63.48,63.52,63.48,63.52,2837,0
2015-02-19,16:10:00,63.5,63.54,63.5,63.54,1923,0
2015-02-19,16:15:00,63.52,63.56,63.52,63.56,2210,0
2015-02-19,16:20:00,63.56,63.57,63.55,63.55,1454,0
2015-02-19,16:25:00,63.54,63.54,63.51,63.52,3312,0
2015-02-19,16:30:00,63.51,63.57,63.51,63.54,1700,0
2015-02-19,16:35:00,63.54,63.55,63.53,63.55,1600,0
2015-02-19,16:40:00,63.58,63.59,63.58,63.59,1700,0
2015-02-19,16:45:00,63.59,63.59,63.58,63.58,1454,0
2015-02-19,16:50:00,63.55,63.59,63.55,63.59,1160,0
2015-02-19,16:55:00,63.57,63.57,63.54,63.54,1400,0
2015-02-19,17:00:00,63.57,63.58,63.56,63.57,3463,0
2015-02-19,17:05:00,63.56,63.56,63.49,63.49,3161,0
2015-02-19,17:10:00,63.51,63.52,63.5,63.52,3801,0
2015-02-19,17:15:00,63.53,63.56,63.5,63.56,7878,0
2015-02-19,17:20:00,63.55,63.61,63.54,63.59,2448,0
2015-02-19,17:25:00,63.62,63.62,63.58,63.6,2512,0
2015-02-19,17:30:00,63.59,63.63,63.59,63.61,2690,0
2015-02-19,17:35:00,63.59,63.6,63.56,63.56,3599,0
2015-02-19,17:40:00,63.57,63.59,63.56,63.58,2202,0
2015-02-19,17:45:00,63.58,63.62,63.58,63.62,2128,0
2015-02-19,17:50:00,63.63,63.64,63.61,63.61,3355,0
2015-02-19,17:55:00,63.59,63.62,63.59,63.59,2544,0
2015-02-19,18:00:00,63.58,63.59,63.57,63.57,1350,0
2015-02-19,18:05:00,63.55,63.55,63.53,63.53,6787,0
2015-02-19,18:10:00,63.54,63.56,63.54,63.56,1618,0
2015-02-19,18:15:00,63.53,63.53,63.53,63.53,1672,0
2015-02-19,18:20:00,63.52,63.52,63.47,63.47,2666,0
2015-02-19,18:25:00,63.48,63.51,63.48,63.49,3921,0
2015-02-19,18:30:00,63.48,63.52,63.47,63.5,1767,0
2015-02-19,18:35:00,63.51,63.53,63.48,63.48,2194,0
2015-02-19,18:40:00,63.44,63.47,63.43,63.46,1899,0
2015-02-19,18:45:00,63.47,63.5,63.47,63.5,3973,0
2015-02-19,18:50:00,63.48,63.48,63.44,63.45,3244,0
2015-02-19,18:55:00,63.46,63.47,63.43,63.46,1271,0
2015-02-19,19:00:00,63.45,63.45,63.43,63.43,2661,0
2015-02-19,19:05:00,63.44,63.45,63.42,63.42,1679,0
2015-02-19,19:10:00,63.41,63.41,63.41,63.41,1072,0
2015-02-19,19:15:00,63.41,63.42,63.41,63.42,1173,0
2015-02-19,19:20:00,63.42,63.43,63.42,63.43,4132,0
2015-02-19,19:25:00,63.47,63.5,63.43,63.43,1637,0
2015-02-19,19:30:00,63.43,63.47,63.43,63.46,3161,0
2015-02-19,19:35:00,63.46,63.46,63.44,63.45,2592,0
2015-02-19,19:40:00,63.43,63.45,63.43,63.44,5942,0
2015-02-19,19:45:00,63.44,63.44,63.42,63.42,3208,0
2015-02-19,19:50:00,63.45,63.45,63.44,63.44,1031,0
2015-02-19,19:55:00,63.45,63.45,63.44,63.45,1927,0
2015-02-19,20:00:00,63.46,63.48,63.45,63.47,9390,0
2015-02-19,20:05:00,63.5,63.5,63.48,63.48,5690,0
2015-02-19,20:10:00,63.49,63.52,63.49,63.51,4082,0
2015-02-19,20:15:00,63.51,63.54,63.51,63.52,4154,0
2015-02-19,20:20:00,63.54,63.54,63.52,63.52,1645,0
2015-02-19,20:25:00,63.51,63.54,63.51,63.51,5691,0
2015-02-19,20:30:00,63.52,63.52,63.5,63.5,1443,0
2015-02-19,20:35:00,63.5,63.56,63.5,63.56,4733,0
2015-02-19,20:40:00,63.54,63.54,63.51,63.52,5619,0
2015-02-19,20:45:00,63.53,63.54,63.51,63.54,2261,0
2015-02-19,20:50:00,63.53,63.54,63.52,63.53,1828,0
2015-02-19,20:55:00,63.52,63.56,63.52,63.56,5469,0
2015-02-19,21:00:00,63.55,63.56,63.53,63.53,4238,0
2015-02-19,21:05:00,63.55,63.59,63.55,63.59,13383,0
2015-02-19,21:10:00,63.58,63.6,63.58,63.59,3176,0
2015-02-19,21:15:00,63.6,63.6,63.56,63.56,3170,0
2015-02-19,21:20:00,63.56,63.59,63.56,63.57,2794,0
2015-02-19,21:25:00,63.57,63.58,63.54,63.57,34083,0
2015-02-19,21:30:00,63.58,63.59,63.56,63.57,9186,0
2015-02-19,21:35:00,63.58,63.58,63.54,63.57,5482,0
2015-02-19,21:40:00,63.57,63.59,63.54,63.55,16495,0
2015-02-19,21:45:00,63.55,63.56,63.53,63.53,5713,0
2015-02-19,21:50:00,63.51,63.52,63.5,63.51,2898,0
2015-02-19,21:55:00,63.5,63.5,63.49,63.5,4854,0
2015-02-19,22:00:00,63.51,63.56,63.51,63.56,5741,0
2015-02-20,15:35:00,63.54,63.63,63.53,63.63,700,0
2015-02-20,15:40:00,63.62,63.68,63.61,63.68,2711,0
2015-02-20,15:45:00,63.58,63.6,63.57,63.57,946,0
2015-02-20,15:50:00,63.61,63.64,63.61,63.64,2061,0
2015-02-20,15:55:00,63.57,63.58,63.52,63.58,4104,0
2015-02-20,16:00:00,63.56,63.56,63.51,63.51,1000,0
2015-02-20,16:05:00,63.48,63.53,63.48,63.53,4272,0
2015-02-20,16:10:00,63.55,63.58,63.55,63.58,8799,0
2015-02-20,16:15:00,63.57,63.59,63.55,63.59,2671,0
2015-02-20,16:20:00,63.59,63.6,63.56,63.58,1754,0
2015-02-20,16:25:00,63.57,63.6,63.55,63.6,2006,0
2015-02-20,16:30:00,63.59,63.62,63.59,63.6,3031,0
2015-02-20,16:35:00,63.6,63.6,63.55,63.56,1728,0
2015-02-20,16:40:00,63.58,63.67,63.58,63.64,3592,0
2015-02-20,16:45:00,63.75,63.77,63.69,63.7,1179,0
2015-02-20,16:50:00,63.72,63.78,63.72,63.75,2301,0
2015-02-20,16:55:00,63.76,63.76,63.73,63.75,1483,0
2015-02-20,17:00:00,63.78,63.8,63.75,63.75,2160,0
2015-02-20,17:05:00,63.78,63.82,63.78,63.78,4911,0
2015-02-20,17:10:00,63.79,63.81,63.77,63.77,3053,0
2015-02-20,17:15:00,63.78,63.78,63.78,63.78,873,0
2015-02-20,17:20:00,63.77,63.79,63.77,63.79,2539,0
2015-02-20,17:25:00,63.8,63.8,63.78,63.8,1699,0
2015-02-20,17:30:00,63.8,63.8,63.79,63.8,3572,0
2015-02-20,17:35:00,63.79,63.82,63.79,63.81,2062,0
2015-02-20,17:40:00,63.81,63.83,63.81,63.82,939,0
2015-02-20,17:45:00,63.81,63.85,63.81,63.83,5431,0
2015-02-20,17:50:00,63.79,63.81,63.77,63.79,46855,0
2015-02-20,17:55:00,63.78,63.79,63.74,63.79,10106,0
2015-02-20,18:00:00,63.77,63.77,63.76,63.76,2700,0
2015-02-20,18:05:00,63.8,63.8,63.8,63.8,300,0
2015-02-20,18:10:00,63.79,63.83,63.79,63.81,8235,0
2015-02-20,18:15:00,63.84,63.84,63.82,63.82,800,0
2015-02-20,18:20:00,63.84,63.86,63.84,63.85,2898,0
2015-02-20,18:25:00,63.85,63.88,63.84,63.86,3092,0
2015-02-20,18:30:00,63.86,63.88,63.85,63.86,1909,0
2015-02-20,18:35:00,63.87,63.88,63.86,63.88,2683,0
2015-02-20,18:40:00,63.91,63.94,63.87,63.87,3886,0
2015-02-20,18:45:00,63.93,63.93,63.88,63.91,590,0
2015-02-20,18:50:00,63.93,63.94,63.91,63.94,3587,0
2015-02-20,18:55:00,63.94,63.95,63.91,63.95,3225,0
2015-02-20,19:00:00,63.94,63.95,63.91,63.91,2919,0
2015-02-20,19:05:00,63.94,63.96,63.94,63.94,6540,0
2015-02-20,19:10:00,63.93,63.96,63.93,63.96,9164,0
2015-02-20,19:15:00,63.96,64.01,63.96,64,1725,0
2015-02-20,19:20:00,64.01,64.01,63.97,63.97,7064,0
2015-02-20,19:25:00,63.97,63.99,63.97,63.99,700,0
2015-02-20,19:30:00,64.02,64.02,64.01,64.01,1752,0
2015-02-20,19:35:00,64.02,64.02,64,64.02,6050,0
2015-02-20,19:40:00,64.01,64.02,63.96,64.01,3544,0
2015-02-20,19:45:00,64.02,64.03,64,64,4370,0
2015-02-20,19:50:00,64.03,64.05,64.01,64.05,30246,0
2015-02-20,19:55:00,64.04,64.06,64.03,64.06,8635,0
2015-02-20,20:00:00,64.06,64.12,64.06,64.1,9518,0
2015-02-20,20:05:00,64.1,64.15,64.1,64.14,4397,0
2015-02-20,20:10:00,64.16,64.2,64.14,64.16,9006,0
2015-02-20,20:15:00,64.16,64.18,64.15,64.18,2875,0
2015-02-20,20:20:00,64.18,64.19,64.17,64.19,1496,0
2015-02-20,20:25:00,64.18,64.18,64.16,64.18,15269,0
2015-02-20,20:30:00,64.18,64.2,64.17,64.17,4113,0
2015-02-20,20:35:00,64.18,64.19,64.17,64.19,2569,0
2015-02-20,20:40:00,64.19,64.2,64.16,64.16,3419,0
2015-02-20,20:45:00,64.16,64.16,64.1,64.1,7249,0
2015-02-20,20:50:00,64.11,64.12,64.09,64.11,2691,0
2015-02-20,20:55:00,64.13,64.15,64.13,64.13,3813,0
2015-02-20,21:00:00,64.12,64.15,64.1,64.12,7242,0
2015-02-20,21:05:00,64.1,64.2,64.1,64.17,6887,0
2015-02-20,21:10:00,64.17,64.22,64.17,64.22,2775,0
2015-02-20,21:15:00,64.23,64.25,64.21,64.21,28098,0
2015-02-20,21:20:00,64.19,64.19,64.15,64.16,9171,0
2015-02-20,21:25:00,64.17,64.18,64.16,64.18,4872,0
2015-02-20,21:30:00,64.18,64.19,64.16,64.19,9249,0
2015-02-20,21:35:00,64.2,64.2,64.16,64.18,5500,0
2015-02-20,21:40:00,64.19,64.21,64.18,64.21,9519,0
2015-02-20,21:45:00,64.2,64.22,64.19,64.2,8238,0
2015-02-20,21:50:00,64.21,64.21,64.18,64.19,23405,0
2015-02-20,21:55:00,64.19,64.22,64.19,64.19,12559,0
2015-02-20,22:00:00,64.21,64.27,64.2,64.27,6645,0
2015-02-23,15:35:00,64.25,64.42,64.22,64.42,4477,0
2015-02-23,15:40:00,64.46,64.67,64.46,64.67,3866,0
2015-02-23,15:45:00,64.7,64.77,64.7,64.76,1916,0
2015-02-23,15:50:00,64.71,64.71,64.62,64.62,1975,0
2015-02-23,15:55:00,64.59,64.6,64.59,64.59,1354,0
2015-02-23,16:00:00,64.57,64.61,64.57,64.58,2426,0
2015-02-23,16:05:00,64.57,64.57,64.55,64.55,2897,0
2015-02-23,16:10:00,64.58,64.58,64.58,64.58,724,0
2015-02-23,16:15:00,64.63,64.65,64.61,64.64,1542,0
2015-02-23,16:20:00,64.62,64.62,64.53,64.53,1739,0
2015-02-23,16:25:00,64.53,64.55,64.5,64.53,4448,0
2015-02-23,16:30:00,64.51,64.52,64.51,64.52,2100,0
2015-02-23,16:35:00,64.53,64.54,64.52,64.54,1691,0
2015-02-23,16:40:00,64.52,64.6,64.52,64.6,2144,0
2015-02-23,16:45:00,64.58,64.59,64.57,64.59,3300,0
2015-02-23,16:50:00,64.59,64.59,64.56,64.59,855,0
2015-02-23,16:55:00,64.58,64.59,64.55,64.55,4293,0
2015-02-23,17:00:00,64.58,64.58,64.53,64.55,4527,0
2015-02-23,17:05:00,64.55,64.61,64.55,64.59,4834,0
2015-02-23,17:10:00,64.59,64.63,64.59,64.63,39339,0
2015-02-23,17:15:00,64.64,64.65,64.61,64.61,6972,0
2015-02-23,17:20:00,64.62,64.68,64.62,64.68,3780,0
2015-02-23,17:25:00,64.68,64.71,64.68,64.71,4846,0
2015-02-23,17:30:00,64.72,64.72,64.68,64.71,2532,0
2015-02-23,17:35:00,64.73,64.74,64.71,64.71,4654,0
2015-02-23,17:40:00,64.73,64.75,64.71,64.75,2454,0
2015-02-23,17:45:00,64.75,64.75,64.74,64.75,7953,0
2015-02-23,17:50:00,64.76,64.81,64.76,64.81,19297,0
2015-02-23,17:55:00,64.79,64.83,64.79,64.83,2314,0
2015-02-23,18:00:00,64.84,64.84,64.82,64.82,2594,0
2015-02-23,18:05:00,64.82,64.85,64.82,64.84,6814,0
2015-02-23,18:10:00,64.9,64.93,64.9,64.9,2372,0
2015-02-23,18:15:00,64.9,64.92,64.89,64.89,2167,0
2015-02-23,18:20:00,64.9,64.9,64.85,64.85,3208,0
2015-02-23,18:25:00,64.84,64.86,64.81,64.86,1900,0
2015-02-23,18:30:00,64.86,64.86,64.84,64.85,2269,0
2015-02-23,18:35:00,64.85,64.85,64.8,64.81,3874,0
2015-02-23,18:40:00,64.81,64.82,64.76,64.76,6083,0
2015-02-23,18:45:00,64.72,64.73,64.7,64.7,3090,0
2015-02-23,18:50:00,64.69,64.74,64.68,64.74,6494,0
2015-02-23,18:55:00,64.71,64.73,64.7,64.73,16784,0
2015-02-23,19:00:00,64.74,64.75,64.72,64.73,14829,0
2015-02-23,19:05:00,64.72,64.74,64.72,64.73,21016,0
2015-02-23,19:10:00,64.74,64.75,64.73,64.75,2204,0
2015-02-23,19:15:00,64.74,64.74,64.74,64.74,2020,0
2015-02-23,19:20:00,64.73,64.74,64.73,64.74,2731,0
2015-02-23,19:25:00,64.71,64.73,64.71,64.73,3903,0
2015-02-23,19:30:00,64.73,64.75,64.73,64.74,2528,0
2015-02-23,19:35:00,64.74,64.78,64.7,64.7,2820,0
2015-02-23,19:40:00,64.67,64.67,64.66,64.67,3313,0
2015-02-23,19:45:00,64.67,64.69,64.67,64.69,13906,0
2015-02-23,19:50:00,64.7,64.7,64.69,64.69,7400,0
2015-02-23,19:55:00,64.71,64.72,64.67,64.67,4001,0
2015-02-23,20:00:00,64.67,64.67,64.65,64.65,7825,0
2015-02-23,20:05:00,64.65,64.68,64.65,64.67,3754,0
2015-02-23,20:10:00,64.67,64.67,64.63,64.65,6993,0
2015-02-23,20:15:00,64.66,64.67,64.66,64.66,3850,0
2015-02-23,20:20:00,64.65,64.66,64.65,64.65,3087,0
2015-02-23,20:25:00,64.64,64.64,64.6,64.62,2586,0
2015-02-23,20:30:00,64.6,64.69,64.6,64.66,2421,0
2015-02-23,20:35:00,64.64,64.64,64.64,64.64,2487,0
2015-02-23,20:40:00,64.63,64.64,64.61,64.61,3004,0
2015-02-23,20:45:00,64.61,64.61,64.55,64.59,3227,0
2015-02-23,20:50:00,64.61,64.62,64.61,64.61,2880,0
2015-02-23,20:55:00,64.62,64.62,64.58,64.58,5643,0
2015-02-23,21:00:00,64.56,64.56,64.56,64.56,1800,0
2015-02-23,21:05:00,64.58,64.6,64.56,64.56,9718,0
2015-02-23,21:10:00,64.52,64.53,64.51,64.51,2400,0
2015-02-23,21:15:00,64.5,64.51,64.48,64.51,7714,0
2015-02-23,21:20:00,64.5,64.53,64.5,64.53,5011,0
2015-02-23,21:25:00,64.53,64.54,64.51,64.51,11586,0
2015-02-23,21:30:00,64.52,64.56,64.51,64.56,6706,0
2015-02-23,21:35:00,64.55,64.57,64.55,64.55,8659,0
2015-02-23,21:40:00,64.61,64.61,64.6,64.6,6349,0
2015-02-23,21:45:00,64.6,64.63,64.6,64.62,6117,0
2015-02-23,21:50:00,64.63,64.63,64.6,64.62,4629,0
2015-02-23,21:55:00,64.63,64.65,64.61,64.64,8933,0
2015-02-23,22:00:00,64.62,64.65,64.6,64.65,17036,0
