Date,Time,Open,High,Low,Close,Volume,OpenInt
2014-11-18,21:35:00,4.65,4.65,4.65,4.65,100,0
2014-11-18,21:40:00,4.65,4.65,4.65,4.65,100,0
2014-11-18,21:50:00,4.6,4.65,4.59,4.65,1100,0
2014-11-18,22:00:00,4.65,4.68,4.65,4.68,1660,0
2014-11-19,15:40:00,5.28,5.28,4.86,4.86,300,0
2014-11-19,16:05:00,4.75,4.75,4.75,4.75,200,0
2014-11-19,16:15:00,4.83,4.86,4.83,4.86,2000,0
2014-11-19,16:20:00,4.86,4.86,4.86,4.86,1000,0
2014-11-19,17:40:00,4.85,4.85,4.63,4.63,400,0
2014-11-19,18:45:00,4.54,4.54,4.54,4.54,100,0
2014-11-19,19:55:00,4.8,4.8,4.8,4.8,200,0
2014-11-19,20:35:00,4.8,4.8,4.8,4.8,100,0
2014-11-19,21:45:00,4.74,4.78,4.74,4.78,2100,0
2014-11-19,21:55:00,4.8,4.8,4.8,4.8,100,0
2014-11-19,22:00:00,4.78,4.78,4.77,4.78,300,0
2014-11-20,15:35:00,4.65,4.65,4.65,4.65,100,0
2014-11-20,15:45:00,4.71,4.71,4.7,4.7,300,0
2014-11-20,15:50:00,4.85,4.85,4.85,4.85,100,0
2014-11-20,15:55:00,4.75,4.75,4.75,4.75,2500,0
2014-11-20,16:05:00,4.85,4.85,4.65,4.66,5700,0
2014-11-20,16:10:00,4.84,4.84,4.84,4.84,100,0
2014-11-20,16:25:00,4.66,4.76,4.65,4.65,500,0
2014-11-20,16:40:00,4.76,4.76,4.76,4.76,100,0
2014-11-20,17:05:00,4.78,4.78,4.78,4.78,100,0
2014-11-20,17:45:00,4.7,4.7,4.7,4.7,100,0
2014-11-20,17:55:00,4.77,4.77,4.71,4.71,400,0
2014-11-20,18:50:00,4.71,4.71,4.71,4.71,3000,0
2014-11-20,18:55:00,4.7,4.7,4.7,4.7,540,0
2014-11-20,19:20:00,4.7,4.7,4.7,4.7,627,0
2014-11-20,19:25:00,4.63,4.63,4.63,4.63,900,0
2014-11-20,19:30:00,4.7,4.7,4.7,4.7,100,0
2014-11-20,19:40:00,4.7,4.76,4.7,4.76,3100,0
2014-11-20,19:45:00,4.76,4.85,4.76,4.85,200,0
2014-11-20,19:55:00,4.84,4.84,4.72,4.84,300,0
2014-11-20,20:25:00,4.84,4.84,4.84,4.84,100,0
2014-11-20,20:45:00,4.82,4.82,4.82,4.82,100,0
2014-11-20,20:55:00,4.71,4.71,4.71,4.71,100,0
2014-11-20,21:00:00,4.8,4.8,4.8,4.8,200,0
2014-11-20,21:10:00,4.85,4.85,4.85,4.85,100,0
2014-11-20,21:25:00,4.85,4.85,4.85,4.85,100,0
2014-11-20,21:35:00,4.83,4.83,4.83,4.83,200,0
2014-11-20,21:40:00,4.85,4.85,4.85,4.85,200,0
2014-11-20,21:45:00,4.84,4.84,4.84,4.84,100,0
2014-11-20,21:50:00,4.83,4.85,4.83,4.85,200,0
2014-11-20,22:00:00,4.84,4.84,4.74,4.74,794,0
2014-11-21,16:10:00,4.73,4.73,4.72,4.72,1380,0
2014-11-21,16:30:00,4.72,4.72,4.72,4.72,100,0
2014-11-21,16:35:00,4.59,4.71,4.56,4.71,1750,0
2014-11-21,16:45:00,4.73,4.8,4.72,4.8,3260,0
2014-11-21,16:50:00,4.8,4.8,4.8,4.8,200,0
2014-11-21,17:20:00,4.66,4.67,4.66,4.67,200,0
2014-11-21,17:30:00,4.71,4.71,4.71,4.71,100,0
2014-11-21,17:55:00,4.66,4.66,4.66,4.66,100,0
2014-11-21,18:15:00,4.68,4.68,4.68,4.68,100,0
2014-11-21,18:30:00,4.69,4.69,4.69,4.69,100,0
2014-11-21,18:55:00,4.66,4.66,4.66,4.66,400,0
2014-11-21,20:05:00,4.69,4.69,4.69,4.69,100,0
2014-11-21,20:20:00,4.69,4.69,4.69,4.69,100,0
2014-11-21,20:25:00,4.65,4.72,4.44,4.72,3260,0
2014-11-21,20:35:00,4.7,4.73,4.7,4.72,300,0
2014-11-21,20:40:00,4.79,4.79,4.75,4.75,300,0
2014-11-21,21:45:00,4.74,4.74,4.74,4.74,100,0
2014-11-21,21:55:00,4.73,4.73,4.66,4.66,600,0
2014-11-21,22:00:00,4.73,4.74,4.68,4.74,1600,0
2014-11-24,15:35:00,4.61,4.71,4.61,4.71,1600,0
2014-11-24,15:40:00,4.71,4.72,4.71,4.72,1350,0
2014-11-24,15:45:00,4.8,4.84,4.8,4.84,200,0
2014-11-24,15:50:00,4.84,4.84,4.84,4.84,100,0
2014-11-24,15:55:00,4.74,4.84,4.74,4.84,200,0
2014-11-24,16:00:00,4.85,4.85,4.85,4.85,100,0
2014-11-24,16:05:00,4.84,4.84,4.81,4.81,400,0
2014-11-24,16:10:00,4.82,4.85,4.82,4.85,3200,0
2014-11-24,16:15:00,4.86,4.93,4.86,4.93,400,0
2014-11-24,16:25:00,4.85,4.85,4.85,4.85,200,0
2014-11-24,16:30:00,4.81,4.84,4.81,4.84,200,0
2014-11-24,16:35:00,4.8,4.8,4.8,4.8,100,0
2014-11-24,16:45:00,4.84,4.84,4.84,4.84,100,0
2014-11-24,17:25:00,4.84,4.84,4.84,4.84,200,0
2014-11-24,17:35:00,4.8,4.8,4.78,4.78,300,0
2014-11-24,18:25:00,4.78,4.78,4.78,4.78,100,0
2014-11-24,20:00:00,4.77,4.77,4.77,4.77,100,0
2014-11-24,20:05:00,4.78,4.78,4.78,4.78,600,0
2014-11-24,20:15:00,4.75,4.75,4.74,4.74,200,0
2014-11-24,20:35:00,4.78,4.78,4.78,4.78,100,0
2014-11-24,20:50:00,4.78,4.78,4.78,4.78,100,0
2014-11-24,20:55:00,4.74,4.74,4.74,4.74,100,0
2014-11-24,21:15:00,4.78,4.78,4.78,4.78,100,0
2014-11-24,21:20:00,4.78,4.79,4.74,4.79,3550,0
2014-11-24,21:25:00,4.74,4.74,4.71,4.71,400,0
2014-11-24,21:30:00,4.71,4.71,4.71,4.71,150,0
2014-11-24,21:50:00,4.63,4.65,4.63,4.64,300,0
2014-11-24,21:55:00,4.7,4.7,4.7,4.7,100,0
2014-11-24,22:00:00,4.63,4.68,4.61,4.65,700,0
2014-11-25,17:05:00,4.57,4.75,4.41,4.75,5500,0
2014-11-25,17:20:00,4.65,4.65,4.65,4.65,300,0
2014-11-25,17:25:00,4.75,4.75,4.75,4.75,100,0
2014-11-25,18:20:00,4.75,4.75,4.73,4.75,500,0
2014-11-25,19:40:00,4.71,4.71,4.71,4.71,100,0
2014-11-25,19:50:00,4.71,4.8,4.71,4.8,5300,0
2014-11-25,19:55:00,4.8,4.8,4.8,4.8,100,0
2014-11-25,20:40:00,4.64,4.64,4.64,4.64,250,0
2014-11-25,20:50:00,4.65,4.65,4.65,4.65,100,0
2014-11-25,21:25:00,4.73,4.76,4.73,4.73,4822,0
2014-11-25,21:30:00,4.79,4.79,4.63,4.76,700,0
2014-11-25,21:35:00,4.74,4.75,4.74,4.74,400,0
2014-11-25,21:40:00,4.8,4.8,4.78,4.78,700,0
2014-11-25,21:45:00,4.76,4.76,4.76,4.76,2265,0
2014-11-25,21:50:00,4.76,4.76,4.76,4.76,100,0
2014-11-25,22:00:00,4.78,4.78,4.78,4.78,400,0
2014-11-26,16:45:00,4.67,4.75,4.66,4.75,14892,0
2014-11-26,17:10:00,4.75,4.8,4.75,4.79,4046,0
2014-11-26,17:15:00,4.8,4.8,4.8,4.8,100,0
2014-11-26,17:25:00,4.8,4.8,4.8,4.8,2000,0
2014-11-26,17:35:00,4.78,4.84,4.78,4.84,5700,0
2014-11-26,18:05:00,4.84,4.84,4.84,4.84,100,0
2014-11-26,18:15:00,4.82,4.82,4.82,4.82,100,0
2014-11-26,18:45:00,4.82,4.84,4.8,4.84,4950,0
2014-11-26,19:25:00,4.83,4.83,4.83,4.83,200,0
2014-11-26,19:30:00,4.8,4.8,4.8,4.8,800,0
2014-11-26,19:55:00,4.8,4.8,4.8,4.8,100,0
2014-11-26,20:00:00,4.84,4.84,4.84,4.84,9000,0
2014-11-26,20:15:00,4.84,4.84,4.84,4.84,100,0
2014-11-26,20:25:00,4.84,4.99,4.84,4.99,3500,0
2014-11-26,20:30:00,4.92,4.92,4.9,4.91,400,0
2014-11-26,20:40:00,4.91,4.99,4.91,4.95,2200,0
2014-11-26,20:45:00,4.88,4.88,4.88,4.88,100,0
2014-11-26,21:00:00,4.98,4.98,4.98,4.98,100,0
2014-11-26,21:35:00,4.88,4.95,4.88,4.95,200,0
2014-11-26,21:50:00,4.88,4.95,4.88,4.95,600,0
2014-11-26,21:55:00,4.87,4.87,4.87,4.87,100,0
2014-11-26,22:00:00,4.94,4.95,4.94,4.95,400,0
2014-11-28,15:40:00,4.96,4.96,4.96,4.96,500,0
2014-11-28,15:55:00,4.97,4.97,4.97,4.97,100,0
2014-11-28,16:00:00,4.98,4.98,4.98,4.98,100,0
2014-11-28,16:10:00,4.74,4.93,4.74,4.93,500,0
2014-11-28,16:25:00,4.96,4.96,4.96,4.96,100,0
2014-11-28,16:40:00,4.95,4.95,4.87,4.88,500,0
2014-11-28,16:50:00,4.93,4.94,4.93,4.93,300,0
2014-11-28,17:00:00,4.96,4.96,4.96,4.96,100,0
2014-11-28,17:05:00,4.92,4.92,4.92,4.92,100,0
2014-11-28,17:15:00,4.96,4.96,4.96,4.96,100,0
2014-11-28,17:45:00,4.96,4.96,4.9,4.96,400,0
2014-11-28,17:55:00,4.9,4.94,4.89,4.94,1300,0
2014-11-28,18:00:00,4.94,4.94,4.94,4.94,500,0
2014-11-28,18:05:00,4.88,4.95,4.88,4.95,200,0
2014-11-28,18:20:00,4.85,4.93,4.85,4.93,1300,0
2014-11-28,18:25:00,4.95,4.96,4.95,4.95,1450,0
2014-11-28,18:35:00,4.95,4.95,4.95,4.95,2641,0
2014-11-28,18:40:00,4.95,4.95,4.95,4.95,3664,0
2014-11-28,18:45:00,4.95,4.96,4.95,4.96,500,0
2014-11-28,19:00:00,4.82,4.97,4.82,4.97,1600,0
2014-12-01,16:00:00,4.81,4.81,4.81,4.81,100,0
2014-12-01,16:05:00,4.82,4.82,4.82,4.82,800,0
2014-12-01,17:30:00,4.7,4.7,4.7,4.7,200,0
2014-12-01,17:50:00,4.67,4.67,4.66,4.66,600,0
2014-12-01,17:55:00,4.68,4.68,4.68,4.68,400,0
2014-12-01,18:00:00,4.7,4.7,4.7,4.7,1000,0
2014-12-01,18:05:00,4.69,4.69,4.69,4.69,100,0
2014-12-01,18:10:00,4.75,4.75,4.74,4.74,500,0
2014-12-01,18:15:00,4.92,4.92,4.92,4.92,100,0
2014-12-01,18:45:00,4.97,4.97,4.97,4.97,100,0
2014-12-01,19:30:00,4.89,4.89,4.73,4.73,200,0
2014-12-01,20:25:00,4.8,4.8,4.74,4.74,1200,0
2014-12-01,20:30:00,4.76,4.76,4.76,4.76,200,0
2014-12-01,20:35:00,4.85,4.86,4.85,4.86,200,0
2014-12-01,21:50:00,4.99,4.99,4.8,4.8,1500,0
2014-12-01,22:00:00,4.93,4.93,4.93,4.93,100,0
2014-12-02,15:45:00,4.97,4.97,4.97,4.97,800,0
2014-12-02,17:10:00,4.96,4.96,4.96,4.96,180,0
2014-12-02,17:15:00,4.96,4.96,4.96,4.96,200,0
2014-12-02,17:25:00,4.66,4.67,4.66,4.67,2150,0
2014-12-02,17:30:00,4.67,4.67,4.66,4.67,500,0
2014-12-02,18:35:00,4.9,4.9,4.9,4.9,100,0
2014-12-02,18:45:00,4.67,4.67,4.67,4.67,100,0
2014-12-02,19:50:00,4.92,4.92,4.92,4.92,100,0
2014-12-02,20:15:00,4.91,4.91,4.9,4.9,200,0
2014-12-02,20:45:00,4.89,4.89,4.75,4.89,800,0
2014-12-02,20:55:00,4.87,4.87,4.87,4.87,100,0
2014-12-02,21:00:00,4.92,4.92,4.92,4.92,100,0
2014-12-02,21:15:00,4.85,4.92,4.85,4.92,400,0
2014-12-02,21:20:00,4.7,4.93,4.7,4.93,200,0
2014-12-02,21:25:00,4.94,4.94,4.94,4.94,100,0
2014-12-02,22:00:00,4.78,4.93,4.73,4.93,1100,0
2014-12-03,15:55:00,4.95,4.97,4.95,4.97,1600,0
2014-12-03,16:10:00,4.76,4.93,4.76,4.93,300,0
2014-12-03,16:15:00,4.92,4.92,4.92,4.92,300,0
2014-12-03,17:55:00,4.74,4.74,4.74,4.74,400,0
2014-12-03,18:20:00,4.76,4.93,4.73,4.73,4199,0
2014-12-03,18:25:00,4.91,4.91,4.91,4.91,100,0
2014-12-03,18:35:00,4.91,4.91,4.72,4.91,400,0
2014-12-03,19:50:00,4.93,4.93,4.93,4.93,100,0
2014-12-03,20:05:00,4.92,4.92,4.92,4.92,600,0
2014-12-03,20:40:00,4.7,4.7,4.7,4.7,833,0
2014-12-03,20:55:00,4.93,4.93,4.93,4.93,600,0
2014-12-03,21:25:00,4.93,4.94,4.93,4.93,800,0
2014-12-03,21:50:00,4.94,4.97,4.94,4.97,200,0
2014-12-03,21:55:00,4.96,4.96,4.96,4.96,800,0
2014-12-03,22:00:00,4.93,4.93,4.92,4.92,200,0
2014-12-04,15:35:00,4.94,4.95,4.94,4.95,1020,0
2014-12-04,17:30:00,4.96,4.96,4.96,4.96,100,0
2014-12-04,18:20:00,4.95,4.95,4.95,4.95,100,0
2014-12-04,18:35:00,4.91,4.95,4.91,4.95,800,0
2014-12-04,18:40:00,4.95,4.95,4.95,4.95,300,0
2014-12-04,19:20:00,4.94,4.94,4.94,4.94,100,0
2014-12-04,19:35:00,4.95,4.95,4.95,4.95,100,0
2014-12-04,19:40:00,4.95,4.95,4.95,4.95,100,0
2014-12-04,19:50:00,4.95,4.95,4.95,4.95,100,0
2014-12-04,19:55:00,4.95,4.95,4.95,4.95,100,0
2014-12-04,20:00:00,4.95,4.95,4.95,4.95,100,0
2014-12-04,20:15:00,4.96,4.96,4.96,4.96,100,0
2014-12-04,20:25:00,4.96,4.96,4.96,4.96,100,0
2014-12-04,20:35:00,4.96,4.96,4.96,4.96,300,0
2014-12-04,20:55:00,4.96,4.96,4.96,4.96,200,0
2014-12-04,21:05:00,4.94,4.94,4.94,4.94,100,0
2014-12-04,21:10:00,4.96,4.96,4.96,4.96,100,0
2014-12-04,21:15:00,4.96,4.96,4.96,4.96,100,0
2014-12-04,21:20:00,4.86,4.86,4.86,4.86,100,0
2014-12-04,21:25:00,4.86,4.86,4.86,4.86,100,0
2014-12-04,21:30:00,4.96,4.96,4.96,4.96,100,0
2014-12-04,21:35:00,4.96,4.96,4.96,4.96,100,0
2014-12-04,21:40:00,4.95,4.96,4.95,4.96,200,0
2014-12-04,21:50:00,4.96,4.96,4.96,4.96,200,0
2014-12-04,21:55:00,4.96,4.97,4.96,4.97,359,0
2014-12-04,22:00:00,4.9,4.9,4.9,4.9,100,0
2014-12-05,16:20:00,4.94,4.94,4.94,4.94,100,0
2014-12-05,16:25:00,4.97,4.97,4.97,4.97,400,0
2014-12-05,16:30:00,4.92,4.96,4.92,4.96,500,0
2014-12-05,16:35:00,4.97,4.97,4.97,4.97,100,0
2014-12-05,16:40:00,4.97,5.0,4.94,5.0,1365,0
2014-12-05,17:20:00,4.84,4.84,4.84,4.84,100,0
2014-12-05,17:25:00,4.97,4.97,4.97,4.97,100,0
2014-12-05,18:20:00,4.99,4.99,4.99,4.99,100,0
2014-12-05,18:50:00,4.99,4.99,4.99,4.99,100,0
2014-12-05,20:20:00,4.92,4.92,4.92,4.92,200,0
2014-12-05,20:50:00,4.86,4.86,4.86,4.86,200,0
2014-12-05,21:15:00,4.94,4.94,4.94,4.94,100,0
2014-12-05,21:20:00,4.94,4.94,4.94,4.94,200,0
2014-12-05,22:00:00,4.94,4.94,4.87,4.87,535,0
2014-12-08,16:10:00,4.79,5.0,4.74,5.0,794,0
2014-12-08,16:20:00,4.76,4.76,4.76,4.76,1500,0
2014-12-08,16:35:00,4.8,4.8,4.8,4.8,100,0
2014-12-08,16:45:00,4.82,4.83,4.82,4.83,800,0
2014-12-08,17:25:00,4.79,4.79,4.79,4.79,900,0
2014-12-08,18:35:00,4.76,4.76,4.76,4.76,300,0
2014-12-08,18:55:00,4.79,4.79,4.79,4.79,200,0
2014-12-08,19:20:00,4.76,4.76,4.76,4.76,200,0
2014-12-08,19:50:00,4.75,4.75,4.67,4.67,1200,0
2014-12-08,19:55:00,4.67,4.73,4.57,4.61,4550,0
2014-12-08,20:00:00,4.78,4.78,4.78,4.78,100,0
2014-12-08,20:25:00,4.78,4.78,4.78,4.78,100,0
2014-12-08,21:25:00,4.73,4.73,4.73,4.73,300,0
2014-12-08,21:30:00,4.79,4.79,4.79,4.79,100,0
2014-12-08,21:35:00,4.79,4.79,4.79,4.79,150,0
2014-12-08,21:45:00,4.67,4.79,4.54,4.79,1100,0
2014-12-08,22:00:00,4.59,4.75,4.57,4.75,700,0
2014-12-09,20:10:00,4.82,4.82,4.82,4.82,100,0
2014-12-09,20:30:00,4.83,4.83,4.83,4.83,100,0
2014-12-09,20:40:00,4.73,4.73,4.72,4.72,200,0
2014-12-09,20:45:00,4.82,4.82,4.82,4.82,100,0
2014-12-09,21:35:00,4.74,4.83,4.74,4.83,200,0
2014-12-09,21:45:00,4.83,4.83,4.83,4.83,100,0
2014-12-09,21:50:00,4.63,4.83,4.5,4.76,19000,0
2014-12-09,22:00:00,4.76,4.76,4.72,4.72,1200,0
2014-12-10,16:05:00,4.8,4.8,4.8,4.8,600,0
2014-12-10,17:10:00,4.82,4.82,4.82,4.82,400,0
2014-12-10,18:00:00,4.64,4.76,4.58,4.76,3179,0
2014-12-10,19:40:00,4.62,4.65,4.56,4.56,3000,0
2014-12-10,19:45:00,4.59,4.72,4.59,4.72,1900,0
2014-12-10,19:55:00,4.62,4.72,4.61,4.72,800,0
2014-12-10,20:05:00,4.71,4.71,4.71,4.71,200,0
2014-12-10,21:25:00,4.71,4.71,4.71,4.71,100,0
2014-12-10,21:45:00,4.6,4.72,4.6,4.72,412,0
2014-12-10,21:55:00,4.6,4.6,4.6,4.6,200,0
2014-12-10,22:00:00,4.6,4.61,4.54,4.54,1100,0
2014-12-11,16:45:00,4.68,4.68,4.67,4.68,500,0
2014-12-11,16:50:00,4.68,4.68,4.65,4.65,700,0
2014-12-11,16:55:00,4.63,4.7,4.61,4.61,600,0
2014-12-11,17:30:00,4.71,4.72,4.71,4.72,1000,0
2014-12-11,17:40:00,4.72,4.72,4.65,4.65,200,0
2014-12-11,17:55:00,4.64,4.64,4.64,4.64,400,0
2014-12-11,18:00:00,4.63,4.64,4.6,4.64,1700,0
2014-12-11,18:45:00,4.64,4.64,4.64,4.64,200,0
2014-12-11,19:55:00,4.65,4.65,4.65,4.65,230,0
2014-12-11,20:25:00,4.63,4.63,4.63,4.63,501,0
2014-12-11,20:35:00,4.58,4.58,4.55,4.55,300,0
2014-12-11,21:35:00,4.58,4.58,4.58,4.58,100,0
2014-12-11,21:40:00,4.58,4.58,4.58,4.58,100,0
2014-12-11,21:50:00,4.51,4.51,4.5,4.5,397,0
2014-12-11,21:55:00,4.59,4.59,4.59,4.59,100,0
2014-12-11,22:00:00,4.57,4.57,4.5,4.53,1493,0
2014-12-12,15:45:00,4.73,4.73,4.73,4.73,100,0
2014-12-12,16:35:00,4.67,4.67,4.67,4.67,400,0
2014-12-12,18:30:00,4.63,4.63,4.63,4.63,8000,0
2014-12-12,20:15:00,4.67,4.67,4.67,4.67,100,0
2014-12-12,20:40:00,4.6,4.64,4.5,4.58,1700,0
2014-12-12,21:35:00,4.65,4.65,4.65,4.65,400,0
2014-12-12,22:00:00,4.52,4.52,4.51,4.51,1836,0
2014-12-15,16:15:00,4.65,4.65,4.65,4.65,100,0
2014-12-15,17:50:00,4.52,4.52,4.5,4.51,1500,0
2014-12-15,18:10:00,4.63,4.63,4.63,4.63,100,0
2014-12-15,18:20:00,4.64,4.64,4.64,4.64,100,0
2014-12-15,18:25:00,4.63,4.63,4.63,4.63,100,0
2014-12-15,19:55:00,4.63,4.63,4.63,4.63,200,0
2014-12-15,20:25:00,4.6,4.6,4.6,4.6,100,0
2014-12-15,20:35:00,4.59,4.64,4.59,4.64,3440,0
2014-12-15,21:00:00,4.77,4.77,4.77,4.77,200,0
2014-12-15,21:25:00,4.74,4.74,4.74,4.74,100,0
2014-12-15,21:30:00,4.6,4.6,4.6,4.6,100,0
2014-12-15,21:45:00,4.74,4.74,4.74,4.74,200,0
2014-12-15,21:50:00,4.74,4.74,4.74,4.74,100,0
2014-12-15,22:00:00,4.74,4.74,4.74,4.74,300,0
2014-12-16,15:35:00,4.75,4.84,4.53,4.84,1300,0
2014-12-16,15:55:00,4.98,4.98,4.98,4.98,100,0
2014-12-16,16:00:00,4.98,4.98,4.98,4.98,100,0
2014-12-16,16:05:00,4.98,4.98,4.91,4.91,300,0
2014-12-16,16:20:00,4.99,4.99,4.99,4.99,100,0
2014-12-16,16:25:00,4.95,4.95,4.95,4.95,200,0
2014-12-16,18:35:00,4.84,4.84,4.84,4.84,400,0
2014-12-16,18:40:00,4.89,4.89,4.89,4.89,300,0
2014-12-16,19:55:00,4.87,4.87,4.87,4.87,200,0
2014-12-16,21:40:00,4.77,4.86,4.77,4.86,200,0
2014-12-16,21:55:00,4.77,4.77,4.77,4.77,700,0
2014-12-16,22:00:00,4.85,4.85,4.85,4.85,200,0
2014-12-17,16:25:00,4.82,4.82,4.82,4.82,300,0
2014-12-17,17:50:00,4.84,4.84,4.84,4.84,100,0
2014-12-17,18:05:00,4.84,4.85,4.84,4.85,5900,0
2014-12-17,18:15:00,4.82,4.82,4.82,4.82,100,0
2014-12-17,18:25:00,4.67,4.83,4.67,4.83,200,0
2014-12-17,18:40:00,4.83,4.83,4.83,4.83,100,0
2014-12-17,19:10:00,4.82,4.82,4.82,4.82,100,0
2014-12-17,19:35:00,4.87,4.87,4.87,4.87,100,0
2014-12-17,20:00:00,4.84,4.84,4.84,4.84,100,0
2014-12-17,20:05:00,4.8,4.8,4.8,4.8,100,0
2014-12-17,20:10:00,4.8,4.8,4.8,4.8,300,0
2014-12-17,20:20:00,4.86,4.89,4.86,4.89,1194,0
2014-12-17,21:10:00,4.75,4.99,4.75,4.99,200,0
2014-12-17,21:30:00,4.99,4.99,4.97,4.97,200,0
2014-12-17,21:40:00,4.96,4.96,4.96,4.96,100,0
2014-12-17,21:45:00,4.85,4.98,4.65,4.96,8050,0
2014-12-17,21:50:00,4.97,5.0,4.97,4.99,700,0
2014-12-17,21:55:00,4.99,5.0,4.99,5.0,200,0
2014-12-17,22:00:00,4.95,4.99,4.87,4.87,800,0
2014-12-18,15:40:00,4.85,4.94,4.85,4.93,1500,0
2014-12-18,15:45:00,4.93,4.93,4.93,4.93,100,0
2014-12-18,15:50:00,4.89,4.93,4.89,4.93,200,0
2014-12-18,16:55:00,4.93,4.93,4.93,4.93,100,0
2014-12-18,18:15:00,4.93,4.93,4.93,4.93,100,0
2014-12-18,18:55:00,4.92,4.92,4.92,4.92,200,0
2014-12-18,20:40:00,4.8,4.87,4.8,4.87,355,0
2014-12-18,21:15:00,4.84,4.84,4.84,4.84,100,0
2014-12-18,21:50:00,4.81,4.86,4.81,4.86,500,0
2014-12-18,21:55:00,4.88,4.9,4.87,4.9,1600,0
2014-12-18,22:00:00,4.9,4.9,4.83,4.83,2980,0
2014-12-19,18:00:00,4.83,4.83,4.83,4.83,1000,0
2014-12-19,18:10:00,4.78,4.78,4.78,4.78,100,0
2014-12-19,18:35:00,4.82,4.82,4.8,4.8,800,0
2014-12-19,20:30:00,4.89,4.89,4.84,4.84,300,0
2014-12-19,20:40:00,4.85,4.85,4.85,4.85,200,0
2014-12-19,21:45:00,4.99,4.99,4.89,4.89,812,0
2014-12-22,15:35:00,4.78,4.78,4.78,4.78,1400,0
2014-12-22,19:15:00,4.81,4.81,4.81,4.81,250,0
2014-12-22,19:20:00,4.82,4.82,4.82,4.82,500,0
2014-12-22,21:40:00,4.83,4.83,4.83,4.83,200,0
2014-12-23,15:35:00,4.85,4.85,4.85,4.85,100,0
2014-12-23,15:40:00,4.86,4.86,4.86,4.86,100,0
2014-12-23,16:10:00,4.95,4.98,4.93,4.98,1000,0
2014-12-23,16:20:00,4.86,4.86,4.85,4.86,5000,0
2014-12-23,17:05:00,4.97,4.97,4.97,4.97,100,0
2014-12-23,17:10:00,4.97,4.97,4.97,4.97,200,0
2014-12-23,17:15:00,4.97,4.97,4.97,4.97,200,0
2014-12-23,17:20:00,4.97,4.97,4.97,4.97,300,0
2014-12-23,17:25:00,4.96,4.97,4.96,4.97,400,0
2014-12-23,17:30:00,4.97,4.97,4.97,4.97,600,0
2014-12-23,18:25:00,4.87,4.87,4.87,4.87,100,0
2014-12-23,20:00:00,4.94,4.94,4.94,4.94,100,0
2014-12-23,20:15:00,4.93,4.93,4.93,4.93,500,0
2014-12-23,20:35:00,4.98,4.98,4.98,4.98,400,0
2014-12-23,21:35:00,4.97,4.97,4.92,4.92,295,0
2014-12-23,22:00:00,4.92,4.92,4.88,4.88,2000,0
2014-12-24,15:35:00,4.99,4.99,4.99,4.99,500,0
2014-12-24,16:35:00,4.85,4.85,4.67,4.67,1100,0
2014-12-24,17:15:00,4.86,4.86,4.86,4.86,150,0
2014-12-24,18:50:00,4.78,4.78,4.78,4.78,100,0
2014-12-24,18:55:00,4.78,4.78,4.78,4.78,200,0
2014-12-26,17:25:00,4.75,4.78,4.73,4.73,3900,0
2014-12-26,18:10:00,4.79,4.79,4.79,4.79,100,0
2014-12-26,18:30:00,4.79,4.79,4.79,4.79,100,0
2014-12-26,20:15:00,4.72,4.72,4.72,4.72,125,0
2014-12-26,21:20:00,4.73,4.73,4.56,4.56,200,0
2014-12-26,21:35:00,4.71,4.71,4.71,4.71,100,0
2014-12-26,22:00:00,4.69,4.69,4.69,4.69,200,0
2014-12-29,16:20:00,4.78,4.78,4.78,4.78,200,0
2014-12-29,16:30:00,4.69,4.69,4.68,4.68,580,0
2014-12-29,20:20:00,4.67,4.68,4.67,4.68,200,0
2014-12-29,20:25:00,4.65,4.65,4.65,4.65,180,0
2014-12-29,20:45:00,4.67,4.69,4.67,4.69,3200,0
2014-12-29,21:50:00,4.72,4.72,4.72,4.72,300,0
2014-12-29,22:00:00,4.67,4.69,4.65,4.66,1101,0
2014-12-30,15:35:00,4.6,4.73,4.6,4.73,345,0
2014-12-30,18:10:00,4.68,4.68,4.68,4.68,2000,0
2014-12-30,18:15:00,4.68,4.75,4.67,4.75,3000,0
2014-12-30,18:30:00,4.84,4.85,4.84,4.85,1150,0
2014-12-30,19:40:00,4.84,4.84,4.84,4.84,400,0
2014-12-30,21:50:00,4.68,4.68,4.68,4.68,100,0
2014-12-30,22:00:00,4.78,4.78,4.69,4.69,400,0
2014-12-31,16:20:00,4.75,4.75,4.75,4.75,200,0
2014-12-31,17:10:00,4.86,4.86,4.86,4.86,100,0
2014-12-31,17:15:00,4.81,4.81,4.81,4.81,800,0
2014-12-31,18:30:00,4.93,4.94,4.93,4.94,900,0
2014-12-31,19:35:00,4.85,4.85,4.85,4.85,200,0
2014-12-31,19:45:00,4.82,4.82,4.8,4.82,3300,0
2014-12-31,19:50:00,4.88,4.88,4.88,4.88,100,0
2014-12-31,19:55:00,4.88,4.88,4.88,4.88,200,0
2014-12-31,20:05:00,4.88,4.88,4.88,4.88,100,0
2014-12-31,20:35:00,4.88,4.88,4.88,4.88,100,0
2014-12-31,20:50:00,4.8,4.8,4.8,4.8,300,0
2014-12-31,21:30:00,4.88,4.88,4.88,4.88,100,0
2014-12-31,21:35:00,4.88,4.88,4.88,4.88,1000,0
2014-12-31,21:45:00,4.81,4.81,4.8,4.8,700,0
2014-12-31,21:50:00,4.8,4.8,4.8,4.8,200,0
2014-12-31,22:00:00,4.8,4.8,4.8,4.8,300,0
2015-01-02,17:50:00,4.87,4.87,4.87,4.87,750,0
2015-01-02,22:00:00,4.72,4.88,4.62,4.81,7480,0
2015-01-05,17:15:00,4.81,4.81,4.81,4.81,200,0
2015-01-05,17:35:00,4.8,4.8,4.8,4.8,100,0
2015-01-05,20:45:00,4.85,4.85,4.85,4.85,300,0
2015-01-05,20:50:00,4.88,4.89,4.88,4.89,3100,0
2015-01-05,20:55:00,4.9,4.9,4.9,4.9,400,0
2015-01-05,21:20:00,4.9,4.9,4.89,4.89,1100,0
2015-01-05,21:25:00,4.89,4.89,4.89,4.89,200,0
2015-01-05,21:35:00,4.9,4.9,4.89,4.89,5100,0
2015-01-05,21:50:00,4.89,4.89,4.89,4.89,100,0
2015-01-05,22:00:00,4.88,4.88,4.88,4.88,141,0
2015-01-06,19:30:00,4.83,4.83,4.8,4.8,900,0
2015-01-06,20:50:00,4.8,4.8,4.8,4.8,800,0
2015-01-07,21:00:00,4.75,4.75,4.68,4.68,1000,0
2015-01-07,21:35:00,4.63,4.63,4.63,4.63,400,0
2015-01-07,21:40:00,4.63,4.64,4.63,4.63,600,0
2015-01-07,22:00:00,4.7,4.75,4.7,4.75,1000,0
2015-01-08,17:10:00,4.75,4.75,4.75,4.75,1200,0
2015-01-08,18:25:00,4.75,4.75,4.75,4.75,3000,0
2015-01-08,18:35:00,4.66,4.67,4.66,4.66,5961,0
2015-01-08,19:45:00,4.68,4.68,4.68,4.68,400,0
2015-01-08,21:05:00,4.68,4.68,4.68,4.68,100,0
2015-01-08,21:10:00,4.68,4.68,4.68,4.68,100,0
2015-01-08,21:20:00,4.68,4.68,4.68,4.68,100,0
2015-01-09,17:35:00,4.62,4.62,4.62,4.62,300,0
2015-01-09,18:15:00,4.74,4.74,4.74,4.74,400,0
2015-01-09,20:55:00,4.65,4.65,4.65,4.65,100,0
2015-01-09,21:00:00,4.65,4.65,4.65,4.65,200,0
2015-01-09,21:15:00,4.6,4.6,4.6,4.6,200,0
2015-01-09,22:00:00,4.7,4.7,4.7,4.7,900,0
2015-01-12,18:50:00,4.59,4.59,4.55,4.55,7700,0
2015-01-12,21:50:00,4.56,4.56,4.47,4.47,2163,0
2015-01-12,21:55:00,4.47,4.47,4.47,4.47,100,0
2015-01-12,22:00:00,4.47,4.47,4.47,4.47,200,0
2015-01-13,15:40:00,4.55,4.57,4.55,4.57,900,0
2015-01-13,15:45:00,4.59,4.59,4.59,4.59,200,0
2015-01-13,16:15:00,4.54,4.54,4.53,4.53,300,0
2015-01-13,17:10:00,4.57,4.57,4.57,4.57,3000,0
2015-01-13,17:25:00,4.42,4.42,4.4,4.4,200,0
2015-01-13,19:20:00,4.4,4.4,4.4,4.4,3888,0
2015-01-13,19:25:00,4.41,4.42,4.4,4.4,6300,0
2015-01-13,19:40:00,4.56,4.56,4.56,4.56,100,0
2015-01-13,19:45:00,4.56,4.65,4.55,4.65,1400,0
2015-01-13,20:00:00,4.58,4.58,4.58,4.58,100,0
2015-01-13,20:30:00,4.67,4.67,4.67,4.67,100,0
2015-01-13,21:05:00,4.6,4.68,4.59,4.68,3500,0
2015-01-13,21:35:00,4.68,4.68,4.68,4.68,100,0
2015-01-13,21:50:00,4.68,4.68,4.68,4.68,100,0
2015-01-13,21:55:00,4.67,4.67,4.66,4.66,300,0
2015-01-13,22:00:00,4.68,4.68,4.58,4.58,563,0
2015-01-14,15:35:00,4.7,4.7,4.7,4.7,200,0
2015-01-14,15:40:00,4.6,4.65,4.6,4.65,1063,0
2015-01-14,15:55:00,4.68,4.69,4.68,4.69,1000,0
2015-01-14,16:20:00,4.68,4.68,4.68,4.68,200,0
2015-01-14,16:30:00,4.69,4.69,4.65,4.65,400,0
2015-01-14,16:35:00,4.67,4.67,4.65,4.65,2200,0
2015-01-14,16:50:00,4.65,4.65,4.65,4.65,400,0
2015-01-14,17:20:00,4.6,4.6,4.6,4.6,200,0
2015-01-14,17:25:00,4.65,4.65,4.65,4.65,400,0
2015-01-14,17:40:00,4.69,4.69,4.68,4.68,1100,0
2015-01-14,18:00:00,4.65,4.65,4.45,4.52,5360,0
2015-01-14,18:35:00,4.67,4.67,4.67,4.67,100,0
2015-01-14,19:45:00,4.64,4.64,4.64,4.64,100,0
2015-01-14,20:30:00,4.65,4.65,4.65,4.65,600,0
2015-01-14,21:15:00,4.63,4.63,4.63,4.63,430,0
2015-01-14,21:45:00,4.64,4.64,4.64,4.64,300,0
2015-01-14,21:50:00,4.6,4.6,4.6,4.6,200,0
2015-01-14,21:55:00,4.61,4.61,4.61,4.61,100,0
2015-01-14,22:00:00,4.66,4.69,4.6,4.6,2400,0
2015-01-15,16:05:00,4.7,4.7,4.7,4.7,1178,0
2015-01-15,16:10:00,4.7,4.7,4.7,4.7,500,0
2015-01-15,16:35:00,4.7,4.7,4.7,4.7,100,0
2015-01-15,17:10:00,4.69,4.7,4.69,4.7,2400,0
2015-01-15,18:30:00,4.69,4.69,4.69,4.69,290,0
2015-01-15,19:10:00,4.68,4.68,4.68,4.68,1200,0
2015-01-15,20:10:00,4.7,4.7,4.7,4.7,2540,0
2015-01-15,20:15:00,4.69,4.69,4.69,4.69,10000,0
2015-01-15,21:00:00,4.66,4.66,4.66,4.66,200,0
2015-01-15,21:30:00,4.65,4.65,4.65,4.65,100,0
2015-01-15,21:50:00,4.65,4.65,4.65,4.65,100,0
2015-01-15,21:55:00,4.64,4.65,4.43,4.62,800,0
2015-01-15,22:00:00,4.47,4.7,4.47,4.57,3300,0
2015-01-16,16:25:00,4.51,4.51,4.51,4.51,500,0
2015-01-16,16:50:00,4.58,4.58,4.58,4.58,250,0
2015-01-16,16:55:00,4.39,4.39,4.39,4.39,300,0
2015-01-16,17:25:00,4.41,4.61,4.41,4.61,5365,0
2015-01-16,19:30:00,4.51,4.51,4.51,4.51,300,0
2015-01-16,20:10:00,4.58,4.6,4.58,4.6,400,0
2015-01-16,21:50:00,4.5,4.5,4.37,4.47,500,0
2015-01-16,21:55:00,4.24,4.71,4.24,4.69,23775,0
2015-01-16,22:00:00,4.7,4.74,4.56,4.62,5348,0
2015-01-20,15:35:00,4.75,4.75,4.75,4.75,100,0
2015-01-20,15:45:00,4.7,4.7,4.7,4.7,400,0
2015-01-20,16:10:00,4.66,4.66,4.66,4.66,200,0
2015-01-20,16:25:00,4.66,4.66,4.66,4.66,700,0
2015-01-20,16:50:00,4.69,4.69,4.69,4.69,1220,0
2015-01-20,17:10:00,4.66,4.66,4.66,4.66,500,0
2015-01-20,17:30:00,4.66,4.66,4.66,4.66,1400,0
2015-01-20,17:50:00,4.66,4.66,4.66,4.66,100,0
2015-01-20,18:55:00,4.66,4.66,4.66,4.66,200,0
2015-01-20,19:20:00,4.66,4.66,4.66,4.66,400,0
2015-01-20,19:45:00,4.64,4.64,4.64,4.64,1000,0
2015-01-20,21:00:00,4.63,4.63,4.45,4.62,400,0
2015-01-20,21:05:00,4.61,4.61,4.61,4.61,400,0
2015-01-20,21:25:00,4.64,4.64,4.64,4.64,2000,0
2015-01-20,21:50:00,4.64,4.64,4.64,4.64,197,0
2015-01-20,22:00:00,4.61,4.65,4.61,4.65,1000,0
2015-01-21,15:35:00,4.61,4.61,4.54,4.54,8200,0
2015-01-21,15:50:00,4.5,4.5,4.5,4.5,400,0
2015-01-21,16:35:00,4.6,4.6,4.59,4.6,3000,0
2015-01-21,16:40:00,4.61,4.61,4.61,4.61,400,0
2015-01-21,16:45:00,4.62,4.75,4.62,4.75,12300,0
2015-01-21,16:50:00,4.78,4.8,4.78,4.8,6436,0
2015-01-21,17:00:00,4.9,4.9,4.9,4.9,800,0
2015-01-21,17:15:00,4.9,4.9,4.9,4.9,898,0
2015-01-21,17:25:00,4.9,4.9,4.9,4.9,1000,0
2015-01-21,17:30:00,4.8,4.8,4.8,4.8,200,0
2015-01-21,18:20:00,4.8,4.8,4.8,4.8,200,0
2015-01-21,19:00:00,4.8,4.89,4.8,4.86,4702,0
2015-01-21,19:10:00,4.95,4.95,4.95,4.95,100,0
2015-01-21,19:20:00,4.95,4.95,4.89,4.94,8000,0
2015-01-21,19:25:00,4.94,5.04,4.93,5.04,26331,0
2015-01-21,19:30:00,5.05,5.05,5.05,5.05,200,0
2015-01-21,19:35:00,4.99,5.03,4.99,5.03,1200,0
2015-01-21,20:00:00,4.89,4.91,4.89,4.91,6600,0
2015-01-21,20:10:00,4.89,4.89,4.89,4.89,2400,0
2015-01-21,20:15:00,4.9,4.9,4.89,4.9,400,0
2015-01-21,20:25:00,4.89,4.89,4.89,4.89,100,0
2015-01-21,20:30:00,4.89,4.92,4.89,4.91,500,0
2015-01-21,20:35:00,4.89,4.9,4.89,4.9,400,0
2015-01-21,20:40:00,4.9,4.9,4.9,4.9,100,0
2015-01-21,20:50:00,4.9,5.01,4.9,5.01,600,0
2015-01-21,21:05:00,4.91,4.91,4.89,4.89,200,0
2015-01-21,21:10:00,4.91,4.91,4.9,4.9,200,0
2015-01-21,21:15:00,4.9,4.9,4.87,4.9,1900,0
2015-01-21,21:30:00,4.86,4.9,4.86,4.89,5980,0
2015-01-21,21:35:00,4.89,4.93,4.89,4.93,500,0
2015-01-21,21:40:00,4.88,4.88,4.87,4.87,200,0
2015-01-21,21:45:00,4.88,4.88,4.87,4.87,200,0
2015-01-21,21:50:00,4.87,4.9,4.86,4.9,803,0
2015-01-21,21:55:00,4.87,4.9,4.87,4.87,1400,0
2015-01-21,22:00:00,4.88,4.88,4.85,4.85,1400,0
2015-01-22,15:45:00,5.0,5.0,5.0,5.0,400,0
2015-01-22,18:50:00,4.84,4.85,4.83,4.85,602,0
2015-01-22,19:35:00,4.84,4.84,4.84,4.84,100,0
2015-01-22,20:00:00,4.62,4.62,4.62,4.62,3100,0
2015-01-22,20:05:00,4.85,4.85,4.85,4.85,1595,0
2015-01-22,20:10:00,4.9,4.9,4.9,4.9,100,0
2015-01-22,20:20:00,4.91,4.92,4.9,4.92,600,0
2015-01-22,20:25:00,4.91,4.91,4.9,4.9,300,0
2015-01-22,20:35:00,4.9,4.9,4.69,4.69,5805,0
2015-01-22,20:55:00,4.74,4.74,4.73,4.74,300,0
2015-01-22,22:00:00,4.9,4.9,4.87,4.87,300,0
2015-01-23,15:50:00,4.8,4.8,4.8,4.8,200,0
2015-01-23,15:55:00,4.8,4.82,4.8,4.81,700,0
2015-01-23,16:10:00,4.8,4.8,4.8,4.8,1700,0
2015-01-23,16:15:00,4.74,4.8,4.74,4.8,1193,0
2015-01-23,16:40:00,4.82,4.82,4.82,4.82,1507,0
2015-01-23,16:45:00,4.81,4.82,4.81,4.82,2000,0
2015-01-23,17:05:00,4.77,4.77,4.77,4.77,300,0
2015-01-23,18:35:00,4.82,4.82,4.61,4.61,200,0
2015-01-23,18:50:00,4.8,4.98,4.8,4.98,6095,0
2015-01-23,19:10:00,4.9,4.95,4.9,4.95,900,0
2015-01-23,19:15:00,4.95,5.0,4.9,5.0,7300,0
2015-01-23,19:20:00,4.95,5.0,4.95,4.95,7194,0
2015-01-23,19:25:00,4.95,5.0,4.95,5.0,600,0
2015-01-23,19:45:00,4.95,4.95,4.87,4.91,2700,0
2015-01-23,19:55:00,5.0,5.0,5.0,5.0,100,0
2015-01-23,20:25:00,4.99,4.99,4.99,4.99,3000,0
2015-01-23,20:30:00,5.0,5.0,5.0,5.0,100,0
2015-01-23,20:40:00,5.0,5.0,4.88,5.0,24987,0
2015-01-23,20:45:00,5.01,5.01,5.01,5.01,100,0
2015-01-23,20:50:00,5.01,5.09,5.01,5.09,300,0
2015-01-23,21:00:00,5.09,5.14,5.08,5.08,8544,0
2015-01-23,21:05:00,5.14,5.24,5.11,5.11,4450,0
2015-01-23,21:30:00,5.11,5.11,5.11,5.11,100,0
2015-01-23,21:40:00,5.06,5.06,5.05,5.05,300,0
2015-01-23,21:45:00,5.04,5.05,5.0,5.05,3310,0
2015-01-23,21:50:00,4.99,4.99,4.99,4.99,200,0
2015-01-23,21:55:00,4.98,5.04,4.98,5.04,200,0
2015-01-23,22:00:00,5.05,5.2,4.97,4.97,8100,0
2015-01-26,15:35:00,5.24,5.24,5.24,5.24,100,0
2015-01-26,15:40:00,5.24,5.25,5.24,5.25,3900,0
2015-01-26,15:45:00,5.25,5.25,5.2,5.25,3000,0
2015-01-26,16:05:00,5.12,5.12,5.12,5.12,500,0
2015-01-26,16:10:00,5.12,5.12,5.1,5.1,1800,0
2015-01-26,17:25:00,5.11,5.11,5.11,5.11,100,0
2015-01-26,17:50:00,5.11,5.11,5.11,5.11,100,0
2015-01-26,18:45:00,5.11,5.11,5.05,5.05,1100,0
2015-01-26,19:00:00,5.09,5.09,5.09,5.09,1000,0
2015-01-26,20:20:00,5.07,5.07,5.07,5.07,100,0
2015-01-26,20:35:00,5.09,5.11,5.09,5.11,900,0
2015-01-26,20:40:00,5.16,5.16,5.12,5.12,2500,0
2015-01-26,20:45:00,5.12,5.16,5.1,5.15,10450,0
2015-01-26,21:10:00,5.14,5.14,5.13,5.13,400,0
2015-01-26,21:25:00,5.13,5.13,5.13,5.13,200,0
2015-01-26,21:50:00,5.12,5.12,5.12,5.12,299,0
2015-01-26,21:55:00,5.12,5.12,5.12,5.12,200,0
2015-01-26,22:00:00,5.12,5.15,5.05,5.05,3100,0
2015-01-27,16:10:00,5.08,5.1,5.05,5.1,700,0
2015-01-27,16:30:00,5.07,5.07,5.07,5.07,100,0
2015-01-27,16:35:00,5.08,5.08,5.08,5.08,200,0
2015-01-27,16:45:00,5.07,5.07,5.07,5.07,100,0
2015-01-27,16:50:00,5.05,5.05,5.05,5.05,100,0
2015-01-27,17:15:00,5.18,5.18,5.18,5.18,100,0
2015-01-27,17:50:00,5.1,5.1,5.1,5.1,100,0
2015-01-27,18:15:00,5.08,5.08,5.08,5.08,100,0
2015-01-27,18:30:00,5.07,5.07,5.07,5.07,100,0
2015-01-27,18:40:00,5.08,5.08,5.06,5.06,300,0
2015-01-27,19:30:00,5.07,5.1,5.07,5.1,1100,0
2015-01-27,20:25:00,5.07,5.15,4.96,5.15,2400,0
2015-01-27,21:40:00,4.97,4.97,4.97,4.97,100,0
2015-01-27,21:45:00,5.14,5.14,5.14,5.14,100,0
2015-01-27,22:00:00,4.97,5.16,4.97,5.12,1000,0
2015-01-28,15:50:00,4.77,4.86,4.77,4.86,600,0
2015-01-28,16:05:00,5.19,5.2,5.12,5.2,3500,0
2015-01-28,16:10:00,5.2,5.2,5.2,5.2,100,0
2015-01-28,16:15:00,5.2,5.2,5.2,5.2,653,0
2015-01-28,16:25:00,5.2,5.23,5.2,5.23,800,0
2015-01-28,16:55:00,5.2,5.2,5.2,5.2,300,0
2015-01-28,17:10:00,5.25,5.25,5.23,5.23,951,0
2015-01-28,17:35:00,5.2,5.2,5.2,5.2,1100,0
2015-01-28,17:40:00,5.2,5.2,5.2,5.2,200,0
2015-01-28,17:55:00,5.22,5.22,5.22,5.22,200,0
2015-01-28,18:10:00,5.13,5.2,5.13,5.2,500,0
2015-01-28,19:55:00,5.18,5.18,5.18,5.18,200,0
2015-01-28,20:00:00,5.19,5.19,5.19,5.19,100,0
2015-01-28,20:10:00,5.18,5.18,5.18,5.18,700,0
2015-01-28,21:40:00,5.13,5.13,5.12,5.13,700,0
2015-01-28,21:45:00,5.1,5.12,5.1,5.1,1400,0
2015-01-28,21:50:00,5.18,5.19,5.18,5.19,2144,0
2015-01-28,21:55:00,5.18,5.18,5.18,5.18,394,0
2015-01-28,22:00:00,5.1,5.1,5.1,5.1,228,0
2015-01-29,15:55:00,5.18,5.18,5.14,5.14,200,0
2015-01-29,16:10:00,4.85,5.14,4.85,5.14,5454,0
2015-01-29,16:15:00,5.13,5.13,5.13,5.13,100,0
2015-01-29,16:30:00,5.13,5.14,5.13,5.14,400,0
2015-01-29,16:40:00,5.14,5.14,5.14,5.14,100,0
2015-01-29,16:50:00,5.13,5.13,5.13,5.13,200,0
2015-01-29,16:55:00,5.13,5.13,5.13,5.13,300,0
2015-01-29,17:10:00,5.11,5.13,5.11,5.13,300,0
2015-01-29,18:05:00,5.16,5.16,5.16,5.16,200,0
2015-01-29,19:55:00,5.17,5.17,5.17,5.17,100,0
2015-01-29,21:00:00,5.19,5.25,5.19,5.19,609,0
2015-01-29,21:35:00,5.25,5.25,5.25,5.25,385,0
2015-01-29,21:50:00,5.25,5.25,5.25,5.25,200,0
2015-01-29,21:55:00,5.25,5.25,5.19,5.19,3100,0
2015-01-30,15:35:00,5.25,5.25,5.25,5.25,120,0
2015-01-30,15:40:00,5.21,5.21,5.21,5.21,200,0
2015-01-30,16:10:00,5.21,5.21,5.21,5.21,300,0
2015-01-30,16:45:00,5.23,5.23,5.23,5.23,355,0
2015-01-30,17:05:00,5.2,5.24,5.2,5.24,1735,0
2015-01-30,18:05:00,5.2,5.2,5.2,5.2,100,0
2015-01-30,18:10:00,5.25,5.25,5.25,5.25,100,0
2015-01-30,18:25:00,5.25,5.25,5.25,5.25,100,0
2015-01-30,19:25:00,5.2,5.2,5.2,5.2,100,0
2015-01-30,20:15:00,5.25,5.25,5.25,5.25,3000,0
2015-01-30,20:35:00,5.25,5.25,5.25,5.25,1000,0
2015-01-30,21:45:00,5.1,5.33,5.1,5.33,12145,0
2015-01-30,22:00:00,5.39,5.39,5.39,5.39,200,0
2015-02-02,15:45:00,5.35,5.36,5.35,5.35,1186,0
2015-02-02,16:05:00,5.41,5.41,5.41,5.41,100,0
2015-02-02,16:15:00,5.39,5.39,5.36,5.36,200,0
2015-02-02,16:50:00,5.4,5.4,5.4,5.4,300,0
2015-02-02,17:40:00,5.4,5.4,5.4,5.4,100,0
2015-02-02,17:45:00,5.4,5.45,5.4,5.45,4100,0
2015-02-02,17:55:00,5.4,5.4,5.4,5.4,200,0
2015-02-02,18:00:00,5.45,5.45,5.45,5.45,300,0
2015-02-02,18:05:00,5.41,5.45,5.4,5.45,600,0
2015-02-02,18:10:00,5.4,5.4,5.4,5.4,100,0
2015-02-02,18:15:00,5.4,5.4,5.4,5.4,500,0
2015-02-02,18:25:00,5.4,5.4,5.4,5.4,1500,0
2015-02-02,19:15:00,5.39,5.39,5.39,5.39,100,0
2015-02-02,19:20:00,5.38,5.38,5.38,5.38,100,0
2015-02-02,19:35:00,5.4,5.4,5.21,5.21,1400,0
2015-02-02,19:40:00,5.4,5.4,5.4,5.4,5300,0
2015-02-02,19:55:00,5.43,5.43,5.43,5.43,825,0
2015-02-02,21:25:00,5.43,5.43,5.43,5.43,1000,0
2015-02-02,21:35:00,5.43,5.45,5.43,5.45,1876,0
2015-02-02,21:50:00,5.43,5.43,5.4,5.41,4400,0
2015-02-02,22:00:00,5.3,5.3,5.3,5.3,131,0
2015-02-03,15:35:00,5.0,5.25,4.89,5.25,5300,0
2015-02-03,15:40:00,5.1,5.28,5.1,5.28,5100,0
2015-02-03,15:45:00,5.29,5.44,5.29,5.44,1450,0
2015-02-03,16:00:00,5.36,5.42,5.28,5.42,3845,0
2015-02-03,16:05:00,5.35,5.45,5.35,5.45,5000,0
2015-02-03,16:15:00,5.3,5.4,5.28,5.35,4499,0
2015-02-03,16:20:00,5.41,5.41,5.41,5.41,200,0
2015-02-03,16:25:00,5.41,5.45,5.41,5.45,500,0
2015-02-03,16:30:00,5.42,5.42,5.4,5.4,1912,0
2015-02-03,17:55:00,5.36,5.36,5.36,5.36,100,0
2015-02-03,18:00:00,5.35,5.35,5.35,5.35,100,0
2015-02-03,18:05:00,5.37,5.37,5.37,5.37,100,0
2015-02-03,18:50:00,5.29,5.29,5.28,5.29,700,0
2015-02-03,18:55:00,5.28,5.28,5.28,5.28,200,0
2015-02-03,19:05:00,5.28,5.28,5.28,5.28,100,0
2015-02-03,19:10:00,5.28,5.28,5.28,5.28,100,0
2015-02-03,19:20:00,5.28,5.28,5.28,5.28,300,0
2015-02-03,20:15:00,5.25,5.25,5.21,5.21,2000,0
2015-02-03,20:35:00,5.25,5.25,5.25,5.25,200,0
2015-02-03,20:40:00,5.27,5.38,5.27,5.38,9600,0
2015-02-03,20:55:00,5.37,5.37,5.37,5.37,100,0
2015-02-03,21:10:00,5.36,5.36,5.36,5.36,100,0
2015-02-03,21:50:00,5.36,5.37,5.36,5.37,390,0
2015-02-03,22:00:00,5.29,5.29,5.29,5.29,100,0
2015-02-04,15:40:00,5.02,5.02,5.02,5.02,500,0
2015-02-04,15:45:00,5.38,5.38,5.38,5.38,300,0
2015-02-04,16:30:00,5.37,5.43,5.3,5.42,11550,0
2015-02-04,17:35:00,5.34,5.34,5.34,5.34,200,0
2015-02-04,18:15:00,5.32,5.37,5.32,5.37,500,0
2015-02-04,18:20:00,5.37,5.37,5.32,5.37,500,0
2015-02-04,18:25:00,5.37,5.37,5.37,5.37,300,0
2015-02-04,18:30:00,5.37,5.37,5.37,5.37,500,0
2015-02-04,18:35:00,5.37,5.37,5.37,5.37,400,0
2015-02-04,18:40:00,5.37,5.39,5.37,5.39,300,0
2015-02-04,18:45:00,5.4,5.4,5.35,5.35,1400,0
2015-02-04,19:10:00,5.4,5.44,5.38,5.44,3330,0
2015-02-04,19:15:00,5.43,5.43,5.4,5.4,1598,0
2015-02-04,19:35:00,5.45,5.45,5.45,5.45,3000,0
2015-02-04,19:40:00,5.4,5.45,5.4,5.45,590,0
2015-02-04,20:15:00,5.4,5.42,5.4,5.42,7000,0
2015-02-04,20:25:00,5.42,5.42,5.42,5.42,100,0
2015-02-04,20:30:00,5.42,5.42,5.42,5.42,600,0
2015-02-04,20:35:00,5.42,5.42,5.42,5.42,700,0
2015-02-04,20:40:00,5.42,5.45,5.42,5.45,600,0
2015-02-04,20:45:00,5.45,5.45,5.42,5.42,1200,0
2015-02-04,20:50:00,5.42,5.42,5.42,5.42,500,0
2015-02-04,20:55:00,5.42,5.42,5.42,5.42,800,0
2015-02-04,21:00:00,5.42,5.44,5.42,5.44,700,0
2015-02-04,21:05:00,5.44,5.44,5.44,5.44,600,0
2015-02-04,21:10:00,5.44,5.44,5.44,5.44,500,0
2015-02-04,21:15:00,5.44,5.45,5.44,5.45,600,0
2015-02-04,21:20:00,5.45,5.45,5.45,5.45,722,0
2015-02-04,21:25:00,5.44,5.45,5.44,5.45,1600,0
2015-02-04,21:30:00,5.45,5.45,5.45,5.45,800,0
2015-02-04,21:35:00,5.45,5.45,5.45,5.45,800,0
2015-02-04,21:40:00,5.45,5.45,5.45,5.45,800,0
2015-02-04,21:45:00,5.45,5.45,5.43,5.45,1100,0
2015-02-04,21:50:00,5.44,5.45,5.43,5.45,1602,0
2015-02-04,21:55:00,5.45,5.47,5.45,5.45,2750,0
2015-02-04,22:00:00,5.44,5.46,5.44,5.44,3165,0
2015-02-05,16:00:00,5.45,5.45,5.45,5.45,1300,0
2015-02-05,16:10:00,5.46,5.46,5.31,5.31,950,0
2015-02-05,17:10:00,5.47,5.47,5.47,5.47,100,0
2015-02-05,19:10:00,5.46,5.48,5.46,5.48,4480,0
2015-02-05,19:55:00,5.5,5.5,5.5,5.5,100,0
2015-02-05,20:00:00,5.5,5.54,5.5,5.5,5100,0
2015-02-05,20:30:00,5.54,5.54,5.54,5.54,100,0
2015-02-05,20:35:00,5.54,5.54,5.54,5.54,100,0
2015-02-05,20:40:00,5.52,5.52,5.52,5.52,200,0
2015-02-05,20:45:00,5.52,5.52,5.52,5.52,200,0
2015-02-05,20:55:00,5.52,5.52,5.52,5.52,200,0
2015-02-05,21:00:00,5.52,5.52,5.52,5.52,600,0
2015-02-05,21:05:00,5.54,5.54,5.54,5.54,1000,0
2015-02-05,21:40:00,5.53,5.53,5.53,5.53,100,0
2015-02-05,21:45:00,5.55,5.55,5.54,5.55,2600,0
2015-02-05,21:50:00,5.55,5.55,5.55,5.55,600,0
2015-02-05,22:00:00,5.55,5.55,5.49,5.49,700,0
2015-02-06,15:35:00,5.48,5.48,5.48,5.48,750,0
2015-02-06,16:10:00,5.52,5.52,5.5,5.52,900,0
2015-02-06,16:35:00,5.49,5.49,5.49,5.49,300,0
2015-02-06,16:45:00,5.48,5.48,5.48,5.48,300,0
2015-02-06,17:10:00,5.52,5.52,5.52,5.52,100,0
2015-02-06,17:25:00,5.45,5.45,5.45,5.45,100,0
2015-02-06,17:45:00,5.4,5.4,5.4,5.4,1200,0
2015-02-06,18:05:00,5.48,5.52,5.48,5.52,2272,0
2015-02-06,19:45:00,5.52,5.52,5.52,5.52,100,0
2015-02-06,20:35:00,5.52,5.52,5.52,5.52,300,0
2015-02-06,20:40:00,5.52,5.52,5.5,5.5,1510,0
2015-02-06,20:50:00,5.5,5.5,5.5,5.5,100,0
2015-02-06,21:35:00,5.47,5.47,5.47,5.47,250,0
2015-02-06,21:50:00,5.45,5.45,5.45,5.45,942,0
2015-02-09,15:45:00,5.16,5.16,5.16,5.16,194,0
2015-02-09,15:50:00,5.5,5.5,5.5,5.5,100,0
2015-02-09,15:55:00,5.38,5.53,5.38,5.53,1233,0
2015-02-09,16:05:00,5.55,5.55,5.55,5.55,100,0
2015-02-09,16:10:00,5.55,5.55,5.55,5.55,100,0
2015-02-09,16:30:00,5.54,5.54,5.54,5.54,100,0
2015-02-09,16:35:00,5.54,5.55,5.51,5.51,1400,0
2015-02-09,17:10:00,5.51,5.51,5.51,5.51,100,0
2015-02-09,17:35:00,5.5,5.5,5.5,5.5,454,0
2015-02-09,17:45:00,5.51,5.51,5.5,5.5,800,0
2015-02-09,17:55:00,5.5,5.5,5.45,5.45,900,0
2015-02-09,18:05:00,5.46,5.46,5.46,5.46,200,0
2015-02-09,18:10:00,5.5,5.5,5.5,5.5,150,0
2015-02-09,18:35:00,5.54,5.54,5.54,5.54,100,0
2015-02-09,19:30:00,5.54,5.54,5.54,5.54,500,0
2015-02-09,19:50:00,5.54,5.54,5.54,5.54,100,0
2015-02-09,21:10:00,5.54,5.55,5.53,5.53,4000,0
2015-02-09,21:30:00,5.55,5.55,5.55,5.55,1000,0
2015-02-09,21:35:00,5.55,5.55,5.53,5.53,1100,0
2015-02-09,21:50:00,5.55,5.55,5.55,5.55,145,0
2015-02-09,22:00:00,5.43,5.43,5.43,5.43,400,0
2015-02-10,15:35:00,5.5,5.5,5.46,5.5,12500,0
2015-02-10,15:50:00,5.5,5.5,5.5,5.5,900,0
2015-02-10,16:00:00,5.5,5.5,5.5,5.5,3990,0
2015-02-10,16:10:00,5.53,5.54,5.53,5.54,600,0
2015-02-10,16:15:00,5.56,5.56,5.56,5.56,100,0
2015-02-10,16:35:00,5.53,5.53,5.53,5.53,1100,0
2015-02-10,16:45:00,5.5,5.5,5.5,5.5,1000,0
2015-02-10,17:00:00,5.53,5.53,5.53,5.53,100,0
2015-02-10,17:15:00,5.53,5.53,5.53,5.53,2700,0
2015-02-10,17:20:00,5.52,5.52,5.52,5.52,2000,0
2015-02-10,17:35:00,5.53,5.53,5.53,5.53,600,0
2015-02-10,17:45:00,5.53,5.53,5.53,5.53,800,0
2015-02-10,18:30:00,5.51,5.51,5.51,5.51,1350,0
2015-02-10,18:35:00,5.51,5.51,5.51,5.51,650,0
2015-02-10,19:20:00,5.52,5.56,5.52,5.56,290,0
2015-02-10,19:25:00,5.52,5.52,5.52,5.52,845,0
2015-02-10,19:40:00,5.56,5.56,5.56,5.56,200,0
2015-02-10,20:35:00,5.56,5.56,5.53,5.56,4100,0
2015-02-10,20:40:00,5.56,5.56,5.56,5.56,200,0
2015-02-10,20:45:00,5.56,5.56,5.56,5.56,100,0
2015-02-10,20:55:00,5.56,5.56,5.56,5.56,100,0
2015-02-10,21:10:00,5.56,5.56,5.56,5.56,100,0
2015-02-10,21:15:00,5.56,5.56,5.56,5.56,100,0
2015-02-10,21:25:00,5.54,5.54,5.52,5.52,200,0
2015-02-10,21:35:00,5.55,5.55,5.55,5.55,100,0
2015-02-10,21:45:00,5.54,5.55,5.54,5.54,400,0
2015-02-10,21:50:00,5.54,5.55,5.54,5.55,700,0
2015-02-10,21:55:00,5.55,5.55,5.54,5.54,200,0
2015-02-10,22:00:00,5.54,5.55,5.54,5.55,500,0
2015-02-11,15:35:00,5.6,5.6,5.6,5.6,420,0
2015-02-11,15:40:00,5.59,5.59,5.58,5.58,300,0
2015-02-11,15:55:00,5.59,5.59,5.59,5.59,1000,0
2015-02-11,16:00:00,5.6,5.6,5.6,5.6,1100,0
2015-02-11,16:05:00,5.6,5.6,5.59,5.59,1470,0
2015-02-11,16:10:00,5.6,5.6,5.6,5.6,150,0
2015-02-11,16:30:00,5.65,5.65,5.65,5.65,100,0
2015-02-11,16:35:00,5.63,5.63,5.63,5.63,100,0
2015-02-11,16:50:00,5.63,5.63,5.63,5.63,750,0
2015-02-11,16:55:00,5.63,5.63,5.63,5.63,1000,0
2015-02-11,17:20:00,5.61,5.61,5.61,5.61,100,0
2015-02-11,18:00:00,5.63,5.63,5.63,5.63,200,0
2015-02-11,18:05:00,5.63,5.64,5.63,5.63,3628,0
2015-02-11,18:10:00,5.65,5.65,5.65,5.65,4850,0
2015-02-11,18:35:00,5.64,5.65,5.64,5.65,300,0
2015-02-11,18:45:00,5.65,5.65,5.65,5.65,100,0
2015-02-11,19:05:00,5.64,5.64,5.64,5.64,200,0
2015-02-11,19:10:00,5.63,5.63,5.63,5.63,250,0
2015-02-11,19:35:00,5.65,5.65,5.65,5.65,200,0
2015-02-11,20:05:00,5.65,5.65,5.65,5.65,500,0
2015-02-11,20:20:00,5.65,5.65,5.65,5.65,775,0
2015-02-11,20:25:00,5.75,5.75,5.75,5.75,100,0
2015-02-11,20:30:00,5.7,5.75,5.7,5.75,750,0
2015-02-11,20:50:00,5.75,5.75,5.75,5.75,300,0
2015-02-11,21:15:00,5.7,5.7,5.7,5.7,995,0
2015-02-11,21:35:00,5.7,5.75,5.69,5.75,9100,0
2015-02-11,21:40:00,5.74,5.75,5.74,5.75,300,0
2015-02-11,21:50:00,5.75,5.75,5.75,5.75,239,0
2015-02-11,21:55:00,5.7,5.7,5.7,5.7,1000,0
2015-02-11,22:00:00,5.75,5.75,5.75,5.75,4577,0
2015-02-12,15:35:00,5.7,5.7,5.51,5.51,1200,0
2015-02-12,15:40:00,5.48,5.48,5.48,5.48,100,0
2015-02-12,15:50:00,5.66,5.7,5.66,5.7,2350,0
2015-02-12,16:20:00,5.72,5.72,5.71,5.71,200,0
2015-02-12,16:25:00,5.73,5.78,5.73,5.78,3450,0
2015-02-12,16:35:00,5.76,5.76,5.76,5.76,100,0
2015-02-12,16:40:00,5.77,5.78,5.77,5.78,1100,0
2015-02-12,16:50:00,5.78,5.78,5.78,5.78,100,0
2015-02-12,17:35:00,5.78,5.78,5.76,5.76,2352,0
2015-02-12,17:40:00,5.78,5.78,5.78,5.78,2100,0
2015-02-12,17:45:00,5.78,5.78,5.78,5.78,100,0
2015-02-12,18:30:00,5.78,5.78,5.78,5.78,300,0
2015-02-12,18:35:00,5.78,5.78,5.78,5.78,100,0
2015-02-12,18:40:00,5.76,5.76,5.76,5.76,100,0
2015-02-12,18:45:00,5.76,5.76,5.76,5.76,100,0
2015-02-12,18:55:00,5.73,5.73,5.73,5.73,150,0
2015-02-12,19:10:00,5.78,5.78,5.78,5.78,1000,0
2015-02-12,19:20:00,5.77,5.77,5.77,5.77,100,0
2015-02-12,19:45:00,5.78,5.78,5.78,5.78,2000,0
2015-02-12,19:50:00,5.78,5.78,5.78,5.78,100,0
2015-02-12,20:00:00,5.77,5.77,5.77,5.77,200,0
2015-02-12,20:05:00,5.78,5.78,5.78,5.78,100,0
2015-02-12,20:10:00,5.78,5.78,5.78,5.78,100,0
2015-02-12,21:15:00,5.77,5.77,5.77,5.77,200,0
2015-02-12,21:20:00,5.76,5.77,5.76,5.77,200,0
2015-02-12,21:35:00,5.78,5.78,5.78,5.78,100,0
2015-02-12,21:40:00,5.78,5.78,5.78,5.78,400,0
2015-02-12,21:45:00,5.78,5.78,5.78,5.78,100,0
2015-02-12,21:55:00,5.78,5.78,5.78,5.78,400,0
2015-02-12,22:00:00,5.78,5.78,5.76,5.76,1300,0
2015-02-13,16:25:00,5.79,5.79,5.79,5.79,100,0
2015-02-13,16:35:00,5.8,5.8,5.8,5.8,200,0
2015-02-13,16:40:00,5.8,5.8,5.8,5.8,200,0
2015-02-13,16:50:00,5.8,5.8,5.8,5.8,1600,0
2015-02-13,16:55:00,5.85,5.85,5.85,5.85,1100,0
2015-02-13,17:05:00,5.84,5.84,5.84,5.84,100,0
2015-02-13,17:20:00,5.85,5.85,5.85,5.85,336,0
2015-02-13,17:35:00,5.83,5.83,5.83,5.83,200,0
2015-02-13,18:20:00,5.82,5.82,5.82,5.82,1200,0
2015-02-13,18:35:00,5.82,5.82,5.82,5.82,100,0
2015-02-13,19:30:00,5.82,5.82,5.82,5.82,100,0
2015-02-13,20:05:00,5.82,5.82,5.82,5.82,1550,0
2015-02-13,20:25:00,5.78,5.84,5.78,5.84,986,0
2015-02-13,21:35:00,5.76,5.76,5.76,5.76,200,0
2015-02-13,21:40:00,5.76,5.76,5.76,5.76,200,0
2015-02-13,21:50:00,5.81,5.81,5.81,5.81,100,0
2015-02-13,21:55:00,5.82,5.82,5.82,5.82,200,0
2015-02-13,22:00:00,5.82,5.82,5.82,5.82,1200,0
2015-02-17,15:35:00,5.83,5.83,5.83,5.83,100,0
2015-02-17,15:40:00,5.83,5.84,5.79,5.79,2064,0
2015-02-17,15:45:00,5.84,5.84,5.8,5.8,1900,0
2015-02-17,16:05:00,5.8,5.8,5.78,5.78,1700,0
2015-02-17,16:15:00,5.76,5.76,5.76,5.76,1600,0
2015-02-17,17:05:00,5.78,5.78,5.78,5.78,100,0
2015-02-17,17:45:00,5.83,5.85,5.81,5.81,4400,0
2015-02-17,17:50:00,5.85,5.85,5.85,5.85,100,0
2015-02-17,18:05:00,5.89,5.89,5.89,5.89,100,0
2015-02-17,18:10:00,5.86,5.89,5.86,5.89,2900,0
2015-02-17,18:30:00,5.89,6,5.89,6,9130,0
2015-02-17,18:35:00,6.01,6.01,6.01,6.01,2000,0
2015-02-17,18:40:00,6.05,6.05,6.05,6.05,3000,0
2015-02-17,18:50:00,6.06,6.06,6.06,6.06,500,0
2015-02-17,18:55:00,6.07,6.15,6.07,6.08,1800,0
2015-02-17,19:00:00,6.15,6.15,6.14,6.14,1600,0
2015-02-17,19:30:00,6.15,6.15,6.15,6.15,100,0
2015-02-17,19:35:00,6.15,6.15,6.15,6.15,200,0
2015-02-17,20:05:00,6.11,6.11,6.11,6.11,2200,0
2015-02-17,20:15:00,6.1,6.1,6.1,6.1,2000,0
2015-02-17,20:20:00,6.1,6.1,6.1,6.1,100,0
2015-02-17,20:30:00,6.15,6.15,6.15,6.15,100,0
2015-02-17,20:35:00,6.1,6.1,6.1,6.1,100,0
2015-02-17,20:45:00,6.11,6.11,6.1,6.11,600,0
2015-02-17,20:50:00,6.11,6.11,6.11,6.11,200,0
2015-02-17,20:55:00,6.1,6.1,6.1,6.1,100,0
2015-02-17,21:30:00,6.11,6.11,6.09,6.09,1000,0
2015-02-17,21:35:00,6.1,6.11,6.09,6.09,560,0
2015-02-17,21:40:00,6.1,6.1,6.1,6.1,300,0
2015-02-17,21:45:00,6.11,6.11,6.11,6.11,300,0
2015-02-17,21:50:00,6.1,6.11,6.1,6.11,400,0
2015-02-17,22:00:00,6.11,6.11,6.11,6.11,700,0
2015-02-18,15:40:00,6.14,6.15,6.01,6.01,1700,0
2015-02-18,15:45:00,6.15,6.15,6.15,6.15,4350,0
2015-02-18,15:55:00,6.2,6.2,6.2,6.2,100,0
2015-02-18,16:15:00,6.04,6.04,6.04,6.04,200,0
2015-02-18,16:20:00,6.17,6.17,6.14,6.14,500,0
2015-02-18,16:55:00,6.13,6.13,6.13,6.13,100,0
2015-02-18,18:15:00,6.18,6.18,6.18,6.18,500,0
2015-02-18,18:35:00,6.15,6.15,6.15,6.15,200,0
2015-02-18,19:10:00,6.12,6.12,6.12,6.12,150,0
2015-02-18,19:15:00,6.05,6.05,6.05,6.05,190,0
2015-02-18,19:20:00,6.04,6.16,5.98,6.03,4000,0
2015-02-18,19:30:00,5.98,6.01,5.9,6.01,3400,0
2015-02-18,19:35:00,6.06,6.06,6.06,6.06,100,0
2015-02-18,19:40:00,6.07,6.07,6.06,6.06,1700,0
2015-02-18,19:45:00,6.13,6.13,6.13,6.13,2000,0
2015-02-18,19:55:00,6.05,6.05,6.05,6.05,1100,0
2015-02-18,20:15:00,6.09,6.09,6.09,6.09,200,0
2015-02-18,20:30:00,6.08,6.09,6.08,6.09,2200,0
2015-02-18,21:00:00,6.1,6.1,6.1,6.1,300,0
2015-02-18,21:55:00,6.07,6.07,6.05,6.05,400,0
2015-02-19,16:15:00,6.09,6.14,6.09,6.14,695,0
2015-02-19,16:20:00,6.12,6.16,6.03,6.03,4700,0
2015-02-19,17:55:00,6.11,6.11,6.11,6.11,500,0
2015-02-19,19:20:00,6.1,6.1,6.09,6.1,3300,0
2015-02-19,19:50:00,6.11,6.11,6.11,6.11,200,0
2015-02-19,19:55:00,6.11,6.11,6.11,6.11,400,0
2015-02-19,20:05:00,6.14,6.14,6.14,6.14,200,0
2015-02-19,20:20:00,6.16,6.16,6.16,6.16,300,0
2015-02-19,21:05:00,6.11,6.11,6.11,6.11,900,0
2015-02-19,21:10:00,6.15,6.15,6.15,6.15,200,0
2015-02-19,21:50:00,6.15,6.15,6.15,6.15,250,0
2015-02-20,16:45:00,6.15,6.15,6.15,6.15,100,0
2015-02-20,16:55:00,6.16,6.26,6.16,6.23,6565,0
2015-02-20,17:30:00,6.24,6.27,6.24,6.24,3270,0
2015-02-20,17:50:00,6.23,6.23,6.23,6.23,500,0
2015-02-20,18:05:00,6.27,6.27,6.27,6.27,200,0
2015-02-20,18:55:00,6.2,6.2,6.2,6.2,200,0
2015-02-20,19:15:00,6.2,6.22,6.2,6.22,3300,0
2015-02-20,19:30:00,6.19,6.22,6.19,6.22,450,0
2015-02-20,20:05:00,6.22,6.22,6.22,6.22,100,0
2015-02-20,20:25:00,6.16,6.22,6.07,6.07,4370,0
2015-02-20,20:40:00,6.18,6.18,6.18,6.18,1000,0
2015-02-20,21:40:00,6.1,6.1,6.1,6.1,400,0
2015-02-20,21:45:00,6.11,6.11,6.11,6.11,250,0
2015-02-20,22:00:00,6.18,6.18,6.18,6.18,1000,0
2015-02-23,15:55:00,6.2,6.2,6.2,6.2,200,0
2015-02-23,16:35:00,6.09,6.19,6.09,6.19,1351,0
2015-02-23,17:50:00,6.1,6.1,6.1,6.1,430,0
2015-02-23,18:25:00,6.1,6.1,6.1,6.1,200,0
2015-02-23,18:55:00,6.09,6.09,6.09,6.09,100,0
2015-02-23,19:00:00,6.09,6.09,6.08,6.08,400,0
2015-02-23,19:40:00,6.1,6.1,6.1,6.1,200,0
2015-02-23,20:15:00,6.1,6.1,6.1,6.1,200,0
2015-02-23,20:20:00,6.1,6.1,6.1,6.1,200,0
2015-02-23,20:35:00,6.1,6.1,6.1,6.1,100,0
2015-02-23,21:00:00,6.09,6.09,6.09,6.09,100,0
2015-02-23,21:40:00,6.1,6.1,6.1,6.1,100,0
2015-02-23,21:50:00,6.1,6.1,6.1,6.1,1000,0
2015-02-23,22:00:00,6.19,6.24,6.18,6.24,2917,0
