Date,Time,Open,High,Low,Close,Volume,OpenInt
2015-01-22,19:25:00,50.69,50.69,50.69,50.69,1301,0
2015-01-22,19:35:00,50.691,50.691,50.691,50.691,908,0
2015-01-22,19:45:00,50.691,50.691,50.691,50.691,850,0
2015-01-22,19:50:00,50.691,50.691,50.691,50.691,3085,0
2015-01-22,19:55:00,50.701,50.701,50.691,50.691,500,0
2015-01-22,20:00:00,50.691,50.701,50.691,50.701,1794,0
2015-01-22,20:05:00,50.691,50.691,50.691,50.691,200,0
2015-01-22,20:10:00,50.691,50.691,50.691,50.691,100,0
2015-01-22,20:20:00,50.691,50.691,50.691,50.691,2000,0
2015-01-22,20:30:00,50.691,50.691,50.681,50.691,53793,0
2015-01-22,20:40:00,50.681,50.681,50.681,50.681,1000,0
2015-01-22,20:45:00,50.691,50.691,50.691,50.691,400,0
2015-01-22,20:50:00,50.681,50.691,50.681,50.691,900,0
2015-01-22,20:55:00,50.681,50.681,50.681,50.681,300,0
2015-01-22,21:00:00,50.681,50.691,50.681,50.681,103505,0
2015-01-22,21:05:00,50.681,50.691,50.671,50.671,1798,0
2015-01-22,21:10:00,50.681,50.691,50.681,50.691,3069,0
2015-01-22,21:20:00,50.691,50.691,50.691,50.691,600,0
2015-01-22,21:25:00,50.691,50.691,50.681,50.691,3039,0
2015-01-22,21:30:00,50.691,50.691,50.681,50.681,1628,0
2015-01-22,21:40:00,50.681,50.681,50.681,50.681,870,0
2015-01-22,21:45:00,50.681,50.681,50.681,50.681,1784,0
2015-01-22,21:50:00,50.691,50.691,50.691,50.691,100,0
2015-01-22,21:55:00,50.691,50.691,50.681,50.691,12884,0
2015-01-22,22:00:00,50.681,50.691,50.681,50.681,3211,0
2015-01-23,15:50:00,50.691,50.691,50.691,50.691,800,0
2015-01-23,16:05:00,50.701,50.701,50.701,50.701,672,0
2015-01-23,16:25:00,50.701,50.701,50.701,50.701,300,0
2015-01-23,16:30:00,50.711,50.711,50.701,50.701,1052,0
2015-01-23,16:35:00,50.701,50.701,50.701,50.701,3500,0
2015-01-23,16:40:00,50.711,50.711,50.711,50.711,1500,0
2015-01-23,16:55:00,50.701,50.701,50.701,50.701,940,0
2015-01-23,17:00:00,50.701,50.701,50.701,50.701,200,0
2015-01-23,17:15:00,50.711,50.711,50.711,50.711,550,0
2015-01-23,17:20:00,50.711,50.711,50.711,50.711,2295,0
2015-01-23,17:25:00,50.711,50.711,50.701,50.701,600,0
2015-01-23,17:35:00,50.701,50.701,50.701,50.701,456,0
2015-01-23,17:40:00,50.701,50.711,50.701,50.711,4947,0
2015-01-23,17:50:00,50.701,50.701,50.701,50.701,260,0
2015-01-23,17:55:00,50.701,50.701,50.701,50.701,800,0
2015-01-23,18:05:00,50.711,50.711,50.711,50.711,1500,0
2015-01-23,18:15:00,50.701,50.701,50.701,50.701,2148,0
2015-01-23,18:20:00,50.701,50.711,50.701,50.701,1184,0
2015-01-23,18:30:00,50.701,50.711,50.701,50.711,1901,0
2015-01-23,18:35:00,50.711,50.711,50.701,50.701,800,0
2015-01-23,18:40:00,50.701,50.711,50.701,50.701,400,0
2015-01-23,18:45:00,50.701,50.711,50.701,50.701,1638,0
2015-01-23,18:55:00,50.711,50.711,50.711,50.711,624,0
2015-01-23,19:00:00,50.711,50.711,50.701,50.701,204,0
2015-01-23,19:05:00,50.701,50.711,50.701,50.711,1520,0
2015-01-23,19:10:00,50.701,50.711,50.701,50.711,680,0
2015-01-23,19:25:00,50.701,50.701,50.701,50.701,500,0
2015-01-23,19:30:00,50.701,50.701,50.701,50.701,248,0
2015-01-23,19:40:00,50.701,50.701,50.701,50.701,300,0
2015-01-23,19:45:00,50.701,50.701,50.701,50.701,100,0
2015-01-23,19:55:00,50.711,50.711,50.701,50.701,1501,0
2015-01-23,20:05:00,50.711,50.711,50.701,50.711,1546,0
2015-01-23,20:15:00,50.701,50.701,50.701,50.701,600,0
2015-01-23,20:20:00,50.711,50.711,50.701,50.711,1495,0
2015-01-23,20:25:00,50.711,50.711,50.701,50.711,1173,0
2015-01-23,20:35:00,50.701,50.711,50.701,50.711,955,0
2015-01-23,20:40:00,50.711,50.711,50.701,50.711,1434,0
2015-01-23,20:55:00,50.701,50.711,50.701,50.711,1492,0
2015-01-23,21:00:00,50.711,50.711,50.701,50.711,1712,0
2015-01-23,21:05:00,50.711,50.721,50.711,50.711,50389,0
2015-01-23,21:10:00,50.711,50.711,50.711,50.711,500,0
2015-01-23,21:15:00,50.721,50.721,50.711,50.721,6959,0
2015-01-23,21:25:00,50.711,50.711,50.711,50.711,4048,0
2015-01-23,21:35:00,50.711,50.711,50.711,50.711,500,0
2015-01-23,21:40:00,50.711,50.721,50.711,50.721,2144,0
2015-01-23,21:45:00,50.711,50.711,50.711,50.711,1350,0
2015-01-23,21:50:00,50.711,50.711,50.711,50.711,2049,0
2015-01-23,21:55:00,50.711,50.721,50.711,50.721,1122,0
2015-01-23,22:00:00,50.711,50.721,50.711,50.721,3955,0
2015-01-26,15:35:00,50.721,50.721,50.701,50.711,6581,0
2015-01-26,15:40:00,50.711,50.711,50.711,50.711,944,0
2015-01-26,15:45:00,50.701,50.701,50.701,50.701,200,0
2015-01-26,15:55:00,50.711,50.711,50.711,50.711,788,0
2015-01-26,16:00:00,50.711,50.711,50.711,50.711,390,0
2015-01-26,16:05:00,50.711,50.711,50.711,50.711,1289,0
2015-01-26,16:15:00,50.691,50.701,50.691,50.701,922,0
2015-01-26,16:20:00,50.701,50.701,50.701,50.701,400,0
2015-01-26,16:25:00,50.691,50.691,50.691,50.691,400,0
2015-01-26,16:30:00,50.681,50.681,50.681,50.681,780,0
2015-01-26,16:40:00,50.701,50.701,50.701,50.701,196,0
2015-01-26,16:50:00,50.701,50.701,50.701,50.701,1000,0
2015-01-26,17:00:00,50.691,50.691,50.691,50.691,2190,0
2015-01-26,17:05:00,50.691,50.691,50.691,50.691,255,0
2015-01-26,17:10:00,50.701,50.701,50.701,50.701,4000,0
2015-01-26,17:30:00,50.691,50.691,50.691,50.691,336,0
2015-01-26,17:40:00,50.711,50.711,50.701,50.701,370,0
2015-01-26,18:00:00,50.701,50.701,50.691,50.701,2575,0
2015-01-26,18:20:00,50.701,50.701,50.701,50.701,672,0
2015-01-26,18:25:00,50.701,50.701,50.701,50.701,464,0
2015-01-26,18:30:00,50.701,50.701,50.701,50.701,4096,0
2015-01-26,18:40:00,50.701,50.701,50.701,50.701,1970,0
2015-01-26,19:00:00,50.701,50.701,50.701,50.701,200,0
2015-01-26,19:10:00,50.701,50.701,50.701,50.701,969,0
2015-01-26,19:30:00,50.701,50.701,50.701,50.701,477,0
2015-01-26,19:35:00,50.701,50.701,50.701,50.701,4799,0
2015-01-26,19:40:00,50.711,50.711,50.711,50.711,590,0
2015-01-26,19:45:00,50.701,50.711,50.701,50.711,620,0
2015-01-26,19:55:00,50.701,50.701,50.691,50.701,1128,0
2015-01-26,20:00:00,50.701,50.701,50.691,50.691,224,0
2015-01-26,20:05:00,50.701,50.711,50.691,50.711,815,0
2015-01-26,20:10:00,50.701,50.701,50.701,50.701,734,0
2015-01-26,20:15:00,50.711,50.711,50.701,50.701,556,0
2015-01-26,20:20:00,50.711,50.711,50.701,50.701,1323,0
2015-01-26,20:25:00,50.691,50.691,50.691,50.691,1542,0
2015-01-26,20:35:00,50.691,50.701,50.691,50.701,3354,0
2015-01-26,20:45:00,50.691,50.691,50.691,50.691,200,0
2015-01-26,20:50:00,50.701,50.701,50.701,50.701,1257,0
2015-01-26,20:55:00,50.691,50.691,50.691,50.691,906,0
2015-01-26,21:00:00,50.701,50.701,50.691,50.701,18091,0
2015-01-26,21:05:00,50.691,50.701,50.691,50.701,1476,0
2015-01-26,21:10:00,50.691,50.691,50.691,50.691,1080,0
2015-01-26,21:20:00,50.691,50.691,50.691,50.691,453,0
2015-01-26,21:25:00,50.691,50.701,50.691,50.701,3273,0
2015-01-26,21:35:00,50.701,50.701,50.701,50.701,391,0
2015-01-26,21:40:00,50.701,50.711,50.701,50.701,3517,0
2015-01-26,21:45:00,50.701,50.711,50.691,50.691,1314,0
2015-01-26,21:50:00,50.691,50.701,50.691,50.701,2468,0
2015-01-26,21:55:00,50.701,50.701,50.691,50.701,2634,0
2015-01-26,22:00:00,50.701,50.701,50.691,50.691,662,0
2015-01-27,15:35:00,50.741,50.741,50.731,50.741,815,0
2015-01-27,15:40:00,50.741,50.741,50.731,50.741,1401,0
2015-01-27,15:45:00,50.741,50.741,50.741,50.741,1479,0
2015-01-27,15:50:00,50.731,50.741,50.731,50.741,1900,0
2015-01-27,15:55:00,50.741,50.741,50.741,50.741,405,0
2015-01-27,16:00:00,50.741,50.741,50.741,50.741,500,0
2015-01-27,16:05:00,50.741,50.741,50.731,50.731,700,0
2015-01-27,16:10:00,50.731,50.731,50.731,50.731,300,0
2015-01-27,16:15:00,50.721,50.741,50.721,50.741,400,0
2015-01-27,16:20:00,50.741,50.741,50.721,50.731,2808,0
2015-01-27,16:25:00,50.731,50.731,50.731,50.731,300,0
2015-01-27,16:30:00,50.731,50.731,50.731,50.731,700,0
2015-01-27,16:35:00,50.731,50.741,50.731,50.741,500,0
2015-01-27,16:40:00,50.741,50.741,50.731,50.731,500,0
2015-01-27,16:45:00,50.731,50.741,50.731,50.741,900,0
2015-01-27,16:50:00,50.741,50.741,50.741,50.741,300,0
2015-01-27,16:55:00,50.741,50.741,50.741,50.741,400,0
2015-01-27,17:00:00,50.741,50.741,50.741,50.741,400,0
2015-01-27,17:05:00,50.731,50.741,50.731,50.741,800,0
2015-01-27,17:10:00,50.741,50.741,50.741,50.741,400,0
2015-01-27,17:15:00,50.741,50.741,50.731,50.741,2412,0
2015-01-27,17:20:00,50.741,50.741,50.741,50.741,600,0
2015-01-27,17:25:00,50.741,50.741,50.741,50.741,400,0
2015-01-27,17:30:00,50.741,50.741,50.741,50.741,1296,0
2015-01-27,17:35:00,50.741,50.741,50.741,50.741,500,0
2015-01-27,17:40:00,50.741,50.741,50.731,50.731,1272,0
2015-01-27,17:45:00,50.741,50.741,50.741,50.741,700,0
2015-01-27,17:50:00,50.731,50.731,50.731,50.731,500,0
2015-01-27,17:55:00,50.731,50.731,50.731,50.731,400,0
2015-01-27,18:00:00,50.721,50.721,50.711,50.721,3142,0
2015-01-27,18:05:00,50.721,50.721,50.721,50.721,300,0
2015-01-27,18:10:00,50.721,50.721,50.721,50.721,700,0
2015-01-27,18:15:00,50.721,50.721,50.721,50.721,607,0
2015-01-27,18:20:00,50.721,50.721,50.711,50.721,6190,0
2015-01-27,18:25:00,50.721,50.721,50.721,50.721,400,0
2015-01-27,18:30:00,50.721,50.721,50.721,50.721,1150,0
2015-01-27,18:35:00,50.721,50.721,50.711,50.721,1290,0
2015-01-27,18:40:00,50.721,50.721,50.711,50.721,885,0
2015-01-27,18:45:00,50.721,50.721,50.721,50.721,500,0
2015-01-27,18:50:00,50.721,50.721,50.721,50.721,400,0
2015-01-27,18:55:00,50.721,50.721,50.721,50.721,600,0
2015-01-27,19:00:00,50.721,50.721,50.721,50.721,1301,0
2015-01-27,19:05:00,50.721,50.721,50.711,50.711,500,0
2015-01-27,19:10:00,50.721,50.721,50.711,50.721,418,0
2015-01-27,19:15:00,50.721,50.721,50.711,50.721,139312,0
2015-01-27,19:20:00,50.721,50.721,50.711,50.721,1828,0
2015-01-27,19:25:00,50.711,50.721,50.711,50.711,500,0
2015-01-27,19:30:00,50.711,50.721,50.711,50.711,500,0
2015-01-27,19:35:00,50.711,50.721,50.711,50.721,600,0
2015-01-27,19:40:00,50.721,50.721,50.711,50.711,400,0
2015-01-27,19:45:00,50.721,50.721,50.711,50.721,2668,0
2015-01-27,19:50:00,50.721,50.721,50.711,50.711,850,0
2015-01-27,19:55:00,50.711,50.721,50.711,50.721,1501,0
2015-01-27,20:00:00,50.721,50.721,50.721,50.721,400,0
2015-01-27,20:05:00,50.721,50.721,50.711,50.711,500,0
2015-01-27,20:10:00,50.711,50.721,50.711,50.721,3072,0
2015-01-27,20:15:00,50.721,50.721,50.711,50.721,792,0
2015-01-27,20:20:00,50.721,50.721,50.721,50.721,400,0
2015-01-27,20:25:00,50.721,50.721,50.721,50.721,300,0
2015-01-27,20:30:00,50.721,50.721,50.721,50.721,400,0
2015-01-27,20:35:00,50.721,50.721,50.711,50.711,1250,0
2015-01-27,20:40:00,50.711,50.721,50.711,50.711,1931,0
2015-01-27,20:45:00,50.711,50.721,50.711,50.711,736,0
2015-01-27,20:50:00,50.711,50.711,50.711,50.711,1614,0
2015-01-27,20:55:00,50.711,50.711,50.711,50.711,300,0
2015-01-27,21:00:00,50.711,50.721,50.711,50.711,4574,0
2015-01-27,21:05:00,50.711,50.711,50.701,50.711,600,0
2015-01-27,21:10:00,50.711,50.711,50.711,50.711,300,0
2015-01-27,21:15:00,50.711,50.711,50.711,50.711,400,0
2015-01-27,21:20:00,50.711,50.711,50.711,50.711,300,0
2015-01-27,21:25:00,50.711,50.711,50.701,50.711,994,0
2015-01-27,21:30:00,50.711,50.721,50.711,50.721,1126,0
2015-01-27,21:35:00,50.721,50.721,50.711,50.711,558,0
2015-01-27,21:40:00,50.721,50.721,50.711,50.721,618,0
2015-01-27,21:45:00,50.721,50.721,50.711,50.721,3387,0
2015-01-27,21:50:00,50.721,50.721,50.721,50.721,500,0
2015-01-27,21:55:00,50.721,50.721,50.711,50.711,700,0
2015-01-27,22:00:00,50.711,50.721,50.711,50.711,2515,0
2015-01-28,15:40:00,50.721,50.721,50.721,50.721,400,0
2015-01-28,15:45:00,50.711,50.711,50.711,50.711,175,0
2015-01-28,15:50:00,50.721,50.721,50.721,50.721,2750,0
2015-01-28,16:05:00,50.701,50.701,50.701,50.701,600,0
2015-01-28,16:10:00,50.711,50.711,50.701,50.701,486,0
2015-01-28,16:15:00,50.701,50.711,50.701,50.711,1003,0
2015-01-28,16:20:00,50.701,50.701,50.701,50.701,1000,0
2015-01-28,16:40:00,50.711,50.711,50.711,50.711,396,0
2015-01-28,16:45:00,50.701,50.711,50.701,50.711,634,0
2015-01-28,17:05:00,50.711,50.711,50.701,50.711,3110,0
2015-01-28,17:10:00,50.721,50.721,50.721,50.721,220,0
2015-01-28,17:15:00,50.721,50.721,50.711,50.711,257,0
2015-01-28,17:20:00,50.721,50.721,50.721,50.721,997,0
2015-01-28,17:25:00,50.701,50.701,50.701,50.701,158,0
2015-01-28,17:45:00,50.701,50.701,50.701,50.701,1974,0
2015-01-28,17:50:00,50.701,50.701,50.701,50.701,414,0
2015-01-28,18:05:00,50.711,50.711,50.701,50.701,1305,0
2015-01-28,18:10:00,50.711,50.711,50.701,50.711,6468,0
2015-01-28,18:15:00,50.701,50.711,50.701,50.711,850,0
2015-01-28,18:35:00,50.711,50.721,50.711,50.721,1407,0
2015-01-28,18:50:00,50.721,50.721,50.721,50.721,2088,0
2015-01-28,19:10:00,50.721,50.721,50.721,50.721,440,0
2015-01-28,19:15:00,50.721,50.721,50.721,50.721,692,0
2015-01-28,19:40:00,50.721,50.721,50.721,50.721,400,0
2015-01-28,20:05:00,50.711,50.721,50.701,50.721,1298,0
2015-01-28,20:10:00,50.721,50.731,50.721,50.731,2343,0
2015-01-28,20:15:00,50.731,50.741,50.721,50.731,72880,0
2015-01-28,20:20:00,50.731,50.731,50.731,50.731,9720,0
2015-01-28,20:30:00,50.731,50.731,50.731,50.731,6362,0
2015-01-28,20:35:00,50.731,50.731,50.731,50.731,3903,0
2015-01-28,20:40:00,50.731,50.731,50.731,50.731,4536,0
2015-01-28,20:50:00,50.731,50.751,50.731,50.751,6876,0
2015-01-28,21:00:00,50.741,50.751,50.741,50.741,4300,0
2015-01-28,21:05:00,50.751,50.751,50.741,50.751,3553,0
2015-01-28,21:10:00,50.741,50.751,50.741,50.751,306,0
2015-01-28,21:15:00,50.751,50.751,50.751,50.751,1381,0
2015-01-28,21:20:00,50.751,50.751,50.751,50.751,1089,0
2015-01-28,21:25:00,50.761,50.761,50.761,50.761,572,0
2015-01-28,21:30:00,50.761,50.761,50.751,50.751,30671,0
2015-01-28,21:35:00,50.751,50.751,50.751,50.751,165,0
2015-01-28,21:40:00,50.761,50.761,50.761,50.761,696,0
2015-01-28,21:45:00,50.751,50.751,50.751,50.751,127,0
2015-01-28,21:50:00,50.761,50.761,50.751,50.761,1229,0
2015-01-28,21:55:00,50.761,50.761,50.761,50.761,1182,0
2015-01-28,22:00:00,50.761,50.761,50.751,50.751,1154,0
2015-01-29,15:40:00,50.721,50.721,50.721,50.721,1000,0
2015-01-29,15:45:00,50.741,50.741,50.741,50.741,600,0
2015-01-29,16:00:00,50.741,50.741,50.741,50.741,100,0
2015-01-29,16:05:00,50.731,50.731,50.721,50.731,3400,0
2015-01-29,16:45:00,50.741,50.741,50.741,50.741,2701,0
2015-01-29,16:50:00,50.731,50.741,50.731,50.741,1653,0
2015-01-29,17:00:00,50.741,50.741,50.741,50.741,2412,0
2015-01-29,17:35:00,50.731,50.731,50.731,50.731,104,0
2015-01-29,17:40:00,50.731,50.731,50.731,50.731,4154,0
2015-01-29,17:45:00,50.731,50.731,50.721,50.721,36113,0
2015-01-29,17:55:00,50.721,50.721,50.721,50.721,400,0
2015-01-29,18:00:00,50.731,50.731,50.731,50.731,394,0
2015-01-29,18:05:00,50.721,50.721,50.721,50.721,300,0
2015-01-29,18:15:00,50.731,50.731,50.721,50.721,2951,0
2015-01-29,18:45:00,50.721,50.721,50.721,50.721,400,0
2015-01-29,19:20:00,50.721,50.721,50.721,50.721,212,0
2015-01-29,19:25:00,50.721,50.731,50.721,50.731,5913,0
2015-01-29,19:35:00,50.731,50.731,50.731,50.731,2716,0
2015-01-29,19:50:00,50.731,50.731,50.731,50.731,275,0
2015-01-29,20:00:00,50.721,50.721,50.711,50.711,555,0
2015-01-29,20:05:00,50.721,50.721,50.721,50.721,356,0
2015-01-29,20:10:00,50.721,50.721,50.721,50.721,893,0
2015-01-29,20:15:00,50.731,50.731,50.721,50.731,1904,0
2015-01-29,20:25:00,50.731,50.731,50.731,50.731,5744,0
2015-01-29,20:35:00,50.731,50.731,50.721,50.721,11384,0
2015-01-29,20:50:00,50.721,50.721,50.721,50.721,2387,0
2015-01-29,20:55:00,50.721,50.731,50.721,50.721,1328,0
2015-01-29,21:00:00,50.731,50.731,50.731,50.731,100,0
2015-01-29,21:05:00,50.741,50.741,50.741,50.741,348,0
2015-01-29,21:10:00,50.741,50.741,50.741,50.741,48498,0
2015-01-29,21:20:00,50.721,50.731,50.721,50.731,878,0
2015-01-29,21:25:00,50.731,50.731,50.721,50.731,2551,0
2015-01-29,21:35:00,50.731,50.731,50.731,50.731,145,0
2015-01-29,21:40:00,50.731,50.731,50.731,50.731,2801,0
2015-01-29,21:55:00,50.721,50.731,50.721,50.731,437,0
2015-01-29,22:00:00,50.731,50.741,50.731,50.731,947,0
2015-01-30,15:35:00,50.77,50.77,50.751,50.751,6063,0
2015-01-30,15:40:00,50.761,50.761,50.761,50.761,300,0
2015-01-30,15:55:00,50.77,50.77,50.77,50.77,276,0
2015-01-30,16:00:00,50.761,50.761,50.761,50.761,2690,0
2015-01-30,16:35:00,50.77,50.77,50.761,50.761,1878,0
2015-01-30,16:55:00,50.77,50.78,50.77,50.77,3619,0
2015-01-30,17:00:00,50.78,50.78,50.77,50.77,1000,0
2015-01-30,17:05:00,50.77,50.77,50.77,50.77,2117,0
2015-01-30,17:10:00,50.751,50.77,50.751,50.77,49268,0
2015-01-30,17:15:00,50.77,50.77,50.77,50.77,2154,0
2015-01-30,17:20:00,50.761,50.761,50.761,50.761,100,0
2015-01-30,17:25:00,50.78,50.78,50.77,50.77,500,0
2015-01-30,17:35:00,50.77,50.77,50.77,50.77,1859,0
2015-01-30,17:50:00,50.78,50.78,50.77,50.77,1497,0
2015-01-30,18:00:00,50.77,50.77,50.77,50.77,19617,0
2015-01-30,18:05:00,50.78,50.78,50.761,50.78,1439,0
2015-01-30,18:10:00,50.761,50.761,50.761,50.761,2204,0
2015-01-30,18:15:00,50.77,50.77,50.761,50.77,4069,0
2015-01-30,18:25:00,50.761,50.761,50.761,50.761,400,0
2015-01-30,18:35:00,50.77,50.77,50.761,50.761,4785,0
2015-01-30,18:55:00,50.77,50.77,50.77,50.77,260,0
2015-01-30,19:00:00,50.77,50.77,50.77,50.77,392,0
2015-01-30,19:20:00,50.761,50.77,50.761,50.77,672,0
2015-01-30,19:25:00,50.77,50.77,50.77,50.77,4604,0
2015-01-30,19:35:00,50.761,50.77,50.761,50.77,500,0
2015-01-30,19:40:00,50.77,50.77,50.77,50.77,580,0
2015-01-30,19:50:00,50.77,50.77,50.77,50.77,942,0
2015-01-30,20:00:00,50.77,50.77,50.761,50.761,8243,0
2015-01-30,20:05:00,50.77,50.77,50.77,50.77,300,0
2015-01-30,20:10:00,50.77,50.77,50.77,50.77,710,0
2015-01-30,20:15:00,50.77,50.77,50.77,50.77,650,0
2015-01-30,20:25:00,50.77,50.77,50.761,50.761,1603,0
2015-01-30,20:30:00,50.77,50.77,50.761,50.77,669,0
2015-01-30,20:40:00,50.77,50.77,50.77,50.77,154,0
2015-01-30,20:45:00,50.77,50.77,50.77,50.77,1281,0
2015-01-30,20:50:00,50.761,50.77,50.761,50.761,746,0
2015-01-30,21:05:00,50.77,50.77,50.77,50.77,2002,0
2015-01-30,21:10:00,50.77,50.77,50.77,50.77,825,0
2015-01-30,21:25:00,50.77,50.77,50.77,50.77,400,0
2015-01-30,21:30:00,50.761,50.77,50.761,50.761,5063,0
2015-01-30,21:35:00,50.77,50.77,50.77,50.77,2550,0
2015-01-30,21:40:00,50.77,50.77,50.77,50.77,1338,0
2015-01-30,21:45:00,50.77,50.77,50.77,50.77,300,0
2015-01-30,21:50:00,50.77,50.77,50.77,50.77,518,0
2015-01-30,21:55:00,50.77,50.77,50.761,50.761,3535,0
2015-01-30,22:00:00,50.77,50.78,50.77,50.78,2251,0
2015-02-02,15:35:00,50.78,50.78,50.78,50.78,30604,0
2015-02-02,15:40:00,50.78,50.78,50.78,50.78,2200,0
2015-02-02,15:45:00,50.77,50.78,50.77,50.77,2600,0
2015-02-02,15:50:00,50.77,50.78,50.77,50.77,1800,0
2015-02-02,15:55:00,50.76,50.76,50.76,50.76,24654,0
2015-02-02,16:00:00,50.76,50.78,50.76,50.77,5481,0
2015-02-02,16:10:00,50.78,50.78,50.78,50.78,6004,0
2015-02-02,16:15:00,50.79,50.79,50.79,50.79,813,0
2015-02-02,16:20:00,50.78,50.8,50.78,50.78,2615,0
2015-02-02,16:25:00,50.8,50.8,50.8,50.8,555,0
2015-02-02,16:30:00,50.77,50.78,50.77,50.78,1080,0
2015-02-02,16:40:00,50.77,50.78,50.77,50.78,2272,0
2015-02-02,17:05:00,50.78,50.78,50.78,50.78,1241,0
2015-02-02,17:10:00,50.77,50.77,50.77,50.77,331,0
2015-02-02,17:15:00,50.78,50.78,50.78,50.78,677,0
2015-02-02,17:20:00,50.78,50.78,50.78,50.78,459,0
2015-02-02,17:30:00,50.77,50.77,50.77,50.77,6000,0
2015-02-02,17:35:00,50.78,50.78,50.77,50.78,7026,0
2015-02-02,17:40:00,50.78,50.78,50.77,50.77,4376,0
2015-02-02,17:45:00,50.76,50.76,50.76,50.76,400,0
2015-02-02,17:50:00,50.76,50.77,50.76,50.77,14819,0
2015-02-02,18:00:00,50.77,50.77,50.76,50.76,936,0
2015-02-02,18:05:00,50.78,50.78,50.78,50.78,380,0
2015-02-02,18:10:00,50.77,50.77,50.77,50.77,756,0
2015-02-02,18:20:00,50.77,50.77,50.77,50.77,252,0
2015-02-02,18:25:00,50.78,50.78,50.78,50.78,100,0
2015-02-02,18:35:00,50.77,50.77,50.77,50.77,400,0
2015-02-02,18:40:00,50.77,50.78,50.77,50.78,1236,0
2015-02-02,18:50:00,50.77,50.78,50.77,50.78,760,0
2015-02-02,19:15:00,50.78,50.78,50.78,50.78,85070,0
2015-02-02,19:20:00,50.78,50.78,50.78,50.78,1238,0
2015-02-02,19:25:00,50.78,50.78,50.78,50.78,400,0
2015-02-02,19:30:00,50.78,50.79,50.78,50.79,1000,0
2015-02-02,19:40:00,50.78,50.78,50.78,50.78,825,0
2015-02-02,19:45:00,50.78,50.79,50.78,50.79,1120,0
2015-02-02,19:50:00,50.78,50.79,50.78,50.79,1111,0
2015-02-02,19:55:00,50.78,50.78,50.78,50.78,690,0
2015-02-02,20:00:00,50.79,50.79,50.79,50.79,1375,0
2015-02-02,20:05:00,50.79,50.79,50.79,50.79,8820,0
2015-02-02,20:10:00,50.78,50.79,50.78,50.79,3426,0
2015-02-02,20:15:00,50.79,50.79,50.79,50.79,169,0
2015-02-02,20:20:00,50.79,50.79,50.78,50.79,2876,0
2015-02-02,20:25:00,50.78,50.79,50.78,50.78,7439,0
2015-02-02,20:30:00,50.79,50.79,50.78,50.78,913,0
2015-02-02,20:35:00,50.79,50.79,50.78,50.79,4689,0
2015-02-02,20:45:00,50.79,50.79,50.78,50.79,6462,0
2015-02-02,20:50:00,50.78,50.78,50.78,50.78,1778,0
2015-02-02,20:55:00,50.79,50.79,50.79,50.79,7818,0
2015-02-02,21:00:00,50.78,50.79,50.78,50.79,1176,0
2015-02-02,21:05:00,50.78,50.79,50.78,50.78,1043,0
2015-02-02,21:15:00,50.79,50.79,50.78,50.78,1177,0
2015-02-02,21:20:00,50.79,50.79,50.78,50.78,766,0
2015-02-02,21:25:00,50.79,50.79,50.78,50.78,694,0
2015-02-02,21:30:00,50.78,50.78,50.78,50.78,600,0
2015-02-02,21:35:00,50.79,50.79,50.78,50.78,3478,0
2015-02-02,21:40:00,50.78,50.78,50.78,50.78,400,0
2015-02-02,21:45:00,50.78,50.79,50.78,50.78,1570,0
2015-02-02,21:50:00,50.78,50.79,50.78,50.78,948,0
2015-02-02,21:55:00,50.79,50.79,50.78,50.78,2681,0
2015-02-02,22:00:00,50.79,50.79,50.78,50.78,1900,0
2015-02-03,15:35:00,50.77,50.77,50.77,50.77,2692,0
2015-02-03,15:40:00,50.75,50.76,50.75,50.75,510,0
2015-02-03,15:50:00,50.75,50.75,50.75,50.75,725,0
2015-02-03,16:00:00,50.76,50.76,50.76,50.76,400,0
2015-02-03,16:25:00,50.75,50.76,50.75,50.76,575,0
2015-02-03,16:30:00,50.75,50.76,50.75,50.76,879,0
2015-02-03,16:50:00,50.75,50.75,50.75,50.75,200,0
2015-02-03,16:55:00,50.75,50.76,50.75,50.75,1481,0
2015-02-03,17:00:00,50.75,50.76,50.75,50.76,5908,0
2015-02-03,17:05:00,50.76,50.77,50.75,50.77,1600,0
2015-02-03,17:10:00,50.75,50.76,50.75,50.76,2029,0
2015-02-03,17:15:00,50.74,50.74,50.74,50.74,633,0
2015-02-03,17:20:00,50.75,50.75,50.75,50.75,400,0
2015-02-03,17:30:00,50.75,50.75,50.75,50.75,1328,0
2015-02-03,17:35:00,50.75,50.75,50.74,50.74,4236,0
2015-02-03,17:45:00,50.75,50.75,50.75,50.75,195,0
2015-02-03,17:50:00,50.74,50.74,50.74,50.74,1304,0
2015-02-03,17:55:00,50.75,50.75,50.74,50.75,1000,0
2015-02-03,18:30:00,50.74,50.74,50.74,50.74,135,0
2015-02-03,18:35:00,50.75,50.75,50.75,50.75,3000,0
2015-02-03,18:55:00,50.74,50.75,50.74,50.75,3772,0
2015-02-03,19:00:00,50.75,50.75,50.75,50.75,400,0
2015-02-03,19:05:00,50.75,50.75,50.75,50.75,400,0
2015-02-03,19:20:00,50.75,50.75,50.75,50.75,500,0
2015-02-03,19:25:00,50.75,50.75,50.74,50.74,6975,0
2015-02-03,19:30:00,50.74,50.75,50.74,50.75,400,0
2015-02-03,19:45:00,50.75,50.75,50.75,50.75,395,0
2015-02-03,19:50:00,50.75,50.75,50.75,50.75,3371,0
2015-02-03,19:55:00,50.74,50.74,50.74,50.74,1038,0
2015-02-03,20:00:00,50.74,50.74,50.74,50.74,938,0
2015-02-03,20:05:00,50.74,50.74,50.74,50.74,700,0
2015-02-03,20:10:00,50.74,50.75,50.74,50.75,9624,0
2015-02-03,20:15:00,50.74,50.74,50.74,50.74,226,0
2015-02-03,20:20:00,50.75,50.75,50.74,50.74,1998,0
2015-02-03,20:25:00,50.74,50.75,50.74,50.75,771,0
2015-02-03,20:30:00,50.75,50.75,50.74,50.75,13570,0
2015-02-03,20:35:00,50.75,50.75,50.75,50.75,1190,0
2015-02-03,20:40:00,50.74,50.75,50.74,50.75,608,0
2015-02-03,20:45:00,50.74,50.75,50.74,50.75,1578,0
2015-02-03,20:50:00,50.75,50.75,50.75,50.75,1336,0
2015-02-03,20:55:00,50.75,50.75,50.74,50.75,670,0
2015-02-03,21:00:00,50.75,50.75,50.74,50.75,1056,0
2015-02-03,21:05:00,50.75,50.75,50.74,50.75,1800,0
2015-02-03,21:10:00,50.74,50.75,50.74,50.74,2172,0
2015-02-03,21:15:00,50.75,50.75,50.74,50.74,600,0
2015-02-03,21:30:00,50.74,50.75,50.74,50.74,2997,0
2015-02-03,21:35:00,50.74,50.75,50.74,50.74,1905,0
2015-02-03,21:40:00,50.75,50.75,50.74,50.75,15019,0
2015-02-03,21:45:00,50.74,50.75,50.74,50.74,2148,0
2015-02-03,21:55:00,50.74,50.75,50.74,50.75,600,0
2015-02-03,22:00:00,50.75,50.75,50.74,50.74,1119,0
2015-02-04,15:35:00,50.7,50.72,50.7,50.72,300,0
2015-02-04,15:40:00,50.72,50.72,50.72,50.72,388,0
2015-02-04,15:50:00,50.72,50.72,50.72,50.72,675,0
2015-02-04,16:00:00,50.72,50.72,50.72,50.72,417,0
2015-02-04,16:05:00,50.72,50.72,50.72,50.72,100,0
2015-02-04,16:15:00,50.71,50.72,50.7,50.7,2750,0
2015-02-04,16:20:00,50.72,50.72,50.7,50.7,8390,0
2015-02-04,16:25:00,50.72,50.72,50.72,50.72,200,0
2015-02-04,16:30:00,50.72,50.72,50.71,50.71,2500,0
2015-02-04,16:35:00,50.72,50.72,50.72,50.72,200,0
2015-02-04,16:45:00,50.72,50.72,50.72,50.72,491,0
2015-02-04,17:10:00,50.72,50.72,50.72,50.72,500,0
2015-02-04,17:20:00,50.71,50.71,50.71,50.71,160,0
2015-02-04,17:25:00,50.71,50.72,50.7,50.7,3742,0
2015-02-04,17:30:00,50.72,50.72,50.72,50.72,878,0
2015-02-04,17:45:00,50.71,50.72,50.71,50.72,1200,0
2015-02-04,17:50:00,50.72,50.72,50.72,50.72,1400,0
2015-02-04,17:55:00,50.71,50.72,50.71,50.72,2301,0
2015-02-04,18:05:00,50.72,50.72,50.71,50.71,3912,0
2015-02-04,18:35:00,50.71,50.72,50.71,50.72,275,0
2015-02-04,18:40:00,50.71,50.72,50.71,50.72,830,0
2015-02-04,18:45:00,50.72,50.72,50.72,50.72,2956,0
2015-02-04,18:55:00,50.72,50.72,50.72,50.72,8472,0
2015-02-04,19:00:00,50.72,50.72,50.72,50.72,600,0
2015-02-04,19:05:00,50.72,50.72,50.72,50.72,400,0
2015-02-04,19:10:00,50.72,50.72,50.72,50.72,4300,0
2015-02-04,19:20:00,50.72,50.72,50.72,50.72,400,0
2015-02-04,19:30:00,50.71,50.72,50.71,50.72,480,0
2015-02-04,19:35:00,50.71,50.72,50.71,50.72,500,0
2015-02-04,19:40:00,50.72,50.73,50.72,50.72,1331,0
2015-02-04,19:45:00,50.73,50.73,50.73,50.73,500,0
2015-02-04,20:00:00,50.73,50.73,50.72,50.73,2314,0
2015-02-04,20:05:00,50.73,50.74,50.73,50.74,647,0
2015-02-04,20:15:00,50.74,50.74,50.73,50.73,804,0
2015-02-04,20:20:00,50.73,50.74,50.73,50.74,784,0
2015-02-04,20:35:00,50.73,50.74,50.73,50.74,2147,0
2015-02-04,20:40:00,50.74,50.75,50.74,50.75,600,0
2015-02-04,20:45:00,50.75,50.75,50.74,50.74,4052,0
2015-02-04,20:50:00,50.74,50.74,50.74,50.74,2196,0
2015-02-04,20:55:00,50.73,50.74,50.73,50.74,979,0
2015-02-04,21:00:00,50.73,50.74,50.73,50.74,4888,0
2015-02-04,21:05:00,50.74,50.74,50.74,50.74,6000,0
2015-02-04,21:15:00,50.74,50.74,50.73,50.73,591,0
2015-02-04,21:20:00,50.74,50.74,50.73,50.74,918,0
2015-02-04,21:25:00,50.74,50.74,50.73,50.73,5539,0
2015-02-04,21:35:00,50.73,50.74,50.73,50.74,8537,0
2015-02-04,21:40:00,50.73,50.73,50.73,50.73,328,0
2015-02-04,21:45:00,50.73,50.74,50.73,50.74,1240,0
2015-02-04,21:50:00,50.76,50.76,50.76,50.76,2400,0
2015-02-04,21:55:00,50.75,50.75,50.75,50.75,4585,0
2015-02-04,22:00:00,50.75,50.75,50.75,50.75,600,0
2015-02-05,15:40:00,50.74,50.74,50.73,50.74,2735,0
2015-02-05,15:50:00,50.73,50.73,50.73,50.73,700,0
2015-02-05,16:00:00,50.73,50.73,50.72,50.72,2370,0
2015-02-05,16:05:00,50.72,50.72,50.72,50.72,574,0
2015-02-05,16:20:00,50.73,50.73,50.73,50.73,21700,0
2015-02-05,16:25:00,50.72,50.73,50.72,50.73,988,0
2015-02-05,16:30:00,50.73,50.73,50.73,50.73,13000,0
2015-02-05,16:50:00,50.72,50.72,50.72,50.72,469,0
2015-02-05,16:55:00,50.72,50.72,50.72,50.72,1000,0
2015-02-05,17:10:00,50.72,50.72,50.72,50.72,6354,0
2015-02-05,17:30:00,50.72,50.72,50.72,50.72,1000,0
2015-02-05,17:35:00,50.73,50.73,50.73,50.73,552,0
2015-02-05,17:45:00,50.73,50.73,50.73,50.73,2400,0
2015-02-05,18:00:00,50.72,50.72,50.72,50.72,203,0
2015-02-05,18:05:00,50.73,50.73,50.73,50.73,5450,0
2015-02-05,18:20:00,50.73,50.73,50.73,50.73,4960,0
2015-02-05,18:25:00,50.72,50.72,50.72,50.72,750,0
2015-02-05,18:35:00,50.73,50.74,50.73,50.74,2660,0
2015-02-05,18:45:00,50.74,50.74,50.74,50.74,2200,0
2015-02-05,18:50:00,50.74,50.74,50.74,50.74,203,0
2015-02-05,19:10:00,50.74,50.74,50.74,50.74,1733,0
2015-02-05,19:15:00,50.74,50.74,50.74,50.74,3600,0
2015-02-05,19:30:00,50.73,50.73,50.73,50.73,5200,0
2015-02-05,19:50:00,50.74,50.74,50.74,50.74,3504,0
2015-02-05,19:55:00,50.74,50.74,50.74,50.74,172,0
2015-02-05,20:00:00,50.74,50.74,50.73,50.73,656,0
2015-02-05,20:05:00,50.73,50.73,50.73,50.73,264,0
2015-02-05,20:10:00,50.74,50.74,50.73,50.73,389,0
2015-02-05,20:15:00,50.74,50.74,50.73,50.73,582,0
2015-02-05,20:20:00,50.73,50.73,50.73,50.73,532,0
2015-02-05,20:25:00,50.74,50.74,50.74,50.74,1266,0
2015-02-05,20:30:00,50.73,50.74,50.73,50.74,2424,0
2015-02-05,20:40:00,50.73,50.73,50.73,50.73,3990,0
2015-02-05,20:45:00,50.73,50.73,50.73,50.73,1300,0
2015-02-05,20:50:00,50.74,50.74,50.74,50.74,3800,0
2015-02-05,20:55:00,50.73,50.73,50.73,50.73,161,0
2015-02-05,21:00:00,50.73,50.73,50.73,50.73,428,0
2015-02-05,21:05:00,50.72,50.72,50.72,50.72,2400,0
2015-02-05,21:15:00,50.72,50.72,50.72,50.72,1652,0
2015-02-05,21:20:00,50.73,50.73,50.73,50.73,719,0
2015-02-05,21:25:00,50.72,50.73,50.72,50.72,22135,0
2015-02-05,21:35:00,50.73,50.73,50.73,50.73,805,0
2015-02-05,21:40:00,50.72,50.72,50.72,50.72,1298,0
2015-02-05,21:45:00,50.72,50.72,50.72,50.72,1745,0
2015-02-05,21:50:00,50.73,50.73,50.73,50.73,584,0
2015-02-05,21:55:00,50.72,50.72,50.72,50.72,1050,0
2015-02-05,22:00:00,50.73,50.73,50.73,50.73,200,0
2015-02-06,15:35:00,50.65,50.65,50.65,50.65,3000,0
2015-02-06,15:40:00,50.64,50.65,50.64,50.65,500,0
2015-02-06,15:45:00,50.65,50.66,50.65,50.66,10400,0
2015-02-06,15:50:00,50.65,50.65,50.65,50.65,626,0
2015-02-06,15:55:00,50.64,50.64,50.64,50.64,200,0
2015-02-06,16:00:00,50.64,50.64,50.64,50.64,2244,0
2015-02-06,16:05:00,50.64,50.64,50.64,50.64,925,0
2015-02-06,16:20:00,50.63,50.63,50.62,50.62,2376,0
2015-02-06,16:25:00,50.62,50.62,50.62,50.62,468,0
2015-02-06,16:30:00,50.63,50.63,50.63,50.63,1600,0
2015-02-06,16:40:00,50.63,50.63,50.63,50.63,728,0
2015-02-06,16:45:00,50.63,50.63,50.62,50.62,1000,0
2015-02-06,16:50:00,50.62,50.63,50.62,50.62,1273,0
2015-02-06,16:55:00,50.62,50.62,50.62,50.62,300,0
2015-02-06,17:00:00,50.62,50.62,50.62,50.62,980,0
2015-02-06,17:05:00,50.62,50.62,50.62,50.62,1494,0
2015-02-06,17:10:00,50.62,50.62,50.62,50.62,1500,0
2015-02-06,17:20:00,50.62,50.62,50.61,50.62,920,0
2015-02-06,17:30:00,50.63,50.63,50.62,50.62,1332,0
2015-02-06,17:40:00,50.62,50.63,50.62,50.63,5000,0
2015-02-06,17:45:00,50.62,50.62,50.62,50.62,468,0
2015-02-06,17:50:00,50.63,50.63,50.63,50.63,3360,0
2015-02-06,18:00:00,50.63,50.63,50.62,50.62,2499,0
2015-02-06,18:10:00,50.62,50.62,50.62,50.62,1762,0
2015-02-06,18:20:00,50.62,50.62,50.62,50.62,1728,0
2015-02-06,18:40:00,50.62,50.62,50.62,50.62,1885,0
2015-02-06,18:45:00,50.62,50.62,50.62,50.62,190,0
2015-02-06,18:50:00,50.62,50.62,50.61,50.61,2350,0
2015-02-06,18:55:00,50.62,50.62,50.62,50.62,900,0
2015-02-06,19:00:00,50.61,50.61,50.61,50.61,2600,0
2015-02-06,19:25:00,50.61,50.61,50.61,50.61,770,0
2015-02-06,19:30:00,50.62,50.62,50.62,50.62,3350,0
2015-02-06,19:35:00,50.62,50.62,50.62,50.62,1120,0
2015-02-06,19:40:00,50.61,50.62,50.61,50.62,1726,0
2015-02-06,19:45:00,50.61,50.61,50.61,50.61,400,0
2015-02-06,19:55:00,50.62,50.62,50.62,50.62,130,0
2015-02-06,20:00:00,50.61,50.61,50.61,50.61,208,0
2015-02-06,20:05:00,50.62,50.62,50.62,50.62,362,0
2015-02-06,20:10:00,50.61,50.61,50.61,50.61,5974,0
2015-02-06,20:15:00,50.61,50.61,50.6,50.6,1003,0
2015-02-06,20:20:00,50.61,50.61,50.61,50.61,8080,0
2015-02-06,20:30:00,50.6,50.61,50.6,50.61,10681,0
2015-02-06,20:35:00,50.6,50.6,50.6,50.6,424,0
2015-02-06,20:40:00,50.6,50.6,50.6,50.6,4000,0
2015-02-06,20:45:00,50.6,50.6,50.6,50.6,3000,0
2015-02-06,20:50:00,50.6,50.61,50.6,50.6,746,0
2015-02-06,20:55:00,50.6,50.61,50.6,50.61,570,0
2015-02-06,21:00:00,50.61,50.61,50.61,50.61,1000,0
2015-02-06,21:05:00,50.6,50.6,50.6,50.6,500,0
2015-02-06,21:10:00,50.6,50.61,50.6,50.61,11900,0
2015-02-06,21:30:00,50.6,50.6,50.6,50.6,636,0
2015-02-06,21:35:00,50.6,50.6,50.6,50.6,738,0
2015-02-06,21:40:00,50.6,50.6,50.6,50.6,610,0
2015-02-06,21:45:00,50.61,50.61,50.61,50.61,1704,0
2015-02-06,21:55:00,50.6,50.6,50.6,50.6,961,0
2015-02-06,22:00:00,50.61,50.61,50.61,50.61,300,0
2015-02-09,15:35:00,50.61,50.61,50.6,50.6,5207,0
2015-02-09,15:40:00,50.61,50.61,50.61,50.61,400,0
2015-02-09,15:45:00,50.61,50.62,50.6,50.62,7246,0
2015-02-09,16:00:00,50.61,50.62,50.61,50.61,1054,0
2015-02-09,16:05:00,50.61,50.62,50.61,50.61,4071,0
2015-02-09,16:15:00,50.62,50.62,50.62,50.62,1377,0
2015-02-09,16:20:00,50.61,50.61,50.6,50.61,6500,0
2015-02-09,16:30:00,50.61,50.61,50.61,50.61,100,0
2015-02-09,16:35:00,50.61,50.61,50.6,50.6,1630,0
2015-02-09,16:40:00,50.61,50.61,50.6,50.6,2660,0
2015-02-09,16:45:00,50.6,50.6,50.6,50.6,1600,0
2015-02-09,16:55:00,50.6,50.61,50.6,50.6,1656,0
2015-02-09,17:00:00,50.61,50.61,50.61,50.61,397,0
2015-02-09,17:10:00,50.6,50.6,50.6,50.6,1572,0
2015-02-09,17:20:00,50.6,50.6,50.6,50.6,200,0
2015-02-09,17:25:00,50.61,50.61,50.61,50.61,5371,0
2015-02-09,17:30:00,50.61,50.61,50.61,50.61,625,0
2015-02-09,17:35:00,50.61,50.61,50.61,50.61,8066,0
2015-02-09,17:55:00,50.6,50.61,50.6,50.6,3055,0
2015-02-09,18:05:00,50.61,50.61,50.61,50.61,1500,0
2015-02-09,18:15:00,50.6,50.61,50.6,50.6,11000,0
2015-02-09,18:30:00,50.6,50.6,50.6,50.6,1745,0
2015-02-09,18:35:00,50.6,50.6,50.6,50.6,549,0
2015-02-09,18:50:00,50.61,50.61,50.61,50.61,1488,0
2015-02-09,19:00:00,50.6,50.6,50.6,50.6,300,0
2015-02-09,19:05:00,50.6,50.6,50.6,50.6,1930,0
2015-02-09,19:25:00,50.61,50.61,50.61,50.61,3950,0
2015-02-09,19:35:00,50.6,50.6,50.6,50.6,398,0
2015-02-09,19:50:00,50.6,50.6,50.6,50.6,1580,0
2015-02-09,20:00:00,50.61,50.61,50.6,50.6,3680,0
2015-02-09,20:05:00,50.6,50.6,50.6,50.6,452,0
2015-02-09,20:15:00,50.6,50.61,50.6,50.61,1029,0
2015-02-09,20:20:00,50.61,50.61,50.61,50.61,905,0
2015-02-09,20:25:00,50.61,50.61,50.61,50.61,432,0
2015-02-09,20:35:00,50.61,50.61,50.61,50.61,6180,0
2015-02-09,20:45:00,50.61,50.61,50.61,50.61,1314,0
2015-02-09,20:50:00,50.61,50.61,50.61,50.61,1234,0
2015-02-09,20:55:00,50.62,50.62,50.6,50.6,116952,0
2015-02-09,21:00:00,50.6,50.61,50.59,50.61,12769,0
2015-02-09,21:10:00,50.6,50.6,50.6,50.6,400,0
2015-02-09,21:15:00,50.61,50.61,50.6,50.61,3476,0
2015-02-09,21:20:00,50.6,50.61,50.6,50.6,1170,0
2015-02-09,21:25:00,50.6,50.61,50.6,50.61,1395,0
2015-02-09,21:30:00,50.61,50.61,50.61,50.61,600,0
2015-02-09,21:40:00,50.61,50.61,50.61,50.61,855,0
2015-02-09,21:45:00,50.61,50.61,50.6,50.6,2116,0
2015-02-09,21:50:00,50.61,50.61,50.61,50.61,395,0
2015-02-09,21:55:00,50.61,50.61,50.61,50.61,440,0
2015-02-09,22:00:00,50.6,50.61,50.6,50.61,14075,0
2015-02-10,15:35:00,50.59,50.59,50.59,50.59,300,0
2015-02-10,15:50:00,50.58,50.58,50.58,50.58,3393,0
2015-02-10,15:55:00,50.6,50.6,50.6,50.6,4209,0
2015-02-10,16:05:00,50.6,50.6,50.6,50.6,474,0
2015-02-10,16:10:00,50.6,50.6,50.59,50.59,1738,0
2015-02-10,16:40:00,50.59,50.59,50.59,50.59,1000,0
2015-02-10,16:50:00,50.6,50.6,50.6,50.6,888,0
2015-02-10,17:00:00,50.6,50.6,50.6,50.6,1928,0
2015-02-10,17:05:00,50.59,50.59,50.59,50.59,650,0
2015-02-10,17:10:00,50.59,50.6,50.59,50.6,3928,0
2015-02-10,17:35:00,50.6,50.6,50.6,50.6,2639,0
2015-02-10,17:40:00,50.59,50.59,50.59,50.59,3950,0
2015-02-10,17:55:00,50.59,50.6,50.59,50.59,3776,0
2015-02-10,18:30:00,50.6,50.6,50.6,50.6,1400,0
2015-02-10,18:35:00,50.6,50.6,50.6,50.6,300,0
2015-02-10,18:45:00,50.59,50.6,50.59,50.6,1107,0
2015-02-10,19:00:00,50.6,50.6,50.6,50.6,400,0
2015-02-10,19:15:00,50.6,50.6,50.6,50.6,973,0
2015-02-10,19:20:00,50.6,50.6,50.6,50.6,400,0
2015-02-10,19:30:00,50.6,50.6,50.6,50.6,300,0
2015-02-10,19:35:00,50.6,50.6,50.6,50.6,1945,0
2015-02-10,19:40:00,50.6,50.6,50.6,50.6,850,0
2015-02-10,19:55:00,50.59,50.6,50.59,50.59,4007,0
2015-02-10,20:10:00,50.6,50.6,50.6,50.6,1156,0
2015-02-10,20:20:00,50.6,50.6,50.6,50.6,5007,0
2015-02-10,20:25:00,50.6,50.6,50.6,50.6,1050,0
2015-02-10,20:30:00,50.61,50.61,50.6,50.6,18349,0
2015-02-10,20:35:00,50.61,50.61,50.6,50.6,1612,0
2015-02-10,20:45:00,50.6,50.61,50.6,50.61,2881,0
2015-02-10,20:50:00,50.6,50.6,50.6,50.6,248,0
2015-02-10,21:00:00,50.6,50.6,50.6,50.6,1170,0
2015-02-10,21:10:00,50.6,50.6,50.6,50.6,600,0
2015-02-10,21:15:00,50.59,50.6,50.59,50.59,812,0
2015-02-10,21:20:00,50.59,50.6,50.59,50.6,2756,0
2015-02-10,21:25:00,50.6,50.6,50.6,50.6,300,0
2015-02-10,21:30:00,50.6,50.6,50.6,50.6,446159,0
2015-02-10,21:45:00,50.6,50.6,50.59,50.59,6293,0
2015-02-10,21:50:00,50.59,50.59,50.59,50.59,310,0
2015-02-10,21:55:00,50.59,50.6,50.59,50.6,5929,0
2015-02-10,22:00:00,50.59,50.6,50.59,50.6,1708,0
2015-02-11,15:45:00,50.59,50.59,50.59,50.59,1975,0
2015-02-11,15:50:00,50.59,50.59,50.59,50.59,2000,0
2015-02-11,16:00:00,50.6,50.6,50.6,50.6,592,0
2015-02-11,16:05:00,50.6,50.6,50.6,50.6,600,0
2015-02-11,16:15:00,50.59,50.6,50.59,50.59,3792,0
2015-02-11,16:20:00,50.6,50.6,50.6,50.6,500,0
2015-02-11,16:25:00,50.6,50.6,50.6,50.6,140,0
2015-02-11,16:30:00,50.59,50.6,50.59,50.6,382,0
2015-02-11,16:35:00,50.59,50.59,50.59,50.59,5564,0
2015-02-11,16:40:00,50.6,50.6,50.6,50.6,4000,0
2015-02-11,16:50:00,50.6,50.6,50.6,50.6,400,0
2015-02-11,16:55:00,50.59,50.59,50.59,50.59,2476,0
2015-02-11,17:05:00,50.59,50.59,50.59,50.59,1120,0
2015-02-11,17:15:00,50.59,50.59,50.59,50.59,1834,0
2015-02-11,17:20:00,50.59,50.59,50.59,50.59,4000,0
2015-02-11,17:30:00,50.6,50.6,50.6,50.6,2000,0
2015-02-11,17:40:00,50.6,50.6,50.6,50.6,3000,0
2015-02-11,17:50:00,50.6,50.6,50.6,50.6,300,0
2015-02-11,17:55:00,50.6,50.6,50.6,50.6,316,0
2015-02-11,18:05:00,50.6,50.6,50.59,50.6,920,0
2015-02-11,18:35:00,50.59,50.59,50.59,50.59,415,0
2015-02-11,18:50:00,50.59,50.59,50.59,50.59,2400,0
2015-02-11,19:10:00,50.6,50.6,50.6,50.6,600,0
2015-02-11,19:15:00,50.6,50.61,50.6,50.61,862,0
2015-02-11,19:20:00,50.61,50.61,50.61,50.61,738,0
2015-02-11,19:30:00,50.61,50.61,50.61,50.61,200,0
2015-02-11,19:35:00,50.61,50.61,50.61,50.61,597,0
2015-02-11,19:40:00,50.6,50.6,50.6,50.6,1368,0
2015-02-11,19:55:00,50.6,50.6,50.6,50.6,800,0
2015-02-11,20:00:00,50.61,50.61,50.6,50.6,440,0
2015-02-11,20:10:00,50.6,50.6,50.59,50.59,881,0
2015-02-11,20:15:00,50.6,50.6,50.6,50.6,100,0
2015-02-11,20:20:00,50.61,50.61,50.61,50.61,100,0
2015-02-11,20:25:00,50.6,50.6,50.6,50.6,127,0
2015-02-11,20:30:00,50.6,50.6,50.6,50.6,1098,0
2015-02-11,20:35:00,50.6,50.6,50.6,50.6,2320,0
2015-02-11,20:45:00,50.61,50.61,50.6,50.61,2158,0
2015-02-11,20:50:00,50.61,50.61,50.61,50.61,1534,0
2015-02-11,21:00:00,50.6,50.6,50.6,50.6,740,0
2015-02-11,21:05:00,50.6,50.6,50.6,50.6,398,0
2015-02-11,21:15:00,50.6,50.6,50.6,50.6,848,0
2015-02-11,21:20:00,50.6,50.6,50.6,50.6,1992,0
2015-02-11,21:30:00,50.59,50.59,50.59,50.59,1405,0
2015-02-11,21:55:00,50.6,50.6,50.59,50.59,529,0
2015-02-11,22:00:00,50.6,50.6,50.59,50.59,2433,0
2015-02-12,15:35:00,50.6,50.6,50.6,50.6,1022,0
2015-02-12,15:45:00,50.6,50.6,50.6,50.6,2136,0
2015-02-12,15:55:00,50.62,50.62,50.62,50.62,192,0
2015-02-12,16:05:00,50.62,50.62,50.62,50.62,3600,0
2015-02-12,16:10:00,50.61,50.61,50.61,50.61,4950,0
2015-02-12,16:20:00,50.61,50.61,50.61,50.61,910,0
2015-02-12,16:50:00,50.62,50.62,50.62,50.62,2358,0
2015-02-12,17:05:00,50.62,50.62,50.62,50.62,146,0
2015-02-12,17:10:00,50.62,50.62,50.62,50.62,805,0
2015-02-12,17:15:00,50.61,50.62,50.61,50.62,915,0
2015-02-12,17:45:00,50.62,50.62,50.62,50.62,400,0
2015-02-12,17:55:00,50.62,50.62,50.62,50.62,1824,0
2015-02-12,18:15:00,50.63,50.63,50.63,50.63,275,0
2015-02-12,18:20:00,50.63,50.63,50.62,50.63,7054,0
2015-02-12,18:35:00,50.63,50.63,50.63,50.63,100,0
2015-02-12,18:55:00,50.63,50.64,50.62,50.62,6877,0
2015-02-12,19:05:00,50.63,50.63,50.63,50.63,1560,0
2015-02-12,19:30:00,50.61,50.61,50.61,50.61,2700,0
2015-02-12,19:35:00,50.61,50.62,50.61,50.62,1250,0
2015-02-12,19:40:00,50.63,50.63,50.62,50.62,2910,0
2015-02-12,19:55:00,50.61,50.61,50.61,50.61,2400,0
2015-02-12,20:00:00,50.61,50.62,50.61,50.62,2289,0
2015-02-12,20:05:00,50.62,50.62,50.62,50.62,337,0
2015-02-12,20:10:00,50.61,50.63,50.61,50.63,600,0
2015-02-12,20:15:00,50.61,50.61,50.61,50.61,400,0
2015-02-12,20:35:00,50.61,50.63,50.61,50.61,5398,0
2015-02-12,20:45:00,50.63,50.63,50.63,50.63,100,0
2015-02-12,20:50:00,50.62,50.62,50.62,50.62,420,0
2015-02-12,20:55:00,50.62,50.63,50.61,50.63,2836,0
2015-02-12,21:00:00,50.63,50.63,50.62,50.62,3721,0
2015-02-12,21:20:00,50.63,50.63,50.63,50.63,1600,0
2015-02-12,21:25:00,50.62,50.62,50.61,50.61,2613,0
2015-02-12,21:30:00,50.63,50.63,50.63,50.63,1470,0
2015-02-12,21:35:00,50.62,50.63,50.62,50.63,1776,0
2015-02-12,21:40:00,50.63,50.63,50.62,50.62,2737,0
2015-02-12,21:45:00,50.62,50.63,50.62,50.62,6166,0
2015-02-12,21:50:00,50.63,50.63,50.63,50.63,25468,0
2015-02-12,22:00:00,50.63,50.63,50.63,50.63,1968,0
2015-02-13,15:35:00,50.61,50.62,50.61,50.62,8134,0
2015-02-13,16:05:00,50.62,50.62,50.61,50.62,5905,0
2015-02-13,16:15:00,50.62,50.62,50.62,50.62,300,0
2015-02-13,16:30:00,50.62,50.62,50.62,50.62,177,0
2015-02-13,16:40:00,50.62,50.62,50.62,50.62,550,0
2015-02-13,16:45:00,50.62,50.62,50.62,50.62,400,0
2015-02-13,17:10:00,50.63,50.63,50.63,50.63,576,0
2015-02-13,17:20:00,50.63,50.63,50.63,50.63,1860,0
2015-02-13,17:30:00,50.63,50.63,50.63,50.63,2781,0
2015-02-13,17:35:00,50.62,50.62,50.62,50.62,1600,0
2015-02-13,17:40:00,50.63,50.63,50.63,50.63,546,0
2015-02-13,17:45:00,50.63,50.63,50.63,50.63,2084,0
2015-02-13,18:10:00,50.62,50.62,50.62,50.62,2080,0
2015-02-13,18:15:00,50.62,50.62,50.62,50.62,5123,0
2015-02-13,18:20:00,50.62,50.62,50.62,50.62,595,0
2015-02-13,18:25:00,50.62,50.62,50.62,50.62,251,0
2015-02-13,18:40:00,50.62,50.62,50.62,50.62,1127,0
2015-02-13,18:45:00,50.63,50.63,50.63,50.63,1329,0
2015-02-13,18:55:00,50.63,50.63,50.63,50.63,9650,0
2015-02-13,19:25:00,50.63,50.63,50.63,50.63,3159,0
2015-02-13,19:40:00,50.63,50.63,50.63,50.63,2144,0
2015-02-13,19:55:00,50.62,50.63,50.62,50.62,5011,0
2015-02-13,20:00:00,50.62,50.62,50.62,50.62,236,0
2015-02-13,20:10:00,50.62,50.62,50.62,50.62,3952,0
2015-02-13,20:25:00,50.63,50.63,50.63,50.63,792,0
2015-02-13,20:30:00,50.63,50.63,50.62,50.62,1588,0
2015-02-13,20:35:00,50.62,50.63,50.62,50.62,1908,0
2015-02-13,20:40:00,50.62,50.62,50.62,50.62,57366,0
2015-02-13,20:45:00,50.62,50.62,50.62,50.62,100,0
2015-02-13,20:50:00,50.62,50.63,50.62,50.63,500,0
2015-02-13,20:55:00,50.62,50.62,50.62,50.62,900,0
2015-02-13,21:00:00,50.62,50.62,50.61,50.61,30037,0
2015-02-13,21:10:00,50.62,50.62,50.62,50.62,1100,0
2015-02-13,21:45:00,50.61,50.62,50.61,50.62,1991,0
2015-02-13,21:55:00,50.61,50.61,50.61,50.61,825,0
2015-02-17,15:35:00,50.62,50.62,50.62,50.62,740,0
2015-02-17,15:40:00,50.62,50.62,50.62,50.62,5330,0
2015-02-17,15:50:00,50.61,50.62,50.61,50.62,1315,0
2015-02-17,15:55:00,50.62,50.62,50.61,50.61,13956,0
2015-02-17,16:00:00,50.62,50.62,50.62,50.62,191914,0
2015-02-17,16:05:00,50.61,50.62,50.61,50.62,5359,0
2015-02-17,16:10:00,50.61,50.61,50.61,50.61,645,0
2015-02-17,16:20:00,50.62,50.62,50.62,50.62,1800,0
2015-02-17,16:30:00,50.61,50.62,50.61,50.61,10678,0
2015-02-17,16:35:00,50.61,50.61,50.61,50.61,300,0
2015-02-17,16:40:00,50.61,50.62,50.61,50.62,2313,0
2015-02-17,16:45:00,50.61,50.61,50.61,50.61,124,0
2015-02-17,16:50:00,50.61,50.61,50.6,50.6,500,0
2015-02-17,16:55:00,50.6,50.6,50.6,50.6,1547,0
2015-02-17,17:05:00,50.61,50.61,50.61,50.61,200,0
2015-02-17,17:10:00,50.61,50.61,50.6,50.61,2500,0
2015-02-17,17:15:00,50.61,50.61,50.61,50.61,700,0
2015-02-17,17:20:00,50.61,50.61,50.6,50.61,1573,0
2015-02-17,17:25:00,50.61,50.61,50.6,50.61,1581,0
2015-02-17,17:30:00,50.61,50.61,50.61,50.61,700,0
2015-02-17,17:35:00,50.61,50.61,50.6,50.6,5900,0
2015-02-17,17:40:00,50.6,50.61,50.6,50.61,10115,0
2015-02-17,17:45:00,50.6,50.6,50.6,50.6,1500,0
2015-02-17,17:50:00,50.6,50.6,50.59,50.6,1550,0
2015-02-17,17:55:00,50.6,50.6,50.6,50.6,1400,0
2015-02-17,18:00:00,50.6,50.6,50.6,50.6,3162,0
2015-02-17,18:05:00,50.6,50.6,50.6,50.6,800,0
2015-02-17,18:10:00,50.6,50.6,50.59,50.6,1801,0
2015-02-17,18:15:00,50.6,50.6,50.6,50.6,600,0
2015-02-17,18:20:00,50.6,50.6,50.6,50.6,500,0
2015-02-17,18:25:00,50.6,50.6,50.6,50.6,500,0
2015-02-17,18:30:00,50.6,50.6,50.59,50.6,1600,0
2015-02-17,18:35:00,50.6,50.6,50.58,50.59,4596,0
2015-02-17,18:40:00,50.59,50.59,50.59,50.59,300,0
2015-02-17,18:45:00,50.59,50.59,50.59,50.59,695,0
2015-02-17,18:50:00,50.59,50.59,50.59,50.59,600,0
2015-02-17,18:55:00,50.59,50.59,50.59,50.59,600,0
2015-02-17,19:00:00,50.59,50.59,50.58,50.58,1400,0
2015-02-17,19:05:00,50.59,50.59,50.58,50.58,1000,0
2015-02-17,19:10:00,50.59,50.59,50.58,50.58,600,0
2015-02-17,19:15:00,50.59,50.59,50.58,50.58,5338,0
2015-02-17,19:20:00,50.58,50.58,50.58,50.58,2200,0
2015-02-17,19:25:00,50.58,50.58,50.58,50.58,1000,0
2015-02-17,19:30:00,50.58,50.58,50.57,50.58,731,0
2015-02-17,19:35:00,50.58,50.58,50.57,50.58,9686,0
2015-02-17,19:40:00,50.58,50.59,50.58,50.59,900,0
2015-02-17,19:45:00,50.59,50.59,50.59,50.59,1200,0
2015-02-17,19:50:00,50.59,50.59,50.59,50.59,600,0
2015-02-17,19:55:00,50.59,50.59,50.58,50.59,1224,0
2015-02-17,20:00:00,50.59,50.59,50.59,50.59,700,0
2015-02-17,20:05:00,50.59,50.59,50.59,50.59,1700,0
2015-02-17,20:10:00,50.6,50.6,50.58,50.6,19261,0
2015-02-17,20:15:00,50.6,50.6,50.59,50.59,700,0
2015-02-17,20:20:00,50.59,50.6,50.58,50.6,918,0
2015-02-17,20:25:00,50.59,50.6,50.58,50.58,1506,0
2015-02-17,20:30:00,50.6,50.6,50.6,50.6,2732,0
2015-02-17,20:35:00,50.6,50.6,50.6,50.6,800,0
2015-02-17,20:40:00,50.6,50.6,50.6,50.6,400,0
2015-02-17,20:45:00,50.6,50.6,50.59,50.59,700,0
2015-02-17,20:50:00,50.59,50.6,50.59,50.59,600,0
2015-02-17,20:55:00,50.59,50.59,50.59,50.59,500,0
2015-02-17,21:00:00,50.59,50.59,50.59,50.59,2474,0
2015-02-17,21:05:00,50.58,50.59,50.58,50.59,5926,0
2015-02-17,21:10:00,50.59,50.59,50.59,50.59,700,0
2015-02-17,21:15:00,50.59,50.59,50.59,50.59,600,0
2015-02-17,21:20:00,50.59,50.59,50.58,50.59,2156,0
2015-02-17,21:25:00,50.59,50.59,50.59,50.59,5700,0
2015-02-17,21:30:00,50.59,50.59,50.59,50.59,1400,0
2015-02-17,21:35:00,50.59,50.59,50.59,50.59,1300,0
2015-02-17,21:40:00,50.58,50.59,50.58,50.59,3549,0
2015-02-17,21:45:00,50.59,50.59,50.59,50.59,2000,0
2015-02-17,21:50:00,50.58,50.59,50.58,50.59,3172,0
2015-02-17,21:55:00,50.59,50.59,50.58,50.59,2255,0
2015-02-17,22:00:00,50.58,50.58,50.58,50.58,661,0
2015-02-18,15:45:00,50.58,50.58,50.58,50.58,540,0
2015-02-18,15:50:00,50.58,50.59,50.58,50.59,4440,0
2015-02-18,16:15:00,50.59,50.6,50.59,50.6,3275,0
2015-02-18,16:20:00,50.6,50.6,50.6,50.6,832,0
2015-02-18,16:35:00,50.6,50.6,50.59,50.59,972,0
2015-02-18,16:45:00,50.59,50.59,50.59,50.59,300,0
2015-02-18,16:55:00,50.59,50.59,50.59,50.59,2964,0
2015-02-18,17:10:00,50.59,50.59,50.59,50.59,6744,0
2015-02-18,17:20:00,50.59,50.59,50.59,50.59,464,0
2015-02-18,17:35:00,50.59,50.59,50.59,50.59,400,0
2015-02-18,17:40:00,50.59,50.59,50.59,50.59,600,0
2015-02-18,18:00:00,50.59,50.59,50.59,50.59,2000,0
2015-02-18,18:15:00,50.59,50.59,50.59,50.59,2038,0
2015-02-18,18:30:00,50.6,50.6,50.6,50.6,584,0
2015-02-18,18:55:00,50.6,50.6,50.6,50.6,672,0
2015-02-18,19:20:00,50.59,50.6,50.59,50.6,12103,0
2015-02-18,19:30:00,50.59,50.59,50.59,50.59,100,0
2015-02-18,19:35:00,50.59,50.59,50.59,50.59,229,0
2015-02-18,19:45:00,50.59,50.59,50.59,50.59,496,0
2015-02-18,20:05:00,50.6,50.6,50.6,50.6,2100,0
2015-02-18,20:10:00,50.65,50.66,50.65,50.66,2657,0
2015-02-18,20:15:00,50.64,50.64,50.64,50.64,604,0
2015-02-18,20:25:00,50.64,50.65,50.64,50.64,1854,0
2015-02-18,20:35:00,50.65,50.65,50.65,50.65,1700,0
2015-02-18,20:45:00,50.65,50.65,50.65,50.65,1044,0
2015-02-18,20:50:00,50.65,50.67,50.65,50.67,900,0
2015-02-18,21:00:00,50.65,50.66,50.65,50.66,535,0
2015-02-18,21:05:00,50.65,50.65,50.65,50.65,200,0
2015-02-18,21:10:00,50.66,50.66,50.65,50.66,1211,0
2015-02-18,21:15:00,50.65,50.65,50.65,50.65,1242,0
2015-02-18,21:20:00,50.65,50.66,50.65,50.65,1564,0
2015-02-18,21:25:00,50.65,50.65,50.65,50.65,24632,0
2015-02-18,21:35:00,50.65,50.66,50.65,50.65,1855,0
2015-02-18,21:45:00,50.65,50.65,50.65,50.65,51626,0
2015-02-18,21:50:00,50.63,50.64,50.63,50.64,6310,0
2015-02-18,21:55:00,50.65,50.65,50.64,50.65,10601,0
2015-02-18,22:00:00,50.65,50.65,50.65,50.65,3287,0
2015-02-19,15:40:00,50.65,50.65,50.65,50.65,780,0
2015-02-19,15:50:00,50.65,50.65,50.65,50.65,600,0
2015-02-19,16:00:00,50.65,50.65,50.64,50.64,700,0
2015-02-19,16:10:00,50.65,50.65,50.65,50.65,1273,0
2015-02-19,16:15:00,50.65,50.65,50.64,50.64,1945,0
2015-02-19,16:20:00,50.64,50.64,50.64,50.64,1427,0
2015-02-19,16:25:00,50.65,50.65,50.65,50.65,296,0
2015-02-19,16:30:00,50.65,50.65,50.65,50.65,2385,0
2015-02-19,16:40:00,50.65,50.65,50.65,50.65,200,0
2015-02-19,16:45:00,50.64,50.64,50.64,50.64,619,0
2015-02-19,17:00:00,50.65,50.65,50.64,50.64,1585,0
2015-02-19,17:10:00,50.65,50.65,50.65,50.65,200,0
2015-02-19,17:15:00,50.65,50.65,50.65,50.65,151,0
2015-02-19,17:20:00,50.65,50.65,50.65,50.65,930,0
2015-02-19,17:45:00,50.65,50.65,50.65,50.65,1072,0
2015-02-19,18:20:00,50.65,50.65,50.65,50.65,300,0
2015-02-19,18:25:00,50.65,50.65,50.65,50.65,2820,0
2015-02-19,18:40:00,50.64,50.64,50.64,50.64,100,0
2015-02-19,18:45:00,50.64,50.64,50.64,50.64,151,0
2015-02-19,18:50:00,50.64,50.64,50.63,50.64,776,0
2015-02-19,19:10:00,50.62,50.62,50.62,50.62,507,0
2015-02-19,19:20:00,50.64,50.64,50.63,50.63,1700,0
2015-02-19,19:35:00,50.62,50.62,50.62,50.62,1139,0
2015-02-19,19:40:00,50.63,50.63,50.62,50.62,1175,0
2015-02-19,19:45:00,50.63,50.63,50.62,50.62,6452,0
2015-02-19,19:50:00,50.63,50.63,50.63,50.63,1200,0
2015-02-19,20:05:00,50.63,50.63,50.63,50.63,1155,0
2015-02-19,20:30:00,50.63,50.63,50.62,50.63,5262,0
2015-02-19,20:50:00,50.63,50.63,50.63,50.63,400,0
2015-02-19,20:55:00,50.62,50.63,50.62,50.62,989,0
2015-02-19,21:05:00,50.63,50.63,50.63,50.63,2060,0
2015-02-19,21:10:00,50.63,50.63,50.63,50.63,960,0
2015-02-19,21:15:00,50.63,50.63,50.62,50.63,3844,0
2015-02-19,21:20:00,50.63,50.63,50.63,50.63,6275,0
2015-02-19,21:35:00,50.63,50.63,50.63,50.63,7704,0
2015-02-19,21:45:00,50.62,50.62,50.62,50.62,400,0
2015-02-19,21:50:00,50.63,50.63,50.63,50.63,10646,0
2015-02-19,22:00:00,50.63,50.63,50.63,50.63,200,0
2015-02-20,15:35:00,50.65,50.65,50.65,50.65,8354,0
2015-02-20,15:40:00,50.65,50.65,50.65,50.65,779,0
2015-02-20,15:45:00,50.65,50.65,50.65,50.65,1023,0
2015-02-20,15:50:00,50.65,50.66,50.65,50.66,304,0
2015-02-20,15:55:00,50.66,50.66,50.66,50.66,1000,0
2015-02-20,16:05:00,50.66,50.66,50.66,50.66,600,0
2015-02-20,16:10:00,50.66,50.66,50.66,50.66,1135,0
2015-02-20,16:15:00,50.66,50.66,50.66,50.66,713,0
2015-02-20,16:20:00,50.66,50.66,50.65,50.65,676,0
2015-02-20,16:30:00,50.66,50.66,50.65,50.65,1696,0
2015-02-20,16:50:00,50.65,50.65,50.65,50.65,2100,0
2015-02-20,17:05:00,50.64,50.64,50.64,50.64,125,0
2015-02-20,17:10:00,50.64,50.64,50.64,50.64,500,0
2015-02-20,17:15:00,50.64,50.64,50.64,50.64,591,0
2015-02-20,17:25:00,50.65,50.65,50.64,50.64,1160,0
2015-02-20,17:30:00,50.64,50.64,50.64,50.64,5500,0
2015-02-20,17:35:00,50.64,50.65,50.64,50.65,3090,0
2015-02-20,17:50:00,50.65,50.65,50.65,50.65,300,0
2015-02-20,17:55:00,50.65,50.65,50.65,50.65,300,0
2015-02-20,18:05:00,50.65,50.65,50.65,50.65,2130,0
2015-02-20,18:20:00,50.66,50.66,50.66,50.66,36000,0
2015-02-20,18:30:00,50.66,50.67,50.65,50.67,89150,0
2015-02-20,18:35:00,50.65,50.65,50.65,50.65,372,0
2015-02-20,18:45:00,50.65,50.65,50.65,50.65,500,0
2015-02-20,18:50:00,50.66,50.66,50.66,50.66,600,0
2015-02-20,19:10:00,50.65,50.65,50.65,50.65,1000,0
2015-02-20,19:15:00,50.65,50.65,50.65,50.65,300,0
2015-02-20,19:20:00,50.66,50.66,50.65,50.65,875,0
2015-02-20,19:25:00,50.64,50.64,50.64,50.64,472,0
2015-02-20,19:45:00,50.63,50.63,50.63,50.63,3882,0
2015-02-20,20:00:00,50.63,50.64,50.63,50.63,562,0
2015-02-20,20:05:00,50.62,50.62,50.62,50.62,600,0
2015-02-20,20:15:00,50.62,50.62,50.62,50.62,634,0
2015-02-20,20:20:00,50.62,50.62,50.62,50.62,369,0
2015-02-20,20:25:00,50.62,50.62,50.62,50.62,2476,0
2015-02-20,20:45:00,50.62,50.62,50.62,50.62,3081,0
2015-02-20,20:55:00,50.61,50.61,50.61,50.61,500,0
2015-02-20,21:00:00,50.6,50.6,50.6,50.6,800,0
2015-02-20,21:05:00,50.61,50.61,50.61,50.61,140,0
2015-02-20,21:10:00,50.61,50.61,50.6,50.6,2515,0
2015-02-20,21:20:00,50.6,50.61,50.6,50.6,6520,0
2015-02-20,21:25:00,50.6,50.61,50.6,50.6,2367,0
2015-02-20,21:30:00,50.61,50.61,50.6,50.6,3375,0
2015-02-20,21:35:00,50.61,50.61,50.61,50.61,840,0
2015-02-20,21:40:00,50.6,50.61,50.6,50.6,3200,0
2015-02-20,21:45:00,50.6,50.6,50.6,50.6,1679,0
2015-02-20,21:50:00,50.6,50.6,50.6,50.6,1130,0
2015-02-20,21:55:00,50.6,50.6,50.6,50.6,1024,0
2015-02-20,22:00:00,50.6,50.61,50.6,50.61,3901,0
2015-02-23,15:35:00,50.63,50.63,50.63,50.63,13860,0
2015-02-23,15:45:00,50.62,50.62,50.62,50.62,600,0
2015-02-23,15:55:00,50.63,50.63,50.63,50.63,1390,0
2015-02-23,16:10:00,50.64,50.64,50.63,50.63,2833,0
2015-02-23,16:30:00,50.64,50.65,50.64,50.65,800,0
2015-02-23,16:35:00,50.63,50.64,50.63,50.64,900,0
2015-02-23,16:55:00,50.65,50.65,50.65,50.65,1032,0
2015-02-23,17:05:00,50.64,50.64,50.64,50.64,4997,0
2015-02-23,17:35:00,50.64,50.64,50.64,50.64,200,0
2015-02-23,17:45:00,50.64,50.64,50.64,50.64,1107,0
2015-02-23,17:50:00,50.63,50.64,50.63,50.63,7914,0
2015-02-23,17:55:00,50.63,50.64,50.63,50.64,5500,0
2015-02-23,18:00:00,50.64,50.64,50.64,50.64,200,0
2015-02-23,18:15:00,50.64,50.64,50.64,50.64,100,0
2015-02-23,18:20:00,50.64,50.64,50.64,50.64,140,0
2015-02-23,18:25:00,50.64,50.64,50.64,50.64,928,0
2015-02-23,18:35:00,50.64,50.64,50.64,50.64,590,0
2015-02-23,18:45:00,50.63,50.64,50.63,50.64,1100,0
2015-02-23,18:55:00,50.63,50.64,50.63,50.63,800,0
2015-02-23,19:10:00,50.64,50.64,50.64,50.64,600,0
2015-02-23,19:25:00,50.64,50.64,50.64,50.64,2402,0
2015-02-23,19:30:00,50.63,50.63,50.63,50.63,572,0
2015-02-23,19:35:00,50.63,50.63,50.63,50.63,600,0
2015-02-23,19:55:00,50.64,50.64,50.63,50.63,9480,0
2015-02-23,20:00:00,50.63,50.63,50.63,50.63,378,0
2015-02-23,20:05:00,50.63,50.64,50.63,50.64,1812,0
2015-02-23,20:10:00,50.63,50.63,50.63,50.63,7431,0
2015-02-23,20:15:00,50.64,50.64,50.63,50.63,2997,0
2015-02-23,20:20:00,50.63,50.63,50.63,50.63,5234,0
2015-02-23,20:35:00,50.64,50.64,50.63,50.63,3486,0
2015-02-23,20:40:00,50.64,50.64,50.64,50.64,1500,0
2015-02-23,20:45:00,50.64,50.64,50.64,50.64,2769,0
2015-02-23,20:50:00,50.64,50.64,50.64,50.64,12644,0
2015-02-23,20:55:00,50.64,50.64,50.64,50.64,500,0
2015-02-23,21:05:00,50.63,50.64,50.63,50.64,700,0
2015-02-23,21:20:00,50.64,50.64,50.63,50.63,644,0
2015-02-23,21:25:00,50.63,50.63,50.63,50.63,253,0
2015-02-23,21:30:00,50.64,50.64,50.64,50.64,668,0
2015-02-23,21:35:00,50.64,50.64,50.63,50.63,1496,0
2015-02-23,21:45:00,50.64,50.64,50.63,50.63,1585,0
2015-02-23,21:50:00,50.64,50.64,50.63,50.63,2028,0
2015-02-23,21:55:00,50.63,50.64,50.63,50.64,2416,0
2015-02-23,22:00:00,50.64,50.64,50.64,50.64,6028,0
