Date,Time,Open,High,Low,Close,Volume,OpenInt
2014-12-09,17:00:00,17.72,17.72,17.72,17.72,3400,0
2014-12-09,17:10:00,17.73,17.73,17.73,17.73,100,0
2014-12-09,17:35:00,17.72,17.73,17.69,17.69,3914,0
2014-12-09,19:00:00,17.65,17.65,17.65,17.65,300,0
2014-12-09,19:45:00,17.59,17.59,17.59,17.59,100,0
2014-12-09,20:35:00,17.63,17.63,17.63,17.63,300,0
2014-12-09,21:10:00,17.61,17.61,17.61,17.61,200,0
2014-12-09,21:20:00,17.61,17.61,17.61,17.61,200,0
2014-12-09,21:35:00,17.62,17.62,17.62,17.62,1600,0
2014-12-10,15:35:00,17.6,17.6,17.6,17.6,400,0
2014-12-10,15:40:00,17.61,17.61,17.6,17.6,300,0
2014-12-10,15:45:00,17.61,17.61,17.61,17.61,100,0
2014-12-10,15:50:00,17.63,17.63,17.63,17.63,100,0
2014-12-10,16:35:00,17.63,17.63,17.63,17.63,321,0
2014-12-10,17:50:00,17.63,17.63,17.63,17.63,200,0
2014-12-10,19:50:00,17.67,17.7,17.67,17.7,1500,0
2014-12-10,21:00:00,17.8,17.8,17.8,17.8,2305,0
2014-12-10,21:40:00,17.77,17.77,17.77,17.77,500,0
2014-12-10,21:50:00,17.82,17.82,17.82,17.82,500,0
2014-12-10,22:00:00,17.8,17.8,17.77,17.77,1000,0
2014-12-11,15:45:00,17.64,17.64,17.64,17.64,300,0
2014-12-11,15:50:00,17.66,17.66,17.66,17.66,100,0
2014-12-11,16:10:00,17.64,17.64,17.64,17.64,200,0
2014-12-11,16:50:00,17.62,17.62,17.62,17.62,300,0
2014-12-11,16:55:00,17.64,17.64,17.64,17.64,100,0
2014-12-11,17:00:00,17.64,17.64,17.64,17.64,100,0
2014-12-11,18:25:00,17.63,17.63,17.63,17.63,100,0
2014-12-11,18:30:00,17.62,17.62,17.62,17.62,300,0
2014-12-11,18:40:00,17.62,17.62,17.62,17.62,100,0
2014-12-11,19:05:00,17.61,17.62,17.61,17.62,400,0
2014-12-11,19:15:00,17.63,17.63,17.63,17.63,2900,0
2014-12-11,19:25:00,17.64,17.64,17.64,17.64,300,0
2014-12-11,19:45:00,17.64,17.64,17.64,17.64,100,0
2014-12-11,20:15:00,17.66,17.66,17.66,17.66,500,0
2014-12-11,21:55:00,17.75,17.77,17.75,17.77,2300,0
2014-12-12,15:55:00,17.82,17.82,17.8,17.82,400,0
2014-12-12,16:25:00,17.87,17.87,17.86,17.86,6285,0
2014-12-12,17:00:00,17.91,17.91,17.91,17.91,290,0
2014-12-12,17:20:00,17.94,17.94,17.93,17.93,6650,0
2014-12-12,17:50:00,18.0,18.0,18.0,18.0,3000,0
2014-12-12,17:55:00,17.97,17.97,17.97,17.97,200,0
2014-12-12,18:10:00,17.97,17.97,17.97,17.97,5762,0
2014-12-12,19:30:00,17.92,17.92,17.92,17.92,167,0
2014-12-12,20:05:00,17.92,17.94,17.92,17.94,1100,0
2014-12-12,20:40:00,17.99,17.99,17.99,17.99,2000,0
2014-12-12,20:45:00,17.98,17.98,17.98,17.98,1000,0
2014-12-12,21:15:00,17.98,17.98,17.98,17.98,700,0
2014-12-12,21:20:00,17.94,17.94,17.94,17.94,1500,0
2014-12-12,21:30:00,17.96,17.96,17.96,17.96,300,0
2014-12-12,21:40:00,18.01,18.05,18.01,18.05,600,0
2014-12-12,21:45:00,18.05,18.05,18.03,18.03,741,0
2014-12-12,21:50:00,18.06,18.06,18.06,18.06,100,0
2014-12-12,22:00:00,18.08,18.08,18.08,18.08,500,0
2014-12-15,15:35:00,17.97,17.97,17.97,17.97,100,0
2014-12-15,16:25:00,18.09,18.09,18.09,18.09,200,0
2014-12-15,16:35:00,18.14,18.14,18.14,18.14,500,0
2014-12-15,16:40:00,18.15,18.15,18.15,18.15,100,0
2014-12-15,17:05:00,18.16,18.17,18.16,18.17,400,0
2014-12-15,17:10:00,18.2,18.2,18.2,18.2,400,0
2014-12-15,17:15:00,18.21,18.21,18.21,18.21,400,0
2014-12-15,17:30:00,18.25,18.25,18.25,18.25,100,0
2014-12-15,17:35:00,18.26,18.26,18.26,18.26,400,0
2014-12-15,17:40:00,18.29,18.29,18.29,18.29,3980,0
2014-12-15,18:15:00,18.28,18.28,18.28,18.28,200,0
2014-12-15,18:30:00,18.24,18.24,18.2,18.2,700,0
2014-12-15,18:35:00,18.25,18.25,18.25,18.25,1000,0
2014-12-15,19:10:00,18.22,18.22,18.22,18.22,300,0
2014-12-15,20:30:00,18.19,18.19,18.19,18.19,100,0
2014-12-15,20:45:00,18.2,18.2,18.2,18.2,1000,0
2014-12-15,21:20:00,18.2,18.2,18.2,18.2,300,0
2014-12-15,21:35:00,18.22,18.22,18.22,18.22,300,0
2014-12-15,21:45:00,18.22,18.22,18.22,18.22,500,0
2014-12-15,22:00:00,18.22,18.22,18.22,18.22,600,0
2014-12-16,15:35:00,18.44,18.44,18.44,18.44,100,0
2014-12-16,15:40:00,18.36,18.36,18.36,18.36,1600,0
2014-12-16,15:45:00,18.4,18.4,18.4,18.4,1600,0
2014-12-16,15:50:00,18.39,18.39,18.39,18.39,100,0
2014-12-16,16:05:00,18.38,18.38,18.38,18.38,1100,0
2014-12-16,16:25:00,18.26,18.26,18.26,18.26,100,0
2014-12-16,16:50:00,18.26,18.26,18.26,18.26,100,0
2014-12-16,17:15:00,18.24,18.24,18.24,18.24,100,0
2014-12-16,17:30:00,18.1,18.1,18.1,18.1,1600,0
2014-12-16,18:15:00,18.15,18.15,18.15,18.15,100,0
2014-12-16,18:20:00,18.14,18.14,18.13,18.13,900,0
2014-12-16,18:25:00,18.18,18.18,18.18,18.18,100,0
2014-12-16,19:00:00,18.17,18.17,18.17,18.17,400,0
2014-12-16,19:35:00,18.28,18.28,18.28,18.28,100,0
2014-12-16,19:40:00,18.24,18.25,18.24,18.25,300,0
2014-12-16,20:45:00,18.23,18.23,18.23,18.23,100,0
2014-12-16,21:40:00,18.29,18.29,18.29,18.29,200,0
2014-12-16,21:50:00,18.35,18.35,18.35,18.35,200,0
2014-12-16,21:55:00,18.36,18.36,18.36,18.36,300,0
2014-12-17,15:45:00,18.25,18.36,18.25,18.36,200,0
2014-12-17,15:50:00,18.25,18.25,18.25,18.25,366,0
2014-12-17,16:05:00,18.29,18.29,18.29,18.29,500,0
2014-12-17,16:50:00,18.29,18.29,18.29,18.29,100,0
2014-12-17,17:15:00,18.29,18.29,18.29,18.29,100,0
2014-12-17,17:30:00,18.21,18.22,18.21,18.21,2300,0
2014-12-17,17:40:00,18.23,18.23,18.21,18.21,300,0
2014-12-17,18:00:00,18.19,18.19,18.17,18.17,600,0
2014-12-17,18:15:00,18.17,18.17,18.17,18.17,100,0
2014-12-17,18:25:00,18.23,18.23,18.23,18.23,200,0
2014-12-17,18:55:00,18.19,18.19,18.19,18.19,100,0
2014-12-17,19:10:00,18.2,18.2,18.19,18.19,300,0
2014-12-17,19:30:00,18.18,18.19,18.18,18.19,500,0
2014-12-17,19:35:00,18.19,18.21,18.19,18.21,300,0
2014-12-17,20:35:00,18.12,18.12,18.12,18.12,520,0
2014-12-17,21:05:00,18.18,18.18,18.18,18.18,100,0
2014-12-17,21:15:00,18.19,18.19,18.19,18.19,300,0
2014-12-17,22:00:00,17.99,17.99,17.98,17.98,4200,0
2014-12-18,15:35:00,17.78,17.78,17.75,17.75,1560,0
2014-12-18,15:45:00,17.75,17.75,17.74,17.74,800,0
2014-12-18,16:15:00,17.71,17.71,17.71,17.71,800,0
2014-12-18,16:25:00,17.72,17.76,17.72,17.76,200,0
2014-12-18,16:45:00,17.76,17.76,17.76,17.76,1100,0
2014-12-18,17:05:00,17.75,17.75,17.75,17.75,400,0
2014-12-18,17:10:00,17.75,17.79,17.75,17.79,700,0
2014-12-18,17:25:00,17.74,17.74,17.74,17.74,2814,0
2014-12-18,17:30:00,17.74,17.74,17.74,17.74,300,0
2014-12-18,18:10:00,17.73,17.73,17.73,17.73,100,0
2014-12-18,18:20:00,17.71,17.71,17.71,17.71,3200,0
2014-12-18,18:35:00,17.72,17.74,17.72,17.74,400,0
2014-12-18,18:40:00,17.74,17.74,17.74,17.74,100,0
2014-12-18,18:50:00,17.71,17.71,17.71,17.71,200,0
2014-12-18,19:10:00,17.68,17.72,17.68,17.72,3000,0
2014-12-18,19:35:00,17.68,17.68,17.68,17.68,300,0
2014-12-18,20:15:00,17.69,17.69,17.69,17.69,3000,0
2014-12-18,22:00:00,17.58,17.58,17.58,17.58,600,0
2014-12-19,15:35:00,17.4,17.52,17.39,17.46,1720,0
2014-12-19,15:40:00,17.6,17.6,17.6,17.6,100,0
2014-12-19,15:45:00,17.58,17.58,17.58,17.58,1400,0
2014-12-19,15:55:00,17.59,17.59,17.59,17.59,200,0
2014-12-19,16:45:00,17.55,17.55,17.55,17.55,400,0
2014-12-19,16:50:00,17.58,17.58,17.58,17.58,200,0
2014-12-19,16:55:00,17.58,17.58,17.58,17.58,220,0
2014-12-19,17:25:00,17.59,17.59,17.57,17.57,312,0
2014-12-19,18:05:00,17.6,17.61,17.6,17.61,1194,0
2014-12-19,18:35:00,17.65,17.65,17.65,17.65,100,0
2014-12-19,18:50:00,17.61,17.61,17.61,17.61,100,0
2014-12-19,18:55:00,17.61,17.61,17.6,17.6,210,0
2014-12-19,19:00:00,17.6,17.61,17.6,17.61,1800,0
2014-12-19,21:15:00,17.53,17.53,17.53,17.53,100,0
2014-12-19,21:20:00,17.52,17.52,17.52,17.52,1000,0
2014-12-19,21:45:00,17.51,17.51,17.51,17.51,445,0
2014-12-19,21:50:00,17.54,17.54,17.54,17.54,100,0
2014-12-19,21:55:00,17.55,17.56,17.55,17.56,300,0
2014-12-19,22:00:00,17.56,17.57,17.56,17.57,300,0
2014-12-22,15:35:00,17.54,17.54,17.51,17.51,2680,0
2014-12-22,15:40:00,17.49,17.49,17.49,17.49,192,0
2014-12-22,15:55:00,17.52,17.53,17.52,17.53,1200,0
2014-12-22,16:05:00,17.57,17.57,17.57,17.57,100,0
2014-12-22,16:15:00,17.54,17.55,17.54,17.55,400,0
2014-12-22,16:25:00,17.54,17.54,17.54,17.54,700,0
2014-12-22,16:30:00,17.53,17.53,17.53,17.53,800,0
2014-12-22,16:45:00,17.54,17.54,17.54,17.54,400,0
2014-12-22,17:05:00,17.56,17.56,17.56,17.56,200,0
2014-12-22,17:20:00,17.56,17.56,17.56,17.56,100,0
2014-12-22,17:25:00,17.56,17.56,17.56,17.56,250,0
2014-12-22,17:50:00,17.56,17.56,17.56,17.56,400,0
2014-12-22,17:55:00,17.57,17.57,17.57,17.57,18100,0
2014-12-22,18:15:00,17.57,17.57,17.57,17.57,1000,0
2014-12-22,18:20:00,17.57,17.57,17.57,17.57,300,0
2014-12-22,19:15:00,17.55,17.55,17.55,17.55,100,0
2014-12-22,19:35:00,17.55,17.55,17.55,17.55,532,0
2014-12-22,20:20:00,17.52,17.56,17.52,17.52,600,0
2014-12-22,20:25:00,17.53,17.53,17.53,17.53,300,0
2014-12-22,20:55:00,17.53,17.53,17.53,17.53,100,0
2014-12-22,21:20:00,17.5,17.5,17.5,17.5,900,0
2014-12-22,22:00:00,17.5,17.5,17.48,17.48,254,0
2014-12-23,15:35:00,17.49,17.49,17.49,17.49,111,0
2014-12-23,15:40:00,17.39,17.39,17.39,17.39,1057,0
2014-12-23,16:05:00,17.39,17.39,17.39,17.39,200,0
2014-12-23,16:10:00,17.35,17.37,17.35,17.37,300,0
2014-12-23,16:20:00,17.38,17.38,17.37,17.37,600,0
2014-12-23,16:40:00,17.39,17.39,17.39,17.39,100,0
2014-12-23,19:10:00,17.34,17.34,17.34,17.34,400,0
2014-12-23,19:40:00,17.33,17.33,17.33,17.33,1500,0
2014-12-23,20:05:00,17.35,17.35,17.35,17.35,500,0
2014-12-23,21:35:00,17.36,17.36,17.36,17.36,500,0
2014-12-23,22:00:00,17.36,17.36,17.36,17.36,557,0
2014-12-24,15:35:00,17.33,17.33,17.33,17.33,1125,0
2014-12-24,15:40:00,17.35,17.35,17.35,17.35,200,0
2014-12-24,15:45:00,17.4,17.4,17.37,17.37,1100,0
2014-12-24,17:05:00,17.35,17.35,17.35,17.35,800,0
2014-12-24,17:20:00,17.34,17.34,17.33,17.33,200,0
2014-12-24,17:25:00,17.34,17.35,17.34,17.35,600,0
2014-12-24,17:40:00,17.35,17.35,17.35,17.35,348,0
2014-12-24,18:45:00,17.38,17.38,17.38,17.38,200,0
2014-12-24,19:00:00,17.36,17.36,17.36,17.36,466,0
2014-12-26,15:45:00,17.37,17.37,17.37,17.37,200,0
2014-12-26,16:20:00,17.36,17.36,17.35,17.35,1000,0
2014-12-26,16:40:00,17.36,17.36,17.36,17.36,300,0
2014-12-26,17:50:00,17.34,17.34,17.34,17.34,350,0
2014-12-26,19:50:00,17.34,17.34,17.34,17.34,300,0
2014-12-26,20:05:00,17.34,17.36,17.34,17.36,700,0
2014-12-26,20:20:00,17.36,17.37,17.36,17.37,6000,0
2014-12-26,20:25:00,17.33,17.35,17.33,17.35,900,0
2014-12-26,21:50:00,17.37,17.37,17.37,17.37,100,0
2014-12-26,21:55:00,17.37,17.37,17.37,17.37,200,0
2014-12-26,22:00:00,17.38,17.38,17.38,17.38,250,0
2014-12-29,15:35:00,17.4,17.4,17.4,17.4,200,0
2014-12-29,15:40:00,17.37,17.37,17.37,17.37,2245,0
2014-12-29,15:50:00,17.31,17.31,17.31,17.31,900,0
2014-12-29,15:55:00,17.29,17.3,17.28,17.28,800,0
2014-12-29,16:20:00,17.27,17.27,17.27,17.27,200,0
2014-12-29,16:45:00,17.27,17.27,17.27,17.27,100,0
2014-12-29,17:05:00,17.29,17.29,17.29,17.29,100,0
2014-12-29,17:20:00,17.3,17.3,17.3,17.3,100,0
2014-12-29,18:15:00,17.31,17.31,17.31,17.31,300,0
2014-12-29,18:20:00,17.3,17.3,17.3,17.3,400,0
2014-12-29,18:30:00,17.31,17.31,17.3,17.3,800,0
2014-12-29,18:45:00,17.31,17.31,17.3,17.3,516,0
2014-12-29,20:10:00,17.3,17.3,17.3,17.3,140,0
2014-12-29,20:40:00,17.31,17.31,17.31,17.31,500,0
2014-12-29,21:20:00,17.31,17.31,17.31,17.31,2000,0
2014-12-30,15:40:00,17.34,17.34,17.34,17.34,800,0
2014-12-30,15:45:00,17.36,17.36,17.36,17.36,100,0
2014-12-30,15:50:00,17.36,17.37,17.36,17.37,610,0
2014-12-30,15:55:00,17.38,17.38,17.38,17.38,100,0
2014-12-30,16:00:00,17.38,17.38,17.38,17.38,100,0
2014-12-30,16:05:00,17.36,17.36,17.36,17.36,100,0
2014-12-30,16:10:00,17.38,17.38,17.38,17.38,500,0
2014-12-30,16:45:00,17.35,17.35,17.35,17.35,200,0
2014-12-30,16:55:00,17.35,17.35,17.35,17.35,200,0
2014-12-30,17:05:00,17.35,17.35,17.35,17.35,100,0
2014-12-30,17:10:00,17.33,17.36,17.33,17.36,400,0
2014-12-30,17:15:00,17.35,17.35,17.35,17.35,100,0
2014-12-30,17:20:00,17.33,17.33,17.33,17.33,250,0
2014-12-30,17:40:00,17.36,17.36,17.36,17.36,300,0
2014-12-30,18:10:00,17.34,17.34,17.34,17.34,180,0
2014-12-30,18:25:00,17.33,17.33,17.33,17.33,100,0
2014-12-30,18:35:00,17.33,17.33,17.33,17.33,100,0
2014-12-30,18:45:00,17.33,17.33,17.33,17.33,200,0
2014-12-30,19:45:00,17.34,17.35,17.34,17.35,300,0
2014-12-30,19:50:00,17.35,17.35,17.34,17.34,200,0
2014-12-30,19:55:00,17.34,17.34,17.34,17.34,200,0
2014-12-30,20:00:00,17.33,17.33,17.33,17.33,100,0
2014-12-30,20:05:00,17.36,17.36,17.36,17.36,100,0
2014-12-30,21:00:00,17.35,17.35,17.35,17.35,600,0
2014-12-30,21:30:00,17.36,17.36,17.33,17.33,1500,0
2014-12-30,21:35:00,17.33,17.33,17.33,17.33,1022,0
2014-12-30,21:55:00,17.34,17.34,17.34,17.34,100,0
2014-12-30,22:00:00,17.33,17.33,17.33,17.33,100,0
2014-12-31,15:35:00,17.32,17.32,17.32,17.32,100,0
2014-12-31,15:45:00,17.3,17.35,17.3,17.35,200,0
2014-12-31,16:20:00,17.31,17.31,17.31,17.31,200,0
2014-12-31,16:30:00,17.34,17.34,17.34,17.34,100,0
2014-12-31,16:55:00,17.32,17.32,17.31,17.31,400,0
2014-12-31,17:30:00,17.34,17.34,17.34,17.34,100,0
2014-12-31,17:45:00,17.32,17.32,17.32,17.32,600,0
2014-12-31,18:05:00,17.35,17.35,17.35,17.35,200,0
2014-12-31,18:15:00,17.37,17.37,17.37,17.37,500,0
2014-12-31,18:35:00,17.41,17.41,17.41,17.41,100,0
2014-12-31,18:45:00,17.42,17.42,17.42,17.42,100,0
2014-12-31,19:50:00,17.39,17.39,17.39,17.39,300,0
2014-12-31,20:55:00,17.48,17.48,17.48,17.48,400,0
2014-12-31,21:20:00,17.45,17.45,17.45,17.45,200,0
2014-12-31,21:35:00,17.47,17.47,17.47,17.47,400,0
2014-12-31,21:45:00,17.47,17.47,17.47,17.47,300,0
2014-12-31,21:50:00,17.51,17.51,17.51,17.51,500,0
2014-12-31,22:00:00,17.54,17.54,17.54,17.54,200,0
2015-01-02,15:35:00,17.44,17.44,17.44,17.44,400,0
2015-01-02,16:10:00,17.5,17.5,17.5,17.5,300,0
2015-01-02,16:40:00,17.54,17.54,17.54,17.54,400,0
2015-01-02,16:45:00,17.58,17.58,17.58,17.58,400,0
2015-01-02,18:25:00,17.61,17.61,17.61,17.61,565,0
2015-01-02,19:50:00,17.67,17.67,17.67,17.67,100,0
2015-01-02,20:00:00,17.6,17.6,17.6,17.6,1000,0
2015-01-02,20:05:00,17.62,17.62,17.62,17.62,300,0
2015-01-02,20:30:00,17.59,17.6,17.59,17.6,300,0
2015-01-02,20:35:00,17.59,17.59,17.59,17.59,100,0
2015-01-02,21:15:00,17.57,17.57,17.57,17.57,700,0
2015-01-02,22:00:00,17.51,17.51,17.51,17.51,100,0
2015-01-05,16:05:00,17.8,17.8,17.8,17.8,1400,0
2015-01-05,16:30:00,17.75,17.76,17.75,17.76,2880,0
2015-01-05,16:35:00,17.78,17.78,17.78,17.78,400,0
2015-01-05,16:40:00,17.8,17.8,17.78,17.78,1100,0
2015-01-05,17:10:00,17.79,17.79,17.79,17.79,600,0
2015-01-05,17:30:00,17.8,17.81,17.8,17.81,600,0
2015-01-05,18:25:00,17.81,17.81,17.81,17.81,100,0
2015-01-05,18:30:00,17.83,17.85,17.83,17.85,5758,0
2015-01-05,19:15:00,17.85,17.85,17.85,17.85,200,0
2015-01-05,19:25:00,17.85,17.85,17.85,17.85,100,0
2015-01-05,19:30:00,17.86,17.86,17.86,17.86,100,0
2015-01-05,21:45:00,17.84,17.88,17.84,17.88,9270,0
2015-01-06,15:35:00,17.82,17.83,17.82,17.83,1600,0
2015-01-06,15:40:00,17.87,17.87,17.87,17.87,400,0
2015-01-06,15:50:00,17.91,17.91,17.91,17.91,100,0
2015-01-06,16:00:00,17.88,17.88,17.88,17.88,100,0
2015-01-06,16:20:00,17.87,17.87,17.87,17.87,1000,0
2015-01-06,17:25:00,17.99,18.0,17.99,18.0,950,0
2015-01-06,17:30:00,18.01,18.02,18.01,18.02,700,0
2015-01-06,18:00:00,18.07,18.07,18.07,18.07,3000,0
2015-01-06,18:05:00,18.08,18.08,18.08,18.08,100,0
2015-01-06,18:15:00,18.1,18.1,18.1,18.1,200,0
2015-01-06,19:25:00,18.15,18.15,18.15,18.15,170,0
2015-01-06,19:35:00,18.14,18.14,18.14,18.14,550,0
2015-01-06,19:40:00,18.17,18.17,18.13,18.13,335,0
2015-01-06,20:05:00,18.11,18.11,18.11,18.11,100,0
2015-01-06,20:15:00,18.11,18.11,18.11,18.11,100,0
2015-01-06,21:05:00,18.06,18.06,18.05,18.05,1200,0
2015-01-06,21:10:00,18.05,18.07,18.05,18.07,1200,0
2015-01-06,21:30:00,17.99,18.02,17.99,17.99,300,0
2015-01-06,21:35:00,18.02,18.02,18.02,18.02,100,0
2015-01-06,21:45:00,18.05,18.05,18.05,18.05,100,0
2015-01-06,21:50:00,18.04,18.04,18.04,18.04,139,0
2015-01-07,15:50:00,17.94,17.94,17.94,17.94,100,0
2015-01-07,15:55:00,17.94,17.94,17.94,17.94,3000,0
2015-01-07,16:00:00,17.89,17.89,17.89,17.89,200,0
2015-01-07,16:20:00,17.94,18.03,17.93,18.03,800,0
2015-01-07,19:30:00,17.93,17.93,17.93,17.93,100,0
2015-01-07,20:25:00,17.91,17.91,17.91,17.91,100,0
2015-01-07,20:40:00,17.88,17.88,17.88,17.88,500,0
2015-01-07,21:50:00,17.89,17.93,17.89,17.93,200,0
2015-01-07,22:00:00,17.9,17.9,17.9,17.9,300,0
2015-01-08,15:35:00,17.73,17.73,17.71,17.71,680,0
2015-01-08,16:35:00,17.69,17.73,17.69,17.73,1100,0
2015-01-08,16:45:00,17.7,17.74,17.7,17.74,7191,0
2015-01-08,17:00:00,17.69,17.69,17.67,17.67,500,0
2015-01-08,17:10:00,17.67,17.67,17.67,17.67,100,0
2015-01-08,17:15:00,17.64,17.64,17.63,17.64,1530,0
2015-01-08,17:55:00,17.66,17.66,17.66,17.66,100,0
2015-01-08,18:10:00,17.65,17.65,17.65,17.65,100,0
2015-01-08,20:15:00,17.64,17.69,17.64,17.69,1085,0
2015-01-08,22:00:00,17.67,17.67,17.65,17.65,200,0
2015-01-09,15:35:00,17.57,17.66,17.57,17.66,800,0
2015-01-09,15:50:00,17.68,17.68,17.68,17.68,100,0
2015-01-09,16:05:00,17.75,17.75,17.75,17.75,100,0
2015-01-09,16:20:00,17.78,17.78,17.76,17.76,1600,0
2015-01-09,17:00:00,17.8,17.8,17.8,17.8,100,0
2015-01-09,17:05:00,17.83,17.83,17.83,17.83,100,0
2015-01-09,17:20:00,17.87,17.87,17.87,17.87,400,0
2015-01-09,17:50:00,17.83,17.83,17.83,17.83,400,0
2015-01-09,18:05:00,17.82,17.82,17.82,17.82,200,0
2015-01-09,20:35:00,17.84,17.85,17.84,17.85,3603,0
2015-01-09,20:40:00,17.82,17.82,17.82,17.82,400,0
2015-01-09,21:50:00,17.81,17.81,17.81,17.81,400,0
2015-01-12,15:45:00,18.0,18.0,18.0,18.0,300,0
2015-01-12,16:15:00,18.04,18.04,18.03,18.04,5400,0
2015-01-12,16:30:00,18.02,18.02,18.02,18.02,800,0
2015-01-12,16:35:00,18.04,18.04,18.04,18.04,432,0
2015-01-12,16:45:00,18.0,18.0,18.0,18.0,168,0
2015-01-12,17:00:00,17.99,17.99,17.99,17.99,800,0
2015-01-12,17:55:00,17.94,17.99,17.94,17.99,700,0
2015-01-12,18:20:00,17.97,17.97,17.97,17.97,200,0
2015-01-12,18:25:00,17.95,17.95,17.95,17.95,200,0
2015-01-12,18:55:00,17.97,17.97,17.97,17.97,200,0
2015-01-12,19:35:00,17.98,17.98,17.98,17.98,1620,0
2015-01-12,20:45:00,18.03,18.03,18.03,18.03,100,0
2015-01-12,21:05:00,17.99,17.99,17.99,17.99,300,0
2015-01-12,21:10:00,18.0,18.0,17.96,17.96,3100,0
2015-01-12,21:40:00,18.04,18.04,18.04,18.04,700,0
2015-01-12,21:55:00,17.99,18.0,17.99,18.0,400,0
2015-01-13,15:35:00,17.89,17.89,17.89,17.89,700,0
2015-01-13,15:40:00,17.84,17.86,17.84,17.86,400,0
2015-01-13,15:45:00,17.83,17.83,17.83,17.83,100,0
2015-01-13,15:50:00,17.84,17.84,17.81,17.82,700,0
2015-01-13,16:00:00,17.8,17.8,17.8,17.8,100,0
2015-01-13,16:05:00,17.8,17.8,17.8,17.8,100,0
2015-01-13,16:10:00,17.79,17.79,17.79,17.79,100,0
2015-01-13,16:15:00,17.81,17.81,17.81,17.81,100,0
2015-01-13,16:20:00,17.83,17.83,17.83,17.83,100,0
2015-01-13,16:30:00,17.83,17.83,17.83,17.83,100,0
2015-01-13,16:35:00,17.84,17.84,17.84,17.84,100,0
2015-01-13,16:40:00,17.79,17.83,17.79,17.83,1000,0
2015-01-13,16:50:00,17.82,17.82,17.82,17.82,400,0
2015-01-13,16:55:00,17.79,17.79,17.77,17.77,1809,0
2015-01-13,17:00:00,17.77,17.77,17.77,17.77,1000,0
2015-01-13,17:10:00,17.83,17.83,17.83,17.83,200,0
2015-01-13,17:15:00,17.84,17.84,17.84,17.84,100,0
2015-01-13,17:25:00,17.87,17.87,17.83,17.86,6676,0
2015-01-13,17:30:00,17.87,17.87,17.87,17.87,100,0
2015-01-13,17:40:00,17.87,17.87,17.87,17.87,100,0
2015-01-13,17:45:00,17.91,17.91,17.91,17.91,100,0
2015-01-13,17:55:00,17.87,17.87,17.87,17.87,200,0
2015-01-13,18:05:00,17.89,17.89,17.89,17.89,100,0
2015-01-13,18:10:00,17.93,17.93,17.93,17.93,300,0
2015-01-13,18:20:00,17.93,17.93,17.93,17.93,100,0
2015-01-13,18:30:00,17.96,17.96,17.96,17.96,100,0
2015-01-13,18:40:00,17.95,17.95,17.95,17.95,100,0
2015-01-13,18:45:00,17.95,17.96,17.95,17.96,1587,0
2015-01-13,18:50:00,17.95,17.95,17.92,17.92,455,0
2015-01-13,19:05:00,17.88,17.88,17.88,17.88,100,0
2015-01-13,19:15:00,17.92,17.92,17.92,17.92,100,0
2015-01-13,19:20:00,17.92,17.92,17.87,17.87,1000,0
2015-01-13,19:25:00,17.94,17.96,17.94,17.96,300,0
2015-01-13,19:30:00,18.02,18.02,18.02,18.02,300,0
2015-01-13,19:35:00,18.04,18.04,18.02,18.02,300,0
2015-01-13,19:40:00,18.05,18.05,18.05,18.05,100,0
2015-01-13,19:50:00,18.05,18.05,18.05,18.05,100,0
2015-01-13,20:00:00,18.13,18.13,18.09,18.11,1266,0
2015-01-13,20:05:00,18.13,18.13,18.12,18.12,350,0
2015-01-13,20:15:00,18.15,18.15,18.15,18.15,100,0
2015-01-13,20:20:00,18.15,18.15,18.15,18.15,100,0
2015-01-13,20:30:00,18.14,18.14,18.14,18.14,100,0
2015-01-13,20:35:00,18.12,18.12,18.08,18.1,1400,0
2015-01-13,20:50:00,18.1,18.1,18.1,18.1,100,0
2015-01-13,20:55:00,18.07,18.07,18.07,18.07,100,0
2015-01-13,21:00:00,18.08,18.12,18.08,18.12,6837,0
2015-01-13,21:05:00,18.15,18.15,18.15,18.15,1104,0
2015-01-13,21:10:00,18.16,18.16,18.16,18.16,100,0
2015-01-13,21:20:00,18.12,18.12,18.12,18.12,100,0
2015-01-13,21:25:00,18.1,18.1,18.1,18.1,100,0
2015-01-13,21:30:00,18.1,18.1,18.1,18.1,100,0
2015-01-13,21:35:00,18.1,18.1,18.07,18.07,300,0
2015-01-13,21:40:00,18.0,18.0,18.0,18.0,200,0
2015-01-13,21:45:00,17.98,17.98,17.98,17.98,2400,0
2015-01-13,21:50:00,18.05,18.05,18.05,18.05,500,0
2015-01-13,21:55:00,18.04,18.09,18.04,18.09,572,0
2015-01-13,22:00:00,18.08,18.08,18.05,18.08,1900,0
2015-01-14,15:40:00,18.27,18.31,18.27,18.31,200,0
2015-01-14,15:45:00,18.29,18.29,18.29,18.29,546,0
2015-01-14,15:50:00,18.29,18.29,18.29,18.29,3000,0
2015-01-14,16:05:00,18.29,18.29,18.29,18.29,500,0
2015-01-14,16:10:00,18.27,18.27,18.27,18.27,600,0
2015-01-14,16:15:00,18.21,18.21,18.21,18.21,400,0
2015-01-14,16:25:00,18.27,18.28,18.26,18.27,10944,0
2015-01-14,16:30:00,18.26,18.26,18.26,18.26,200,0
2015-01-14,17:10:00,18.31,18.31,18.31,18.31,200,0
2015-01-14,17:15:00,18.31,18.31,18.31,18.31,200,0
2015-01-14,17:35:00,18.36,18.37,18.35,18.35,1100,0
2015-01-14,18:35:00,18.35,18.35,18.35,18.35,500,0
2015-01-14,18:40:00,18.37,18.37,18.33,18.37,2350,0
2015-01-14,18:45:00,18.34,18.37,18.34,18.37,1805,0
2015-01-14,18:55:00,18.4,18.4,18.4,18.4,200,0
2015-01-14,19:20:00,18.41,18.41,18.41,18.41,200,0
2015-01-14,19:30:00,18.45,18.45,18.43,18.43,700,0
2015-01-14,19:40:00,18.46,18.46,18.45,18.45,300,0
2015-01-14,19:50:00,18.42,18.42,18.42,18.42,1700,0
2015-01-14,20:15:00,18.41,18.41,18.41,18.41,150,0
2015-01-14,20:20:00,18.37,18.37,18.37,18.37,160,0
2015-01-14,20:30:00,18.36,18.36,18.35,18.35,1200,0
2015-01-14,20:35:00,18.31,18.31,18.31,18.31,500,0
2015-01-14,21:20:00,18.35,18.35,18.35,18.35,275,0
2015-01-14,21:40:00,18.32,18.32,18.32,18.32,1400,0
2015-01-14,21:55:00,18.25,18.27,18.25,18.27,300,0
2015-01-14,22:00:00,18.27,18.27,18.27,18.27,1335,0
2015-01-15,15:35:00,18.32,18.32,18.32,18.32,601,0
2015-01-15,15:40:00,18.32,18.32,18.32,18.32,100,0
2015-01-15,15:55:00,18.39,18.4,18.36,18.37,7000,0
2015-01-15,16:00:00,18.4,18.42,18.36,18.42,21809,0
2015-01-15,16:10:00,18.39,18.39,18.39,18.39,300,0
2015-01-15,16:20:00,18.35,18.35,18.35,18.35,100,0
2015-01-15,16:25:00,18.34,18.34,18.34,18.34,100,0
2015-01-15,16:45:00,18.27,18.27,18.27,18.27,1300,0
2015-01-15,16:50:00,18.3,18.3,18.3,18.3,125,0
2015-01-15,17:10:00,18.37,18.37,18.37,18.37,100,0
2015-01-15,17:50:00,18.39,18.39,18.34,18.34,1600,0
2015-01-15,18:20:00,18.42,18.42,18.42,18.42,100,0
2015-01-15,19:10:00,18.43,18.43,18.42,18.42,425,0
2015-01-15,19:15:00,18.44,18.44,18.44,18.44,600,0
2015-01-15,20:15:00,18.41,18.42,18.41,18.42,800,0
2015-01-15,20:20:00,18.44,18.44,18.44,18.44,650,0
2015-01-15,20:50:00,18.42,18.42,18.42,18.42,200,0
2015-01-15,21:15:00,18.47,18.47,18.47,18.47,500,0
2015-01-15,21:45:00,18.46,18.46,18.44,18.45,137871,0
2015-01-15,21:50:00,18.45,18.45,18.44,18.45,29222,0
2015-01-15,21:55:00,18.46,18.49,18.46,18.49,1300,0
2015-01-15,22:00:00,18.49,18.49,18.47,18.48,4000,0
2015-01-16,15:35:00,18.52,18.52,18.52,18.52,1000,0
2015-01-16,15:50:00,18.44,18.44,18.44,18.44,1100,0
2015-01-16,16:00:00,18.49,18.49,18.49,18.49,200,0
2015-01-16,16:05:00,18.47,18.47,18.47,18.47,100,0
2015-01-16,16:10:00,18.5,18.5,18.5,18.5,300,0
2015-01-16,16:35:00,18.46,18.47,18.42,18.42,11400,0
2015-01-16,16:40:00,18.48,18.48,18.48,18.48,100,0
2015-01-16,16:45:00,18.43,18.43,18.42,18.42,24481,0
2015-01-16,16:50:00,18.48,18.48,18.48,18.48,500,0
2015-01-16,17:00:00,18.38,18.39,18.38,18.38,500,0
2015-01-16,17:05:00,18.38,18.38,18.38,18.38,600,0
2015-01-16,17:15:00,18.37,18.37,18.37,18.37,416,0
2015-01-16,17:20:00,18.38,18.38,18.38,18.38,1500,0
2015-01-16,17:25:00,18.4,18.4,18.4,18.4,200,0
2015-01-16,17:35:00,18.46,18.46,18.46,18.46,300,0
2015-01-16,17:45:00,18.42,18.43,18.42,18.43,1084,0
2015-01-16,18:55:00,18.35,18.35,18.35,18.35,300,0
2015-01-16,20:45:00,18.41,18.41,18.41,18.41,1500,0
2015-01-16,20:55:00,18.4,18.4,18.36,18.36,3200,0
2015-01-16,21:00:00,18.34,18.36,18.34,18.36,3317,0
2015-01-16,21:20:00,18.4,18.4,18.4,18.4,200,0
2015-01-16,21:35:00,18.37,18.37,18.37,18.37,200,0
2015-01-16,21:45:00,18.27,18.27,18.27,18.27,350,0
2015-01-16,21:55:00,18.24,18.25,18.24,18.25,560,0
2015-01-20,15:35:00,18.16,18.16,18.16,18.16,660,0
2015-01-20,15:50:00,18.24,18.24,18.24,18.24,200,0
2015-01-20,16:10:00,18.29,18.29,18.29,18.29,100,0
2015-01-20,16:20:00,18.26,18.26,18.26,18.26,200,0
2015-01-20,16:30:00,18.25,18.25,18.25,18.25,250,0
2015-01-20,16:35:00,18.25,18.28,18.25,18.28,1120,0
2015-01-20,17:55:00,18.36,18.36,18.36,18.36,100,0
2015-01-20,18:05:00,18.38,18.38,18.38,18.38,200,0
2015-01-20,18:30:00,18.38,18.38,18.37,18.37,8372,0
2015-01-20,18:35:00,18.34,18.36,18.34,18.36,209,0
2015-01-20,18:40:00,18.37,18.37,18.37,18.37,100,0
2015-01-20,19:35:00,18.32,18.33,18.32,18.33,2294,0
2015-01-20,21:05:00,18.32,18.34,18.32,18.34,771726,0
2015-01-20,21:10:00,18.34,18.35,18.33,18.33,33917,0
2015-01-20,21:35:00,18.32,18.32,18.32,18.32,474,0
2015-01-20,21:40:00,18.35,18.35,18.35,18.35,1126,0
2015-01-20,22:00:00,18.33,18.33,18.33,18.33,100,0
2015-01-21,15:40:00,18.44,18.44,18.44,18.44,405,0
2015-01-21,16:50:00,18.32,18.32,18.32,18.32,200,0
2015-01-21,17:40:00,18.26,18.28,18.25,18.28,7934,0
2015-01-21,17:50:00,18.25,18.25,18.25,18.25,200,0
2015-01-21,18:20:00,18.22,18.22,18.22,18.22,1100,0
2015-01-21,19:20:00,18.25,18.25,18.25,18.25,900,0
2015-01-21,20:05:00,18.33,18.33,18.33,18.33,100,0
2015-01-21,20:25:00,18.35,18.35,18.35,18.35,639,0
2015-01-21,21:15:00,18.32,18.37,18.31,18.37,2235,0
2015-01-21,21:30:00,18.32,18.33,18.32,18.32,4618,0
2015-01-21,21:35:00,18.29,18.29,18.29,18.29,200,0
2015-01-21,21:40:00,18.31,18.33,18.3,18.3,25260,0
2015-01-21,21:45:00,18.3,18.3,18.3,18.3,4528,0
2015-01-21,21:50:00,18.31,18.31,18.29,18.31,8211,0
2015-01-22,15:35:00,18.14,18.14,18.14,18.14,1100,0
2015-01-22,15:40:00,18.27,18.27,18.27,18.27,172,0
2015-01-22,16:00:00,18.26,18.26,18.26,18.26,200,0
2015-01-22,16:10:00,18.22,18.22,18.22,18.22,300,0
2015-01-22,16:15:00,18.24,18.24,18.24,18.24,1000,0
2015-01-22,16:45:00,18.12,18.12,18.06,18.06,56765,0
2015-01-22,17:15:00,18.07,18.07,18.06,18.06,600,0
2015-01-22,17:25:00,18.06,18.06,18.06,18.06,100,0
2015-01-22,17:35:00,18.05,18.05,18.05,18.05,200,0
2015-01-22,17:55:00,18.09,18.09,18.09,18.09,500,0
2015-01-22,18:05:00,18.07,18.07,18.06,18.06,600,0
2015-01-22,18:50:00,18.04,18.04,18.04,18.04,600,0
2015-01-22,19:05:00,18.08,18.08,18.05,18.05,750,0
2015-01-22,19:35:00,18.0,18.0,18.0,18.0,2100,0
2015-01-22,19:40:00,18.01,18.01,18.01,18.01,500,0
2015-01-22,19:50:00,18.02,18.02,18.02,18.02,100,0
2015-01-22,20:10:00,17.98,17.98,17.95,17.95,16334,0
2015-01-22,20:35:00,17.91,17.91,17.91,17.91,3534,0
2015-01-22,20:45:00,17.94,17.94,17.94,17.94,127,0
2015-01-22,20:50:00,17.89,17.89,17.89,17.89,100,0
2015-01-22,21:00:00,17.88,17.88,17.88,17.88,1104,0
2015-01-22,21:05:00,17.88,17.88,17.88,17.88,100,0
2015-01-22,21:10:00,17.85,17.85,17.83,17.83,600,0
2015-01-22,21:25:00,17.86,17.86,17.86,17.86,400,0
2015-01-22,21:35:00,17.88,17.88,17.88,17.88,410,0
2015-01-22,21:40:00,17.83,17.83,17.83,17.83,750,0
2015-01-22,22:00:00,17.86,17.86,17.86,17.86,100,0
2015-01-23,15:35:00,17.94,17.94,17.94,17.94,2053,0
2015-01-23,15:40:00,17.83,17.87,17.83,17.87,1099,0
2015-01-23,17:00:00,17.91,17.91,17.91,17.91,300,0
2015-01-23,18:00:00,17.93,17.93,17.92,17.92,200,0
2015-01-23,18:10:00,17.93,17.93,17.93,17.93,1630,0
2015-01-23,19:00:00,17.95,17.95,17.95,17.95,1600,0
2015-01-23,19:25:00,17.96,17.96,17.96,17.96,100,0
2015-01-23,19:45:00,17.95,17.95,17.95,17.95,800,0
2015-01-23,20:35:00,17.97,17.97,17.97,17.97,1100,0
2015-01-23,21:30:00,18.0,18.0,17.96,17.96,1541,0
2015-01-23,21:45:00,18.0,18.0,18.0,18.0,100,0
2015-01-26,16:50:00,18.0,18.0,18.0,18.0,400,0
2015-01-26,16:55:00,17.97,17.97,17.97,17.97,100,0
2015-01-26,17:25:00,18.03,18.03,18.03,18.03,300,0
2015-01-26,17:55:00,18.0,18.0,18.0,18.0,933,0
2015-01-26,19:30:00,17.99,17.99,17.99,17.99,1680,0
2015-01-26,20:10:00,17.95,17.95,17.95,17.95,690,0
2015-01-26,21:00:00,17.93,17.93,17.93,17.93,410,0
2015-01-26,21:05:00,17.94,17.94,17.94,17.94,223,0
2015-01-26,21:50:00,17.94,17.95,17.92,17.92,56865,0
2015-01-26,21:55:00,17.95,17.95,17.95,17.95,360,0
2015-01-26,22:00:00,17.93,17.93,17.93,17.93,100,0
2015-01-27,15:35:00,18.14,18.14,18.14,18.14,400,0
2015-01-27,15:40:00,18.15,18.16,18.12,18.12,2100,0
2015-01-27,15:55:00,18.11,18.11,18.11,18.11,300,0
2015-01-27,16:10:00,18.09,18.09,18.09,18.09,150,0
2015-01-27,16:35:00,18.13,18.13,18.13,18.13,275,0
2015-01-27,17:50:00,18.11,18.11,18.11,18.11,166,0
2015-01-27,17:55:00,18.08,18.08,18.08,18.08,200,0
2015-01-27,18:15:00,18.12,18.12,18.12,18.12,500,0
2015-01-27,19:05:00,18.04,18.04,18.04,18.04,1300,0
2015-01-27,19:10:00,18.05,18.05,18.05,18.05,400,0
2015-01-27,19:30:00,18.02,18.02,18.02,18.02,200,0
2015-01-27,19:35:00,18.03,18.03,18.03,18.03,100,0
2015-01-27,19:40:00,18.04,18.04,18.04,18.04,1000,0
2015-01-27,19:45:00,18.04,18.07,18.04,18.07,690,0
2015-01-27,20:10:00,18.03,18.04,18.03,18.04,3097,0
2015-01-27,20:25:00,18.02,18.02,18.02,18.02,500,0
2015-01-27,20:40:00,18.01,18.01,18.01,18.01,3706,0
2015-01-27,21:00:00,18.07,18.09,18.07,18.09,8291,0
2015-01-27,21:20:00,18.07,18.07,18.07,18.07,408,0
2015-01-27,21:30:00,18.09,18.09,18.09,18.09,200,0
2015-01-27,21:35:00,18.1,18.1,18.1,18.1,532,0
2015-01-27,21:40:00,18.09,18.11,18.09,18.11,200,0
2015-01-27,21:45:00,18.1,18.1,18.1,18.1,200,0
2015-01-27,21:50:00,18.09,18.09,18.09,18.09,200,0
2015-01-27,21:55:00,18.11,18.11,18.1,18.1,1442,0
2015-01-27,22:00:00,18.11,18.11,18.09,18.09,1642,0
2015-01-28,15:40:00,18.07,18.07,18.07,18.07,600,0
2015-01-28,16:45:00,18.14,18.14,18.14,18.14,1400,0
2015-01-28,18:00:00,18.16,18.18,18.16,18.18,1525,0
2015-01-28,18:35:00,18.14,18.14,18.13,18.13,1000,0
2015-01-28,19:15:00,18.19,18.19,18.16,18.16,650,0
2015-01-28,19:25:00,18.18,18.18,18.18,18.18,900,0
2015-01-28,19:45:00,18.17,18.17,18.17,18.17,100,0
2015-01-28,19:55:00,18.15,18.15,18.15,18.15,392,0
2015-01-28,20:15:00,18.2,18.2,18.2,18.2,100,0
2015-01-28,20:30:00,18.23,18.23,18.23,18.23,300,0
2015-01-28,20:50:00,18.23,18.23,18.23,18.23,400,0
2015-01-28,21:05:00,18.22,18.22,18.22,18.22,944,0
2015-01-28,21:40:00,18.36,18.36,18.36,18.36,100,0
2015-01-28,21:45:00,18.37,18.37,18.36,18.37,900,0
2015-01-28,21:50:00,18.42,18.42,18.4,18.4,10525,0
2015-01-28,21:55:00,18.41,18.41,18.37,18.4,3910,0
2015-01-29,15:40:00,18.35,18.39,18.35,18.39,400,0
2015-01-29,16:00:00,18.4,18.4,18.4,18.4,390,0
2015-01-29,16:05:00,18.36,18.36,18.35,18.35,540,0
2015-01-29,16:10:00,18.36,18.37,18.36,18.37,1600,0
2015-01-29,16:15:00,18.38,18.38,18.38,18.38,500,0
2015-01-29,16:35:00,18.39,18.39,18.39,18.39,100,0
2015-01-29,16:40:00,18.42,18.42,18.42,18.42,400,0
2015-01-29,16:45:00,18.45,18.45,18.45,18.45,1084,0
2015-01-29,17:00:00,18.44,18.44,18.44,18.44,150,0
2015-01-29,17:10:00,18.48,18.48,18.48,18.48,600,0
2015-01-29,17:40:00,18.44,18.44,18.44,18.44,200,0
2015-01-29,18:10:00,18.38,18.4,18.37,18.4,700,0
2015-01-29,18:15:00,18.37,18.37,18.37,18.37,200,0
2015-01-29,18:45:00,18.41,18.41,18.41,18.41,200,0
2015-01-29,19:15:00,18.44,18.44,18.44,18.44,200,0
2015-01-29,19:30:00,18.4,18.4,18.4,18.4,100,0
2015-01-29,19:40:00,18.38,18.38,18.38,18.38,420,0
2015-01-29,19:45:00,18.35,18.35,18.35,18.35,100,0
2015-01-29,20:00:00,18.33,18.33,18.33,18.33,200,0
2015-01-29,20:05:00,18.34,18.34,18.34,18.34,100,0
2015-01-29,20:10:00,18.32,18.32,18.32,18.32,379,0
2015-01-29,20:20:00,18.34,18.34,18.34,18.34,100,0
2015-01-29,20:30:00,18.29,18.29,18.29,18.29,180,0
2015-01-29,20:35:00,18.3,18.3,18.3,18.3,100,0
2015-01-29,20:50:00,18.31,18.31,18.31,18.31,1000,0
2015-01-29,20:55:00,18.35,18.35,18.35,18.35,100,0
2015-01-29,21:10:00,18.33,18.33,18.33,18.33,100,0
2015-01-29,21:20:00,18.31,18.31,18.29,18.29,729,0
2015-01-29,21:25:00,18.31,18.33,18.28,18.29,3130,0
2015-01-29,21:40:00,18.25,18.25,18.25,18.25,378,0
2015-01-29,21:45:00,18.26,18.26,18.25,18.25,490,0
2015-01-30,15:35:00,18.34,18.44,18.34,18.35,1149,0
2015-01-30,15:50:00,18.36,18.36,18.36,18.36,400,0
2015-01-30,15:55:00,18.35,18.35,18.35,18.35,100,0
2015-01-30,16:00:00,18.36,18.36,18.34,18.36,300,0
2015-01-30,16:05:00,18.37,18.37,18.36,18.36,300,0
2015-01-30,16:10:00,18.37,18.37,18.37,18.37,100,0
2015-01-30,16:15:00,18.4,18.43,18.38,18.43,6784,0
2015-01-30,16:20:00,18.43,18.43,18.41,18.41,1800,0
2015-01-30,16:25:00,18.44,18.44,18.43,18.43,900,0
2015-01-30,16:30:00,18.43,18.43,18.42,18.42,1100,0
2015-01-30,16:35:00,18.42,18.46,18.42,18.46,3500,0
2015-01-30,16:40:00,18.46,18.46,18.45,18.45,1000,0
2015-01-30,16:45:00,18.45,18.46,18.42,18.42,1100,0
2015-01-30,16:50:00,18.42,18.42,18.41,18.41,1100,0
2015-01-30,16:55:00,18.41,18.43,18.41,18.43,1000,0
2015-01-30,17:00:00,18.43,18.45,18.43,18.44,1400,0
2015-01-30,17:05:00,18.42,18.42,18.41,18.41,1200,0
2015-01-30,17:10:00,18.41,18.43,18.41,18.43,800,0
2015-01-30,17:15:00,18.43,18.47,18.43,18.45,1200,0
2015-01-30,17:20:00,18.46,18.48,18.46,18.47,1100,0
2015-01-30,17:25:00,18.47,18.47,18.47,18.47,1100,0
2015-01-30,17:30:00,18.48,18.48,18.45,18.45,1500,0
2015-01-30,17:35:00,18.44,18.45,18.44,18.45,900,0
2015-01-30,17:40:00,18.45,18.46,18.45,18.46,1000,0
2015-01-30,17:45:00,18.46,18.49,18.46,18.49,1400,0
2015-01-30,17:50:00,18.49,18.49,18.46,18.46,1100,0
2015-01-30,17:55:00,18.48,18.49,18.48,18.49,1000,0
2015-01-30,18:00:00,18.48,18.48,18.45,18.45,1000,0
2015-01-30,18:05:00,18.45,18.45,18.41,18.42,1100,0
2015-01-30,18:10:00,18.42,18.42,18.42,18.42,1000,0
2015-01-30,18:15:00,18.43,18.43,18.4,18.4,1340,0
2015-01-30,18:20:00,18.39,18.39,18.38,18.38,900,0
2015-01-30,18:25:00,18.38,18.38,18.38,18.38,1200,0
2015-01-30,18:30:00,18.38,18.38,18.36,18.37,1200,0
2015-01-30,18:35:00,18.37,18.38,18.37,18.38,900,0
2015-01-30,18:40:00,18.39,18.4,18.39,18.4,1000,0
2015-01-30,18:45:00,18.4,18.4,18.4,18.4,900,0
2015-01-30,18:50:00,18.4,18.41,18.4,18.41,1600,0
2015-01-30,18:55:00,18.41,18.41,18.39,18.39,1400,0
2015-01-30,19:00:00,18.4,18.41,18.4,18.4,1000,0
2015-01-30,19:05:00,18.39,18.39,18.39,18.39,800,0
2015-01-30,19:10:00,18.39,18.4,18.39,18.4,1151,0
2015-01-30,19:15:00,18.4,18.41,18.4,18.41,900,0
2015-01-30,19:20:00,18.42,18.43,18.42,18.43,7049,0
2015-01-30,19:25:00,18.43,18.43,18.42,18.42,1100,0
2015-01-30,19:30:00,18.42,18.42,18.42,18.42,900,0
2015-01-30,19:35:00,18.42,18.42,18.41,18.41,1000,0
2015-01-30,19:40:00,18.41,18.41,18.41,18.41,1000,0
2015-01-30,19:45:00,18.41,18.41,18.4,18.4,1100,0
2015-01-30,19:50:00,18.38,18.38,18.36,18.36,1200,0
2015-01-30,19:55:00,18.36,18.37,18.36,18.37,800,0
2015-01-30,20:00:00,18.37,18.37,18.35,18.36,1300,0
2015-01-30,20:05:00,18.36,18.38,18.36,18.37,19430,0
2015-01-30,20:10:00,18.37,18.37,18.34,18.34,8872,0
2015-01-30,20:15:00,18.35,18.37,18.35,18.36,1694,0
2015-01-30,20:20:00,18.36,18.36,18.31,18.31,1455,0
2015-01-30,20:25:00,18.32,18.32,18.31,18.31,800,0
2015-01-30,20:30:00,18.32,18.32,18.29,18.29,1200,0
2015-01-30,20:35:00,18.28,18.31,18.28,18.31,800,0
2015-01-30,20:40:00,18.31,18.32,18.31,18.32,1000,0
2015-01-30,20:45:00,18.32,18.34,18.32,18.34,3849,0
2015-01-30,20:50:00,18.35,18.38,18.35,18.38,900,0
2015-01-30,20:55:00,18.39,18.4,18.39,18.4,1100,0
2015-01-30,21:00:00,18.4,18.43,18.39,18.42,2317,0
2015-01-30,21:05:00,18.42,18.42,18.4,18.42,1194,0
2015-01-30,21:10:00,18.42,18.45,18.41,18.44,1100,0
2015-01-30,21:15:00,18.44,18.44,18.43,18.43,1000,0
2015-01-30,21:20:00,18.41,18.45,18.41,18.45,900,0
2015-01-30,21:25:00,18.46,18.49,18.46,18.47,1200,0
2015-01-30,21:30:00,18.46,18.47,18.44,18.44,2700,0
2015-01-30,21:35:00,18.44,18.46,18.44,18.46,3343,0
2015-01-30,21:40:00,18.46,18.46,18.43,18.46,1200,0
2015-01-30,21:45:00,18.46,18.5,18.46,18.5,2459,0
2015-01-30,21:50:00,18.49,18.51,18.49,18.51,2700,0
2015-01-30,21:55:00,18.51,18.52,18.51,18.52,12757,0
2015-01-30,22:00:00,18.52,18.55,18.52,18.53,1886,0
2015-02-02,15:35:00,18.53,18.54,18.47,18.47,2216,0
2015-02-02,16:05:00,18.56,18.56,18.56,18.56,200,0
2015-02-02,16:15:00,18.64,18.64,18.64,18.64,600,0
2015-02-02,16:20:00,18.59,18.59,18.57,18.57,1000,0
2015-02-02,16:25:00,18.58,18.58,18.56,18.56,400,0
2015-02-02,16:40:00,18.59,18.59,18.59,18.59,200,0
2015-02-02,16:45:00,18.57,18.57,18.53,18.53,7285,0
2015-02-02,16:50:00,18.56,18.56,18.56,18.56,100,0
2015-02-02,17:35:00,18.45,18.45,18.45,18.45,100,0
2015-02-02,17:40:00,18.42,18.42,18.42,18.42,440,0
2015-02-02,18:00:00,18.45,18.45,18.45,18.45,100,0
2015-02-02,18:05:00,18.52,18.52,18.52,18.52,200,0
2015-02-02,18:25:00,18.48,18.48,18.48,18.48,100,0
2015-02-02,18:45:00,18.46,18.46,18.46,18.46,200,0
2015-02-02,18:55:00,18.52,18.52,18.52,18.52,200,0
2015-02-02,19:20:00,18.49,18.49,18.49,18.49,100,0
2015-02-02,19:30:00,18.47,18.47,18.47,18.47,500,0
2015-02-02,20:30:00,18.46,18.46,18.45,18.45,1482,0
2015-02-02,20:35:00,18.46,18.46,18.46,18.46,100,0
2015-02-02,20:40:00,18.44,18.47,18.44,18.47,3125,0
2015-02-02,21:10:00,18.45,18.45,18.44,18.44,3636,0
2015-02-02,21:20:00,18.43,18.43,18.43,18.43,738,0
2015-02-02,21:40:00,18.32,18.34,18.32,18.34,500,0
2015-02-02,21:45:00,18.31,18.31,18.31,18.31,100,0
2015-02-02,21:50:00,18.27,18.29,18.27,18.29,1101,0
2015-02-02,21:55:00,18.28,18.28,18.28,18.28,200,0
2015-02-02,22:00:00,18.29,18.29,18.29,18.29,400,0
2015-02-03,15:35:00,18.15,18.15,18.13,18.13,840,0
2015-02-03,15:50:00,18.1,18.1,18.09,18.09,400,0
2015-02-03,15:55:00,18.11,18.11,18.1,18.1,600,0
2015-02-03,16:00:00,18.09,18.09,18.09,18.09,100,0
2015-02-03,16:10:00,18.09,18.09,18.09,18.09,200,0
2015-02-03,16:15:00,18.1,18.1,18.1,18.1,150,0
2015-02-03,16:20:00,18.11,18.11,18.11,18.11,300,0
2015-02-03,16:25:00,18.11,18.11,18.1,18.1,1091,0
2015-02-03,17:10:00,18.14,18.14,18.14,18.14,265,0
2015-02-03,17:30:00,18.12,18.12,18.12,18.12,400,0
2015-02-03,17:40:00,18.11,18.11,18.11,18.11,430,0
2015-02-03,17:45:00,18.08,18.1,18.08,18.1,500,0
2015-02-03,17:50:00,18.08,18.08,18.08,18.08,100,0
2015-02-03,18:00:00,18.11,18.11,18.11,18.11,600,0
2015-02-03,18:10:00,18.11,18.11,18.11,18.11,300,0
2015-02-03,18:25:00,18.08,18.08,18.08,18.08,7085,0
2015-02-03,18:45:00,18.08,18.08,18.08,18.08,100,0
2015-02-03,18:50:00,18.07,18.07,18.07,18.07,100,0
2015-02-03,19:30:00,18.07,18.07,18.07,18.07,100,0
2015-02-03,19:55:00,18.05,18.05,18.05,18.05,250,0
2015-02-03,20:30:00,18.05,18.05,18.05,18.05,100,0
2015-02-03,20:40:00,18.05,18.06,18.05,18.05,1123,0
2015-02-03,20:50:00,18.05,18.05,18.05,18.05,849,0
2015-02-03,20:55:00,18.04,18.04,18.04,18.04,250,0
2015-02-03,21:05:00,18.01,18.01,18.0,18.0,4394,0
2015-02-03,21:10:00,18.01,18.01,18.01,18.01,200,0
2015-02-03,21:35:00,18.0,18.0,17.99,17.99,1200,0
2015-02-03,21:40:00,18.0,18.01,18.0,18.0,804,0
2015-02-03,21:50:00,17.99,17.99,17.97,17.97,600,0
2015-02-03,21:55:00,17.98,17.98,17.98,17.98,150,0
2015-02-03,22:00:00,17.98,17.99,17.98,17.99,4700,0
2015-02-04,15:35:00,17.99,18.02,17.99,18.02,1000,0
2015-02-04,15:50:00,17.97,17.97,17.97,17.97,900,0
2015-02-04,16:40:00,17.99,17.99,17.99,17.99,500,0
2015-02-04,16:45:00,17.96,17.96,17.96,17.96,100,0
2015-02-04,17:05:00,17.94,17.94,17.94,17.94,600,0
2015-02-04,17:10:00,17.93,17.93,17.93,17.93,100,0
2015-02-04,17:45:00,17.91,17.91,17.91,17.91,400,0
2015-02-04,17:55:00,17.92,17.92,17.91,17.91,350,0
2015-02-04,18:05:00,17.92,17.92,17.92,17.92,500,0
2015-02-04,18:15:00,17.94,17.95,17.94,17.95,205,0
2015-02-04,18:30:00,17.95,17.95,17.95,17.95,400,0
2015-02-04,20:20:00,17.97,17.97,17.97,17.97,1924,0
2015-02-04,21:20:00,17.9,17.92,17.88,17.92,8164,0
2015-02-04,21:35:00,17.87,17.87,17.87,17.87,303,0
2015-02-04,21:40:00,17.9,17.9,17.9,17.9,1588,0
2015-02-04,21:45:00,17.95,17.95,17.95,17.95,100,0
2015-02-05,15:35:00,17.96,17.96,17.94,17.94,500,0
2015-02-05,15:40:00,17.95,17.95,17.92,17.92,400,0
2015-02-05,15:45:00,17.92,17.92,17.92,17.92,200,0
2015-02-05,15:50:00,17.91,17.92,17.89,17.89,1100,0
2015-02-05,16:00:00,17.89,17.89,17.89,17.89,200,0
2015-02-05,16:05:00,17.89,17.89,17.89,17.89,200,0
2015-02-05,16:10:00,17.86,17.86,17.86,17.86,100,0
2015-02-05,16:15:00,17.86,17.88,17.86,17.88,500,0
2015-02-05,16:20:00,17.87,17.87,17.87,17.87,200,0
2015-02-05,16:25:00,17.88,17.88,17.88,17.88,200,0
2015-02-05,16:30:00,17.86,17.86,17.86,17.86,200,0
2015-02-05,16:35:00,17.87,17.87,17.87,17.87,200,0
2015-02-05,16:40:00,17.87,17.87,17.87,17.87,200,0
2015-02-05,16:45:00,17.87,17.87,17.87,17.87,200,0
2015-02-05,16:50:00,17.86,17.86,17.86,17.86,200,0
2015-02-05,16:55:00,17.84,17.84,17.84,17.84,200,0
2015-02-05,17:00:00,17.84,17.84,17.84,17.84,200,0
2015-02-05,17:05:00,17.85,17.85,17.85,17.85,200,0
2015-02-05,17:10:00,17.84,17.85,17.83,17.83,1669,0
2015-02-05,17:15:00,17.81,17.81,17.81,17.81,300,0
2015-02-05,17:20:00,17.83,17.83,17.83,17.83,1200,0
2015-02-05,17:35:00,17.84,17.84,17.84,17.84,200,0
2015-02-05,17:40:00,17.84,17.84,17.83,17.83,300,0
2015-02-05,17:45:00,17.84,17.84,17.84,17.84,200,0
2015-02-05,17:50:00,17.85,17.85,17.85,17.85,200,0
2015-02-05,17:55:00,17.84,17.84,17.84,17.84,100,0
2015-02-05,18:00:00,17.85,17.85,17.85,17.85,200,0
2015-02-05,18:05:00,17.84,17.84,17.84,17.84,200,0
2015-02-05,18:10:00,17.85,17.85,17.85,17.85,100,0
2015-02-05,18:15:00,17.86,17.86,17.86,17.86,200,0
2015-02-05,18:20:00,17.85,17.85,17.85,17.85,100,0
2015-02-05,18:25:00,17.86,17.86,17.86,17.86,200,0
2015-02-05,18:30:00,17.86,17.86,17.84,17.84,375,0
2015-02-05,18:35:00,17.86,17.86,17.86,17.86,200,0
2015-02-05,18:40:00,17.86,17.86,17.86,17.86,100,0
2015-02-05,18:45:00,17.86,17.86,17.86,17.86,200,0
2015-02-05,18:50:00,17.85,17.85,17.84,17.84,2111,0
2015-02-05,18:55:00,17.84,17.84,17.84,17.84,3000,0
2015-02-05,19:00:00,17.84,17.84,17.84,17.84,5500,0
2015-02-05,19:05:00,17.84,17.84,17.84,17.84,100,0
2015-02-05,19:10:00,17.84,17.84,17.83,17.83,12400,0
2015-02-05,19:15:00,17.83,17.83,17.82,17.82,4100,0
2015-02-05,19:20:00,17.82,17.82,17.82,17.82,500,0
2015-02-05,19:25:00,17.82,17.82,17.82,17.82,600,0
2015-02-05,19:30:00,17.82,17.82,17.81,17.81,600,0
2015-02-05,19:35:00,17.81,17.81,17.81,17.81,500,0
2015-02-05,19:40:00,17.8,17.8,17.8,17.8,500,0
2015-02-05,19:45:00,17.81,17.82,17.8,17.8,1689,0
2015-02-05,19:50:00,17.8,17.8,17.79,17.79,500,0
2015-02-05,19:55:00,17.79,17.8,17.78,17.79,600,0
2015-02-05,20:00:00,17.8,17.8,17.8,17.8,500,0
2015-02-05,20:05:00,17.8,17.81,17.8,17.81,1200,0
2015-02-05,20:15:00,17.82,17.82,17.81,17.81,1100,0
2015-02-05,20:20:00,17.81,17.81,17.8,17.8,500,0
2015-02-05,20:25:00,17.8,17.8,17.8,17.8,600,0
2015-02-05,20:30:00,17.8,17.81,17.8,17.81,600,0
2015-02-05,20:35:00,17.81,17.83,17.81,17.83,2616,0
2015-02-05,20:45:00,17.83,17.83,17.82,17.82,300,0
2015-02-05,20:50:00,17.82,17.83,17.82,17.83,10500,0
2015-02-05,21:05:00,17.84,17.84,17.84,17.84,100,0
2015-02-05,21:10:00,17.84,17.84,17.84,17.84,100,0
2015-02-05,21:15:00,17.84,17.84,17.84,17.84,200,0
2015-02-05,21:20:00,17.84,17.84,17.84,17.84,300,0
2015-02-05,21:25:00,17.83,17.83,17.83,17.83,200,0
2015-02-05,21:30:00,17.81,17.81,17.81,17.81,200,0
2015-02-05,21:35:00,17.8,17.8,17.8,17.8,200,0
2015-02-05,21:40:00,17.8,17.8,17.77,17.77,2496,0
2015-02-05,22:00:00,17.8,17.8,17.8,17.8,1277,0
2015-02-06,15:35:00,17.72,17.73,17.67,17.72,1950,0
2015-02-06,15:40:00,17.66,17.66,17.66,17.66,1136,0
2015-02-06,16:00:00,17.62,17.62,17.62,17.62,100,0
2015-02-06,16:15:00,17.61,17.61,17.6,17.6,1500,0
2015-02-06,16:50:00,17.57,17.57,17.57,17.57,100,0
2015-02-06,16:55:00,17.57,17.57,17.54,17.54,3900,0
2015-02-06,17:10:00,17.56,17.56,17.56,17.56,138322,0
2015-02-06,17:40:00,17.59,17.59,17.59,17.59,200,0
2015-02-06,17:50:00,17.59,17.59,17.59,17.59,200,0
2015-02-06,18:00:00,17.59,17.59,17.59,17.59,200,0
2015-02-06,18:35:00,17.58,17.58,17.58,17.58,200,0
2015-02-06,18:45:00,17.59,17.59,17.59,17.59,100,0
2015-02-06,19:00:00,17.62,17.62,17.62,17.62,100,0
2015-02-06,19:05:00,17.63,17.64,17.63,17.64,2283,0
2015-02-06,19:10:00,17.64,17.64,17.64,17.64,100,0
2015-02-06,19:35:00,17.69,17.69,17.69,17.69,200,0
2015-02-06,20:20:00,17.68,17.68,17.68,17.68,486,0
2015-02-06,20:40:00,17.68,17.68,17.67,17.67,1085,0
2015-02-06,20:50:00,17.66,17.66,17.66,17.66,1412,0
2015-02-06,21:20:00,17.76,17.77,17.76,17.77,840,0
2015-02-06,21:25:00,17.75,17.75,17.75,17.75,235,0
2015-02-06,21:30:00,17.76,17.76,17.76,17.76,500,0
2015-02-06,21:35:00,17.75,17.75,17.75,17.75,400,0
2015-02-06,21:50:00,17.78,17.78,17.78,17.78,158,0
2015-02-06,22:00:00,17.76,17.76,17.76,17.76,100,0
2015-02-09,15:35:00,17.84,17.84,17.84,17.84,900,0
2015-02-09,15:50:00,17.82,17.82,17.8,17.8,700,0
2015-02-09,16:10:00,17.81,17.81,17.81,17.81,100,0
2015-02-09,16:15:00,17.82,17.82,17.82,17.82,7386,0
2015-02-09,16:20:00,17.82,17.82,17.8,17.8,700,0
2015-02-09,16:30:00,17.83,17.83,17.83,17.83,400,0
2015-02-09,16:35:00,17.83,17.83,17.83,17.83,3210,0
2015-02-09,17:25:00,17.77,17.77,17.77,17.77,100,0
2015-02-09,19:35:00,17.77,17.77,17.77,17.77,1400,0
2015-02-09,20:25:00,17.8,17.8,17.8,17.8,378,0
2015-02-09,20:40:00,17.79,17.79,17.79,17.79,100,0
2015-02-09,20:45:00,17.8,17.8,17.79,17.79,716,0
2015-02-09,20:50:00,17.8,17.81,17.8,17.81,2800,0
2015-02-09,21:10:00,17.82,17.83,17.82,17.83,700,0
2015-02-09,21:15:00,17.84,17.84,17.84,17.84,106,0
2015-02-09,21:35:00,17.82,17.82,17.82,17.82,567,0
2015-02-09,21:45:00,17.79,17.79,17.79,17.79,1200,0
2015-02-09,21:55:00,17.8,17.8,17.8,17.8,100,0
2015-02-09,22:00:00,17.81,17.81,17.8,17.8,2386,0
2015-02-10,15:35:00,17.7,17.7,17.7,17.7,100,0
2015-02-10,15:55:00,17.72,17.72,17.72,17.72,100,0
2015-02-10,16:05:00,17.76,17.76,17.76,17.76,500,0
2015-02-10,16:30:00,17.75,17.75,17.75,17.75,300,0
2015-02-10,18:55:00,17.76,17.76,17.76,17.76,200,0
2015-02-10,19:30:00,17.8,17.8,17.8,17.8,1200,0
2015-02-10,20:35:00,17.75,17.75,17.75,17.75,941,0
2015-02-10,20:55:00,17.72,17.72,17.72,17.72,237,0
2015-02-10,21:00:00,17.72,17.73,17.69,17.69,3944,0
2015-02-10,21:05:00,17.7,17.7,17.7,17.7,100,0
2015-02-10,21:25:00,17.71,17.71,17.71,17.71,2000,0
2015-02-10,22:00:00,17.71,17.71,17.71,17.71,200,0
2015-02-11,16:35:00,17.74,17.74,17.74,17.74,100,0
2015-02-11,16:55:00,17.74,17.74,17.74,17.74,500,0
2015-02-11,17:00:00,17.73,17.73,17.73,17.73,800,0
2015-02-11,17:35:00,17.75,17.75,17.75,17.75,600,0
2015-02-11,21:25:00,17.7,17.7,17.7,17.7,210,0
2015-02-11,21:35:00,17.67,17.69,17.67,17.69,824,0
2015-02-12,15:50:00,17.63,17.63,17.62,17.62,200,0
2015-02-12,15:55:00,17.61,17.61,17.6,17.6,400,0
2015-02-12,16:10:00,17.57,17.57,17.57,17.57,300,0
2015-02-12,16:25:00,17.55,17.55,17.55,17.55,750,0
2015-02-12,17:25:00,17.59,17.6,17.59,17.6,1432,0
2015-02-12,19:40:00,17.53,17.53,17.52,17.52,649,0
2015-02-12,20:30:00,17.53,17.53,17.53,17.53,1689,0
2015-02-12,20:45:00,17.53,17.53,17.52,17.52,1092,0
2015-02-12,21:45:00,17.5,17.5,17.49,17.49,800,0
2015-02-12,21:50:00,17.48,17.48,17.48,17.48,196,0
2015-02-13,15:35:00,17.54,17.54,17.54,17.54,1700,0
2015-02-13,15:40:00,17.49,17.49,17.48,17.48,400,0
2015-02-13,15:45:00,17.48,17.49,17.47,17.47,675,0
2015-02-13,15:50:00,17.48,17.48,17.48,17.48,300,0
2015-02-13,16:40:00,17.47,17.47,17.47,17.47,1000,0
2015-02-13,16:45:00,17.47,17.47,17.47,17.47,200,0
2015-02-13,16:50:00,17.49,17.49,17.47,17.47,200,0
2015-02-13,17:05:00,17.47,17.47,17.47,17.47,300,0
2015-02-13,17:10:00,17.47,17.47,17.47,17.47,200,0
2015-02-13,18:25:00,17.51,17.51,17.51,17.51,400,0
2015-02-13,19:35:00,17.54,17.55,17.54,17.55,700,0
2015-02-13,19:55:00,17.55,17.55,17.55,17.55,1872,0
2015-02-13,20:15:00,17.55,17.55,17.55,17.55,170,0
2015-02-13,20:45:00,17.53,17.53,17.53,17.53,200,0
2015-02-13,20:55:00,17.54,17.54,17.54,17.54,538,0
2015-02-13,21:00:00,17.54,17.54,17.54,17.54,900,0
2015-02-13,22:00:00,17.52,17.52,17.52,17.52,200,0
2015-02-17,15:35:00,17.52,17.52,17.52,17.52,1290,0
2015-02-17,15:40:00,17.53,17.53,17.53,17.53,100,0
2015-02-17,15:50:00,17.49,17.49,17.49,17.49,100,0
2015-02-17,15:55:00,17.49,17.49,17.49,17.49,100,0
2015-02-17,16:05:00,17.49,17.49,17.49,17.49,200,0
2015-02-17,16:55:00,17.5,17.5,17.5,17.5,100,0
2015-02-17,17:00:00,17.52,17.52,17.52,17.52,400,0
2015-02-17,18:30:00,17.49,17.49,17.49,17.49,1140,0
2015-02-17,19:40:00,17.43,17.44,17.43,17.43,1300,0
2015-02-17,20:10:00,17.44,17.47,17.44,17.47,3143,0
2015-02-17,20:15:00,17.45,17.45,17.45,17.45,316,0
2015-02-17,20:30:00,17.45,17.45,17.45,17.45,1250,0
2015-02-17,20:50:00,17.45,17.45,17.45,17.45,500,0
2015-02-17,21:00:00,17.46,17.46,17.46,17.46,484,0
2015-02-17,21:25:00,17.47,17.48,17.47,17.48,812,0
2015-02-17,21:35:00,17.47,17.47,17.47,17.47,811,0
2015-02-17,21:45:00,17.47,17.47,17.47,17.47,987,0
2015-02-18,15:40:00,17.49,17.49,17.49,17.49,100,0
2015-02-18,16:35:00,17.57,17.57,17.57,17.57,975,0
2015-02-18,16:50:00,17.52,17.52,17.52,17.52,600,0
2015-02-18,17:30:00,17.52,17.52,17.52,17.52,100,0
2015-02-18,17:45:00,17.52,17.52,17.52,17.52,1000,0
2015-02-18,18:45:00,17.54,17.54,17.54,17.54,300,0
2015-02-18,19:50:00,17.55,17.55,17.55,17.55,500,0
2015-02-18,20:05:00,17.54,17.54,17.54,17.54,100,0
2015-02-18,20:35:00,17.58,17.58,17.56,17.58,1421,0
2015-02-18,20:40:00,17.58,17.6,17.58,17.6,3142,0
2015-02-18,20:50:00,17.58,17.59,17.56,17.56,1000,0
2015-02-18,21:15:00,17.55,17.55,17.55,17.55,200,0
2015-02-18,21:20:00,17.55,17.57,17.55,17.55,4152,0
2015-02-18,21:25:00,17.54,17.54,17.54,17.54,200,0
2015-02-18,21:55:00,17.56,17.56,17.56,17.56,1000,0
2015-02-18,22:00:00,17.55,17.55,17.55,17.55,300,0
2015-02-19,16:15:00,17.64,17.65,17.64,17.64,4556,0
2015-02-19,16:50:00,17.62,17.62,17.62,17.62,400,0
2015-02-19,17:05:00,17.61,17.61,17.61,17.61,1050,0
2015-02-19,20:00:00,17.63,17.63,17.63,17.63,200,0
2015-02-19,20:05:00,17.62,17.62,17.62,17.62,400,0
2015-02-19,21:00:00,17.61,17.61,17.61,17.61,304,0
2015-02-19,21:15:00,17.63,17.63,17.63,17.63,312,0
2015-02-19,21:35:00,17.61,17.61,17.61,17.61,300,0
2015-02-20,15:35:00,17.68,17.68,17.65,17.65,500,0
2015-02-20,15:55:00,17.71,17.71,17.71,17.71,700,0
2015-02-20,16:00:00,17.71,17.71,17.71,17.71,100,0
2015-02-20,16:05:00,17.72,17.72,17.72,17.72,300,0
2015-02-20,16:30:00,17.67,17.67,17.67,17.67,1800,0
2015-02-20,17:05:00,17.61,17.61,17.61,17.61,1000,0
2015-02-20,18:55:00,17.56,17.56,17.56,17.56,600,0
2015-02-20,20:05:00,17.51,17.51,17.51,17.51,400,0
2015-02-20,20:10:00,17.5,17.5,17.5,17.5,400,0
2015-02-20,21:00:00,17.49,17.49,17.49,17.49,300,0
2015-02-20,21:05:00,17.48,17.48,17.48,17.48,2000,0
2015-02-20,21:10:00,17.48,17.48,17.48,17.48,611,0
2015-02-20,21:15:00,17.47,17.47,17.47,17.47,1000,0
2015-02-20,21:35:00,17.48,17.48,17.48,17.48,800,0
2015-02-20,21:50:00,17.47,17.47,17.47,17.47,100,0
2015-02-23,16:05:00,17.59,17.59,17.59,17.59,200,0
2015-02-23,16:10:00,17.59,17.59,17.59,17.59,200,0
2015-02-23,18:40:00,17.54,17.54,17.54,17.54,400,0
2015-02-23,20:55:00,17.56,17.56,17.56,17.56,714,0
2015-02-23,21:25:00,17.56,17.56,17.56,17.56,275,0
2015-02-23,21:40:00,17.54,17.54,17.54,17.54,332,0
2015-02-23,21:55:00,17.53,17.53,17.53,17.53,100,0
