Date,Time,Open,High,Low,Close,Volume,OpenInt
2014-03-11,19:20:00,8.61,8.65,8.58,8.65,11700,0
2014-03-11,19:25:00,8.69,8.96,8.69,8.69,6341,0
2014-03-11,19:30:00,8.88,8.88,8.71,8.72,11100,0
2014-03-11,19:35:00,8.8,8.8,8.7,8.74,5800,0
2014-03-11,19:40:00,8.75,8.75,8.7,8.7,2837,0
2014-03-11,20:55:00,8.59,8.68,8.58,8.68,3000,0
2014-03-11,21:00:00,8.61,8.71,8.61,8.71,200,0
2014-03-12,15:05:00,8.2,8.33,8.12,8.33,3200,0
2014-03-12,15:10:00,8.32,8.41,8.32,8.41,2900,0
2014-03-12,15:15:00,8.43,8.46,8.42,8.42,2500,0
2014-03-12,18:50:00,8.56,8.66,8.55,8.66,1200,0
2014-03-12,20:45:00,8.64,8.64,8.64,8.64,100,0
2014-03-12,20:55:00,8.7,8.7,8.61,8.62,3700,0
2014-03-12,21:00:00,8.5,8.5,8.5,8.5,184,0
2014-03-13,14:50:00,8.6,8.6,8.6,8.6,100,0
2014-03-13,14:55:00,8.63,8.63,8.63,8.63,300,0
2014-03-13,16:25:00,8.6,8.6,8.6,8.6,700,0
2014-03-13,16:30:00,8.6,8.6,8.6,8.6,540,0
2014-03-13,17:15:00,8.7,8.7,8.7,8.7,200,0
2014-03-13,17:25:00,8.6,8.6,8.6,8.6,900,0
2014-03-13,18:00:00,8.6,8.6,8.6,8.6,1200,0
2014-03-13,20:00:00,8.64,8.65,8.64,8.65,400,0
2014-03-13,20:50:00,8.69,8.69,8.69,8.69,400,0
2014-03-13,21:00:00,8.68,8.68,8.68,8.68,100,0
2014-03-14,14:35:00,8.7,8.7,8.7,8.7,585,0
2014-03-14,20:00:00,8.56,8.56,8.56,8.56,100,0
2014-03-14,20:05:00,8.61,8.62,8.61,8.61,800,0
2014-03-14,20:10:00,8.65,8.65,8.61,8.61,200,0
2014-03-14,20:55:00,8.55,8.55,8.55,8.55,100,0
2014-03-17,14:35:00,8.7,8.7,8.7,8.7,300,0
2014-03-17,15:10:00,8.43,8.46,8.43,8.46,799,0
2014-03-18,14:50:00,8.65,8.65,8.65,8.65,300,0
2014-03-18,19:40:00,8.46,8.46,8.32,8.32,1600,0
2014-03-18,19:45:00,8.33,8.35,8.25,8.35,4500,0
2014-03-18,19:50:00,8.35,8.39,8.24,8.38,2312,0
2014-03-18,19:55:00,8.4,8.43,8.36,8.43,4180,0
2014-03-18,20:00:00,8.44,8.49,8.43,8.49,1600,0
2014-03-18,20:05:00,8.48,8.52,8.48,8.52,1100,0
2014-03-18,20:10:00,8.52,8.58,8.51,8.58,2200,0
2014-03-18,20:30:00,8.61,8.75,8.61,8.75,5500,0
2014-03-18,20:35:00,8.8,9.0,8.8,8.91,6100,0
2014-03-18,20:40:00,8.91,8.94,8.88,8.88,3500,0
2014-03-18,20:45:00,8.86,8.9,8.8,8.8,5100,0
2014-03-18,20:50:00,8.79,8.86,8.73,8.73,5300,0
2014-03-18,20:55:00,8.73,8.74,8.67,8.72,8100,0
2014-03-18,21:00:00,8.66,8.72,8.63,8.72,800,0
2014-03-19,16:35:00,8.59,8.6,8.59,8.6,700,0
2014-03-19,17:00:00,8.53,8.53,8.45,8.51,4500,0
2014-03-19,17:05:00,8.51,8.61,8.51,8.6,962,0
2014-03-19,17:20:00,8.61,8.66,8.59,8.66,2900,0
2014-03-19,19:40:00,8.65,8.65,8.61,8.61,4100,0
2014-03-19,19:45:00,8.64,8.64,8.64,8.64,8024,0
2014-03-20,20:00:00,8.64,8.67,8.64,8.65,400,0
2014-03-20,20:05:00,8.62,8.62,8.52,8.52,500,0
2014-03-20,20:10:00,8.61,8.61,8.61,8.61,200,0
2014-03-20,20:15:00,8.52,8.62,8.51,8.52,800,0
2014-03-20,20:20:00,8.63,8.63,8.5,8.5,300,0
2014-03-20,20:25:00,8.5,8.63,8.5,8.63,600,0
2014-03-20,20:30:00,8.48,8.48,8.48,8.48,100,0
2014-03-20,20:35:00,8.61,8.61,8.49,8.6,700,0
2014-03-20,20:40:00,8.5,8.7,8.5,8.7,800,0
2014-03-20,20:45:00,8.6,8.6,8.6,8.6,200,0
2014-03-21,14:50:00,8.61,8.61,8.6,8.6,500,0
2014-03-21,14:55:00,8.58,8.58,8.58,8.58,100,0
2014-03-21,15:15:00,8.52,8.52,8.5,8.5,400,0
2014-03-21,16:00:00,8.7,8.7,8.7,8.7,175,0
2014-03-21,19:40:00,8.43,8.43,8.43,8.43,400,0
2014-03-21,20:50:00,8.69,8.69,8.67,8.67,900,0
2014-03-21,20:55:00,8.68,8.68,8.65,8.68,1000,0
2014-03-21,21:00:00,8.68,8.72,8.62,8.72,1700,0
2014-03-24,14:35:00,7.99,8.01,7.99,8.0,1000,0
2014-03-24,14:40:00,7.99,8.01,7.7,7.99,8700,0
2014-03-24,14:45:00,7.76,7.78,7.76,7.78,1000,0
2014-03-24,14:50:00,7.88,7.9,7.88,7.9,1600,0
2014-03-24,14:55:00,8.0,8.01,8.0,8.0,2400,0
2014-03-24,15:05:00,7.96,7.96,7.96,7.96,1000,0
2014-03-24,15:45:00,7.81,7.81,7.81,7.81,536,0
2014-03-24,16:10:00,7.81,7.82,7.81,7.82,4200,0
2014-03-24,16:15:00,7.81,7.83,7.75,7.76,1705,0
2014-03-24,16:20:00,7.83,7.83,7.77,7.77,500,0
2014-03-24,16:25:00,7.76,7.76,7.62,7.7,1050,0
2014-03-24,16:55:00,7.8,7.8,7.8,7.8,2000,0
2014-03-24,17:10:00,7.75,7.75,7.75,7.75,448,0
2014-03-24,17:15:00,7.78,7.78,7.77,7.78,2300,0
2014-03-24,17:40:00,7.78,7.78,7.78,7.78,1100,0
2014-03-24,17:45:00,7.78,7.78,7.78,7.78,900,0
2014-03-24,17:55:00,7.75,7.75,7.75,7.75,200,0
2014-03-24,18:10:00,7.75,7.75,7.7,7.7,8000,0
2014-03-24,18:15:00,7.65,7.65,7.53,7.55,9770,0
2014-03-24,19:00:00,7.77,7.77,7.77,7.77,150,0
2014-03-24,20:00:00,7.7,7.7,7.7,7.7,300,0
2014-03-24,20:10:00,7.7,7.7,7.7,7.7,1500,0
2014-03-24,20:15:00,7.7,7.7,7.7,7.7,2100,0
2014-03-24,20:50:00,7.6,7.61,7.59,7.59,7002,0
2014-03-24,20:55:00,7.57,7.57,7.32,7.35,5100,0
2014-03-24,21:00:00,7.56,7.56,7.56,7.56,1000,0
2014-03-25,14:50:00,7.65,7.65,7.65,7.65,200,0
2014-03-25,14:55:00,7.71,7.71,7.62,7.65,400,0
2014-03-25,15:00:00,7.65,7.65,7.65,7.65,900,0
2014-03-25,15:10:00,7.59,7.59,7.37,7.37,4062,0
2014-03-25,15:30:00,7.51,7.51,7.45,7.45,400,0
2014-03-25,15:40:00,7.44,7.44,7.44,7.44,5000,0
2014-03-25,16:10:00,7.44,7.44,7.44,7.44,3000,0
2014-03-25,16:20:00,7.44,7.44,7.44,7.44,100,0
2014-03-25,16:45:00,7.43,7.45,7.43,7.45,2200,0
2014-03-25,17:00:00,7.4,7.4,7.4,7.4,656,0
2014-03-25,17:05:00,7.4,7.4,7.36,7.38,5784,0
2014-03-25,17:10:00,7.38,7.38,7.37,7.38,1500,0
2014-03-25,17:20:00,7.44,7.44,7.44,7.44,300,0
2014-03-25,17:35:00,7.44,7.44,7.44,7.44,300,0
2014-03-25,17:40:00,7.44,7.44,7.44,7.44,200,0
2014-03-25,17:55:00,7.36,7.36,7.36,7.36,200,0
2014-03-25,18:00:00,7.36,7.36,7.36,7.36,400,0
2014-03-25,18:20:00,7.45,7.45,7.43,7.43,2000,0
2014-03-25,18:25:00,7.43,7.43,7.43,7.43,400,0
2014-03-25,18:30:00,7.4,7.45,7.4,7.45,4100,0
2014-03-25,19:25:00,7.43,7.44,7.43,7.44,600,0
2014-03-25,19:50:00,7.45,7.45,7.45,7.45,500,0
2014-03-25,19:55:00,7.49,7.5,7.48,7.5,1300,0
2014-03-25,20:00:00,7.53,7.53,7.53,7.53,100,0
2014-03-25,20:05:00,7.55,7.55,7.55,7.55,400,0
2014-03-25,20:10:00,7.52,7.52,7.52,7.52,300,0
2014-03-25,20:20:00,7.57,7.57,7.57,7.57,500,0
2014-03-25,20:35:00,7.57,7.57,7.57,7.57,200,0
2014-03-25,20:40:00,7.56,7.56,7.56,7.56,100,0
2014-03-25,20:55:00,7.5,7.5,7.5,7.5,2700,0
2014-03-25,21:00:00,7.49,7.5,7.49,7.49,1300,0
2014-03-26,17:45:00,7.5,7.52,7.5,7.5,900,0
2014-03-27,18:00:00,7.46,7.46,7.46,7.46,2500,0
2014-03-27,18:05:00,7.46,7.46,7.46,7.46,6000,0
2014-03-27,18:15:00,7.44,7.44,7.44,7.44,100,0
2014-03-27,18:20:00,7.45,7.46,7.41,7.41,5500,0
2014-03-27,18:25:00,7.45,7.45,7.41,7.41,6900,0
2014-03-27,18:30:00,7.45,7.46,7.41,7.41,4800,0
2014-03-27,18:35:00,7.46,7.49,7.45,7.49,2560,0
2014-03-27,18:40:00,7.48,7.48,7.48,7.48,1000,0
2014-03-27,18:45:00,7.48,7.48,7.48,7.48,100,0
2014-03-27,18:50:00,7.48,7.48,7.47,7.47,500,0
2014-03-27,19:55:00,7.61,7.62,7.56,7.6,760,0
2014-03-27,20:45:00,7.68,7.74,7.68,7.72,400,0
2014-03-27,20:50:00,7.82,7.82,7.61,7.65,12201,0
2014-03-27,20:55:00,7.49,7.49,7.49,7.49,200,0
2014-03-27,21:00:00,7.47,7.47,7.47,7.47,100,0
2014-03-28,15:50:00,7.85,7.85,7.82,7.82,700,0
2014-03-28,16:40:00,7.48,7.49,7.48,7.48,400,0
2014-03-31,20:05:00,7.55,7.7,7.49,7.6,1200,0
2014-03-31,20:10:00,7.68,7.68,7.63,7.64,1600,0
2014-03-31,20:15:00,7.58,7.58,7.58,7.58,700,0
2014-03-31,20:20:00,7.62,7.62,7.62,7.62,100,0
2014-03-31,21:40:00,7.74,7.78,7.74,7.78,500,0
2014-04-01,16:00:00,7.78,7.81,7.78,7.81,800,0
2014-04-01,18:10:00,7.61,7.61,7.61,7.61,200,0
2014-04-01,20:25:00,7.62,7.62,7.62,7.62,600,0
2014-04-01,20:45:00,7.58,7.6,7.55,7.6,3050,0
2014-04-01,20:50:00,7.6,7.6,7.58,7.58,1880,0
2014-04-01,20:55:00,7.6,7.6,7.6,7.6,400,0
2014-04-01,21:00:00,7.6,7.6,7.6,7.6,2135,0
2014-04-01,21:05:00,7.62,7.62,7.62,7.62,120,0
2014-04-01,21:10:00,7.62,7.78,7.62,7.78,3783,0
2014-04-01,21:20:00,7.7,7.7,7.7,7.7,166,0
2014-04-01,21:35:00,7.79,7.79,7.79,7.79,200,0
2014-04-01,21:40:00,7.76,7.79,7.65,7.65,10082,0
2014-04-02,17:00:00,7.74,7.75,7.66,7.74,3096,0
2014-04-02,17:05:00,7.84,7.84,7.65,7.65,3199,0
2014-04-02,18:25:00,7.68,7.7,7.68,7.7,300,0
2014-04-02,18:30:00,7.69,7.73,7.69,7.73,2100,0
2014-04-02,19:30:00,7.72,7.76,7.72,7.76,300,0
2014-04-02,19:35:00,7.73,7.73,7.73,7.73,1100,0
2014-04-02,20:50:00,7.67,7.68,7.67,7.67,400,0
2014-04-02,21:50:00,7.71,7.71,7.7,7.7,400,0
2014-04-02,21:55:00,7.72,7.72,7.7,7.7,400,0
2014-04-02,22:00:00,7.7,7.7,7.69,7.7,500,0
2014-04-03,15:35:00,7.95,7.95,7.95,7.95,1000,0
2014-04-03,16:35:00,7.7,7.7,7.7,7.7,100,0
2014-04-03,16:40:00,7.8,7.8,7.7,7.7,4248,0
2014-04-03,16:45:00,7.71,7.72,7.71,7.72,600,0
2014-04-03,16:50:00,7.73,7.74,7.71,7.71,1500,0
2014-04-03,16:55:00,7.76,7.76,7.76,7.76,100,0
2014-04-03,18:00:00,7.78,7.81,7.78,7.81,200,0
2014-04-03,21:30:00,7.7,7.7,7.7,7.7,200,0
2014-04-03,21:40:00,7.73,7.76,7.73,7.75,1200,0
2014-04-04,16:20:00,7.76,7.76,7.76,7.76,1000,0
2014-04-04,16:25:00,7.78,7.78,7.75,7.76,1300,0
2014-04-04,16:55:00,7.76,7.76,7.76,7.76,200,0
2014-04-04,18:05:00,7.75,7.75,7.75,7.75,100,0
2014-04-04,18:45:00,7.77,7.77,7.75,7.75,1100,0
2014-04-04,18:50:00,7.75,7.76,7.75,7.76,4400,0
2014-04-04,18:55:00,7.76,7.76,7.76,7.76,2000,0
2014-04-04,19:00:00,7.78,7.78,7.78,7.78,300,0
2014-04-04,19:05:00,7.78,7.78,7.78,7.78,4000,0
2014-04-04,19:45:00,7.75,7.75,7.75,7.75,1994,0
2014-04-04,20:00:00,7.76,7.76,7.76,7.76,100,0
2014-04-04,20:30:00,7.79,7.79,7.79,7.79,260,0
2014-04-04,20:50:00,7.81,7.81,7.78,7.78,828,0
2014-04-04,20:55:00,7.75,7.78,7.75,7.75,6400,0
2014-04-04,21:25:00,7.78,7.78,7.78,7.78,200,0
2014-04-08,15:45:00,7.74,7.74,7.74,7.74,500,0
2014-04-08,15:50:00,7.77,7.77,7.77,7.77,1000,0
2014-04-08,19:35:00,7.81,7.81,7.81,7.81,100,0
2014-04-08,19:50:00,7.8,7.8,7.7,7.8,1400,0
2014-04-09,16:50:00,7.8,7.8,7.8,7.8,400,0
2014-04-09,17:45:00,7.75,7.87,7.75,7.87,14200,0
2014-04-09,21:10:00,7.81,7.82,7.81,7.82,874,0
2014-04-09,21:40:00,7.82,7.82,7.82,7.82,100,0
2014-04-09,21:50:00,7.83,7.84,7.83,7.84,1196,0
2014-04-09,21:55:00,7.79,7.84,7.79,7.84,200,0
2014-04-10,16:05:00,7.98,7.98,7.98,7.98,300,0
2014-04-10,16:55:00,7.99,7.99,7.99,7.99,100,0
2014-04-10,17:10:00,7.96,7.96,7.96,7.96,200,0
2014-04-10,17:15:00,7.96,7.96,7.96,7.96,1000,0
2014-04-10,17:40:00,7.96,7.96,7.96,7.96,200,0
2014-04-10,21:05:00,7.75,7.75,7.75,7.75,3700,0
2014-04-10,21:35:00,7.84,7.84,7.84,7.84,100,0
2014-04-10,22:00:00,7.74,7.74,7.74,7.74,400,0
2014-04-11,18:15:00,7.73,7.73,7.73,7.73,200,0
2014-04-11,19:25:00,7.85,7.85,7.85,7.85,400,0
2014-04-16,17:35:00,7.86,7.86,7.86,7.86,150,0
2014-04-16,18:55:00,7.76,7.76,7.76,7.76,300,0
2014-04-16,21:30:00,7.84,7.85,7.84,7.85,500,0
2014-04-16,21:50:00,7.85,7.85,7.85,7.85,500,0
2014-04-16,22:00:00,7.86,7.86,7.86,7.86,100,0
2014-04-17,16:25:00,7.83,7.83,7.83,7.83,137,0
2014-04-17,18:15:00,7.86,7.86,7.86,7.86,1000,0
2014-04-17,18:20:00,7.85,7.85,7.85,7.85,100,0
2014-04-17,18:25:00,7.85,7.85,7.85,7.85,500,0
2014-04-17,18:30:00,7.86,7.86,7.86,7.86,2000,0
2014-04-17,20:15:00,7.81,7.81,7.81,7.81,400,0
2014-04-17,20:20:00,7.81,7.81,7.81,7.81,800,0
2014-04-17,20:25:00,7.81,7.81,7.81,7.81,1300,0
2014-04-17,21:25:00,7.8,7.8,7.8,7.8,600,0
2014-04-17,22:00:00,7.8,7.8,7.8,7.8,600,0
2014-04-22,16:55:00,7.8,7.8,7.8,7.8,459,0
2014-04-22,17:00:00,7.8,7.8,7.8,7.8,557,0
2014-04-22,19:25:00,7.86,7.86,7.86,7.86,1100,0
2014-04-22,19:30:00,7.8,7.8,7.8,7.8,2648,0
2014-04-23,16:30:00,7.96,7.96,7.94,7.94,1936,0
2014-04-23,21:00:00,7.8,7.8,7.8,7.8,100,0
2014-04-24,15:35:00,7.8,7.8,7.8,7.8,100,0
2014-04-29,15:40:00,7.81,7.81,7.8,7.8,720,0
2014-04-29,16:35:00,7.8,7.8,7.8,7.8,600,0
2014-04-29,17:35:00,7.8,7.8,7.8,7.8,931,0
2014-04-29,21:25:00,7.81,7.81,7.81,7.81,300,0
2014-04-29,21:50:00,7.81,7.81,7.8,7.8,300,0
2014-05-01,15:45:00,7.81,7.81,7.81,7.81,100,0
2014-05-01,16:05:00,7.8,7.8,7.8,7.8,400,0
2014-05-01,16:15:00,7.8,7.8,7.8,7.8,100,0
2014-05-01,17:00:00,7.8,7.8,7.8,7.8,500,0
2014-05-01,19:35:00,7.8,7.8,7.8,7.8,1213,0
2014-05-02,22:00:00,7.92,7.92,7.92,7.92,100,0
2014-05-05,15:35:00,7.8,7.8,7.8,7.8,200,0
2014-05-06,15:45:00,7.79,7.79,7.79,7.79,570,0
2014-05-07,18:15:00,7.8,7.8,7.78,7.78,935,0
2014-05-07,18:20:00,7.78,7.78,7.78,7.78,380,0
2014-05-07,20:00:00,7.79,7.79,7.79,7.79,500,0
2014-05-07,20:10:00,7.8,7.8,7.8,7.8,2100,0
2014-05-07,21:10:00,7.82,7.82,7.82,7.82,100,0
2014-05-08,15:45:00,7.68,7.68,7.66,7.66,1300,0
2014-05-08,17:40:00,7.67,7.67,7.67,7.67,400,0
2014-05-08,17:55:00,7.7,7.7,7.7,7.7,362,0
2014-05-08,18:00:00,7.7,7.7,7.7,7.7,400,0
2014-05-08,18:15:00,7.68,7.68,7.68,7.68,119,0
2014-05-08,19:25:00,7.71,7.71,7.71,7.71,400,0
2014-05-08,19:35:00,7.66,7.68,7.65,7.68,2019,0
2014-05-08,19:55:00,7.68,7.68,7.68,7.68,200,0
2014-05-08,20:15:00,7.68,7.68,7.68,7.68,200,0
2014-05-08,20:25:00,7.68,7.68,7.68,7.68,200,0
2014-05-08,20:40:00,7.68,7.68,7.68,7.68,300,0
2014-05-08,22:00:00,7.69,7.69,7.69,7.69,200,0
2014-05-09,15:35:00,7.65,7.65,7.65,7.65,100,0
2014-05-09,16:30:00,7.67,7.67,7.65,7.66,1100,0
2014-05-09,17:00:00,7.65,7.65,7.65,7.65,100,0
2014-05-09,17:10:00,7.66,7.66,7.66,7.66,100,0
2014-05-09,18:20:00,7.65,7.65,7.65,7.65,100,0
2014-05-13,21:30:00,7.59,7.6,7.57,7.57,1258,0
2014-05-13,21:35:00,7.52,7.52,7.52,7.52,500,0
2014-05-13,21:50:00,7.47,7.67,7.4,7.4,14800,0
2014-05-13,21:55:00,7.56,7.7,7.35,7.67,21630,0
2014-05-13,22:00:00,7.68,7.68,7.67,7.67,1228,0
2014-05-14,19:50:00,7.33,7.52,7.33,7.52,1432,0
2014-05-14,20:50:00,7.38,7.38,7.38,7.38,300,0
2014-05-14,21:15:00,7.31,7.32,7.25,7.28,5300,0
2014-05-14,21:50:00,7.31,7.31,7.31,7.31,100,0
2014-05-14,21:55:00,7.44,7.45,7.44,7.45,380,0
2014-05-14,22:00:00,7.37,7.45,7.37,7.45,300,0
2014-05-15,16:30:00,7.28,7.44,7.27,7.44,500,0
2014-05-15,21:55:00,7.33,7.4,7.33,7.4,1200,0
2014-05-16,16:40:00,7.3,7.3,7.0,7.19,5807,0
2014-05-16,16:45:00,6.94,7.1,6.86,7.1,1800,0
2014-05-16,16:55:00,7.08,7.08,7.08,7.08,1000,0
2014-05-16,17:30:00,7.1,7.1,7.1,7.1,200,0
2014-05-16,17:35:00,7.13,7.13,7.1,7.1,800,0
2014-05-16,20:20:00,7.18,7.2,7.18,7.2,2727,0
2014-05-19,22:00:00,7.24,7.28,7.24,7.25,1756,0
2014-05-20,16:40:00,7.28,7.28,7.27,7.27,1365,0
2014-05-20,20:35:00,7.28,7.28,7.28,7.28,100,0
2014-05-20,20:40:00,7.25,7.26,7.17,7.17,1200,0
2014-05-21,20:50:00,7.27,7.27,7.26,7.26,200,0
2014-05-21,21:40:00,7.25,7.25,7.25,7.25,400,0
2014-05-22,20:00:00,7.21,7.21,7.21,7.21,400,0
2014-05-22,21:25:00,7.17,7.17,7.15,7.17,2000,0
2014-05-22,21:30:00,7.15,7.15,7.1,7.1,3574,0
2014-05-22,21:45:00,7.09,7.09,7.09,7.09,350,0
2014-05-23,17:05:00,7.05,7.05,7.0,7.0,1300,0
2014-05-23,18:15:00,6.99,7.0,6.99,7.0,500,0
2014-05-23,18:25:00,6.93,6.94,6.9,6.94,2300,0
2014-05-23,18:35:00,7.08,7.09,7.08,7.09,500,0
2014-05-23,19:15:00,6.91,6.91,6.9,6.91,1229,0
2014-05-23,20:20:00,6.9,6.9,6.9,6.9,200,0
2014-05-23,21:35:00,6.93,7.0,6.8,6.8,1360,0
2014-05-27,15:40:00,6.99,6.99,6.99,6.99,200,0
2014-05-27,17:15:00,6.9,6.9,6.9,6.9,400,0
2014-05-27,18:35:00,6.9,6.9,6.9,6.9,600,0
2014-05-27,19:35:00,6.9,6.9,6.9,6.9,100,0
2014-05-27,20:15:00,6.89,6.9,6.89,6.9,3500,0
2014-05-27,20:20:00,6.9,6.9,6.9,6.9,300,0
2014-05-27,20:25:00,6.9,6.9,6.9,6.9,600,0
2014-05-27,20:55:00,6.9,6.9,6.9,6.9,700,0
2014-05-27,21:05:00,6.9,6.9,6.9,6.9,300,0
2014-05-27,21:10:00,6.9,6.9,6.9,6.9,400,0
2014-05-27,21:15:00,6.9,6.9,6.9,6.9,800,0
2014-05-27,21:20:00,6.9,6.9,6.89,6.9,800,0
2014-05-27,21:30:00,6.89,6.9,6.89,6.9,1574,0
2014-05-27,22:00:00,6.9,6.9,6.9,6.9,542,0
2014-05-28,16:10:00,6.96,6.96,6.96,6.96,200,0
2014-05-28,22:00:00,6.91,6.91,6.91,6.91,100,0
2014-05-29,21:35:00,6.98,6.98,6.94,6.94,2500,0
2014-05-29,21:40:00,6.96,7.0,6.95,6.99,3100,0
2014-05-29,21:55:00,7.01,7.49,7.0,7.0,1100,0
2014-05-29,22:00:00,7.0,7.0,7.0,7.0,100,0
2014-05-30,19:15:00,7.03,7.05,7.03,7.05,300,0
2014-05-30,22:00:00,6.84,6.84,6.84,6.84,110,0
2014-06-02,19:25:00,6.75,6.75,6.75,6.75,500,0
2014-06-03,20:55:00,7.0,7.0,7.0,7.0,200,0
2014-06-03,21:30:00,6.99,6.99,6.9,6.9,900,0
2014-06-04,17:10:00,6.81,6.81,6.81,6.81,140,0
2014-06-04,17:20:00,6.81,6.82,6.81,6.82,500,0
2014-06-04,21:40:00,6.94,6.94,6.94,6.94,400,0
2014-06-05,15:35:00,6.79,6.79,6.75,6.75,3490,0
2014-06-05,17:50:00,6.88,6.88,6.88,6.88,5000,0
2014-06-05,17:55:00,6.88,6.88,6.88,6.88,3500,0
2014-06-05,18:15:00,6.88,6.88,6.88,6.88,100,0
2014-06-05,21:10:00,6.88,6.88,6.88,6.88,200,0
2014-06-05,21:30:00,6.88,6.88,6.88,6.88,930,0
2014-06-09,16:00:00,6.85,7.09,6.83,7.09,1200,0
2014-06-09,17:00:00,7.03,7.03,7.03,7.03,300,0
2014-06-09,18:05:00,7.03,7.09,7.03,7.09,1500,0
2014-06-09,18:15:00,7.09,7.09,7.09,7.09,200,0
2014-06-09,20:20:00,7.04,7.04,7.04,7.04,300,0
2014-06-09,20:35:00,7.09,7.09,7.09,7.09,500,0
2014-06-09,21:00:00,7.09,7.09,7.09,7.09,200,0
2014-06-09,21:20:00,7.09,7.09,7.09,7.09,100,0
2014-06-09,21:30:00,7.06,7.06,7.06,7.06,300,0
2014-06-10,15:35:00,7.09,7.09,7.09,7.09,100,0
2014-06-10,16:50:00,7.36,7.36,7.36,7.36,1000,0
2014-06-10,17:20:00,7.3,7.3,7.3,7.3,200,0
2014-06-10,20:55:00,7.27,7.27,7.27,7.27,100,0
2014-06-10,21:00:00,7.27,7.27,7.27,7.27,500,0
2014-06-10,21:15:00,7.3,7.31,7.3,7.3,600,0
2014-06-10,21:25:00,7.3,7.31,7.3,7.31,1198,0
2014-06-10,22:00:00,7.02,7.02,7.02,7.02,100,0
2014-06-19,21:40:00,7.05,7.05,7.05,7.05,1075,0
2014-06-20,20:50:00,6.94,6.94,6.94,6.94,150,0
2014-06-20,21:25:00,6.98,6.99,6.98,6.99,1438,0
2014-06-20,21:30:00,6.99,6.99,6.99,6.99,700,0
2014-06-20,22:00:00,7.01,7.01,7.01,7.01,164,0
2014-06-26,16:05:00,6.95,6.95,6.95,6.95,100,0
2014-06-27,16:05:00,7.18,7.18,7.18,7.18,100,0
2014-06-27,17:00:00,7.18,7.18,7.18,7.18,476,0
2014-06-27,17:10:00,7.25,7.25,7.17,7.22,1688,0
2014-06-27,21:50:00,7.04,7.04,7.04,7.04,200,0
2014-06-30,15:50:00,7.05,7.05,6.99,6.99,700,0
2014-06-30,16:05:00,6.94,6.94,6.94,6.94,700,0
2014-06-30,20:40:00,6.96,6.96,6.96,6.96,1200,0
2014-07-01,15:35:00,7.03,7.03,7.03,7.03,200,0
2014-07-01,16:00:00,7.1,7.1,7.1,7.1,100,0
2014-07-01,16:10:00,7.15,7.21,7.15,7.21,300,0
2014-07-01,16:35:00,7.11,7.11,7.11,7.11,300,0
2014-07-01,19:50:00,7.2,7.2,7.2,7.2,100,0
2014-07-02,16:05:00,7.32,7.32,7.32,7.32,100,0
2014-07-02,16:10:00,7.32,7.33,7.32,7.33,887,0
2014-07-02,16:35:00,7.14,7.14,7.14,7.14,100,0
2014-07-02,16:55:00,7.14,7.14,7.14,7.14,123,0
2014-07-02,22:00:00,7.04,7.13,7.04,7.04,500,0
2014-07-07,15:40:00,7.05,7.05,7.05,7.05,100,0
2014-07-07,17:10:00,7.05,7.1,7.05,7.1,680,0
2014-07-07,22:00:00,7.1,7.1,7.1,7.1,580,0
2014-07-09,15:40:00,6.91,6.91,6.9,6.9,600,0
2014-07-09,22:00:00,6.9,6.9,6.9,6.9,100,0
2014-07-11,18:05:00,7.01,7.01,6.77,6.77,7900,0
2014-07-11,18:10:00,6.79,6.87,6.79,6.87,800,0
2014-07-11,18:40:00,6.75,6.75,6.75,6.75,185,0
2014-07-11,22:00:00,6.75,6.75,6.75,6.75,185,0
2014-07-14,15:45:00,6.75,6.75,6.75,6.75,149,0
2014-07-14,18:50:00,6.99,6.99,6.99,6.99,500,0
2014-07-14,19:15:00,6.87,6.99,6.87,6.99,300,0
2014-07-14,19:35:00,6.87,6.87,6.87,6.87,100,0
2014-07-14,19:40:00,6.87,6.87,6.87,6.87,200,0
2014-07-14,20:20:00,6.88,6.94,6.84,6.94,1400,0
2014-07-14,22:00:00,6.99,6.99,6.99,6.99,500,0
2014-07-16,15:55:00,6.73,6.99,6.7,6.99,7350,0
2014-07-16,22:00:00,6.99,6.99,6.99,6.99,1300,0
2014-07-17,15:50:00,6.76,6.76,6.71,6.75,1688,0
2014-07-17,22:00:00,6.75,6.75,6.75,6.75,100,0
2014-07-18,21:35:00,6.91,6.91,6.91,6.91,200,0
2014-07-21,15:45:00,6.8,6.8,6.7,6.76,500,0
2014-07-21,16:05:00,6.71,6.71,6.71,6.71,100,0
2014-07-21,22:00:00,6.71,6.71,6.71,6.71,100,0
2014-07-22,16:05:00,6.8,6.8,6.8,6.8,800,0
2014-07-22,16:25:00,6.86,6.86,6.82,6.82,1200,0
2014-07-22,16:35:00,6.86,6.86,6.86,6.86,400,0
2014-07-22,19:20:00,6.96,6.96,6.93,6.93,1100,0
2014-07-22,19:25:00,6.95,6.97,6.89,6.89,2601,0
2014-07-23,16:05:00,6.9,6.9,6.9,6.9,100,0
2014-07-23,22:00:00,6.9,6.9,6.9,6.9,100,0
2014-07-24,17:15:00,6.84,6.84,6.84,6.84,700,0
2014-07-24,22:00:00,6.84,6.84,6.84,6.84,100,0
2014-07-25,16:05:00,6.72,6.72,6.72,6.72,300,0
2014-07-25,17:05:00,6.93,6.93,6.79,6.79,18712,0
2014-07-25,18:25:00,6.75,6.75,6.74,6.74,500,0
2014-07-25,21:25:00,6.96,6.97,6.94,6.97,500,0
2014-07-25,22:00:00,6.97,6.97,6.97,6.97,100,0
2014-07-29,19:35:00,6.72,6.72,6.72,6.72,400,0
2014-07-29,19:40:00,6.62,6.72,6.54,6.68,1961,0
2014-07-29,19:45:00,6.76,6.8,6.76,6.8,7100,0
2014-07-29,19:50:00,6.96,6.96,6.93,6.93,1200,0
2014-07-29,19:55:00,6.98,7.0,6.92,6.94,3800,0
2014-07-29,20:00:00,6.97,7.0,6.88,6.88,4875,0
2014-07-29,20:05:00,6.88,6.88,6.88,6.88,1875,0
2014-07-29,20:10:00,6.89,6.89,6.89,6.89,1400,0
2014-07-29,22:00:00,6.81,6.81,6.81,6.81,200,0
2014-07-30,15:40:00,6.79,6.82,6.65,6.82,2800,0
2014-07-30,15:45:00,6.83,6.88,6.83,6.88,600,0
2014-07-30,15:50:00,6.85,6.86,6.85,6.86,700,0
2014-07-30,16:05:00,6.88,6.88,6.88,6.88,100,0
2014-07-30,16:20:00,6.87,6.87,6.86,6.87,300,0
2014-07-30,16:40:00,6.87,6.87,6.87,6.87,100,0
2014-07-30,17:05:00,6.86,6.86,6.86,6.86,100,0
2014-07-30,17:15:00,6.87,6.88,6.87,6.88,400,0
2014-07-30,17:20:00,6.91,6.97,6.91,6.97,900,0
2014-07-30,17:25:00,6.96,6.98,6.95,6.97,2000,0
2014-07-30,17:30:00,6.97,6.97,6.97,6.97,100,0
2014-07-30,17:35:00,6.98,6.98,6.95,6.96,400,0
2014-07-30,18:00:00,6.94,6.94,6.94,6.94,600,0
2014-07-30,18:20:00,6.93,6.96,6.92,6.92,3289,0
2014-07-30,19:10:00,6.9,6.9,6.9,6.9,300,0
2014-07-30,22:00:00,6.9,6.9,6.9,6.9,100,0
2014-07-31,15:50:00,6.85,6.85,6.85,6.85,200,0
2014-07-31,15:55:00,6.85,6.85,6.85,6.85,200,0
2014-08-01,16:10:00,6.58,6.58,6.58,6.58,100,0
2014-08-01,16:40:00,6.8,6.8,6.8,6.8,700,0
2014-08-01,17:00:00,6.8,6.8,6.8,6.8,3389,0
2014-08-01,21:30:00,6.8,6.85,6.8,6.85,1700,0
2014-08-01,21:35:00,6.85,6.85,6.85,6.85,2500,0
2014-08-01,21:40:00,6.85,7.39,6.76,7.39,7100,0
2014-08-01,21:45:00,7.39,7.53,7.2,7.2,6730,0
2014-08-01,21:50:00,7.1,7.27,7.1,7.1,1600,0
2014-08-01,21:55:00,7.15,7.2,7.1,7.11,11700,0
2014-08-01,22:00:00,7.07,7.21,7.0,7.21,2610,0
2014-08-04,15:35:00,7.12,7.12,7.12,7.12,1730,0
2014-08-04,15:40:00,7.06,7.06,7.06,7.06,100,0
2014-08-04,16:05:00,7.04,7.04,7.04,7.04,100,0
2014-08-04,16:20:00,7.02,7.02,7.02,7.02,153,0
2014-08-04,16:30:00,7.02,7.02,6.86,6.86,400,0
2014-08-05,15:55:00,7.0,7.0,7.0,7.0,400,0
2014-08-05,16:00:00,7.0,7.0,7.0,7.0,550,0
2014-08-05,16:05:00,6.86,7.0,6.65,6.65,900,0
2014-08-05,16:10:00,6.67,6.8,6.67,6.8,2600,0
2014-08-05,16:15:00,6.85,6.85,6.85,6.85,100,0
2014-08-05,16:45:00,6.95,6.95,6.92,6.92,200,0
2014-08-05,17:00:00,6.95,6.95,6.95,6.95,100,0
2014-08-05,17:05:00,6.95,7.0,6.95,7.0,4100,0
2014-08-05,17:20:00,7.04,7.04,7.04,7.04,300,0
2014-08-05,17:25:00,7.31,7.31,7.31,7.31,2500,0
2014-08-05,18:40:00,7.26,7.26,7.15,7.15,1200,0
2014-08-05,18:45:00,7.15,7.24,7.14,7.14,2500,0
2014-08-05,18:50:00,7.1,7.2,7.1,7.11,1700,0
2014-08-05,18:55:00,7.1,7.1,7.1,7.1,500,0
2014-08-05,19:00:00,7.18,7.18,7.18,7.18,1700,0
2014-08-05,19:40:00,7.05,7.05,7.05,7.05,100,0
2014-08-05,19:45:00,7.1,7.1,7.1,7.1,2000,0
2014-08-05,20:10:00,7.05,7.05,7.05,7.05,1400,0
2014-08-05,21:10:00,7.0,7.0,7.0,7.0,330,0
2014-08-05,21:50:00,7.02,7.06,7.02,7.06,200,0
2014-08-06,15:50:00,7.1,7.14,7.1,7.14,300,0
2014-08-06,16:00:00,7.1,7.1,7.1,7.1,100,0
2014-08-06,16:05:00,7.1,7.1,7.1,7.1,100,0
2014-08-06,16:10:00,7.1,7.1,7.1,7.1,100,0
2014-08-06,20:55:00,7.14,7.14,6.87,6.97,3000,0
2014-08-06,21:00:00,7.02,7.06,7.02,7.06,600,0
2014-08-06,21:10:00,7.06,7.06,7.06,7.06,200,0
2014-08-06,21:15:00,7.04,7.2,7.04,7.2,339,0
2014-08-06,21:35:00,6.9,7.52,6.9,6.93,500,0
2014-08-06,21:50:00,6.96,6.96,6.96,6.96,100,0
2014-08-07,22:00:00,6.86,6.86,6.86,6.86,200,0
2014-08-08,17:15:00,6.86,6.86,6.76,6.76,550,0
2014-08-11,16:05:00,6.76,6.76,6.76,6.76,100,0
2014-08-11,16:25:00,6.93,6.93,6.93,6.93,400,0
2014-08-11,22:00:00,6.75,6.77,6.75,6.76,439,0
2014-08-12,17:30:00,6.67,6.74,6.67,6.74,1199,0
2014-08-12,17:40:00,6.76,6.76,6.75,6.76,700,0
2014-08-12,17:45:00,6.77,6.77,6.77,6.77,200,0
2014-08-12,17:55:00,6.75,6.76,6.75,6.76,800,0
2014-08-12,18:00:00,6.8,6.8,6.79,6.8,1500,0
2014-08-12,18:15:00,6.8,6.82,6.8,6.82,400,0
2014-08-12,18:30:00,6.81,6.83,6.81,6.83,600,0
2014-08-12,19:35:00,6.84,6.84,6.84,6.84,100,0
2014-08-12,20:00:00,6.87,6.88,6.87,6.88,700,0
2014-08-12,20:20:00,6.89,7.06,6.88,7.02,2100,0
2014-08-12,20:25:00,7.05,7.07,7.05,7.05,1600,0
2014-08-12,20:30:00,7.06,7.06,7.06,7.06,100,0
2014-08-12,20:50:00,7.06,7.06,7.05,7.05,900,0
2014-08-12,21:40:00,7.04,7.04,7.04,7.04,200,0
2014-08-12,22:00:00,7.04,7.04,7.04,7.04,200,0
2014-08-13,15:35:00,7.0,7.03,6.9,7.03,1100,0
2014-08-13,15:40:00,7.0,7.02,6.98,6.98,3440,0
2014-08-13,15:45:00,6.98,6.98,6.98,6.98,300,0
2014-08-13,16:05:00,6.98,6.98,6.98,6.98,100,0
2014-08-13,16:35:00,6.99,6.99,6.99,6.99,1000,0
2014-08-13,18:50:00,7.0,7.0,7.0,7.0,100,0
2014-08-13,20:50:00,7.02,7.02,7.0,7.0,1000,0
2014-08-13,21:15:00,7.01,7.01,7.01,7.01,1280,0
2014-08-14,16:05:00,6.76,6.76,6.76,6.76,100,0
2014-08-14,21:50:00,7.19,7.2,7.17,7.19,1300,0
2014-08-15,15:40:00,7.2,7.25,7.19,7.25,800,0
2014-08-15,16:05:00,7.25,7.25,7.25,7.25,200,0
2014-08-15,17:00:00,7.25,7.26,7.25,7.25,798,0
2014-08-15,19:55:00,6.9,7.49,6.9,7.49,1925,0
2014-08-15,20:00:00,7.49,7.49,7.48,7.49,1900,0
2014-08-15,20:50:00,7.11,7.12,7.11,7.12,300,0
2014-08-15,21:50:00,7.21,7.21,7.21,7.21,100,0
2014-08-15,22:00:00,7.21,7.21,7.21,7.21,100,0
2014-08-21,19:50:00,7.21,7.21,7.21,7.21,300,0
2014-08-22,21:50:00,7.19,7.19,7.19,7.19,100,0
2014-08-25,22:00:00,7.16,7.19,7.16,7.16,1200,0
2014-08-26,17:00:00,7.4,7.4,7.36,7.36,495,0
2014-08-26,18:05:00,7.23,7.23,7.23,7.23,300,0
2014-08-26,21:55:00,7.06,7.06,7.06,7.06,100,0
2014-08-27,21:30:00,7.67,7.67,7.6,7.63,1900,0
2014-08-27,21:35:00,7.55,7.55,7.55,7.55,100,0
2014-08-27,21:40:00,7.52,7.52,7.52,7.52,100,0
2014-08-28,16:45:00,7.45,7.45,7.45,7.45,100,0
2014-08-28,17:40:00,7.45,7.52,7.45,7.52,2600,0
2014-08-28,19:50:00,7.18,7.18,7.18,7.18,613,0
2014-08-29,15:35:00,7.44,7.44,7.44,7.44,200,0
2014-08-29,17:40:00,7.4,7.4,7.4,7.4,408,0
2014-08-29,18:30:00,7.1,7.1,7.1,7.1,300,0
2014-08-29,21:55:00,7.25,7.25,7.25,7.25,100,0
2014-08-29,22:00:00,7.25,7.25,7.25,7.25,100,0
2014-09-03,22:00:00,7.49,7.5,7.48,7.5,2800,0
2014-09-04,17:25:00,7.36,7.36,7.36,7.36,100,0
2014-09-04,17:45:00,7.35,7.37,7.35,7.35,1900,0
2014-09-04,17:55:00,7.37,7.38,7.37,7.38,700,0
2014-09-04,18:00:00,7.3,7.4,7.3,7.4,990,0
2014-09-04,18:10:00,7.4,7.4,7.4,7.4,100,0
2014-09-04,18:30:00,7.39,7.39,7.39,7.39,300,0
2014-09-04,19:00:00,7.4,7.4,7.4,7.4,100,0
2014-09-04,19:30:00,7.5,7.68,7.49,7.5,2600,0
2014-09-04,19:35:00,7.5,7.52,7.5,7.52,1700,0
2014-09-04,19:40:00,7.49,7.51,7.47,7.47,6300,0
2014-09-04,19:45:00,7.47,7.47,7.47,7.47,200,0
2014-09-04,19:55:00,7.35,7.38,7.31,7.36,1807,0
2014-09-05,17:20:00,7.48,7.5,7.48,7.5,1061,0
2014-09-05,17:25:00,7.51,7.51,7.51,7.51,100,0
2014-09-05,17:30:00,7.5,7.65,7.5,7.65,2039,0
2014-09-05,17:40:00,7.53,7.56,7.53,7.56,1503,0
2014-09-05,17:45:00,7.55,7.55,7.55,7.55,5136,0
2014-09-05,19:35:00,7.56,7.56,7.54,7.54,1500,0
2014-09-05,19:45:00,7.53,7.53,7.53,7.53,1300,0
2014-09-05,21:50:00,7.47,7.47,7.45,7.46,4880,0
2014-09-10,20:45:00,7.35,7.45,7.35,7.45,3113,0
2014-09-11,21:10:00,7.4,7.4,7.4,7.4,6700,0
2014-09-12,21:00:00,7.5,7.5,7.5,7.5,900,0
2014-09-12,21:35:00,7.61,7.65,7.61,7.65,6074,0
2014-09-15,15:35:00,7.99,7.99,7.99,7.99,4000,0
2014-09-15,16:05:00,7.89,7.89,7.89,7.89,100,0
2014-09-15,16:15:00,7.98,7.98,7.98,7.98,300,0
2014-09-15,19:40:00,7.93,7.93,7.93,7.93,200,0
2014-09-15,21:40:00,7.6,7.8,7.6,7.8,6200,0
2014-09-16,15:50:00,7.93,7.93,7.93,7.93,200,0
2014-09-16,20:15:00,7.6,7.63,7.6,7.63,2953,0
2014-09-16,21:50:00,7.64,7.64,7.64,7.64,100,0
2014-09-17,18:10:00,7.74,7.76,7.74,7.76,800,0
2014-09-17,18:15:00,7.77,7.77,7.76,7.76,700,0
2014-09-17,18:20:00,7.8,7.8,7.78,7.78,800,0
2014-09-17,18:25:00,7.78,7.78,7.78,7.78,200,0
2014-09-17,18:30:00,7.83,7.83,7.81,7.83,4100,0
2014-09-17,18:35:00,7.9,7.99,7.9,7.9,7402,0
2014-09-17,22:00:00,7.98,8.13,7.97,8.13,13464,0
2014-09-23,15:35:00,8.1,8.1,8.1,8.1,6000,0
2014-09-23,19:50:00,7.74,7.74,7.74,7.74,100,0
2014-09-24,18:05:00,7.88,7.88,7.86,7.86,600,0
2014-09-24,18:10:00,7.86,7.86,7.86,7.86,1814,0
2014-09-26,17:40:00,7.91,7.91,7.91,7.91,464,0
2014-09-26,19:30:00,7.95,7.95,7.95,7.95,600,0
2014-09-29,21:45:00,7.71,7.73,7.71,7.73,620,0
2014-10-06,22:00:00,7.99,7.99,7.99,7.99,200,0
2014-10-08,19:05:00,7.66,7.68,7.65,7.68,1600,0
2014-10-08,19:40:00,7.65,7.65,7.65,7.65,300,0
2014-10-14,21:45:00,7.43,7.43,7.43,7.43,250,0
2014-10-15,15:35:00,7.4,7.4,7.3,7.3,2354,0
2014-10-15,15:40:00,7.3,7.3,7.3,7.3,825,0
2014-10-16,16:50:00,7.1,7.11,6.6,7.01,3256,0
2014-10-16,17:35:00,6.95,7.05,6.92,7.01,2100,0
2014-10-16,20:30:00,7.02,7.02,7.02,7.02,200,0
2014-10-17,20:45:00,7.12,7.12,7.12,7.12,100,0
2014-10-20,17:05:00,6.58,6.58,6.58,6.58,1000,0
2014-10-20,17:10:00,6.58,6.58,6.58,6.58,450,0
2014-10-20,17:15:00,6.6,6.6,6.57,6.57,2812,0
2014-10-20,17:40:00,6.58,6.61,6.55,6.55,2000,0
2014-10-20,17:45:00,6.58,6.58,6.55,6.58,2125,0
2014-10-20,17:50:00,6.58,6.58,6.53,6.53,2237,0
2014-10-20,19:45:00,6.4,6.4,6.4,6.4,300,0
2014-10-20,20:10:00,6.29,6.29,6.29,6.29,500,0
2014-10-20,21:05:00,6.26,6.26,6.26,6.26,300,0
2014-10-20,21:10:00,6.25,6.25,6.25,6.25,800,0
2014-10-20,21:15:00,6.25,6.25,6.25,6.25,2000,0
2014-10-20,21:20:00,6.3,6.3,6.3,6.3,1300,0
2014-10-20,21:30:00,6.3,6.3,6.25,6.25,1874,0
2014-10-20,21:50:00,6.2,6.2,6.2,6.2,1585,0
2014-10-20,22:00:00,6.15,6.15,6.0,6.0,5400,0
2014-10-21,15:40:00,5.55,5.91,5.54,5.91,4203,0
2014-10-21,15:45:00,5.9,5.9,5.9,5.9,7200,0
2014-10-21,15:50:00,5.85,5.85,5.85,5.85,4619,0
2014-10-21,15:55:00,5.81,5.81,5.77,5.77,4700,0
2014-10-21,16:00:00,5.82,5.82,5.81,5.81,500,0
2014-10-21,16:35:00,6.0,6.0,5.86,6.0,4445,0
2014-10-21,16:50:00,6.05,6.05,6.05,6.05,1637,0
2014-10-21,17:00:00,6.1,6.1,6.09,6.1,900,0
2014-10-21,17:30:00,6.22,6.22,6.22,6.22,100,0
2014-10-21,18:15:00,6.1,6.1,6.1,6.1,700,0
2014-10-21,18:25:00,6.28,6.28,6.28,6.28,100,0
2014-10-21,18:35:00,6.15,6.15,6.15,6.15,1000,0
2014-10-21,19:25:00,6.23,6.23,6.23,6.23,468,0
2014-10-21,19:45:00,6.43,6.43,6.43,6.43,100,0
2014-10-21,20:50:00,6.41,6.41,6.41,6.41,200,0
2014-10-21,21:30:00,6.4,6.4,6.38,6.4,2530,0
2014-10-21,21:55:00,6.4,6.4,6.4,6.4,490,0
2014-10-21,22:00:00,6.39,6.43,6.39,6.43,2100,0
2014-10-22,16:10:00,6.4,6.4,6.4,6.4,100,0
2014-10-22,16:15:00,6.35,6.35,6.35,6.35,200,0
2014-10-22,16:35:00,6.22,6.22,6.22,6.22,700,0
2014-10-22,18:00:00,6.37,6.37,6.37,6.37,100,0
2014-10-23,17:05:00,6.35,6.35,6.35,6.35,122,0
2014-10-23,17:15:00,6.38,6.39,6.38,6.39,200,0
2014-10-23,17:30:00,6.43,6.43,6.43,6.43,300,0
2014-10-23,21:25:00,6.36,6.36,6.35,6.35,1700,0
2014-10-23,21:40:00,6.4,6.4,6.4,6.4,100,0
2014-10-24,16:10:00,6.43,6.43,6.43,6.43,200,0
2014-10-24,17:00:00,6.43,6.43,6.43,6.43,400,0
2014-10-24,20:30:00,6.46,6.46,6.46,6.46,2072,0
2014-10-24,21:55:00,6.31,6.31,6.31,6.31,200,0
2014-10-27,17:15:00,6.43,6.43,6.42,6.42,800,0
2014-10-27,20:50:00,6.54,6.54,6.54,6.54,100,0
2014-10-28,21:00:00,6.51,6.51,6.51,6.51,100,0
2014-10-29,20:15:00,6.49,6.5,6.46,6.46,3100,0
2014-10-29,20:45:00,6.46,6.46,6.46,6.46,100,0
2014-10-29,20:50:00,6.46,6.46,6.44,6.44,800,0
2014-10-29,20:55:00,6.42,6.42,6.42,6.42,1000,0
2014-10-30,15:10:00,6.49,6.49,6.49,6.49,100,0
2014-10-30,18:30:00,6.4,6.4,6.4,6.4,300,0
2014-10-30,19:00:00,6.4,6.4,6.4,6.4,100,0
2014-10-30,19:15:00,6.37,6.37,6.37,6.37,300,0
2014-10-30,20:10:00,6.4,6.4,6.4,6.4,1000,0
2014-10-30,20:20:00,6.4,6.4,6.4,6.4,500,0
2014-10-30,20:40:00,6.37,6.37,6.2,6.2,1449,0
2014-10-30,20:45:00,6.2,6.2,6.2,6.2,100,0
2014-10-30,20:55:00,6.2,6.22,6.2,6.22,1200,0
2014-10-30,21:00:00,6.21,6.24,6.2,6.2,300,0
2014-10-31,15:10:00,6.3,6.3,6.3,6.3,160,0
2014-10-31,16:15:00,6.2,6.2,6.2,6.2,365,0
2014-10-31,16:40:00,6.22,6.22,6.22,6.22,200,0
2014-10-31,17:25:00,6.2,6.2,6.2,6.2,630,0
2014-10-31,18:15:00,6.5,6.5,6.5,6.5,1000,0
2014-10-31,18:20:00,6.49,6.49,6.49,6.49,1000,0
2014-10-31,18:25:00,6.49,6.49,6.49,6.49,1000,0
2014-10-31,21:00:00,6.41,6.41,6.41,6.41,100,0
2014-11-03,19:50:00,6.35,6.35,6.35,6.35,1500,0
2014-11-03,20:25:00,6.35,6.35,6.35,6.35,1500,0
2014-11-03,20:55:00,6.39,6.39,6.39,6.39,100,0
2014-11-03,21:00:00,6.4,6.4,6.4,6.4,100,0
2014-11-04,18:50:00,6.36,6.36,6.36,6.36,300,0
2014-11-05,15:50:00,6.35,6.35,6.35,6.35,150,0
2014-11-05,19:35:00,6.4,6.4,6.4,6.4,600,0
2014-11-06,15:35:00,6.21,6.21,5.95,6.0,1250,0
2014-11-06,17:10:00,6.3,6.3,6.3,6.3,400,0
2014-11-06,18:00:00,6.14,6.14,6.14,6.14,400,0
2014-11-06,18:35:00,6.15,6.15,6.15,6.15,5398,0
2014-11-06,22:00:00,6.39,6.39,6.39,6.39,100,0
2014-11-10,16:45:00,6.15,6.31,6.15,6.31,1000,0
2014-11-11,16:10:00,6.29,6.29,6.29,6.29,300,0
2014-11-11,16:45:00,6.17,6.17,6.17,6.17,1358,0
2014-11-11,16:55:00,6.17,6.17,6.17,6.17,342,0
2014-11-11,17:10:00,6.17,6.17,6.17,6.17,1000,0
2014-11-11,18:25:00,6.3,6.3,6.3,6.3,500,0
2014-11-12,18:15:00,6.26,6.26,6.26,6.26,158,0
2014-11-13,17:10:00,6.26,6.26,6.25,6.25,488,0
2014-11-13,17:15:00,6.25,6.27,6.25,6.26,688,0
2014-11-13,19:35:00,6.3,6.3,6.28,6.3,2258,0
2014-11-13,22:00:00,6.39,6.39,6.39,6.39,100,0
2014-11-14,16:10:00,6.4,6.4,6.4,6.4,100,0
2014-11-18,18:45:00,6.06,6.06,6.06,6.06,100,0
2014-11-20,18:05:00,6.48,6.48,6.45,6.45,1400,0
2014-11-20,19:00:00,6.47,6.47,6.47,6.47,800,0
2014-11-20,20:30:00,6.47,6.47,6.47,6.47,158,0
2014-11-20,21:50:00,6.5,6.5,6.5,6.5,200,0
2014-11-21,16:05:00,6.45,6.45,6.45,6.45,2400,0
2014-11-21,21:55:00,6.43,6.43,6.43,6.43,200,0
2014-11-25,15:40:00,6.49,6.49,6.45,6.45,350,0
2014-11-25,21:50:00,6.45,6.45,6.45,6.45,200,0
2014-11-26,20:40:00,6.4,6.45,6.4,6.45,1700,0
2014-12-01,18:05:00,6.13,6.13,6.13,6.13,140,0
2014-12-01,21:35:00,6.39,6.39,6.39,6.39,280,0
2014-12-02,21:45:00,6.49,6.49,6.49,6.49,100,0
2014-12-04,15:45:00,6.14,6.14,6.14,6.14,350,0
2014-12-04,16:55:00,6.15,6.15,6.14,6.14,200,0
2014-12-04,17:00:00,6.14,6.14,6.14,6.14,300,0
2014-12-04,19:05:00,6.15,6.15,6.15,6.15,150,0
2014-12-04,20:30:00,6.16,6.17,6.15,6.16,2300,0
2014-12-05,15:35:00,6.12,6.12,6.12,6.12,200,0
2014-12-05,16:25:00,6.16,6.16,6.16,6.16,8725,0
2014-12-08,15:45:00,6.09,6.09,6.05,6.05,1600,0
2014-12-08,16:10:00,6.1,6.1,6.1,6.1,1000,0
2014-12-08,19:50:00,6.12,6.12,6.12,6.12,300,0
2014-12-08,20:20:00,6.11,6.11,6.05,6.05,2000,0
2014-12-08,20:25:00,6.1,6.1,6.1,6.1,903,0
2014-12-08,20:55:00,6.1,6.1,6.1,6.1,597,0
2014-12-08,21:00:00,6.07,6.07,6.07,6.07,300,0
2014-12-08,21:50:00,6.11,6.11,6.11,6.11,100,0
2014-12-09,16:05:00,6.09,6.09,6.05,6.05,1260,0
2014-12-09,17:05:00,6.0,6.0,6.0,6.0,900,0
2014-12-09,17:30:00,6.05,6.11,6.05,6.11,968,0
2014-12-09,18:30:00,6.12,6.12,6.12,6.12,1000,0
2014-12-09,18:50:00,6.11,6.12,6.11,6.12,300,0
2014-12-09,19:20:00,6.24,6.24,6.24,6.24,100,0
2014-12-10,20:30:00,6.0,6.0,6.0,6.0,2500,0
2014-12-10,20:40:00,6.05,6.05,6.05,6.05,2000,0
2014-12-11,17:35:00,6.03,6.03,6.0,6.0,470,0
2014-12-11,18:20:00,5.99,6.0,5.97,6.0,4040,0
2014-12-11,20:10:00,6.0,6.0,6.0,6.0,100,0
2014-12-11,20:25:00,6.0,6.0,6.0,6.0,600,0
2014-12-11,21:50:00,5.86,5.86,5.86,5.86,200,0
2014-12-15,15:35:00,6.27,6.27,6.27,6.27,275,0
2014-12-15,15:45:00,6.04,6.09,6.04,6.09,200,0
2014-12-15,19:10:00,6.05,6.05,6.05,6.05,1000,0
2014-12-15,21:50:00,6.08,6.08,6.08,6.08,300,0
2014-12-15,21:55:00,6.16,6.16,6.16,6.16,400,0
2014-12-17,15:40:00,6.41,6.41,6.41,6.41,514,0
2014-12-17,16:05:00,6.07,6.33,6.05,6.33,900,0
2014-12-17,21:30:00,6.33,6.33,6.33,6.33,200,0
2014-12-17,21:45:00,6.06,6.33,6.06,6.33,300,0
2014-12-18,16:20:00,6.05,6.05,6.05,6.05,544,0
2014-12-18,18:30:00,6.05,6.05,6.05,6.05,722,0
2014-12-19,21:00:00,6.05,6.06,6.05,6.05,1030,0
2014-12-19,21:10:00,6.05,6.05,6.03,6.03,5000,0
2014-12-19,22:00:00,6.49,6.49,6.49,6.49,1602,0
2014-12-22,15:35:00,6.48,6.48,6.48,6.48,814,0
2014-12-22,16:15:00,6.49,6.49,6.49,6.49,620,0
2014-12-22,16:20:00,6.44,6.44,6.44,6.44,100,0
2014-12-22,17:15:00,6.43,6.43,6.4,6.4,900,0
2014-12-22,18:40:00,6.4,6.4,6.4,6.4,100,0
2014-12-22,18:45:00,6.22,6.25,6.22,6.25,700,0
2014-12-22,21:40:00,6.38,6.38,6.38,6.38,300,0
2014-12-23,19:50:00,6.32,6.33,6.32,6.33,500,0
2014-12-23,21:00:00,6.34,6.38,6.34,6.38,2444,0
2014-12-23,22:00:00,6.36,6.36,6.36,6.36,300,0
2014-12-24,16:45:00,6.49,6.49,6.49,6.49,3000,0
2014-12-29,15:35:00,6.49,6.49,6.49,6.49,300,0
2014-12-29,17:45:00,6.2,6.2,6.2,6.2,600,0
2014-12-30,17:15:00,6.49,6.49,6.49,6.49,4800,0
2015-01-05,21:55:00,6.29,6.29,6.25,6.25,1000,0
2015-01-09,16:10:00,6.25,6.25,6.25,6.25,100,0
2015-01-09,19:15:00,6.25,6.3,6.25,6.3,4000,0
2015-01-12,16:10:00,6.21,6.21,6.21,6.21,100,0
2015-01-13,21:40:00,6.25,6.25,6.25,6.25,250,0
2015-01-14,17:00:00,6.25,6.25,6.25,6.25,400,0
2015-01-14,20:35:00,6.49,6.49,6.47,6.49,2236,0
2015-01-14,22:00:00,6.37,6.37,6.37,6.37,200,0
2015-01-15,16:10:00,6.26,6.26,6.25,6.25,667,0
2015-01-16,20:30:00,6.49,6.49,6.47,6.49,1468,0
2015-01-22,21:20:00,6.49,6.49,6.49,6.49,100,0
2015-01-22,21:30:00,6.49,6.49,6.49,6.49,200,0
2015-01-23,17:15:00,6.3,6.31,6.0,6.1,3794,0
2015-01-23,17:20:00,6.15,6.15,6.15,6.15,300,0
2015-01-23,17:25:00,6.1,6.25,6.1,6.25,2926,0
2015-01-23,18:30:00,6.24,6.24,6.24,6.24,100,0
2015-01-23,19:35:00,6.15,6.15,6.15,6.15,1990,0
2015-01-23,19:55:00,6.26,6.27,6.26,6.26,800,0
2015-01-23,21:30:00,6.3,6.3,6.3,6.3,400,0
2015-01-23,21:35:00,6.3,6.36,6.3,6.36,2200,0
2015-01-23,21:40:00,6.4,6.49,6.4,6.49,1114,0
2015-01-23,21:45:00,6.4,6.4,6.4,6.4,300,0
2015-01-23,21:50:00,6.49,6.49,6.49,6.49,100,0
2015-01-26,17:55:00,6.22,6.36,6.22,6.36,1800,0
2015-01-26,18:00:00,6.36,6.36,6.36,6.36,400,0
2015-01-26,18:10:00,6.36,6.36,6.36,6.36,500,0
2015-01-26,18:15:00,6.36,6.36,6.36,6.36,600,0
2015-01-26,18:45:00,6.36,6.36,6.36,6.36,200,0
2015-01-26,19:05:00,6.36,6.36,6.36,6.36,200,0
2015-01-26,19:50:00,6.36,6.36,6.36,6.36,500,0
2015-01-26,20:00:00,6.41,6.42,6.41,6.42,200,0
2015-01-26,20:05:00,6.43,6.43,6.39,6.39,1200,0
2015-01-26,20:10:00,6.38,6.43,6.38,6.43,1000,0
2015-01-26,20:15:00,6.44,6.44,6.44,6.44,200,0
2015-01-26,20:20:00,6.44,6.44,6.38,6.44,1300,0
2015-01-26,20:25:00,6.45,6.45,6.45,6.45,200,0
2015-01-26,20:30:00,6.42,6.56,6.38,6.56,6179,0
2015-01-26,20:35:00,6.7,6.7,6.67,6.67,1100,0
2015-01-26,20:40:00,6.73,6.79,6.73,6.79,3700,0
2015-01-26,21:20:00,6.8,6.8,6.8,6.8,500,0
2015-01-26,21:25:00,6.8,6.8,6.8,6.8,100,0
2015-01-26,21:40:00,6.83,6.83,6.83,6.83,100,0
2015-01-26,21:55:00,6.86,6.99,6.86,6.99,1100,0
2015-01-26,22:00:00,6.86,6.86,6.86,6.86,100,0
2015-01-27,15:35:00,6.85,6.9,6.85,6.85,1390,0
2015-01-27,16:40:00,6.88,6.88,6.88,6.88,100,0
2015-01-27,16:45:00,6.97,6.98,6.83,6.83,7100,0
2015-01-27,16:50:00,6.98,6.98,6.98,6.98,400,0
2015-01-27,17:05:00,6.82,6.82,6.82,6.82,400,0
2015-01-27,17:10:00,6.86,6.86,6.86,6.86,3000,0
2015-01-27,17:30:00,6.83,6.93,6.83,6.93,300,0
2015-01-27,17:40:00,6.81,6.81,6.81,6.81,1500,0
2015-01-27,17:45:00,6.88,6.88,6.81,6.81,2200,0
2015-01-27,18:25:00,6.89,6.89,6.89,6.89,300,0
2015-01-27,18:30:00,6.89,6.89,6.87,6.87,2900,0
2015-01-27,18:35:00,6.9,6.9,6.9,6.9,100,0
2015-01-27,18:40:00,6.9,6.9,6.9,6.9,1100,0
2015-01-27,18:45:00,6.83,6.85,6.83,6.85,2089,0
2015-01-27,19:55:00,6.92,6.92,6.92,6.92,300,0
2015-01-27,20:00:00,6.8,6.8,6.8,6.8,300,0
2015-01-27,22:00:00,6.74,6.74,6.74,6.74,300,0
2015-01-28,16:05:00,6.67,6.67,6.65,6.65,410,0
2015-01-28,16:10:00,6.52,6.52,6.52,6.52,110,0
2015-01-28,17:00:00,6.45,6.45,6.45,6.45,100,0
2015-01-28,17:35:00,6.45,6.45,6.45,6.45,200,0
2015-01-29,20:30:00,6.35,6.35,6.2,6.28,9145,0
2015-01-29,20:35:00,6.22,6.27,6.1,6.27,7558,0
2015-01-29,20:40:00,6.16,6.33,6.16,6.29,2610,0
2015-01-29,20:50:00,6.24,6.24,6.24,6.24,800,0
2015-01-29,21:05:00,6.22,6.27,6.22,6.27,2800,0
2015-01-29,21:25:00,6.25,6.28,6.25,6.28,600,0
2015-01-29,21:30:00,6.12,6.12,6.12,6.12,200,0
2015-01-29,21:35:00,6.26,6.28,6.26,6.28,1000,0
2015-01-29,21:40:00,6.17,6.26,6.13,6.13,6258,0
2015-01-29,21:45:00,6.26,6.38,6.13,6.27,4845,0
2015-01-29,21:50:00,6.28,6.63,6.28,6.63,8000,0
2015-01-29,21:55:00,6.7,6.7,6.7,6.7,400,0
2015-01-29,22:00:00,6.56,6.56,6.56,6.56,100,0
2015-01-30,16:10:00,6.61,6.61,6.61,6.61,100,0
2015-01-30,16:30:00,6.61,6.61,6.54,6.54,4500,0
2015-01-30,16:35:00,6.54,6.54,6.54,6.54,300,0
2015-01-30,16:50:00,6.75,6.75,6.59,6.59,500,0
2015-01-30,16:55:00,6.6,6.75,6.6,6.6,3500,0
2015-01-30,17:00:00,6.61,6.75,6.6,6.6,1400,0
2015-01-30,17:10:00,6.53,6.53,6.53,6.53,300,0
2015-01-30,17:30:00,6.45,6.53,6.42,6.42,3510,0
2015-01-30,17:35:00,6.46,6.53,6.46,6.53,1100,0
2015-01-30,17:45:00,6.46,6.7,6.46,6.48,3200,0
2015-01-30,17:50:00,6.48,6.7,6.46,6.46,2599,0
2015-01-30,19:45:00,6.46,6.49,6.46,6.49,200,0
2015-01-30,19:50:00,6.49,6.49,6.46,6.46,900,0
2015-01-30,19:55:00,6.5,6.65,6.48,6.48,2500,0
2015-01-30,20:00:00,6.49,6.58,6.48,6.48,800,0
2015-01-30,20:25:00,6.5,6.5,6.4,6.4,600,0
2015-01-30,20:45:00,6.4,6.43,6.4,6.43,1400,0
2015-01-30,20:50:00,6.45,6.72,6.42,6.46,1800,0
2015-01-30,20:55:00,6.46,6.46,6.45,6.45,300,0
2015-01-30,21:05:00,6.44,6.45,6.44,6.44,900,0
2015-01-30,21:15:00,6.44,6.44,6.44,6.44,400,0
2015-01-30,21:35:00,6.44,6.44,6.43,6.44,900,0
2015-01-30,22:00:00,6.43,6.45,6.4,6.45,900,0
2015-02-02,17:40:00,6.28,6.56,6.26,6.56,900,0
2015-02-02,20:40:00,6.26,6.26,6.26,6.26,356,0
2015-02-03,19:05:00,6.36,6.36,6.36,6.36,100,0
2015-02-03,19:45:00,6.34,6.34,6.34,6.34,307,0
2015-02-04,19:20:00,6.26,6.28,6.26,6.26,900,0
2015-02-04,19:25:00,6.27,6.27,6.27,6.27,1700,0
2015-02-04,20:55:00,6.3,6.3,6.3,6.3,500,0
2015-02-04,22:00:00,6.28,6.28,6.27,6.27,1789,0
2015-02-05,16:10:00,6.25,6.25,6.25,6.25,300,0
2015-02-06,15:35:00,6.12,6.15,6.12,6.15,500,0
2015-02-06,16:10:00,6.17,6.17,6.17,6.17,100,0
2015-02-06,16:40:00,6.15,6.15,6.15,6.15,1500,0
2015-02-06,19:55:00,6.17,6.17,6.17,6.17,100,0
2015-02-09,16:10:00,6.16,6.16,6.16,6.16,300,0
2015-02-10,19:35:00,6.1,6.1,6.1,6.1,1200,0
2015-02-10,19:40:00,6.06,6.06,6.06,6.06,3690,0
2015-02-10,19:45:00,6.05,6.05,6.05,6.05,700,0
2015-02-10,20:10:00,6.15,6.15,6.11,6.14,3756,0
2015-02-10,21:30:00,5.96,6.09,5.92,6.0,8142,0
2015-02-10,21:35:00,6.0,6.13,6.0,6.13,2794,0
2015-02-10,21:40:00,6.08,6.13,6.08,6.12,5900,0
2015-02-10,21:45:00,6.07,6.07,6.07,6.07,400,0
2015-02-10,21:50:00,6.06,6.08,5.99,6.03,5700,0
2015-02-10,21:55:00,6.04,6.15,6.04,6.15,4225,0
2015-02-10,22:00:00,6.15,6.42,6.15,6.41,1763,0
2015-02-11,15:45:00,6.15,6.15,6.15,6.15,100,0
2015-02-11,15:50:00,6.1,6.15,6.1,6.15,6500,0
2015-02-11,16:00:00,6.22,6.3,6.22,6.3,5438,0
2015-02-11,16:05:00,6.34,6.34,6.3,6.3,800,0
2015-02-11,16:10:00,6.3,6.3,6.3,6.3,100,0
2015-02-11,16:30:00,6.38,6.42,6.38,6.42,4050,0
2015-02-11,16:40:00,6.64,6.64,6.64,6.64,276,0
2015-02-11,16:50:00,6.65,6.65,6.63,6.64,800,0
2015-02-11,17:10:00,6.6,6.6,6.6,6.6,7310,0
2015-02-11,17:30:00,6.57,6.57,6.57,6.57,260,0
2015-02-11,17:45:00,6.62,6.62,6.62,6.62,1356,0
2015-02-11,17:50:00,6.65,6.72,6.65,6.72,2448,0
2015-02-11,17:55:00,6.72,6.72,6.72,6.72,6700,0
2015-02-11,18:00:00,6.74,6.74,6.58,6.58,5300,0
2015-02-11,18:05:00,6.57,6.62,6.54,6.62,3792,0
2015-02-11,18:10:00,6.64,6.64,6.54,6.54,780,0
2015-02-11,18:40:00,6.6,6.63,6.55,6.55,3800,0
2015-02-11,18:50:00,6.61,6.64,6.55,6.55,2400,0
2015-02-11,18:55:00,6.55,6.64,6.55,6.55,1800,0
2015-02-11,19:00:00,6.62,6.62,6.55,6.55,900,0
2015-02-11,19:15:00,6.65,6.65,6.65,6.65,500,0
2015-02-11,19:20:00,6.65,6.65,6.55,6.64,4600,0
2015-02-11,19:40:00,6.64,6.65,6.55,6.55,4700,0
2015-02-11,20:05:00,6.56,6.56,6.56,6.56,200,0
2015-02-11,20:10:00,6.63,6.63,6.63,6.63,1200,0
2015-02-11,20:40:00,6.53,6.53,6.53,6.53,800,0
2015-02-11,20:50:00,6.53,6.53,6.51,6.51,301,0
2015-02-11,21:45:00,6.55,6.55,6.55,6.55,1500,0
2015-02-11,21:50:00,6.67,6.67,6.6,6.65,2800,0
2015-02-11,22:00:00,6.58,6.59,6.53,6.55,1900,0
2015-02-12,16:00:00,6.78,6.79,6.62,6.79,6136,0
2015-02-12,16:05:00,6.73,6.73,6.73,6.73,1575,0
2015-02-12,17:05:00,6.64,6.64,6.64,6.64,100,0
2015-02-12,19:30:00,6.65,6.65,6.65,6.65,100,0
2015-02-12,19:40:00,6.64,6.64,6.64,6.64,100,0
2015-02-12,21:45:00,6.64,6.64,6.64,6.64,1350,0
2015-02-12,22:00:00,6.6,6.6,6.6,6.6,700,0
2015-02-13,15:35:00,6.63,6.63,6.54,6.54,1204,0
2015-02-13,15:40:00,6.57,6.57,6.37,6.37,1700,0
2015-02-13,16:05:00,6.53,6.53,6.52,6.52,400,0
2015-02-13,16:25:00,6.57,6.63,6.57,6.63,200,0
2015-02-13,17:15:00,6.63,6.63,6.63,6.63,500,0
2015-02-13,17:40:00,6.48,6.48,6.4,6.4,200,0
2015-02-13,17:45:00,6.37,6.5,6.37,6.5,5410,0
2015-02-17,17:50:00,6.69,6.69,6.69,6.69,1000,0
2015-02-17,21:55:00,6.17,6.17,6.17,6.17,3300,0
2015-02-17,22:00:00,6.17,6.28,6.17,6.27,23000,0
2015-02-18,15:45:00,6.24,6.3,6.22,6.3,6600,0
2015-02-18,15:50:00,6.19,6.29,6.19,6.25,5100,0
2015-02-18,15:55:00,6.25,6.25,6.24,6.25,900,0
2015-02-18,16:30:00,6.15,6.28,6.15,6.23,4315,0
2015-02-18,16:50:00,6.25,6.26,6.25,6.26,900,0
2015-02-18,17:10:00,6.15,6.15,6.15,6.15,3986,0
2015-02-18,17:15:00,6.12,6.3,6.12,6.25,2198,0
2015-02-18,17:35:00,6.16,6.16,6.16,6.16,5130,0
2015-02-18,18:00:00,6.24,6.28,6.24,6.26,2200,0
2015-02-18,18:50:00,6.1,6.1,6.1,6.1,394,0
2015-02-18,19:00:00,6.29,6.3,6.2,6.3,3100,0
2015-02-18,19:05:00,6.29,6.46,6.29,6.46,1900,0
2015-02-18,19:10:00,6.52,6.54,6.5,6.5,13350,0
2015-02-18,20:10:00,6.58,6.75,6.58,6.75,10500,0
2015-02-18,20:15:00,6.75,6.79,6.75,6.79,9470,0
2015-02-18,20:20:00,6.8,6.8,6.74,6.8,9220,0
2015-02-18,20:25:00,6.74,6.74,6.73,6.73,1900,0
2015-02-18,20:30:00,6.69,6.69,6.69,6.69,700,0
2015-02-18,20:35:00,6.66,6.8,6.66,6.8,1700,0
2015-02-18,20:40:00,6.8,6.82,6.77,6.77,10850,0
2015-02-18,20:45:00,6.78,6.82,6.7,6.8,28924,0
2015-02-18,20:50:00,6.8,6.8,6.8,6.8,1400,0
2015-02-18,20:55:00,6.7,6.71,6.68,6.7,2800,0
2015-02-18,21:00:00,6.8,6.8,6.8,6.8,5600,0
2015-02-18,21:05:00,6.68,6.75,6.65,6.65,8300,0
2015-02-18,21:10:00,6.75,6.75,6.62,6.62,24011,0
2015-02-18,21:15:00,6.75,6.75,6.6,6.6,13999,0
2015-02-18,21:40:00,6.59,6.59,6.56,6.59,500,0
2015-02-18,21:45:00,6.56,6.7,6.52,6.52,13734,0
2015-02-18,21:50:00,6.6,6.6,6.6,6.6,4000,0
2015-02-19,15:35:00,6.69,6.69,6.65,6.65,5595,0
2015-02-19,15:40:00,6.79,6.8,6.64,6.8,11290,0
2015-02-19,15:45:00,6.79,6.79,6.62,6.66,8800,0
2015-02-19,16:30:00,6.79,6.79,6.78,6.78,2400,0
2015-02-19,16:35:00,6.72,6.72,6.6,6.6,1400,0
2015-02-19,16:40:00,6.75,6.75,6.75,6.75,800,0
2015-02-19,17:20:00,6.62,6.62,6.61,6.61,2100,0
2015-02-19,17:45:00,6.69,6.69,6.69,6.69,1700,0
2015-02-19,18:00:00,6.67,6.67,6.67,6.67,300,0
2015-02-19,18:25:00,6.7,6.7,6.7,6.7,200,0
2015-02-19,18:45:00,6.6,6.7,6.6,6.7,3420,0
2015-02-19,19:05:00,6.6,6.66,6.6,6.66,1201,0
2015-02-19,19:35:00,6.57,6.68,6.57,6.68,1300,0
2015-02-19,19:40:00,6.68,6.68,6.68,6.68,300,0
2015-02-19,19:45:00,6.57,6.68,6.57,6.68,1500,0
2015-02-19,20:05:00,6.63,6.63,6.57,6.57,600,0
2015-02-19,20:10:00,6.67,6.67,6.67,6.67,300,0
2015-02-19,20:20:00,6.64,6.66,6.63,6.66,1033,0
2015-02-19,20:25:00,6.64,6.64,6.64,6.64,1100,0
2015-02-19,20:30:00,6.6,6.64,6.6,6.64,1200,0
2015-02-19,21:25:00,6.59,6.6,6.59,6.6,686,0
2015-02-19,21:40:00,6.6,6.6,6.6,6.6,2000,0
2015-02-19,21:45:00,6.62,6.62,6.62,6.62,1384,0
2015-02-20,18:10:00,6.45,6.45,6.27,6.27,800,0
2015-02-20,19:25:00,6.34,6.35,6.34,6.35,700,0
2015-02-20,19:55:00,6.35,6.35,6.35,6.35,200,0
2015-02-20,22:00:00,6.27,6.33,6.27,6.33,230,0
