Date,Time,Open,High,Low,Close,Volume,OpenInt
2014-03-06,20:50:00,17.97,17.97,17.97,17.97,765,0
2014-03-07,16:25:00,17.97,17.97,17.72,17.72,300,0
2014-03-07,17:10:00,17.7,17.7,17.7,17.7,2000,0
2014-03-10,14:55:00,17.12,17.12,17.12,17.12,3500,0
2014-03-10,17:45:00,17.47,17.47,17.47,17.47,100,0
2014-03-12,16:45:00,17.45,17.45,17.45,17.45,1500,0
2014-03-12,17:40:00,17.63,17.63,17.63,17.63,1100,0
2014-03-12,18:05:00,17.81,17.85,17.8,17.85,700,0
2014-03-12,18:20:00,17.96,17.96,17.89,17.89,1313,0
2014-03-13,14:45:00,17.82,17.82,17.82,17.82,1400,0
2014-03-14,14:45:00,17.7,17.7,17.0,17.0,2600,0
2014-03-14,19:00:00,17.55,17.55,17.55,17.55,200,0
2014-03-19,19:30:00,17.28,17.28,17.28,17.28,100,0
2014-03-19,20:45:00,17.51,17.51,17.51,17.51,100,0
2014-03-24,19:05:00,17.55,17.56,17.55,17.56,800,0
2014-03-25,14:35:00,17.56,17.56,17.56,17.56,100,0
2014-03-28,20:55:00,17.57,17.57,17.57,17.57,100,0
2014-03-31,21:55:00,17.5,18.0,17.5,18.0,700,0
2014-04-04,19:15:00,17.89,17.89,17.62,17.62,1424,0
2014-04-08,20:55:00,17.12,17.12,17.08,17.11,1000,0
2014-04-09,16:45:00,17.11,17.11,17.11,17.11,199,0
2014-04-11,20:30:00,17.15,17.16,17.15,17.16,600,0
2014-04-11,20:35:00,18.03,18.03,18.03,18.03,300,0
2014-04-15,17:15:00,18.0,18.0,18.0,18.0,100,0
2014-04-15,20:15:00,17.88,17.88,17.88,17.88,200,0
2014-04-16,15:35:00,17.88,17.88,17.88,17.88,100,0
2014-04-21,18:30:00,17.75,17.75,17.75,17.75,200,0
2014-04-24,18:10:00,17.6,17.66,17.5,17.5,700,0
2014-04-24,18:15:00,17.53,17.53,17.51,17.53,2701,0
2014-04-24,18:20:00,17.55,17.64,17.55,17.62,4882,0
2014-04-24,18:25:00,17.63,17.63,17.53,17.55,1800,0
2014-04-24,18:35:00,17.57,17.57,17.57,17.57,100,0
2014-04-24,20:10:00,17.55,17.55,17.55,17.55,900,0
2014-04-24,20:15:00,17.67,17.72,17.67,17.68,2700,0
2014-04-24,20:20:00,17.68,17.68,17.67,17.67,1800,0
2014-04-24,20:25:00,17.67,17.67,17.67,17.67,100,0
2014-04-28,15:35:00,17.9,17.9,17.9,17.9,298,0
2014-04-28,16:25:00,17.8,17.8,17.8,17.8,1000,0
2014-04-28,22:00:00,17.8,17.8,17.8,17.8,100,0
2014-04-29,21:10:00,17.86,17.86,17.86,17.86,112,0
2014-04-30,19:05:00,17.45,17.45,17.45,17.45,200,0
2014-04-30,21:40:00,17.64,17.64,17.64,17.64,200,0
2014-05-01,17:10:00,17.98,18.05,17.79,18.05,1550,0
2014-05-01,18:05:00,17.78,17.78,17.78,17.78,100,0
2014-05-05,19:15:00,17.61,17.61,17.59,17.59,550,0
2014-05-07,15:35:00,17.77,17.77,17.77,17.77,100,0
2014-05-07,15:40:00,17.98,18.0,17.98,17.98,1200,0
2014-05-07,15:45:00,17.91,17.91,17.91,17.91,200,0
2014-05-07,18:40:00,17.83,17.83,17.83,17.83,300,0
2014-05-07,18:50:00,18.05,18.05,18.03,18.03,500,0
2014-05-07,21:50:00,18.04,18.04,18.04,18.04,150,0
2014-05-08,16:20:00,17.26,17.26,17.26,17.26,600,0
2014-05-08,21:35:00,18.04,18.04,18.04,18.04,100,0
2014-05-08,22:00:00,17.26,17.26,17.26,17.26,400,0
2014-05-14,18:30:00,17.08,17.12,17.02,17.02,2550,0
2014-05-14,20:25:00,17.17,17.37,17.15,17.35,900,0
2014-05-21,15:35:00,17.4,17.4,17.4,17.4,300,0
2014-05-22,19:00:00,17.29,17.3,17.29,17.3,400,0
2014-05-22,21:55:00,17.14,17.14,17.14,17.14,100,0
2014-05-29,17:20:00,17.14,17.14,17.14,17.14,100,0
2014-05-30,17:50:00,17.2,17.2,17.2,17.2,600,0
2014-05-30,17:55:00,17.3,17.38,17.3,17.38,1500,0
2014-05-30,18:00:00,17.38,17.45,17.37,17.45,1400,0
2014-05-30,22:00:00,17.4,17.4,17.4,17.4,100,0
2014-06-02,16:55:00,17.36,17.36,17.31,17.36,800,0
2014-06-02,17:00:00,17.36,17.38,17.36,17.38,500,0
2014-06-02,17:30:00,17.1,17.12,17.1,17.11,1200,0
2014-06-02,17:45:00,17.1,17.1,17.01,17.01,2844,0
2014-06-02,18:05:00,17.01,17.01,17.01,17.01,100,0
2014-06-03,15:35:00,17.2,17.2,17.15,17.18,400,0
2014-06-05,15:35:00,17.0,17.0,17.0,17.0,100,0
2014-06-06,17:05:00,17.14,17.14,17.14,17.14,300,0
2014-06-06,20:55:00,17.02,17.02,17.02,17.02,100,0
2014-06-06,21:05:00,17.02,17.02,17.0,17.0,200,0
2014-06-12,17:30:00,17.01,17.02,17.01,17.02,500,0
2014-06-16,16:00:00,17.09,17.09,17.09,17.09,2000,0
2014-06-16,17:55:00,17.17,17.17,17.17,17.17,585,0
2014-06-18,16:50:00,17.05,17.05,17.05,17.05,600,0
2014-06-19,15:40:00,17.2,17.25,17.19,17.19,2400,0
2014-06-20,15:35:00,16.5,16.5,16.5,16.5,685,0
2014-06-20,15:45:00,17.2,17.2,17.1,17.1,600,0
2014-06-23,21:25:00,16.56,16.56,16.56,16.56,1000,0
2014-06-23,21:30:00,17.2,17.2,17.11,17.12,600,0
2014-06-30,17:00:00,17.09,17.48,17.09,17.48,200,0
2014-06-30,17:05:00,17.5,17.5,17.45,17.45,600,0
2014-07-11,15:35:00,17.25,17.25,17.25,17.25,100,0
2014-07-11,22:00:00,17.25,17.25,17.25,17.25,100,0
2014-07-15,16:25:00,16.51,16.51,16.51,16.51,150,0
2014-07-15,22:00:00,16.51,16.51,16.51,16.51,150,0
2014-07-16,21:25:00,17.77,17.77,17.77,17.77,100,0
2014-07-16,22:00:00,17.77,17.77,17.77,17.77,100,0
2014-07-18,16:30:00,16.85,16.85,16.85,16.85,400,0
2014-07-22,20:35:00,17.0,17.0,17.0,17.0,800,0
2014-07-23,16:45:00,17.0,17.0,17.0,17.0,600,0
2014-07-25,15:50:00,16.5,16.5,16.5,16.5,300,0
2014-07-25,15:55:00,16.75,16.75,16.75,16.75,151,0
2014-07-25,17:55:00,16.75,16.75,16.75,16.75,200,0
2014-07-25,18:25:00,16.8,16.8,16.8,16.8,100,0
2014-07-25,19:00:00,16.83,16.86,16.83,16.86,400,0
2014-07-25,22:00:00,16.86,16.86,16.86,16.86,100,0
2014-07-29,16:30:00,17.75,17.75,17.75,17.75,400,0
2014-07-29,16:55:00,16.77,16.77,16.77,16.77,200,0
2014-07-29,22:00:00,16.79,16.79,16.79,16.79,300,0
2014-07-30,15:35:00,15.48,15.48,15.48,15.48,310,0
2014-07-30,15:40:00,16.5,16.5,16.5,16.5,200,0
2014-07-30,16:15:00,16.26,16.26,16.26,16.26,500,0
2014-07-30,19:15:00,16.5,16.5,16.5,16.5,742,0
2014-07-30,22:00:00,16.2,16.2,16.2,16.2,200,0
2014-07-31,21:15:00,15.84,15.84,15.84,15.84,200,0
2014-08-01,17:55:00,15.8,16.71,15.8,16.71,300,0
2014-08-05,16:00:00,17.23,17.23,15.99,16.22,1720,0
2014-08-05,16:05:00,15.81,15.81,15.02,15.02,1510,0
2014-08-05,16:40:00,16.1,16.1,16.1,16.1,100,0
2014-08-05,17:15:00,16.1,16.1,16.1,16.1,200,0
2014-08-06,16:10:00,15.8,15.8,15.7,15.7,2000,0
2014-08-08,16:15:00,16.4,16.4,16.4,16.4,600,0
2014-08-11,18:15:00,17.22,17.22,17.22,17.22,200,0
2014-08-15,18:50:00,15.99,15.99,15.99,15.99,125,0
2014-08-18,15:35:00,15.74,15.74,15.74,15.74,200,0
2014-08-18,17:10:00,16.3,16.3,16.3,16.3,100,0
2014-08-18,21:15:00,16.05,16.05,16.05,16.05,100,0
2014-08-19,20:25:00,15.84,15.84,15.84,15.84,130,0
2014-08-21,17:25:00,15.75,15.75,15.74,15.74,430,0
2014-08-22,16:15:00,15.54,15.6,15.54,15.6,400,0
2014-08-22,16:25:00,15.75,15.75,15.75,15.75,200,0
2014-08-22,16:40:00,15.47,15.47,15.47,15.47,100,0
2014-08-22,20:05:00,15.37,15.37,15.37,15.37,100,0
2014-08-22,21:25:00,15.75,15.75,15.75,15.75,100,0
2014-09-03,15:35:00,15.12,15.12,15.12,15.12,200,0
2014-09-04,21:15:00,14.99,14.99,14.99,14.99,200,0
2014-09-05,21:55:00,15.64,15.92,15.42,15.49,2260,0
2014-09-08,19:20:00,14.9,14.9,14.9,14.9,300,0
2014-09-09,16:40:00,14.58,14.58,14.58,14.58,100,0
2014-09-09,17:10:00,15.37,15.37,15.37,15.37,845,0
2014-09-09,20:00:00,14.45,14.45,14.45,14.45,175,0
2014-09-10,16:15:00,14.88,14.88,14.88,14.88,300,0
2014-09-12,20:55:00,15.2,15.2,15.2,15.2,1918,0
2014-09-17,20:05:00,14.99,15.29,14.92,15.07,3760,0
2014-09-18,21:05:00,14.7,14.7,14.7,14.7,100,0
2014-09-19,15:45:00,14.74,14.74,14.74,14.74,2900,0
2014-09-19,16:25:00,14.8,14.8,14.8,14.8,540,0
2014-09-19,17:55:00,14.6,14.6,14.6,14.6,100,0
2014-09-19,18:30:00,14.6,14.6,14.6,14.6,500,0
2014-09-22,17:05:00,14.6,14.6,14.6,14.6,300,0
2014-09-24,15:35:00,14.65,14.65,14.65,14.65,200,0
2014-09-24,15:45:00,14.64,14.64,14.64,14.64,200,0
2014-09-24,16:35:00,14.6,14.6,14.6,14.6,500,0
2014-09-24,20:00:00,14.46,14.46,14.46,14.46,200,0
2014-09-24,20:25:00,14.5,14.5,14.5,14.5,400,0
2014-09-25,16:15:00,14.48,14.48,14.48,14.48,300,0
2014-09-25,17:05:00,14.48,14.48,14.48,14.48,200,0
2014-09-25,17:30:00,14.45,14.45,14.45,14.45,3600,0
2014-09-25,19:20:00,14.34,14.38,14.34,14.38,3500,0
2014-09-25,19:35:00,14.32,14.32,14.32,14.32,4700,0
2014-09-25,19:40:00,14.4,14.4,14.4,14.4,1200,0
2014-09-25,19:45:00,14.38,14.38,14.38,14.38,43000,0
2014-09-25,20:15:00,14.34,14.46,14.34,14.46,8900,0
2014-09-25,20:20:00,14.39,14.39,14.35,14.35,3200,0
2014-09-25,20:25:00,14.38,14.38,14.38,14.38,900,0
2014-09-25,21:30:00,14.36,14.36,14.36,14.36,1447,0
2014-09-25,21:45:00,14.35,14.35,14.35,14.35,200,0
2014-09-25,22:00:00,14.5,14.51,14.46,14.46,788,0
2014-09-26,19:35:00,14.25,14.25,14.25,14.25,280,0
2014-09-26,21:40:00,14.28,14.28,14.28,14.28,189,0
2014-09-29,15:45:00,14.1,14.1,14.07,14.07,3000,0
2014-09-29,21:45:00,14.28,14.28,14.28,14.28,100,0
2014-09-30,18:50:00,14.09,14.09,14.09,14.09,200,0
2014-09-30,19:30:00,14.04,14.09,14.04,14.09,200,0
2014-09-30,20:30:00,14.13,14.14,14.13,14.14,225,0
2014-09-30,20:50:00,14.1,14.1,14.1,14.1,344,0
2014-09-30,21:15:00,14.13,14.13,14.13,14.13,100,0
2014-10-01,15:45:00,14.0,14.0,14.0,14.0,1500,0
2014-10-01,16:55:00,14.03,14.03,14.03,14.03,250,0
2014-10-01,17:55:00,14.06,14.06,14.06,14.06,800,0
2014-10-01,19:10:00,14.06,14.06,14.06,14.06,200,0
2014-10-01,21:20:00,14.09,14.09,14.09,14.09,200,0
2014-10-02,15:35:00,14.0,14.0,14.0,14.0,100,0
2014-10-02,16:05:00,14.23,14.23,14.23,14.23,400,0
2014-10-02,16:35:00,14.15,14.15,14.15,14.15,2000,0
2014-10-02,17:35:00,14.15,14.15,14.15,14.15,150,0
2014-10-02,17:40:00,14.16,14.16,14.16,14.16,150,0
2014-10-02,20:40:00,14.29,14.32,14.28,14.28,1600,0
2014-10-02,21:05:00,14.28,14.28,14.28,14.28,1050,0
2014-10-03,15:35:00,13.78,13.78,13.78,13.78,500,0
2014-10-03,15:55:00,13.78,13.78,13.78,13.78,4400,0
2014-10-03,16:05:00,13.74,13.74,13.74,13.74,700,0
2014-10-03,16:20:00,13.7,13.7,13.7,13.7,100,0
2014-10-03,16:45:00,13.7,13.7,13.7,13.7,1800,0
2014-10-03,18:15:00,13.7,13.7,13.7,13.7,200,0
2014-10-06,15:35:00,13.74,13.74,13.74,13.74,700,0
2014-10-06,16:25:00,13.84,13.84,13.84,13.84,298,0
2014-10-07,15:50:00,14.0,14.0,14.0,14.0,2000,0
2014-10-07,18:05:00,14.06,14.06,14.04,14.04,1000,0
2014-10-07,21:30:00,14.1,14.1,14.1,14.1,2000,0
2014-10-07,21:40:00,14.19,14.19,14.17,14.17,575,0
2014-10-07,22:00:00,14.17,14.17,14.17,14.17,2000,0
2014-10-08,15:50:00,14.09,14.09,14.09,14.09,1000,0
2014-10-08,17:20:00,14.16,14.16,14.16,14.16,900,0
2014-10-08,17:25:00,14.1,14.1,14.1,14.1,1300,0
2014-10-08,17:30:00,14.09,14.09,14.09,14.09,300,0
2014-10-08,17:35:00,14.07,14.07,14.06,14.07,1000,0
2014-10-08,19:45:00,14.06,14.06,14.06,14.06,200,0
2014-10-08,22:00:00,14.36,14.36,14.36,14.36,100,0
2014-10-09,15:50:00,14.2,14.2,14.2,14.2,2000,0
2014-10-09,19:50:00,14.2,14.2,14.2,14.2,2600,0
2014-10-10,15:35:00,14.65,14.65,14.65,14.65,500,0
2014-10-10,15:45:00,14.05,14.05,14.05,14.05,100,0
2014-10-10,16:00:00,14.05,14.05,14.05,14.05,100,0
2014-10-10,16:15:00,13.96,13.96,13.96,13.96,200,0
2014-10-10,17:00:00,14.0,14.0,14.0,14.0,1761,0
2014-10-10,20:00:00,14.02,14.02,14.02,14.02,100,0
2014-10-10,20:45:00,14.01,14.01,14.01,14.01,100,0
2014-10-10,21:25:00,14.03,14.03,14.03,14.03,200,0
2014-10-13,15:35:00,14.05,14.25,14.05,14.25,700,0
2014-10-13,15:40:00,14.41,14.42,14.41,14.42,300,0
2014-10-13,15:45:00,14.43,14.43,14.41,14.41,300,0
2014-10-13,15:50:00,14.41,14.41,14.4,14.4,300,0
2014-10-13,15:55:00,14.41,14.42,14.41,14.42,300,0
2014-10-13,16:00:00,14.41,14.41,14.39,14.4,300,0
2014-10-13,16:05:00,14.39,14.39,14.38,14.38,712,0
2014-10-13,16:30:00,14.15,14.38,14.15,14.38,700,0
2014-10-13,17:35:00,14.11,14.11,14.1,14.1,1020,0
2014-10-13,17:45:00,14.25,14.25,14.25,14.25,100,0
2014-10-13,17:55:00,14.15,14.15,14.15,14.15,300,0
2014-10-13,19:15:00,14.18,14.18,14.18,14.18,700,0
2014-10-13,19:50:00,14.16,14.16,14.16,14.16,400,0
2014-10-13,21:15:00,14.18,14.18,14.18,14.18,400,0
2014-10-14,15:45:00,14.0,14.0,14.0,14.0,100,0
2014-10-14,17:45:00,14.08,14.08,14.08,14.08,100,0
2014-10-14,22:00:00,14.04,14.04,14.04,14.04,100,0
2014-10-15,15:55:00,14.48,14.48,14.48,14.48,300,0
2014-10-15,16:30:00,14.39,14.39,14.39,14.39,300,0
2014-10-15,16:40:00,14.39,14.39,14.39,14.39,100,0
2014-10-15,17:15:00,14.27,14.27,14.27,14.27,200,0
2014-10-15,18:50:00,14.33,14.33,14.33,14.33,600,0
2014-10-15,18:55:00,14.35,14.35,14.35,14.35,2600,0
2014-10-15,20:50:00,14.44,14.44,14.44,14.44,300,0
2014-10-16,15:35:00,14.37,14.37,14.37,14.37,1078,0
2014-10-16,16:10:00,14.31,14.31,14.3,14.3,1050,0
2014-10-16,16:20:00,14.28,14.28,14.28,14.28,150,0
2014-10-16,19:30:00,14.52,14.52,14.52,14.52,500,0
2014-10-16,20:00:00,14.42,14.42,14.42,14.42,179,0
2014-10-16,21:25:00,14.47,14.47,14.47,14.47,420,0
2014-10-17,15:35:00,14.46,14.46,14.46,14.46,691,0
2014-10-17,16:05:00,14.36,14.36,14.36,14.36,700,0
2014-10-17,16:20:00,14.38,14.38,14.25,14.25,800,0
2014-10-17,17:05:00,14.4,14.4,14.4,14.4,400,0
2014-10-17,19:25:00,14.41,14.41,14.41,14.41,725,0
2014-10-17,20:20:00,14.41,14.41,14.41,14.41,100,0
2014-10-20,15:35:00,14.42,14.42,14.42,14.42,500,0
2014-10-20,17:00:00,14.38,14.38,14.38,14.38,300,0
2014-10-20,20:55:00,14.38,14.38,14.38,14.38,1301,0
2014-10-21,15:35:00,14.38,14.38,14.38,14.38,400,0
2014-10-21,15:40:00,14.38,14.38,14.38,14.38,100,0
2014-10-21,16:00:00,14.36,14.36,14.36,14.36,1600,0
2014-10-21,17:10:00,14.23,14.23,14.23,14.23,600,0
2014-10-22,15:35:00,14.0,14.0,14.0,14.0,400,0
2014-10-22,17:40:00,14.02,14.02,14.02,14.02,400,0
2014-10-22,19:40:00,14.09,14.09,14.09,14.09,200,0
2014-10-23,16:05:00,14.0,14.0,14.0,14.0,1509,0
2014-10-23,16:10:00,14.0,14.0,14.0,14.0,200,0
2014-10-23,17:15:00,14.0,14.0,14.0,14.0,100,0
2014-10-23,18:55:00,14.0,14.0,14.0,14.0,600,0
2014-10-23,19:25:00,13.95,13.95,13.95,13.95,400,0
2014-10-23,21:20:00,14.0,14.0,14.0,14.0,800,0
2014-10-27,20:30:00,14.09,14.09,14.09,14.09,1500,0
2014-10-28,19:05:00,14.15,14.3,14.15,14.3,1800,0
2014-10-29,15:30:00,14.35,14.35,14.35,14.35,200,0
2014-10-29,18:00:00,14.35,14.35,14.35,14.35,200,0
2014-10-29,19:15:00,14.0,14.0,14.0,14.0,400,0
2014-10-30,15:15:00,13.84,13.84,13.84,13.84,600,0
2014-10-30,16:10:00,13.81,13.83,13.81,13.83,1600,0
2014-10-30,20:40:00,13.89,13.89,13.89,13.89,700,0
2014-10-31,14:35:00,13.43,13.43,13.43,13.43,200,0
2014-10-31,16:20:00,13.2,13.2,13.2,13.2,140,0
2014-10-31,16:40:00,13.43,13.43,13.43,13.43,1000,0
2014-10-31,17:35:00,13.41,13.41,13.41,13.41,100,0
2014-10-31,19:05:00,13.42,13.42,13.42,13.42,100,0
2014-10-31,19:20:00,13.48,13.48,13.48,13.48,200,0
2014-10-31,19:35:00,13.43,13.43,13.43,13.43,210,0
2014-10-31,20:20:00,13.43,13.43,13.43,13.43,200,0
2014-10-31,21:00:00,13.41,13.43,13.41,13.42,1400,0
2014-11-03,16:25:00,13.27,13.27,13.27,13.27,100,0
2014-11-03,16:30:00,13.26,13.28,13.26,13.26,1475,0
2014-11-03,17:25:00,13.24,13.24,13.24,13.24,100,0
2014-11-03,19:45:00,13.23,13.24,13.23,13.24,200,0
2014-11-03,19:50:00,13.2,13.2,13.2,13.2,1440,0
2014-11-03,19:55:00,13.21,13.21,13.21,13.21,200,0
2014-11-03,21:35:00,13.07,13.07,13.07,13.07,100,0
2014-11-06,15:35:00,13.1,13.1,13.1,13.1,200,0
2014-11-06,16:10:00,13.05,13.05,13.05,13.05,200,0
2014-11-06,18:45:00,12.97,12.97,12.97,12.97,960,0
2014-11-06,21:50:00,12.96,12.96,12.96,12.96,1000,0
2014-11-06,22:00:00,12.95,12.95,12.95,12.95,1000,0
2014-11-07,16:05:00,13.09,13.09,13.09,13.09,100,0
2014-11-07,16:35:00,13.08,13.08,13.08,13.08,500,0
2014-11-07,17:30:00,12.99,12.99,12.99,12.99,200,0
2014-11-07,20:50:00,13.06,13.06,13.06,13.06,100,0
2014-11-07,21:40:00,13.11,13.11,13.11,13.11,100,0
2014-11-10,16:50:00,13.07,13.07,13.07,13.07,100,0
2014-11-10,18:35:00,13.02,13.02,13.02,13.02,100,0
2014-11-10,22:00:00,13.08,13.08,13.08,13.08,100,0
2014-11-11,15:50:00,13.07,13.07,13.07,13.07,726,0
2014-11-12,17:35:00,13.17,13.17,13.17,13.17,500,0
2014-11-12,19:20:00,13.1,13.1,13.1,13.1,6000,0
2014-11-14,16:15:00,13.04,13.04,13.04,13.04,1200,0
2014-11-14,20:50:00,13.25,13.25,13.25,13.25,1000,0
2014-11-17,15:35:00,13.12,13.13,13.08,13.08,1900,0
2014-11-17,16:00:00,13.08,13.09,13.08,13.09,1100,0
2014-11-18,16:00:00,13.2,13.2,13.2,13.2,1000,0
2014-11-18,17:40:00,13.2,13.2,13.2,13.2,200,0
2014-11-18,21:10:00,13.15,13.15,13.15,13.15,100,0
2014-11-18,21:30:00,13.11,13.11,13.11,13.11,200,0
2014-11-18,22:00:00,13.2,13.2,13.2,13.2,200,0
2014-11-19,20:45:00,13.12,13.12,13.12,13.12,1100,0
2014-11-19,20:50:00,13.07,13.07,13.07,13.07,300,0
2014-11-20,16:10:00,13.06,13.06,13.06,13.06,200,0
2014-11-20,19:45:00,13.09,13.09,13.09,13.09,2200,0
2014-11-21,15:40:00,12.96,12.99,12.95,12.95,12820,0
2014-11-21,15:45:00,12.95,12.95,12.95,12.95,6246,0
2014-11-21,20:25:00,12.87,12.87,12.87,12.87,800,0
2014-11-21,21:10:00,12.8,12.8,12.8,12.8,410,0
2014-11-21,21:55:00,12.79,12.79,12.79,12.79,100,0
2014-11-28,15:50:00,12.98,12.98,12.98,12.98,300,0
2014-11-28,16:25:00,12.94,12.94,12.94,12.94,300,0
2014-11-28,17:30:00,12.88,12.88,12.88,12.88,100,0
2014-11-28,18:40:00,12.85,12.85,12.85,12.85,200,0
2014-12-01,15:40:00,12.95,12.95,12.95,12.95,200,0
2014-12-01,17:50:00,13.04,13.04,13.04,13.04,600,0
2014-12-01,20:20:00,13.02,13.02,13.02,13.02,100,0
2014-12-01,20:25:00,13.04,13.04,13.04,13.04,100,0
2014-12-01,20:30:00,13.04,13.04,13.04,13.04,100,0
2014-12-01,20:35:00,13.04,13.05,13.04,13.05,200,0
2014-12-01,20:40:00,13.04,13.04,13.04,13.04,100,0
2014-12-01,20:45:00,13.04,13.04,13.04,13.04,200,0
2014-12-01,20:50:00,13.04,13.04,13.04,13.04,200,0
2014-12-01,20:55:00,13.04,13.05,13.04,13.05,200,0
2014-12-01,21:00:00,13.05,13.05,13.04,13.04,300,0
2014-12-02,15:40:00,12.8,12.8,12.8,12.8,400,0
2014-12-02,17:30:00,12.72,12.72,12.72,12.72,987,0
2014-12-02,18:00:00,12.75,12.75,12.71,12.71,1400,0
2014-12-02,19:00:00,12.66,12.66,12.66,12.66,500,0
2014-12-02,20:45:00,12.66,12.66,12.66,12.66,400,0
2014-12-02,21:00:00,12.67,12.67,12.67,12.67,350,0
2014-12-02,22:00:00,12.73,12.73,12.73,12.73,300,0
2014-12-03,15:35:00,12.51,12.51,12.51,12.51,200,0
2014-12-03,21:25:00,12.53,12.53,12.49,12.49,1400,0
2014-12-04,16:15:00,12.7,12.7,12.7,12.7,100,0
2014-12-04,16:20:00,12.62,12.62,12.62,12.62,800,0
2014-12-04,17:05:00,12.82,12.82,12.82,12.82,200,0
2014-12-05,15:45:00,12.46,12.46,12.46,12.46,300,0
2014-12-05,16:50:00,12.34,12.35,12.34,12.35,500,0
2014-12-05,18:45:00,12.46,12.46,12.46,12.46,200,0
2014-12-05,20:20:00,12.43,12.43,12.4,12.4,1600,0
2014-12-08,15:35:00,12.56,12.56,12.56,12.56,1900,0
2014-12-08,15:45:00,13.0,13.0,13.0,13.0,100,0
2014-12-08,16:10:00,12.45,12.45,12.45,12.45,100,0
2014-12-08,16:20:00,12.6,12.64,12.58,12.64,1200,0
2014-12-08,16:45:00,12.67,12.67,12.67,12.67,1200,0
2014-12-09,17:00:00,12.85,12.92,12.84,12.92,1900,0
2014-12-09,17:40:00,12.82,12.82,12.82,12.82,100,0
2014-12-09,19:30:00,12.73,12.8,12.73,12.78,400,0
2014-12-09,20:05:00,12.67,12.68,12.67,12.67,1600,0
2014-12-09,21:00:00,12.66,12.66,12.66,12.66,100,0
2014-12-09,21:25:00,12.68,12.68,12.68,12.68,100,0
2014-12-10,18:25:00,12.95,12.96,12.77,12.94,1000,0
2014-12-10,20:05:00,12.9,12.97,12.9,12.97,1100,0
2014-12-10,20:10:00,12.99,12.99,12.98,12.98,3300,0
2014-12-11,15:35:00,12.82,12.82,12.82,12.82,770,0
2014-12-11,15:40:00,12.79,12.79,12.79,12.79,100,0
2014-12-11,15:45:00,12.75,12.75,12.75,12.75,100,0
2014-12-11,16:10:00,12.75,12.75,12.68,12.68,300,0
2014-12-11,17:45:00,12.68,12.68,12.68,12.68,100,0
2014-12-11,20:10:00,12.68,12.68,12.68,12.68,100,0
2014-12-11,21:25:00,12.77,12.77,12.77,12.77,200,0
2014-12-11,21:30:00,12.77,12.77,12.77,12.77,300,0
2014-12-11,21:35:00,12.77,12.78,12.77,12.78,500,0
2014-12-11,21:40:00,12.78,12.78,12.78,12.78,500,0
2014-12-11,22:00:00,12.71,12.71,12.71,12.71,1000,0
2014-12-12,18:25:00,12.92,12.92,12.92,12.92,100,0
2014-12-12,19:05:00,13.0,13.0,13.0,13.0,500,0
2014-12-12,19:45:00,12.84,12.84,12.84,12.84,200,0
2014-12-12,19:55:00,12.8,12.8,12.8,12.8,200,0
2014-12-12,20:00:00,12.8,12.8,12.8,12.8,200,0
2014-12-12,20:10:00,12.78,12.78,12.78,12.78,200,0
2014-12-12,20:25:00,12.78,12.78,12.78,12.78,300,0
2014-12-12,20:30:00,12.77,12.86,12.77,12.86,700,0
2014-12-12,20:40:00,12.88,12.88,12.88,12.88,400,0
2014-12-12,21:30:00,12.82,12.82,12.82,12.82,100,0
2014-12-12,22:00:00,12.83,12.83,12.83,12.83,900,0
2014-12-15,18:00:00,12.91,12.91,12.91,12.91,100,0
2014-12-15,18:50:00,12.91,12.91,12.91,12.91,2100,0
2014-12-15,19:45:00,12.85,12.85,12.85,12.85,200,0
2014-12-15,21:45:00,12.7,12.7,12.7,12.7,100,0
2014-12-16,16:10:00,12.97,12.97,12.97,12.97,100,0
2014-12-16,16:15:00,13.0,13.0,13.0,13.0,200,0
2014-12-16,18:35:00,12.91,12.91,12.91,12.91,100,0
2014-12-16,18:40:00,12.95,12.95,12.95,12.95,200,0
2014-12-16,18:45:00,12.98,12.98,12.98,12.98,200,0
2014-12-16,18:55:00,12.94,12.94,12.94,12.94,100,0
2014-12-16,19:00:00,12.94,12.95,12.94,12.95,500,0
2014-12-16,22:00:00,12.93,12.93,12.93,12.93,1000,0
2014-12-17,16:00:00,12.8,12.8,12.8,12.8,193,0
2014-12-17,16:10:00,12.8,12.8,12.8,12.8,600,0
2014-12-17,20:55:00,12.7,12.81,12.7,12.81,2000,0
2014-12-18,16:30:00,12.4,12.59,12.35,12.35,7600,0
2014-12-18,18:25:00,12.48,12.48,12.48,12.48,1000,0
2014-12-18,19:20:00,12.46,12.46,12.45,12.45,300,0
2014-12-19,17:15:00,12.48,12.48,12.48,12.48,100,0
2014-12-19,20:35:00,12.2,12.25,12.2,12.25,1140,0
2014-12-19,21:20:00,12.25,12.25,12.25,12.25,100,0
2014-12-22,16:05:00,12.24,12.28,12.23,12.25,20980,0
2014-12-22,17:10:00,12.35,12.35,12.35,12.35,100,0
2014-12-23,15:35:00,9.97,12.01,9.97,12.01,600,0
2014-12-23,15:50:00,12.01,12.01,12.01,12.01,400,0
2014-12-23,16:05:00,11.97,11.97,11.97,11.97,3800,0
2014-12-23,16:45:00,12.02,12.02,12.02,12.02,10000,0
2014-12-23,17:15:00,12.0,12.0,12.0,12.0,200,0
2014-12-23,19:35:00,12.17,12.17,12.17,12.17,300,0
2014-12-24,17:15:00,12.2,12.2,12.2,12.2,500,0
2014-12-24,17:20:00,12.03,12.03,12.03,12.03,700,0
2014-12-26,19:30:00,12.0,12.0,11.98,12.0,587,0
2014-12-26,19:50:00,11.98,11.98,11.95,11.96,4163,0
2014-12-26,21:25:00,11.96,11.98,11.95,11.95,1000,0
2014-12-30,18:10:00,12.06,12.07,12.06,12.07,500,0
2014-12-31,15:45:00,12.07,12.07,12.07,12.07,200,0
2014-12-31,16:45:00,12.09,12.09,12.09,12.09,222,0
2015-01-02,16:50:00,11.7,11.7,11.7,11.7,200,0
2015-01-02,18:40:00,11.68,11.68,11.68,11.68,1000,0
2015-01-02,19:00:00,11.6,11.6,11.6,11.6,100,0
2015-01-02,19:10:00,11.72,11.72,11.72,11.72,500,0
2015-01-02,19:30:00,11.6,11.6,11.6,11.6,1600,0
2015-01-02,20:25:00,11.73,11.73,11.72,11.72,1300,0
2015-01-02,20:55:00,11.7,11.7,11.7,11.7,300,0
2015-01-05,15:35:00,11.4,11.4,11.39,11.39,900,0
2015-01-05,15:45:00,11.42,11.42,11.42,11.42,2400,0
2015-01-05,16:40:00,11.59,11.59,11.59,11.59,100,0
2015-01-06,16:10:00,11.43,11.43,11.43,11.43,100,0
2015-01-06,16:25:00,11.56,11.56,11.56,11.56,500,0
2015-01-06,18:30:00,11.5,11.5,11.5,11.5,200,0
2015-01-07,15:35:00,11.33,11.33,11.21,11.21,750,0
2015-01-07,15:45:00,11.17,11.19,11.17,11.19,300,0
2015-01-07,16:35:00,11.21,11.24,11.21,11.24,1180,0
2015-01-07,16:45:00,11.19,11.19,11.18,11.18,506,0
2015-01-07,17:15:00,11.17,11.17,11.17,11.17,150,0
2015-01-07,19:20:00,11.22,11.22,11.22,11.22,500,0
2015-01-07,21:25:00,11.4,11.4,11.4,11.4,100,0
2015-01-08,15:35:00,11.0,11.0,11.0,11.0,320,0
2015-01-08,15:45:00,11.1,11.16,11.1,11.16,200,0
2015-01-08,16:00:00,11.24,11.24,11.24,11.24,2000,0
2015-01-08,16:20:00,11.12,11.12,11.12,11.12,100,0
2015-01-08,18:00:00,11.25,11.3,11.25,11.3,600,0
2015-01-08,20:10:00,11.26,11.26,11.26,11.26,800,0
2015-01-09,16:10:00,11.21,11.21,11.21,11.21,150,0
2015-01-09,16:25:00,11.29,11.29,11.29,11.29,200,0
2015-01-09,16:35:00,11.38,11.38,11.38,11.38,3700,0
2015-01-09,17:40:00,11.36,11.36,11.36,11.36,100,0
2015-01-09,18:00:00,11.24,11.24,11.24,11.24,3200,0
2015-01-09,22:00:00,11.39,11.39,11.39,11.39,150,0
2015-01-12,15:40:00,11.32,11.32,11.32,11.32,309,0
2015-01-12,15:45:00,11.34,11.34,11.34,11.34,300,0
2015-01-12,16:40:00,11.32,11.32,11.32,11.32,1432,0
2015-01-12,17:00:00,11.27,11.27,11.27,11.27,558,0
2015-01-12,17:25:00,11.31,11.31,11.22,11.22,500,0
2015-01-13,15:35:00,10.95,11.14,10.95,11.13,1960,0
2015-01-13,15:40:00,11.13,11.17,11.13,11.17,1000,0
2015-01-13,16:20:00,11.24,11.24,11.24,11.24,200,0
2015-01-13,18:35:00,11.21,11.21,11.21,11.21,506,0
2015-01-14,15:35:00,11.23,11.24,11.23,11.24,356,0
2015-01-14,15:40:00,11.27,11.27,11.23,11.23,400,0
2015-01-14,17:05:00,11.35,11.36,11.28,11.28,6423,0
2015-01-14,17:10:00,11.38,11.38,11.35,11.35,1600,0
2015-01-14,17:15:00,11.34,11.44,11.34,11.44,950,0
2015-01-14,17:30:00,11.27,11.3,11.27,11.3,316,0
2015-01-14,17:35:00,11.34,11.44,11.34,11.38,1126,0
2015-01-14,17:50:00,11.38,11.38,11.29,11.35,870,0
2015-01-14,17:55:00,11.29,11.35,11.29,11.31,800,0
2015-01-14,18:00:00,11.31,11.31,11.31,11.31,400,0
2015-01-14,18:05:00,11.27,11.27,11.27,11.27,100,0
2015-01-14,18:15:00,11.42,11.42,11.42,11.42,1000,0
2015-01-14,18:20:00,11.28,11.42,11.28,11.42,390,0
2015-01-14,18:55:00,11.38,11.38,11.38,11.38,2350,0
2015-01-14,19:20:00,11.3,11.3,11.3,11.3,1250,0
2015-01-14,19:40:00,11.36,11.37,11.36,11.37,5716,0
2015-01-14,20:15:00,11.34,11.34,11.34,11.34,1000,0
2015-01-14,20:20:00,11.27,11.32,11.25,11.32,1100,0
2015-01-14,21:10:00,11.21,11.21,11.21,11.21,200,0
2015-01-15,15:50:00,11.25,11.25,11.25,11.25,525,0
2015-01-15,16:20:00,11.26,11.26,11.26,11.26,1000,0
2015-01-15,16:50:00,11.2,11.2,11.2,11.2,1000,0
2015-01-15,16:55:00,11.2,11.2,11.2,11.2,2500,0
2015-01-15,18:10:00,11.17,11.17,11.17,11.17,700,0
2015-01-15,18:55:00,11.07,11.07,11.07,11.07,2400,0
2015-01-15,20:00:00,11.24,11.24,11.24,11.24,1000,0
2015-01-15,20:45:00,11.23,11.23,11.23,11.23,3331,0
2015-01-15,21:20:00,11.12,11.12,11.12,11.12,2300,0
2015-01-16,16:40:00,10.92,10.92,10.92,10.92,100,0
2015-01-16,16:45:00,10.92,10.92,10.92,10.92,1100,0
2015-01-16,16:50:00,10.8,10.8,10.8,10.8,100,0
2015-01-16,16:55:00,10.85,10.85,10.85,10.85,600,0
2015-01-16,17:05:00,10.85,10.85,10.85,10.85,2000,0
2015-01-16,17:30:00,10.87,10.87,10.87,10.87,2000,0
2015-01-16,19:15:00,10.93,10.93,10.93,10.93,100,0
2015-01-16,20:35:00,10.93,10.93,10.93,10.93,300,0
2015-01-16,21:00:00,11.02,11.02,11.02,11.02,100,0
2015-01-16,21:05:00,11.02,11.02,11.02,11.02,200,0
2015-01-16,21:35:00,11.07,11.07,11.07,11.07,400,0
2015-01-16,21:40:00,11.02,11.02,10.98,10.98,280,0
2015-01-20,15:35:00,11.51,11.51,11.07,11.07,2303,0
2015-01-20,15:40:00,11.05,11.05,11.05,11.05,300,0
2015-01-20,15:50:00,11.0,11.0,11.0,11.0,1100,0
2015-01-20,16:40:00,10.93,10.93,10.93,10.93,400,0
2015-01-20,16:55:00,11.0,11.0,11.0,11.0,2000,0
2015-01-20,19:20:00,10.92,10.92,10.92,10.92,684,0
2015-01-20,21:30:00,10.92,10.92,10.92,10.92,200,0
2015-01-21,15:35:00,11.0,11.07,11.0,11.06,399,0
2015-01-21,15:40:00,11.09,11.09,11.09,11.09,1000,0
2015-01-21,15:50:00,11.05,11.05,11.05,11.05,1050,0
2015-01-21,15:55:00,11.15,11.15,11.15,11.15,1000,0
2015-01-21,16:05:00,11.1,11.1,10.96,10.96,200,0
2015-01-21,17:10:00,10.96,10.96,10.95,10.95,2300,0
2015-01-21,17:55:00,10.94,10.94,10.94,10.94,100,0
2015-01-21,18:10:00,10.95,10.95,10.95,10.95,100,0
2015-01-21,18:15:00,10.92,10.92,10.9,10.9,436,0
2015-01-21,18:30:00,10.92,10.92,10.92,10.92,200,0
2015-01-21,18:35:00,10.92,10.92,10.92,10.92,800,0
2015-01-21,19:20:00,10.92,10.92,10.92,10.92,159,0
2015-01-21,19:55:00,10.92,10.92,10.92,10.92,400,0
2015-01-21,20:05:00,10.92,10.92,10.92,10.92,100,0
2015-01-21,21:00:00,10.98,10.98,10.9,10.98,5937,0
2015-01-21,21:30:00,10.96,10.96,10.96,10.96,210,0
2015-01-21,22:00:00,10.96,10.96,10.92,10.92,1200,0
2015-01-22,15:35:00,10.81,10.81,10.77,10.77,850,0
2015-01-22,15:40:00,10.82,10.9,10.8,10.9,815,0
2015-01-22,15:45:00,10.89,10.89,10.89,10.89,2400,0
2015-01-22,15:50:00,10.83,10.84,10.83,10.83,2000,0
2015-01-22,16:00:00,10.79,10.79,10.79,10.79,500,0
2015-01-22,16:05:00,10.8,10.8,10.8,10.8,500,0
2015-01-22,16:15:00,10.81,10.82,10.81,10.82,750,0
2015-01-22,16:20:00,10.7,10.7,10.7,10.7,1460,0
2015-01-22,16:25:00,10.69,10.69,10.69,10.69,300,0
2015-01-22,16:40:00,10.76,10.76,10.76,10.76,1000,0
2015-01-22,16:50:00,10.72,10.72,10.66,10.66,4100,0
2015-01-22,16:55:00,10.69,10.69,10.69,10.69,1000,0
2015-01-22,17:00:00,10.67,10.67,10.67,10.67,100,0
2015-01-22,17:05:00,10.67,10.67,10.67,10.67,100,0
2015-01-22,17:15:00,10.55,10.55,10.55,10.55,400,0
2015-01-22,17:35:00,10.68,10.68,10.65,10.65,2320,0
2015-01-22,18:10:00,10.6,10.64,10.6,10.64,800,0
2015-01-22,18:25:00,10.65,10.65,10.65,10.65,200,0
2015-01-22,18:55:00,10.6,10.6,10.6,10.6,130,0
2015-01-22,19:00:00,10.59,10.59,10.57,10.57,700,0
2015-01-22,19:05:00,10.55,10.55,10.55,10.55,700,0
2015-01-22,20:10:00,10.55,10.55,10.55,10.55,900,0
2015-01-22,20:25:00,10.57,10.57,10.53,10.53,2424,0
2015-01-22,20:40:00,10.54,10.55,10.54,10.54,1600,0
2015-01-22,20:45:00,10.53,10.53,10.51,10.51,650,0
2015-01-22,21:10:00,10.56,10.56,10.55,10.55,1092,0
2015-01-22,21:25:00,10.52,10.52,10.52,10.52,200,0
2015-01-22,21:45:00,10.52,10.52,10.52,10.52,200,0
2015-01-22,21:50:00,10.5,10.5,10.49,10.49,2150,0
2015-01-22,22:00:00,10.49,10.5,10.49,10.5,200,0
2015-01-23,15:55:00,10.19,10.19,10.19,10.19,100,0
2015-01-23,16:10:00,10.29,10.29,10.29,10.29,300,0
2015-01-23,16:20:00,10.31,10.31,10.25,10.25,350,0
2015-01-23,16:25:00,10.32,10.32,10.32,10.32,300,0
2015-01-23,16:55:00,10.31,10.31,10.31,10.31,245,0
2015-01-23,17:15:00,10.26,10.26,10.26,10.26,1000,0
2015-01-23,17:25:00,10.27,10.27,10.27,10.27,200,0
2015-01-23,17:30:00,10.31,10.31,10.31,10.31,100,0
2015-01-23,17:50:00,10.31,10.31,10.31,10.31,400,0
2015-01-23,18:00:00,10.33,10.33,10.33,10.33,695,0
2015-01-23,19:35:00,10.23,10.23,10.23,10.23,1200,0
2015-01-23,20:00:00,10.22,10.22,10.21,10.21,400,0
2015-01-23,21:15:00,10.23,10.23,10.23,10.23,100,0
2015-01-23,21:30:00,10.21,10.21,10.21,10.21,200,0
2015-01-26,15:35:00,10.5,10.5,10.16,10.18,2300,0
2015-01-26,15:45:00,10.13,10.17,10.1,10.14,2056,0
2015-01-26,16:20:00,10.18,10.18,10.18,10.18,500,0
2015-01-26,16:35:00,10.15,10.15,10.15,10.15,1000,0
2015-01-26,16:40:00,10.19,10.19,10.18,10.18,200,0
2015-01-26,16:50:00,10.19,10.19,10.19,10.19,700,0
2015-01-26,17:00:00,10.17,10.18,10.17,10.17,4300,0
2015-01-26,17:10:00,10.2,10.2,10.2,10.2,3500,0
2015-01-26,18:05:00,10.25,10.25,10.25,10.25,1000,0
2015-01-26,18:10:00,10.25,10.25,10.25,10.25,1000,0
2015-01-26,18:20:00,10.22,10.22,10.22,10.22,600,0
2015-01-26,18:35:00,10.21,10.21,10.2,10.2,1874,0
2015-01-26,18:45:00,10.2,10.2,10.2,10.2,500,0
2015-01-26,19:20:00,10.19,10.19,10.19,10.19,200,0
2015-01-26,20:05:00,10.23,10.23,10.21,10.21,1500,0
2015-01-26,20:35:00,10.2,10.2,10.2,10.2,200,0
2015-01-26,20:50:00,10.2,10.2,10.18,10.18,400,0
2015-01-26,21:00:00,10.21,10.21,10.21,10.21,7794,0
2015-01-26,21:55:00,10.19,10.23,10.18,10.23,900,0
2015-01-26,22:00:00,10.19,10.22,10.16,10.16,1037,0
2015-01-27,15:35:00,10.44,10.47,10.44,10.47,4700,0
2015-01-27,15:45:00,10.52,10.53,10.52,10.53,7300,0
2015-01-27,15:50:00,10.54,10.54,10.5,10.5,1800,0
2015-01-27,15:55:00,10.52,10.52,10.52,10.52,200,0
2015-01-27,16:00:00,10.53,10.53,10.52,10.52,25087,0
2015-01-27,16:05:00,10.53,10.53,10.52,10.52,19900,0
2015-01-27,16:10:00,10.52,10.52,10.5,10.5,7513,0
2015-01-27,16:30:00,10.54,10.54,10.54,10.54,100,0
2015-01-27,16:50:00,10.55,10.55,10.55,10.55,1000,0
2015-01-27,16:55:00,10.58,10.58,10.58,10.58,500,0
2015-01-27,17:00:00,10.59,10.59,10.59,10.59,750,0
2015-01-27,17:20:00,10.6,10.6,10.51,10.51,693,0
2015-01-27,17:30:00,10.51,10.75,10.51,10.58,8000,0
2015-01-27,17:35:00,10.57,10.57,10.56,10.56,700,0
2015-01-27,17:40:00,10.54,10.55,10.54,10.55,400,0
2015-01-27,17:45:00,10.54,10.55,10.54,10.55,2600,0
2015-01-27,17:50:00,10.53,10.55,10.51,10.51,3600,0
2015-01-27,17:55:00,10.55,10.55,10.53,10.53,600,0
2015-01-27,18:00:00,10.55,10.55,10.51,10.51,1000,0
2015-01-27,18:05:00,10.55,10.55,10.55,10.55,900,0
2015-01-27,18:10:00,10.55,10.55,10.53,10.53,800,0
2015-01-27,18:15:00,10.55,10.55,10.51,10.51,400,0
2015-01-27,18:20:00,10.55,10.56,10.54,10.54,1500,0
2015-01-27,18:25:00,10.53,10.54,10.53,10.53,3300,0
2015-01-27,18:30:00,10.53,10.53,10.5,10.5,3700,0
2015-01-27,18:35:00,10.52,10.52,10.52,10.52,250,0
2015-01-27,18:45:00,10.48,10.48,10.47,10.47,1200,0
2015-01-27,18:55:00,10.45,10.45,10.45,10.45,126,0
2015-01-27,19:05:00,10.5,10.5,10.5,10.5,400,0
2015-01-27,19:15:00,10.51,10.51,10.51,10.51,200,0
2015-01-27,19:20:00,10.51,10.52,10.51,10.52,300,0
2015-01-27,19:30:00,10.51,10.51,10.48,10.48,1000,0
2015-01-27,19:35:00,10.5,10.5,10.46,10.46,700,0
2015-01-27,19:40:00,10.49,10.49,10.49,10.49,2000,0
2015-01-27,20:05:00,10.5,10.5,10.5,10.5,600,0
2015-01-27,20:10:00,10.5,10.5,10.5,10.5,3500,0
2015-01-27,20:15:00,10.48,10.48,10.48,10.48,200,0
2015-01-27,20:20:00,10.52,10.52,10.52,10.52,100,0
2015-01-27,20:25:00,10.52,10.52,10.52,10.52,200,0
2015-01-27,20:30:00,10.52,10.52,10.51,10.51,500,0
2015-01-27,20:35:00,10.51,10.52,10.51,10.52,300,0
2015-01-27,20:40:00,10.52,10.52,10.52,10.52,300,0
2015-01-27,20:45:00,10.5,10.52,10.5,10.51,638,0
2015-01-27,20:55:00,10.51,10.51,10.5,10.5,400,0
2015-01-27,21:00:00,10.52,10.52,10.51,10.52,1452,0
2015-01-27,21:05:00,10.52,10.52,10.52,10.52,500,0
2015-01-27,21:20:00,10.52,10.52,10.52,10.52,350,0
2015-01-27,21:25:00,10.53,10.53,10.53,10.53,390,0
2015-01-27,21:30:00,10.53,10.53,10.53,10.53,200,0
2015-01-27,21:35:00,10.49,10.51,10.48,10.48,400,0
2015-01-27,21:40:00,10.52,10.52,10.5,10.5,1300,0
2015-01-27,21:50:00,10.52,10.52,10.52,10.52,800,0
2015-01-27,22:00:00,10.52,10.53,10.52,10.53,400,0
2015-01-28,15:35:00,10.59,10.59,10.5,10.51,6510,0
2015-01-28,15:45:00,10.52,10.52,10.52,10.52,1600,0
2015-01-28,15:50:00,10.45,10.45,10.45,10.45,200,0
2015-01-28,15:55:00,10.45,10.45,10.42,10.42,500,0
2015-01-28,16:00:00,10.42,10.42,10.42,10.42,100,0
2015-01-28,16:05:00,10.46,10.46,10.46,10.46,100,0
2015-01-28,16:10:00,10.44,10.44,10.44,10.44,200,0
2015-01-28,16:15:00,10.44,10.44,10.44,10.44,300,0
2015-01-28,17:25:00,10.5,10.5,10.5,10.5,200,0
2015-01-28,17:55:00,10.42,10.42,10.42,10.42,473,0
2015-01-28,18:20:00,10.52,10.52,10.52,10.52,100,0
2015-01-28,18:30:00,10.5,10.5,10.5,10.5,100,0
2015-01-28,18:45:00,10.5,10.5,10.5,10.5,100,0
2015-01-28,19:00:00,10.5,10.5,10.5,10.5,100,0
2015-01-28,19:05:00,10.52,10.52,10.5,10.5,200,0
2015-01-28,19:20:00,10.5,10.5,10.5,10.5,100,0
2015-01-28,19:25:00,10.5,10.5,10.5,10.5,100,0
2015-01-28,19:30:00,10.5,10.5,10.49,10.49,300,0
2015-01-28,19:45:00,10.43,10.43,10.43,10.43,600,0
2015-01-28,20:40:00,10.49,10.49,10.49,10.49,165,0
2015-01-28,20:50:00,10.48,10.48,10.42,10.45,700,0
2015-01-28,21:00:00,10.4,10.4,10.35,10.35,1615,0
2015-01-28,21:05:00,10.35,10.35,10.35,10.35,200,0
2015-01-28,21:20:00,10.44,10.44,10.44,10.44,396,0
2015-01-28,21:25:00,10.35,10.35,10.35,10.35,548,0
2015-01-28,21:30:00,10.35,10.35,10.35,10.35,400,0
2015-01-28,21:40:00,10.34,10.34,10.34,10.34,100,0
2015-01-28,21:45:00,10.34,10.34,10.34,10.34,100,0
2015-01-28,21:50:00,10.27,10.34,10.27,10.34,655,0
2015-01-28,21:55:00,10.35,10.35,10.28,10.28,500,0
2015-01-28,22:00:00,10.31,10.31,10.31,10.31,100,0
2015-01-29,15:55:00,10.42,10.43,10.3,10.43,400,0
2015-01-29,16:10:00,10.4,10.4,10.38,10.38,600,0
2015-01-29,16:15:00,10.3,10.3,10.3,10.3,100,0
2015-01-29,16:20:00,10.28,10.28,10.28,10.28,650,0
2015-01-29,16:25:00,10.29,10.29,10.29,10.29,750,0
2015-01-29,16:45:00,10.4,10.4,10.4,10.4,100,0
2015-01-29,16:50:00,10.4,10.4,10.4,10.4,187,0
2015-01-29,17:10:00,10.29,10.32,10.29,10.32,3150,0
2015-01-29,17:35:00,10.28,10.28,10.28,10.28,200,0
2015-01-29,17:45:00,10.26,10.26,10.24,10.24,1400,0
2015-01-29,19:10:00,10.2,10.2,10.2,10.2,500,0
2015-01-29,19:35:00,10.2,10.2,10.2,10.2,500,0
2015-01-29,20:55:00,10.19,10.19,10.19,10.19,400,0
2015-01-29,21:00:00,10.2,10.2,10.2,10.2,1850,0
2015-01-29,21:30:00,10.22,10.22,10.22,10.22,281,0
2015-01-29,21:50:00,10.22,10.22,10.22,10.22,300,0
2015-01-29,22:00:00,10.22,10.22,10.22,10.22,100,0
2015-01-30,15:35:00,10.36,10.36,10.22,10.27,826,0
2015-01-30,15:40:00,10.21,10.21,10.21,10.21,1000,0
2015-01-30,15:45:00,10.24,10.24,10.24,10.24,300,0
2015-01-30,15:55:00,10.23,10.23,10.23,10.23,100,0
2015-01-30,16:05:00,10.21,10.21,10.21,10.21,150,0
2015-01-30,16:15:00,10.18,10.27,10.17,10.27,485,0
2015-01-30,17:00:00,10.27,10.27,10.27,10.27,1500,0
2015-01-30,17:10:00,10.25,10.25,10.25,10.25,1500,0
2015-01-30,17:20:00,10.25,10.25,10.23,10.23,1300,0
2015-01-30,18:35:00,10.17,10.17,10.17,10.17,600,0
2015-01-30,20:25:00,10.17,10.17,10.17,10.17,400,0
2015-01-30,20:30:00,10.17,10.17,10.17,10.17,1100,0
2015-01-30,20:40:00,10.15,10.15,10.15,10.15,600,0
2015-01-30,20:45:00,10.0,10.17,9.95,10.17,2400,0
2015-01-30,21:10:00,10.26,10.26,10.26,10.26,335,0
2015-01-30,21:15:00,10.26,10.26,10.26,10.26,115,0
2015-01-30,21:50:00,10.2,10.22,10.2,10.22,1000,0
2015-01-30,22:00:00,10.27,10.27,10.26,10.27,5400,0
2015-02-02,15:35:00,10.34,10.34,10.34,10.34,150,0
2015-02-02,16:10:00,10.31,10.31,10.27,10.27,300,0
2015-02-02,16:15:00,10.28,10.3,10.28,10.3,2222,0
2015-02-02,16:20:00,10.31,10.31,10.29,10.29,600,0
2015-02-02,16:25:00,10.31,10.31,10.31,10.31,200,0
2015-02-02,16:30:00,10.23,10.23,10.23,10.23,600,0
2015-02-02,16:40:00,10.35,10.35,10.35,10.35,400,0
2015-02-02,16:50:00,10.36,10.36,10.36,10.36,100,0
2015-02-02,16:55:00,10.35,10.35,10.35,10.35,100,0
2015-02-02,17:00:00,10.36,10.36,10.36,10.36,100,0
2015-02-02,17:05:00,10.33,10.33,10.33,10.33,100,0
2015-02-02,17:10:00,10.34,10.34,10.34,10.34,100,0
2015-02-02,17:15:00,10.31,10.31,10.31,10.31,100,0
2015-02-02,17:20:00,10.29,10.3,10.23,10.23,300,0
2015-02-02,17:25:00,10.3,10.3,10.3,10.3,100,0
2015-02-02,17:30:00,10.3,10.3,10.3,10.3,100,0
2015-02-02,17:35:00,10.3,10.3,10.3,10.3,100,0
2015-02-02,17:40:00,10.31,10.31,10.31,10.31,200,0
2015-02-02,17:45:00,10.28,10.28,10.28,10.28,100,0
2015-02-02,17:50:00,10.3,10.3,10.3,10.3,200,0
2015-02-02,17:55:00,10.3,10.3,10.3,10.3,100,0
2015-02-02,18:00:00,10.32,10.32,10.32,10.32,100,0
2015-02-02,18:05:00,10.32,10.32,10.32,10.32,100,0
2015-02-02,18:10:00,10.34,10.34,10.34,10.34,100,0
2015-02-02,18:15:00,10.33,10.33,10.33,10.33,100,0
2015-02-02,18:20:00,10.33,10.33,10.33,10.33,1100,0
2015-02-02,18:25:00,10.34,10.34,10.34,10.34,100,0
2015-02-02,18:30:00,10.34,10.34,10.34,10.34,100,0
2015-02-02,18:35:00,10.32,10.32,10.32,10.32,200,0
2015-02-02,18:40:00,10.32,10.32,10.32,10.32,100,0
2015-02-02,18:45:00,10.32,10.32,10.32,10.32,200,0
2015-02-02,18:50:00,10.32,10.32,10.32,10.32,100,0
2015-02-02,18:55:00,10.32,10.32,10.32,10.32,100,0
2015-02-02,19:00:00,10.31,10.31,10.31,10.31,320,0
2015-02-02,20:40:00,10.32,10.32,10.32,10.32,100,0
2015-02-02,21:40:00,10.31,10.31,10.31,10.31,100,0
2015-02-02,21:50:00,10.26,10.26,10.23,10.23,2410,0
2015-02-02,22:00:00,10.3,10.3,10.3,10.3,100,0
2015-02-03,15:35:00,10.35,10.35,10.35,10.35,150,0
2015-02-03,15:40:00,10.44,10.44,10.44,10.44,200,0
2015-02-03,15:45:00,10.53,10.53,10.53,10.53,300,0
2015-02-03,15:55:00,10.56,10.56,10.56,10.56,3800,0
2015-02-03,16:00:00,10.53,10.53,10.53,10.53,300,0
2015-02-03,16:30:00,10.49,10.53,10.49,10.52,800,0
2015-02-03,16:35:00,10.53,10.53,10.52,10.52,600,0
2015-02-03,16:55:00,10.51,10.51,10.51,10.51,1000,0
2015-02-03,17:00:00,10.5,10.51,10.5,10.51,500,0
2015-02-03,17:25:00,10.58,10.74,10.58,10.61,8062,0
2015-02-03,17:30:00,10.62,10.62,10.62,10.62,400,0
2015-02-03,17:35:00,10.62,10.64,10.62,10.64,615,0
2015-02-03,17:50:00,10.59,10.59,10.55,10.55,2400,0
2015-02-03,18:20:00,10.6,10.6,10.59,10.6,1028,0
2015-02-03,18:25:00,10.6,10.6,10.6,10.6,3000,0
2015-02-03,19:00:00,10.63,10.63,10.63,10.63,300,0
2015-02-03,19:25:00,10.69,10.69,10.69,10.69,950,0
2015-02-03,19:40:00,10.73,10.73,10.73,10.73,100,0
2015-02-03,19:50:00,10.7,10.7,10.7,10.7,200,0
2015-02-03,20:00:00,10.81,10.81,10.69,10.69,1800,0
2015-02-03,20:05:00,10.7,10.7,10.7,10.7,100,0
2015-02-03,20:35:00,10.7,10.7,10.69,10.69,400,0
2015-02-03,21:00:00,10.7,10.7,10.7,10.7,936,0
2015-02-03,21:20:00,10.7,10.7,10.7,10.7,100,0
2015-02-03,21:25:00,10.69,10.69,10.69,10.69,100,0
2015-02-03,21:35:00,10.7,10.7,10.7,10.7,500,0
2015-02-03,21:45:00,10.63,10.63,10.63,10.63,500,0
2015-02-03,21:50:00,10.7,10.71,10.7,10.71,68710,0
2015-02-03,21:55:00,10.62,10.7,10.62,10.7,700,0
2015-02-03,22:00:00,10.69,10.69,10.69,10.69,725,0
2015-02-04,15:35:00,10.45,10.57,10.45,10.57,1119,0
2015-02-04,15:55:00,10.5,10.5,10.5,10.5,400,0
2015-02-04,16:50:00,10.5,10.5,10.5,10.5,4500,0
2015-02-04,17:10:00,10.45,10.45,10.45,10.45,400,0
2015-02-04,17:15:00,10.51,10.51,10.51,10.51,1151,0
2015-02-04,17:45:00,10.48,10.48,10.48,10.48,135,0
2015-02-04,17:50:00,10.45,10.45,10.45,10.45,135,0
2015-02-04,17:55:00,10.45,10.45,10.45,10.45,150,0
2015-02-04,18:00:00,10.45,10.45,10.45,10.45,1872,0
2015-02-04,18:35:00,10.48,10.48,10.48,10.48,100,0
2015-02-04,18:40:00,10.49,10.49,10.49,10.49,300,0
2015-02-04,20:45:00,10.51,10.51,10.51,10.51,200,0
2015-02-04,21:15:00,10.48,10.48,10.48,10.48,100,0
2015-02-04,21:40:00,10.5,10.5,10.5,10.5,16000,0
2015-02-04,21:45:00,10.51,10.51,10.5,10.5,1600,0
2015-02-04,21:50:00,10.47,10.47,10.46,10.46,300,0
2015-02-04,22:00:00,10.44,10.46,10.44,10.46,300,0
2015-02-05,16:05:00,10.53,10.53,10.53,10.53,200,0
2015-02-05,16:20:00,10.54,10.55,10.54,10.54,1400,0
2015-02-05,16:30:00,10.57,10.57,10.57,10.57,13000,0
2015-02-05,16:35:00,10.56,10.56,10.56,10.56,133,0
2015-02-05,16:40:00,10.6,10.6,10.56,10.56,1200,0
2015-02-05,16:45:00,10.56,10.56,10.56,10.56,800,0
2015-02-05,16:50:00,10.58,10.58,10.56,10.56,1300,0
2015-02-05,17:10:00,10.56,10.56,10.55,10.55,300,0
2015-02-05,17:25:00,10.54,10.54,10.54,10.54,1000,0
2015-02-05,17:30:00,10.56,10.56,10.55,10.55,400,0
2015-02-05,18:05:00,10.56,10.56,10.56,10.56,5800,0
2015-02-05,19:05:00,10.56,10.6,10.56,10.6,4550,0
2015-02-05,19:10:00,10.65,10.65,10.65,10.65,300,0
2015-02-05,19:20:00,10.69,10.69,10.69,10.69,1500,0
2015-02-05,19:55:00,10.69,10.69,10.69,10.69,188,0
2015-02-05,20:10:00,10.67,10.67,10.67,10.67,566,0
2015-02-05,20:15:00,10.67,10.67,10.67,10.67,502,0
2015-02-05,20:20:00,10.67,10.67,10.67,10.67,5200,0
2015-02-05,20:25:00,10.67,10.67,10.65,10.65,2500,0
2015-02-05,20:55:00,10.65,10.65,10.65,10.65,800,0
2015-02-05,21:35:00,10.64,10.64,10.64,10.64,100,0
2015-02-05,21:50:00,10.65,10.65,10.65,10.65,100,0
2015-02-05,22:00:00,10.65,10.65,10.65,10.65,300,0
2015-02-06,15:35:00,10.36,10.4,10.36,10.39,3550,0
2015-02-06,15:40:00,10.31,10.35,10.31,10.35,400,0
2015-02-06,15:55:00,10.3,10.3,10.3,10.3,1000,0
2015-02-06,16:10:00,10.3,10.3,10.3,10.3,2100,0
2015-02-06,16:15:00,10.3,10.3,10.3,10.3,100,0
2015-02-06,16:20:00,10.3,10.3,10.3,10.3,200,0
2015-02-06,16:25:00,10.3,10.3,10.28,10.3,1200,0
2015-02-06,16:30:00,10.3,10.3,10.3,10.3,460,0
2015-02-06,16:40:00,10.32,10.33,10.32,10.33,3000,0
2015-02-06,17:00:00,10.34,10.35,10.34,10.34,900,0
2015-02-06,17:10:00,10.28,10.28,10.28,10.28,100,0
2015-02-06,17:15:00,10.28,10.28,10.28,10.28,300,0
2015-02-06,17:50:00,10.34,10.34,10.34,10.34,467,0
2015-02-06,19:10:00,10.3,10.3,10.27,10.27,4300,0
2015-02-06,19:40:00,10.27,10.27,10.27,10.27,3800,0
2015-02-06,20:15:00,10.28,10.29,10.27,10.27,17626,0
2015-02-06,20:20:00,10.27,10.27,10.27,10.27,100,0
2015-02-06,20:30:00,10.27,10.28,10.26,10.27,2200,0
2015-02-06,20:35:00,10.27,10.27,10.27,10.27,1900,0
2015-02-06,20:40:00,10.26,10.26,10.26,10.26,200,0
2015-02-06,20:45:00,10.27,10.27,10.27,10.27,200,0
2015-02-06,20:50:00,10.33,10.38,10.25,10.33,2200,0
2015-02-06,21:35:00,10.3,10.3,10.3,10.3,200,0
2015-02-06,21:45:00,10.3,10.3,10.29,10.29,3200,0
2015-02-06,22:00:00,10.25,10.31,10.25,10.31,4180,0
2015-02-09,15:35:00,10.24,10.24,10.24,10.24,1000,0
2015-02-09,15:40:00,10.34,10.34,10.34,10.34,500,0
2015-02-09,15:50:00,10.33,10.33,10.33,10.33,100,0
2015-02-09,15:55:00,10.3,10.3,10.3,10.3,200,0
2015-02-09,16:05:00,10.4,10.4,10.4,10.4,400,0
2015-02-09,16:20:00,10.35,10.35,10.35,10.35,1400,0
2015-02-09,17:50:00,10.35,10.35,10.35,10.35,800,0
2015-02-09,18:00:00,10.34,10.34,10.34,10.34,700,0
2015-02-09,18:40:00,10.31,10.32,10.27,10.27,4700,0
2015-02-09,19:35:00,10.38,10.38,10.38,10.38,400,0
2015-02-09,20:00:00,10.38,10.38,10.38,10.38,110,0
2015-02-09,20:15:00,10.3,10.3,10.3,10.3,100,0
2015-02-09,20:20:00,10.29,10.29,10.29,10.29,2000,0
2015-02-09,20:40:00,10.39,10.39,10.39,10.39,300,0
2015-02-10,15:35:00,10.24,10.24,10.18,10.18,9200,0
2015-02-10,17:10:00,10.33,10.33,10.33,10.33,10356,0
2015-02-10,17:50:00,10.29,10.29,10.29,10.29,900,0
2015-02-10,18:55:00,10.25,10.25,10.25,10.25,200,0
2015-02-10,19:00:00,10.25,10.25,10.25,10.25,768,0
2015-02-10,19:40:00,10.2,10.25,10.2,10.25,3000,0
2015-02-10,20:50:00,10.2,10.2,10.2,10.2,600,0
2015-02-11,15:35:00,10.16,10.16,10.16,10.16,200,0
2015-02-11,15:40:00,10.15,10.15,10.15,10.15,2000,0
2015-02-11,15:45:00,10.23,10.23,10.23,10.23,2850,0
2015-02-11,16:00:00,10.21,10.22,10.21,10.21,1500,0
2015-02-11,19:15:00,10.16,10.16,10.16,10.16,100,0
2015-02-11,19:20:00,10.18,10.21,10.18,10.19,2600,0
2015-02-11,20:50:00,10.14,10.14,10.14,10.14,1000,0
2015-02-11,22:00:00,10.18,10.18,10.18,10.18,200,0
2015-02-12,15:35:00,10.3,10.3,10.3,10.3,200,0
2015-02-12,15:40:00,10.42,10.42,10.42,10.42,2000,0
2015-02-12,16:00:00,10.46,10.46,10.45,10.45,3500,0
2015-02-12,16:05:00,10.34,10.34,10.34,10.34,200,0
2015-02-12,16:40:00,10.42,10.42,10.42,10.42,1600,0
2015-02-12,17:45:00,10.42,10.42,10.42,10.42,800,0
2015-02-12,18:25:00,10.45,10.45,10.45,10.45,300,0
2015-02-12,18:40:00,10.42,10.42,10.42,10.42,400,0
2015-02-12,20:10:00,10.43,10.43,10.43,10.43,102,0
2015-02-12,20:15:00,10.39,10.4,10.38,10.4,2000,0
2015-02-12,20:25:00,10.44,10.44,10.44,10.44,2000,0
2015-02-12,20:40:00,10.44,10.44,10.44,10.44,500,0
2015-02-12,20:50:00,10.44,10.44,10.41,10.41,2975,0
2015-02-12,22:00:00,10.44,10.44,10.44,10.44,2000,0
2015-02-13,15:35:00,10.27,10.4,10.27,10.4,1200,0
2015-02-13,15:40:00,10.4,10.4,10.4,10.4,100,0
2015-02-13,16:10:00,10.49,10.54,10.49,10.54,2110,0
2015-02-13,16:15:00,10.54,10.54,10.49,10.54,2420,0
2015-02-13,16:20:00,10.52,10.52,10.52,10.52,500,0
2015-02-13,16:30:00,10.51,10.51,10.51,10.51,100,0
2015-02-13,16:35:00,10.5,10.5,10.5,10.5,600,0
2015-02-13,17:25:00,10.49,10.49,10.49,10.49,600,0
2015-02-13,17:30:00,10.49,10.49,10.49,10.49,400,0
2015-02-13,19:00:00,10.49,10.49,10.49,10.49,250,0
2015-02-13,19:10:00,10.48,10.48,10.48,10.48,1000,0
2015-02-13,21:25:00,10.45,10.45,10.44,10.44,720,0
2015-02-13,21:35:00,10.41,10.41,10.41,10.41,100,0
2015-02-13,22:00:00,10.44,10.45,10.42,10.42,3616,0
2015-02-17,15:35:00,10.56,10.56,10.54,10.54,704,0
2015-02-17,15:45:00,10.5,10.52,10.5,10.52,1300,0
2015-02-17,15:55:00,10.52,10.52,10.5,10.5,2152,0
2015-02-17,16:00:00,10.46,10.46,10.46,10.46,100,0
2015-02-17,16:20:00,10.39,10.39,10.39,10.39,8138,0
2015-02-17,16:40:00,10.36,10.37,10.36,10.36,600,0
2015-02-17,17:10:00,10.46,10.46,10.46,10.46,150,0
2015-02-17,17:20:00,10.45,10.45,10.45,10.45,200,0
2015-02-17,17:25:00,10.42,10.42,10.41,10.41,48950,0
2015-02-17,19:00:00,10.52,10.53,10.52,10.53,1440,0
2015-02-17,19:30:00,10.49,10.49,10.49,10.49,100,0
2015-02-17,19:35:00,10.49,10.49,10.49,10.49,400,0
2015-02-17,19:45:00,10.48,10.48,10.47,10.47,1000,0
2015-02-17,20:20:00,10.5,10.5,10.48,10.48,1000,0
2015-02-17,20:30:00,10.45,10.45,10.45,10.45,159,0
2015-02-17,20:35:00,10.45,10.47,10.45,10.47,1800,0
2015-02-18,15:35:00,10.47,10.47,10.47,10.47,198,0
2015-02-18,15:45:00,10.47,10.47,10.47,10.47,196,0
2015-02-18,16:05:00,10.32,10.34,10.32,10.34,400,0
2015-02-18,16:15:00,10.31,10.35,10.3,10.3,1600,0
2015-02-18,18:50:00,10.41,10.41,10.41,10.41,200,0
2015-02-18,20:15:00,10.54,10.54,10.54,10.54,700,0
2015-02-18,20:20:00,10.42,10.42,10.42,10.42,200,0
2015-02-19,15:40:00,10.49,10.5,10.49,10.5,300,0
2015-02-19,15:45:00,10.5,10.5,10.49,10.49,400,0
2015-02-19,15:50:00,10.49,10.49,10.37,10.37,400,0
2015-02-19,15:55:00,10.48,10.49,10.48,10.49,300,0
2015-02-19,16:00:00,10.49,10.49,10.43,10.49,500,0
2015-02-19,16:05:00,10.51,10.51,10.51,10.51,100,0
2015-02-19,16:10:00,10.5,10.5,10.5,10.5,200,0
2015-02-19,16:15:00,10.5,10.5,10.38,10.5,3730,0
2015-02-19,16:20:00,10.48,10.48,10.48,10.48,100,0
2015-02-19,16:25:00,10.47,10.47,10.47,10.47,200,0
2015-02-19,16:30:00,10.47,10.47,10.46,10.46,300,0
2015-02-19,16:35:00,10.47,10.47,10.47,10.47,100,0
2015-02-19,16:40:00,10.48,10.49,10.48,10.49,200,0
2015-02-19,16:45:00,10.49,10.51,10.49,10.51,300,0
2015-02-19,16:50:00,10.5,10.5,10.5,10.5,100,0
2015-02-19,16:55:00,10.51,10.51,10.5,10.5,200,0
2015-02-19,17:00:00,10.5,10.5,10.49,10.49,200,0
2015-02-19,17:05:00,10.5,10.5,10.5,10.5,100,0
2015-02-19,17:10:00,10.5,10.5,10.5,10.5,200,0
2015-02-19,17:15:00,10.49,10.49,10.49,10.49,200,0
2015-02-19,17:25:00,10.49,10.5,10.42,10.42,4720,0
2015-02-19,17:30:00,10.49,10.49,10.49,10.49,200,0
2015-02-19,17:40:00,10.5,10.5,10.5,10.5,200,0
2015-02-19,17:45:00,10.5,10.5,10.5,10.5,200,0
2015-02-19,17:55:00,10.5,10.5,10.5,10.5,200,0
2015-02-19,18:00:00,10.5,10.5,10.5,10.5,200,0
2015-02-19,18:05:00,10.5,10.5,10.5,10.5,700,0
2015-02-19,18:10:00,10.5,10.5,10.5,10.5,200,0
2015-02-19,18:15:00,10.5,10.5,10.48,10.48,800,0
2015-02-19,18:25:00,10.48,10.48,10.47,10.47,200,0
2015-02-19,18:30:00,10.48,10.48,10.47,10.47,200,0
2015-02-19,18:40:00,10.47,10.47,10.46,10.46,200,0
2015-02-19,18:45:00,10.45,10.46,10.45,10.46,200,0
2015-02-19,18:55:00,10.46,10.46,10.46,10.46,100,0
2015-02-19,19:00:00,10.46,10.47,10.46,10.47,200,0
2015-02-19,19:10:00,10.52,10.52,10.52,10.52,200,0
2015-02-19,19:15:00,10.52,10.52,10.52,10.52,200,0
2015-02-19,19:25:00,10.5,10.5,10.5,10.5,100,0
2015-02-19,19:30:00,10.5,10.5,10.5,10.5,200,0
2015-02-19,19:40:00,10.5,10.5,10.5,10.5,200,0
2015-02-19,19:45:00,10.5,10.5,10.47,10.47,300,0
2015-02-19,19:55:00,10.45,10.45,10.45,10.45,200,0
2015-02-19,20:00:00,10.45,10.45,10.45,10.45,200,0
2015-02-19,20:10:00,10.45,10.45,10.45,10.45,200,0
2015-02-19,20:15:00,10.45,10.51,10.45,10.51,300,0
2015-02-19,20:25:00,10.51,10.51,10.5,10.5,200,0
2015-02-19,20:30:00,10.49,10.49,10.49,10.49,200,0
2015-02-19,20:35:00,10.49,10.49,10.49,10.49,100,0
2015-02-19,20:40:00,10.49,10.49,10.49,10.49,200,0
2015-02-19,20:45:00,10.49,10.49,10.34,10.34,892,0
2015-02-19,20:55:00,10.48,10.48,10.48,10.48,200,0
2015-02-19,21:00:00,10.49,10.49,10.48,10.48,200,0
2015-02-19,21:05:00,10.5,10.5,10.5,10.5,100,0
2015-02-19,21:10:00,10.49,10.49,10.49,10.49,200,0
2015-02-19,21:15:00,10.5,10.5,10.5,10.5,200,0
2015-02-19,21:20:00,10.5,10.5,10.5,10.5,100,0
2015-02-19,21:25:00,10.5,10.5,10.5,10.5,200,0
2015-02-19,21:30:00,10.5,10.5,10.5,10.5,300,0
2015-02-19,21:35:00,10.49,10.49,10.49,10.49,600,0
2015-02-19,21:40:00,10.49,10.49,10.49,10.49,300,0
2015-02-19,21:45:00,10.49,10.5,10.49,10.5,400,0
2015-02-19,21:50:00,10.49,10.49,10.49,10.49,300,0
2015-02-19,21:55:00,10.5,10.5,10.49,10.49,600,0
2015-02-19,22:00:00,10.49,10.5,10.49,10.5,1000,0
2015-02-20,15:50:00,10.4,10.4,10.4,10.4,5400,0
2015-02-20,16:05:00,10.31,10.31,10.31,10.31,12100,0
2015-02-20,16:15:00,10.3,10.3,10.3,10.3,800,0
2015-02-20,16:20:00,10.34,10.34,10.34,10.34,24000,0
2015-02-20,17:00:00,10.34,10.35,10.34,10.34,900,0
2015-02-20,17:20:00,10.38,10.38,10.36,10.36,700,0
2015-02-20,21:55:00,10.43,10.43,10.43,10.43,100,0
2015-02-23,15:35:00,10.3,10.3,10.3,10.3,515,0
2015-02-23,15:55:00,10.29,10.3,10.29,10.3,1100,0
2015-02-23,16:05:00,10.3,10.4,10.29,10.4,1500,0
2015-02-23,17:20:00,10.19,10.19,10.19,10.19,600,0
2015-02-23,17:35:00,10.3,10.3,10.3,10.3,100,0
2015-02-23,18:10:00,10.3,10.3,10.3,10.3,1800,0
2015-02-23,19:00:00,10.6,10.6,10.58,10.58,1100,0
2015-02-23,21:30:00,10.41,10.41,10.41,10.41,500,0
2015-02-23,22:00:00,10.48,10.48,10.48,10.48,500,0
