Date,Time,Open,High,Low,Close,Volume,OpenInt
2015-01-30,19:20:00,16.72,16.72,16.72,16.72,100,0
2015-01-30,19:25:00,16.74,16.74,16.72,16.72,300,0
2015-01-30,19:30:00,16.69,16.78,16.66,16.72,4600,0
2015-01-30,19:35:00,16.68,16.71,16.65,16.71,1600,0
2015-01-30,19:40:00,16.7,16.72,16.7,16.72,200,0
2015-01-30,19:45:00,16.7,16.74,16.63,16.74,2500,0
2015-01-30,19:50:00,16.69,16.69,16.69,16.69,300,0
2015-01-30,19:55:00,16.71,16.71,16.7,16.7,300,0
2015-01-30,20:00:00,16.7,16.7,16.7,16.7,1000,0
2015-01-30,20:05:00,16.68,16.68,16.65,16.65,1700,0
2015-01-30,20:10:00,16.65,16.65,16.64,16.64,600,0
2015-01-30,20:15:00,16.63,16.71,16.54,16.71,6450,0
2015-01-30,20:20:00,16.7,16.78,16.7,16.76,765,0
2015-01-30,20:25:00,16.77,16.78,16.75,16.75,1472,0
2015-01-30,20:30:00,16.76,16.83,16.76,16.83,900,0
2015-01-30,20:35:00,16.82,16.82,16.81,16.81,1400,0
2015-01-30,20:40:00,16.81,16.91,16.81,16.91,900,0
2015-01-30,20:45:00,16.89,16.89,16.83,16.83,1300,0
2015-01-30,20:50:00,16.86,16.86,16.81,16.81,500,0
2015-01-30,20:55:00,16.81,16.81,16.77,16.77,900,0
2015-01-30,21:00:00,16.77,16.77,16.77,16.77,500,0
2015-01-30,21:05:00,16.77,16.78,16.77,16.78,700,0
2015-01-30,21:10:00,16.72,16.77,16.72,16.77,800,0
2015-01-30,21:15:00,16.75,16.75,16.74,16.75,300,0
2015-01-30,21:20:00,16.73,16.73,16.65,16.65,2350,0
2015-01-30,21:25:00,16.65,16.68,16.62,16.67,2071,0
2015-01-30,21:30:00,16.66,16.69,16.64,16.69,2500,0
2015-01-30,21:35:00,16.68,16.68,16.65,16.68,2100,0
2015-01-30,21:40:00,16.68,16.68,16.64,16.64,3100,0
2015-01-30,21:45:00,16.64,16.67,16.57,16.63,5200,0
2015-01-30,21:50:00,16.61,16.64,16.56,16.58,9348,0
2015-01-30,21:55:00,16.59,16.7,16.58,16.69,15442,0
2015-01-30,22:00:00,16.7,16.7,16.61,16.65,176699,0
2015-02-02,15:35:00,16.75,16.75,16.75,16.75,1082,0
2015-02-02,15:40:00,16.79,16.79,16.65,16.65,900,0
2015-02-02,15:45:00,16.69,16.69,16.53,16.58,1300,0
2015-02-02,15:55:00,16.59,16.66,16.59,16.66,1000,0
2015-02-02,16:00:00,16.68,16.68,16.68,16.68,300,0
2015-02-02,16:05:00,16.65,16.67,16.64,16.67,800,0
2015-02-02,16:10:00,16.64,16.65,16.61,16.61,700,0
2015-02-02,16:15:00,16.59,16.6,16.59,16.59,500,0
2015-02-02,16:20:00,16.58,16.66,16.55,16.65,2500,0
2015-02-02,16:25:00,16.62,16.62,16.52,16.55,2800,0
2015-02-02,16:30:00,16.61,16.61,16.61,16.61,600,0
2015-02-02,16:35:00,16.61,16.61,16.61,16.61,856,0
2015-02-02,16:40:00,16.64,16.64,16.64,16.64,200,0
2015-02-02,16:50:00,16.68,16.68,16.56,16.56,1000,0
2015-02-02,16:55:00,16.56,16.62,16.56,16.62,500,0
2015-02-02,17:00:00,16.62,16.65,16.62,16.62,500,0
2015-02-02,17:10:00,16.71,16.72,16.67,16.72,600,0
2015-02-02,17:20:00,16.76,16.76,16.76,16.76,200,0
2015-02-02,17:25:00,16.76,16.76,16.72,16.72,600,0
2015-02-02,17:30:00,16.72,16.72,16.6,16.72,900,0
2015-02-02,17:35:00,16.73,16.76,16.73,16.76,700,0
2015-02-02,17:50:00,16.8,16.8,16.8,16.8,400,0
2015-02-02,17:55:00,16.81,16.81,16.81,16.81,400,0
2015-02-02,18:00:00,16.8,16.81,16.73,16.76,1740,0
2015-02-02,18:05:00,16.75,16.75,16.73,16.73,500,0
2015-02-02,18:10:00,16.72,16.72,16.69,16.69,300,0
2015-02-02,18:15:00,16.72,16.72,16.72,16.72,400,0
2015-02-02,18:20:00,16.73,16.76,16.73,16.73,900,0
2015-02-02,18:25:00,16.74,16.74,16.74,16.74,400,0
2015-02-02,18:30:00,16.79,16.84,16.73,16.73,5405,0
2015-02-02,18:35:00,16.81,16.81,16.76,16.76,400,0
2015-02-02,18:40:00,16.76,16.79,16.76,16.79,300,0
2015-02-02,18:45:00,16.79,16.85,16.79,16.85,1100,0
2015-02-02,18:50:00,16.82,16.83,16.73,16.73,1900,0
2015-02-02,18:55:00,16.73,16.73,16.73,16.73,200,0
2015-02-02,19:00:00,16.78,16.78,16.78,16.78,600,0
2015-02-02,19:05:00,16.75,16.75,16.75,16.75,300,0
2015-02-02,19:10:00,16.78,16.83,16.78,16.83,800,0
2015-02-02,19:15:00,16.83,16.83,16.81,16.82,900,0
2015-02-02,19:25:00,16.81,16.83,16.79,16.83,1300,0
2015-02-02,19:30:00,16.85,16.85,16.84,16.84,1100,0
2015-02-02,19:35:00,16.8,16.8,16.79,16.79,400,0
2015-02-02,19:40:00,16.79,16.79,16.79,16.79,200,0
2015-02-02,19:45:00,16.76,16.76,16.75,16.75,600,0
2015-02-02,19:50:00,16.69,16.7,16.66,16.68,700,0
2015-02-02,19:55:00,16.71,16.72,16.71,16.71,1000,0
2015-02-02,20:00:00,16.71,16.71,16.71,16.71,600,0
2015-02-02,20:10:00,16.69,16.72,16.69,16.72,3400,0
2015-02-02,20:15:00,16.68,16.68,16.66,16.66,600,0
2015-02-02,20:20:00,16.69,16.7,16.66,16.68,1200,0
2015-02-02,20:30:00,16.68,16.68,16.68,16.68,400,0
2015-02-02,20:35:00,16.71,16.72,16.71,16.72,400,0
2015-02-02,20:40:00,16.69,16.7,16.65,16.68,1400,0
2015-02-02,20:45:00,16.67,16.67,16.67,16.67,1000,0
2015-02-02,20:50:00,16.64,16.65,16.61,16.61,2600,0
2015-02-02,20:55:00,16.65,16.66,16.65,16.66,1000,0
2015-02-02,21:00:00,16.69,16.7,16.67,16.67,900,0
2015-02-02,21:05:00,16.72,16.72,16.72,16.72,300,0
2015-02-02,21:10:00,16.7,16.7,16.7,16.7,800,0
2015-02-02,21:15:00,16.7,16.82,16.7,16.82,1100,0
2015-02-02,21:20:00,16.84,16.86,16.75,16.75,2100,0
2015-02-02,21:30:00,16.8,16.8,16.75,16.75,1600,0
2015-02-02,21:35:00,16.8,16.82,16.8,16.8,4809,0
2015-02-02,21:40:00,16.79,16.79,16.78,16.79,4221,0
2015-02-02,21:45:00,16.79,16.79,16.78,16.79,7199,0
2015-02-02,21:50:00,16.79,16.79,16.77,16.79,8006,0
2015-02-02,21:55:00,16.82,16.82,16.74,16.79,6107,0
2015-02-02,22:00:00,16.79,16.81,16.76,16.78,23888,0
2015-02-03,15:35:00,16.93,16.94,16.93,16.94,400,0
2015-02-03,15:45:00,17.11,17.21,17.09,17.21,3700,0
2015-02-03,15:55:00,17.35,17.35,17.35,17.35,1600,0
2015-02-03,16:00:00,17.4,17.4,17.4,17.4,400,0
2015-02-03,16:10:00,17.44,17.5,17.43,17.5,2800,0
2015-02-03,16:15:00,17.51,17.53,17.51,17.53,2000,0
2015-02-03,16:20:00,17.51,17.55,17.51,17.55,700,0
2015-02-03,16:25:00,17.55,17.55,17.52,17.52,1806,0
2015-02-03,16:30:00,17.54,17.63,17.54,17.6,5097,0
2015-02-03,16:35:00,17.6,17.6,17.55,17.55,2800,0
2015-02-03,16:40:00,17.55,17.55,17.55,17.55,300,0
2015-02-03,16:45:00,17.57,17.57,17.55,17.55,200,0
2015-02-03,16:50:00,17.53,17.53,17.53,17.53,2500,0
2015-02-03,17:05:00,17.52,17.53,17.52,17.53,300,0
2015-02-03,17:10:00,17.51,17.53,17.44,17.45,3800,0
2015-02-03,17:15:00,17.43,17.44,17.43,17.44,300,0
2015-02-03,17:25:00,17.45,17.45,17.44,17.44,1300,0
2015-02-03,17:30:00,17.41,17.41,17.41,17.41,100,0
2015-02-03,17:35:00,17.41,17.42,17.39,17.4,1700,0
2015-02-03,17:40:00,17.39,17.39,17.34,17.34,1500,0
2015-02-03,17:45:00,17.28,17.39,17.28,17.37,1000,0
2015-02-03,17:50:00,17.33,17.33,17.31,17.31,950,0
2015-02-03,17:55:00,17.3,17.3,17.25,17.25,700,0
2015-02-03,18:00:00,17.27,17.27,17.25,17.25,500,0
2015-02-03,18:05:00,17.25,17.25,17.22,17.22,1300,0
2015-02-03,18:10:00,17.28,17.3,17.25,17.3,500,0
2015-02-03,18:15:00,17.25,17.28,17.21,17.24,1100,0
2015-02-03,18:20:00,17.24,17.24,17.21,17.22,300,0
2015-02-03,18:25:00,17.21,17.23,17.21,17.21,1100,0
2015-02-03,18:30:00,17.2,17.21,17.18,17.19,400,0
2015-02-03,18:35:00,17.19,17.21,17.19,17.19,600,0
2015-02-03,18:40:00,17.19,17.25,17.19,17.25,1200,0
2015-02-03,18:45:00,17.23,17.28,17.23,17.27,400,0
2015-02-03,18:50:00,17.26,17.27,17.26,17.27,300,0
2015-02-03,18:55:00,17.27,17.27,17.24,17.24,1000,0
2015-02-03,19:00:00,17.27,17.27,17.22,17.22,700,0
2015-02-03,19:05:00,17.22,17.3,17.22,17.29,700,0
2015-02-03,19:10:00,17.31,17.31,17.29,17.29,300,0
2015-02-03,19:15:00,17.27,17.34,17.27,17.34,400,0
2015-02-03,19:25:00,17.33,17.33,17.3,17.3,400,0
2015-02-03,19:30:00,17.29,17.29,17.29,17.29,300,0
2015-02-03,19:40:00,17.27,17.27,17.27,17.27,100,0
2015-02-03,19:45:00,17.27,17.27,17.27,17.27,100,0
2015-02-03,19:50:00,17.32,17.46,17.32,17.4,3499,0
2015-02-03,19:55:00,17.41,17.44,17.4,17.44,2700,0
2015-02-03,20:00:00,17.43,17.44,17.43,17.44,700,0
2015-02-03,20:05:00,17.4,17.48,17.4,17.47,4500,0
2015-02-03,20:15:00,17.47,17.47,17.46,17.46,200,0
2015-02-03,20:20:00,17.46,17.47,17.43,17.43,600,0
2015-02-03,20:25:00,17.43,17.43,17.42,17.42,400,0
2015-02-03,20:30:00,17.43,17.43,17.42,17.42,500,0
2015-02-03,20:35:00,17.43,17.45,17.43,17.45,700,0
2015-02-03,20:40:00,17.42,17.42,17.41,17.41,400,0
2015-02-03,20:45:00,17.4,17.49,17.4,17.49,1688,0
2015-02-03,20:50:00,17.48,17.48,17.48,17.48,500,0
2015-02-03,20:55:00,17.49,17.55,17.48,17.55,3000,0
2015-02-03,21:00:00,17.52,17.53,17.52,17.52,3100,0
2015-02-03,21:05:00,17.58,17.58,17.58,17.58,100,0
2015-02-03,21:10:00,17.57,17.59,17.57,17.59,3220,0
2015-02-03,21:15:00,17.58,17.58,17.58,17.58,400,0
2015-02-03,21:20:00,17.59,17.64,17.59,17.64,1200,0
2015-02-03,21:25:00,17.63,17.65,17.63,17.65,600,0
2015-02-03,21:30:00,17.65,17.65,17.65,17.65,2000,0
2015-02-03,21:35:00,17.65,17.69,17.62,17.62,1100,0
2015-02-03,21:40:00,17.61,17.63,17.61,17.63,1800,0
2015-02-03,21:45:00,17.66,17.67,17.63,17.63,2196,0
2015-02-03,21:50:00,17.67,17.7,17.66,17.68,4900,0
2015-02-03,21:55:00,17.7,17.72,17.68,17.68,4200,0
2015-02-03,22:00:00,17.7,17.71,17.58,17.62,45875,0
2015-02-04,15:35:00,17.5,17.68,17.5,17.61,1757,0
2015-02-04,15:40:00,17.65,17.65,17.59,17.59,500,0
2015-02-04,15:45:00,17.59,17.59,17.59,17.59,300,0
2015-02-04,15:50:00,17.7,17.7,17.59,17.59,1000,0
2015-02-04,15:55:00,17.6,17.6,17.6,17.6,800,0
2015-02-04,16:05:00,17.63,17.63,17.61,17.61,600,0
2015-02-04,16:10:00,17.64,17.64,17.57,17.57,600,0
2015-02-04,16:15:00,17.61,17.61,17.61,17.61,300,0
2015-02-04,16:20:00,17.63,17.66,17.63,17.66,500,0
2015-02-04,16:30:00,17.69,17.69,17.64,17.66,1800,0
2015-02-04,16:40:00,17.52,17.57,17.52,17.57,400,0
2015-02-04,16:45:00,17.53,17.57,17.53,17.57,400,0
2015-02-04,16:50:00,17.68,17.68,17.55,17.55,1504,0
2015-02-04,16:55:00,17.56,17.56,17.5,17.5,3661,0
2015-02-04,17:10:00,17.55,17.55,17.55,17.55,100,0
2015-02-04,17:15:00,17.53,17.55,17.53,17.55,900,0
2015-02-04,17:20:00,17.7,17.7,17.7,17.7,200,0
2015-02-04,17:25:00,17.7,17.71,17.65,17.71,800,0
2015-02-04,17:30:00,17.71,17.72,17.69,17.69,1664,0
2015-02-04,17:35:00,17.75,17.77,17.73,17.73,1600,0
2015-02-04,17:40:00,17.73,17.73,17.73,17.73,100,0
2015-02-04,17:45:00,17.78,17.78,17.78,17.78,600,0
2015-02-04,17:50:00,17.74,17.74,17.74,17.74,400,0
2015-02-04,17:55:00,17.74,17.74,17.7,17.7,700,0
2015-02-04,18:00:00,17.65,17.65,17.65,17.65,100,0
2015-02-04,18:05:00,17.7,17.7,17.7,17.7,200,0
2015-02-04,18:10:00,17.72,17.72,17.72,17.72,100,0
2015-02-04,18:15:00,17.76,17.76,17.73,17.73,1000,0
2015-02-04,18:30:00,17.73,17.73,17.71,17.71,700,0
2015-02-04,18:35:00,17.66,17.66,17.66,17.66,300,0
2015-02-04,18:40:00,17.66,17.66,17.58,17.58,700,0
2015-02-04,18:45:00,17.58,17.6,17.52,17.52,2100,0
2015-02-04,18:50:00,17.52,17.52,17.45,17.45,8300,0
2015-02-04,18:55:00,17.46,17.47,17.43,17.44,1500,0
2015-02-04,19:00:00,17.45,17.45,17.35,17.4,2100,0
2015-02-04,19:05:00,17.43,17.43,17.43,17.43,299,0
2015-02-04,19:15:00,17.4,17.4,17.36,17.36,800,0
2015-02-04,19:20:00,17.4,17.4,17.4,17.4,700,0
2015-02-04,19:25:00,17.45,17.45,17.45,17.45,200,0
2015-02-04,19:30:00,17.45,17.54,17.45,17.52,1156,0
2015-02-04,19:35:00,17.53,17.53,17.53,17.53,100,0
2015-02-04,19:40:00,17.59,17.59,17.59,17.59,700,0
2015-02-04,19:50:00,17.55,17.61,17.47,17.6,10438,0
2015-02-04,19:55:00,17.6,17.64,17.58,17.58,400,0
2015-02-04,20:00:00,17.53,17.53,17.4,17.4,800,0
2015-02-04,20:05:00,17.41,17.56,17.41,17.56,700,0
2015-02-04,20:10:00,17.5,17.5,17.5,17.5,400,0
2015-02-04,20:15:00,17.52,17.52,17.49,17.49,1000,0
2015-02-04,20:20:00,17.47,17.47,17.47,17.47,900,0
2015-02-04,20:25:00,17.46,17.46,17.45,17.45,1000,0
2015-02-04,20:30:00,17.38,17.45,17.38,17.4,600,0
2015-02-04,20:35:00,17.46,17.46,17.46,17.46,100,0
2015-02-04,20:40:00,17.46,17.46,17.46,17.46,480,0
2015-02-04,20:45:00,17.44,17.44,17.44,17.44,100,0
2015-02-04,20:50:00,17.45,17.5,17.45,17.5,300,0
2015-02-04,20:55:00,17.47,17.47,17.47,17.47,100,0
2015-02-04,21:00:00,17.56,17.56,17.56,17.56,800,0
2015-02-04,21:05:00,17.52,17.54,17.52,17.54,300,0
2015-02-04,21:10:00,17.59,17.59,17.56,17.57,600,0
2015-02-04,21:15:00,17.59,17.62,17.59,17.62,3692,0
2015-02-04,21:20:00,17.65,17.68,17.63,17.63,2000,0
2015-02-04,21:25:00,17.63,17.64,17.63,17.64,4100,0
2015-02-04,21:30:00,17.68,17.68,17.66,17.66,200,0
2015-02-04,21:35:00,17.69,17.75,17.69,17.74,2900,0
2015-02-04,21:40:00,17.65,17.68,17.65,17.68,1400,0
2015-02-04,21:45:00,17.67,17.67,17.53,17.53,1900,0
2015-02-04,21:50:00,17.53,17.62,17.53,17.62,2100,0
2015-02-04,21:55:00,17.62,17.62,17.47,17.55,5500,0
2015-02-04,22:00:00,17.55,17.6,17.54,17.56,25068,0
2015-02-05,15:35:00,17.62,17.62,17.62,17.62,200,0
2015-02-05,15:45:00,17.72,17.72,17.72,17.72,800,0
2015-02-05,15:50:00,17.76,17.85,17.76,17.83,1150,0
2015-02-05,15:55:00,17.75,17.87,17.74,17.74,500,0
2015-02-05,16:00:00,17.75,17.83,17.74,17.83,2516,0
2015-02-05,16:05:00,17.72,17.87,17.72,17.77,2600,0
2015-02-05,16:10:00,17.86,17.94,17.84,17.94,4198,0
2015-02-05,16:15:00,17.94,17.94,17.94,17.94,100,0
2015-02-05,16:20:00,17.92,17.92,17.91,17.91,200,0
2015-02-05,16:25:00,17.91,17.91,17.85,17.85,200,0
2015-02-05,16:35:00,17.86,17.92,17.85,17.92,300,0
2015-02-05,16:45:00,17.91,17.91,17.91,17.91,100,0
2015-02-05,16:55:00,17.92,17.92,17.92,17.92,300,0
2015-02-05,17:00:00,17.97,17.97,17.94,17.94,1400,0
2015-02-05,17:05:00,17.98,18.02,17.98,18.0,3900,0
2015-02-05,17:10:00,18.03,18.06,18.03,18.06,500,0
2015-02-05,17:15:00,18.07,18.07,18.07,18.07,500,0
2015-02-05,17:20:00,18.03,18.07,18.03,18.07,200,0
2015-02-05,17:25:00,18.07,18.1,18.07,18.1,900,0
2015-02-05,17:30:00,18.14,18.16,18.11,18.15,1300,0
2015-02-05,17:35:00,18.11,18.16,18.1,18.1,1300,0
2015-02-05,17:40:00,18.16,18.16,18.02,18.03,2300,0
2015-02-05,17:45:00,18.04,18.04,17.96,17.96,1700,0
2015-02-05,17:50:00,17.98,17.99,17.93,17.95,2400,0
2015-02-05,17:55:00,17.97,18.1,17.96,18.09,5100,0
2015-02-05,18:00:00,18.09,18.09,17.96,17.96,3800,0
2015-02-05,18:05:00,18.06,18.07,17.99,18.05,2266,0
2015-02-05,18:10:00,18.09,18.09,18.09,18.09,100,0
2015-02-05,18:15:00,18.09,18.11,18.09,18.11,900,0
2015-02-05,18:20:00,18.16,18.16,18.16,18.16,100,0
2015-02-05,18:25:00,18.17,18.2,18.17,18.2,300,0
2015-02-05,18:30:00,18.18,18.27,18.18,18.27,1800,0
2015-02-05,18:35:00,18.27,18.27,18.27,18.27,200,0
2015-02-05,18:40:00,18.27,18.27,18.25,18.25,700,0
2015-02-05,18:50:00,18.22,18.22,18.22,18.22,200,0
2015-02-05,18:55:00,18.22,18.22,18.21,18.21,300,0
2015-02-05,19:00:00,18.21,18.21,18.21,18.21,100,0
2015-02-05,19:05:00,18.22,18.22,18.21,18.21,500,0
2015-02-05,19:10:00,18.23,18.23,18.23,18.23,100,0
2015-02-05,19:15:00,18.24,18.27,18.23,18.26,1900,0
2015-02-05,19:20:00,18.32,18.32,18.27,18.29,400,0
2015-02-05,19:30:00,18.32,18.36,18.31,18.31,900,0
2015-02-05,19:35:00,18.31,18.31,18.31,18.31,400,0
2015-02-05,19:40:00,18.31,18.31,18.31,18.31,200,0
2015-02-05,19:45:00,18.35,18.35,18.33,18.33,600,0
2015-02-05,19:50:00,18.35,18.35,18.33,18.33,1400,0
2015-02-05,19:55:00,18.31,18.31,18.27,18.3,1800,0
2015-02-05,20:05:00,18.28,18.28,18.28,18.28,700,0
2015-02-05,20:10:00,18.28,18.28,18.28,18.28,200,0
2015-02-05,20:15:00,18.28,18.32,18.28,18.29,1200,0
2015-02-05,20:20:00,18.29,18.3,18.29,18.3,500,0
2015-02-05,20:25:00,18.27,18.27,18.26,18.26,500,0
2015-02-05,20:30:00,18.21,18.21,18.19,18.2,800,0
2015-02-05,20:40:00,18.22,18.23,18.22,18.23,500,0
2015-02-05,20:45:00,18.22,18.22,18.22,18.22,100,0
2015-02-05,21:00:00,18.28,18.29,18.28,18.28,2700,0
2015-02-05,21:10:00,18.3,18.3,18.3,18.3,1590,0
2015-02-05,21:15:00,18.3,18.32,18.3,18.32,200,0
2015-02-05,21:20:00,18.3,18.34,18.3,18.3,1500,0
2015-02-05,21:25:00,18.32,18.32,18.3,18.3,400,0
2015-02-05,21:30:00,18.31,18.31,18.3,18.3,1300,0
2015-02-05,21:35:00,18.3,18.34,18.3,18.34,2430,0
2015-02-05,21:40:00,18.33,18.34,18.32,18.32,3600,0
2015-02-05,21:45:00,18.33,18.36,18.33,18.36,2900,0
2015-02-05,21:50:00,18.36,18.37,18.29,18.29,7412,0
2015-02-05,21:55:00,18.29,18.31,18.24,18.3,5200,0
2015-02-05,22:00:00,18.28,18.33,18.24,18.32,60976,0
2015-02-06,15:35:00,18.35,18.38,18.32,18.38,2635,0
2015-02-06,15:40:00,18.39,18.39,18.39,18.39,900,0
2015-02-06,15:55:00,18.38,18.38,18.37,18.37,600,0
2015-02-06,16:00:00,18.34,18.4,18.34,18.4,400,0
2015-02-06,16:05:00,18.54,18.57,18.54,18.56,1100,0
2015-02-06,16:10:00,18.56,18.6,18.5,18.6,1200,0
2015-02-06,16:15:00,18.54,18.68,18.54,18.68,3010,0
2015-02-06,16:20:00,18.66,18.71,18.66,18.71,1500,0
2015-02-06,16:25:00,18.71,18.71,18.66,18.66,900,0
2015-02-06,16:30:00,18.59,18.59,18.53,18.53,600,0
2015-02-06,16:40:00,18.48,18.48,18.48,18.48,100,0
2015-02-06,16:45:00,18.51,18.62,18.51,18.58,2000,0
2015-02-06,16:50:00,18.5,18.53,18.49,18.53,2600,0
2015-02-06,16:55:00,18.56,18.59,18.5,18.58,5100,0
2015-02-06,17:05:00,18.49,18.55,18.46,18.46,600,0
2015-02-06,17:15:00,18.57,18.6,18.56,18.57,700,0
2015-02-06,17:20:00,18.61,18.63,18.57,18.58,1200,0
2015-02-06,17:25:00,18.64,18.65,18.64,18.65,500,0
2015-02-06,17:30:00,18.7,18.71,18.7,18.71,500,0
2015-02-06,17:35:00,18.69,18.69,18.69,18.69,200,0
2015-02-06,17:40:00,18.69,18.69,18.6,18.62,1800,0
2015-02-06,17:45:00,18.59,18.59,18.54,18.54,300,0
2015-02-06,17:50:00,18.52,18.52,18.52,18.52,100,0
2015-02-06,17:55:00,18.51,18.51,18.51,18.51,200,0
2015-02-06,18:00:00,18.51,18.52,18.51,18.52,300,0
2015-02-06,18:05:00,18.52,18.57,18.52,18.56,600,0
2015-02-06,18:10:00,18.57,18.57,18.56,18.56,300,0
2015-02-06,18:15:00,18.53,18.53,18.44,18.46,1100,0
2015-02-06,18:20:00,18.51,18.51,18.48,18.48,700,0
2015-02-06,18:30:00,18.43,18.43,18.43,18.43,800,0
2015-02-06,18:35:00,18.46,18.46,18.46,18.46,300,0
2015-02-06,18:45:00,18.48,18.48,18.43,18.43,1500,0
2015-02-06,18:50:00,18.4,18.4,18.37,18.37,600,0
2015-02-06,18:55:00,18.36,18.36,18.36,18.36,100,0
2015-02-06,19:00:00,18.36,18.37,18.33,18.33,3100,0
2015-02-06,19:05:00,18.37,18.37,18.33,18.34,614,0
2015-02-06,19:10:00,18.33,18.33,18.33,18.33,2700,0
2015-02-06,19:15:00,18.33,18.34,18.33,18.33,1600,0
2015-02-06,19:20:00,18.33,18.36,18.16,18.24,12040,0
2015-02-06,19:25:00,18.22,18.22,18.22,18.22,100,0
2015-02-06,19:30:00,18.22,18.22,18.18,18.18,2243,0
2015-02-06,19:35:00,18.18,18.19,18.18,18.18,2500,0
2015-02-06,19:40:00,18.16,18.17,18.11,18.11,3800,0
2015-02-06,19:45:00,18.14,18.14,18.1,18.13,2200,0
2015-02-06,19:50:00,18.15,18.17,18.1,18.1,4300,0
2015-02-06,19:55:00,18.09,18.09,18.09,18.09,300,0
2015-02-06,20:05:00,18.14,18.14,18.13,18.14,1489,0
2015-02-06,20:10:00,18.12,18.15,18.12,18.15,1000,0
2015-02-06,20:15:00,18.14,18.15,18.14,18.15,300,0
2015-02-06,20:20:00,18.15,18.15,18.12,18.12,2800,0
2015-02-06,20:35:00,18.11,18.15,18.11,18.15,2400,0
2015-02-06,20:45:00,18.16,18.16,18.13,18.13,1200,0
2015-02-06,20:50:00,18.13,18.13,18.13,18.13,800,0
2015-02-06,20:55:00,18.15,18.15,18.14,18.14,400,0
2015-02-06,21:00:00,18.14,18.14,18.09,18.09,2000,0
2015-02-06,21:05:00,18.08,18.1,18.08,18.08,3222,0
2015-02-06,21:10:00,18.08,18.1,18.08,18.1,3754,0
2015-02-06,21:15:00,18.1,18.1,18.08,18.1,1600,0
2015-02-06,21:20:00,18.08,18.08,18.05,18.05,8196,0
2015-02-06,21:25:00,18.01,18.02,17.97,18.0,3400,0
2015-02-06,21:30:00,18.0,18.0,17.93,17.98,1900,0
2015-02-06,21:35:00,17.96,17.98,17.96,17.97,1100,0
2015-02-06,21:40:00,18.0,18.0,17.95,17.95,3528,0
2015-02-06,21:45:00,17.98,17.99,17.94,17.98,3400,0
2015-02-06,21:50:00,17.99,18.01,17.94,17.95,15562,0
2015-02-06,21:55:00,17.94,17.98,17.83,17.89,11664,0
2015-02-06,22:00:00,17.9,17.99,17.87,17.94,93137,0
2015-02-09,15:35:00,17.87,17.91,17.87,17.91,2270,0
2015-02-09,15:40:00,17.9,17.9,17.9,17.9,300,0
2015-02-09,15:45:00,17.95,17.97,17.95,17.97,600,0
2015-02-09,15:50:00,18.01,18.02,17.88,17.88,2000,0
2015-02-09,15:55:00,17.89,18.01,17.89,18.01,800,0
2015-02-09,16:00:00,18.0,18.01,17.91,17.98,1700,0
2015-02-09,16:05:00,17.98,18.02,17.98,18.02,700,0
2015-02-09,16:10:00,18.0,18.0,17.93,17.93,400,0
2015-02-09,16:20:00,17.95,18.06,17.93,17.99,6268,0
2015-02-09,16:25:00,17.95,17.98,17.91,17.91,5899,0
2015-02-09,16:30:00,17.85,17.95,17.82,17.83,5000,0
2015-02-09,16:35:00,17.77,17.85,17.77,17.8,2300,0
2015-02-09,16:40:00,17.81,17.87,17.81,17.87,300,0
2015-02-09,16:45:00,17.89,17.89,17.84,17.84,700,0
2015-02-09,16:50:00,17.85,17.85,17.85,17.85,300,0
2015-02-09,16:55:00,17.82,17.82,17.82,17.82,100,0
2015-02-09,17:00:00,17.85,17.94,17.85,17.94,600,0
2015-02-09,17:05:00,17.95,17.95,17.92,17.95,300,0
2015-02-09,17:10:00,17.92,17.93,17.92,17.92,300,0
2015-02-09,17:15:00,17.93,17.94,17.88,17.88,900,0
2015-02-09,17:20:00,17.87,17.87,17.87,17.87,100,0
2015-02-09,17:25:00,17.89,17.89,17.89,17.89,200,0
2015-02-09,17:30:00,17.9,17.96,17.9,17.96,700,0
2015-02-09,17:35:00,17.95,17.95,17.92,17.92,600,0
2015-02-09,17:40:00,17.95,17.95,17.92,17.94,400,0
2015-02-09,17:45:00,17.92,17.92,17.92,17.92,200,0
2015-02-09,17:50:00,17.97,17.97,17.93,17.93,400,0
2015-02-09,17:55:00,17.96,17.97,17.95,17.95,600,0
2015-02-09,18:00:00,17.98,18.0,17.92,17.92,2100,0
2015-02-09,18:05:00,17.93,17.94,17.93,17.94,700,0
2015-02-09,18:10:00,17.94,17.95,17.91,17.95,500,0
2015-02-09,18:15:00,17.93,17.93,17.9,17.91,1200,0
2015-02-09,18:20:00,17.9,17.9,17.9,17.9,100,0
2015-02-09,18:30:00,17.84,17.94,17.84,17.92,900,0
2015-02-09,18:35:00,17.92,17.93,17.89,17.89,1000,0
2015-02-09,18:40:00,17.89,17.89,17.89,17.89,100,0
2015-02-09,18:45:00,17.9,17.93,17.9,17.9,500,0
2015-02-09,18:50:00,17.9,17.93,17.9,17.93,200,0
2015-02-09,18:55:00,17.91,17.92,17.91,17.92,500,0
2015-02-09,19:00:00,17.92,17.92,17.91,17.91,500,0
2015-02-09,19:05:00,17.87,17.87,17.84,17.86,300,0
2015-02-09,19:10:00,17.85,17.86,17.84,17.84,900,0
2015-02-09,19:15:00,17.85,17.85,17.83,17.83,500,0
2015-02-09,19:20:00,17.86,17.89,17.86,17.89,300,0
2015-02-09,19:25:00,17.89,17.89,17.87,17.87,1084,0
2015-02-09,19:40:00,17.81,17.83,17.81,17.83,400,0
2015-02-09,19:45:00,17.87,17.87,17.83,17.83,600,0
2015-02-09,19:50:00,17.83,17.84,17.83,17.84,700,0
2015-02-09,19:55:00,17.88,17.91,17.88,17.91,500,0
2015-02-09,20:00:00,17.9,17.94,17.9,17.94,900,0
2015-02-09,20:10:00,17.9,17.9,17.81,17.84,1400,0
2015-02-09,20:15:00,17.84,17.93,17.81,17.81,2800,0
2015-02-09,20:20:00,17.81,17.81,17.79,17.79,300,0
2015-02-09,20:25:00,17.79,17.79,17.78,17.78,600,0
2015-02-09,20:30:00,17.78,17.82,17.78,17.8,1500,0
2015-02-09,20:35:00,17.8,17.8,17.8,17.8,1000,0
2015-02-09,20:40:00,17.8,17.8,17.79,17.8,900,0
2015-02-09,20:45:00,17.79,17.8,17.78,17.79,1700,0
2015-02-09,20:50:00,17.77,17.77,17.76,17.76,500,0
2015-02-09,20:55:00,17.78,17.78,17.78,17.78,400,0
2015-02-09,21:00:00,17.79,17.79,17.76,17.77,2578,0
2015-02-09,21:05:00,17.76,17.76,17.65,17.67,3520,0
2015-02-09,21:10:00,17.66,17.68,17.66,17.68,400,0
2015-02-09,21:15:00,17.69,17.72,17.69,17.72,400,0
2015-02-09,21:20:00,17.71,17.71,17.7,17.7,800,0
2015-02-09,21:25:00,17.72,17.77,17.72,17.76,1000,0
2015-02-09,21:30:00,17.77,17.77,17.76,17.77,2027,0
2015-02-09,21:35:00,17.74,17.74,17.74,17.74,800,0
2015-02-09,21:40:00,17.74,17.74,17.68,17.7,1700,0
2015-02-09,21:45:00,17.8,17.8,17.8,17.8,2100,0
2015-02-09,21:50:00,17.7,17.74,17.68,17.74,2791,0
2015-02-09,21:55:00,17.76,17.76,17.66,17.69,5704,0
2015-02-09,22:00:00,17.69,17.71,17.6,17.66,33106,0
2015-02-10,15:35:00,17.72,17.72,17.7,17.71,1000,0
2015-02-10,15:40:00,17.71,17.71,17.63,17.63,1000,0
2015-02-10,15:45:00,17.63,17.63,17.49,17.49,1000,0
2015-02-10,15:50:00,17.49,17.49,17.46,17.46,700,0
2015-02-10,15:55:00,17.54,17.54,17.47,17.47,800,0
2015-02-10,16:00:00,17.43,17.44,17.43,17.44,900,0
2015-02-10,16:05:00,17.47,17.47,17.42,17.42,2285,0
2015-02-10,16:10:00,17.4,17.4,17.33,17.35,1300,0
2015-02-10,16:15:00,17.36,17.36,17.36,17.36,700,0
2015-02-10,16:25:00,17.45,17.45,17.4,17.4,200,0
2015-02-10,16:30:00,17.4,17.4,17.21,17.21,3401,0
2015-02-10,16:35:00,17.21,17.21,17.2,17.2,1400,0
2015-02-10,16:40:00,17.4,17.4,17.4,17.4,200,0
2015-02-10,16:45:00,17.29,17.3,17.28,17.3,700,0
2015-02-10,16:50:00,17.3,17.3,17.26,17.26,4910,0
2015-02-10,17:05:00,17.3,17.36,17.3,17.33,700,0
2015-02-10,17:10:00,17.31,17.31,17.3,17.3,1200,0
2015-02-10,17:15:00,17.44,17.44,17.44,17.44,400,0
2015-02-10,17:20:00,17.44,17.44,17.44,17.44,700,0
2015-02-10,17:25:00,17.44,17.44,17.44,17.44,600,0
2015-02-10,17:30:00,17.45,17.45,17.45,17.45,1200,0
2015-02-10,17:35:00,17.45,17.45,17.45,17.45,800,0
2015-02-10,17:40:00,17.47,17.48,17.47,17.48,800,0
2015-02-10,17:55:00,17.5,17.5,17.42,17.47,3270,0
2015-02-10,18:05:00,17.55,17.55,17.5,17.5,950,0
2015-02-10,18:10:00,17.54,17.55,17.5,17.51,1600,0
2015-02-10,18:15:00,17.51,17.55,17.42,17.47,3100,0
2015-02-10,18:20:00,17.45,17.46,17.44,17.44,1100,0
2015-02-10,18:25:00,17.44,17.44,17.43,17.43,600,0
2015-02-10,18:35:00,17.44,17.44,17.43,17.44,900,0
2015-02-10,18:40:00,17.42,17.44,17.42,17.44,700,0
2015-02-10,18:45:00,17.46,17.48,17.46,17.48,1500,0
2015-02-10,18:55:00,17.45,17.45,17.45,17.45,1462,0
2015-02-10,19:05:00,17.45,17.45,17.43,17.43,700,0
2015-02-10,19:10:00,17.43,17.45,17.43,17.45,800,0
2015-02-10,19:15:00,17.44,17.44,17.35,17.44,2770,0
2015-02-10,19:20:00,17.45,17.45,17.42,17.42,700,0
2015-02-10,19:25:00,17.43,17.45,17.43,17.44,1600,0
2015-02-10,19:30:00,17.44,17.44,17.44,17.44,800,0
2015-02-10,19:35:00,17.4,17.41,17.4,17.41,1100,0
2015-02-10,19:40:00,17.39,17.47,17.39,17.47,1960,0
2015-02-10,19:45:00,17.41,17.48,17.4,17.4,7103,0
2015-02-10,19:50:00,17.39,17.41,17.37,17.37,2713,0
2015-02-10,19:55:00,17.41,17.43,17.4,17.4,2900,0
2015-02-10,20:00:00,17.42,17.44,17.41,17.44,600,0
2015-02-10,20:05:00,17.44,17.44,17.38,17.4,2202,0
2015-02-10,20:10:00,17.4,17.4,17.4,17.4,700,0
2015-02-10,20:15:00,17.4,17.41,17.4,17.41,400,0
2015-02-10,20:20:00,17.4,17.41,17.38,17.38,900,0
2015-02-10,20:25:00,17.41,17.41,17.41,17.41,300,0
2015-02-10,20:30:00,17.42,17.42,17.3,17.32,4802,0
2015-02-10,20:35:00,17.35,17.35,17.35,17.35,300,0
2015-02-10,20:40:00,17.4,17.43,17.4,17.41,700,0
2015-02-10,20:45:00,17.41,17.45,17.41,17.45,1000,0
2015-02-10,20:50:00,17.41,17.41,17.4,17.4,800,0
2015-02-10,20:55:00,17.4,17.42,17.4,17.42,2253,0
2015-02-10,21:00:00,17.42,17.42,17.4,17.4,1715,0
2015-02-10,21:05:00,17.4,17.41,17.36,17.36,2300,0
2015-02-10,21:10:00,17.38,17.39,17.36,17.39,2900,0
2015-02-10,21:15:00,17.37,17.4,17.37,17.37,400,0
2015-02-10,21:20:00,17.41,17.41,17.39,17.39,1600,0
2015-02-10,21:25:00,17.39,17.4,17.39,17.39,1500,0
2015-02-10,21:30:00,17.39,17.4,17.34,17.4,4450,0
2015-02-10,21:35:00,17.42,17.42,17.34,17.34,2400,0
2015-02-10,21:40:00,17.34,17.42,17.33,17.4,2440,0
2015-02-10,21:45:00,17.4,17.4,17.3,17.38,6025,0
2015-02-10,21:50:00,17.27,17.39,17.27,17.39,7295,0
2015-02-10,21:55:00,17.4,17.4,17.37,17.38,4410,0
2015-02-10,22:00:00,17.37,17.4,17.37,17.4,40921,0
2015-02-11,15:40:00,17.39,17.39,17.39,17.39,1295,0
2015-02-11,15:50:00,17.4,17.4,17.35,17.4,2600,0
2015-02-11,16:00:00,17.4,17.4,17.35,17.35,1500,0
2015-02-11,16:05:00,17.35,17.35,17.35,17.35,1100,0
2015-02-11,16:10:00,17.4,17.4,17.39,17.39,700,0
2015-02-11,16:15:00,17.39,17.39,17.36,17.36,701,0
2015-02-11,16:20:00,17.4,17.4,17.37,17.37,600,0
2015-02-11,16:25:00,17.35,17.35,17.35,17.35,700,0
2015-02-11,16:35:00,17.31,17.32,17.27,17.32,700,0
2015-02-11,16:40:00,17.32,17.32,17.28,17.28,1700,0
2015-02-11,16:45:00,17.32,17.32,17.32,17.32,300,0
2015-02-11,16:50:00,17.32,17.32,17.32,17.32,300,0
2015-02-11,16:55:00,17.32,17.32,17.32,17.32,700,0
2015-02-11,17:00:00,17.31,17.32,17.31,17.32,1800,0
2015-02-11,17:05:00,17.32,17.34,17.32,17.32,1300,0
2015-02-11,17:10:00,17.4,17.4,17.38,17.39,1793,0
2015-02-11,17:20:00,17.39,17.39,17.38,17.38,800,0
2015-02-11,17:35:00,17.38,17.38,17.36,17.36,700,0
2015-02-11,17:40:00,17.4,17.4,17.4,17.4,100,0
2015-02-11,17:45:00,17.4,17.4,17.38,17.38,1700,0
2015-02-11,17:50:00,17.4,17.4,17.4,17.4,700,0
2015-02-11,17:55:00,17.4,17.4,17.4,17.4,300,0
2015-02-11,18:00:00,17.4,17.4,17.4,17.4,1200,0
2015-02-11,18:05:00,17.39,17.39,17.38,17.38,1109,0
2015-02-11,18:10:00,17.4,17.4,17.4,17.4,100,0
2015-02-11,18:15:00,17.4,17.4,17.4,17.4,900,0
2015-02-11,18:20:00,17.4,17.42,17.4,17.4,2700,0
2015-02-11,18:25:00,17.4,17.4,17.4,17.4,1300,0
2015-02-11,18:30:00,17.4,17.4,17.4,17.4,100,0
2015-02-11,18:35:00,17.4,17.4,17.39,17.39,1200,0
2015-02-11,18:40:00,17.39,17.39,17.38,17.38,600,0
2015-02-11,18:45:00,17.4,17.4,17.4,17.4,600,0
2015-02-11,18:50:00,17.4,17.4,17.4,17.4,300,0
2015-02-11,19:00:00,17.4,17.4,17.4,17.4,1101,0
2015-02-11,19:15:00,17.38,17.38,17.27,17.29,1209,0
2015-02-11,19:20:00,17.25,17.25,17.25,17.25,200,0
2015-02-11,19:25:00,17.28,17.32,17.28,17.32,400,0
2015-02-11,19:40:00,17.34,17.36,17.34,17.36,261,0
2015-02-11,19:45:00,17.35,17.35,17.34,17.35,800,0
2015-02-11,19:50:00,17.34,17.34,17.34,17.34,200,0
2015-02-11,19:55:00,17.36,17.36,17.36,17.36,200,0
2015-02-11,20:00:00,17.37,17.37,17.33,17.33,1300,0
2015-02-11,20:10:00,17.44,17.44,17.41,17.41,200,0
2015-02-11,20:15:00,17.45,17.45,17.45,17.45,1700,0
2015-02-11,20:20:00,17.45,17.45,17.45,17.45,700,0
2015-02-11,20:25:00,17.45,17.45,17.45,17.45,500,0
2015-02-11,20:30:00,17.45,17.45,17.45,17.45,300,0
2015-02-11,20:35:00,17.45,17.45,17.44,17.44,500,0
2015-02-11,20:40:00,17.45,17.45,17.44,17.44,500,0
2015-02-11,20:45:00,17.45,17.45,17.45,17.45,1100,0
2015-02-11,20:50:00,17.45,17.45,17.45,17.45,600,0
2015-02-11,20:55:00,17.45,17.45,17.45,17.45,900,0
2015-02-11,21:00:00,17.45,17.45,17.44,17.45,1300,0
2015-02-11,21:05:00,17.45,17.45,17.44,17.45,700,0
2015-02-11,21:10:00,17.45,17.45,17.44,17.45,700,0
2015-02-11,21:15:00,17.45,17.45,17.45,17.45,200,0
2015-02-11,21:20:00,17.44,17.45,17.42,17.45,4900,0
2015-02-11,21:25:00,17.44,17.45,17.43,17.45,800,0
2015-02-11,21:30:00,17.45,17.52,17.45,17.52,2200,0
2015-02-11,21:35:00,17.52,17.52,17.48,17.48,1400,0
2015-02-11,21:40:00,17.48,17.48,17.48,17.48,300,0
2015-02-11,21:45:00,17.5,17.5,17.49,17.5,2200,0
2015-02-11,21:50:00,17.49,17.49,17.48,17.48,1100,0
2015-02-11,21:55:00,17.47,17.47,17.38,17.38,1400,0
2015-02-11,22:00:00,17.46,17.48,17.46,17.46,6494,0
2015-02-12,15:35:00,17.55,17.6,17.53,17.6,3690,0
2015-02-12,15:40:00,17.6,17.6,17.6,17.6,700,0
2015-02-12,15:45:00,17.6,17.6,17.6,17.6,700,0
2015-02-12,15:50:00,17.6,17.6,17.54,17.55,900,0
2015-02-12,15:55:00,17.6,17.6,17.6,17.6,200,0
2015-02-12,16:00:00,17.6,17.6,17.58,17.58,1900,0
2015-02-12,16:10:00,17.6,17.6,17.6,17.6,200,0
2015-02-12,16:15:00,17.6,17.6,17.6,17.6,700,0
2015-02-12,16:20:00,17.66,17.66,17.66,17.66,200,0
2015-02-12,16:25:00,17.65,17.65,17.63,17.63,700,0
2015-02-12,16:30:00,17.62,17.62,17.58,17.58,1101,0
2015-02-12,16:35:00,17.6,17.6,17.6,17.6,700,0
2015-02-12,16:40:00,17.6,17.6,17.55,17.55,1300,0
2015-02-12,16:45:00,17.6,17.6,17.6,17.6,100,0
2015-02-12,16:50:00,17.6,17.6,17.6,17.6,1000,0
2015-02-12,16:55:00,17.65,17.65,17.63,17.63,500,0
2015-02-12,17:00:00,17.65,17.65,17.65,17.65,300,0
2015-02-12,17:05:00,17.61,17.61,17.61,17.61,100,0
2015-02-12,17:10:00,17.61,17.62,17.61,17.62,200,0
2015-02-12,17:15:00,17.63,17.65,17.63,17.65,900,0
2015-02-12,17:25:00,17.62,17.62,17.59,17.59,900,0
2015-02-12,17:35:00,17.59,17.59,17.59,17.59,100,0
2015-02-12,17:40:00,17.6,17.6,17.6,17.6,401,0
2015-02-12,17:50:00,17.64,17.65,17.61,17.65,1000,0
2015-02-12,18:00:00,17.65,17.65,17.64,17.64,300,0
2015-02-12,18:05:00,17.65,17.65,17.64,17.65,1900,0
2015-02-12,18:10:00,17.65,17.65,17.64,17.64,2275,0
2015-02-12,18:15:00,17.64,17.65,17.64,17.65,1300,0
2015-02-12,18:20:00,17.65,17.65,17.64,17.64,452,0
2015-02-12,18:25:00,17.65,17.65,17.65,17.65,300,0
2015-02-12,18:30:00,17.65,17.65,17.65,17.65,300,0
2015-02-12,18:35:00,17.65,17.65,17.64,17.64,2100,0
2015-02-12,18:40:00,17.6,17.6,17.6,17.6,100,0
2015-02-12,18:45:00,17.6,17.6,17.6,17.6,400,0
2015-02-12,18:50:00,17.6,17.63,17.6,17.61,300,0
2015-02-12,18:55:00,17.61,17.61,17.59,17.59,1000,0
2015-02-12,19:05:00,17.57,17.58,17.57,17.58,200,0
2015-02-12,19:10:00,17.61,17.62,17.61,17.62,800,0
2015-02-12,19:20:00,17.62,17.62,17.62,17.62,1400,0
2015-02-12,19:25:00,17.6,17.61,17.59,17.59,1108,0
2015-02-12,19:30:00,17.61,17.62,17.61,17.62,600,0
2015-02-12,19:35:00,17.61,17.62,17.61,17.62,1100,0
2015-02-12,19:40:00,17.62,17.62,17.61,17.61,1100,0
2015-02-12,19:45:00,17.62,17.62,17.62,17.62,300,0
2015-02-12,19:50:00,17.62,17.62,17.61,17.62,700,0
2015-02-12,19:55:00,17.62,17.62,17.62,17.62,400,0
2015-02-12,20:00:00,17.62,17.62,17.62,17.62,400,0
2015-02-12,20:05:00,17.62,17.62,17.61,17.61,400,0
2015-02-12,20:10:00,17.62,17.62,17.62,17.62,700,0
2015-02-12,20:15:00,17.62,17.62,17.62,17.62,600,0
2015-02-12,20:20:00,17.62,17.62,17.61,17.61,1000,0
2015-02-12,20:25:00,17.62,17.63,17.61,17.61,400,0
2015-02-12,20:30:00,17.62,17.62,17.61,17.61,2376,0
2015-02-12,20:40:00,17.62,17.62,17.61,17.61,200,0
2015-02-12,20:45:00,17.62,17.62,17.62,17.62,2952,0
2015-02-12,20:55:00,17.62,17.62,17.61,17.62,600,0
2015-02-12,21:00:00,17.62,17.62,17.61,17.61,300,0
2015-02-12,21:05:00,17.62,17.62,17.62,17.62,500,0
2015-02-12,21:10:00,17.61,17.61,17.61,17.61,200,0
2015-02-12,21:20:00,17.61,17.61,17.61,17.61,100,0
2015-02-12,21:25:00,17.62,17.62,17.59,17.59,2672,0
2015-02-12,21:30:00,17.61,17.61,17.61,17.61,700,0
2015-02-12,21:35:00,17.6,17.6,17.6,17.6,900,0
2015-02-12,21:40:00,17.59,17.59,17.58,17.58,1000,0
2015-02-12,21:45:00,17.58,17.6,17.58,17.6,2700,0
2015-02-12,21:50:00,17.58,17.6,17.58,17.6,400,0
2015-02-12,21:55:00,17.6,17.6,17.6,17.6,2000,0
2015-02-12,22:00:00,17.6,17.64,17.59,17.6,72742,0
2015-02-13,15:35:00,17.64,17.64,17.58,17.58,1876,0
2015-02-13,15:40:00,17.65,17.73,17.65,17.73,2600,0
2015-02-13,15:45:00,17.77,17.77,17.77,17.77,600,0
2015-02-13,15:50:00,17.82,17.82,17.8,17.8,976,0
2015-02-13,15:55:00,17.8,17.8,17.7,17.7,800,0
2015-02-13,16:00:00,17.75,17.78,17.75,17.78,900,0
2015-02-13,16:05:00,17.78,17.78,17.75,17.75,500,0
2015-02-13,16:10:00,17.71,17.71,17.71,17.71,300,0
2015-02-13,16:15:00,17.67,17.67,17.67,17.67,283,0
2015-02-13,16:25:00,17.7,17.7,17.6,17.6,1200,0
2015-02-13,16:40:00,17.65,17.67,17.65,17.67,800,0
2015-02-13,16:45:00,17.69,17.69,17.69,17.69,300,0
2015-02-13,16:55:00,17.71,17.71,17.71,17.71,3794,0
2015-02-13,17:00:00,17.71,17.71,17.71,17.71,800,0
2015-02-13,17:05:00,17.71,17.74,17.71,17.72,900,0
2015-02-13,17:10:00,17.72,17.75,17.72,17.75,1257,0
2015-02-13,17:15:00,17.75,17.75,17.68,17.69,3400,0
2015-02-13,17:20:00,17.71,17.71,17.71,17.71,100,0
2015-02-13,17:25:00,17.71,17.71,17.66,17.68,300,0
2015-02-13,17:30:00,17.7,17.7,17.7,17.7,800,0
2015-02-13,17:35:00,17.72,17.72,17.69,17.69,400,0
2015-02-13,17:40:00,17.71,17.72,17.71,17.72,1950,0
2015-02-13,17:45:00,17.72,17.72,17.72,17.72,3300,0
2015-02-13,17:50:00,17.72,17.72,17.69,17.69,1800,0
2015-02-13,17:55:00,17.68,17.68,17.68,17.68,300,0
2015-02-13,18:00:00,17.68,17.68,17.65,17.65,700,0
2015-02-13,18:05:00,17.66,17.68,17.66,17.68,700,0
2015-02-13,18:10:00,17.68,17.69,17.68,17.69,300,0
2015-02-13,18:20:00,17.69,17.69,17.59,17.6,3000,0
2015-02-13,18:25:00,17.59,17.59,17.52,17.52,1900,0
2015-02-13,18:30:00,17.55,17.55,17.54,17.54,603,0
2015-02-13,18:35:00,17.59,17.59,17.55,17.55,200,0
2015-02-13,18:40:00,17.57,17.57,17.57,17.57,100,0
2015-02-13,18:45:00,17.59,17.59,17.55,17.55,1800,0
2015-02-13,18:50:00,17.55,17.55,17.55,17.55,1100,0
2015-02-13,19:00:00,17.55,17.56,17.51,17.52,3970,0
2015-02-13,19:05:00,17.51,17.51,17.51,17.51,200,0
2015-02-13,19:10:00,17.55,17.55,17.54,17.54,300,0
2015-02-13,19:15:00,17.56,17.56,17.56,17.56,100,0
2015-02-13,19:25:00,17.57,17.58,17.55,17.55,1896,0
2015-02-13,19:35:00,17.55,17.55,17.55,17.55,900,0
2015-02-13,19:40:00,17.51,17.51,17.41,17.43,3300,0
2015-02-13,19:45:00,17.5,17.5,17.5,17.5,100,0
2015-02-13,19:50:00,17.46,17.47,17.46,17.47,1300,0
2015-02-13,20:05:00,17.56,17.56,17.56,17.56,100,0
2015-02-13,20:10:00,17.53,17.54,17.53,17.54,200,0
2015-02-13,20:15:00,17.55,17.6,17.55,17.6,2529,0
2015-02-13,20:25:00,17.64,17.65,17.62,17.65,1200,0
2015-02-13,20:30:00,17.66,17.66,17.62,17.62,2112,0
2015-02-13,20:35:00,17.63,17.65,17.63,17.65,800,0
2015-02-13,20:40:00,17.65,17.66,17.65,17.66,1950,0
2015-02-13,20:45:00,17.68,17.71,17.68,17.71,800,0
2015-02-13,20:50:00,17.7,17.7,17.7,17.7,200,0
2015-02-13,20:55:00,17.69,17.72,17.69,17.72,1500,0
2015-02-13,21:00:00,17.71,17.71,17.66,17.66,800,0
2015-02-13,21:05:00,17.63,17.64,17.63,17.64,200,0
2015-02-13,21:10:00,17.64,17.68,17.64,17.68,1400,0
2015-02-13,21:15:00,17.7,17.7,17.7,17.7,300,0
2015-02-13,21:20:00,17.7,17.7,17.66,17.7,2900,0
2015-02-13,21:30:00,17.68,17.68,17.66,17.67,1500,0
2015-02-13,21:35:00,17.62,17.63,17.57,17.57,2100,0
2015-02-13,21:40:00,17.55,17.6,17.55,17.6,1540,0
2015-02-13,21:45:00,17.62,17.67,17.62,17.67,1800,0
2015-02-13,21:50:00,17.66,17.66,17.63,17.63,800,0
2015-02-13,21:55:00,17.65,17.66,17.63,17.66,1800,0
2015-02-13,22:00:00,17.66,17.67,17.59,17.61,18993,0
2015-02-17,15:35:00,17.63,17.66,17.6,17.6,1100,0
2015-02-17,15:40:00,17.6,17.6,17.53,17.53,1900,0
2015-02-17,15:45:00,17.59,17.6,17.58,17.6,1900,0
2015-02-17,15:50:00,17.54,17.54,17.54,17.54,400,0
2015-02-17,15:55:00,17.6,17.7,17.6,17.7,600,0
2015-02-17,16:00:00,17.65,17.7,17.65,17.7,1100,0
2015-02-17,16:05:00,17.7,17.7,17.65,17.65,1100,0
2015-02-17,16:15:00,17.65,17.66,17.65,17.66,300,0
2015-02-17,16:20:00,17.66,17.7,17.63,17.69,2100,0
2015-02-17,16:25:00,17.6,17.6,17.6,17.6,200,0
2015-02-17,16:30:00,17.6,17.6,17.6,17.6,100,0
2015-02-17,16:35:00,17.6,17.6,17.6,17.6,300,0
2015-02-17,16:40:00,17.62,17.69,17.62,17.66,300,0
2015-02-17,16:45:00,17.64,17.65,17.64,17.65,800,0
2015-02-17,16:50:00,17.7,17.71,17.7,17.7,1600,0
2015-02-17,16:55:00,17.7,17.7,17.7,17.7,100,0
2015-02-17,17:00:00,17.67,17.67,17.67,17.67,400,0
2015-02-17,17:05:00,17.67,17.68,17.62,17.65,1400,0
2015-02-17,17:10:00,17.64,17.64,17.61,17.61,200,0
2015-02-17,17:15:00,17.64,17.64,17.64,17.64,500,0
2015-02-17,17:20:00,17.63,17.63,17.63,17.63,100,0
2015-02-17,17:25:00,17.63,17.67,17.63,17.67,900,0
2015-02-17,17:30:00,17.65,17.65,17.65,17.65,600,0
2015-02-17,17:35:00,17.65,17.65,17.64,17.64,600,0
2015-02-17,17:40:00,17.64,17.64,17.64,17.64,100,0
2015-02-17,17:45:00,17.64,17.64,17.63,17.63,400,0
2015-02-17,17:50:00,17.61,17.64,17.61,17.63,300,0
2015-02-17,17:55:00,17.61,17.61,17.61,17.61,100,0
2015-02-17,18:00:00,17.63,17.66,17.63,17.64,1080,0
2015-02-17,18:05:00,17.7,17.7,17.68,17.68,700,0
2015-02-17,18:10:00,17.63,17.68,17.63,17.63,400,0
2015-02-17,18:15:00,17.65,17.65,17.65,17.65,100,0
2015-02-17,18:20:00,17.66,17.66,17.66,17.66,300,0
2015-02-17,18:25:00,17.64,17.7,17.64,17.7,1200,0
2015-02-17,18:35:00,17.7,17.7,17.69,17.7,800,0
2015-02-17,18:40:00,17.7,17.81,17.7,17.81,2400,0
2015-02-17,18:45:00,17.76,17.81,17.75,17.75,1800,0
2015-02-17,18:50:00,17.75,17.75,17.72,17.72,1300,0
2015-02-17,18:55:00,17.72,17.72,17.72,17.72,100,0
2015-02-17,19:00:00,17.72,17.75,17.72,17.75,300,0
2015-02-17,19:05:00,17.75,17.75,17.75,17.75,2000,0
2015-02-17,19:10:00,17.75,17.75,17.74,17.74,1350,0
2015-02-17,19:15:00,17.72,17.74,17.71,17.71,400,0
2015-02-17,19:25:00,17.72,17.75,17.72,17.75,300,0
2015-02-17,19:30:00,17.73,17.74,17.73,17.74,1400,0
2015-02-17,19:35:00,17.74,17.74,17.74,17.74,100,0
2015-02-17,19:40:00,17.74,17.74,17.74,17.74,400,0
2015-02-17,19:45:00,17.74,17.74,17.74,17.74,300,0
2015-02-17,19:50:00,17.75,17.75,17.75,17.75,1100,0
2015-02-17,19:55:00,17.74,17.74,17.74,17.74,400,0
2015-02-17,20:00:00,17.74,17.75,17.71,17.71,2600,0
2015-02-17,20:05:00,17.7,17.7,17.67,17.67,600,0
2015-02-17,20:10:00,17.68,17.68,17.68,17.68,300,0
2015-02-17,20:15:00,17.7,17.73,17.7,17.73,300,0
2015-02-17,20:20:00,17.72,17.73,17.72,17.73,300,0
2015-02-17,20:25:00,17.72,17.73,17.72,17.72,1100,0
2015-02-17,20:30:00,17.72,17.72,17.71,17.72,1300,0
2015-02-17,20:35:00,17.72,17.73,17.72,17.73,1100,0
2015-02-17,20:40:00,17.72,17.72,17.72,17.72,100,0
2015-02-17,20:45:00,17.72,17.75,17.72,17.75,900,0
2015-02-17,20:50:00,17.75,17.75,17.75,17.75,300,0
2015-02-17,20:55:00,17.73,17.75,17.72,17.72,2800,0
2015-02-17,21:05:00,17.72,17.72,17.7,17.71,1300,0
2015-02-17,21:10:00,17.68,17.7,17.67,17.67,1100,0
2015-02-17,21:15:00,17.67,17.68,17.67,17.68,300,0
2015-02-17,21:20:00,17.67,17.69,17.67,17.69,800,0
2015-02-17,21:25:00,17.68,17.7,17.67,17.7,2200,0
2015-02-17,21:30:00,17.69,17.72,17.69,17.72,700,0
2015-02-17,21:35:00,17.71,17.73,17.65,17.65,7076,0
2015-02-17,21:40:00,17.65,17.65,17.65,17.65,506,0
2015-02-17,21:45:00,17.68,17.7,17.68,17.69,4123,0
2015-02-17,21:50:00,17.7,17.7,17.68,17.7,3000,0
2015-02-17,21:55:00,17.7,17.7,17.7,17.7,1600,0
2015-02-17,22:00:00,17.7,17.74,17.69,17.7,33082,0
2015-02-18,15:35:00,17.57,17.76,17.57,17.6,1923,0
2015-02-18,15:40:00,17.7,17.84,17.7,17.82,600,0
2015-02-18,15:45:00,17.8,17.82,17.73,17.82,1100,0
2015-02-18,15:50:00,17.82,17.82,17.75,17.75,1100,0
2015-02-18,15:55:00,17.79,17.84,17.79,17.83,800,0
2015-02-18,16:00:00,17.74,17.87,17.74,17.87,1300,0
2015-02-18,16:05:00,17.87,17.89,17.79,17.89,2600,0
2015-02-18,16:10:00,17.88,17.89,17.88,17.88,500,0
2015-02-18,16:15:00,17.85,17.85,17.75,17.75,500,0
2015-02-18,16:20:00,17.82,17.9,17.82,17.9,1000,0
2015-02-18,16:25:00,17.88,17.88,17.84,17.84,400,0
2015-02-18,16:30:00,17.77,17.77,17.77,17.77,100,0
2015-02-18,16:35:00,17.74,17.8,17.74,17.8,400,0
2015-02-18,16:40:00,17.79,17.89,17.79,17.89,800,0
2015-02-18,16:45:00,17.87,17.91,17.87,17.91,600,0
2015-02-18,16:50:00,17.92,17.94,17.88,17.94,2700,0
2015-02-18,16:55:00,17.91,17.91,17.86,17.86,1100,0
2015-02-18,17:00:00,17.82,17.82,17.82,17.82,300,0
2015-02-18,17:05:00,17.87,17.89,17.87,17.89,883,0
2015-02-18,17:10:00,17.85,17.85,17.85,17.85,100,0
2015-02-18,17:15:00,17.85,17.89,17.85,17.87,1068,0
2015-02-18,17:20:00,17.85,17.85,17.83,17.83,300,0
2015-02-18,17:25:00,17.83,17.83,17.83,17.83,100,0
2015-02-18,17:30:00,17.83,17.89,17.82,17.89,2100,0
2015-02-18,17:35:00,17.89,17.94,17.85,17.9,3224,0
2015-02-18,17:45:00,17.89,17.92,17.89,17.89,750,0
2015-02-18,17:50:00,17.89,17.93,17.88,17.93,800,0
2015-02-18,17:55:00,17.93,17.95,17.93,17.93,1001,0
2015-02-18,18:05:00,17.97,18.06,17.97,18.06,3501,0
2015-02-18,18:10:00,18.04,18.04,18.04,18.04,800,0
2015-02-18,18:15:00,18.03,18.05,18.03,18.05,500,0
2015-02-18,18:20:00,18.03,18.03,18.03,18.03,700,0
2015-02-18,18:30:00,18.01,18.04,17.99,18.04,2000,0
2015-02-18,18:35:00,18.07,18.07,18.04,18.04,300,0
2015-02-18,18:40:00,18.06,18.06,17.99,18,1300,0
2015-02-18,18:55:00,18.02,18.02,18.02,18.02,100,0
2015-02-18,19:00:00,18.05,18.1,18.05,18.1,1301,0
2015-02-18,19:05:00,18.1,18.1,18.1,18.1,100,0
2015-02-18,19:10:00,18.1,18.1,18.08,18.08,1500,0
2015-02-18,19:20:00,18.11,18.16,18.11,18.15,1602,0
2015-02-18,19:25:00,18.15,18.16,18.14,18.16,1600,0
2015-02-18,19:35:00,18.14,18.19,18.14,18.19,1900,0
2015-02-18,19:45:00,18.23,18.23,18.19,18.19,1504,0
2015-02-18,19:50:00,18.19,18.19,18.18,18.19,900,0
2015-02-18,19:55:00,18.12,18.15,18.09,18.1,1800,0
2015-02-18,20:00:00,18.08,18.08,18.05,18.05,600,0
2015-02-18,20:05:00,18.06,18.1,18.01,18.01,5600,0
2015-02-18,20:10:00,18.08,18.1,18.07,18.07,967,0
2015-02-18,20:15:00,18.07,18.07,18.07,18.07,400,0
2015-02-18,20:20:00,18.08,18.09,18.08,18.09,300,0
2015-02-18,20:25:00,18.08,18.08,18.08,18.08,200,0
2015-02-18,20:30:00,18.09,18.11,18.09,18.09,3779,0
2015-02-18,20:35:00,18.06,18.1,18.06,18.1,5522,0
2015-02-18,20:40:00,18.09,18.09,18.06,18.08,1300,0
2015-02-18,20:45:00,18.06,18.09,18.06,18.09,1700,0
2015-02-18,20:50:00,18.1,18.1,18.03,18.03,2037,0
2015-02-18,20:55:00,18.03,18.04,18.03,18.04,400,0
2015-02-18,21:00:00,18.04,18.04,18,18,1400,0
2015-02-18,21:05:00,18.02,18.07,18.02,18.06,1900,0
2015-02-18,21:10:00,18.05,18.08,18.05,18.08,700,0
2015-02-18,21:15:00,18.08,18.1,18,18,1000,0
2015-02-18,21:20:00,18,18.01,18,18.01,900,0
2015-02-18,21:25:00,18.01,18.01,18,18,1300,0
2015-02-18,21:30:00,18,18.02,17.98,17.98,3600,0
2015-02-18,21:35:00,17.96,18,17.95,17.95,2800,0
2015-02-18,21:40:00,17.94,17.97,17.93,17.93,1700,0
2015-02-18,21:45:00,17.93,17.97,17.93,17.94,4133,0
2015-02-18,21:50:00,17.97,17.97,17.93,17.93,3900,0
2015-02-18,21:55:00,17.93,17.96,17.93,17.93,5241,0
2015-02-18,22:00:00,17.97,18.02,17.95,18.01,19436,0
2015-02-19,15:35:00,17.93,17.93,17.93,17.93,659,0
2015-02-19,15:40:00,18.04,18.04,18.04,18.04,200,0
2015-02-19,15:45:00,18.09,18.09,18.09,18.09,960,0
2015-02-19,15:50:00,18.09,18.16,18.08,18.16,1400,0
2015-02-19,15:55:00,18.11,18.17,18.11,18.13,1800,0
2015-02-19,16:00:00,18.13,18.13,18.06,18.06,600,0
2015-02-19,16:05:00,18.06,18.09,18.03,18.09,902,0
2015-02-19,16:10:00,18.08,18.08,18.08,18.08,100,0
2015-02-19,16:15:00,18.1,18.1,18.09,18.09,1000,0
2015-02-19,16:20:00,18.1,18.14,18.05,18.06,1400,0
2015-02-19,16:25:00,18.09,18.09,18.06,18.06,500,0
2015-02-19,16:30:00,18.09,18.09,18.07,18.07,300,0
2015-02-19,16:35:00,18.03,18.06,18.02,18.04,2200,0
2015-02-19,16:40:00,18.06,18.09,18.06,18.09,1200,0
2015-02-19,16:45:00,18.13,18.13,18.13,18.13,200,0
2015-02-19,16:55:00,18.13,18.15,18.1,18.1,1100,0
2015-02-19,17:00:00,18.09,18.09,18.09,18.09,400,0
2015-02-19,17:05:00,18.06,18.11,18.06,18.11,400,0
2015-02-19,17:10:00,18.06,18.06,18.06,18.06,500,0
2015-02-19,17:15:00,18,18,18,18,200,0
2015-02-19,17:20:00,18.01,18.15,18.01,18.09,3300,0
2015-02-19,17:25:00,18.14,18.17,18.14,18.17,700,0
2015-02-19,17:30:00,18.17,18.22,18.15,18.22,2850,0
2015-02-19,17:35:00,18.2,18.22,18.2,18.22,800,0
2015-02-19,17:40:00,18.28,18.28,18.28,18.28,100,0
2015-02-19,17:50:00,18.26,18.26,18.26,18.26,100,0
2015-02-19,17:55:00,18.28,18.28,18.23,18.23,500,0
2015-02-19,18:00:00,18.26,18.28,18.25,18.28,700,0
2015-02-19,18:05:00,18.27,18.33,18.27,18.3,2500,0
2015-02-19,18:10:00,18.32,18.33,18.3,18.3,986,0
2015-02-19,18:15:00,18.27,18.27,18.27,18.27,100,0
2015-02-19,18:20:00,18.27,18.27,18.27,18.27,600,0
2015-02-19,18:25:00,18.22,18.22,18.21,18.21,800,0
2015-02-19,18:30:00,18.19,18.22,18.18,18.18,900,0
2015-02-19,18:35:00,18.18,18.23,18.18,18.22,2434,0
2015-02-19,18:50:00,18.23,18.23,18.19,18.22,900,0
2015-02-19,18:55:00,18.22,18.22,18.19,18.19,768,0
2015-02-19,19:00:00,18.19,18.22,18.19,18.22,1100,0
2015-02-19,19:05:00,18.19,18.22,18.1,18.1,3352,0
2015-02-19,19:10:00,18.16,18.16,18.16,18.16,100,0
2015-02-19,19:15:00,18.15,18.15,18.03,18.03,11300,0
2015-02-19,19:20:00,18.03,18.08,18.03,18.08,1867,0
2015-02-19,19:25:00,18.1,18.14,18.09,18.14,700,0
2015-02-19,19:30:00,18.12,18.12,18.12,18.12,300,0
2015-02-19,19:35:00,18.1,18.1,18.1,18.1,300,0
2015-02-19,19:40:00,18.1,18.1,18.1,18.1,1200,0
2015-02-19,19:45:00,18.1,18.1,18.1,18.1,700,0
2015-02-19,19:50:00,18.04,18.07,18.02,18.02,4801,0
2015-02-19,19:55:00,17.99,18.01,17.99,17.99,446,0
2015-02-19,20:00:00,17.98,17.98,17.96,17.96,1000,0
2015-02-19,20:05:00,17.95,17.95,17.95,17.95,300,0
2015-02-19,20:10:00,17.95,17.95,17.92,17.92,800,0
2015-02-19,20:15:00,17.9,18.02,17.88,18.02,4116,0
2015-02-19,20:20:00,18.03,18.03,18.02,18.02,1900,0
2015-02-19,20:25:00,18.01,18.01,18.01,18.01,2000,0
2015-02-19,20:30:00,17.97,17.97,17.94,17.96,1800,0
2015-02-19,20:35:00,17.98,17.98,17.98,17.98,1000,0
2015-02-19,20:40:00,17.98,17.98,17.95,17.95,1700,0
2015-02-19,20:45:00,17.88,17.88,17.81,17.81,1868,0
2015-02-19,20:50:00,17.81,17.84,17.81,17.81,600,0
2015-02-19,20:55:00,17.81,17.82,17.76,17.76,1200,0
2015-02-19,21:00:00,17.72,17.79,17.7,17.79,3000,0
2015-02-19,21:05:00,17.81,17.9,17.81,17.9,2601,0
2015-02-19,21:10:00,17.9,17.91,17.9,17.91,1794,0
2015-02-19,21:15:00,17.93,17.93,17.93,17.93,200,0
2015-02-19,21:20:00,17.94,17.95,17.91,17.95,800,0
2015-02-19,21:25:00,17.95,17.96,17.92,17.92,2397,0
2015-02-19,21:30:00,17.92,17.92,17.92,17.92,400,0
2015-02-19,21:35:00,17.92,17.93,17.89,17.92,3500,0
2015-02-19,21:40:00,17.93,17.93,17.93,17.93,900,0
2015-02-19,21:45:00,17.93,17.95,17.92,17.95,1300,0
2015-02-19,21:50:00,17.92,17.94,17.9,17.9,1700,0
2015-02-19,21:55:00,17.89,17.92,17.88,17.91,6188,0
2015-02-19,22:00:00,17.9,17.96,17.9,17.94,14059,0
2015-02-20,15:35:00,17.97,17.97,17.92,17.92,7632,0
2015-02-20,15:40:00,17.92,17.96,17.82,17.96,1300,0
2015-02-20,15:45:00,17.86,17.86,17.72,17.72,400,0
2015-02-20,15:50:00,17.72,17.72,17.63,17.64,1200,0
2015-02-20,15:55:00,17.57,17.57,17.5,17.54,700,0
2015-02-20,16:00:00,17.56,17.59,17.56,17.59,1000,0
2015-02-20,16:10:00,17.56,17.61,17.56,17.61,1500,0
2015-02-20,16:15:00,17.64,17.72,17.64,17.72,1606,0
2015-02-20,16:20:00,17.72,17.72,17.72,17.72,600,0
2015-02-20,16:35:00,17.75,17.78,17.72,17.78,900,0
2015-02-20,16:40:00,17.76,17.83,17.76,17.83,900,0
2015-02-20,16:45:00,17.82,17.82,17.82,17.82,200,0
2015-02-20,16:50:00,17.88,17.91,17.83,17.83,1200,0
2015-02-20,16:55:00,17.87,17.87,17.84,17.84,300,0
2015-02-20,17:00:00,17.87,17.87,17.84,17.84,200,0
2015-02-20,17:05:00,17.88,17.88,17.88,17.88,500,0
2015-02-20,17:20:00,17.88,17.88,17.88,17.88,300,0
2015-02-20,17:30:00,17.89,17.9,17.86,17.86,2162,0
2015-02-20,17:35:00,17.84,17.84,17.84,17.84,100,0
2015-02-20,17:40:00,17.86,17.86,17.86,17.86,400,0
2015-02-20,17:45:00,17.88,17.97,17.83,17.86,5743,0
2015-02-20,17:50:00,17.87,17.87,17.79,17.79,300,0
2015-02-20,17:55:00,17.84,17.84,17.84,17.84,300,0
2015-02-20,18:05:00,17.89,17.91,17.89,17.91,949,0
2015-02-20,18:15:00,17.92,17.92,17.92,17.92,200,0
2015-02-20,18:20:00,17.95,17.99,17.94,17.99,1600,0
2015-02-20,18:25:00,17.96,17.96,17.96,17.96,200,0
2015-02-20,18:30:00,17.95,17.96,17.95,17.96,500,0
2015-02-20,18:35:00,17.97,17.97,17.97,17.97,100,0
2015-02-20,18:40:00,17.98,18,17.94,17.94,4024,0
2015-02-20,18:45:00,17.87,17.88,17.84,17.88,500,0
2015-02-20,18:50:00,17.84,17.84,17.84,17.84,300,0
2015-02-20,18:55:00,17.83,17.85,17.83,17.85,200,0
2015-02-20,19:00:00,17.85,17.85,17.83,17.83,300,0
2015-02-20,19:10:00,17.85,17.85,17.85,17.85,200,0
2015-02-20,19:15:00,17.86,17.86,17.82,17.82,900,0
2015-02-20,19:20:00,17.85,17.85,17.82,17.82,300,0
2015-02-20,19:25:00,17.87,17.87,17.82,17.82,400,0
2015-02-20,19:30:00,17.82,17.82,17.73,17.73,1800,0
2015-02-20,19:35:00,17.74,17.78,17.74,17.78,600,0
2015-02-20,19:40:00,17.75,17.81,17.75,17.81,800,0
2015-02-20,19:45:00,17.81,17.84,17.8,17.81,1200,0
2015-02-20,19:50:00,17.8,17.81,17.76,17.8,1316,0
2015-02-20,19:55:00,17.76,17.76,17.76,17.76,100,0
2015-02-20,20:00:00,17.76,17.76,17.72,17.74,500,0
2015-02-20,20:05:00,17.74,17.74,17.74,17.74,100,0
2015-02-20,20:15:00,17.75,17.78,17.75,17.76,1300,0
2015-02-20,20:20:00,17.8,17.8,17.76,17.78,1100,0
2015-02-20,20:25:00,17.78,17.78,17.76,17.76,300,0
2015-02-20,20:30:00,17.76,17.76,17.76,17.76,1100,0
2015-02-20,20:35:00,17.75,17.75,17.75,17.75,600,0
2015-02-20,20:40:00,17.73,17.73,17.73,17.73,300,0
2015-02-20,20:50:00,17.73,17.74,17.73,17.74,400,0
2015-02-20,20:55:00,17.77,17.78,17.76,17.76,900,0
2015-02-20,21:00:00,17.76,17.76,17.74,17.74,600,0
2015-02-20,21:05:00,17.76,17.78,17.76,17.78,600,0
2015-02-20,21:10:00,17.79,17.84,17.79,17.81,600,0
2015-02-20,21:15:00,17.81,17.81,17.78,17.78,1000,0
2015-02-20,21:20:00,17.76,17.76,17.75,17.75,928,0
2015-02-20,21:25:00,17.75,17.77,17.75,17.77,967,0
2015-02-20,21:30:00,17.78,17.82,17.77,17.82,1300,0
2015-02-20,21:35:00,17.82,17.84,17.82,17.83,1402,0
2015-02-20,21:40:00,17.83,17.84,17.83,17.84,900,0
2015-02-20,21:45:00,17.86,17.88,17.83,17.83,3068,0
2015-02-20,21:50:00,17.84,17.84,17.83,17.83,2200,0
2015-02-20,21:55:00,17.8,17.81,17.7,17.78,6960,0
2015-02-20,22:00:00,17.77,17.8,17.68,17.77,15838,0
2015-02-23,15:35:00,17.77,17.77,17.76,17.76,688,0
2015-02-23,15:40:00,17.67,17.67,17.66,17.66,900,0
2015-02-23,15:45:00,17.63,17.63,17.43,17.46,2500,0
2015-02-23,15:50:00,17.36,17.45,17.36,17.42,899,0
2015-02-23,15:55:00,17.42,17.42,17.39,17.39,200,0
2015-02-23,16:00:00,17.42,17.51,17.38,17.51,1274,0
2015-02-23,16:05:00,17.5,17.5,17.43,17.45,600,0
2015-02-23,16:10:00,17.57,17.58,17.57,17.58,600,0
2015-02-23,16:15:00,17.61,17.65,17.58,17.64,3700,0
2015-02-23,16:20:00,17.65,17.66,17.56,17.56,1948,0
2015-02-23,16:25:00,17.63,17.69,17.63,17.69,500,0
2015-02-23,16:30:00,17.69,17.77,17.69,17.77,3500,0
2015-02-23,16:35:00,17.7,17.74,17.67,17.72,1600,0
2015-02-23,16:40:00,17.71,17.75,17.68,17.68,1703,0
2015-02-23,16:45:00,17.69,17.69,17.69,17.69,200,0
2015-02-23,16:50:00,17.74,17.74,17.71,17.71,1600,0
2015-02-23,16:55:00,17.68,17.75,17.68,17.74,700,0
2015-02-23,17:00:00,17.65,17.65,17.58,17.6,600,0
2015-02-23,17:05:00,17.59,17.6,17.59,17.6,300,0
2015-02-23,17:15:00,17.61,17.72,17.61,17.72,2300,0
2015-02-23,17:20:00,17.76,17.76,17.76,17.76,200,0
2015-02-23,17:25:00,17.78,17.78,17.76,17.76,1000,0
2015-02-23,17:30:00,17.84,17.84,17.84,17.84,300,0
2015-02-23,17:35:00,17.91,17.91,17.91,17.91,400,0
2015-02-23,17:40:00,17.93,17.93,17.9,17.9,800,0
2015-02-23,17:50:00,17.93,17.93,17.91,17.91,338,0
2015-02-23,17:55:00,17.91,17.92,17.91,17.92,700,0
2015-02-23,18:00:00,17.92,17.93,17.92,17.93,400,0
2015-02-23,18:05:00,17.92,17.92,17.91,17.91,400,0
2015-02-23,18:10:00,17.89,17.89,17.89,17.89,100,0
2015-02-23,18:15:00,17.91,17.91,17.91,17.91,200,0
2015-02-23,18:20:00,17.91,17.91,17.88,17.9,1500,0
2015-02-23,18:25:00,17.9,17.92,17.9,17.92,1100,0
2015-02-23,18:35:00,17.9,17.92,17.85,17.89,2433,0
2015-02-23,18:40:00,17.92,17.92,17.92,17.92,300,0
2015-02-23,18:45:00,17.86,17.86,17.86,17.86,200,0
2015-02-23,18:50:00,17.91,17.92,17.9,17.9,400,0
2015-02-23,18:55:00,17.9,17.9,17.89,17.89,500,0
2015-02-23,19:00:00,17.89,17.89,17.89,17.89,100,0
2015-02-23,19:05:00,17.89,17.89,17.89,17.89,200,0
2015-02-23,19:10:00,17.91,17.91,17.91,17.91,300,0
2015-02-23,19:25:00,17.93,18.13,17.93,18.02,16865,0
2015-02-23,19:30:00,18.02,18.02,18.01,18.02,700,0
2015-02-23,19:35:00,18.08,18.08,18.05,18.05,1300,0
2015-02-23,19:40:00,18.04,18.06,18.04,18.05,1500,0
2015-02-23,19:45:00,18.07,18.07,18.07,18.07,300,0
2015-02-23,19:50:00,18.05,18.06,17.94,18.01,5200,0
2015-02-23,20:00:00,18,18,18,18,400,0
2015-02-23,20:05:00,18,18.01,17.97,17.98,1500,0
2015-02-23,20:10:00,18.02,18.02,18.02,18.02,200,0
2015-02-23,20:15:00,18.02,18.02,17.99,17.99,800,0
2015-02-23,20:20:00,18,18.01,18,18,500,0
2015-02-23,20:25:00,18.02,18.02,18.02,18.02,200,0
2015-02-23,20:30:00,17.99,17.99,17.99,17.99,300,0
2015-02-23,20:35:00,17.95,17.95,17.89,17.92,1300,0
2015-02-23,20:40:00,17.9,17.9,17.9,17.9,300,0
2015-02-23,20:45:00,17.9,17.9,17.9,17.9,1104,0
2015-02-23,20:50:00,17.96,17.96,17.95,17.95,800,0
2015-02-23,20:55:00,17.98,17.98,17.97,17.97,300,0
2015-02-23,21:00:00,17.97,18,17.97,18,800,0
2015-02-23,21:05:00,17.98,18,17.98,17.98,1300,0
2015-02-23,21:10:00,17.95,17.99,17.95,17.99,2300,0
2015-02-23,21:15:00,17.98,17.99,17.98,17.98,2570,0
2015-02-23,21:20:00,18,18.01,18,18,2100,0
2015-02-23,21:25:00,18,18,18,18,703,0
2015-02-23,21:30:00,18,18.11,18,18.09,2800,0
2015-02-23,21:35:00,18.09,18.09,18.06,18.08,1100,0
2015-02-23,21:40:00,18.08,18.08,17.99,17.99,2600,0
2015-02-23,21:45:00,18.05,18.05,18.04,18.05,2114,0
2015-02-23,21:50:00,18.06,18.16,18.06,18.11,7771,0
2015-02-23,21:55:00,18.15,18.15,18.04,18.14,8000,0
2015-02-23,22:00:00,18.15,18.19,18.06,18.14,16058,0
