Date,Time,Open,High,Low,Close,Volume,OpenInt
2015-01-23,21:15:00,15.72,15.72,15.72,15.72,503,0
2015-01-23,21:50:00,15.739,15.739,15.739,15.739,2010,0
2015-01-23,22:00:00,15.749,15.749,15.729,15.729,302,0
2015-01-26,15:35:00,15.739,15.769,15.729,15.769,4360,0
2015-01-26,15:50:00,15.759,15.769,15.759,15.769,1172,0
2015-01-26,16:05:00,15.749,15.759,15.749,15.749,611,0
2015-01-26,16:10:00,15.739,15.739,15.739,15.739,281,0
2015-01-26,16:20:00,15.739,15.759,15.729,15.729,503,0
2015-01-26,16:25:00,15.729,15.729,15.729,15.729,1055,0
2015-01-26,16:30:00,15.729,15.729,15.729,15.729,101,0
2015-01-26,16:35:00,15.769,15.769,15.749,15.749,2010,0
2015-01-26,16:40:00,15.739,15.769,15.729,15.729,1261,0
2015-01-26,16:50:00,15.729,15.729,15.729,15.729,101,0
2015-01-26,16:55:00,15.749,15.749,15.749,15.749,510,0
2015-01-26,17:00:00,15.729,15.759,15.729,15.759,2763,0
2015-01-26,17:05:00,15.729,15.729,15.729,15.729,201,0
2015-01-26,17:10:00,15.749,15.769,15.749,15.769,603,0
2015-01-26,17:20:00,15.759,15.759,15.729,15.729,3116,0
2015-01-26,17:25:00,15.729,15.739,15.729,15.729,1206,0
2015-01-26,17:35:00,15.729,15.729,15.729,15.729,1005,0
2015-01-26,17:40:00,15.729,15.729,15.729,15.729,101,0
2015-01-26,17:50:00,15.749,15.799,15.729,15.779,5292,0
2015-01-26,17:55:00,15.769,15.769,15.769,15.769,1146,0
2015-01-26,18:15:00,15.809,15.809,15.809,15.809,503,0
2015-01-26,18:45:00,15.799,15.799,15.799,15.799,528,0
2015-01-26,19:05:00,15.779,15.779,15.779,15.779,503,0
2015-01-26,19:25:00,15.799,15.849,15.799,15.839,6489,0
2015-01-26,19:35:00,15.799,15.799,15.799,15.799,503,0
2015-01-26,19:55:00,15.799,15.799,15.799,15.799,709,0
2015-01-26,20:05:00,15.819,15.819,15.819,15.819,216,0
2015-01-26,20:15:00,15.819,15.819,15.819,15.819,201,0
2015-01-26,20:20:00,15.809,15.809,15.809,15.809,219,0
2015-01-26,20:25:00,15.809,15.809,15.809,15.809,201,0
2015-01-26,20:30:00,15.809,15.809,15.789,15.789,1156,0
2015-01-26,20:40:00,15.799,15.799,15.799,15.799,503,0
2015-01-26,21:00:00,15.809,15.809,15.809,15.809,2312,0
2015-01-26,21:05:00,15.809,15.839,15.809,15.839,905,0
2015-01-26,21:10:00,15.839,15.868,15.839,15.859,4222,0
2015-01-26,21:15:00,15.868,15.898,15.859,15.859,2814,0
2015-01-26,21:20:00,15.898,15.908,15.898,15.908,1307,0
2015-01-26,21:30:00,15.878,15.878,15.878,15.878,4021,0
2015-01-26,21:35:00,15.878,15.878,15.878,15.878,10554,0
2015-01-26,21:45:00,15.898,15.898,15.898,15.898,850,0
2015-01-26,21:50:00,15.859,15.868,15.859,15.859,2010,0
2015-01-26,21:55:00,15.859,15.888,15.859,15.888,2211,0
2015-01-26,22:00:00,15.878,15.878,15.878,15.878,155,0
2015-01-27,15:35:00,15.849,15.849,15.849,15.849,1576,0
2015-01-27,15:40:00,15.849,15.849,15.849,15.849,101,0
2015-01-27,16:05:00,15.868,15.888,15.868,15.868,403,0
2015-01-27,16:20:00,15.878,15.878,15.878,15.878,403,0
2015-01-27,16:25:00,15.878,15.888,15.878,15.878,1514,0
2015-01-27,16:45:00,15.888,15.888,15.878,15.888,1710,0
2015-01-27,16:55:00,15.888,15.888,15.888,15.888,452,0
2015-01-27,17:05:00,15.878,15.878,15.868,15.868,908,0
2015-01-27,17:20:00,15.878,15.878,15.878,15.878,189,0
2015-01-27,17:30:00,15.878,15.878,15.878,15.878,151,0
2015-01-27,17:35:00,15.868,15.868,15.868,15.868,404,0
2015-01-27,17:45:00,15.878,15.878,15.878,15.878,101,0
2015-01-27,18:00:00,15.888,15.888,15.878,15.878,511,0
2015-01-27,18:05:00,15.878,15.878,15.878,15.878,251,0
2015-01-27,18:10:00,15.878,15.878,15.878,15.878,2515,0
2015-01-27,18:20:00,15.878,15.888,15.878,15.888,730,0
2015-01-27,18:30:00,15.898,15.898,15.898,15.898,201,0
2015-01-27,18:35:00,15.878,15.878,15.878,15.878,201,0
2015-01-27,18:55:00,15.878,15.878,15.878,15.878,101,0
2015-01-27,19:00:00,15.888,15.908,15.888,15.908,367,0
2015-01-27,19:05:00,15.888,15.888,15.888,15.888,332,0
2015-01-27,19:30:00,15.908,15.908,15.849,15.849,4027,0
2015-01-27,19:40:00,15.868,15.868,15.868,15.868,2352,0
2015-01-27,19:55:00,15.878,15.878,15.878,15.878,101,0
2015-01-27,20:05:00,15.878,15.888,15.878,15.888,1310,0
2015-01-27,20:20:00,15.888,15.898,15.878,15.898,1245,0
2015-01-27,20:25:00,15.878,15.878,15.878,15.878,156,0
2015-01-27,20:30:00,15.898,15.898,15.888,15.888,1337,0
2015-01-27,20:45:00,15.898,15.938,15.898,15.928,5925,0
2015-01-27,20:55:00,15.938,15.938,15.938,15.938,101,0
2015-01-27,21:00:00,15.908,15.938,15.908,15.938,3217,0
2015-01-27,21:20:00,15.948,15.948,15.948,15.948,518,0
2015-01-27,21:25:00,15.918,15.918,15.908,15.908,1005,0
2015-01-27,21:30:00,15.908,15.908,15.908,15.908,303,0
2015-01-27,21:35:00,15.898,15.908,15.898,15.908,806,0
2015-01-27,21:40:00,15.908,15.908,15.908,15.908,1108,0
2015-01-27,21:45:00,15.908,15.908,15.908,15.908,303,0
2015-01-27,21:50:00,15.908,15.908,15.908,15.908,303,0
2015-01-27,21:55:00,15.908,15.938,15.898,15.928,6741,0
2015-01-27,22:00:00,15.918,15.918,15.918,15.918,668,0
2015-01-28,15:40:00,15.938,15.958,15.928,15.958,504,0
2015-01-28,15:45:00,15.948,15.948,15.898,15.898,3419,0
2015-01-28,15:50:00,15.898,15.928,15.888,15.898,5230,0
2015-01-28,15:55:00,15.898,15.938,15.888,15.898,5535,0
2015-01-28,16:00:00,15.898,15.898,15.898,15.898,101,0
2015-01-28,16:25:00,15.908,15.938,15.908,15.938,705,0
2015-01-28,16:30:00,15.938,15.938,15.938,15.938,202,0
2015-01-28,16:35:00,15.938,15.938,15.938,15.938,202,0
2015-01-28,16:40:00,15.948,15.948,15.948,15.948,139,0
2015-01-28,16:45:00,15.928,15.928,15.928,15.928,1699,0
2015-01-28,16:50:00,15.938,15.938,15.938,15.938,1005,0
2015-01-28,16:55:00,15.928,15.928,15.928,15.928,302,0
2015-01-28,17:00:00,15.948,15.948,15.948,15.948,101,0
2015-01-28,17:05:00,15.948,15.948,15.948,15.948,101,0
2015-01-28,17:15:00,15.928,15.928,15.928,15.928,2292,0
2015-01-28,17:45:00,15.948,15.948,15.948,15.948,101,0
2015-01-28,17:55:00,15.948,15.948,15.948,15.948,804,0
2015-01-28,18:20:00,15.938,15.948,15.938,15.948,504,0
2015-01-28,18:55:00,15.938,15.948,15.938,15.948,808,0
2015-01-28,19:25:00,15.948,15.948,15.948,15.948,174,0
2015-01-28,19:30:00,15.928,15.928,15.928,15.928,201,0
2015-01-28,19:40:00,15.948,15.948,15.948,15.948,151,0
2015-01-28,19:55:00,15.928,15.928,15.928,15.928,201,0
2015-01-28,20:15:00,15.928,15.928,15.918,15.918,1007,0
2015-01-28,20:20:00,15.918,15.938,15.918,15.938,3842,0
2015-01-28,20:35:00,15.918,15.918,15.918,15.918,820,0
2015-01-28,20:45:00,15.918,15.918,15.918,15.918,4223,0
2015-01-28,20:50:00,15.918,15.918,15.918,15.918,151,0
2015-01-28,21:05:00,15.928,15.938,15.928,15.938,384,0
2015-01-28,21:25:00,15.938,15.938,15.938,15.938,377,0
2015-01-28,21:30:00,15.938,15.938,15.938,15.938,604,0
2015-01-28,22:00:00,15.938,15.938,15.938,15.938,135,0
2015-01-29,15:40:00,15.888,15.888,15.878,15.878,202,0
2015-01-29,15:50:00,15.888,15.888,15.888,15.888,101,0
2015-01-29,15:55:00,15.878,15.898,15.878,15.898,1106,0
2015-01-29,16:00:00,15.878,15.878,15.878,15.878,202,0
2015-01-29,16:05:00,15.878,15.878,15.878,15.878,101,0
2015-01-29,16:10:00,15.878,15.878,15.878,15.878,101,0
2015-01-29,16:15:00,15.878,15.898,15.878,15.898,907,0
2015-01-29,16:25:00,15.898,15.898,15.898,15.898,805,0
2015-01-29,16:30:00,15.898,15.898,15.898,15.898,404,0
2015-01-29,16:35:00,15.898,15.908,15.898,15.898,2616,0
2015-01-29,16:40:00,15.898,15.898,15.898,15.898,101,0
2015-01-29,16:45:00,15.898,15.898,15.898,15.898,202,0
2015-01-29,16:50:00,15.898,15.898,15.898,15.898,303,0
2015-01-29,16:55:00,15.898,15.898,15.898,15.898,202,0
2015-01-29,17:00:00,15.898,15.898,15.898,15.898,202,0
2015-01-29,17:05:00,15.898,15.898,15.898,15.898,101,0
2015-01-29,17:10:00,15.898,15.898,15.898,15.898,2217,0
2015-01-29,17:40:00,15.898,15.898,15.898,15.898,302,0
2015-01-29,18:10:00,15.898,15.898,15.898,15.898,1009,0
2015-01-29,19:35:00,15.888,15.888,15.888,15.888,686,0
2015-01-29,20:00:00,15.888,15.888,15.888,15.888,201,0
2015-01-29,20:10:00,15.888,15.888,15.888,15.888,314,0
2015-01-29,20:20:00,15.888,15.888,15.888,15.888,1006,0
2015-01-29,20:25:00,15.878,15.878,15.878,15.878,202,0
2015-01-29,20:35:00,15.878,15.888,15.849,15.849,5460,0
2015-01-29,20:45:00,15.868,15.868,15.868,15.868,101,0
2015-01-29,21:00:00,15.868,15.888,15.868,15.888,1159,0
2015-01-29,21:10:00,15.868,15.868,15.868,15.868,101,0
2015-01-29,21:15:00,15.868,15.868,15.868,15.868,101,0
2015-01-29,21:20:00,15.868,15.868,15.849,15.859,6636,0
2015-01-29,21:25:00,15.849,15.859,15.849,15.859,303,0
2015-01-29,21:30:00,15.859,15.868,15.859,15.868,1353,0
2015-01-29,21:35:00,15.849,15.849,15.849,15.849,202,0
2015-01-29,21:40:00,15.859,15.859,15.859,15.859,202,0
2015-01-29,21:45:00,15.859,15.859,15.849,15.849,505,0
2015-01-29,21:50:00,15.849,15.849,15.849,15.849,303,0
2015-01-29,21:55:00,15.859,15.859,15.789,15.789,7848,0
2015-01-29,22:00:00,15.789,15.809,15.789,15.809,2417,0
2015-01-30,15:35:00,15.819,15.859,15.819,15.859,504,0
2015-01-30,15:40:00,15.849,15.849,15.849,15.849,202,0
2015-01-30,15:45:00,15.859,15.859,15.859,15.859,303,0
2015-01-30,15:50:00,15.859,15.859,15.859,15.859,202,0
2015-01-30,15:55:00,15.859,15.859,15.839,15.839,1510,0
2015-01-30,16:00:00,15.849,15.849,15.839,15.839,303,0
2015-01-30,16:10:00,15.839,15.868,15.839,15.868,4121,0
2015-01-30,16:15:00,15.839,15.839,15.839,15.839,101,0
2015-01-30,16:20:00,15.849,15.859,15.849,15.859,202,0
2015-01-30,16:25:00,15.868,15.868,15.849,15.849,1006,0
2015-01-30,16:30:00,15.868,15.868,15.868,15.868,1578,0
2015-01-30,16:40:00,15.868,15.888,15.868,15.888,1795,0
2015-01-30,16:45:00,15.888,15.888,15.878,15.888,2139,0
2015-01-30,16:50:00,15.878,15.878,15.878,15.878,653,0
2015-01-30,17:00:00,15.859,15.868,15.859,15.868,1640,0
2015-01-30,17:10:00,15.868,15.868,15.868,15.868,1709,0
2015-01-30,17:15:00,15.868,15.868,15.868,15.868,303,0
2015-01-30,17:25:00,15.859,15.859,15.859,15.859,101,0
2015-01-30,17:30:00,15.868,15.868,15.868,15.868,2432,0
2015-01-30,17:35:00,15.859,15.859,15.859,15.859,653,0
2015-01-30,17:40:00,15.868,15.878,15.868,15.878,857,0
2015-01-30,18:35:00,15.878,15.898,15.878,15.888,2707,0
2015-01-30,18:50:00,15.888,15.898,15.888,15.898,404,0
2015-01-30,19:05:00,15.888,15.888,15.888,15.888,502,0
2015-01-30,19:10:00,15.898,15.898,15.898,15.898,302,0
2015-01-30,19:15:00,15.888,15.898,15.888,15.898,453,0
2015-01-30,19:35:00,15.878,15.918,15.878,15.888,13229,0
2015-01-30,19:50:00,15.878,15.878,15.878,15.878,302,0
2015-01-30,19:55:00,15.878,15.888,15.878,15.888,1343,0
2015-01-30,20:00:00,15.878,15.888,15.878,15.888,829,0
2015-01-30,20:05:00,15.868,15.878,15.839,15.868,9598,0
2015-01-30,20:15:00,15.859,15.859,15.859,15.859,3518,0
2015-01-30,20:20:00,15.878,15.878,15.878,15.878,808,0
2015-01-30,20:25:00,15.878,15.878,15.868,15.868,1810,0
2015-01-30,20:45:00,15.878,15.878,15.878,15.878,1699,0
2015-01-30,21:35:00,15.868,15.868,15.868,15.868,225,0
2015-01-30,21:55:00,15.868,15.868,15.868,15.868,1005,0
2015-01-30,22:00:00,15.859,15.878,15.859,15.878,4222,0
2015-02-02,15:35:00,15.888,15.888,15.839,15.839,9594,0
2015-02-02,15:40:00,15.839,15.839,15.839,15.839,439,0
2015-02-02,15:50:00,15.878,15.878,15.849,15.849,705,0
2015-02-02,16:00:00,15.868,15.868,15.849,15.849,302,0
2015-02-02,16:05:00,15.859,15.859,15.859,15.859,974,0
2015-02-02,16:10:00,15.878,15.878,15.878,15.878,303,0
2015-02-02,16:20:00,15.878,15.878,15.878,15.878,510,0
2015-02-02,16:25:00,15.868,15.868,15.859,15.859,202,0
2015-02-02,16:45:00,15.868,15.868,15.859,15.859,1207,0
2015-02-02,16:55:00,15.878,15.878,15.878,15.878,404,0
2015-02-02,17:10:00,15.868,15.878,15.868,15.878,1765,0
2015-02-02,17:25:00,15.888,15.888,15.888,15.888,403,0
2015-02-02,17:35:00,15.888,15.888,15.888,15.888,101,0
2015-02-02,17:40:00,15.888,15.888,15.888,15.888,101,0
2015-02-02,17:45:00,15.878,15.878,15.878,15.878,402,0
2015-02-02,18:00:00,15.888,15.888,15.888,15.888,754,0
2015-02-02,18:20:00,15.888,15.888,15.888,15.888,244,0
2015-02-02,18:35:00,15.878,15.878,15.878,15.878,302,0
2015-02-02,18:40:00,15.888,15.898,15.888,15.898,202,0
2015-02-02,18:45:00,15.888,15.888,15.888,15.888,101,0
2015-02-02,18:50:00,15.888,15.888,15.888,15.888,101,0
2015-02-02,18:55:00,15.888,15.888,15.888,15.888,201,0
2015-02-02,19:00:00,15.888,15.888,15.888,15.888,242,0
2015-02-02,19:05:00,15.888,15.888,15.878,15.888,934,0
2015-02-02,19:10:00,15.888,15.888,15.888,15.888,503,0
2015-02-02,19:15:00,15.888,15.888,15.888,15.888,201,0
2015-02-02,19:20:00,15.888,15.888,15.888,15.888,101,0
2015-02-02,19:25:00,15.888,15.888,15.888,15.888,201,0
2015-02-02,19:30:00,15.878,15.888,15.878,15.888,553,0
2015-02-02,19:35:00,15.888,15.888,15.888,15.888,201,0
2015-02-02,19:40:00,15.878,15.888,15.878,15.888,403,0
2015-02-02,19:45:00,15.888,15.888,15.888,15.888,201,0
2015-02-02,19:50:00,15.888,15.888,15.888,15.888,101,0
2015-02-02,19:55:00,15.888,15.888,15.888,15.888,3619,0
2015-02-02,20:00:00,15.888,15.898,15.888,15.898,202,0
2015-02-02,20:05:00,15.898,15.898,15.898,15.898,101,0
2015-02-02,20:10:00,15.898,15.898,15.898,15.898,201,0
2015-02-02,20:15:00,15.898,15.898,15.888,15.888,302,0
2015-02-02,20:20:00,15.898,15.898,15.878,15.888,1207,0
2015-02-02,20:30:00,15.888,15.888,15.888,15.888,1207,0
2015-02-02,20:35:00,15.888,15.898,15.888,15.898,302,0
2015-02-02,20:40:00,15.878,15.898,15.878,15.898,402,0
2015-02-02,20:45:00,15.888,15.898,15.888,15.898,1407,0
2015-02-02,20:50:00,15.898,15.898,15.898,15.898,202,0
2015-02-02,20:55:00,15.898,15.898,15.898,15.898,3217,0
2015-02-02,21:00:00,15.888,15.898,15.888,15.898,303,0
2015-02-02,21:05:00,15.898,15.898,15.888,15.898,1308,0
2015-02-02,21:10:00,15.898,15.898,15.898,15.898,202,0
2015-02-02,21:15:00,15.898,15.898,15.898,15.898,201,0
2015-02-02,21:20:00,15.898,15.898,15.898,15.898,201,0
2015-02-02,21:25:00,15.898,15.898,15.898,15.898,201,0
2015-02-02,21:30:00,15.898,15.898,15.898,15.898,201,0
2015-02-02,21:35:00,15.898,15.898,15.878,15.878,504,0
2015-02-02,21:40:00,15.898,15.898,15.898,15.898,402,0
2015-02-02,21:45:00,15.898,15.898,15.898,15.898,1006,0
2015-02-02,21:50:00,15.898,15.898,15.888,15.888,1309,0
2015-02-02,21:55:00,15.898,15.908,15.898,15.908,505,0
2015-02-02,22:00:00,15.908,15.918,15.908,15.908,1714,0
2015-02-03,15:40:00,15.888,15.888,15.868,15.888,1065,0
2015-02-03,15:55:00,15.888,15.888,15.888,15.888,126,0
2015-02-03,16:00:00,15.878,15.878,15.878,15.878,101,0
2015-02-03,16:05:00,15.908,15.908,15.839,15.859,12236,0
2015-02-03,16:10:00,15.829,15.829,15.829,15.829,1005,0
2015-02-03,16:25:00,15.849,15.849,15.839,15.839,7539,0
2015-02-03,16:30:00,15.849,15.849,15.849,15.849,403,0
2015-02-03,16:35:00,15.849,15.849,15.849,15.849,402,0
2015-02-03,16:40:00,15.849,15.849,15.849,15.849,202,0
2015-02-03,16:45:00,15.859,15.859,15.859,15.859,505,0
2015-02-03,16:50:00,15.859,15.859,15.859,15.859,707,0
2015-02-03,16:55:00,15.849,15.859,15.849,15.849,8926,0
2015-02-03,17:00:00,15.849,15.849,15.849,15.849,1138,0
2015-02-03,17:05:00,15.829,15.829,15.829,15.829,503,0
2015-02-03,17:20:00,15.829,15.839,15.829,15.839,437,0
2015-02-03,17:25:00,15.829,15.829,15.829,15.829,202,0
2015-02-03,17:30:00,15.829,15.829,15.829,15.829,352,0
2015-02-03,17:35:00,15.829,15.829,15.829,15.829,1441,0
2015-02-03,17:40:00,15.829,15.829,15.809,15.829,11981,0
2015-02-03,17:50:00,15.829,15.829,15.829,15.829,584,0
2015-02-03,17:55:00,15.819,15.829,15.809,15.829,1008,0
2015-02-03,18:10:00,15.809,15.809,15.809,15.809,12464,0
2015-02-03,18:35:00,15.839,15.839,15.839,15.839,503,0
2015-02-03,18:50:00,15.839,15.839,15.809,15.809,1006,0
2015-02-03,19:05:00,15.859,15.859,15.859,15.859,434,0
2015-02-03,19:25:00,15.839,15.839,15.839,15.839,1509,0
2015-02-03,19:35:00,15.839,15.839,15.829,15.829,4324,0
2015-02-03,20:05:00,15.849,15.849,15.849,15.849,503,0
2015-02-03,20:10:00,15.829,15.829,15.829,15.829,1910,0
2015-02-03,20:30:00,15.829,15.829,15.829,15.829,1206,0
2015-02-03,20:35:00,15.809,15.809,15.809,15.809,111,0
2015-02-03,20:45:00,15.809,15.809,15.809,15.809,503,0
2015-02-03,21:10:00,15.809,15.809,15.809,15.809,1006,0
2015-02-03,21:15:00,15.779,15.779,15.779,15.779,4023,0
2015-02-03,21:40:00,15.779,15.779,15.779,15.779,101,0
2015-02-03,21:45:00,15.779,15.779,15.779,15.779,101,0
2015-02-03,21:50:00,15.789,15.789,15.789,15.789,101,0
2015-02-03,21:55:00,15.779,15.789,15.779,15.789,302,0
2015-02-03,22:00:00,15.769,15.779,15.769,15.769,4686,0
2015-02-04,15:45:00,15.769,15.769,15.769,15.769,1208,0
2015-02-04,15:50:00,15.769,15.769,15.769,15.769,806,0
2015-02-04,15:55:00,15.769,15.789,15.739,15.749,8716,0
2015-02-04,16:00:00,15.749,15.749,15.749,15.749,101,0
2015-02-04,16:05:00,15.759,15.759,15.759,15.759,914,0
2015-02-04,16:10:00,15.749,15.749,15.739,15.739,605,0
2015-02-04,16:15:00,15.749,15.749,15.739,15.749,2212,0
2015-02-04,16:20:00,15.729,15.729,15.729,15.729,101,0
2015-02-04,16:25:00,15.749,15.749,15.719,15.719,3520,0
2015-02-04,16:30:00,15.719,15.739,15.689,15.689,2144,0
2015-02-04,16:35:00,15.689,15.699,15.689,15.689,705,0
2015-02-04,16:40:00,15.689,15.689,15.689,15.689,202,0
2015-02-04,16:45:00,15.689,15.709,15.689,15.709,1109,0
2015-02-04,16:50:00,15.719,15.769,15.719,15.769,1710,0
2015-02-04,16:55:00,15.759,15.769,15.719,15.729,4627,0
2015-02-04,17:10:00,15.729,15.769,15.729,15.769,2151,0
2015-02-04,17:15:00,15.729,15.729,15.729,15.729,282,0
2015-02-04,17:20:00,15.739,15.739,15.739,15.739,101,0
2015-02-04,17:25:00,15.759,15.769,15.759,15.769,202,0
2015-02-04,17:30:00,15.769,15.769,15.769,15.769,202,0
2015-02-04,17:40:00,15.789,15.789,15.789,15.789,2815,0
2015-02-04,17:45:00,15.729,15.759,15.729,15.759,1710,0
2015-02-04,17:50:00,15.759,15.769,15.759,15.759,1010,0
2015-02-04,17:55:00,15.769,15.769,15.769,15.769,202,0
2015-02-04,18:00:00,15.729,15.769,15.729,15.769,6439,0
2015-02-04,18:05:00,15.759,15.759,15.759,15.759,202,0
2015-02-04,18:10:00,15.759,15.759,15.759,15.759,202,0
2015-02-04,18:15:00,15.759,15.759,15.759,15.759,101,0
2015-02-04,18:20:00,15.759,15.769,15.759,15.769,604,0
2015-02-04,18:25:00,15.759,15.759,15.759,15.759,101,0
2015-02-04,18:30:00,15.759,15.759,15.759,15.759,101,0
2015-02-04,18:35:00,15.759,15.759,15.759,15.759,505,0
2015-02-04,18:50:00,15.729,15.749,15.729,15.749,5647,0
2015-02-04,18:55:00,15.749,15.749,15.729,15.729,2662,0
2015-02-04,19:00:00,15.749,15.749,15.739,15.739,5015,0
2015-02-04,19:10:00,15.729,15.729,15.729,15.729,101,0
2015-02-04,19:15:00,15.729,15.729,15.729,15.729,101,0
2015-02-04,19:20:00,15.739,15.759,15.729,15.729,5486,0
2015-02-04,19:25:00,15.729,15.729,15.729,15.729,101,0
2015-02-04,19:30:00,15.739,15.769,15.729,15.769,2077,0
2015-02-04,19:35:00,15.739,15.739,15.739,15.739,202,0
2015-02-04,19:45:00,15.749,15.749,15.749,15.749,101,0
2015-02-04,19:50:00,15.739,15.739,15.739,15.739,101,0
2015-02-04,19:55:00,15.739,15.739,15.739,15.739,808,0
2015-02-04,20:10:00,15.759,15.759,15.739,15.739,202,0
2015-02-04,20:15:00,15.729,15.729,15.729,15.729,101,0
2015-02-04,20:20:00,15.729,15.769,15.729,15.769,594,0
2015-02-04,20:25:00,15.729,15.739,15.729,15.739,303,0
2015-02-04,20:30:00,15.729,15.729,15.729,15.729,101,0
2015-02-04,20:45:00,15.759,15.759,15.729,15.729,3522,0
2015-02-04,20:50:00,15.739,15.739,15.729,15.729,2119,0
2015-02-04,20:55:00,15.729,15.739,15.729,15.739,2012,0
2015-02-04,21:00:00,15.739,15.739,15.729,15.729,2012,0
2015-02-04,21:05:00,15.719,15.729,15.719,15.729,606,0
2015-02-04,21:10:00,15.729,15.729,15.729,15.729,759,0
2015-02-04,21:15:00,15.719,15.719,15.719,15.719,202,0
2015-02-04,21:20:00,15.719,15.719,15.719,15.719,505,0
2015-02-04,21:25:00,15.719,15.719,15.709,15.709,303,0
2015-02-04,21:30:00,15.709,15.709,15.709,15.709,202,0
2015-02-04,21:40:00,15.719,15.719,15.719,15.719,806,0
2015-02-04,21:45:00,15.719,15.719,15.719,15.719,404,0
2015-02-04,21:50:00,15.719,15.729,15.719,15.729,505,0
2015-02-04,21:55:00,15.729,15.739,15.729,15.739,606,0
2015-02-04,22:00:00,15.739,15.739,15.729,15.729,816,0
2015-02-05,15:45:00,15.709,15.709,15.689,15.689,3142,0
2015-02-05,15:50:00,15.719,15.719,15.719,15.719,808,0
2015-02-05,15:55:00,15.689,15.709,15.689,15.709,587,0
2015-02-05,16:10:00,15.719,15.719,15.719,15.719,1530,0
2015-02-05,16:15:00,15.729,15.749,15.729,15.749,2162,0
2015-02-05,16:20:00,15.749,15.749,15.729,15.749,2308,0
2015-02-05,16:25:00,15.719,15.749,15.719,15.749,5480,0
2015-02-05,16:30:00,15.719,15.719,15.719,15.719,101,0
2015-02-05,16:35:00,15.719,15.719,15.719,15.719,2012,0
2015-02-05,16:40:00,15.739,15.749,15.729,15.729,1111,0
2015-02-05,16:45:00,15.729,15.729,15.729,15.729,101,0
2015-02-05,16:50:00,15.729,15.729,15.719,15.719,202,0
2015-02-05,16:55:00,15.729,15.739,15.729,15.739,202,0
2015-02-05,17:00:00,15.739,15.739,15.739,15.739,101,0
2015-02-05,17:05:00,15.739,15.739,15.739,15.739,303,0
2015-02-05,17:10:00,15.719,15.719,15.719,15.719,101,0
2015-02-05,17:15:00,15.739,15.739,15.739,15.739,403,0
2015-02-05,17:20:00,15.739,15.739,15.739,15.739,101,0
2015-02-05,17:25:00,15.719,15.719,15.719,15.719,101,0
2015-02-05,17:30:00,15.719,15.719,15.719,15.719,202,0
2015-02-05,17:35:00,15.719,15.719,15.719,15.719,202,0
2015-02-05,17:40:00,15.739,15.739,15.719,15.719,242,0
2015-02-05,17:45:00,15.719,15.719,15.719,15.719,101,0
2015-02-05,17:50:00,15.719,15.719,15.719,15.719,303,0
2015-02-05,17:55:00,15.719,15.719,15.699,15.709,2220,0
2015-02-05,18:00:00,15.739,15.739,15.739,15.739,3015,0
2015-02-05,18:05:00,15.699,15.699,15.699,15.699,101,0
2015-02-05,18:10:00,15.699,15.699,15.699,15.699,101,0
2015-02-05,18:20:00,15.699,15.719,15.699,15.719,1509,0
2015-02-05,18:25:00,15.699,15.699,15.699,15.699,704,0
2015-02-05,18:30:00,15.699,15.699,15.699,15.699,101,0
2015-02-05,18:35:00,15.699,15.699,15.699,15.699,101,0
2015-02-05,18:40:00,15.699,15.699,15.699,15.699,101,0
2015-02-05,18:45:00,15.699,15.699,15.699,15.699,101,0
2015-02-05,18:50:00,15.699,15.699,15.699,15.699,1206,0
2015-02-05,18:55:00,15.699,15.699,15.699,15.699,101,0
2015-02-05,19:00:00,15.699,15.699,15.699,15.699,101,0
2015-02-05,19:05:00,15.719,15.719,15.709,15.709,832,0
2015-02-05,19:10:00,15.709,15.709,15.709,15.709,1106,0
2015-02-05,19:20:00,15.709,15.729,15.709,15.719,1637,0
2015-02-05,19:25:00,15.709,15.709,15.709,15.709,202,0
2015-02-05,19:30:00,15.709,15.709,15.709,15.709,101,0
2015-02-05,19:35:00,15.709,15.709,15.709,15.709,403,0
2015-02-05,19:40:00,15.699,15.699,15.699,15.699,101,0
2015-02-05,19:45:00,15.699,15.699,15.699,15.699,101,0
2015-02-05,19:50:00,15.699,15.699,15.699,15.699,101,0
2015-02-05,19:55:00,15.699,15.709,15.699,15.699,303,0
2015-02-05,20:00:00,15.719,15.719,15.699,15.699,808,0
2015-02-05,20:10:00,15.699,15.729,15.699,15.729,1225,0
2015-02-05,20:15:00,15.709,15.709,15.709,15.709,101,0
2015-02-05,20:20:00,15.709,15.709,15.699,15.699,212,0
2015-02-05,20:25:00,15.699,15.699,15.699,15.699,202,0
2015-02-05,20:30:00,15.699,15.699,15.699,15.699,101,0
2015-02-05,20:35:00,15.699,15.699,15.699,15.699,101,0
2015-02-05,20:40:00,15.709,15.709,15.709,15.709,202,0
2015-02-05,20:45:00,15.699,15.709,15.699,15.709,606,0
2015-02-05,20:50:00,15.709,15.709,15.709,15.709,707,0
2015-02-05,20:55:00,15.699,15.699,15.699,15.699,101,0
2015-02-05,21:00:00,15.709,15.709,15.689,15.699,1034,0
2015-02-05,21:05:00,15.709,15.709,15.689,15.689,303,0
2015-02-05,21:10:00,15.709,15.709,15.709,15.709,303,0
2015-02-05,21:15:00,15.689,15.689,15.689,15.689,101,0
2015-02-05,21:20:00,15.689,15.689,15.689,15.689,202,0
2015-02-05,21:25:00,15.689,15.689,15.689,15.689,202,0
2015-02-05,21:30:00,15.699,15.699,15.699,15.699,202,0
2015-02-05,21:35:00,15.699,15.699,15.699,15.699,202,0
2015-02-05,21:40:00,15.699,15.699,15.699,15.699,202,0
2015-02-05,21:45:00,15.699,15.699,15.699,15.699,393,0
2015-02-05,21:50:00,15.699,15.719,15.689,15.689,4003,0
2015-02-05,21:55:00,15.689,15.689,15.689,15.689,202,0
2015-02-05,22:00:00,15.689,15.699,15.689,15.689,2264,0
2015-02-06,15:35:00,15.65,15.65,15.65,15.65,906,0
2015-02-06,15:40:00,15.62,15.65,15.62,15.62,2952,0
2015-02-06,15:55:00,15.61,15.61,15.61,15.61,503,0
2015-02-06,16:00:00,15.63,15.63,15.61,15.61,2111,0
2015-02-06,16:10:00,15.62,15.62,15.62,15.62,604,0
2015-02-06,16:15:00,15.63,15.63,15.63,15.63,503,0
2015-02-06,16:20:00,15.62,15.62,15.62,15.62,1608,0
2015-02-06,16:35:00,15.62,15.62,15.62,15.62,2816,0
2015-02-06,16:45:00,15.64,15.65,15.64,15.65,1010,0
2015-02-06,17:00:00,15.63,15.679,15.63,15.669,3480,0
2015-02-06,17:05:00,15.66,15.66,15.66,15.66,303,0
2015-02-06,17:10:00,15.63,15.63,15.63,15.63,404,0
2015-02-06,17:15:00,15.62,15.66,15.62,15.66,3284,0
2015-02-06,17:20:00,15.63,15.63,15.63,15.63,302,0
2015-02-06,17:30:00,15.62,15.62,15.62,15.62,184,0
2015-02-06,17:35:00,15.62,15.63,15.62,15.63,606,0
2015-02-06,17:40:00,15.62,15.62,15.62,15.62,906,0
2015-02-06,17:45:00,15.63,15.63,15.62,15.63,4464,0
2015-02-06,17:55:00,15.62,15.62,15.62,15.62,1766,0
2015-02-06,18:25:00,15.63,15.63,15.63,15.63,202,0
2015-02-06,18:30:00,15.63,15.63,15.63,15.63,101,0
2015-02-06,18:45:00,15.63,15.63,15.63,15.63,202,0
2015-02-06,18:50:00,15.62,15.62,15.62,15.62,705,0
2015-02-06,18:55:00,15.62,15.62,15.62,15.62,202,0
2015-02-06,19:00:00,15.62,15.62,15.61,15.61,705,0
2015-02-06,19:05:00,15.61,15.61,15.61,15.61,302,0
2015-02-06,19:30:00,15.62,15.62,15.62,15.62,101,0
2015-02-06,19:35:00,15.62,15.62,15.57,15.58,5282,0
2015-02-06,19:45:00,15.58,15.61,15.57,15.58,6495,0
2015-02-06,19:50:00,15.57,15.57,15.57,15.57,2412,0
2015-02-06,20:05:00,15.57,15.57,15.54,15.54,898,0
2015-02-06,20:10:00,15.57,15.57,15.57,15.57,2211,0
2015-02-06,20:15:00,15.57,15.57,15.55,15.55,3518,0
2015-02-06,20:35:00,15.55,15.55,15.55,15.55,559,0
2015-02-06,20:40:00,15.55,15.56,15.55,15.55,1861,0
2015-02-06,20:45:00,15.56,15.57,15.56,15.57,642,0
2015-02-06,20:50:00,15.55,15.55,15.54,15.54,1785,0
2015-02-06,21:15:00,15.56,15.56,15.56,15.56,251,0
2015-02-06,21:20:00,15.55,15.55,15.55,15.55,704,0
2015-02-06,21:30:00,15.54,15.55,15.54,15.54,3399,0
2015-02-06,21:45:00,15.55,15.55,15.55,15.55,1206,0
2015-02-06,21:55:00,15.5,15.53,15.5,15.53,5831,0
2015-02-06,22:00:00,15.51,15.52,15.5,15.51,1526,0
2015-02-09,15:40:00,15.52,15.52,15.5,15.52,1810,0
2015-02-09,15:50:00,15.5,15.5,15.5,15.5,202,0
2015-02-09,15:55:00,15.5,15.5,15.5,15.5,101,0
2015-02-09,16:00:00,15.51,15.51,15.5,15.5,303,0
2015-02-09,16:05:00,15.53,15.53,15.53,15.53,202,0
2015-02-09,16:10:00,15.5,15.53,15.5,15.53,505,0
2015-02-09,16:15:00,15.54,15.54,15.54,15.54,503,0
2015-02-09,16:20:00,15.52,15.55,15.52,15.55,1701,0
2015-02-09,16:25:00,15.52,15.55,15.52,15.55,938,0
2015-02-09,16:40:00,15.54,15.54,15.54,15.54,452,0
2015-02-09,16:50:00,15.53,15.54,15.5,15.53,2925,0
2015-02-09,17:30:00,15.53,15.53,15.53,15.53,404,0
2015-02-09,17:35:00,15.52,15.53,15.52,15.52,1750,0
2015-02-09,17:40:00,15.54,15.55,15.5,15.54,3321,0
2015-02-09,17:45:00,15.55,15.55,15.54,15.54,1127,0
2015-02-09,18:00:00,15.55,15.57,15.54,15.54,3724,0
2015-02-09,18:05:00,15.53,15.54,15.53,15.54,1107,0
2015-02-09,18:10:00,15.54,15.54,15.54,15.54,101,0
2015-02-09,18:20:00,15.54,15.54,15.54,15.54,202,0
2015-02-09,18:25:00,15.54,15.54,15.54,15.54,101,0
2015-02-09,18:30:00,15.54,15.57,15.54,15.56,4687,0
2015-02-09,18:35:00,15.57,15.57,15.57,15.57,303,0
2015-02-09,18:40:00,15.57,15.57,15.57,15.57,202,0
2015-02-09,18:50:00,15.56,15.56,15.56,15.56,101,0
2015-02-09,18:55:00,15.54,15.54,15.54,15.54,101,0
2015-02-09,19:00:00,15.54,15.54,15.54,15.54,101,0
2015-02-09,19:05:00,15.54,15.56,15.54,15.56,1307,0
2015-02-09,19:10:00,15.54,15.54,15.54,15.54,101,0
2015-02-09,19:15:00,15.54,15.54,15.54,15.54,202,0
2015-02-09,19:20:00,15.54,15.54,15.54,15.54,101,0
2015-02-09,19:25:00,15.54,15.57,15.54,15.57,4253,0
2015-02-09,19:35:00,15.54,15.54,15.54,15.54,202,0
2015-02-09,19:45:00,15.54,15.56,15.54,15.56,303,0
2015-02-09,19:55:00,15.54,15.54,15.54,15.54,101,0
2015-02-09,20:05:00,15.54,15.54,15.54,15.54,101,0
2015-02-09,20:10:00,15.54,15.56,15.54,15.56,303,0
2015-02-09,20:20:00,15.54,15.54,15.54,15.54,202,0
2015-02-09,20:25:00,15.54,15.54,15.54,15.54,101,0
2015-02-09,20:30:00,15.54,15.54,15.54,15.54,101,0
2015-02-09,20:35:00,15.54,15.54,15.54,15.54,202,0
2015-02-09,20:40:00,15.54,15.54,15.54,15.54,101,0
2015-02-09,20:45:00,15.55,15.57,15.55,15.57,404,0
2015-02-09,20:50:00,15.56,15.57,15.56,15.57,505,0
2015-02-09,20:55:00,15.57,15.57,15.57,15.57,202,0
2015-02-09,21:00:00,15.57,15.57,15.57,15.57,101,0
2015-02-09,21:05:00,15.57,15.57,15.57,15.57,202,0
2015-02-09,21:10:00,15.57,15.57,15.56,15.56,202,0
2015-02-09,21:15:00,15.56,15.56,15.54,15.56,746,0
2015-02-09,21:25:00,15.54,15.56,15.54,15.56,202,0
2015-02-09,21:30:00,15.56,15.56,15.54,15.54,202,0
2015-02-09,21:35:00,15.54,15.54,15.54,15.54,101,0
2015-02-09,21:40:00,15.54,15.54,15.54,15.54,303,0
2015-02-09,21:45:00,15.54,15.54,15.54,15.54,202,0
2015-02-09,21:50:00,15.54,15.54,15.54,15.54,1026,0
2015-02-09,21:55:00,15.54,15.54,15.54,15.54,615,0
2015-02-09,22:00:00,15.54,15.54,15.52,15.54,1408,0
2015-02-10,15:40:00,15.54,15.54,15.54,15.54,3720,0
2015-02-10,15:50:00,15.52,15.52,15.52,15.52,252,0
2015-02-10,15:55:00,15.52,15.52,15.52,15.52,101,0
2015-02-10,16:00:00,15.52,15.52,15.52,15.52,101,0
2015-02-10,16:10:00,15.52,15.52,15.52,15.52,101,0
2015-02-10,16:15:00,15.52,15.52,15.52,15.52,101,0
2015-02-10,16:25:00,15.52,15.52,15.52,15.52,101,0
2015-02-10,16:30:00,15.52,15.52,15.52,15.52,101,0
2015-02-10,16:35:00,15.52,15.52,15.52,15.52,1610,0
2015-02-10,16:40:00,15.52,15.52,15.52,15.52,101,0
2015-02-10,16:50:00,15.52,15.52,15.52,15.52,604,0
2015-02-10,16:55:00,15.53,15.53,15.53,15.53,174,0
2015-02-10,17:00:00,15.52,15.52,15.52,15.52,536,0
2015-02-10,17:05:00,15.52,15.52,15.52,15.52,1206,0
2015-02-10,17:10:00,15.53,15.53,15.53,15.53,864,0
2015-02-10,17:15:00,15.54,15.54,15.52,15.53,5778,0
2015-02-10,17:20:00,15.54,15.54,15.54,15.54,1206,0
2015-02-10,17:25:00,15.52,15.53,15.52,15.53,604,0
2015-02-10,17:30:00,15.54,15.58,15.53,15.54,3967,0
2015-02-10,17:35:00,15.54,15.57,15.54,15.57,1409,0
2015-02-10,17:40:00,15.57,15.57,15.54,15.57,1610,0
2015-02-10,17:45:00,15.54,15.54,15.54,15.54,202,0
2015-02-10,18:00:00,15.54,15.54,15.54,15.54,101,0
2015-02-10,18:05:00,15.54,15.54,15.54,15.54,101,0
2015-02-10,18:10:00,15.54,15.54,15.54,15.54,101,0
2015-02-10,18:15:00,15.54,15.58,15.54,15.57,8340,0
2015-02-10,18:30:00,15.55,15.55,15.55,15.55,101,0
2015-02-10,18:35:00,15.55,15.55,15.55,15.55,202,0
2015-02-10,18:45:00,15.55,15.55,15.55,15.55,202,0
2015-02-10,18:50:00,15.55,15.55,15.54,15.54,202,0
2015-02-10,18:55:00,15.54,15.54,15.54,15.54,101,0
2015-02-10,19:00:00,15.54,15.54,15.54,15.54,101,0
2015-02-10,19:05:00,15.54,15.54,15.54,15.54,101,0
2015-02-10,19:10:00,15.54,15.54,15.54,15.54,202,0
2015-02-10,19:20:00,15.54,15.54,15.54,15.54,202,0
2015-02-10,19:30:00,15.54,15.54,15.54,15.54,202,0
2015-02-10,19:35:00,15.54,15.54,15.54,15.54,202,0
2015-02-10,19:45:00,15.54,15.54,15.54,15.54,202,0
2015-02-10,19:50:00,15.54,15.54,15.54,15.54,101,0
2015-02-10,19:55:00,15.54,15.54,15.54,15.54,101,0
2015-02-10,20:00:00,15.54,15.54,15.54,15.54,202,0
2015-02-10,20:10:00,15.54,15.54,15.54,15.54,303,0
2015-02-10,20:20:00,15.54,15.54,15.54,15.54,101,0
2015-02-10,20:25:00,15.54,15.54,15.54,15.54,202,0
2015-02-10,20:30:00,15.54,15.54,15.54,15.54,101,0
2015-02-10,20:35:00,15.54,15.54,15.54,15.54,202,0
2015-02-10,20:40:00,15.54,15.54,15.54,15.54,101,0
2015-02-10,20:45:00,15.54,15.54,15.54,15.54,202,0
2015-02-10,20:50:00,15.55,15.56,15.55,15.56,905,0
2015-02-10,20:55:00,15.55,15.55,15.55,15.55,101,0
2015-02-10,21:00:00,15.55,15.55,15.55,15.55,202,0
2015-02-10,21:05:00,15.55,15.55,15.55,15.55,202,0
2015-02-10,21:10:00,15.55,15.55,15.55,15.55,101,0
2015-02-10,21:15:00,15.55,15.55,15.55,15.55,202,0
2015-02-10,21:20:00,15.55,15.56,15.55,15.55,1408,0
2015-02-10,21:25:00,15.55,15.57,15.55,15.57,303,0
2015-02-10,21:30:00,15.55,15.57,15.53,15.56,918,0
2015-02-10,21:35:00,15.55,15.55,15.53,15.53,845,0
2015-02-10,21:40:00,15.53,15.59,15.53,15.56,4138,0
2015-02-10,21:45:00,15.59,15.6,15.56,15.6,2077,0
2015-02-10,21:50:00,15.55,15.55,15.55,15.55,505,0
2015-02-10,21:55:00,15.55,15.59,15.55,15.55,505,0
2015-02-10,22:00:00,15.56,15.57,15.56,15.57,707,0
2015-02-11,15:35:00,15.61,15.61,15.61,15.61,1000,0
2015-02-11,15:45:00,15.59,15.6,15.59,15.6,1888,0
2015-02-11,15:50:00,15.59,15.59,15.59,15.59,200,0
2015-02-11,16:00:00,15.59,15.59,15.57,15.57,1500,0
2015-02-11,16:05:00,15.59,15.68,15.59,15.62,12428,0
2015-02-11,16:10:00,15.62,15.62,15.59,15.59,2012,0
2015-02-11,16:20:00,15.62,15.62,15.61,15.62,6951,0
2015-02-11,16:25:00,15.64,15.64,15.64,15.64,350,0
2015-02-11,16:30:00,15.64,15.64,15.64,15.64,1000,0
2015-02-11,16:35:00,15.62,15.62,15.61,15.61,1740,0
2015-02-11,16:40:00,15.61,15.61,15.59,15.6,4700,0
2015-02-11,16:55:00,15.58,15.58,15.58,15.58,200,0
2015-02-11,17:00:00,15.58,15.58,15.58,15.58,200,0
2015-02-11,17:05:00,15.63,15.63,15.63,15.63,2000,0
2015-02-11,17:10:00,15.58,15.58,15.58,15.58,200,0
2015-02-11,17:15:00,15.63,15.63,15.58,15.58,3300,0
2015-02-11,17:25:00,15.61,15.62,15.61,15.62,2100,0
2015-02-11,17:45:00,15.6,15.6,15.58,15.58,2400,0
2015-02-11,17:55:00,15.58,15.58,15.58,15.58,200,0
2015-02-11,18:00:00,15.58,15.58,15.58,15.58,2100,0
2015-02-11,18:05:00,15.58,15.58,15.58,15.58,400,0
2015-02-11,18:15:00,15.58,15.58,15.58,15.58,1400,0
2015-02-11,18:50:00,15.54,15.54,15.54,15.54,300,0
2015-02-11,18:55:00,15.54,15.55,15.54,15.54,3939,0
2015-02-11,19:05:00,15.54,15.54,15.54,15.54,400,0
2015-02-11,19:10:00,15.58,15.58,15.57,15.57,2462,0
2015-02-11,19:30:00,15.56,15.56,15.54,15.54,700,0
2015-02-11,19:35:00,15.54,15.54,15.53,15.53,1056,0
2015-02-11,19:45:00,15.53,15.53,15.53,15.53,600,0
2015-02-11,19:55:00,15.53,15.55,15.53,15.55,600,0
2015-02-11,20:05:00,15.54,15.56,15.54,15.56,1100,0
2015-02-11,20:25:00,15.54,15.54,15.54,15.54,100,0
2015-02-11,20:35:00,15.54,15.57,15.54,15.54,900,0
2015-02-11,20:45:00,15.54,15.58,15.54,15.57,12066,0
2015-02-11,20:50:00,15.57,15.57,15.57,15.57,4977,0
2015-02-11,20:55:00,15.53,15.55,15.53,15.55,2300,0
2015-02-11,21:00:00,15.53,15.57,15.53,15.57,6781,0
2015-02-11,21:05:00,15.58,15.58,15.57,15.57,3008,0
2015-02-11,21:10:00,15.58,15.58,15.58,15.58,126,0
2015-02-11,21:15:00,15.59,15.59,15.59,15.59,3888,0
2015-02-11,21:30:00,15.57,15.57,15.54,15.54,11442,0
2015-02-11,21:35:00,15.54,15.54,15.54,15.54,300,0
2015-02-11,21:40:00,15.54,15.55,15.54,15.55,400,0
2015-02-11,21:45:00,15.55,15.55,15.53,15.53,468,0
2015-02-11,21:50:00,15.53,15.53,15.53,15.53,300,0
2015-02-11,21:55:00,15.53,15.55,15.52,15.53,2900,0
2015-02-11,22:00:00,15.54,15.54,15.52,15.52,1578,0
2015-02-12,15:35:00,15.56,15.56,15.56,15.56,560,0
2015-02-12,15:40:00,15.53,15.53,15.52,15.52,4200,0
2015-02-12,15:45:00,15.54,15.56,15.52,15.52,2620,0
2015-02-12,16:15:00,15.54,15.54,15.54,15.54,2400,0
2015-02-12,16:30:00,15.56,15.6,15.56,15.6,4790,0
2015-02-12,16:35:00,15.6,15.6,15.6,15.6,2800,0
2015-02-12,16:50:00,15.6,15.6,15.6,15.6,100,0
2015-02-12,16:55:00,15.6,15.6,15.6,15.6,7610,0
2015-02-12,17:20:00,15.58,15.58,15.58,15.58,528,0
2015-02-12,17:30:00,15.58,15.59,15.58,15.59,1000,0
2015-02-12,17:35:00,15.59,15.6,15.59,15.6,1500,0
2015-02-12,17:55:00,15.61,15.61,15.61,15.61,575,0
2015-02-12,18:05:00,15.61,15.61,15.61,15.61,200,0
2015-02-12,18:25:00,15.59,15.59,15.59,15.59,100,0
2015-02-12,18:30:00,15.59,15.59,15.58,15.58,4577,0
2015-02-12,18:35:00,15.59,15.59,15.59,15.59,500,0
2015-02-12,18:55:00,15.59,15.59,15.58,15.58,1631,0
2015-02-12,19:00:00,15.58,15.58,15.58,15.58,1500,0
2015-02-12,19:30:00,15.59,15.59,15.59,15.59,192,0
2015-02-12,19:35:00,15.6,15.6,15.6,15.6,630,0
2015-02-12,19:50:00,15.59,15.59,15.58,15.58,1100,0
2015-02-12,20:00:00,15.55,15.57,15.55,15.57,3005,0
2015-02-12,20:05:00,15.59,15.59,15.59,15.59,200,0
2015-02-12,20:35:00,15.55,15.55,15.54,15.54,5820,0
2015-02-12,20:40:00,15.54,15.54,15.52,15.52,3691,0
2015-02-12,20:50:00,15.51,15.51,15.51,15.51,3200,0
2015-02-12,20:55:00,15.49,15.49,15.49,15.49,300,0
2015-02-12,21:10:00,15.5,15.51,15.5,15.51,774,0
2015-02-12,21:15:00,15.49,15.49,15.47,15.47,2400,0
2015-02-12,21:25:00,15.48,15.49,15.48,15.49,1291,0
2015-02-12,21:30:00,15.47,15.49,15.47,15.47,2209,0
2015-02-12,21:35:00,15.48,15.49,15.48,15.49,2140,0
2015-02-12,21:45:00,15.47,15.47,15.47,15.47,1300,0
2015-02-12,21:50:00,15.47,15.47,15.47,15.47,3500,0
2015-02-12,21:55:00,15.49,15.49,15.47,15.47,1000,0
2015-02-12,22:00:00,15.47,15.47,15.46,15.46,1100,0
2015-02-13,15:40:00,15.49,15.49,15.49,15.49,100,0
2015-02-13,15:45:00,15.52,15.55,15.48,15.55,3700,0
2015-02-13,15:55:00,15.53,15.53,15.53,15.53,200,0
2015-02-13,16:00:00,15.54,15.54,15.54,15.54,100,0
2015-02-13,16:30:00,15.53,15.53,15.53,15.53,1125,0
2015-02-13,16:45:00,15.53,15.54,15.53,15.54,300,0
2015-02-13,17:05:00,15.54,15.54,15.54,15.54,200,0
2015-02-13,17:35:00,15.53,15.53,15.52,15.52,200,0
2015-02-13,17:40:00,15.49,15.49,15.49,15.49,200,0
2015-02-13,17:45:00,15.49,15.49,15.49,15.49,1000,0
2015-02-13,17:50:00,15.49,15.49,15.49,15.49,200,0
2015-02-13,18:00:00,15.49,15.49,15.49,15.49,200,0
2015-02-13,18:10:00,15.49,15.49,15.49,15.49,200,0
2015-02-13,18:15:00,15.49,15.49,15.49,15.49,100,0
2015-02-13,18:20:00,15.49,15.51,15.49,15.5,1991,0
2015-02-13,18:35:00,15.5,15.5,15.5,15.5,100,0
2015-02-13,18:40:00,15.5,15.5,15.49,15.49,900,0
2015-02-13,18:45:00,15.49,15.49,15.49,15.49,100,0
2015-02-13,18:50:00,15.49,15.49,15.49,15.49,100,0
2015-02-13,18:55:00,15.49,15.49,15.49,15.49,300,0
2015-02-13,19:00:00,15.49,15.49,15.49,15.49,200,0
2015-02-13,19:05:00,15.49,15.49,15.49,15.49,300,0
2015-02-13,19:10:00,15.49,15.51,15.49,15.49,3300,0
2015-02-13,19:15:00,15.48,15.48,15.48,15.48,100,0
2015-02-13,19:25:00,15.48,15.51,15.48,15.5,3000,0
2015-02-13,19:30:00,15.49,15.51,15.49,15.49,3391,0
2015-02-13,19:35:00,15.51,15.52,15.48,15.51,3118,0
2015-02-13,19:45:00,15.5,15.53,15.5,15.52,2950,0
2015-02-13,19:55:00,15.5,15.53,15.48,15.52,2100,0
2015-02-13,20:00:00,15.51,15.51,15.48,15.48,300,0
2015-02-13,20:05:00,15.51,15.51,15.48,15.48,300,0
2015-02-13,20:10:00,15.48,15.48,15.48,15.48,100,0
2015-02-13,20:15:00,15.48,15.48,15.48,15.48,300,0
2015-02-13,20:20:00,15.51,15.51,15.5,15.51,1800,0
2015-02-13,20:25:00,15.48,15.51,15.48,15.51,200,0
2015-02-13,20:30:00,15.48,15.48,15.48,15.48,2817,0
2015-02-13,20:35:00,15.51,15.52,15.48,15.48,1500,0
2015-02-13,20:40:00,15.52,15.52,15.52,15.52,140,0
2015-02-13,20:45:00,15.48,15.52,15.48,15.52,2515,0
2015-02-13,20:50:00,15.52,15.52,15.48,15.5,1777,0
2015-02-13,20:55:00,15.51,15.51,15.51,15.51,200,0
2015-02-13,21:00:00,15.48,15.51,15.48,15.51,2200,0
2015-02-13,21:05:00,15.51,15.51,15.5,15.5,300,0
2015-02-13,21:15:00,15.51,15.53,15.48,15.52,3900,0
2015-02-13,21:20:00,15.48,15.48,15.48,15.48,100,0
2015-02-13,21:30:00,15.48,15.52,15.48,15.52,304,0
2015-02-13,21:35:00,15.48,15.52,15.48,15.52,500,0
2015-02-13,21:40:00,15.51,15.52,15.51,15.52,500,0
2015-02-13,21:45:00,15.52,15.54,15.51,15.51,2046,0
2015-02-13,21:50:00,15.51,15.51,15.51,15.51,200,0
2015-02-13,21:55:00,15.51,15.51,15.51,15.51,400,0
2015-02-13,22:00:00,15.51,15.53,15.45,15.46,9400,0
2015-02-17,15:35:00,15.47,15.47,15.47,15.47,2938,0
2015-02-17,15:50:00,15.45,15.45,15.45,15.45,500,0
2015-02-17,15:55:00,15.44,15.44,15.44,15.44,100,0
2015-02-17,16:00:00,15.44,15.44,15.44,15.44,100,0
2015-02-17,16:10:00,15.46,15.46,15.44,15.44,4500,0
2015-02-17,16:15:00,15.44,15.44,15.44,15.44,200,0
2015-02-17,16:20:00,15.43,15.43,15.43,15.43,200,0
2015-02-17,16:25:00,15.42,15.42,15.42,15.42,1200,0
2015-02-17,16:30:00,15.42,15.42,15.42,15.42,200,0
2015-02-17,16:35:00,15.42,15.42,15.42,15.42,100,0
2015-02-17,16:40:00,15.42,15.44,15.42,15.42,1510,0
2015-02-17,16:45:00,15.42,15.42,15.42,15.42,721,0
2015-02-17,16:50:00,15.42,15.42,15.39,15.39,10329,0
2015-02-17,16:55:00,15.38,15.38,15.37,15.37,300,0
2015-02-17,17:00:00,15.36,15.36,15.34,15.34,901,0
2015-02-17,17:05:00,15.34,15.35,15.33,15.34,2684,0
2015-02-17,17:10:00,15.33,15.33,15.32,15.32,2373,0
2015-02-17,17:15:00,15.32,15.32,15.32,15.32,1926,0
2015-02-17,17:20:00,15.32,15.32,15.32,15.32,200,0
2015-02-17,17:25:00,15.32,15.32,15.32,15.32,2200,0
2015-02-17,17:40:00,15.32,15.32,15.29,15.29,6215,0
2015-02-17,17:45:00,15.29,15.29,15.27,15.29,3867,0
2015-02-17,17:50:00,15.28,15.28,15.28,15.28,6100,0
2015-02-17,17:55:00,15.28,15.28,15.22,15.26,6192,0
2015-02-17,18:00:00,15.24,15.24,15.19,15.23,4800,0
2015-02-17,18:10:00,15.19,15.28,15.19,15.28,2850,0
2015-02-17,18:25:00,15.23,15.23,15.23,15.23,300,0
2015-02-17,18:30:00,15.23,15.23,15.23,15.23,300,0
2015-02-17,18:35:00,15.23,15.23,15.23,15.23,200,0
2015-02-17,18:40:00,15.23,15.24,15.21,15.22,1455,0
2015-02-17,18:45:00,15.22,15.22,15.21,15.21,451,0
2015-02-17,18:50:00,15.21,15.23,15.21,15.23,200,0
2015-02-17,18:55:00,15.23,15.23,15.23,15.23,300,0
2015-02-17,19:00:00,15.23,15.23,15.23,15.23,200,0
2015-02-17,19:05:00,15.23,15.23,15.23,15.23,300,0
2015-02-17,19:10:00,15.25,15.25,15.23,15.23,706,0
2015-02-17,19:15:00,15.24,15.29,15.24,15.28,9134,0
2015-02-17,19:20:00,15.28,15.29,15.27,15.29,1331,0
2015-02-17,19:25:00,15.23,15.29,15.23,15.25,4785,0
2015-02-17,19:30:00,15.23,15.28,15.19,15.21,8091,0
2015-02-17,19:40:00,15.2,15.2,15.19,15.19,1300,0
2015-02-17,19:45:00,15.19,15.19,15.19,15.19,200,0
2015-02-17,19:50:00,15.19,15.22,15.14,15.14,5633,0
2015-02-17,19:55:00,15.14,15.14,15.14,15.14,300,0
2015-02-17,20:00:00,15.17,15.17,15.13,15.13,500,0
2015-02-17,20:05:00,15.12,15.16,15.12,15.12,1400,0
2015-02-17,20:10:00,15.12,15.15,15.12,15.12,800,0
2015-02-17,20:15:00,15.12,15.12,15.12,15.12,200,0
2015-02-17,20:20:00,15.12,15.13,15.12,15.13,300,0
2015-02-17,20:25:00,15.13,15.13,15.13,15.13,300,0
2015-02-17,20:30:00,15.13,15.13,15.13,15.13,300,0
2015-02-17,20:35:00,15.13,15.13,15.13,15.13,300,0
2015-02-17,20:40:00,15.13,15.13,15.13,15.13,400,0
2015-02-17,20:45:00,15.13,15.13,15.12,15.12,1500,0
2015-02-17,20:50:00,15.12,15.13,15.1,15.1,1100,0
2015-02-17,20:55:00,15.1,15.1,15.1,15.1,300,0
2015-02-17,21:00:00,15.1,15.12,15.09,15.09,600,0
2015-02-17,21:05:00,15.09,15.09,15.09,15.09,300,0
2015-02-17,21:10:00,15.09,15.09,15.09,15.09,1000,0
2015-02-17,21:15:00,15.09,15.09,15.09,15.09,1400,0
2015-02-17,21:20:00,15.13,15.13,15.09,15.1,1500,0
2015-02-17,21:25:00,15.09,15.09,15.08,15.09,600,0
2015-02-17,21:30:00,15.08,15.12,15.08,15.09,900,0
2015-02-17,21:35:00,15.08,15.11,15.08,15.08,1830,0
2015-02-17,21:40:00,15.08,15.08,15.08,15.08,600,0
2015-02-17,21:45:00,15.08,15.08,15.08,15.08,700,0
2015-02-17,21:50:00,15.08,15.08,15.08,15.08,700,0
2015-02-17,21:55:00,15.08,15.09,15.07,15.07,2580,0
2015-02-17,22:00:00,15.07,15.07,15.07,15.07,2800,0
2015-02-18,15:35:00,15.08,15.08,15.08,15.08,1289,0
2015-02-18,15:40:00,15.09,15.14,15.09,15.14,2550,0
2015-02-18,15:50:00,15.1,15.13,15.1,15.1,1397,0
2015-02-18,15:55:00,15.1,15.1,15.1,15.1,200,0
2015-02-18,16:00:00,15.1,15.1,15.1,15.1,100,0
2015-02-18,16:05:00,15.1,15.13,15.09,15.09,500,0
2015-02-18,16:10:00,15.12,15.12,15.09,15.11,1825,0
2015-02-18,16:15:00,15.09,15.09,15.09,15.09,200,0
2015-02-18,16:20:00,15.12,15.12,15.09,15.09,200,0
2015-02-18,16:25:00,15.09,15.09,15.09,15.09,200,0
2015-02-18,16:30:00,15.09,15.1,15.09,15.1,400,0
2015-02-18,16:35:00,15.09,15.12,15.09,15.12,200,0
2015-02-18,16:40:00,15.07,15.07,15.07,15.07,200,0
2015-02-18,16:45:00,15.08,15.08,15.08,15.08,100,0
2015-02-18,16:50:00,15.07,15.1,15.07,15.07,465,0
2015-02-18,16:55:00,15.08,15.1,15.08,15.1,400,0
2015-02-18,17:00:00,15.08,15.08,15.08,15.08,200,0
2015-02-18,17:05:00,15.08,15.09,15.08,15.09,1286,0
2015-02-18,17:10:00,15.09,15.09,15.08,15.08,2000,0
2015-02-18,17:15:00,15.09,15.13,15.09,15.11,1500,0
2015-02-18,17:20:00,15.1,15.13,15.1,15.13,300,0
2015-02-18,17:25:00,15.09,15.09,15.09,15.09,200,0
2015-02-18,17:30:00,15.1,15.15,15.1,15.15,2669,0
2015-02-18,17:35:00,15.14,15.16,15.14,15.16,2700,0
2015-02-18,17:40:00,15.16,15.16,15.13,15.13,6200,0
2015-02-18,17:45:00,15.13,15.13,15.13,15.13,100,0
2015-02-18,17:50:00,15.13,15.13,15.13,15.13,700,0
2015-02-18,17:55:00,15.11,15.11,15.09,15.09,200,0
2015-02-18,18:00:00,15.09,15.09,15.09,15.09,100,0
2015-02-18,18:05:00,15.1,15.1,15.1,15.1,100,0
2015-02-18,18:10:00,15.1,15.1,15.1,15.1,100,0
2015-02-18,18:15:00,15.09,15.12,15.09,15.09,7100,0
2015-02-18,18:20:00,15.09,15.09,15.09,15.09,200,0
2015-02-18,18:25:00,15.09,15.09,15.09,15.09,200,0
2015-02-18,18:30:00,15.09,15.09,15.09,15.09,100,0
2015-02-18,18:35:00,15.09,15.09,15.09,15.09,200,0
2015-02-18,18:40:00,15.08,15.08,15.08,15.08,100,0
2015-02-18,18:45:00,15.08,15.08,15.08,15.08,100,0
2015-02-18,18:50:00,15.08,15.11,15.08,15.08,664,0
2015-02-18,18:55:00,15.08,15.08,15.08,15.08,100,0
2015-02-18,19:00:00,15.09,15.09,15.08,15.08,2200,0
2015-02-18,19:05:00,15.08,15.1,15.07,15.1,7828,0
2015-02-18,19:10:00,15.06,15.06,15.06,15.06,200,0
2015-02-18,19:15:00,15.06,15.06,15.06,15.06,100,0
2015-02-18,19:20:00,15.06,15.06,15.06,15.06,100,0
2015-02-18,19:25:00,15.06,15.06,15.06,15.06,100,0
2015-02-18,19:30:00,15.08,15.08,15.05,15.05,600,0
2015-02-18,19:35:00,15.05,15.05,15.05,15.05,100,0
2015-02-18,19:40:00,15.05,15.05,15.05,15.05,100,0
2015-02-18,19:45:00,15.05,15.05,15.05,15.05,200,0
2015-02-18,19:50:00,15.05,15.05,15.05,15.05,100,0
2015-02-18,19:55:00,15.05,15.05,15.05,15.05,800,0
2015-02-18,20:00:00,15.04,15.04,15.04,15.04,200,0
2015-02-18,20:05:00,15.06,15.06,15.05,15.05,900,0
2015-02-18,20:10:00,15.06,15.08,15.06,15.08,1800,0
2015-02-18,20:15:00,15.09,15.1,15.09,15.1,200,0
2015-02-18,20:20:00,15.09,15.09,15.09,15.09,100,0
2015-02-18,20:25:00,15.1,15.14,15.1,15.1,2062,0
2015-02-18,20:30:00,15.14,15.15,15.11,15.15,300,0
2015-02-18,20:35:00,15.11,15.16,15.11,15.16,1297,0
2015-02-18,20:40:00,15.16,15.19,15.15,15.19,4250,0
2015-02-18,20:45:00,15.14,15.16,15.14,15.16,4200,0
2015-02-18,20:50:00,15.17,15.17,15.15,15.16,1700,0
2015-02-18,20:55:00,15.14,15.14,15.13,15.14,3200,0
2015-02-18,21:00:00,15.17,15.19,15.16,15.17,9100,0
2015-02-18,21:05:00,15.17,15.2,15.17,15.17,5800,0
2015-02-18,21:10:00,15.17,15.17,15.17,15.17,200,0
2015-02-18,21:15:00,15.17,15.17,15.17,15.17,3000,0
2015-02-18,21:20:00,15.17,15.17,15.17,15.17,100,0
2015-02-18,21:25:00,15.17,15.17,15.17,15.17,300,0
2015-02-18,21:30:00,15.16,15.19,15.16,15.19,1900,0
2015-02-18,21:35:00,15.16,15.16,15.16,15.16,300,0
2015-02-18,21:40:00,15.16,15.17,15.16,15.16,600,0
2015-02-18,21:45:00,15.16,15.18,15.14,15.14,4400,0
2015-02-18,21:50:00,15.17,15.2,15.14,15.2,10400,0
2015-02-18,21:55:00,15.19,15.21,15.15,15.21,4452,0
2015-02-18,22:00:00,15.21,15.22,15.19,15.22,3539,0
2015-02-19,15:35:00,15.23,15.23,15.23,15.23,500,0
2015-02-19,15:40:00,15.22,15.22,15.22,15.22,100,0
2015-02-19,15:45:00,15.22,15.22,15.22,15.22,300,0
2015-02-19,15:50:00,15.22,15.25,15.22,15.25,1000,0
2015-02-19,15:55:00,15.25,15.3,15.25,15.3,1900,0
2015-02-19,16:00:00,15.29,15.29,15.29,15.29,100,0
2015-02-19,16:05:00,15.3,15.3,15.29,15.29,6100,0
2015-02-19,16:10:00,15.33,15.33,15.33,15.33,700,0
2015-02-19,16:15:00,15.32,15.32,15.3,15.32,1100,0
2015-02-19,16:20:00,15.29,15.32,15.29,15.32,300,0
2015-02-19,16:25:00,15.31,15.33,15.31,15.33,3955,0
2015-02-19,16:30:00,15.33,15.33,15.31,15.31,2900,0
2015-02-19,16:35:00,15.33,15.33,15.33,15.33,1000,0
2015-02-19,16:40:00,15.32,15.33,15.32,15.33,1063,0
2015-02-19,16:50:00,15.29,15.29,15.29,15.29,1200,0
2015-02-19,16:55:00,15.33,15.38,15.33,15.38,2500,0
2015-02-19,17:05:00,15.36,15.38,15.36,15.36,3955,0
2015-02-19,17:10:00,15.38,15.38,15.38,15.38,1000,0
2015-02-19,17:20:00,15.39,15.42,15.39,15.42,3200,0
2015-02-19,17:30:00,15.36,15.36,15.36,15.36,200,0
2015-02-19,17:35:00,15.38,15.38,15.38,15.38,150,0
2015-02-19,17:50:00,15.36,15.36,15.35,15.35,2500,0
2015-02-19,17:55:00,15.35,15.35,15.35,15.35,100,0
2015-02-19,18:00:00,15.35,15.35,15.35,15.35,100,0
2015-02-19,18:05:00,15.36,15.4,15.35,15.4,4100,0
2015-02-19,18:30:00,15.36,15.36,15.36,15.36,200,0
2015-02-19,18:35:00,15.38,15.39,15.38,15.39,1000,0
2015-02-19,18:55:00,15.36,15.38,15.33,15.38,16058,0
2015-02-19,19:00:00,15.37,15.37,15.34,15.34,2627,0
2015-02-19,19:15:00,15.36,15.36,15.35,15.35,1627,0
2015-02-19,19:20:00,15.32,15.32,15.32,15.32,100,0
2015-02-19,19:25:00,15.32,15.32,15.32,15.32,1100,0
2015-02-19,19:30:00,15.32,15.32,15.32,15.32,100,0
2015-02-19,19:35:00,15.32,15.32,15.32,15.32,300,0
2015-02-19,19:40:00,15.32,15.32,15.32,15.32,300,0
2015-02-19,19:45:00,15.32,15.32,15.32,15.32,100,0
2015-02-19,19:50:00,15.32,15.32,15.32,15.32,100,0
2015-02-19,19:55:00,15.32,15.32,15.32,15.32,100,0
2015-02-19,20:00:00,15.32,15.32,15.32,15.32,100,0
2015-02-19,20:05:00,15.32,15.32,15.32,15.32,100,0
2015-02-19,20:10:00,15.32,15.32,15.32,15.32,100,0
2015-02-19,20:15:00,15.33,15.34,15.33,15.34,653,0
2015-02-19,20:20:00,15.36,15.38,15.34,15.38,5100,0
2015-02-19,20:30:00,15.38,15.38,15.38,15.38,400,0
2015-02-19,20:50:00,15.37,15.37,15.37,15.37,300,0
2015-02-19,21:00:00,15.37,15.37,15.37,15.37,300,0
2015-02-19,21:05:00,15.37,15.37,15.37,15.37,200,0
2015-02-19,21:15:00,15.35,15.37,15.35,15.37,216,0
2015-02-19,21:20:00,15.37,15.39,15.37,15.37,750,0
2015-02-19,21:25:00,15.38,15.39,15.38,15.39,440,0
2015-02-19,21:30:00,15.38,15.38,15.37,15.37,850,0
2015-02-19,21:35:00,15.37,15.37,15.37,15.37,100,0
2015-02-19,21:40:00,15.37,15.38,15.37,15.38,1200,0
2015-02-19,21:50:00,15.37,15.37,15.37,15.37,200,0
2015-02-19,21:55:00,15.37,15.37,15.37,15.37,1100,0
2015-02-19,22:00:00,15.37,15.38,15.36,15.38,2109,0
2015-02-20,15:35:00,15.4,15.4,15.4,15.4,2000,0
2015-02-20,15:50:00,15.39,15.39,15.39,15.39,1700,0
2015-02-20,15:55:00,15.4,15.4,15.4,15.4,3250,0
2015-02-20,16:00:00,15.42,15.42,15.42,15.42,300,0
2015-02-20,16:05:00,15.43,15.43,15.43,15.43,200,0
2015-02-20,16:10:00,15.43,15.43,15.43,15.43,200,0
2015-02-20,16:15:00,15.43,15.43,15.43,15.43,300,0
2015-02-20,16:20:00,15.43,15.43,15.43,15.43,200,0
2015-02-20,16:25:00,15.43,15.45,15.42,15.45,2697,0
2015-02-20,16:30:00,15.43,15.44,15.43,15.44,200,0
2015-02-20,16:35:00,15.44,15.44,15.43,15.43,200,0
2015-02-20,16:40:00,15.43,15.43,15.43,15.43,500,0
2015-02-20,16:50:00,15.4,15.41,15.4,15.41,500,0
2015-02-20,16:55:00,15.39,15.39,15.39,15.39,300,0
2015-02-20,17:00:00,15.39,15.39,15.39,15.39,300,0
2015-02-20,17:05:00,15.39,15.4,15.39,15.4,200,0
2015-02-20,17:10:00,15.39,15.39,15.39,15.39,100,0
2015-02-20,17:15:00,15.39,15.39,15.39,15.39,300,0
2015-02-20,17:20:00,15.39,15.39,15.39,15.39,300,0
2015-02-20,17:25:00,15.44,15.44,15.39,15.39,340,0
2015-02-20,17:30:00,15.38,15.44,15.38,15.38,5300,0
2015-02-20,17:35:00,15.41,15.41,15.41,15.41,100,0
2015-02-20,17:40:00,15.39,15.39,15.39,15.39,200,0
2015-02-20,17:45:00,15.39,15.39,15.39,15.39,200,0
2015-02-20,17:50:00,15.39,15.39,15.39,15.39,100,0
2015-02-20,17:55:00,15.39,15.4,15.39,15.4,300,0
2015-02-20,18:00:00,15.39,15.39,15.39,15.39,100,0
2015-02-20,18:05:00,15.39,15.39,15.37,15.37,200,0
2015-02-20,18:10:00,15.4,15.4,15.4,15.4,100,0
2015-02-20,18:15:00,15.37,15.37,15.37,15.37,300,0
2015-02-20,18:20:00,15.37,15.37,15.37,15.37,100,0
2015-02-20,18:25:00,15.37,15.37,15.37,15.37,300,0
2015-02-20,18:30:00,15.37,15.37,15.37,15.37,200,0
2015-02-20,18:35:00,15.37,15.37,15.37,15.37,300,0
2015-02-20,18:40:00,15.37,15.37,15.37,15.37,100,0
2015-02-20,18:45:00,15.38,15.38,15.38,15.38,200,0
2015-02-20,18:50:00,15.37,15.37,15.37,15.37,300,0
2015-02-20,18:55:00,15.41,15.41,15.37,15.37,200,0
2015-02-20,19:00:00,15.37,15.37,15.37,15.37,200,0
2015-02-20,19:05:00,15.37,15.37,15.37,15.37,200,0
2015-02-20,19:10:00,15.37,15.41,15.37,15.41,200,0
2015-02-20,19:15:00,15.37,15.37,15.37,15.37,100,0
2015-02-20,19:20:00,15.37,15.4,15.37,15.37,2000,0
2015-02-20,19:25:00,15.37,15.37,15.37,15.37,100,0
2015-02-20,19:30:00,15.36,15.41,15.36,15.41,300,0
2015-02-20,19:35:00,15.42,15.42,15.36,15.36,1200,0
2015-02-20,19:40:00,15.36,15.38,15.36,15.36,1281,0
2015-02-20,19:45:00,15.41,15.41,15.37,15.37,200,0
2015-02-20,19:50:00,15.37,15.37,15.37,15.37,200,0
2015-02-20,19:55:00,15.37,15.37,15.37,15.37,200,0
2015-02-20,20:00:00,15.38,15.38,15.38,15.38,200,0
2015-02-20,20:05:00,15.38,15.38,15.38,15.38,400,0
2015-02-20,20:15:00,15.37,15.37,15.37,15.37,200,0
2015-02-20,20:20:00,15.37,15.37,15.37,15.37,200,0
2015-02-20,20:25:00,15.37,15.37,15.37,15.37,200,0
2015-02-20,20:30:00,15.37,15.37,15.37,15.37,200,0
2015-02-20,20:35:00,15.37,15.37,15.37,15.37,200,0
2015-02-20,20:40:00,15.37,15.37,15.37,15.37,200,0
2015-02-20,20:45:00,15.37,15.37,15.37,15.37,200,0
2015-02-20,20:50:00,15.37,15.37,15.37,15.37,300,0
2015-02-20,20:55:00,15.37,15.41,15.37,15.41,3327,0
2015-02-20,21:00:00,15.38,15.38,15.37,15.37,300,0
2015-02-20,21:05:00,15.4,15.4,15.33,15.38,1280,0
2015-02-20,21:10:00,15.34,15.37,15.34,15.37,200,0
2015-02-20,21:15:00,15.34,15.34,15.33,15.33,300,0
2015-02-20,21:20:00,15.33,15.33,15.33,15.33,200,0
2015-02-20,21:25:00,15.33,15.33,15.33,15.33,300,0
2015-02-20,21:30:00,15.33,15.33,15.33,15.33,200,0
2015-02-20,21:35:00,15.33,15.34,15.33,15.34,400,0
2015-02-20,21:40:00,15.33,15.33,15.33,15.33,300,0
2015-02-20,21:45:00,15.33,15.33,15.33,15.33,200,0
2015-02-20,21:50:00,15.34,15.35,15.34,15.35,300,0
2015-02-20,21:55:00,15.34,15.34,15.34,15.34,300,0
2015-02-20,22:00:00,15.34,15.37,15.33,15.33,300,0
2015-02-23,15:35:00,15.36,15.36,15.36,15.36,200,0
2015-02-23,15:40:00,15.43,15.44,15.42,15.44,1570,0
2015-02-23,15:50:00,15.45,15.49,15.39,15.39,4700,0
2015-02-23,16:25:00,15.41,15.41,15.41,15.41,100,0
2015-02-23,16:30:00,15.41,15.41,15.41,15.41,400,0
2015-02-23,16:40:00,15.41,15.41,15.41,15.41,500,0
2015-02-23,16:45:00,15.41,15.41,15.41,15.41,500,0
2015-02-23,16:50:00,15.47,15.48,15.47,15.48,5806,0
2015-02-23,17:10:00,15.46,15.46,15.46,15.46,1200,0
2015-02-23,17:20:00,15.42,15.46,15.42,15.44,1304,0
2015-02-23,17:25:00,15.42,15.46,15.42,15.42,700,0
2015-02-23,17:30:00,15.44,15.44,15.44,15.44,100,0
2015-02-23,17:35:00,15.42,15.42,15.42,15.42,600,0
2015-02-23,17:45:00,15.43,15.43,15.42,15.42,716,0
2015-02-23,17:50:00,15.42,15.42,15.41,15.41,1100,0
2015-02-23,18:00:00,15.39,15.39,15.39,15.39,1000,0
2015-02-23,18:10:00,15.41,15.41,15.41,15.41,2722,0
2015-02-23,18:20:00,15.42,15.42,15.41,15.41,600,0
2015-02-23,18:25:00,15.42,15.42,15.42,15.42,1000,0
2015-02-23,18:55:00,15.42,15.42,15.41,15.41,1000,0
2015-02-23,19:00:00,15.41,15.42,15.41,15.42,609,0
2015-02-23,19:25:00,15.41,15.41,15.41,15.41,500,0
2015-02-23,19:35:00,15.41,15.42,15.41,15.42,958,0
2015-02-23,19:40:00,15.42,15.42,15.41,15.41,647,0
2015-02-23,19:55:00,15.41,15.42,15.41,15.41,641,0
2015-02-23,20:05:00,15.4,15.4,15.4,15.4,500,0
2015-02-23,20:15:00,15.4,15.41,15.4,15.41,700,0
2015-02-23,20:20:00,15.4,15.4,15.4,15.4,410,0
2015-02-23,20:30:00,15.39,15.39,15.39,15.39,494,0
2015-02-23,20:40:00,15.39,15.39,15.39,15.39,794,0
2015-02-23,20:45:00,15.39,15.39,15.39,15.39,500,0
2015-02-23,20:50:00,15.4,15.4,15.4,15.4,986,0
2015-02-23,21:05:00,15.39,15.39,15.39,15.39,200,0
2015-02-23,21:10:00,15.38,15.38,15.38,15.38,600,0
2015-02-23,21:20:00,15.37,15.37,15.37,15.37,1000,0
2015-02-23,21:25:00,15.36,15.36,15.36,15.36,500,0
2015-02-23,21:30:00,15.36,15.36,15.36,15.36,1700,0
2015-02-23,21:35:00,15.36,15.36,15.31,15.31,4722,0
2015-02-23,21:40:00,15.32,15.35,15.32,15.35,300,0
2015-02-23,21:45:00,15.32,15.32,15.32,15.32,500,0
2015-02-23,21:50:00,15.33,15.34,15.31,15.34,2200,0
2015-02-23,21:55:00,15.35,15.35,15.31,15.31,1400,0
2015-02-23,22:00:00,15.32,15.35,15.31,15.33,4470,0
