Date,Time,Open,High,Low,Close,Volume,OpenInt
2015-01-22,20:15:00,13.52,13.52,13.51,13.51,4532,0
2015-01-22,20:20:00,13.512,13.512,13.512,13.512,372,0
2015-01-22,20:30:00,13.512,13.512,13.512,13.512,101,0
2015-01-22,20:35:00,13.512,13.512,13.512,13.512,407,0
2015-01-22,20:40:00,13.522,13.522,13.512,13.522,3859,0
2015-01-22,20:45:00,13.532,13.542,13.532,13.532,6104,0
2015-01-22,20:50:00,13.532,13.532,13.532,13.532,480,0
2015-01-22,21:00:00,13.532,13.532,13.532,13.532,101,0
2015-01-22,21:05:00,13.532,13.542,13.532,13.542,22053,0
2015-01-22,21:10:00,13.532,13.532,13.532,13.532,101,0
2015-01-22,21:20:00,13.542,13.542,13.532,13.542,5919,0
2015-01-22,21:25:00,13.542,13.542,13.532,13.532,2312,0
2015-01-22,21:30:00,13.532,13.542,13.532,13.542,6251,0
2015-01-22,21:35:00,13.532,13.532,13.532,13.532,2714,0
2015-01-22,21:40:00,13.522,13.522,13.522,13.522,5489,0
2015-01-22,21:45:00,13.542,13.542,13.522,13.522,1691,0
2015-01-22,21:50:00,13.522,13.522,13.522,13.522,1005,0
2015-01-22,21:55:00,13.522,13.522,13.522,13.522,201,0
2015-01-22,22:00:00,13.542,13.552,13.532,13.532,1102,0
2015-01-23,15:50:00,13.562,13.572,13.562,13.572,227,0
2015-01-23,16:15:00,13.542,13.542,13.532,13.532,2010,0
2015-01-23,16:25:00,13.522,13.522,13.522,13.522,603,0
2015-01-23,16:30:00,13.522,13.532,13.522,13.532,2107,0
2015-01-23,16:35:00,13.542,13.542,13.542,13.542,543,0
2015-01-23,16:40:00,13.522,13.532,13.512,13.532,2128,0
2015-01-23,16:55:00,13.522,13.532,13.522,13.532,398,0
2015-01-23,17:00:00,13.532,13.532,13.532,13.532,854,0
2015-01-23,17:05:00,13.522,13.522,13.522,13.522,754,0
2015-01-23,17:20:00,13.532,13.532,13.522,13.532,3825,0
2015-01-23,17:25:00,13.522,13.542,13.522,13.542,8704,0
2015-01-23,17:30:00,13.542,13.542,13.542,13.542,1005,0
2015-01-23,18:00:00,13.532,13.532,13.532,13.532,2714,0
2015-01-23,18:05:00,13.542,13.542,13.532,13.532,945,0
2015-01-23,18:30:00,13.542,13.542,13.542,13.542,402,0
2015-01-23,18:45:00,13.542,13.542,13.542,13.542,5025,0
2015-01-23,19:00:00,13.522,13.522,13.522,13.522,402,0
2015-01-23,19:55:00,13.522,13.522,13.522,13.522,402,0
2015-01-23,20:05:00,13.522,13.522,13.522,13.522,310,0
2015-01-23,20:35:00,13.522,13.522,13.522,13.522,1432,0
2015-01-23,20:40:00,13.522,13.522,13.522,13.522,402,0
2015-01-23,21:00:00,13.532,13.532,13.532,13.532,5528,0
2015-01-23,21:05:00,13.532,13.542,13.532,13.542,3009,0
2015-01-23,21:10:00,13.532,13.532,13.532,13.532,745,0
2015-01-23,21:25:00,13.532,13.542,13.532,13.532,6935,0
2015-01-23,21:50:00,13.522,13.522,13.522,13.522,201,0
2015-01-23,21:55:00,13.522,13.522,13.522,13.522,201,0
2015-01-23,22:00:00,13.532,13.532,13.522,13.522,603,0
2015-01-26,15:40:00,13.522,13.532,13.522,13.532,603,0
2015-01-26,15:45:00,13.532,13.532,13.532,13.532,201,0
2015-01-26,15:50:00,13.522,13.522,13.522,13.522,1910,0
2015-01-26,15:55:00,13.532,13.532,13.532,13.532,707,0
2015-01-26,16:00:00,13.512,13.512,13.512,13.512,402,0
2015-01-26,16:05:00,13.532,13.532,13.532,13.532,521,0
2015-01-26,16:20:00,13.522,13.522,13.522,13.522,1387,0
2015-01-26,16:35:00,13.522,13.522,13.512,13.512,2236,0
2015-01-26,16:40:00,13.522,13.522,13.522,13.522,2714,0
2015-01-26,16:50:00,13.522,13.522,13.522,13.522,302,0
2015-01-26,16:55:00,13.522,13.532,13.522,13.532,1711,0
2015-01-26,17:00:00,13.532,13.532,13.532,13.532,116,0
2015-01-26,17:20:00,13.532,13.542,13.532,13.542,2060,0
2015-01-26,17:45:00,13.522,13.522,13.522,13.522,432,0
2015-01-26,18:20:00,13.532,13.542,13.532,13.542,3920,0
2015-01-26,18:35:00,13.542,13.542,13.542,13.542,1319,0
2015-01-26,18:45:00,13.542,13.542,13.542,13.542,739,0
2015-01-26,18:50:00,13.542,13.542,13.542,13.542,101,0
2015-01-26,19:00:00,13.542,13.542,13.542,13.542,1508,0
2015-01-26,19:05:00,13.532,13.542,13.532,13.532,663,0
2015-01-26,19:20:00,13.542,13.542,13.542,13.542,101,0
2015-01-26,19:30:00,13.552,13.552,13.552,13.552,101,0
2015-01-26,20:00:00,13.552,13.562,13.552,13.552,1809,0
2015-01-26,20:05:00,13.542,13.542,13.542,13.542,201,0
2015-01-26,20:20:00,13.542,13.542,13.542,13.542,101,0
2015-01-26,20:45:00,13.542,13.542,13.542,13.542,245,0
2015-01-26,20:50:00,13.542,13.552,13.542,13.552,342,0
2015-01-26,21:00:00,13.532,13.562,13.532,13.552,7045,0
2015-01-26,21:25:00,13.542,13.542,13.512,13.522,12334,0
2015-01-26,21:50:00,13.532,13.542,13.532,13.532,3651,0
2015-01-26,22:00:00,13.532,13.532,13.532,13.532,804,0
2015-01-27,15:40:00,13.572,13.591,13.572,13.572,604,0
2015-01-27,15:45:00,13.601,13.601,13.572,13.572,483,0
2015-01-27,15:50:00,13.601,13.601,13.601,13.601,3252,0
2015-01-27,16:00:00,13.601,13.601,13.572,13.601,503,0
2015-01-27,16:10:00,13.591,13.591,13.591,13.591,523,0
2015-01-27,16:20:00,13.562,13.562,13.562,13.562,1008,0
2015-01-27,16:35:00,13.582,13.591,13.582,13.582,1047,0
2015-01-27,16:40:00,13.582,13.591,13.582,13.591,3017,0
2015-01-27,16:50:00,13.582,13.582,13.582,13.582,101,0
2015-01-27,17:00:00,13.582,13.582,13.582,13.582,1508,0
2015-01-27,17:05:00,13.582,13.582,13.582,13.582,1407,0
2015-01-27,17:20:00,13.582,13.591,13.582,13.591,7751,0
2015-01-27,17:30:00,13.591,13.591,13.591,13.591,8844,0
2015-01-27,17:45:00,13.601,13.601,13.601,13.601,302,0
2015-01-27,18:00:00,13.601,13.611,13.601,13.611,3610,0
2015-01-27,18:15:00,13.621,13.621,13.611,13.611,1155,0
2015-01-27,18:35:00,13.621,13.621,13.621,13.621,202,0
2015-01-27,18:45:00,13.611,13.611,13.611,13.611,302,0
2015-01-27,18:50:00,13.621,13.621,13.621,13.621,820,0
2015-01-27,18:55:00,13.621,13.621,13.611,13.611,463,0
2015-01-27,19:05:00,13.611,13.611,13.611,13.611,101,0
2015-01-27,19:10:00,13.611,13.611,13.611,13.611,310,0
2015-01-27,19:15:00,13.621,13.621,13.611,13.611,707,0
2015-01-27,19:20:00,13.601,13.621,13.601,13.621,1498,0
2015-01-27,19:25:00,13.621,13.621,13.621,13.621,101,0
2015-01-27,19:35:00,13.621,13.621,13.621,13.621,202,0
2015-01-27,19:40:00,13.611,13.621,13.611,13.621,1565,0
2015-01-27,19:45:00,13.611,13.621,13.611,13.621,639,0
2015-01-27,19:50:00,13.621,13.621,13.611,13.611,369,0
2015-01-27,19:55:00,13.621,13.621,13.621,13.621,303,0
2015-01-27,20:00:00,13.621,13.621,13.621,13.621,3482,0
2015-01-27,20:05:00,13.611,13.611,13.611,13.611,198,0
2015-01-27,20:15:00,13.621,13.621,13.621,13.621,2513,0
2015-01-27,20:20:00,13.621,13.631,13.621,13.631,3081,0
2015-01-27,20:25:00,13.611,13.611,13.611,13.611,3015,0
2015-01-27,20:55:00,13.631,13.631,13.631,13.631,729,0
2015-01-27,21:00:00,13.601,13.631,13.601,13.631,3006,0
2015-01-27,21:15:00,13.651,13.651,13.641,13.641,5207,0
2015-01-27,21:20:00,13.661,13.661,13.661,13.661,2327,0
2015-01-27,21:25:00,13.651,13.661,13.651,13.651,5945,0
2015-01-27,21:30:00,13.661,13.661,13.661,13.661,1113,0
2015-01-27,21:45:00,13.651,13.651,13.651,13.651,503,0
2015-01-27,21:50:00,13.651,13.661,13.651,13.661,945,0
2015-01-27,21:55:00,13.641,13.641,13.591,13.641,2416,0
2015-01-27,22:00:00,13.631,13.631,13.621,13.621,504,0
2015-01-28,15:40:00,13.661,13.661,13.651,13.661,1308,0
2015-01-28,15:50:00,13.651,13.651,13.651,13.651,403,0
2015-01-28,15:55:00,13.651,13.651,13.651,13.651,201,0
2015-01-28,16:05:00,13.661,13.671,13.661,13.671,2089,0
2015-01-28,16:30:00,13.671,13.681,13.671,13.681,303,0
2015-01-28,16:35:00,13.681,13.681,13.681,13.681,101,0
2015-01-28,16:55:00,13.671,13.671,13.671,13.671,402,0
2015-01-28,17:00:00,13.681,13.681,13.671,13.671,683,0
2015-01-28,17:05:00,13.661,13.671,13.651,13.671,10108,0
2015-01-28,17:10:00,13.671,13.671,13.651,13.671,2059,0
2015-01-28,17:15:00,13.661,13.661,13.661,13.661,1108,0
2015-01-28,17:20:00,13.661,13.661,13.661,13.661,202,0
2015-01-28,17:35:00,13.671,13.671,13.671,13.671,1106,0
2015-01-28,17:40:00,13.671,13.671,13.671,13.671,101,0
2015-01-28,17:55:00,13.671,13.671,13.671,13.671,101,0
2015-01-28,18:00:00,13.671,13.671,13.671,13.671,101,0
2015-01-28,18:15:00,13.661,13.671,13.661,13.671,2240,0
2015-01-28,18:20:00,13.671,13.671,13.671,13.671,101,0
2015-01-28,18:25:00,13.661,13.661,13.661,13.661,669,0
2015-01-28,18:30:00,13.671,13.681,13.671,13.681,381,0
2015-01-28,18:35:00,13.681,13.691,13.681,13.691,2907,0
2015-01-28,19:05:00,13.691,13.691,13.691,13.691,101,0
2015-01-28,19:15:00,13.681,13.681,13.681,13.681,1055,0
2015-01-28,19:20:00,13.691,13.691,13.691,13.691,503,0
2015-01-28,19:25:00,13.691,13.691,13.681,13.681,6798,0
2015-01-28,19:30:00,13.671,13.671,13.671,13.671,3668,0
2015-01-28,19:35:00,13.681,13.701,13.671,13.671,4710,0
2015-01-28,19:40:00,13.671,13.691,13.671,13.681,3533,0
2015-01-28,19:45:00,13.691,13.701,13.671,13.671,10079,0
2015-01-28,19:50:00,13.671,13.681,13.671,13.681,2782,0
2015-01-28,19:55:00,13.671,13.681,13.671,13.681,843,0
2015-01-28,20:00:00,13.671,13.671,13.671,13.671,3703,0
2015-01-28,20:05:00,13.681,13.691,13.681,13.691,938,0
2015-01-28,20:10:00,13.671,13.671,13.671,13.671,1023,0
2015-01-28,20:15:00,13.671,13.671,13.661,13.671,5831,0
2015-01-28,20:20:00,13.671,13.671,13.671,13.671,141,0
2015-01-28,20:25:00,13.671,13.671,13.661,13.661,3368,0
2015-01-28,20:45:00,13.681,13.681,13.681,13.681,503,0
2015-01-28,20:55:00,13.681,13.691,13.681,13.681,2012,0
2015-01-28,21:00:00,13.671,13.671,13.671,13.671,2614,0
2015-01-28,21:05:00,13.691,13.701,13.691,13.701,1005,0
2015-01-28,21:30:00,13.701,13.701,13.681,13.681,3085,0
2015-01-28,21:35:00,13.701,13.701,13.681,13.701,1610,0
2015-01-28,21:40:00,13.701,13.701,13.681,13.701,2417,0
2015-01-28,21:45:00,13.691,13.701,13.691,13.701,3821,0
2015-01-28,21:50:00,13.691,13.691,13.691,13.691,188,0
2015-01-28,21:55:00,13.691,13.721,13.691,13.711,947,0
2015-01-28,22:00:00,13.691,13.691,13.691,13.691,101,0
2015-01-29,15:35:00,13.671,13.671,13.671,13.671,503,0
2015-01-29,15:40:00,13.681,13.681,13.681,13.681,1290,0
2015-01-29,15:45:00,13.681,13.691,13.681,13.691,2012,0
2015-01-29,15:50:00,13.691,13.691,13.691,13.691,1325,0
2015-01-29,15:55:00,13.681,13.681,13.681,13.681,5630,0
2015-01-29,16:00:00,13.691,13.701,13.691,13.701,1021,0
2015-01-29,16:05:00,13.701,13.701,13.701,13.701,1005,0
2015-01-29,16:10:00,13.691,13.711,13.691,13.711,2215,0
2015-01-29,16:20:00,13.711,13.711,13.711,13.711,779,0
2015-01-29,16:25:00,13.711,13.721,13.711,13.721,5061,0
2015-01-29,16:30:00,13.721,13.721,13.721,13.721,101,0
2015-01-29,16:45:00,13.721,13.721,13.711,13.711,1206,0
2015-01-29,17:10:00,13.711,13.711,13.711,13.711,202,0
2015-01-29,17:20:00,13.721,13.721,13.721,13.721,201,0
2015-01-29,17:25:00,13.701,13.701,13.701,13.701,101,0
2015-01-29,17:30:00,13.711,13.711,13.711,13.711,402,0
2015-01-29,17:35:00,13.711,13.711,13.711,13.711,1023,0
2015-01-29,17:40:00,13.721,13.721,13.721,13.721,804,0
2015-01-29,17:45:00,13.721,13.721,13.721,13.721,1006,0
2015-01-29,17:50:00,13.721,13.721,13.721,13.721,101,0
2015-01-29,17:55:00,13.721,13.721,13.721,13.721,504,0
2015-01-29,18:05:00,13.721,13.721,13.721,13.721,1319,0
2015-01-29,18:10:00,13.721,13.721,13.721,13.721,4987,0
2015-01-29,18:25:00,13.721,13.721,13.721,13.721,409,0
2015-01-29,18:30:00,13.721,13.721,13.711,13.711,5432,0
2015-01-29,18:35:00,13.711,13.711,13.711,13.711,432,0
2015-01-29,18:40:00,13.721,13.721,13.711,13.711,1187,0
2015-01-29,19:05:00,13.721,13.721,13.721,13.721,1818,0
2015-01-29,19:20:00,13.711,13.711,13.711,13.711,804,0
2015-01-29,19:25:00,13.721,13.721,13.721,13.721,101,0
2015-01-29,19:35:00,13.721,13.721,13.711,13.711,465,0
2015-01-29,19:40:00,13.711,13.711,13.711,13.711,402,0
2015-01-29,19:50:00,13.711,13.711,13.711,13.711,2513,0
2015-01-29,19:55:00,13.721,13.721,13.721,13.721,148,0
2015-01-29,20:15:00,13.721,13.721,13.721,13.721,1484,0
2015-01-29,20:30:00,13.711,13.721,13.711,13.721,961,0
2015-01-29,20:40:00,13.721,13.721,13.721,13.721,603,0
2015-01-29,20:50:00,13.721,13.721,13.711,13.711,505,0
2015-01-29,20:55:00,13.721,13.721,13.711,13.721,987,0
2015-01-29,21:00:00,13.721,13.721,13.721,13.721,604,0
2015-01-29,21:05:00,13.721,13.721,13.711,13.711,2762,0
2015-01-29,21:15:00,13.721,13.721,13.721,13.721,202,0
2015-01-29,21:20:00,13.721,13.721,13.711,13.711,6033,0
2015-01-29,21:25:00,13.711,13.711,13.711,13.711,505,0
2015-01-29,21:30:00,13.711,13.711,13.701,13.701,5232,0
2015-01-29,21:35:00,13.701,13.711,13.701,13.711,1983,0
2015-01-29,21:40:00,13.711,13.711,13.711,13.711,1311,0
2015-01-29,21:45:00,13.711,13.711,13.701,13.711,2090,0
2015-01-29,21:50:00,13.701,13.711,13.691,13.701,3281,0
2015-01-29,21:55:00,13.711,13.711,13.711,13.711,804,0
2015-01-29,22:00:00,13.711,13.711,13.711,13.711,4191,0
2015-01-30,15:35:00,13.751,13.84,13.751,13.751,8148,0
2015-01-30,15:40:00,13.8,13.8,13.741,13.761,2327,0
2015-01-30,15:55:00,13.781,13.781,13.781,13.781,1136,0
2015-01-30,16:00:00,13.81,13.88,13.781,13.88,6438,0
2015-01-30,16:05:00,13.781,13.81,13.751,13.81,17839,0
2015-01-30,16:10:00,13.81,13.81,13.81,13.81,497,0
2015-01-30,16:20:00,13.81,13.81,13.81,13.81,101,0
2015-01-30,16:25:00,13.81,13.81,13.81,13.81,134,0
2015-01-30,16:35:00,13.8,13.81,13.8,13.81,1258,0
2015-01-30,16:40:00,13.8,13.8,13.781,13.781,2616,0
2015-01-30,16:45:00,13.81,13.82,13.81,13.82,1438,0
2015-01-30,16:50:00,13.8,13.8,13.8,13.8,704,0
2015-01-30,17:00:00,13.82,13.82,13.82,13.82,348,0
2015-01-30,17:05:00,13.82,13.82,13.82,13.82,980,0
2015-01-30,17:10:00,13.82,13.82,13.82,13.82,101,0
2015-01-30,17:30:00,13.82,13.82,13.82,13.82,202,0
2015-01-30,17:45:00,13.82,13.82,13.82,13.82,202,0
2015-01-30,17:55:00,13.83,13.83,13.83,13.83,202,0
2015-01-30,18:05:00,13.83,13.84,13.83,13.84,4121,0
2015-01-30,18:10:00,13.84,13.84,13.84,13.84,201,0
2015-01-30,18:15:00,13.84,13.84,13.84,13.84,201,0
2015-01-30,18:20:00,13.84,13.84,13.84,13.84,191,0
2015-01-30,18:25:00,13.84,13.84,13.84,13.84,201,0
2015-01-30,18:30:00,13.82,13.84,13.82,13.82,3349,0
2015-01-30,18:35:00,13.82,13.82,13.82,13.82,408,0
2015-01-30,18:40:00,13.84,13.84,13.84,13.84,2865,0
2015-01-30,18:50:00,13.83,13.83,13.82,13.83,5328,0
2015-01-30,19:25:00,13.82,13.82,13.82,13.82,585,0
2015-01-30,20:00:00,13.81,13.81,13.81,13.81,5011,0
2015-01-30,20:05:00,13.8,13.8,13.79,13.79,3562,0
2015-01-30,20:10:00,13.8,13.8,13.781,13.8,4006,0
2015-01-30,20:15:00,13.79,13.79,13.781,13.781,1607,0
2015-01-30,20:20:00,13.8,13.8,13.781,13.8,2113,0
2015-01-30,20:25:00,13.81,13.81,13.8,13.8,2111,0
2015-01-30,20:30:00,13.8,13.81,13.8,13.81,477,0
2015-01-30,20:35:00,13.781,13.781,13.781,13.781,503,0
2015-01-30,20:50:00,13.8,13.8,13.8,13.8,3417,0
2015-01-30,21:15:00,13.81,13.83,13.81,13.81,1833,0
2015-01-30,21:30:00,13.81,13.81,13.81,13.81,503,0
2015-01-30,21:35:00,13.81,13.81,13.8,13.8,318,0
2015-01-30,21:40:00,13.82,13.82,13.8,13.8,3235,0
2015-01-30,21:50:00,13.82,13.82,13.8,13.8,2133,0
2015-01-30,21:55:00,13.82,13.83,13.81,13.83,2859,0
2015-01-30,22:00:00,13.83,13.83,13.82,13.83,404,0
2015-02-02,15:35:00,13.84,13.84,13.81,13.81,1209,0
2015-02-02,15:40:00,13.83,13.84,13.83,13.84,1511,0
2015-02-02,15:55:00,13.83,13.83,13.83,13.83,479,0
2015-02-02,16:05:00,13.83,13.84,13.82,13.82,2419,0
2015-02-02,16:10:00,13.85,13.85,13.85,13.85,404,0
2015-02-02,16:20:00,13.85,13.85,13.85,13.85,846,0
2015-02-02,16:35:00,13.85,13.87,13.84,13.85,3967,0
2015-02-02,16:50:00,13.84,13.85,13.83,13.85,3729,0
2015-02-02,17:00:00,13.84,13.84,13.83,13.83,1207,0
2015-02-02,17:05:00,13.85,13.85,13.84,13.84,4225,0
2015-02-02,17:15:00,13.84,13.84,13.84,13.84,3520,0
2015-02-02,18:10:00,13.84,13.84,13.84,13.84,1094,0
2015-02-02,18:30:00,13.84,13.84,13.84,13.84,303,0
2015-02-02,18:35:00,13.85,13.85,13.84,13.84,5869,0
2015-02-02,18:45:00,13.85,13.85,13.84,13.85,5632,0
2015-02-02,18:55:00,13.85,13.85,13.85,13.85,202,0
2015-02-02,19:00:00,13.85,13.85,13.84,13.84,548,0
2015-02-02,19:05:00,13.85,13.85,13.85,13.85,707,0
2015-02-02,19:10:00,13.85,13.86,13.84,13.86,1544,0
2015-02-02,19:15:00,13.87,13.87,13.86,13.87,5530,0
2015-02-02,19:20:00,13.87,13.87,13.85,13.87,2918,0
2015-02-02,19:25:00,13.87,13.88,13.86,13.88,2616,0
2015-02-02,19:30:00,13.88,13.88,13.87,13.88,1158,0
2015-02-02,19:35:00,13.88,13.88,13.88,13.88,303,0
2015-02-02,19:40:00,13.88,13.88,13.88,13.88,404,0
2015-02-02,19:45:00,13.88,13.88,13.88,13.88,505,0
2015-02-02,19:50:00,13.88,13.88,13.86,13.86,1710,0
2015-02-02,19:55:00,13.88,13.88,13.88,13.88,202,0
2015-02-02,20:00:00,13.88,13.88,13.88,13.88,202,0
2015-02-02,20:10:00,13.88,13.88,13.88,13.88,201,0
2015-02-02,20:15:00,13.88,13.88,13.88,13.88,101,0
2015-02-02,20:20:00,13.88,13.88,13.88,13.88,202,0
2015-02-02,20:25:00,13.88,13.88,13.86,13.86,705,0
2015-02-02,20:30:00,13.86,13.86,13.86,13.86,303,0
2015-02-02,20:35:00,13.86,13.88,13.86,13.88,202,0
2015-02-02,20:40:00,13.88,13.88,13.88,13.88,303,0
2015-02-02,20:45:00,13.86,13.86,13.86,13.86,2010,0
2015-02-02,20:50:00,13.87,13.87,13.86,13.86,707,0
2015-02-02,20:55:00,13.88,13.88,13.88,13.88,1006,0
2015-02-02,21:00:00,13.88,13.88,13.86,13.86,606,0
2015-02-02,21:05:00,13.86,13.86,13.86,13.86,303,0
2015-02-02,21:10:00,13.87,13.87,13.87,13.87,101,0
2015-02-02,21:15:00,13.89,13.89,13.89,13.89,1207,0
2015-02-02,21:20:00,13.87,13.89,13.87,13.87,11569,0
2015-02-02,21:25:00,13.87,13.87,13.87,13.87,705,0
2015-02-02,21:40:00,13.87,13.88,13.87,13.88,804,0
2015-02-02,21:50:00,13.88,13.88,13.88,13.88,302,0
2015-02-02,22:00:00,13.88,13.89,13.88,13.89,905,0
2015-02-03,15:35:00,13.88,13.88,13.88,13.88,1006,0
2015-02-03,15:45:00,13.89,13.89,13.89,13.89,404,0
2015-02-03,15:50:00,13.89,13.89,13.89,13.89,752,0
2015-02-03,16:00:00,13.89,13.9,13.89,13.9,1835,0
2015-02-03,16:05:00,13.9,13.9,13.9,13.9,2476,0
2015-02-03,16:10:00,13.9,13.9,13.9,13.9,3620,0
2015-02-03,16:30:00,13.89,13.89,13.89,13.89,327,0
2015-02-03,16:40:00,13.9,13.9,13.9,13.9,2111,0
2015-02-03,16:45:00,13.9,13.9,13.89,13.89,3124,0
2015-02-03,16:50:00,13.9,13.9,13.9,13.9,101,0
2015-02-03,16:55:00,13.9,13.91,13.89,13.91,4475,0
2015-02-03,17:00:00,13.91,13.91,13.9,13.91,707,0
2015-02-03,17:05:00,13.91,13.91,13.9,13.91,1212,0
2015-02-03,17:10:00,13.91,13.91,13.9,13.9,808,0
2015-02-03,17:15:00,13.9,13.91,13.9,13.9,606,0
2015-02-03,17:20:00,13.9,13.91,13.89,13.89,3119,0
2015-02-03,17:25:00,13.91,13.91,13.91,13.91,303,0
2015-02-03,17:30:00,13.91,13.91,13.89,13.89,6744,0
2015-02-03,17:35:00,13.89,13.89,13.89,13.89,3436,0
2015-02-03,17:40:00,13.9,13.92,13.9,13.92,202,0
2015-02-03,17:45:00,13.91,13.92,13.91,13.92,2216,0
2015-02-03,17:50:00,13.92,13.92,13.91,13.92,505,0
2015-02-03,17:55:00,13.92,13.92,13.92,13.92,404,0
2015-02-03,18:00:00,13.92,13.92,13.92,13.92,303,0
2015-02-03,18:05:00,13.92,13.92,13.92,13.92,303,0
2015-02-03,18:10:00,13.93,13.93,13.92,13.93,2893,0
2015-02-03,18:15:00,13.93,13.93,13.92,13.93,3462,0
2015-02-03,18:20:00,13.93,13.93,13.93,13.93,504,0
2015-02-03,18:25:00,13.93,13.94,13.93,13.94,530,0
2015-02-03,18:30:00,13.94,13.94,13.94,13.94,202,0
2015-02-03,18:35:00,13.93,13.93,13.93,13.93,2615,0
2015-02-03,18:40:00,13.94,13.94,13.94,13.94,101,0
2015-02-03,18:45:00,13.94,13.94,13.93,13.94,1311,0
2015-02-03,18:50:00,13.94,13.94,13.94,13.94,303,0
2015-02-03,18:55:00,13.94,13.94,13.94,13.94,303,0
2015-02-03,19:00:00,13.94,13.94,13.94,13.94,202,0
2015-02-03,19:05:00,13.93,13.93,13.93,13.93,503,0
2015-02-03,19:15:00,13.94,13.94,13.94,13.94,807,0
2015-02-03,19:20:00,13.95,13.95,13.93,13.94,615,0
2015-02-03,19:25:00,13.94,13.94,13.94,13.94,303,0
2015-02-03,19:30:00,13.94,13.96,13.93,13.96,6577,0
2015-02-03,19:35:00,13.95,13.95,13.95,13.95,404,0
2015-02-03,19:40:00,13.93,13.93,13.92,13.92,303,0
2015-02-03,19:45:00,13.93,13.93,13.9,13.9,5044,0
2015-02-03,19:50:00,13.91,13.91,13.9,13.9,3619,0
2015-02-03,20:00:00,13.9,13.9,13.9,13.9,202,0
2015-02-03,20:10:00,13.89,13.89,13.89,13.89,1096,0
2015-02-03,20:40:00,13.9,13.9,13.9,13.9,1005,0
2015-02-03,20:45:00,13.89,13.89,13.89,13.89,3508,0
2015-02-03,20:50:00,13.91,13.91,13.9,13.9,4174,0
2015-02-03,20:55:00,13.88,13.89,13.88,13.89,5939,0
2015-02-03,21:15:00,13.89,13.89,13.89,13.89,315,0
2015-02-03,21:20:00,13.88,13.88,13.88,13.88,1005,0
2015-02-03,21:30:00,13.88,13.89,13.86,13.86,7246,0
2015-02-03,21:40:00,13.9,13.9,13.88,13.89,4837,0
2015-02-03,21:55:00,13.89,13.9,13.88,13.9,8755,0
2015-02-03,22:00:00,13.89,13.89,13.88,13.88,1156,0
2015-02-04,15:35:00,13.83,13.85,13.83,13.85,604,0
2015-02-04,15:40:00,13.85,13.85,13.84,13.85,1538,0
2015-02-04,15:45:00,13.85,13.85,13.82,13.82,2923,0
2015-02-04,15:50:00,13.84,13.84,13.82,13.82,1512,0
2015-02-04,16:00:00,13.81,13.81,13.81,13.81,505,0
2015-02-04,16:10:00,13.81,13.82,13.81,13.81,1410,0
2015-02-04,16:15:00,13.82,13.82,13.79,13.8,12779,0
2015-02-04,16:20:00,13.79,13.81,13.79,13.79,4831,0
2015-02-04,16:25:00,13.79,13.79,13.751,13.751,4252,0
2015-02-04,16:30:00,13.761,13.771,13.761,13.771,661,0
2015-02-04,16:35:00,13.771,13.771,13.771,13.771,1017,0
2015-02-04,16:40:00,13.781,13.79,13.781,13.79,3721,0
2015-02-04,16:45:00,13.8,13.81,13.8,13.81,604,0
2015-02-04,16:50:00,13.81,13.82,13.781,13.781,6040,0
2015-02-04,16:55:00,13.81,13.82,13.81,13.82,2155,0
2015-02-04,17:10:00,13.82,13.82,13.82,13.82,101,0
2015-02-04,17:15:00,13.82,13.82,13.82,13.82,101,0
2015-02-04,17:20:00,13.82,13.82,13.82,13.82,101,0
2015-02-04,17:30:00,13.82,13.82,13.82,13.82,101,0
2015-02-04,17:35:00,13.82,13.82,13.81,13.81,1106,0
2015-02-04,17:40:00,13.82,13.82,13.82,13.82,397,0
2015-02-04,17:45:00,13.81,13.82,13.8,13.81,1913,0
2015-02-04,17:55:00,13.82,13.82,13.82,13.82,1076,0
2015-02-04,18:05:00,13.81,13.81,13.81,13.81,226,0
2015-02-04,18:10:00,13.82,13.82,13.82,13.82,101,0
2015-02-04,18:15:00,13.82,13.83,13.82,13.83,5127,0
2015-02-04,18:20:00,13.83,13.84,13.83,13.84,6032,0
2015-02-04,18:25:00,13.83,13.83,13.83,13.83,2114,0
2015-02-04,18:30:00,13.83,13.83,13.83,13.83,8990,0
2015-02-04,18:35:00,13.83,13.83,13.83,13.83,101,0
2015-02-04,18:40:00,13.83,13.84,13.79,13.79,9526,0
2015-02-04,18:45:00,13.8,13.82,13.8,13.82,3955,0
2015-02-04,19:00:00,13.82,13.82,13.82,13.82,101,0
2015-02-04,19:05:00,13.82,13.82,13.82,13.82,101,0
2015-02-04,19:10:00,13.81,13.81,13.81,13.81,604,0
2015-02-04,19:15:00,13.81,13.81,13.81,13.81,202,0
2015-02-04,19:25:00,13.81,13.82,13.81,13.82,604,0
2015-02-04,19:35:00,13.83,13.83,13.83,13.83,101,0
2015-02-04,19:40:00,13.83,13.83,13.83,13.83,303,0
2015-02-04,19:45:00,13.81,13.82,13.79,13.82,2885,0
2015-02-04,20:10:00,13.82,13.82,13.82,13.82,101,0
2015-02-04,20:15:00,13.82,13.82,13.82,13.82,3015,0
2015-02-04,20:20:00,13.82,13.82,13.82,13.82,202,0
2015-02-04,20:30:00,13.82,13.82,13.81,13.81,202,0
2015-02-04,20:35:00,13.81,13.81,13.81,13.81,704,0
2015-02-04,20:40:00,13.82,13.82,13.82,13.82,426,0
2015-02-04,20:45:00,13.81,13.81,13.81,13.81,241,0
2015-02-04,20:50:00,13.82,13.82,13.82,13.82,101,0
2015-02-04,20:55:00,13.81,13.82,13.81,13.81,4499,0
2015-02-04,21:00:00,13.83,13.83,13.82,13.82,202,0
2015-02-04,21:10:00,13.81,13.81,13.81,13.81,854,0
2015-02-04,21:15:00,13.82,13.82,13.81,13.81,529,0
2015-02-04,21:20:00,13.82,13.82,13.82,13.82,303,0
2015-02-04,21:25:00,13.82,13.83,13.81,13.81,404,0
2015-02-04,21:30:00,13.82,13.82,13.82,13.82,101,0
2015-02-04,21:35:00,13.82,13.82,13.82,13.82,101,0
2015-02-04,21:40:00,13.82,13.83,13.82,13.83,202,0
2015-02-04,21:45:00,13.81,13.83,13.81,13.82,529,0
2015-02-04,21:50:00,13.82,13.84,13.82,13.84,2609,0
2015-02-04,21:55:00,13.84,13.84,13.84,13.84,202,0
2015-02-04,22:00:00,13.84,13.84,13.84,13.84,707,0
2015-02-05,15:35:00,13.84,13.84,13.84,13.84,503,0
2015-02-05,15:40:00,13.82,13.82,13.82,13.82,5930,0
2015-02-05,15:45:00,13.82,13.82,13.82,13.82,101,0
2015-02-05,15:50:00,13.82,13.82,13.82,13.82,904,0
2015-02-05,15:55:00,13.81,13.81,13.81,13.81,1809,0
2015-02-05,16:00:00,13.82,13.82,13.82,13.82,600,0
2015-02-05,16:05:00,13.81,13.81,13.81,13.81,1446,0
2015-02-05,16:15:00,13.82,13.82,13.82,13.82,1609,0
2015-02-05,16:20:00,13.82,13.85,13.82,13.85,3721,0
2015-02-05,16:25:00,13.85,13.85,13.85,13.85,523,0
2015-02-05,16:30:00,13.86,13.86,13.86,13.86,101,0
2015-02-05,16:35:00,13.85,13.85,13.85,13.85,605,0
2015-02-05,16:45:00,13.85,13.85,13.85,13.85,101,0
2015-02-05,16:50:00,13.85,13.88,13.85,13.88,3135,0
2015-02-05,16:55:00,13.88,13.88,13.88,13.88,101,0
2015-02-05,17:00:00,13.87,13.87,13.87,13.87,138,0
2015-02-05,17:05:00,13.87,13.88,13.87,13.88,505,0
2015-02-05,17:15:00,13.87,13.87,13.86,13.86,1008,0
2015-02-05,17:25:00,13.86,13.86,13.86,13.86,101,0
2015-02-05,17:30:00,13.86,13.86,13.86,13.86,202,0
2015-02-05,17:50:00,13.87,13.87,13.87,13.87,866,0
2015-02-05,18:00:00,13.87,13.87,13.87,13.87,101,0
2015-02-05,18:05:00,13.86,13.87,13.86,13.87,4425,0
2015-02-05,18:15:00,13.86,13.86,13.86,13.86,201,0
2015-02-05,18:20:00,13.88,13.88,13.88,13.88,101,0
2015-02-05,18:25:00,13.86,13.86,13.86,13.86,101,0
2015-02-05,18:35:00,13.86,13.86,13.86,13.86,2070,0
2015-02-05,18:40:00,13.88,13.88,13.87,13.87,202,0
2015-02-05,18:45:00,13.88,13.88,13.88,13.88,101,0
2015-02-05,18:50:00,13.86,13.86,13.86,13.86,1005,0
2015-02-05,19:00:00,13.88,13.88,13.88,13.88,101,0
2015-02-05,19:05:00,13.88,13.88,13.86,13.86,202,0
2015-02-05,19:10:00,13.86,13.87,13.86,13.87,3474,0
2015-02-05,19:15:00,13.86,13.86,13.86,13.86,1395,0
2015-02-05,19:20:00,13.84,13.85,13.84,13.85,505,0
2015-02-05,19:25:00,13.84,13.84,13.84,13.84,402,0
2015-02-05,19:30:00,13.86,13.86,13.84,13.84,961,0
2015-02-05,19:40:00,13.85,13.86,13.85,13.86,313,0
2015-02-05,19:45:00,13.86,13.86,13.86,13.86,101,0
2015-02-05,19:50:00,13.86,13.86,13.86,13.86,101,0
2015-02-05,20:00:00,13.84,13.86,13.84,13.86,957,0
2015-02-05,20:10:00,13.86,13.86,13.85,13.85,4897,0
2015-02-05,20:15:00,13.86,13.86,13.86,13.86,101,0
2015-02-05,20:20:00,13.85,13.85,13.85,13.85,3719,0
2015-02-05,20:30:00,13.86,13.86,13.86,13.86,101,0
2015-02-05,20:40:00,13.86,13.86,13.86,13.86,101,0
2015-02-05,20:50:00,13.85,13.85,13.85,13.85,505,0
2015-02-05,20:55:00,13.84,13.84,13.84,13.84,1836,0
2015-02-05,21:00:00,13.85,13.85,13.85,13.85,202,0
2015-02-05,21:10:00,13.85,13.85,13.85,13.85,101,0
2015-02-05,21:15:00,13.84,13.85,13.84,13.85,404,0
2015-02-05,21:20:00,13.85,13.85,13.85,13.85,101,0
2015-02-05,21:25:00,13.85,13.86,13.85,13.86,1674,0
2015-02-05,21:30:00,13.86,13.86,13.85,13.85,202,0
2015-02-05,21:35:00,13.84,13.84,13.84,13.84,905,0
2015-02-05,21:40:00,13.84,13.85,13.84,13.84,4845,0
2015-02-05,21:45:00,13.85,13.85,13.85,13.85,101,0
2015-02-05,21:50:00,13.85,13.85,13.85,13.85,368,0
2015-02-05,22:00:00,13.85,13.86,13.84,13.84,679,0
2015-02-06,15:35:00,13.781,13.79,13.731,13.79,5238,0
2015-02-06,15:40:00,13.79,13.8,13.79,13.8,1296,0
2015-02-06,15:50:00,13.771,13.771,13.771,13.771,2010,0
2015-02-06,16:05:00,13.8,13.8,13.8,13.8,303,0
2015-02-06,16:10:00,13.79,13.79,13.79,13.79,726,0
2015-02-06,16:15:00,13.771,13.771,13.771,13.771,1509,0
2015-02-06,16:20:00,13.781,13.781,13.761,13.761,1503,0
2015-02-06,16:35:00,13.751,13.751,13.751,13.751,101,0
2015-02-06,16:50:00,13.761,13.761,13.751,13.751,403,0
2015-02-06,16:55:00,13.751,13.751,13.751,13.751,302,0
2015-02-06,17:00:00,13.751,13.751,13.751,13.751,1208,0
2015-02-06,17:05:00,13.761,13.761,13.751,13.761,3292,0
2015-02-06,17:10:00,13.751,13.751,13.751,13.751,303,0
2015-02-06,17:35:00,13.751,13.751,13.751,13.751,118,0
2015-02-06,17:45:00,13.751,13.751,13.741,13.741,6722,0
2015-02-06,18:05:00,13.771,13.771,13.771,13.771,404,0
2015-02-06,18:10:00,13.751,13.751,13.751,13.751,432,0
2015-02-06,18:15:00,13.741,13.741,13.741,13.741,2010,0
2015-02-06,18:20:00,13.751,13.751,13.751,13.751,713,0
2015-02-06,18:25:00,13.741,13.741,13.731,13.731,3066,0
2015-02-06,18:30:00,13.731,13.731,13.711,13.711,706,0
2015-02-06,18:35:00,13.711,13.711,13.711,13.711,704,0
2015-02-06,18:40:00,13.701,13.701,13.701,13.701,303,0
2015-02-06,19:00:00,13.701,13.701,13.681,13.681,5091,0
2015-02-06,19:20:00,13.721,13.721,13.721,13.721,101,0
2015-02-06,19:25:00,13.701,13.721,13.701,13.721,705,0
2015-02-06,19:45:00,13.701,13.701,13.701,13.701,101,0
2015-02-06,19:50:00,13.701,13.701,13.691,13.691,352,0
2015-02-06,19:55:00,13.711,13.711,13.711,13.711,1056,0
2015-02-06,20:05:00,13.701,13.711,13.701,13.701,7360,0
2015-02-06,20:15:00,13.721,13.721,13.711,13.711,3518,0
2015-02-06,20:25:00,13.721,13.721,13.721,13.721,202,0
2015-02-06,20:45:00,13.721,13.721,13.721,13.721,2916,0
2015-02-06,20:55:00,13.701,13.701,13.701,13.701,1257,0
2015-02-06,21:00:00,13.701,13.701,13.701,13.701,805,0
2015-02-06,21:05:00,13.701,13.701,13.681,13.691,1610,0
2015-02-06,21:20:00,13.701,13.701,13.701,13.701,804,0
2015-02-06,21:25:00,13.681,13.681,13.671,13.671,9248,0
2015-02-06,21:35:00,13.661,13.681,13.661,13.681,2773,0
2015-02-06,21:45:00,13.671,13.681,13.671,13.681,3722,0
2015-02-06,22:00:00,13.661,13.661,13.641,13.641,4688,0
2015-02-09,15:40:00,13.701,13.701,13.641,13.701,856,0
2015-02-09,15:45:00,13.701,13.701,13.701,13.701,3820,0
2015-02-09,15:50:00,13.651,13.681,13.651,13.681,906,0
2015-02-09,16:25:00,13.641,13.671,13.641,13.661,12670,0
2015-02-09,16:50:00,13.651,13.651,13.641,13.641,505,0
2015-02-09,16:55:00,13.641,13.641,13.641,13.641,892,0
2015-02-09,17:20:00,13.661,13.661,13.661,13.661,267,0
2015-02-09,17:35:00,13.671,13.671,13.671,13.671,724,0
2015-02-09,17:40:00,13.651,13.661,13.651,13.661,303,0
2015-02-09,18:15:00,13.651,13.651,13.651,13.651,101,0
2015-02-09,18:25:00,13.641,13.641,13.611,13.611,12039,0
2015-02-09,18:30:00,13.631,13.631,13.611,13.611,1600,0
2015-02-09,18:35:00,13.631,13.631,13.621,13.621,604,0
2015-02-09,18:45:00,13.631,13.631,13.631,13.631,202,0
2015-02-09,19:15:00,13.631,13.631,13.631,13.631,101,0
2015-02-09,19:45:00,13.641,13.641,13.631,13.631,574,0
2015-02-09,19:50:00,13.631,13.631,13.631,13.631,202,0
2015-02-09,20:05:00,13.621,13.631,13.621,13.631,3249,0
2015-02-09,20:10:00,13.641,13.641,13.641,13.641,101,0
2015-02-09,20:25:00,13.631,13.641,13.631,13.641,2111,0
2015-02-09,20:30:00,13.641,13.641,13.641,13.641,101,0
2015-02-09,20:40:00,13.641,13.641,13.641,13.641,294,0
2015-02-09,20:45:00,13.631,13.631,13.631,13.631,101,0
2015-02-09,20:50:00,13.631,13.631,13.631,13.631,805,0
2015-02-09,21:05:00,13.631,13.641,13.631,13.641,1350,0
2015-02-09,21:20:00,13.621,13.621,13.621,13.621,505,0
2015-02-09,21:40:00,13.631,13.631,13.621,13.621,3536,0
2015-02-09,22:00:00,13.611,13.651,13.611,13.651,1626,0
2015-02-10,15:35:00,13.542,13.572,13.542,13.542,3321,0
2015-02-10,15:40:00,13.542,13.542,13.542,13.542,905,0
2015-02-10,15:45:00,13.562,13.562,13.542,13.562,1727,0
2015-02-10,15:50:00,13.562,13.582,13.562,13.562,6733,0
2015-02-10,16:15:00,13.572,13.572,13.562,13.562,7712,0
2015-02-10,16:20:00,13.562,13.562,13.562,13.562,202,0
2015-02-10,16:35:00,13.552,13.552,13.542,13.542,704,0
2015-02-10,16:40:00,13.562,13.562,13.562,13.562,800,0
2015-02-10,16:55:00,13.562,13.562,13.562,13.562,201,0
2015-02-10,17:00:00,13.562,13.562,13.562,13.562,804,0
2015-02-10,17:10:00,13.532,13.542,13.532,13.542,4425,0
2015-02-10,17:30:00,13.532,13.532,13.532,13.532,1005,0
2015-02-10,17:40:00,13.532,13.542,13.532,13.532,2492,0
2015-02-10,17:45:00,13.532,13.532,13.532,13.532,642,0
2015-02-10,17:50:00,13.532,13.532,13.532,13.532,101,0
2015-02-10,17:55:00,13.532,13.532,13.532,13.532,2112,0
2015-02-10,18:10:00,13.532,13.532,13.522,13.522,1837,0
2015-02-10,18:15:00,13.532,13.532,13.532,13.532,704,0
2015-02-10,18:20:00,13.542,13.542,13.542,13.542,402,0
2015-02-10,18:25:00,13.532,13.532,13.522,13.532,1610,0
2015-02-10,18:40:00,13.522,13.522,13.522,13.522,605,0
2015-02-10,18:45:00,13.532,13.532,13.522,13.522,1357,0
2015-02-10,18:50:00,13.522,13.522,13.512,13.512,3171,0
2015-02-10,19:25:00,13.522,13.522,13.522,13.522,202,0
2015-02-10,19:40:00,13.522,13.522,13.522,13.522,101,0
2015-02-10,19:55:00,13.522,13.522,13.522,13.522,101,0
2015-02-10,20:15:00,13.512,13.512,13.502,13.502,1444,0
2015-02-10,20:45:00,13.502,13.502,13.502,13.502,3850,0
2015-02-10,20:50:00,13.502,13.512,13.502,13.502,4041,0
2015-02-10,20:55:00,13.502,13.502,13.502,13.502,1718,0
2015-02-10,21:05:00,13.502,13.502,13.502,13.502,1308,0
2015-02-10,21:10:00,13.502,13.502,13.502,13.502,3019,0
2015-02-10,21:15:00,13.502,13.502,13.502,13.502,2274,0
2015-02-10,21:20:00,13.502,13.522,13.502,13.522,5980,0
2015-02-10,21:30:00,13.512,13.522,13.512,13.522,1208,0
2015-02-10,21:35:00,13.512,13.522,13.502,13.502,3622,0
2015-02-10,21:45:00,13.522,13.522,13.522,13.522,303,0
2015-02-10,21:50:00,13.522,13.522,13.522,13.522,2815,0
2015-02-10,22:00:00,13.522,13.522,13.492,13.492,1561,0
2015-02-11,15:50:00,13.53,13.53,13.53,13.53,800,0
2015-02-11,16:15:00,13.53,13.54,13.53,13.54,5800,0
2015-02-11,16:20:00,13.54,13.54,13.54,13.54,300,0
2015-02-11,16:45:00,13.52,13.52,13.52,13.52,200,0
2015-02-11,16:50:00,13.5,13.51,13.49,13.5,3370,0
2015-02-11,17:10:00,13.5,13.51,13.5,13.51,912,0
2015-02-11,17:20:00,13.51,13.51,13.51,13.51,100,0
2015-02-11,17:25:00,13.49,13.49,13.49,13.49,5500,0
2015-02-11,17:30:00,13.5,13.5,13.49,13.49,7560,0
2015-02-11,17:35:00,13.49,13.49,13.48,13.48,3900,0
2015-02-11,17:45:00,13.48,13.48,13.48,13.48,900,0
2015-02-11,17:50:00,13.48,13.48,13.48,13.48,200,0
2015-02-11,18:00:00,13.47,13.47,13.47,13.47,100,0
2015-02-11,18:05:00,13.48,13.48,13.47,13.47,500,0
2015-02-11,18:10:00,13.47,13.47,13.47,13.47,800,0
2015-02-11,18:25:00,13.48,13.48,13.48,13.48,735,0
2015-02-11,18:35:00,13.46,13.46,13.46,13.46,2000,0
2015-02-11,19:00:00,13.47,13.47,13.47,13.47,100,0
2015-02-11,19:15:00,13.46,13.46,13.46,13.46,300,0
2015-02-11,19:20:00,13.46,13.46,13.45,13.45,200,0
2015-02-11,19:25:00,13.45,13.45,13.45,13.45,2800,0
2015-02-11,19:55:00,13.45,13.47,13.45,13.47,1100,0
2015-02-11,20:00:00,13.47,13.47,13.47,13.47,2600,0
2015-02-11,20:05:00,13.47,13.48,13.47,13.48,1400,0
2015-02-11,20:20:00,13.47,13.48,13.47,13.48,500,0
2015-02-11,20:25:00,13.47,13.47,13.46,13.47,651,0
2015-02-11,20:40:00,13.47,13.47,13.47,13.47,800,0
2015-02-11,20:45:00,13.47,13.47,13.47,13.47,100,0
2015-02-11,20:50:00,13.48,13.48,13.48,13.48,100,0
2015-02-11,20:55:00,13.48,13.48,13.47,13.47,400,0
2015-02-11,21:00:00,13.48,13.48,13.48,13.48,200,0
2015-02-11,21:05:00,13.48,13.48,13.47,13.48,600,0
2015-02-11,21:10:00,13.47,13.47,13.46,13.46,1408,0
2015-02-11,21:15:00,13.47,13.47,13.45,13.45,2200,0
2015-02-11,21:20:00,13.45,13.45,13.45,13.45,700,0
2015-02-11,21:25:00,13.45,13.45,13.45,13.45,8148,0
2015-02-11,21:30:00,13.45,13.45,13.45,13.45,1100,0
2015-02-11,21:35:00,13.45,13.46,13.45,13.46,300,0
2015-02-11,21:40:00,13.45,13.45,13.45,13.45,700,0
2015-02-11,21:45:00,13.45,13.45,13.45,13.45,1400,0
2015-02-11,21:50:00,13.45,13.45,13.45,13.45,1000,0
2015-02-11,21:55:00,13.45,13.45,13.45,13.45,5836,0
2015-02-11,22:00:00,13.45,13.45,13.45,13.45,2380,0
2015-02-12,15:35:00,13.46,13.46,13.46,13.46,300,0
2015-02-12,15:40:00,13.46,13.46,13.46,13.46,700,0
2015-02-12,15:45:00,13.46,13.48,13.46,13.48,1600,0
2015-02-12,15:50:00,13.48,13.49,13.48,13.49,855,0
2015-02-12,15:55:00,13.49,13.49,13.48,13.48,300,0
2015-02-12,16:00:00,13.48,13.48,13.48,13.48,464,0
2015-02-12,16:05:00,13.48,13.48,13.48,13.48,200,0
2015-02-12,16:10:00,13.48,13.48,13.48,13.48,200,0
2015-02-12,16:15:00,13.48,13.48,13.48,13.48,3700,0
2015-02-12,16:30:00,13.47,13.47,13.47,13.47,1476,0
2015-02-12,16:40:00,13.48,13.48,13.48,13.48,1100,0
2015-02-12,16:50:00,13.48,13.48,13.48,13.48,1850,0
2015-02-12,16:55:00,13.45,13.45,13.45,13.45,600,0
2015-02-12,17:05:00,13.46,13.46,13.46,13.46,1187,0
2015-02-12,18:00:00,13.46,13.46,13.45,13.45,1650,0
2015-02-12,18:05:00,13.45,13.45,13.45,13.45,500,0
2015-02-12,18:15:00,13.46,13.46,13.46,13.46,800,0
2015-02-12,18:20:00,13.45,13.45,13.45,13.45,4100,0
2015-02-12,18:30:00,13.46,13.46,13.46,13.46,200,0
2015-02-12,18:50:00,13.47,13.47,13.46,13.47,4982,0
2015-02-12,19:05:00,13.47,13.48,13.46,13.47,4825,0
2015-02-12,19:10:00,13.46,13.48,13.46,13.47,1600,0
2015-02-12,19:15:00,13.48,13.48,13.48,13.48,100,0
2015-02-12,19:20:00,13.47,13.47,13.47,13.47,100,0
2015-02-12,19:25:00,13.48,13.48,13.47,13.47,800,0
2015-02-12,19:30:00,13.48,13.48,13.47,13.47,200,0
2015-02-12,19:35:00,13.47,13.48,13.47,13.48,1100,0
2015-02-12,19:40:00,13.47,13.47,13.47,13.47,100,0
2015-02-12,19:45:00,13.47,13.48,13.47,13.48,600,0
2015-02-12,19:50:00,13.47,13.47,13.47,13.47,500,0
2015-02-12,19:55:00,13.47,13.48,13.47,13.48,1146,0
2015-02-12,20:00:00,13.47,13.47,13.47,13.47,100,0
2015-02-12,20:15:00,13.47,13.48,13.47,13.48,650,0
2015-02-12,20:25:00,13.47,13.47,13.47,13.47,228,0
2015-02-12,20:30:00,13.48,13.48,13.48,13.48,100,0
2015-02-12,20:55:00,13.48,13.48,13.48,13.48,4527,0
2015-02-12,21:00:00,13.48,13.48,13.47,13.47,3000,0
2015-02-12,21:05:00,13.47,13.47,13.47,13.47,1132,0
2015-02-12,21:10:00,13.48,13.48,13.48,13.48,2078,0
2015-02-12,21:25:00,13.48,13.48,13.46,13.46,1884,0
2015-02-12,21:35:00,13.46,13.46,13.46,13.46,100,0
2015-02-12,21:40:00,13.46,13.46,13.46,13.46,300,0
2015-02-12,21:45:00,13.46,13.46,13.46,13.46,2300,0
2015-02-12,21:50:00,13.46,13.46,13.46,13.46,300,0
2015-02-12,22:00:00,13.47,13.47,13.47,13.47,389,0
2015-02-13,15:40:00,13.49,13.49,13.49,13.49,800,0
2015-02-13,15:55:00,13.49,13.49,13.49,13.49,200,0
2015-02-13,16:10:00,13.49,13.49,13.46,13.47,943,0
2015-02-13,16:15:00,13.49,13.49,13.48,13.48,300,0
2015-02-13,16:20:00,13.48,13.48,13.48,13.48,200,0
2015-02-13,16:35:00,13.49,13.5,13.49,13.49,8275,0
2015-02-13,16:45:00,13.49,13.49,13.49,13.49,200,0
2015-02-13,16:50:00,13.49,13.49,13.49,13.49,100,0
2015-02-13,17:00:00,13.48,13.48,13.48,13.48,400,0
2015-02-13,17:05:00,13.47,13.47,13.47,13.47,200,0
2015-02-13,17:10:00,13.46,13.48,13.46,13.48,9650,0
2015-02-13,17:15:00,13.48,13.5,13.48,13.5,4550,0
2015-02-13,17:35:00,13.49,13.49,13.49,13.49,100,0
2015-02-13,17:40:00,13.48,13.48,13.48,13.48,600,0
2015-02-13,17:50:00,13.47,13.47,13.47,13.47,400,0
2015-02-13,17:55:00,13.46,13.46,13.45,13.45,5400,0
2015-02-13,18:00:00,13.45,13.46,13.45,13.46,1895,0
2015-02-13,18:05:00,13.46,13.46,13.46,13.46,100,0
2015-02-13,18:10:00,13.46,13.46,13.46,13.46,200,0
2015-02-13,18:15:00,13.46,13.46,13.45,13.45,5200,0
2015-02-13,18:20:00,13.45,13.45,13.45,13.45,200,0
2015-02-13,18:25:00,13.45,13.5,13.45,13.48,20200,0
2015-02-13,18:35:00,13.46,13.46,13.46,13.46,200,0
2015-02-13,18:40:00,13.48,13.48,13.46,13.46,200,0
2015-02-13,18:45:00,13.48,13.48,13.48,13.48,1020,0
2015-02-13,19:00:00,13.46,13.48,13.46,13.48,200,0
2015-02-13,19:05:00,13.46,13.46,13.46,13.46,100,0
2015-02-13,19:10:00,13.46,13.46,13.46,13.46,5700,0
2015-02-13,19:15:00,13.48,13.48,13.47,13.47,300,0
2015-02-13,19:25:00,13.46,13.46,13.44,13.45,7085,0
2015-02-13,19:30:00,13.45,13.45,13.45,13.45,800,0
2015-02-13,19:35:00,13.45,13.45,13.45,13.45,800,0
2015-02-13,19:45:00,13.45,13.45,13.44,13.44,14466,0
2015-02-13,20:00:00,13.46,13.46,13.45,13.46,2485,0
2015-02-13,20:05:00,13.44,13.44,13.41,13.43,8020,0
2015-02-13,20:10:00,13.41,13.41,13.41,13.41,1600,0
2015-02-13,20:15:00,13.4,13.4,13.4,13.4,4900,0
2015-02-13,20:20:00,13.4,13.42,13.4,13.42,2500,0
2015-02-13,20:25:00,13.4,13.4,13.39,13.39,5900,0
2015-02-13,20:30:00,13.4,13.4,13.4,13.4,100,0
2015-02-13,20:35:00,13.4,13.4,13.4,13.4,1470,0
2015-02-13,20:45:00,13.4,13.41,13.4,13.41,1800,0
2015-02-13,20:50:00,13.39,13.39,13.38,13.38,2650,0
2015-02-13,21:00:00,13.4,13.4,13.4,13.4,2416,0
2015-02-13,21:05:00,13.38,13.4,13.37,13.38,5834,0
2015-02-13,21:10:00,13.38,13.38,13.38,13.38,503,0
2015-02-13,21:15:00,13.39,13.39,13.38,13.38,2113,0
2015-02-13,21:20:00,13.4,13.4,13.4,13.4,100,0
2015-02-13,21:25:00,13.38,13.39,13.38,13.39,1737,0
2015-02-13,21:30:00,13.39,13.39,13.38,13.38,1026,0
2015-02-13,21:35:00,13.38,13.38,13.38,13.38,1900,0
2015-02-13,21:40:00,13.38,13.38,13.38,13.38,1300,0
2015-02-13,21:45:00,13.38,13.38,13.37,13.38,911,0
2015-02-13,21:50:00,13.37,13.37,13.37,13.37,1100,0
2015-02-13,21:55:00,13.37,13.38,13.36,13.36,2708,0
2015-02-13,22:00:00,13.36,13.38,13.35,13.38,3439,0
2015-02-17,15:35:00,13.35,13.38,13.35,13.36,7929,0
2015-02-17,15:40:00,13.38,13.38,13.38,13.38,226,0
2015-02-17,16:00:00,13.39,13.39,13.39,13.39,556,0
2015-02-17,16:10:00,13.38,13.38,13.36,13.36,1300,0
2015-02-17,16:15:00,13.37,13.37,13.37,13.37,100,0
2015-02-17,16:20:00,13.37,13.37,13.37,13.37,200,0
2015-02-17,16:25:00,13.37,13.37,13.37,13.37,1300,0
2015-02-17,16:30:00,13.37,13.37,13.33,13.33,5500,0
2015-02-17,16:35:00,13.32,13.33,13.32,13.32,7295,0
2015-02-17,16:40:00,13.32,13.32,13.32,13.32,100,0
2015-02-17,16:45:00,13.31,13.31,13.31,13.31,100,0
2015-02-17,16:50:00,13.31,13.31,13.31,13.31,200,0
2015-02-17,16:55:00,13.3,13.3,13.3,13.3,600,0
2015-02-17,17:00:00,13.3,13.3,13.3,13.3,3500,0
2015-02-17,17:05:00,13.29,13.29,13.29,13.29,340,0
2015-02-17,17:10:00,13.29,13.29,13.28,13.28,3066,0
2015-02-17,17:25:00,13.29,13.29,13.29,13.29,1000,0
2015-02-17,17:30:00,13.29,13.29,13.28,13.28,200,0
2015-02-17,17:35:00,13.28,13.28,13.27,13.27,4660,0
2015-02-17,17:40:00,13.27,13.27,13.24,13.25,1000,0
2015-02-17,17:45:00,13.25,13.25,13.25,13.25,100,0
2015-02-17,17:50:00,13.24,13.24,13.22,13.23,2800,0
2015-02-17,17:55:00,13.22,13.23,13.22,13.22,300,0
2015-02-17,18:00:00,13.23,13.23,13.22,13.23,3700,0
2015-02-17,18:05:00,13.23,13.23,13.21,13.22,1500,0
2015-02-17,18:10:00,13.21,13.22,13.21,13.22,300,0
2015-02-17,18:15:00,13.21,13.21,13.19,13.19,11600,0
2015-02-17,18:20:00,13.19,13.19,13.19,13.19,200,0
2015-02-17,18:25:00,13.19,13.2,13.19,13.19,3680,0
2015-02-17,18:30:00,13.19,13.19,13.19,13.19,600,0
2015-02-17,18:35:00,13.19,13.19,13.19,13.19,3200,0
2015-02-17,18:40:00,13.19,13.19,13.18,13.18,300,0
2015-02-17,18:45:00,13.18,13.18,13.17,13.17,560,0
2015-02-17,18:50:00,13.17,13.17,13.16,13.16,200,0
2015-02-17,18:55:00,13.17,13.17,13.16,13.16,1206,0
2015-02-17,19:00:00,13.16,13.17,13.12,13.14,14736,0
2015-02-17,19:05:00,13.14,13.14,13.14,13.14,400,0
2015-02-17,19:10:00,13.14,13.14,13.12,13.13,4937,0
2015-02-17,19:15:00,13.12,13.12,13.12,13.12,100,0
2015-02-17,19:20:00,13.12,13.12,13.12,13.12,1569,0
2015-02-17,19:25:00,13.11,13.11,13.11,13.11,100,0
2015-02-17,19:30:00,13.11,13.11,13.11,13.11,100,0
2015-02-17,19:35:00,13.1,13.1,13.1,13.1,100,0
2015-02-17,19:40:00,13.1,13.11,13.04,13.07,15327,0
2015-02-17,19:45:00,13.06,13.08,13.05,13.08,9000,0
2015-02-17,19:50:00,13.06,13.08,13.06,13.08,1750,0
2015-02-17,19:55:00,13.04,13.07,13.04,13.07,800,0
2015-02-17,20:00:00,13.07,13.08,13.06,13.06,900,0
2015-02-17,20:05:00,13.06,13.06,13.06,13.06,200,0
2015-02-17,20:10:00,13.06,13.06,13.05,13.05,300,0
2015-02-17,20:15:00,13.05,13.06,13.05,13.05,2492,0
2015-02-17,20:20:00,13.05,13.05,13.05,13.05,400,0
2015-02-17,20:25:00,13.07,13.08,13.06,13.06,5816,0
2015-02-17,20:30:00,13.07,13.07,13.07,13.07,609,0
2015-02-17,20:35:00,13.07,13.08,13.06,13.08,8639,0
2015-02-17,20:40:00,13.07,13.08,13.07,13.08,1705,0
2015-02-17,20:45:00,13.06,13.06,13.06,13.06,200,0
2015-02-17,20:50:00,13.06,13.08,13.06,13.06,5096,0
2015-02-17,20:55:00,13.07,13.07,13.06,13.06,1540,0
2015-02-17,21:00:00,13.06,13.07,13.06,13.07,1600,0
2015-02-17,21:05:00,13.07,13.07,13.07,13.07,200,0
2015-02-17,21:10:00,13.08,13.09,13.06,13.07,13900,0
2015-02-17,21:15:00,13.07,13.07,13.07,13.07,960,0
2015-02-17,21:20:00,13.08,13.09,13.07,13.09,1870,0
2015-02-17,21:25:00,13.1,13.1,13.09,13.09,628,0
2015-02-17,21:30:00,13.08,13.08,13.08,13.08,5200,0
2015-02-17,21:35:00,13.08,13.09,13.07,13.07,16815,0
2015-02-17,21:40:00,13.06,13.06,13.03,13.05,10064,0
2015-02-17,21:45:00,13.05,13.05,13.02,13.02,600,0
2015-02-17,21:50:00,13.02,13.03,13.02,13.03,10000,0
2015-02-17,21:55:00,13.04,13.04,13.02,13.02,7100,0
2015-02-17,22:00:00,13.02,13.04,13.02,13.04,3800,0
2015-02-18,15:35:00,13.02,13.02,12.98,13,3900,0
2015-02-18,15:40:00,13.01,13.04,13,13.01,3615,0
2015-02-18,15:45:00,13.07,13.07,13.04,13.04,200,0
2015-02-18,15:50:00,13.06,13.06,13.03,13.03,7500,0
2015-02-18,16:00:00,13.06,13.06,13.06,13.06,300,0
2015-02-18,16:15:00,13.04,13.04,12.99,12.99,8547,0
2015-02-18,16:20:00,12.99,12.99,12.97,12.98,7100,0
2015-02-18,16:25:00,12.98,12.99,12.98,12.99,4500,0
2015-02-18,16:30:00,12.99,13.02,12.98,13.02,6550,0
2015-02-18,16:35:00,13.02,13.02,13.02,13.02,400,0
2015-02-18,16:40:00,13.02,13.03,13.02,13.03,3300,0
2015-02-18,16:45:00,13.03,13.03,13.03,13.03,500,0
2015-02-18,16:50:00,13.03,13.03,13.03,13.03,1600,0
2015-02-18,16:55:00,13.03,13.05,13.03,13.05,1700,0
2015-02-18,17:00:00,13.06,13.06,13.05,13.06,5200,0
2015-02-18,17:05:00,13.06,13.07,13.06,13.07,1300,0
2015-02-18,17:10:00,13.07,13.07,13.07,13.07,2519,0
2015-02-18,17:15:00,13.07,13.07,13.06,13.07,1850,0
2015-02-18,17:20:00,13.07,13.07,13.06,13.06,1400,0
2015-02-18,17:25:00,13.07,13.07,13.07,13.07,600,0
2015-02-18,17:30:00,13.07,13.07,13.06,13.07,800,0
2015-02-18,17:35:00,13.07,13.07,13.07,13.07,300,0
2015-02-18,17:40:00,13.07,13.07,13.07,13.07,300,0
2015-02-18,17:45:00,13.07,13.07,13.07,13.07,200,0
2015-02-18,17:50:00,13.07,13.07,13.07,13.07,400,0
2015-02-18,17:55:00,13.07,13.07,13.06,13.07,2100,0
2015-02-18,18:00:00,13.08,13.08,13.08,13.08,100,0
2015-02-18,18:05:00,13.08,13.08,13.07,13.07,300,0
2015-02-18,18:10:00,13.08,13.08,13.07,13.07,500,0
2015-02-18,18:15:00,13.07,13.08,13.04,13.04,4400,0
2015-02-18,18:20:00,13.06,13.06,13.04,13.06,4126,0
2015-02-18,18:25:00,13.06,13.07,13.06,13.07,200,0
2015-02-18,18:30:00,13.07,13.07,13.07,13.07,600,0
2015-02-18,18:35:00,13.07,13.07,13.07,13.07,1100,0
2015-02-18,18:40:00,13.07,13.07,13.07,13.07,800,0
2015-02-18,18:45:00,13.07,13.07,13.07,13.07,600,0
2015-02-18,18:50:00,13.07,13.07,13.06,13.06,2387,0
2015-02-18,18:55:00,13.06,13.06,13.06,13.06,632,0
2015-02-18,19:00:00,13.07,13.07,13.07,13.07,200,0
2015-02-18,19:05:00,13.06,13.07,13.05,13.07,1750,0
2015-02-18,19:10:00,13.07,13.07,13.07,13.07,100,0
2015-02-18,19:15:00,13.07,13.07,13.05,13.05,2100,0
2015-02-18,19:20:00,13.07,13.07,13.06,13.06,200,0
2015-02-18,19:25:00,13.06,13.07,13.06,13.07,800,0
2015-02-18,19:30:00,13.07,13.07,13.06,13.07,5200,0
2015-02-18,19:40:00,13.07,13.07,13.07,13.07,100,0
2015-02-18,19:45:00,13.07,13.07,13.07,13.07,1300,0
2015-02-18,19:50:00,13.07,13.07,13.07,13.07,200,0
2015-02-18,19:55:00,13.07,13.07,13.07,13.07,200,0
2015-02-18,20:00:00,13.07,13.07,13.07,13.07,200,0
2015-02-18,20:05:00,13.07,13.08,13.07,13.08,2000,0
2015-02-18,20:10:00,13.08,13.09,13.07,13.08,11420,0
2015-02-18,20:15:00,13.1,13.12,13.1,13.11,6705,0
2015-02-18,20:20:00,13.11,13.12,13.11,13.12,2340,0
2015-02-18,20:25:00,13.11,13.13,13.11,13.13,4315,0
2015-02-18,20:30:00,13.14,13.15,13.14,13.14,6008,0
2015-02-18,20:35:00,13.14,13.16,13.13,13.16,3800,0
2015-02-18,20:40:00,13.17,13.17,13.17,13.17,1100,0
2015-02-18,20:45:00,13.16,13.16,13.14,13.15,8900,0
2015-02-18,20:50:00,13.14,13.14,13.14,13.14,1635,0
2015-02-18,20:55:00,13.15,13.17,13.14,13.14,7800,0
2015-02-18,21:00:00,13.16,13.17,13.16,13.17,2400,0
2015-02-18,21:10:00,13.16,13.17,13.16,13.17,1795,0
2015-02-18,21:15:00,13.17,13.17,13.17,13.17,100,0
2015-02-18,21:20:00,13.17,13.18,13.16,13.16,1829,0
2015-02-18,21:25:00,13.18,13.18,13.17,13.18,1900,0
2015-02-18,21:30:00,13.18,13.18,13.18,13.18,200,0
2015-02-18,21:35:00,13.16,13.18,13.16,13.18,800,0
2015-02-18,21:40:00,13.16,13.16,13.15,13.16,3300,0
2015-02-18,21:45:00,13.16,13.16,13.16,13.16,1450,0
2015-02-18,21:50:00,13.16,13.16,13.15,13.16,2363,0
2015-02-18,21:55:00,13.15,13.16,13.15,13.16,3900,0
2015-02-18,22:00:00,13.16,13.16,13.15,13.16,3100,0
2015-02-19,15:45:00,13.16,13.18,13.16,13.18,640,0
2015-02-19,15:50:00,13.18,13.22,13.18,13.22,5586,0
2015-02-19,15:55:00,13.23,13.24,13.23,13.24,1000,0
2015-02-19,16:00:00,13.23,13.25,13.23,13.25,3300,0
2015-02-19,16:05:00,13.24,13.26,13.24,13.24,560,0
2015-02-19,16:10:00,13.26,13.26,13.26,13.26,1020,0
2015-02-19,16:15:00,13.25,13.25,13.22,13.23,10700,0
2015-02-19,16:20:00,13.23,13.23,13.23,13.23,2000,0
2015-02-19,16:25:00,13.25,13.25,13.24,13.24,1000,0
2015-02-19,16:30:00,13.25,13.25,13.23,13.23,1700,0
2015-02-19,16:35:00,13.23,13.23,13.23,13.23,1700,0
2015-02-19,16:40:00,13.24,13.24,13.23,13.23,1669,0
2015-02-19,16:45:00,13.23,13.23,13.23,13.23,600,0
2015-02-19,16:55:00,13.23,13.23,13.23,13.23,900,0
2015-02-19,17:00:00,13.23,13.24,13.22,13.22,6118,0
2015-02-19,17:05:00,13.22,13.23,13.22,13.22,2800,0
2015-02-19,17:10:00,13.22,13.22,13.22,13.22,5040,0
2015-02-19,17:15:00,13.22,13.22,13.18,13.18,12626,0
2015-02-19,17:20:00,13.19,13.19,13.18,13.18,2905,0
2015-02-19,17:25:00,13.18,13.19,13.18,13.18,1400,0
2015-02-19,17:30:00,13.19,13.19,13.18,13.18,1800,0
2015-02-19,17:35:00,13.18,13.18,13.18,13.18,149,0
2015-02-19,17:40:00,13.19,13.19,13.18,13.18,2760,0
2015-02-19,17:45:00,13.18,13.18,13.18,13.18,200,0
2015-02-19,17:55:00,13.18,13.19,13.17,13.17,1200,0
2015-02-19,18:00:00,13.17,13.17,13.17,13.17,400,0
2015-02-19,18:05:00,13.18,13.18,13.17,13.17,550,0
2015-02-19,18:10:00,13.17,13.17,13.16,13.16,1400,0
2015-02-19,18:15:00,13.15,13.15,13.15,13.15,3300,0
2015-02-19,18:20:00,13.16,13.16,13.15,13.15,1705,0
2015-02-19,18:30:00,13.16,13.17,13.16,13.16,400,0
2015-02-19,18:40:00,13.16,13.16,13.15,13.15,1812,0
2015-02-19,18:45:00,13.15,13.15,13.15,13.15,400,0
2015-02-19,18:55:00,13.17,13.17,13.15,13.15,3360,0
2015-02-19,19:00:00,13.15,13.15,13.15,13.15,1400,0
2015-02-19,19:05:00,13.16,13.16,13.16,13.16,500,0
2015-02-19,19:10:00,13.16,13.16,13.16,13.16,642,0
2015-02-19,19:15:00,13.15,13.16,13.15,13.16,2000,0
2015-02-19,19:20:00,13.16,13.16,13.16,13.16,2000,0
2015-02-19,19:25:00,13.15,13.15,13.15,13.15,2400,0
2015-02-19,19:35:00,13.14,13.14,13.14,13.14,300,0
2015-02-19,19:40:00,13.13,13.13,13.13,13.13,100,0
2015-02-19,19:45:00,13.14,13.14,13.14,13.14,100,0
2015-02-19,20:00:00,13.15,13.15,13.15,13.15,2279,0
2015-02-19,20:10:00,13.13,13.13,13.13,13.13,2200,0
2015-02-19,20:20:00,13.14,13.14,13.14,13.14,4000,0
2015-02-19,20:25:00,13.14,13.14,13.14,13.14,900,0
2015-02-19,20:30:00,13.14,13.14,13.14,13.14,200,0
2015-02-19,20:40:00,13.13,13.13,13.13,13.13,152,0
2015-02-19,20:45:00,13.14,13.14,13.14,13.14,480,0
2015-02-19,20:50:00,13.15,13.15,13.15,13.15,1000,0
2015-02-19,21:00:00,13.15,13.15,13.14,13.14,4200,0
2015-02-19,21:15:00,13.14,13.15,13.14,13.15,800,0
2015-02-19,21:20:00,13.13,13.14,13.13,13.13,1600,0
2015-02-19,21:30:00,13.13,13.14,13.13,13.14,1995,0
2015-02-19,21:35:00,13.14,13.14,13.14,13.14,100,0
2015-02-19,21:40:00,13.14,13.15,13.14,13.15,7280,0
2015-02-19,21:45:00,13.15,13.15,13.14,13.15,7864,0
2015-02-19,21:50:00,13.15,13.15,13.15,13.15,800,0
2015-02-19,21:55:00,13.15,13.16,13.15,13.15,23499,0
2015-02-19,22:00:00,13.15,13.16,13.15,13.16,3331,0
2015-02-20,15:35:00,13.19,13.21,13.19,13.21,1100,0
2015-02-20,15:40:00,13.21,13.23,13.21,13.23,1700,0
2015-02-20,15:45:00,13.22,13.25,13.22,13.25,2600,0
2015-02-20,15:50:00,13.25,13.25,13.25,13.25,100,0
2015-02-20,15:55:00,13.25,13.25,13.25,13.25,335,0
2015-02-20,16:00:00,13.25,13.25,13.23,13.23,1129,0
2015-02-20,16:05:00,13.25,13.25,13.25,13.25,1334,0
2015-02-20,16:10:00,13.26,13.28,13.26,13.28,354,0
2015-02-20,16:15:00,13.27,13.27,13.27,13.27,1000,0
2015-02-20,16:20:00,13.28,13.28,13.28,13.28,492,0
2015-02-20,16:25:00,13.28,13.28,13.28,13.28,710,0
2015-02-20,16:30:00,13.27,13.27,13.27,13.27,1045,0
2015-02-20,16:35:00,13.27,13.28,13.26,13.26,3280,0
2015-02-20,16:40:00,13.26,13.26,13.24,13.24,3700,0
2015-02-20,16:50:00,13.24,13.24,13.24,13.24,1500,0
2015-02-20,16:55:00,13.25,13.25,13.23,13.23,800,0
2015-02-20,17:00:00,13.24,13.24,13.24,13.24,550,0
2015-02-20,17:10:00,13.24,13.24,13.24,13.24,100,0
2015-02-20,17:15:00,13.24,13.25,13.23,13.23,4068,0
2015-02-20,17:20:00,13.23,13.23,13.22,13.22,2100,0
2015-02-20,17:25:00,13.23,13.23,13.23,13.23,100,0
2015-02-20,17:30:00,13.23,13.24,13.23,13.24,6140,0
2015-02-20,17:35:00,13.24,13.25,13.23,13.24,7200,0
2015-02-20,17:50:00,13.23,13.23,13.23,13.23,100,0
2015-02-20,17:55:00,13.24,13.24,13.24,13.24,300,0
2015-02-20,18:15:00,13.24,13.26,13.24,13.24,4900,0
2015-02-20,18:20:00,13.24,13.24,13.24,13.24,600,0
2015-02-20,18:25:00,13.23,13.23,13.23,13.23,5851,0
2015-02-20,18:45:00,13.24,13.24,13.24,13.24,200,0
2015-02-20,19:00:00,13.23,13.24,13.23,13.24,700,0
2015-02-20,19:15:00,13.24,13.24,13.24,13.24,1000,0
2015-02-20,19:20:00,13.24,13.24,13.24,13.24,900,0
2015-02-20,19:25:00,13.24,13.24,13.24,13.24,100,0
2015-02-20,19:30:00,13.23,13.25,13.23,13.23,4100,0
2015-02-20,19:35:00,13.23,13.24,13.22,13.24,3700,0
2015-02-20,19:50:00,13.24,13.24,13.24,13.24,400,0
2015-02-20,20:20:00,13.24,13.24,13.24,13.24,3700,0
2015-02-20,20:25:00,13.24,13.24,13.23,13.23,500,0
2015-02-20,20:30:00,13.23,13.24,13.23,13.24,300,0
2015-02-20,20:55:00,13.22,13.22,13.2,13.22,5526,0
2015-02-20,21:00:00,13.2,13.2,13.2,13.2,500,0
2015-02-20,21:05:00,13.2,13.22,13.19,13.2,1649,0
2015-02-20,21:10:00,13.21,13.21,13.21,13.21,100,0
2015-02-20,21:20:00,13.21,13.23,13.21,13.23,3000,0
2015-02-20,21:25:00,13.22,13.22,13.21,13.21,5029,0
2015-02-20,21:35:00,13.22,13.22,13.21,13.21,2000,0
2015-02-20,21:40:00,13.2,13.2,13.2,13.2,1739,0
2015-02-20,21:45:00,13.2,13.2,13.2,13.2,2224,0
2015-02-20,21:50:00,13.21,13.21,13.21,13.21,1950,0
2015-02-20,22:00:00,13.22,13.23,13.21,13.23,700,0
2015-02-23,15:40:00,13.28,13.29,13.28,13.29,500,0
2015-02-23,15:45:00,13.29,13.29,13.29,13.29,300,0
2015-02-23,15:50:00,13.29,13.29,13.29,13.29,700,0
2015-02-23,15:55:00,13.29,13.29,13.29,13.29,600,0
2015-02-23,16:00:00,13.28,13.3,13.27,13.27,9708,0
2015-02-23,16:05:00,13.3,13.3,13.28,13.28,4147,0
2015-02-23,16:10:00,13.28,13.28,13.28,13.28,1000,0
2015-02-23,16:15:00,13.28,13.28,13.28,13.28,520,0
2015-02-23,16:20:00,13.28,13.28,13.28,13.28,1124,0
2015-02-23,16:25:00,13.28,13.28,13.28,13.28,1200,0
2015-02-23,16:35:00,13.28,13.28,13.27,13.27,5100,0
2015-02-23,16:40:00,13.26,13.26,13.26,13.26,101,0
2015-02-23,16:45:00,13.27,13.27,13.27,13.27,743,0
2015-02-23,16:50:00,13.27,13.28,13.26,13.26,7050,0
2015-02-23,16:55:00,13.27,13.28,13.27,13.28,1900,0
2015-02-23,17:05:00,13.26,13.26,13.26,13.26,3900,0
2015-02-23,17:30:00,13.26,13.26,13.26,13.26,1459,0
2015-02-23,17:40:00,13.27,13.27,13.27,13.27,100,0
2015-02-23,17:45:00,13.27,13.27,13.27,13.27,1400,0
2015-02-23,18:00:00,13.27,13.27,13.27,13.27,983,0
2015-02-23,18:05:00,13.27,13.27,13.27,13.27,200,0
2015-02-23,18:20:00,13.27,13.28,13.27,13.28,3835,0
2015-02-23,18:25:00,13.26,13.26,13.26,13.26,8502,0
2015-02-23,18:35:00,13.27,13.28,13.27,13.28,4300,0
2015-02-23,18:40:00,13.27,13.27,13.27,13.27,1513,0
2015-02-23,19:05:00,13.27,13.27,13.26,13.26,2500,0
2015-02-23,19:20:00,13.27,13.27,13.27,13.27,225,0
2015-02-23,19:30:00,13.27,13.28,13.27,13.28,500,0
2015-02-23,19:35:00,13.27,13.27,13.27,13.27,400,0
2015-02-23,19:45:00,13.28,13.28,13.28,13.28,950,0
2015-02-23,19:50:00,13.28,13.28,13.28,13.28,922,0
2015-02-23,19:55:00,13.28,13.28,13.28,13.28,100,0
2015-02-23,20:05:00,13.28,13.28,13.28,13.28,398,0
2015-02-23,20:10:00,13.27,13.27,13.27,13.27,720,0
2015-02-23,20:20:00,13.28,13.28,13.28,13.28,1450,0
2015-02-23,20:25:00,13.28,13.28,13.28,13.28,301,0
2015-02-23,20:30:00,13.27,13.27,13.27,13.27,1300,0
2015-02-23,20:35:00,13.28,13.28,13.28,13.28,3960,0
2015-02-23,20:40:00,13.28,13.28,13.28,13.28,3000,0
2015-02-23,20:45:00,13.27,13.27,13.27,13.27,806,0
2015-02-23,20:50:00,13.27,13.27,13.27,13.27,800,0
2015-02-23,20:55:00,13.27,13.28,13.27,13.27,500,0
2015-02-23,21:00:00,13.27,13.27,13.25,13.25,7050,0
2015-02-23,21:05:00,13.24,13.24,13.24,13.24,2526,0
2015-02-23,21:15:00,13.25,13.26,13.25,13.26,1330,0
2015-02-23,21:30:00,13.26,13.26,13.26,13.26,380,0
2015-02-23,21:35:00,13.25,13.25,13.25,13.25,600,0
2015-02-23,21:40:00,13.25,13.27,13.24,13.27,8790,0
2015-02-23,21:45:00,13.27,13.27,13.26,13.27,3071,0
2015-02-23,22:00:00,13.27,13.27,13.27,13.27,1684,0
