Date,Time,Open,High,Low,Close,Volume,OpenInt
2015-02-03,16:10:00,14.31,14.31,14.23,14.26,8700,0
2015-02-03,16:15:00,14.28,14.31,14.2,14.2,11950,0
2015-02-03,16:20:00,14.21,14.28,14.2,14.25,21900,0
2015-02-03,16:25:00,14.25,14.27,14.24,14.24,7101,0
2015-02-03,16:30:00,14.25,14.27,14.25,14.25,6800,0
2015-02-03,16:35:00,14.25,14.25,14.2,14.22,5100,0
2015-02-03,16:40:00,14.2,14.26,14.19,14.21,6300,0
2015-02-03,16:45:00,14.21,14.21,14.17,14.2,4700,0
2015-02-03,16:50:00,14.2,14.21,14.07,14.1,10600,0
2015-02-03,16:55:00,14.09,14.09,14.0,14.02,9928,0
2015-02-03,17:00:00,14.03,14.15,13.99,14.15,7300,0
2015-02-03,17:05:00,14.16,14.18,14.15,14.18,3400,0
2015-02-03,17:10:00,14.2,14.24,14.19,14.19,12300,0
2015-02-03,17:15:00,14.19,14.19,14.12,14.12,2400,0
2015-02-03,17:20:00,14.12,14.3,14.12,14.3,2000,0
2015-02-03,17:25:00,14.32,14.32,14.25,14.25,2600,0
2015-02-03,17:30:00,14.28,14.28,14.17,14.18,3100,0
2015-02-03,17:35:00,14.17,14.19,14.14,14.19,2500,0
2015-02-03,17:40:00,14.21,14.21,14.16,14.16,1300,0
2015-02-03,17:45:00,14.18,14.21,14.18,14.21,13100,0
2015-02-03,17:50:00,14.2,14.2,14.18,14.18,2000,0
2015-02-03,17:55:00,14.18,14.19,14.18,14.19,3600,0
2015-02-03,18:00:00,14.18,14.22,14.18,14.21,5176,0
2015-02-03,18:05:00,14.22,14.22,14.16,14.16,5400,0
2015-02-03,18:10:00,14.16,14.22,14.16,14.2,6900,0
2015-02-03,18:15:00,14.2,14.26,14.2,14.26,9000,0
2015-02-03,18:20:00,14.26,14.27,14.26,14.27,1400,0
2015-02-03,18:25:00,14.27,14.28,14.26,14.28,2800,0
2015-02-03,18:30:00,14.28,14.29,14.27,14.27,9159,0
2015-02-03,18:35:00,14.27,14.27,14.22,14.25,5800,0
2015-02-03,18:40:00,14.26,14.27,14.26,14.27,2300,0
2015-02-03,18:45:00,14.28,14.31,14.28,14.3,5600,0
2015-02-03,18:50:00,14.31,14.31,14.25,14.28,8000,0
2015-02-03,18:55:00,14.28,14.37,14.27,14.29,20734,0
2015-02-03,19:00:00,14.28,14.31,14.27,14.31,4500,0
2015-02-03,19:05:00,14.32,14.33,14.27,14.3,10858,0
2015-02-03,19:10:00,14.3,14.3,14.28,14.28,700,0
2015-02-03,19:15:00,14.28,14.34,14.27,14.34,3300,0
2015-02-03,19:20:00,14.34,14.34,14.32,14.34,3050,0
2015-02-03,19:25:00,14.34,14.37,14.33,14.36,6084,0
2015-02-03,19:30:00,14.36,14.36,14.32,14.32,2404,0
2015-02-03,19:35:00,14.33,14.33,14.3,14.3,3437,0
2015-02-03,19:40:00,14.29,14.29,14.25,14.25,7804,0
2015-02-03,19:45:00,14.25,14.25,14.23,14.25,11000,0
2015-02-03,19:50:00,14.25,14.26,14.24,14.25,1280,0
2015-02-03,19:55:00,14.25,14.25,14.24,14.25,3980,0
2015-02-03,20:00:00,14.25,14.25,14.22,14.22,3500,0
2015-02-03,20:05:00,14.23,14.24,14.22,14.24,3954,0
2015-02-03,20:10:00,14.25,14.25,14.24,14.24,3866,0
2015-02-03,20:15:00,14.22,14.22,14.2,14.2,2400,0
2015-02-03,20:20:00,14.2,14.21,13.97,13.97,46891,0
2015-02-03,20:25:00,13.95,13.97,13.88,13.93,23800,0
2015-02-03,20:30:00,13.92,13.93,13.92,13.92,9021,0
2015-02-03,20:35:00,13.93,14.03,13.93,14.03,27210,0
2015-02-03,20:40:00,14.03,14.12,14.03,14.11,21714,0
2015-02-03,20:45:00,14.12,14.15,14.12,14.14,3626,0
2015-02-03,20:50:00,14.12,14.13,14.04,14.06,8740,0
2015-02-03,20:55:00,14.05,14.05,13.95,13.98,13800,0
2015-02-03,21:00:00,13.98,13.98,13.86,13.86,14190,0
2015-02-03,21:05:00,13.87,13.89,13.86,13.87,19627,0
2015-02-03,21:10:00,13.87,13.87,13.82,13.84,10700,0
2015-02-03,21:15:00,13.84,13.84,13.67,13.71,49300,0
2015-02-03,21:20:00,13.72,13.73,13.62,13.64,43774,0
2015-02-03,21:25:00,13.64,13.64,13.56,13.61,17350,0
2015-02-03,21:30:00,13.6,13.61,13.51,13.54,45132,0
2015-02-03,21:35:00,13.54,13.65,13.53,13.63,35152,0
2015-02-03,21:40:00,13.62,13.79,13.62,13.77,24900,0
2015-02-03,21:45:00,13.78,13.88,13.78,13.87,26290,0
2015-02-03,21:50:00,13.86,13.97,13.86,13.96,31840,0
2015-02-03,21:55:00,13.95,14.0,13.95,13.99,45051,0
2015-02-03,22:00:00,13.98,14.06,13.95,14.05,172371,0
2015-02-04,15:35:00,14.4,14.49,14.1,14.46,46279,0
2015-02-04,15:40:00,14.38,14.57,14.31,14.46,49662,0
2015-02-04,15:45:00,14.45,14.48,14.13,14.29,81514,0
2015-02-04,15:50:00,14.34,14.34,13.92,14.12,38854,0
2015-02-04,15:55:00,14.12,14.32,14.1,14.17,47353,0
2015-02-04,16:00:00,14.2,14.53,14.19,14.53,66305,0
2015-02-04,16:05:00,14.52,14.68,14.52,14.57,77785,0
2015-02-04,16:10:00,14.58,14.87,14.58,14.85,21431,0
2015-02-04,16:15:00,14.83,14.87,14.71,14.79,23835,0
2015-02-04,16:20:00,14.8,14.8,14.63,14.7,24753,0
2015-02-04,16:25:00,14.71,14.76,14.66,14.76,10300,0
2015-02-04,16:30:00,14.76,14.87,14.67,14.85,25073,0
2015-02-04,16:35:00,14.84,14.86,14.83,14.86,14898,0
2015-02-04,16:40:00,14.86,15.0,14.61,14.83,88757,0
2015-02-04,16:45:00,14.82,14.91,14.6,14.8,39293,0
2015-02-04,16:50:00,14.82,14.82,14.77,14.77,4865,0
2015-02-04,16:55:00,14.73,14.77,14.71,14.74,15299,0
2015-02-04,17:00:00,14.72,14.72,14.62,14.62,11380,0
2015-02-04,17:05:00,14.59,14.6,14.35,14.39,24758,0
2015-02-04,17:10:00,14.38,14.38,14.2,14.31,21224,0
2015-02-04,17:15:00,14.3,14.36,14.28,14.36,14800,0
2015-02-04,17:20:00,14.35,14.36,14.28,14.28,9600,0
2015-02-04,17:25:00,14.28,14.46,14.26,14.46,10251,0
2015-02-04,17:30:00,14.45,14.61,14.42,14.48,29584,0
2015-02-04,17:35:00,14.5,14.58,14.47,14.52,4888,0
2015-02-04,17:40:00,14.53,14.58,14.53,14.56,5900,0
2015-02-04,17:45:00,14.56,14.69,14.56,14.69,5700,0
2015-02-04,17:50:00,14.67,14.68,14.53,14.55,6300,0
2015-02-04,17:55:00,14.62,14.64,14.55,14.61,10100,0
2015-02-04,18:00:00,14.58,14.64,14.53,14.53,9849,0
2015-02-04,18:05:00,14.53,14.59,14.53,14.56,5211,0
2015-02-04,18:10:00,14.55,14.55,14.53,14.53,4797,0
2015-02-04,18:15:00,14.54,14.6,14.52,14.6,8500,0
2015-02-04,18:20:00,14.6,14.68,14.56,14.66,30293,0
2015-02-04,18:25:00,14.67,14.72,14.65,14.69,10400,0
2015-02-04,18:30:00,14.69,14.69,14.64,14.64,6800,0
2015-02-04,18:35:00,14.64,14.69,14.63,14.68,9000,0
2015-02-04,18:40:00,14.69,14.8,14.69,14.74,37456,0
2015-02-04,18:45:00,14.75,14.75,14.66,14.7,5525,0
2015-02-04,18:50:00,14.7,14.76,14.7,14.71,6250,0
2015-02-04,18:55:00,14.74,14.78,14.68,14.76,5793,0
2015-02-04,19:00:00,14.72,14.77,14.69,14.74,6000,0
2015-02-04,19:05:00,14.76,14.76,14.72,14.76,6600,0
2015-02-04,19:10:00,14.77,14.84,14.77,14.8,16550,0
2015-02-04,19:15:00,14.8,14.8,14.79,14.79,5800,0
2015-02-04,19:20:00,14.8,14.8,14.76,14.78,8700,0
2015-02-04,19:25:00,14.78,14.78,14.72,14.72,8376,0
2015-02-04,19:30:00,14.72,14.72,14.57,14.64,18898,0
2015-02-04,19:35:00,14.64,14.65,14.63,14.65,4590,0
2015-02-04,19:40:00,14.65,14.66,14.58,14.65,18798,0
2015-02-04,19:45:00,14.63,14.73,14.63,14.68,6600,0
2015-02-04,19:50:00,14.69,14.74,14.66,14.74,6163,0
2015-02-04,19:55:00,14.75,14.75,14.71,14.71,2379,0
2015-02-04,20:00:00,14.73,14.75,14.68,14.7,8300,0
2015-02-04,20:05:00,14.7,14.75,14.69,14.75,16433,0
2015-02-04,20:10:00,14.75,14.82,14.74,14.77,23956,0
2015-02-04,20:15:00,14.78,14.79,14.75,14.77,12400,0
2015-02-04,20:20:00,14.77,14.78,14.76,14.77,6766,0
2015-02-04,20:25:00,14.78,14.78,14.72,14.73,15302,0
2015-02-04,20:30:00,14.75,14.8,14.71,14.76,26200,0
2015-02-04,20:35:00,14.77,14.8,14.74,14.76,14015,0
2015-02-04,20:40:00,14.8,14.85,14.77,14.84,16100,0
2015-02-04,20:45:00,14.84,14.92,14.83,14.85,24196,0
2015-02-04,20:50:00,14.86,14.89,14.85,14.89,7460,0
2015-02-04,20:55:00,14.89,14.96,14.88,14.92,24588,0
2015-02-04,21:00:00,14.93,14.93,14.91,14.93,14904,0
2015-02-04,21:05:00,14.92,14.93,14.89,14.91,17800,0
2015-02-04,21:10:00,14.92,14.93,14.91,14.92,6400,0
2015-02-04,21:15:00,14.93,14.94,14.92,14.92,10028,0
2015-02-04,21:20:00,14.93,14.96,14.91,14.95,12700,0
2015-02-04,21:25:00,14.95,15.22,14.93,15.22,125173,0
2015-02-04,21:30:00,15.21,15.21,15.11,15.11,18187,0
2015-02-04,21:35:00,15.12,15.15,14.98,15.0,24962,0
2015-02-04,21:40:00,15.0,15.1,14.94,14.96,35930,0
2015-02-04,21:45:00,14.97,15.02,14.97,15.0,27701,0
2015-02-04,21:50:00,15.0,15.25,15.0,15.22,41176,0
2015-02-04,21:55:00,15.23,15.24,15.03,15.07,65584,0
2015-02-04,22:00:00,15.07,15.23,15.03,15.21,124607,0
2015-02-05,15:35:00,15.25,15.33,15.21,15.27,6900,0
2015-02-05,15:40:00,15.29,15.29,15.21,15.25,2730,0
2015-02-05,15:45:00,15.26,15.3,15.13,15.13,14107,0
2015-02-05,15:50:00,15.17,15.31,15.17,15.31,3300,0
2015-02-05,15:55:00,15.3,15.33,15.29,15.31,7020,0
2015-02-05,16:00:00,15.3,15.31,15.25,15.29,9219,0
2015-02-05,16:05:00,15.29,15.31,15.28,15.28,1350,0
2015-02-05,16:10:00,15.3,15.4,15.29,15.36,15827,0
2015-02-05,16:15:00,15.4,15.43,15.35,15.4,19622,0
2015-02-05,16:20:00,15.39,15.39,15.31,15.34,5921,0
2015-02-05,16:25:00,15.37,15.37,15.33,15.37,11627,0
2015-02-05,16:30:00,15.39,15.42,15.35,15.35,10463,0
2015-02-05,16:35:00,15.34,15.38,15.34,15.37,3100,0
2015-02-05,16:40:00,15.37,15.43,15.36,15.43,7430,0
2015-02-05,16:45:00,15.43,15.47,15.42,15.47,6600,0
2015-02-05,16:50:00,15.46,15.46,15.4,15.42,7500,0
2015-02-05,16:55:00,15.43,15.43,15.36,15.4,19016,0
2015-02-05,17:00:00,15.41,15.41,15.32,15.32,16440,0
2015-02-05,17:05:00,15.32,15.39,15.32,15.39,9349,0
2015-02-05,17:10:00,15.39,15.41,15.39,15.39,3100,0
2015-02-05,17:15:00,15.4,15.42,15.38,15.4,3295,0
2015-02-05,17:20:00,15.41,15.41,15.35,15.35,10454,0
2015-02-05,17:25:00,15.34,15.35,15.32,15.35,5858,0
2015-02-05,17:30:00,15.34,15.36,15.34,15.35,2000,0
2015-02-05,17:35:00,15.36,15.36,15.29,15.32,7890,0
2015-02-05,17:40:00,15.33,15.34,15.31,15.32,2100,0
2015-02-05,17:45:00,15.31,15.32,15.29,15.3,2812,0
2015-02-05,17:50:00,15.3,15.34,15.3,15.34,2400,0
2015-02-05,17:55:00,15.33,15.34,15.32,15.33,2000,0
2015-02-05,18:00:00,15.33,15.34,15.29,15.33,8892,0
2015-02-05,18:05:00,15.32,15.33,15.32,15.32,2300,0
2015-02-05,18:10:00,15.32,15.32,15.25,15.27,8280,0
2015-02-05,18:15:00,15.28,15.29,15.24,15.26,6822,0
2015-02-05,18:20:00,15.25,15.27,15.23,15.23,4600,0
2015-02-05,18:25:00,15.24,15.24,15.15,15.18,8200,0
2015-02-05,18:30:00,15.17,15.17,15.05,15.05,6800,0
2015-02-05,18:35:00,15.07,15.1,15.06,15.09,12400,0
2015-02-05,18:40:00,15.08,15.1,15.07,15.08,5500,0
2015-02-05,18:45:00,15.09,15.11,15.09,15.11,2600,0
2015-02-05,18:50:00,15.11,15.11,15.02,15.03,5100,0
2015-02-05,18:55:00,15.0,15.0,14.96,14.97,8200,0
2015-02-05,19:00:00,14.98,15.0,14.97,15.0,5000,0
2015-02-05,19:05:00,15.0,15.0,14.92,14.96,15522,0
2015-02-05,19:10:00,14.96,14.97,14.91,14.91,5175,0
2015-02-05,19:15:00,14.93,14.97,14.92,14.97,2972,0
2015-02-05,19:20:00,14.99,14.99,14.97,14.99,1400,0
2015-02-05,19:25:00,14.99,14.99,14.92,14.95,5900,0
2015-02-05,19:30:00,14.98,15.0,14.96,14.96,4335,0
2015-02-05,19:35:00,14.96,14.96,14.88,14.9,8103,0
2015-02-05,19:40:00,14.9,14.9,14.89,14.9,4630,0
2015-02-05,19:45:00,14.9,14.9,14.84,14.86,10483,0
2015-02-05,19:50:00,14.86,14.87,14.83,14.84,4505,0
2015-02-05,19:55:00,14.86,14.88,14.85,14.88,3400,0
2015-02-05,20:00:00,14.89,14.89,14.8,14.81,11200,0
2015-02-05,20:05:00,14.82,14.84,14.8,14.83,5596,0
2015-02-05,20:10:00,14.84,14.86,14.76,14.81,10444,0
2015-02-05,20:15:00,14.81,14.82,14.5,14.66,35058,0
2015-02-05,20:20:00,14.67,14.88,14.67,14.86,22732,0
2015-02-05,20:25:00,14.88,14.9,14.85,14.87,29100,0
2015-02-05,20:30:00,14.87,14.99,14.87,14.99,30942,0
2015-02-05,20:35:00,14.99,15.15,14.99,15.04,22300,0
2015-02-05,20:40:00,15.07,15.11,15.06,15.11,2717,0
2015-02-05,20:45:00,15.09,15.12,15.09,15.11,3850,0
2015-02-05,20:50:00,15.1,15.18,15.1,15.18,8950,0
2015-02-05,20:55:00,15.19,15.2,15.12,15.13,18789,0
2015-02-05,21:00:00,15.13,15.13,14.96,14.99,25900,0
2015-02-05,21:05:00,14.99,14.99,14.98,14.99,4550,0
2015-02-05,21:10:00,14.99,14.99,14.98,14.99,8400,0
2015-02-05,21:15:00,14.99,14.99,14.92,14.99,18493,0
2015-02-05,21:20:00,14.98,14.99,14.98,14.99,9120,0
2015-02-05,21:25:00,14.99,15.01,14.99,15.0,24280,0
2015-02-05,21:30:00,15.0,15.09,14.98,15.09,72241,0
2015-02-05,21:35:00,15.09,15.14,15.09,15.1,18080,0
2015-02-05,21:40:00,15.1,15.11,15.06,15.1,16600,0
2015-02-05,21:45:00,15.1,15.15,15.1,15.14,13900,0
2015-02-05,21:50:00,15.17,15.19,15.14,15.19,30997,0
2015-02-05,21:55:00,15.19,15.21,15.17,15.17,40993,0
2015-02-05,22:00:00,15.17,15.17,15.14,15.17,62224,0
2015-02-06,15:35:00,15.14,15.16,14.97,15.04,94904,0
2015-02-06,15:40:00,15.15,15.15,14.85,14.87,9985,0
2015-02-06,15:45:00,14.98,15.05,14.89,14.89,17172,0
2015-02-06,15:50:00,14.93,14.97,14.91,14.91,5888,0
2015-02-06,15:55:00,14.94,14.96,14.89,14.96,10800,0
2015-02-06,16:00:00,14.96,15.03,14.96,15.03,4100,0
2015-02-06,16:05:00,15.05,15.1,14.96,14.97,26100,0
2015-02-06,16:10:00,14.97,15.05,14.97,15.04,8221,0
2015-02-06,16:15:00,15.04,15.06,14.99,15.0,7207,0
2015-02-06,16:20:00,15.0,15.01,14.98,14.99,13380,0
2015-02-06,16:25:00,14.98,14.98,14.95,14.95,3778,0
2015-02-06,16:30:00,14.96,14.96,14.94,14.96,4685,0
2015-02-06,16:35:00,14.96,15.04,14.96,14.97,12116,0
2015-02-06,16:40:00,14.97,15.02,14.97,15.02,2000,0
2015-02-06,16:45:00,15.01,15.02,14.98,15.0,5000,0
2015-02-06,16:50:00,15.0,15.03,15.0,15.03,2800,0
2015-02-06,16:55:00,15.02,15.02,14.95,14.95,48694,0
2015-02-06,17:00:00,14.98,14.98,14.95,14.97,8369,0
2015-02-06,17:05:00,14.97,15.0,14.94,14.95,108700,0
2015-02-06,17:10:00,14.96,14.98,14.95,14.98,2882,0
2015-02-06,17:15:00,14.99,15.0,14.99,15.0,1250,0
2015-02-06,17:20:00,15.02,15.12,14.99,15.12,2352,0
2015-02-06,17:25:00,15.14,15.18,15.09,15.15,7960,0
2015-02-06,17:30:00,15.14,15.15,15.13,15.13,3214,0
2015-02-06,17:35:00,15.13,15.13,15.13,15.13,413,0
2015-02-06,17:40:00,15.14,15.21,15.14,15.16,8077,0
2015-02-06,17:45:00,15.15,15.15,15.11,15.13,3370,0
2015-02-06,17:50:00,15.12,15.12,15.1,15.11,5846,0
2015-02-06,17:55:00,15.09,15.09,15.05,15.05,2000,0
2015-02-06,18:00:00,15.06,15.07,15.05,15.06,1100,0
2015-02-06,18:05:00,15.06,15.12,15.02,15.02,8303,0
2015-02-06,18:10:00,15.03,15.06,15.01,15.01,3625,0
2015-02-06,18:15:00,15.02,15.03,15.02,15.03,700,0
2015-02-06,18:20:00,15.02,15.07,15.0,15.07,133234,0
2015-02-06,18:25:00,15.07,15.18,15.07,15.18,14429,0
2015-02-06,18:30:00,15.15,15.18,15.0,15.18,1919,0
2015-02-06,18:35:00,15.18,15.18,15.16,15.16,2900,0
2015-02-06,18:40:00,15.16,15.21,15.16,15.21,3941,0
2015-02-06,18:45:00,15.2,15.21,15.13,15.17,60443,0
2015-02-06,18:50:00,15.17,15.2,15.17,15.2,1101,0
2015-02-06,18:55:00,15.21,15.21,15.17,15.21,11407,0
2015-02-06,19:00:00,15.21,15.22,15.2,15.22,3787,0
2015-02-06,19:05:00,15.21,15.22,15.21,15.22,1262,0
2015-02-06,19:10:00,15.19,15.22,15.18,15.2,7467,0
2015-02-06,19:15:00,15.21,15.21,15.1,15.1,10519,0
2015-02-06,19:20:00,15.14,15.15,15.14,15.15,300,0
2015-02-06,19:25:00,15.15,15.15,15.14,15.14,1100,0
2015-02-06,19:30:00,15.15,15.19,15.14,15.19,1300,0
2015-02-06,19:35:00,15.19,15.23,15.19,15.19,3900,0
2015-02-06,19:40:00,15.2,15.2,15.18,15.18,1900,0
2015-02-06,19:45:00,15.18,15.21,15.18,15.21,2600,0
2015-02-06,19:50:00,15.21,15.22,15.2,15.2,2900,0
2015-02-06,19:55:00,15.19,15.2,15.19,15.2,1300,0
2015-02-06,20:00:00,15.2,15.22,15.19,15.2,3996,0
2015-02-06,20:05:00,15.19,15.19,15.1,15.11,3300,0
2015-02-06,20:10:00,15.12,15.12,15.09,15.09,700,0
2015-02-06,20:15:00,15.08,15.11,15.08,15.11,1700,0
2015-02-06,20:20:00,15.11,15.12,15.11,15.11,300,0
2015-02-06,20:25:00,15.11,15.12,15.11,15.12,1598,0
2015-02-06,20:30:00,15.09,15.09,15.07,15.07,1200,0
2015-02-06,20:35:00,15.08,15.09,15.08,15.09,701,0
2015-02-06,20:40:00,15.09,15.1,15.08,15.09,1713,0
2015-02-06,20:45:00,15.08,15.12,15.08,15.12,3127,0
2015-02-06,20:50:00,15.12,15.13,15.11,15.13,3211,0
2015-02-06,20:55:00,15.1,15.1,15.09,15.09,900,0
2015-02-06,21:00:00,15.09,15.09,15.09,15.09,400,0
2015-02-06,21:05:00,15.07,15.08,15.01,15.01,4100,0
2015-02-06,21:10:00,15.02,15.03,15.01,15.02,2620,0
2015-02-06,21:15:00,15.01,15.01,14.99,15.0,9632,0
2015-02-06,21:20:00,14.99,15.02,14.98,15.0,15661,0
2015-02-06,21:25:00,15.0,15.04,15.0,15.02,3400,0
2015-02-06,21:30:00,15.02,15.03,15.02,15.03,1200,0
2015-02-06,21:35:00,15.02,15.07,15.02,15.07,10282,0
2015-02-06,21:40:00,15.07,15.07,15.04,15.04,5300,0
2015-02-06,21:45:00,15.05,15.06,15.04,15.04,2200,0
2015-02-06,21:50:00,15.04,15.05,15.0,15.01,16818,0
2015-02-06,21:55:00,15.01,15.05,15.01,15.05,4200,0
2015-02-06,22:00:00,15.05,15.05,15.0,15.01,38630,0
2015-02-09,15:35:00,14.96,14.99,14.76,14.98,2166,0
2015-02-09,15:40:00,14.97,15.02,14.96,15.02,4400,0
2015-02-09,15:45:00,15.05,15.1,14.99,14.99,3100,0
2015-02-09,15:50:00,15.03,15.08,15.0,15.0,7300,0
2015-02-09,15:55:00,14.99,15.1,14.99,15.06,16154,0
2015-02-09,16:00:00,15.06,15.18,15.06,15.18,2700,0
2015-02-09,16:05:00,15.18,15.19,15.17,15.17,1900,0
2015-02-09,16:10:00,15.18,15.19,15.14,15.18,4838,0
2015-02-09,16:15:00,15.18,15.24,15.17,15.22,64281,0
2015-02-09,16:20:00,15.2,15.21,15.0,15.21,19200,0
2015-02-09,16:25:00,15.19,15.21,15.16,15.16,18836,0
2015-02-09,16:30:00,15.16,15.19,15.16,15.16,5100,0
2015-02-09,16:35:00,15.18,15.21,15.18,15.21,600,0
2015-02-09,16:40:00,15.21,15.21,15.18,15.19,2600,0
2015-02-09,16:45:00,15.17,15.2,15.16,15.16,5501,0
2015-02-09,16:50:00,15.16,15.17,15.13,15.13,2600,0
2015-02-09,16:55:00,15.13,15.17,15.11,15.12,8294,0
2015-02-09,17:00:00,15.1,15.11,15.09,15.09,1500,0
2015-02-09,17:05:00,15.09,15.13,15.08,15.13,4766,0
2015-02-09,17:10:00,15.11,15.16,15.11,15.16,2402,0
2015-02-09,17:15:00,15.15,15.15,15.11,15.12,3075,0
2015-02-09,17:20:00,15.14,15.14,15.11,15.11,2300,0
2015-02-09,17:25:00,15.11,15.13,15.1,15.1,1300,0
2015-02-09,17:30:00,15.1,15.1,15.09,15.09,2200,0
2015-02-09,17:35:00,15.08,15.08,15.04,15.04,1501,0
2015-02-09,17:40:00,15.05,15.06,15.04,15.04,1300,0
2015-02-09,17:45:00,15.05,15.06,15.03,15.04,2301,0
2015-02-09,17:50:00,15.04,15.06,15.04,15.05,800,0
2015-02-09,17:55:00,15.04,15.08,15.03,15.08,7400,0
2015-02-09,18:00:00,15.08,15.13,15.08,15.13,1500,0
2015-02-09,18:05:00,15.12,15.13,15.1,15.1,800,0
2015-02-09,18:10:00,15.12,15.14,15.08,15.08,3900,0
2015-02-09,18:15:00,15.09,15.11,15.07,15.07,3702,0
2015-02-09,18:20:00,15.06,15.11,15.06,15.07,2200,0
2015-02-09,18:25:00,15.08,15.08,15.07,15.08,900,0
2015-02-09,18:30:00,15.08,15.13,15.08,15.13,1800,0
2015-02-09,18:35:00,15.13,15.13,15.1,15.13,16045,0
2015-02-09,18:40:00,15.14,15.14,15.13,15.14,2000,0
2015-02-09,18:45:00,15.14,15.15,15.14,15.15,1400,0
2015-02-09,18:50:00,15.14,15.14,14.91,14.98,31814,0
2015-02-09,18:55:00,15.0,15.04,14.99,15.04,2000,0
2015-02-09,19:00:00,15.04,15.06,15.03,15.06,1600,0
2015-02-09,19:05:00,15.03,15.08,15.03,15.07,2400,0
2015-02-09,19:10:00,15.1,15.1,15.05,15.05,3800,0
2015-02-09,19:15:00,15.06,15.07,15.05,15.05,1100,0
2015-02-09,19:20:00,15.06,15.12,15.06,15.1,9388,0
2015-02-09,19:25:00,15.1,15.1,15.09,15.1,2300,0
2015-02-09,19:30:00,15.09,15.11,15.09,15.11,1500,0
2015-02-09,19:35:00,15.09,15.09,15.06,15.06,2400,0
2015-02-09,19:40:00,15.06,15.06,15.04,15.04,2700,0
2015-02-09,19:45:00,15.05,15.05,15.04,15.04,1200,0
2015-02-09,19:50:00,15.04,15.05,15.03,15.05,2900,0
2015-02-09,19:55:00,15.04,15.04,15.03,15.03,2500,0
2015-02-09,20:00:00,15.03,15.04,15.03,15.04,2800,0
2015-02-09,20:05:00,15.04,15.04,15.0,15.01,4900,0
2015-02-09,20:10:00,15.01,15.03,15.01,15.01,2800,0
2015-02-09,20:15:00,15.01,15.06,15.01,15.06,3302,0
2015-02-09,20:20:00,15.06,15.07,15.06,15.07,3900,0
2015-02-09,20:25:00,15.06,15.07,15.05,15.06,3200,0
2015-02-09,20:30:00,15.05,15.06,15.04,15.04,3151,0
2015-02-09,20:35:00,15.04,15.06,15.04,15.05,1800,0
2015-02-09,20:40:00,15.05,15.09,15.05,15.08,2100,0
2015-02-09,20:45:00,15.08,15.09,15.07,15.07,1300,0
2015-02-09,20:50:00,15.06,15.08,15.06,15.08,1604,0
2015-02-09,20:55:00,15.09,15.09,15.03,15.04,3802,0
2015-02-09,21:00:00,15.06,15.08,15.05,15.05,3500,0
2015-02-09,21:05:00,15.05,15.06,15.02,15.02,1800,0
2015-02-09,21:10:00,14.99,15.0,14.98,15.0,5210,0
2015-02-09,21:15:00,14.99,15.0,14.95,14.98,8374,0
2015-02-09,21:20:00,14.98,15.0,14.98,15.0,3700,0
2015-02-09,21:25:00,15.0,15.0,14.98,14.99,3400,0
2015-02-09,21:30:00,14.99,14.99,14.96,14.96,4400,0
2015-02-09,21:35:00,14.97,14.97,14.94,14.97,11600,0
2015-02-09,21:40:00,14.96,14.99,14.96,14.98,7280,0
2015-02-09,21:45:00,14.98,14.98,14.96,14.96,4117,0
2015-02-09,21:50:00,14.98,15.01,14.98,15.01,15217,0
2015-02-09,21:55:00,15.01,15.04,15.0,15.04,11733,0
2015-02-09,22:00:00,15.05,15.08,15.02,15.03,52931,0
2015-02-10,15:35:00,15.1,15.1,15.06,15.06,3371,0
2015-02-10,15:40:00,15.14,15.14,15.14,15.14,300,0
2015-02-10,15:50:00,15.04,15.14,15.02,15.14,2300,0
2015-02-10,15:55:00,15.06,15.12,15.06,15.09,2900,0
2015-02-10,16:00:00,15.03,15.07,15.01,15.04,3869,0
2015-02-10,16:05:00,15.01,15.14,15.01,15.14,17000,0
2015-02-10,16:10:00,15.13,15.17,15.13,15.17,6150,0
2015-02-10,16:15:00,15.18,15.2,15.18,15.2,400,0
2015-02-10,16:20:00,15.18,15.25,15.18,15.25,23690,0
2015-02-10,16:25:00,15.24,15.24,15.19,15.21,8514,0
2015-02-10,16:30:00,15.2,15.21,15.19,15.2,9900,0
2015-02-10,16:35:00,15.19,15.2,15.19,15.2,2700,0
2015-02-10,16:40:00,15.21,15.22,15.19,15.2,6691,0
2015-02-10,16:45:00,15.21,15.23,15.21,15.21,1300,0
2015-02-10,16:50:00,15.2,15.21,15.19,15.21,900,0
2015-02-10,16:55:00,15.2,15.22,15.2,15.21,2200,0
2015-02-10,17:00:00,15.21,15.23,15.2,15.21,4703,0
2015-02-10,17:05:00,15.2,15.21,15.2,15.2,800,0
2015-02-10,17:10:00,15.21,15.22,15.21,15.21,3200,0
2015-02-10,17:15:00,15.22,15.23,15.2,15.21,4800,0
2015-02-10,17:20:00,15.21,15.23,15.2,15.23,17500,0
2015-02-10,17:25:00,15.23,15.25,15.21,15.23,3100,0
2015-02-10,17:30:00,15.24,15.25,15.2,15.2,9704,0
2015-02-10,17:35:00,15.2,15.2,15.2,15.2,1200,0
2015-02-10,17:40:00,15.19,15.2,15.19,15.2,13759,0
2015-02-10,17:45:00,15.19,15.21,15.19,15.21,3600,0
2015-02-10,17:50:00,15.21,15.21,15.19,15.21,2935,0
2015-02-10,17:55:00,15.23,15.23,15.22,15.23,2100,0
2015-02-10,18:00:00,15.23,15.23,15.22,15.23,2320,0
2015-02-10,18:05:00,15.23,15.24,15.21,15.21,5123,0
2015-02-10,18:10:00,15.2,15.21,15.2,15.21,800,0
2015-02-10,18:15:00,15.22,15.25,15.21,15.21,10300,0
2015-02-10,18:20:00,15.22,15.27,15.22,15.26,15605,0
2015-02-10,18:25:00,15.26,15.27,15.22,15.27,34028,0
2015-02-10,18:30:00,15.27,15.31,15.27,15.31,8400,0
2015-02-10,18:35:00,15.35,15.35,15.26,15.27,22588,0
2015-02-10,18:40:00,15.26,15.34,15.26,15.3,8302,0
2015-02-10,18:45:00,15.32,15.34,15.29,15.34,5900,0
2015-02-10,18:50:00,15.32,15.33,15.32,15.32,3250,0
2015-02-10,18:55:00,15.32,15.75,15.28,15.53,141219,0
2015-02-10,19:00:00,15.51,15.88,15.44,15.78,500933,0
2015-02-10,19:05:00,15.8,15.88,15.7,15.83,95888,0
2015-02-10,19:10:00,15.84,15.85,15.56,15.69,91930,0
2015-02-10,19:15:00,15.72,15.79,15.65,15.79,36283,0
2015-02-10,19:20:00,15.79,15.8,15.57,15.65,61683,0
2015-02-10,19:25:00,15.65,15.66,15.62,15.63,21930,0
2015-02-10,19:30:00,15.64,15.66,15.51,15.58,54967,0
2015-02-10,19:35:00,15.57,15.61,15.57,15.61,10868,0
2015-02-10,19:40:00,15.62,15.71,15.61,15.71,13885,0
2015-02-10,19:45:00,15.7,15.73,15.64,15.66,19692,0
2015-02-10,19:50:00,15.67,15.69,15.64,15.64,11350,0
2015-02-10,19:55:00,15.63,15.69,15.62,15.69,4568,0
2015-02-10,20:00:00,15.69,15.73,15.69,15.69,7400,0
2015-02-10,20:05:00,15.68,15.7,15.67,15.7,9208,0
2015-02-10,20:10:00,15.7,15.71,15.67,15.67,13894,0
2015-02-10,20:15:00,15.66,15.69,15.66,15.69,4601,0
2015-02-10,20:20:00,15.69,15.82,15.65,15.82,51492,0
2015-02-10,20:25:00,15.81,15.85,15.8,15.84,14002,0
2015-02-10,20:30:00,15.83,15.94,15.83,15.9,25927,0
2015-02-10,20:35:00,15.89,15.95,15.89,15.92,16330,0
2015-02-10,20:40:00,15.95,15.98,15.87,15.94,21709,0
2015-02-10,20:45:00,15.95,15.98,15.95,15.98,7868,0
2015-02-10,20:50:00,15.98,15.99,15.96,15.99,24099,0
2015-02-10,20:55:00,15.98,16.06,15.97,16.01,37888,0
2015-02-10,21:00:00,16.03,16.14,16.03,16.07,36187,0
2015-02-10,21:05:00,16.07,16.07,15.92,15.92,10595,0
2015-02-10,21:10:00,15.95,15.99,15.92,15.97,19550,0
2015-02-10,21:15:00,15.99,16.04,15.96,15.96,13769,0
2015-02-10,21:20:00,15.98,15.99,15.98,15.99,11000,0
2015-02-10,21:25:00,15.98,16.19,15.98,16.12,25757,0
2015-02-10,21:30:00,16.1,16.24,16.1,16.2,23767,0
2015-02-10,21:35:00,16.2,16.22,16.13,16.17,14603,0
2015-02-10,21:40:00,16.16,16.21,16.16,16.19,11200,0
2015-02-10,21:45:00,16.2,16.2,16.09,16.12,15613,0
2015-02-10,21:50:00,16.09,16.18,16.09,16.15,25947,0
2015-02-10,21:55:00,16.15,16.19,16.1,16.1,25030,0
2015-02-10,22:00:00,16.1,16.19,16.06,16.17,99698,0
2015-02-11,15:35:00,16.25,16.41,16.2,16.2,14030,0
2015-02-11,15:40:00,16.34,16.4,16.26,16.4,18110,0
2015-02-11,15:45:00,16.36,16.5,16.11,16.2,102935,0
2015-02-11,15:50:00,16.08,16.11,16.0,16.0,6400,0
2015-02-11,15:55:00,16.06,16.08,16.01,16.05,3800,0
2015-02-11,16:00:00,16.02,16.06,16.02,16.05,2233,0
2015-02-11,16:05:00,16.07,16.08,16.03,16.07,21505,0
2015-02-11,16:10:00,16.1,16.1,16.05,16.05,2100,0
2015-02-11,16:15:00,16.08,16.09,16.08,16.08,1100,0
2015-02-11,16:20:00,16.06,16.08,16.06,16.07,4700,0
2015-02-11,16:25:00,16.06,16.1,16.06,16.1,3700,0
2015-02-11,16:30:00,16.08,16.1,16.08,16.08,2800,0
2015-02-11,16:35:00,16.11,16.16,16.08,16.16,7356,0
2015-02-11,16:40:00,16.17,16.19,16.16,16.16,2115,0
2015-02-11,16:45:00,16.16,16.19,16.14,16.14,2900,0
2015-02-11,16:50:00,16.14,16.16,16.14,16.16,3300,0
2015-02-11,16:55:00,16.17,16.18,16.16,16.18,2600,0
2015-02-11,17:00:00,16.17,16.18,16.17,16.18,1700,0
2015-02-11,17:05:00,16.17,16.23,16.17,16.23,3512,0
2015-02-11,17:10:00,16.27,16.28,16.22,16.26,9066,0
2015-02-11,17:15:00,16.29,16.29,16.26,16.27,2650,0
2015-02-11,17:20:00,16.28,16.35,16.26,16.34,7100,0
2015-02-11,17:25:00,16.32,16.35,16.32,16.35,6551,0
2015-02-11,17:30:00,16.37,16.37,16.36,16.36,3230,0
2015-02-11,17:35:00,16.36,16.36,16.27,16.27,7106,0
2015-02-11,17:40:00,16.25,16.29,16.18,16.2,102600,0
2015-02-11,17:45:00,16.17,16.2,16.13,16.13,12100,0
2015-02-11,17:50:00,16.12,16.13,16.06,16.06,5000,0
2015-02-11,17:55:00,16.06,16.09,16.05,16.07,8410,0
2015-02-11,18:00:00,16.07,16.08,16.05,16.05,3600,0
2015-02-11,18:05:00,16.05,16.05,15.87,15.89,21050,0
2015-02-11,18:10:00,15.89,15.94,15.88,15.94,5200,0
2015-02-11,18:15:00,15.93,15.94,15.89,15.89,1800,0
2015-02-11,18:20:00,15.9,15.91,15.88,15.91,3216,0
2015-02-11,18:25:00,15.94,15.94,15.91,15.92,3650,0
2015-02-11,18:30:00,15.93,15.96,15.93,15.94,1200,0
2015-02-11,18:35:00,15.95,15.98,15.95,15.98,3000,0
2015-02-11,18:40:00,16.0,16.01,15.96,15.97,3901,0
2015-02-11,18:45:00,15.94,15.94,15.87,15.91,6017,0
2015-02-11,18:50:00,15.88,15.89,15.88,15.88,1300,0
2015-02-11,18:55:00,15.88,15.9,15.86,15.89,7123,0
2015-02-11,19:00:00,15.88,15.88,15.77,15.8,17049,0
2015-02-11,19:05:00,15.8,15.85,15.8,15.85,3900,0
2015-02-11,19:10:00,15.82,15.84,15.8,15.8,3298,0
2015-02-11,19:15:00,15.76,15.76,15.74,15.75,1000,0
2015-02-11,19:20:00,15.76,15.76,15.68,15.71,6504,0
2015-02-11,19:25:00,15.71,15.73,15.68,15.69,4467,0
2015-02-11,19:30:00,15.69,15.69,15.65,15.65,3040,0
2015-02-11,19:35:00,15.65,15.66,15.62,15.62,4300,0
2015-02-11,19:40:00,15.62,15.65,15.61,15.65,4500,0
2015-02-11,19:45:00,15.64,15.64,15.59,15.6,12100,0
2015-02-11,19:50:00,15.63,15.65,15.61,15.64,5719,0
2015-02-11,19:55:00,15.65,15.66,15.64,15.64,3270,0
2015-02-11,20:00:00,15.63,15.68,15.6,15.63,13600,0
2015-02-11,20:05:00,15.63,15.75,15.63,15.74,14020,0
2015-02-11,20:10:00,15.75,15.81,15.73,15.74,17920,0
2015-02-11,20:15:00,15.76,15.86,15.76,15.85,6624,0
2015-02-11,20:20:00,15.85,15.85,15.82,15.82,2400,0
2015-02-11,20:25:00,15.81,15.83,15.72,15.83,4848,0
2015-02-11,20:30:00,15.82,15.83,15.76,15.77,6981,0
2015-02-11,20:35:00,15.78,15.88,15.78,15.87,2900,0
2015-02-11,20:40:00,15.87,15.87,15.82,15.84,1900,0
2015-02-11,20:45:00,15.85,15.88,15.85,15.88,2500,0
2015-02-11,20:50:00,15.89,15.9,15.81,15.81,2100,0
2015-02-11,20:55:00,15.8,15.82,15.76,15.8,10900,0
2015-02-11,21:00:00,15.82,15.84,15.79,15.81,4050,0
2015-02-11,21:05:00,15.82,15.84,15.82,15.82,2900,0
2015-02-11,21:10:00,15.83,15.83,15.82,15.83,3015,0
2015-02-11,21:15:00,15.82,15.82,15.75,15.81,8628,0
2015-02-11,21:20:00,15.82,15.83,15.8,15.81,6174,0
2015-02-11,21:25:00,15.83,15.91,15.81,15.89,13230,0
2015-02-11,21:30:00,15.91,15.94,15.9,15.91,6150,0
2015-02-11,21:35:00,15.88,15.88,15.82,15.87,48600,0
2015-02-11,21:40:00,15.87,16.0,15.86,16.0,17500,0
2015-02-11,21:45:00,16.0,16.02,15.98,16.0,34840,0
2015-02-11,21:50:00,15.97,16.0,15.91,15.94,27604,0
2015-02-11,21:55:00,15.94,16.01,15.94,16.0,58706,0
2015-02-11,22:00:00,16.0,16.05,15.99,16.0,75409,0
2015-02-12,15:35:00,16.17,16.17,16.11,16.11,17008,0
2015-02-12,15:40:00,16.15,16.18,16.13,16.17,3400,0
2015-02-12,15:45:00,16.19,16.2,16.16,16.16,2823,0
2015-02-12,15:50:00,16.16,16.21,16.16,16.19,6700,0
2015-02-12,15:55:00,16.21,16.23,16.18,16.18,3600,0
2015-02-12,16:00:00,16.21,16.28,16.21,16.23,25762,0
2015-02-12,16:05:00,16.27,16.29,16.24,16.24,10245,0
2015-02-12,16:10:00,16.25,16.27,16.21,16.21,13188,0
2015-02-12,16:15:00,16.23,16.29,16.23,16.28,8000,0
2015-02-12,16:20:00,16.28,16.29,16.28,16.28,1800,0
2015-02-12,16:25:00,16.29,16.29,16.28,16.29,5200,0
2015-02-12,16:30:00,16.28,16.28,16.24,16.25,7734,0
2015-02-12,16:35:00,16.25,16.25,16.22,16.25,10150,0
2015-02-12,16:40:00,16.25,16.26,16.19,16.26,5587,0
2015-02-12,16:45:00,16.26,16.3,16.25,16.26,6850,0
2015-02-12,16:50:00,16.26,16.27,16.24,16.24,4650,0
2015-02-12,16:55:00,16.25,16.28,16.24,16.25,10098,0
2015-02-12,17:00:00,16.25,16.28,16.16,16.2,6296,0
2015-02-12,17:05:00,16.19,16.24,16.19,16.24,1200,0
2015-02-12,17:10:00,16.23,16.23,16.18,16.22,7408,0
2015-02-12,17:15:00,16.23,16.23,16.18,16.18,2500,0
2015-02-12,17:20:00,16.18,16.19,16.11,16.14,5560,0
2015-02-12,17:25:00,16.14,16.14,16.09,16.09,2610,0
2015-02-12,17:30:00,16.1,16.14,16.09,16.13,8810,0
2015-02-12,17:35:00,16.15,16.15,16.07,16.1,11337,0
2015-02-12,17:40:00,16.09,16.16,16.09,16.16,4000,0
2015-02-12,17:45:00,16.16,16.23,16.16,16.23,6300,0
2015-02-12,17:50:00,16.21,16.23,16.13,16.15,8302,0
2015-02-12,17:55:00,16.1,16.11,16.1,16.1,800,0
2015-02-12,18:00:00,16.11,16.11,16.1,16.1,1200,0
2015-02-12,18:05:00,16.11,16.14,16.11,16.13,1400,0
2015-02-12,18:10:00,16.13,16.13,15.99,16.05,7603,0
2015-02-12,18:15:00,16.04,16.08,16.04,16.08,1400,0
2015-02-12,18:20:00,16.06,16.09,16.04,16.06,2700,0
2015-02-12,18:25:00,16.06,16.07,16.03,16.03,700,0
2015-02-12,18:30:00,16.04,16.05,16.03,16.03,700,0
2015-02-12,18:35:00,16.04,16.07,16.04,16.07,900,0
2015-02-12,18:40:00,16.08,16.13,16.08,16.13,2389,0
2015-02-12,18:45:00,16.11,16.11,16.06,16.06,1400,0
2015-02-12,18:50:00,16.05,16.07,16.04,16.05,2200,0
2015-02-12,18:55:00,16.06,16.06,16.02,16.04,2654,0
2015-02-12,19:00:00,16.04,16.06,16.04,16.06,1600,0
2015-02-12,19:05:00,16.05,16.06,16.05,16.06,1700,0
2015-02-12,19:10:00,16.05,16.06,15.99,16.05,5196,0
2015-02-12,19:15:00,16.05,16.07,16.05,16.07,1200,0
2015-02-12,19:20:00,16.06,16.07,16.0,16.04,5319,0
2015-02-12,19:25:00,16.04,16.1,16.03,16.05,10050,0
2015-02-12,19:30:00,16.09,16.12,16.07,16.07,3900,0
2015-02-12,19:35:00,16.08,16.11,16.07,16.07,3500,0
2015-02-12,19:40:00,16.09,16.1,16.08,16.08,1500,0
2015-02-12,19:45:00,16.08,16.09,16.07,16.08,7200,0
2015-02-12,19:50:00,16.07,16.09,15.97,16.02,17225,0
2015-02-12,19:55:00,16.01,16.01,15.98,16.01,4100,0
2015-02-12,20:00:00,16.03,16.04,16.01,16.02,5359,0
2015-02-12,20:05:00,16.02,16.1,16.01,16.08,6300,0
2015-02-12,20:10:00,16.07,16.08,16.05,16.06,1800,0
2015-02-12,20:15:00,16.08,16.11,16.06,16.09,1304,0
2015-02-12,20:20:00,16.12,16.12,16.08,16.08,1800,0
2015-02-12,20:25:00,16.1,16.11,16.09,16.11,1879,0
2015-02-12,20:30:00,16.14,16.14,16.07,16.08,3700,0
2015-02-12,20:35:00,16.08,16.13,16.08,16.13,4519,0
2015-02-12,20:40:00,16.13,16.2,16.13,16.2,5779,0
2015-02-12,20:45:00,16.21,16.22,16.19,16.2,6140,0
2015-02-12,20:50:00,16.2,16.2,16.18,16.19,3200,0
2015-02-12,20:55:00,16.19,16.19,16.16,16.17,5900,0
2015-02-12,21:00:00,16.16,16.18,16.14,16.16,36460,0
2015-02-12,21:05:00,16.15,16.2,16.14,16.14,26980,0
2015-02-12,21:10:00,16.13,16.15,16.13,16.15,9000,0
2015-02-12,21:15:00,16.15,16.15,16.06,16.06,11900,0
2015-02-12,21:20:00,16.08,16.17,16.08,16.14,26780,0
2015-02-12,21:25:00,16.14,16.16,16.07,16.1,18900,0
2015-02-12,21:30:00,16.1,16.11,16.06,16.06,10780,0
2015-02-12,21:35:00,16.07,16.1,16.02,16.03,14893,0
2015-02-12,21:40:00,16.03,16.08,16.02,16.07,16729,0
2015-02-12,21:45:00,16.05,16.1,16.04,16.05,26656,0
2015-02-12,21:50:00,16.08,16.1,16.03,16.05,25438,0
2015-02-12,21:55:00,16.05,16.06,16.04,16.04,13900,0
2015-02-12,22:00:00,16.07,16.13,16.04,16.04,108581,0
2015-02-13,15:35:00,16.03,16.03,15.99,15.99,6651,0
2015-02-13,15:40:00,16.01,16.03,15.96,15.97,10298,0
2015-02-13,15:45:00,15.97,15.97,15.96,15.96,900,0
2015-02-13,15:50:00,15.97,16.03,15.97,15.98,12726,0
2015-02-13,15:55:00,15.96,15.96,15.9,15.9,4200,0
2015-02-13,16:00:00,15.91,15.97,15.91,15.97,3300,0
2015-02-13,16:05:00,15.95,15.95,15.85,15.85,10487,0
2015-02-13,16:10:00,15.91,15.91,15.86,15.89,2300,0
2015-02-13,16:15:00,15.9,15.93,15.9,15.9,500,0
2015-02-13,16:20:00,15.9,15.91,15.82,15.82,5140,0
2015-02-13,16:25:00,15.82,15.84,15.76,15.76,4500,0
2015-02-13,16:30:00,15.8,15.8,15.77,15.78,11229,0
2015-02-13,16:35:00,15.77,15.78,15.72,15.77,10314,0
2015-02-13,16:40:00,15.78,15.79,15.78,15.79,700,0
2015-02-13,16:45:00,15.8,15.8,15.77,15.77,1606,0
2015-02-13,16:50:00,15.76,15.78,15.75,15.77,1715,0
2015-02-13,16:55:00,15.78,15.8,15.71,15.75,12923,0
2015-02-13,17:00:00,15.75,15.77,15.73,15.75,3800,0
2015-02-13,17:05:00,15.74,15.74,15.69,15.7,8757,0
2015-02-13,17:10:00,15.72,15.74,15.65,15.73,23800,0
2015-02-13,17:15:00,15.68,15.71,15.65,15.66,4300,0
2015-02-13,17:20:00,15.65,15.69,15.64,15.69,4608,0
2015-02-13,17:25:00,15.71,15.79,15.71,15.79,4245,0
2015-02-13,17:30:00,15.77,15.79,15.77,15.79,1200,0
2015-02-13,17:35:00,15.79,15.79,15.79,15.79,400,0
2015-02-13,17:40:00,15.79,15.8,15.76,15.77,6800,0
2015-02-13,17:45:00,15.75,15.78,15.75,15.78,3000,0
2015-02-13,17:50:00,15.79,15.79,15.78,15.78,1800,0
2015-02-13,17:55:00,15.77,15.8,15.76,15.8,3500,0
2015-02-13,18:00:00,15.79,15.86,15.79,15.85,1200,0
2015-02-13,18:05:00,15.84,15.86,15.84,15.85,2200,0
2015-02-13,18:10:00,15.85,15.87,15.82,15.84,5500,0
2015-02-13,18:15:00,15.84,15.87,15.82,15.82,2500,0
2015-02-13,18:20:00,15.85,15.87,15.79,15.79,2594,0
2015-02-13,18:25:00,15.79,15.82,15.79,15.81,3520,0
2015-02-13,18:30:00,15.77,15.78,15.76,15.78,5170,0
2015-02-13,18:35:00,15.78,15.83,15.76,15.83,2548,0
2015-02-13,18:40:00,15.8,15.85,15.78,15.78,4800,0
2015-02-13,18:45:00,15.77,15.78,15.75,15.76,900,0
2015-02-13,18:50:00,15.78,15.79,15.74,15.75,7800,0
2015-02-13,18:55:00,15.77,15.77,15.75,15.75,4900,0
2015-02-13,19:00:00,15.75,15.76,15.74,15.74,4500,0
2015-02-13,19:05:00,15.75,15.76,15.75,15.75,1900,0
2015-02-13,19:10:00,15.77,15.8,15.77,15.8,900,0
2015-02-13,19:15:00,15.8,15.8,15.75,15.75,2300,0
2015-02-13,19:20:00,15.75,15.75,15.74,15.75,5601,0
2015-02-13,19:25:00,15.75,15.75,15.75,15.75,2400,0
2015-02-13,19:30:00,15.75,15.75,15.74,15.75,2290,0
2015-02-13,19:35:00,15.75,15.75,15.74,15.75,2400,0
2015-02-13,19:40:00,15.76,15.79,15.75,15.79,6400,0
2015-02-13,19:45:00,15.78,15.86,15.78,15.86,16070,0
2015-02-13,19:50:00,15.86,15.9,15.86,15.89,2800,0
2015-02-13,19:55:00,15.89,15.91,15.88,15.89,14630,0
2015-02-13,20:00:00,15.88,15.91,15.88,15.9,13798,0
2015-02-13,20:05:00,15.9,15.91,15.9,15.91,1300,0
2015-02-13,20:10:00,15.91,15.92,15.9,15.92,3200,0
2015-02-13,20:15:00,15.92,15.94,15.89,15.9,8436,0
2015-02-13,20:20:00,15.9,15.92,15.9,15.91,2900,0
2015-02-13,20:25:00,15.92,15.93,15.91,15.93,1900,0
2015-02-13,20:30:00,15.96,15.98,15.95,15.97,4700,0
2015-02-13,20:35:00,15.99,15.99,15.94,15.94,3500,0
2015-02-13,20:40:00,15.97,15.97,15.93,15.94,8100,0
2015-02-13,20:45:00,15.96,16.0,15.96,16.0,3444,0
2015-02-13,20:50:00,15.99,16.02,15.98,16.02,8508,0
2015-02-13,20:55:00,16.03,16.04,16.02,16.04,3865,0
2015-02-13,21:00:00,16.04,16.07,16.02,16.02,19200,0
2015-02-13,21:05:00,16.01,16.02,16.01,16.02,2200,0
2015-02-13,21:10:00,16.02,16.04,15.93,15.96,26963,0
2015-02-13,21:15:00,15.97,15.99,15.94,15.99,6100,0
2015-02-13,21:20:00,15.99,16.01,15.99,16.0,3100,0
2015-02-13,21:25:00,16.01,16.04,16.01,16.01,10200,0
2015-02-13,21:30:00,16.02,16.02,15.94,15.95,21113,0
2015-02-13,21:35:00,15.97,16.03,15.96,16.03,14600,0
2015-02-13,21:40:00,16.01,16.04,16.01,16.01,31066,0
2015-02-13,21:45:00,16.0,16.02,15.98,15.99,13237,0
2015-02-13,21:50:00,16.0,16.02,15.99,16.0,9750,0
2015-02-13,21:55:00,15.99,16.04,15.99,16.04,17215,0
2015-02-13,22:00:00,16.04,16.04,16.02,16.04,42695,0
2015-02-17,15:35:00,16.03,16.03,15.93,15.93,1200,0
2015-02-17,15:40:00,15.93,16.02,15.93,15.94,4125,0
2015-02-17,15:45:00,15.94,16,15.93,15.93,1200,0
2015-02-17,15:50:00,15.98,15.98,15.97,15.97,600,0
2015-02-17,15:55:00,15.98,16,15.98,15.99,4633,0
2015-02-17,16:00:00,16,16,15.98,15.99,900,0
2015-02-17,16:05:00,16.02,16.02,16,16.01,25076,0
2015-02-17,16:10:00,16.01,16.02,15.99,16,7900,0
2015-02-17,16:15:00,15.99,15.99,15.97,15.97,1300,0
2015-02-17,16:20:00,15.97,15.97,15.95,15.97,4594,0
2015-02-17,16:25:00,15.96,15.96,15.92,15.92,1200,0
2015-02-17,16:30:00,15.95,15.96,15.94,15.95,2200,0
2015-02-17,16:35:00,15.95,15.95,15.94,15.94,1834,0
2015-02-17,16:40:00,15.95,15.97,15.94,15.94,1700,0
2015-02-17,16:45:00,15.97,15.98,15.97,15.98,1806,0
2015-02-17,16:50:00,15.98,15.98,15.98,15.98,1200,0
2015-02-17,16:55:00,15.96,15.96,15.93,15.96,1100,0
2015-02-17,17:00:00,15.93,15.96,15.93,15.96,500,0
2015-02-17,17:05:00,15.96,15.97,15.96,15.96,1500,0
2015-02-17,17:15:00,15.94,15.95,15.94,15.95,1900,0
2015-02-17,17:20:00,15.96,15.99,15.96,15.99,1000,0
2015-02-17,17:25:00,16,16.01,16,16.01,900,0
2015-02-17,17:30:00,16.01,16.01,16.01,16.01,2066,0
2015-02-17,17:35:00,16,16,16,16,2200,0
2015-02-17,17:40:00,15.98,15.99,15.98,15.99,1200,0
2015-02-17,17:45:00,15.98,16.01,15.98,15.99,1400,0
2015-02-17,17:50:00,15.99,15.99,15.98,15.98,200,0
2015-02-17,17:55:00,15.98,15.98,15.98,15.98,500,0
2015-02-17,18:00:00,16,16,15.99,16,1700,0
2015-02-17,18:05:00,15.99,15.99,15.99,15.99,1000,0
2015-02-17,18:10:00,15.98,16.01,15.94,15.94,4513,0
2015-02-17,18:15:00,15.94,15.96,15.94,15.96,1000,0
2015-02-17,18:20:00,15.94,15.97,15.94,15.94,900,0
2015-02-17,18:25:00,15.95,15.96,15.94,15.95,1190,0
2015-02-17,18:30:00,15.95,15.95,15.94,15.94,600,0
2015-02-17,18:35:00,15.95,15.95,15.93,15.95,700,0
2015-02-17,18:40:00,15.96,15.96,15.96,15.96,200,0
2015-02-17,18:45:00,15.95,15.97,15.95,15.97,3600,0
2015-02-17,18:50:00,15.98,15.98,15.98,15.98,200,0
2015-02-17,18:55:00,15.97,15.97,15.91,15.91,3802,0
2015-02-17,19:00:00,15.9,15.9,15.86,15.88,13200,0
2015-02-17,19:05:00,15.87,15.88,15.87,15.88,600,0
2015-02-17,19:10:00,15.89,15.9,15.89,15.9,700,0
2015-02-17,19:15:00,15.91,15.91,15.9,15.9,1700,0
2015-02-17,19:20:00,15.89,15.89,15.88,15.88,200,0
2015-02-17,19:25:00,15.9,15.9,15.86,15.88,3655,0
2015-02-17,19:30:00,15.87,15.88,15.83,15.85,5563,0
2015-02-17,19:35:00,15.83,15.88,15.82,15.88,3621,0
2015-02-17,19:40:00,15.86,15.87,15.84,15.86,6194,0
2015-02-17,19:45:00,15.84,15.85,15.83,15.84,1200,0
2015-02-17,19:50:00,15.84,15.86,15.84,15.86,5600,0
2015-02-17,19:55:00,15.84,15.85,15.78,15.82,7287,0
2015-02-17,20:00:00,15.81,15.81,15.78,15.78,4100,0
2015-02-17,20:05:00,15.78,15.79,15.78,15.79,1400,0
2015-02-17,20:10:00,15.79,15.79,15.78,15.78,1100,0
2015-02-17,20:15:00,15.77,15.77,15.74,15.74,7100,0
2015-02-17,20:20:00,15.74,15.74,15.71,15.71,6552,0
2015-02-17,20:25:00,15.72,15.76,15.72,15.75,5103,0
2015-02-17,20:30:00,15.75,15.77,15.75,15.76,3100,0
2015-02-17,20:35:00,15.75,15.77,15.75,15.77,1700,0
2015-02-17,20:40:00,15.77,15.81,15.77,15.78,7299,0
2015-02-17,20:45:00,15.77,15.78,15.77,15.77,800,0
2015-02-17,20:50:00,15.78,15.78,15.69,15.72,10910,0
2015-02-17,20:55:00,15.73,15.74,15.73,15.73,1600,0
2015-02-17,21:00:00,15.72,15.74,15.7,15.72,3800,0
2015-02-17,21:05:00,15.7,15.7,15.7,15.7,200,0
2015-02-17,21:10:00,15.73,15.76,15.73,15.75,2900,0
2015-02-17,21:15:00,15.76,15.77,15.75,15.75,1000,0
2015-02-17,21:20:00,15.76,15.76,15.71,15.74,6000,0
2015-02-17,21:25:00,15.75,15.75,15.73,15.74,4236,0
2015-02-17,21:30:00,15.73,15.75,15.73,15.74,3400,0
2015-02-17,21:35:00,15.73,15.76,15.72,15.76,7328,0
2015-02-17,21:40:00,15.75,15.75,15.72,15.73,5950,0
2015-02-17,21:45:00,15.72,15.73,15.71,15.72,5424,0
2015-02-17,21:50:00,15.71,15.71,15.62,15.63,15173,0
2015-02-17,21:55:00,15.63,15.7,15.63,15.69,17283,0
2015-02-17,22:00:00,15.69,15.77,15.69,15.71,70644,0
2015-02-18,15:40:00,15.75,15.86,15.75,15.86,2900,0
2015-02-18,15:45:00,15.85,15.85,15.78,15.78,1500,0
2015-02-18,15:50:00,15.83,15.85,15.79,15.85,4300,0
2015-02-18,16:00:00,15.81,15.83,15.81,15.81,2732,0
2015-02-18,16:05:00,15.8,15.83,15.8,15.8,4800,0
2015-02-18,16:10:00,15.81,15.86,15.81,15.83,1100,0
2015-02-18,16:15:00,15.89,15.89,15.82,15.83,3825,0
2015-02-18,16:20:00,15.82,15.85,15.82,15.85,950,0
2015-02-18,16:25:00,15.83,15.85,15.8,15.82,5200,0
2015-02-18,16:30:00,15.81,15.83,15.81,15.81,3200,0
2015-02-18,16:35:00,15.83,15.83,15.83,15.83,2660,0
2015-02-18,16:40:00,15.88,15.89,15.88,15.89,500,0
2015-02-18,16:45:00,15.89,15.89,15.86,15.87,5700,0
2015-02-18,16:50:00,15.86,15.92,15.86,15.9,3500,0
2015-02-18,16:55:00,15.91,15.95,15.89,15.95,22893,0
2015-02-18,17:00:00,15.91,15.95,15.91,15.93,3100,0
2015-02-18,17:05:00,15.95,15.95,15.93,15.93,1200,0
2015-02-18,17:10:00,15.92,15.95,15.92,15.95,1200,0
2015-02-18,17:15:00,15.94,15.94,15.92,15.92,400,0
2015-02-18,17:20:00,15.94,15.95,15.91,15.93,1600,0
2015-02-18,17:25:00,15.93,15.93,15.91,15.92,2200,0
2015-02-18,17:35:00,15.93,15.95,15.92,15.93,3200,0
2015-02-18,17:40:00,15.94,15.94,15.93,15.93,2100,0
2015-02-18,17:45:00,15.9,15.91,15.89,15.9,900,0
2015-02-18,17:50:00,15.88,15.9,15.88,15.9,900,0
2015-02-18,17:55:00,15.86,15.88,15.86,15.87,1497,0
2015-02-18,18:00:00,15.89,15.92,15.88,15.91,4300,0
2015-02-18,18:05:00,15.9,15.92,15.9,15.91,600,0
2015-02-18,18:10:00,15.91,15.92,15.9,15.92,1400,0
2015-02-18,18:15:00,15.92,15.95,15.9,15.93,6900,0
2015-02-18,18:25:00,15.95,15.98,15.95,15.98,8000,0
2015-02-18,18:30:00,15.97,15.97,15.97,15.97,100,0
2015-02-18,18:35:00,15.97,15.97,15.93,15.93,5700,0
2015-02-18,18:40:00,15.92,15.93,15.92,15.92,1200,0
2015-02-18,18:45:00,15.9,15.92,15.9,15.91,2900,0
2015-02-18,18:50:00,15.91,15.95,15.91,15.95,7201,0
2015-02-18,18:55:00,15.95,15.95,15.95,15.95,600,0
2015-02-18,19:00:00,15.93,15.93,15.93,15.93,100,0
2015-02-18,19:05:00,15.93,15.97,15.93,15.95,3206,0
2015-02-18,19:10:00,15.96,15.97,15.94,15.95,4458,0
2015-02-18,19:15:00,15.95,15.96,15.95,15.95,4853,0
2015-02-18,19:20:00,15.95,15.95,15.95,15.95,2500,0
2015-02-18,19:25:00,15.95,15.95,15.88,15.9,1400,0
2015-02-18,19:30:00,15.87,15.9,15.87,15.9,7207,0
2015-02-18,19:35:00,15.91,15.91,15.91,15.91,600,0
2015-02-18,19:40:00,15.9,15.9,15.9,15.9,2300,0
2015-02-18,19:45:00,15.9,15.9,15.9,15.9,1400,0
2015-02-18,19:50:00,15.91,15.93,15.91,15.93,1900,0
2015-02-18,19:55:00,15.93,15.98,15.93,15.97,11000,0
2015-02-18,20:00:00,15.97,15.97,15.93,15.96,1900,0
2015-02-18,20:05:00,15.97,16,15.97,15.98,3300,0
2015-02-18,20:10:00,15.96,15.98,15.96,15.97,1600,0
2015-02-18,20:15:00,15.96,15.96,15.96,15.96,500,0
2015-02-18,20:20:00,15.97,15.98,15.95,15.96,40581,0
2015-02-18,20:25:00,15.95,15.96,15.95,15.95,600,0
2015-02-18,20:30:00,15.95,15.96,15.95,15.96,1200,0
2015-02-18,20:35:00,15.96,16,15.95,15.97,9299,0
2015-02-18,20:40:00,16.01,16.01,15.99,15.99,1893,0
2015-02-18,20:45:00,16.02,16.02,16.02,16.02,800,0
2015-02-18,20:50:00,16.01,16.01,15.98,15.98,1400,0
2015-02-18,20:55:00,15.99,16,15.97,16,800,0
2015-02-18,21:00:00,15.99,16.02,15.98,16,5600,0
2015-02-18,21:05:00,16.02,16.02,16,16.02,3800,0
2015-02-18,21:10:00,16.03,16.03,16.01,16.01,2100,0
2015-02-18,21:15:00,16.01,16.01,16,16,700,0
2015-02-18,21:20:00,16.01,16.01,15.98,15.99,3715,0
2015-02-18,21:25:00,15.98,15.98,15.94,15.95,1700,0
2015-02-18,21:30:00,15.96,16.02,15.96,15.99,21593,0
2015-02-18,21:35:00,15.99,16.01,15.99,16,7127,0
2015-02-18,21:40:00,16.01,16.01,16,16,800,0
2015-02-18,21:45:00,16,16.03,16,16.01,4334,0
2015-02-18,21:50:00,16.02,16.02,16.01,16.01,4600,0
2015-02-18,21:55:00,16.01,16.02,16.01,16.01,3100,0
2015-02-18,22:00:00,16.01,16.04,16.01,16.02,25823,0
2015-02-19,15:35:00,16.01,16.01,16,16,3806,0
2015-02-19,15:40:00,16.04,16.04,16,16,1112,0
2015-02-19,15:45:00,16.01,16.01,15.99,15.99,2299,0
2015-02-19,15:50:00,15.98,16,15.95,15.95,11220,0
2015-02-19,15:55:00,15.98,15.99,15.97,15.99,3000,0
2015-02-19,16:00:00,15.96,15.99,15.96,15.99,2650,0
2015-02-19,16:05:00,16.01,16.02,16,16.02,5100,0
2015-02-19,16:10:00,16.04,16.05,16.03,16.05,3699,0
2015-02-19,16:15:00,16.03,16.07,16.03,16.05,2103,0
2015-02-19,16:20:00,16.04,16.04,16,16,2618,0
2015-02-19,16:25:00,16,16,16,16,400,0
2015-02-19,16:30:00,16,16.03,16,16.02,3100,0
2015-02-19,16:40:00,16,16.02,15.97,15.99,2484,0
2015-02-19,16:45:00,16.03,16.03,16.01,16.01,6302,0
2015-02-19,16:50:00,16.03,16.03,16.02,16.02,1300,0
2015-02-19,16:55:00,16.01,16.02,15.99,15.99,900,0
2015-02-19,17:00:00,15.99,16.02,15.99,16.02,2000,0
2015-02-19,17:05:00,16.03,16.04,16.01,16.04,11667,0
2015-02-19,17:10:00,16.04,16.07,16.03,16.03,19004,0
2015-02-19,17:15:00,16.03,16.1,16.03,16.1,1900,0
2015-02-19,17:20:00,16.1,16.13,16.1,16.12,4250,0
2015-02-19,17:25:00,16.14,16.16,16.13,16.16,1600,0
2015-02-19,17:30:00,16.17,16.24,16.15,16.24,22881,0
2015-02-19,17:35:00,16.25,16.25,16.23,16.23,800,0
2015-02-19,17:40:00,16.25,16.26,16.24,16.24,2407,0
2015-02-19,17:45:00,16.25,16.28,16.23,16.24,13047,0
2015-02-19,17:50:00,16.25,16.27,16.23,16.24,12000,0
2015-02-19,17:55:00,16.24,16.24,16.2,16.21,1800,0
2015-02-19,18:00:00,16.2,16.23,16.2,16.21,1000,0
2015-02-19,18:05:00,16.22,16.23,16.2,16.21,6300,0
2015-02-19,18:10:00,16.21,16.23,16.18,16.22,8250,0
2015-02-19,18:15:00,16.23,16.27,16.22,16.25,10850,0
2015-02-19,18:20:00,16.25,16.29,16.23,16.26,14740,0
2015-02-19,18:25:00,16.25,16.27,16.24,16.25,2600,0
2015-02-19,18:30:00,16.25,16.25,16.24,16.25,1050,0
2015-02-19,18:35:00,16.24,16.25,16.24,16.25,799,0
2015-02-19,18:40:00,16.26,16.26,16.25,16.25,1400,0
2015-02-19,18:45:00,16.26,16.26,16.24,16.24,14300,0
2015-02-19,18:50:00,16.24,16.29,16.23,16.26,10700,0
2015-02-19,18:55:00,16.27,16.3,16.26,16.3,2700,0
2015-02-19,19:00:00,16.3,16.31,16.26,16.28,11300,0
2015-02-19,19:05:00,16.3,16.3,16.28,16.28,600,0
2015-02-19,19:10:00,16.28,16.31,16.28,16.29,7000,0
2015-02-19,19:15:00,16.3,16.3,16.28,16.3,2600,0
2015-02-19,19:20:00,16.3,16.31,16.27,16.27,8300,0
2015-02-19,19:25:00,16.28,16.3,16.25,16.29,11340,0
2015-02-19,19:30:00,16.29,16.3,16.28,16.3,1100,0
2015-02-19,19:35:00,16.3,16.3,16.28,16.3,4414,0
2015-02-19,19:40:00,16.29,16.29,16.29,16.29,1000,0
2015-02-19,19:45:00,16.29,16.29,16.26,16.26,4846,0
2015-02-19,19:50:00,16.26,16.3,16.26,16.3,11900,0
2015-02-19,19:55:00,16.29,16.3,16.29,16.29,2300,0
2015-02-19,20:00:00,16.29,16.29,16.29,16.29,1000,0
2015-02-19,20:05:00,16.29,16.29,16.27,16.29,1500,0
2015-02-19,20:10:00,16.29,16.29,16.28,16.28,900,0
2015-02-19,20:15:00,16.27,16.28,16.25,16.28,1900,0
2015-02-19,20:20:00,16.28,16.3,16.27,16.3,7463,0
2015-02-19,20:25:00,16.3,16.3,16.28,16.28,4700,0
2015-02-19,20:30:00,16.27,16.28,16.25,16.27,1900,0
2015-02-19,20:35:00,16.28,16.3,16.25,16.25,6250,0
2015-02-19,20:40:00,16.25,16.26,16.16,16.16,14600,0
2015-02-19,20:45:00,16.18,16.24,16.16,16.16,22801,0
2015-02-19,20:50:00,16.16,16.19,16.16,16.18,2000,0
2015-02-19,20:55:00,16.18,16.18,16.14,16.15,7000,0
2015-02-19,21:00:00,16.14,16.2,16.14,16.19,3900,0
2015-02-19,21:05:00,16.18,16.19,16.18,16.18,2400,0
2015-02-19,21:10:00,16.18,16.26,16.18,16.2,28586,0
2015-02-19,21:15:00,16.21,16.23,16.2,16.2,7801,0
2015-02-19,21:20:00,16.21,16.23,16.2,16.2,17700,0
2015-02-19,21:25:00,16.22,16.31,16.2,16.3,19500,0
2015-02-19,21:30:00,16.29,16.31,16.26,16.29,15920,0
2015-02-19,21:35:00,16.3,16.32,16.26,16.3,25505,0
2015-02-19,21:40:00,16.3,16.34,16.28,16.28,20800,0
2015-02-19,21:45:00,16.28,16.33,16.28,16.3,12700,0
2015-02-19,21:50:00,16.29,16.3,16.26,16.29,23500,0
2015-02-19,21:55:00,16.29,16.3,16.25,16.28,28228,0
2015-02-19,22:00:00,16.28,16.33,16.26,16.32,124584,0
2015-02-20,15:35:00,16.32,16.32,16.17,16.25,4716,0
2015-02-20,15:40:00,16.22,16.22,16.16,16.16,1000,0
2015-02-20,15:45:00,16.16,16.16,16.06,16.06,4900,0
2015-02-20,15:50:00,16.05,16.12,16.05,16.11,2352,0
2015-02-20,15:55:00,16.02,16.02,16.02,16.02,2600,0
2015-02-20,16:00:00,16.04,16.05,16.02,16.02,7172,0
2015-02-20,16:05:00,16.02,16.05,16,16.05,10280,0
2015-02-20,16:10:00,16.04,16.06,16.04,16.04,1600,0
2015-02-20,16:15:00,16.03,16.06,16.02,16.02,1796,0
2015-02-20,16:20:00,16.05,16.05,16.03,16.04,600,0
2015-02-20,16:25:00,16.05,16.05,16,16.02,7550,0
2015-02-20,16:30:00,16.01,16.02,16,16,1900,0
2015-02-20,16:35:00,16,16.01,16,16.01,2100,0
2015-02-20,16:40:00,16.01,16.01,16.01,16.01,2100,0
2015-02-20,16:45:00,16.04,16.05,16.04,16.05,1020,0
2015-02-20,16:50:00,16.05,16.1,16.05,16.05,4000,0
2015-02-20,16:55:00,16.03,16.03,16.02,16.02,300,0
2015-02-20,17:00:00,16.04,16.05,16.03,16.04,1000,0
2015-02-20,17:05:00,16.05,16.06,16.05,16.06,700,0
2015-02-20,17:10:00,16.04,16.04,16.04,16.04,400,0
2015-02-20,17:15:00,16.04,16.04,16.02,16.02,800,0
2015-02-20,17:20:00,16,16.01,16,16,9200,0
2015-02-20,17:25:00,16,16.01,16,16,4500,0
2015-02-20,17:30:00,16,16.1,16,16.1,17722,0
2015-02-20,17:35:00,16.15,16.21,16.13,16.21,4900,0
2015-02-20,17:40:00,16.2,16.24,16.19,16.24,9825,0
2015-02-20,17:45:00,16.24,16.24,16.19,16.22,12400,0
2015-02-20,17:50:00,16.2,16.22,16.13,16.14,14928,0
2015-02-20,17:55:00,16.16,16.17,16.14,16.15,60000,0
2015-02-20,18:00:00,16.16,16.2,16.15,16.19,8800,0
2015-02-20,18:05:00,16.22,16.25,16.22,16.25,2400,0
2015-02-20,18:10:00,16.25,16.25,16.21,16.21,10100,0
2015-02-20,18:15:00,16.25,16.25,16.25,16.25,100,0
2015-02-20,18:20:00,16.25,16.3,16.25,16.3,4100,0
2015-02-20,18:25:00,16.27,16.3,16.27,16.28,14800,0
2015-02-20,18:30:00,16.29,16.32,16.29,16.3,2000,0
2015-02-20,18:35:00,16.32,16.32,16.31,16.31,700,0
2015-02-20,18:40:00,16.34,16.34,16.3,16.3,3400,0
2015-02-20,18:45:00,16.29,16.29,16.25,16.25,500,0
2015-02-20,18:50:00,16.24,16.27,16.23,16.27,1100,0
2015-02-20,18:55:00,16.29,16.29,16.27,16.28,3000,0
2015-02-20,19:00:00,16.27,16.29,16.26,16.28,2433,0
2015-02-20,19:05:00,16.29,16.29,16.27,16.27,9800,0
2015-02-20,19:10:00,16.25,16.25,16.25,16.25,100,0
2015-02-20,19:15:00,16.25,16.25,16.25,16.25,300,0
2015-02-20,19:20:00,16.25,16.25,16.25,16.25,1400,0
2015-02-20,19:25:00,16.25,16.25,16.25,16.25,600,0
2015-02-20,19:30:00,16.25,16.25,16.25,16.25,59700,0
2015-02-20,19:35:00,16.25,16.25,16.25,16.25,1500,0
2015-02-20,19:40:00,16.25,16.26,16.23,16.23,1900,0
2015-02-20,19:45:00,16.21,16.21,16.2,16.2,3300,0
2015-02-20,19:50:00,16.2,16.2,16.2,16.2,900,0
2015-02-20,19:55:00,16.2,16.21,16.2,16.2,2373,0
2015-02-20,20:00:00,16.2,16.2,16.2,16.2,900,0
2015-02-20,20:05:00,16.2,16.2,16.2,16.2,600,0
2015-02-20,20:10:00,16.2,16.21,16.18,16.21,6322,0
2015-02-20,20:20:00,16.21,16.21,16.2,16.2,3900,0
2015-02-20,20:25:00,16.2,16.2,16.2,16.2,100,0
2015-02-20,20:30:00,16.2,16.2,16.2,16.2,2800,0
2015-02-20,20:35:00,16.2,16.24,16.2,16.24,14500,0
2015-02-20,20:40:00,16.24,16.24,16.21,16.21,2200,0
2015-02-20,20:45:00,16.2,16.25,16.2,16.23,16770,0
2015-02-20,20:50:00,16.25,16.26,16.24,16.26,3268,0
2015-02-20,20:55:00,16.25,16.26,16.25,16.25,2135,0
2015-02-20,21:00:00,16.25,16.26,16.25,16.25,1000,0
2015-02-20,21:05:00,16.26,16.29,16.25,16.28,2100,0
2015-02-20,21:10:00,16.31,16.33,16.28,16.31,800,0
2015-02-20,21:15:00,16.32,16.34,16.29,16.29,3000,0
2015-02-20,21:20:00,16.3,16.3,16.24,16.26,8943,0
2015-02-20,21:25:00,16.27,16.31,16.26,16.31,2800,0
2015-02-20,21:30:00,16.29,16.33,16.28,16.29,13134,0
2015-02-20,21:35:00,16.29,16.31,16.28,16.29,2700,0
2015-02-20,21:40:00,16.3,16.33,16.29,16.29,7005,0
2015-02-20,21:45:00,16.28,16.28,16.12,16.25,24539,0
2015-02-20,21:50:00,16.25,16.27,16.24,16.25,9591,0
2015-02-20,21:55:00,16.24,16.28,16.23,16.26,9942,0
2015-02-20,22:00:00,16.28,16.29,16.25,16.29,41223,0
2015-02-23,15:35:00,16.04,16.12,15.81,16.01,16400,0
2015-02-23,15:40:00,16.01,16.03,15.83,15.83,24222,0
2015-02-23,15:45:00,15.85,15.9,15.85,15.85,20800,0
2015-02-23,15:50:00,15.85,15.85,15.75,15.75,5100,0
2015-02-23,15:55:00,15.75,15.76,15.75,15.76,2112,0
2015-02-23,16:00:00,15.79,15.81,15.75,15.78,12593,0
2015-02-23,16:05:00,15.76,15.79,15.73,15.75,13390,0
2015-02-23,16:10:00,15.76,15.76,15.72,15.75,18650,0
2015-02-23,16:15:00,15.76,15.76,15.65,15.75,17322,0
2015-02-23,16:20:00,15.77,15.89,15.75,15.87,48533,0
2015-02-23,16:25:00,15.85,15.9,15.84,15.85,18770,0
2015-02-23,16:30:00,15.87,15.89,15.85,15.89,1000,0
2015-02-23,16:35:00,15.88,16,15.87,15.99,16100,0
2015-02-23,16:40:00,15.97,16,15.97,15.97,5200,0
2015-02-23,16:45:00,15.95,15.95,15.86,15.87,3130,0
2015-02-23,16:50:00,15.88,15.89,15.77,15.77,4900,0
2015-02-23,16:55:00,15.76,15.76,15.69,15.7,3221,0
2015-02-23,17:00:00,15.69,15.69,15.69,15.69,600,0
2015-02-23,17:05:00,15.7,15.7,15.69,15.69,1100,0
2015-02-23,17:10:00,15.7,15.7,15.54,15.59,14748,0
2015-02-23,17:15:00,15.59,15.59,15.59,15.59,1600,0
2015-02-23,17:20:00,15.59,15.61,15.59,15.6,7400,0
2015-02-23,17:25:00,15.61,15.61,15.6,15.61,500,0
2015-02-23,17:30:00,15.61,15.63,15.6,15.63,11695,0
2015-02-23,17:35:00,15.62,15.64,15.62,15.63,2574,0
2015-02-23,17:40:00,15.63,15.64,15.63,15.64,1132,0
2015-02-23,17:45:00,15.64,15.66,15.63,15.66,3800,0
2015-02-23,17:50:00,15.66,15.72,15.61,15.65,15159,0
2015-02-23,17:55:00,15.64,15.64,15.62,15.63,3569,0
2015-02-23,18:00:00,15.62,15.63,15.61,15.63,2697,0
2015-02-23,18:05:00,15.64,15.64,15.64,15.64,700,0
2015-02-23,18:10:00,15.65,15.66,15.64,15.64,7300,0
2015-02-23,18:15:00,15.65,15.65,15.65,15.65,1000,0
2015-02-23,18:20:00,15.65,15.65,15.64,15.64,1600,0
2015-02-23,18:25:00,15.64,15.65,15.62,15.63,3300,0
2015-02-23,18:30:00,15.62,15.63,15.61,15.63,4700,0
2015-02-23,18:35:00,15.62,15.63,15.62,15.63,5276,0
2015-02-23,18:40:00,15.63,15.63,15.61,15.62,1700,0
2015-02-23,18:45:00,15.61,15.62,15.6,15.61,4435,0
2015-02-23,18:50:00,15.6,15.62,15.6,15.61,3100,0
2015-02-23,18:55:00,15.61,15.62,15.61,15.62,6900,0
2015-02-23,19:00:00,15.63,15.63,15.61,15.61,2900,0
2015-02-23,19:05:00,15.6,15.62,15.58,15.58,7200,0
2015-02-23,19:10:00,15.58,15.59,15.58,15.59,1800,0
2015-02-23,19:15:00,15.59,15.6,15.58,15.59,6073,0
2015-02-23,19:20:00,15.59,15.59,15.58,15.59,1300,0
2015-02-23,19:25:00,15.6,15.6,15.59,15.59,1200,0
2015-02-23,19:30:00,15.6,15.6,15.59,15.59,1100,0
2015-02-23,19:35:00,15.6,15.64,15.6,15.64,8400,0
2015-02-23,19:40:00,15.65,15.65,15.63,15.63,2300,0
2015-02-23,19:45:00,15.65,15.7,15.65,15.7,2756,0
2015-02-23,19:50:00,15.7,15.7,15.68,15.68,7500,0
2015-02-23,19:55:00,15.68,15.69,15.67,15.69,1600,0
2015-02-23,20:00:00,15.68,15.68,15.64,15.65,5100,0
2015-02-23,20:05:00,15.66,15.66,15.66,15.66,1250,0
2015-02-23,20:10:00,15.66,15.66,15.65,15.66,4700,0
2015-02-23,20:15:00,15.66,15.66,15.66,15.66,2700,0
2015-02-23,20:20:00,15.66,15.66,15.64,15.65,1500,0
2015-02-23,20:25:00,15.66,15.66,15.66,15.66,4100,0
2015-02-23,20:30:00,15.67,15.67,15.65,15.66,3700,0
2015-02-23,20:35:00,15.65,15.66,15.65,15.65,7200,0
2015-02-23,20:40:00,15.65,15.66,15.65,15.66,1500,0
2015-02-23,20:45:00,15.65,15.65,15.61,15.62,4533,0
2015-02-23,20:50:00,15.61,15.63,15.6,15.63,9600,0
2015-02-23,20:55:00,15.64,15.64,15.6,15.6,14080,0
2015-02-23,21:00:00,15.59,15.6,15.56,15.57,25215,0
2015-02-23,21:05:00,15.57,15.65,15.57,15.65,14308,0
2015-02-23,21:10:00,15.65,15.7,15.63,15.69,15144,0
2015-02-23,21:15:00,15.7,15.74,15.7,15.71,5716,0
2015-02-23,21:20:00,15.71,15.72,15.7,15.72,4100,0
2015-02-23,21:25:00,15.71,15.73,15.7,15.73,6940,0
2015-02-23,21:30:00,15.71,15.72,15.7,15.71,10854,0
2015-02-23,21:35:00,15.71,15.72,15.7,15.71,6550,0
2015-02-23,21:40:00,15.72,15.72,15.7,15.7,4030,0
2015-02-23,21:45:00,15.7,15.71,15.7,15.7,12880,0
2015-02-23,21:50:00,15.68,15.69,15.58,15.58,10175,0
2015-02-23,21:55:00,15.59,15.6,15.54,15.59,18348,0
2015-02-23,22:00:00,15.59,15.68,15.56,15.67,53248,0
