Date,Time,Open,High,Low,Close,Volume,OpenInt
2015-01-13,19:15:00,16.59,16.59,16.59,16.59,100,0
2015-01-13,19:20:00,16.59,16.59,16.59,16.59,6333,0
2015-01-13,19:25:00,16.58,16.58,16.56,16.57,2700,0
2015-01-13,19:35:00,16.52,16.52,16.51,16.51,300,0
2015-01-13,19:45:00,16.51,16.51,16.49,16.49,2404,0
2015-01-13,19:50:00,16.49,16.49,16.49,16.49,100,0
2015-01-13,19:55:00,16.48,16.48,16.46,16.46,1993,0
2015-01-13,20:00:00,16.44,16.44,16.44,16.44,100,0
2015-01-13,20:10:00,16.4,16.4,16.39,16.39,674,0
2015-01-13,20:15:00,16.39,16.41,16.39,16.39,660,0
2015-01-13,20:20:00,16.38,16.38,16.36,16.36,200,0
2015-01-13,20:25:00,16.36,16.37,16.36,16.37,500,0
2015-01-13,20:30:00,16.39,16.39,16.39,16.39,400,0
2015-01-13,20:35:00,16.39,16.4,16.39,16.4,625,0
2015-01-13,20:45:00,16.4,16.42,16.4,16.42,400,0
2015-01-13,20:50:00,16.43,16.43,16.43,16.43,100,0
2015-01-13,20:55:00,16.44,16.45,16.44,16.45,400,0
2015-01-13,21:00:00,16.45,16.47,16.43,16.43,800,0
2015-01-13,21:10:00,16.41,16.42,16.39,16.41,4411,0
2015-01-13,21:15:00,16.4,16.4,16.4,16.4,800,0
2015-01-13,21:20:00,16.41,16.43,16.41,16.43,2500,0
2015-01-13,21:25:00,16.43,16.51,16.43,16.46,1400,0
2015-01-13,21:30:00,16.45,16.46,16.44,16.44,800,0
2015-01-13,21:35:00,16.44,16.44,16.44,16.44,500,0
2015-01-13,21:45:00,16.47,16.47,16.46,16.47,500,0
2015-01-13,21:50:00,16.49,16.49,16.49,16.49,1000,0
2015-01-13,21:55:00,16.48,16.48,16.42,16.42,1100,0
2015-01-13,22:00:00,16.43,16.45,16.41,16.41,5305,0
2015-01-14,15:35:00,16.24,16.24,16.24,16.24,100,0
2015-01-14,15:40:00,16.27,16.27,16.22,16.22,1103,0
2015-01-14,15:45:00,16.22,16.23,16.2,16.2,3160,0
2015-01-14,15:50:00,16.2,16.21,16.19,16.21,3700,0
2015-01-14,15:55:00,16.22,16.22,16.2,16.22,2586,0
2015-01-14,16:00:00,16.23,16.23,16.2,16.21,1305,0
2015-01-14,16:05:00,16.2,16.23,16.2,16.23,1000,0
2015-01-14,16:10:00,16.25,16.28,16.23,16.28,4150,0
2015-01-14,16:15:00,16.29,16.29,16.28,16.28,500,0
2015-01-14,16:20:00,16.27,16.27,16.25,16.25,500,0
2015-01-14,16:25:00,16.26,16.3,16.26,16.28,2400,0
2015-01-14,16:30:00,16.29,16.29,16.27,16.27,300,0
2015-01-14,16:35:00,16.26,16.26,16.26,16.26,400,0
2015-01-14,16:45:00,16.26,16.26,16.26,16.26,300,0
2015-01-14,16:50:00,16.26,16.26,16.26,16.26,100,0
2015-01-14,16:55:00,16.27,16.29,16.27,16.29,5814,0
2015-01-14,17:10:00,16.27,16.27,16.27,16.27,400,0
2015-01-14,17:20:00,16.26,16.26,16.26,16.26,100,0
2015-01-14,17:25:00,16.25,16.27,16.25,16.27,901,0
2015-01-14,17:45:00,16.27,16.27,16.27,16.27,1100,0
2015-01-14,18:25:00,16.28,16.28,16.26,16.26,955,0
2015-01-14,18:50:00,16.26,16.26,16.26,16.26,651,0
2015-01-14,18:55:00,16.27,16.27,16.27,16.27,1368,0
2015-01-14,19:05:00,16.27,16.28,16.27,16.27,1765,0
2015-01-14,19:10:00,16.27,16.27,16.26,16.26,250,0
2015-01-14,19:15:00,16.26,16.26,16.26,16.26,200,0
2015-01-14,19:30:00,16.19,16.19,16.19,16.19,770,0
2015-01-14,19:35:00,16.2,16.2,16.2,16.2,1500,0
2015-01-14,19:45:00,16.18,16.18,16.18,16.18,300,0
2015-01-14,20:10:00,16.19,16.22,16.19,16.22,2590,0
2015-01-14,20:15:00,16.22,16.22,16.22,16.22,200,0
2015-01-14,20:20:00,16.25,16.25,16.25,16.25,1000,0
2015-01-14,20:25:00,16.26,16.26,16.26,16.26,600,0
2015-01-14,20:30:00,16.29,16.29,16.29,16.29,200,0
2015-01-14,20:35:00,16.28,16.34,16.28,16.34,750,0
2015-01-14,20:45:00,16.3,16.32,16.3,16.32,2300,0
2015-01-14,20:50:00,16.32,16.32,16.32,16.32,700,0
2015-01-14,20:55:00,16.3,16.3,16.3,16.3,342,0
2015-01-14,21:00:00,16.27,16.27,16.27,16.27,146,0
2015-01-14,21:10:00,16.32,16.32,16.31,16.31,300,0
2015-01-14,21:15:00,16.32,16.33,16.31,16.33,527,0
2015-01-14,21:20:00,16.37,16.37,16.37,16.37,200,0
2015-01-14,21:25:00,16.37,16.37,16.37,16.37,155,0
2015-01-14,21:30:00,16.39,16.39,16.39,16.39,100,0
2015-01-14,21:35:00,16.39,16.39,16.36,16.36,200,0
2015-01-14,21:40:00,16.35,16.35,16.35,16.35,1020,0
2015-01-14,21:45:00,16.36,16.38,16.36,16.38,300,0
2015-01-14,21:50:00,16.4,16.4,16.4,16.4,300,0
2015-01-14,21:55:00,16.4,16.4,16.4,16.4,300,0
2015-01-14,22:00:00,16.41,16.41,16.39,16.39,1161,0
2015-01-15,15:35:00,16.47,16.47,16.34,16.47,3439,0
2015-01-15,15:40:00,16.44,16.44,16.44,16.44,300,0
2015-01-15,15:45:00,16.42,16.42,16.42,16.42,200,0
2015-01-15,15:50:00,16.42,16.42,16.42,16.42,400,0
2015-01-15,15:55:00,16.39,16.39,16.39,16.39,100,0
2015-01-15,16:00:00,16.39,16.39,16.39,16.39,100,0
2015-01-15,16:10:00,16.38,16.38,16.38,16.38,300,0
2015-01-15,16:15:00,16.38,16.38,16.38,16.38,300,0
2015-01-15,16:20:00,16.4,16.4,16.4,16.4,1408,0
2015-01-15,16:25:00,16.42,16.42,16.42,16.42,200,0
2015-01-15,16:35:00,16.44,16.44,16.44,16.44,300,0
2015-01-15,16:55:00,16.44,16.44,16.44,16.44,100,0
2015-01-15,17:05:00,16.43,16.43,16.43,16.43,100,0
2015-01-15,17:15:00,16.41,16.41,16.41,16.41,338,0
2015-01-15,17:20:00,16.42,16.42,16.42,16.42,100,0
2015-01-15,17:30:00,16.41,16.41,16.41,16.41,200,0
2015-01-15,17:35:00,16.41,16.41,16.41,16.41,600,0
2015-01-15,17:40:00,16.39,16.39,16.39,16.39,100,0
2015-01-15,17:45:00,16.4,16.4,16.4,16.4,100,0
2015-01-15,17:50:00,16.4,16.4,16.4,16.4,100,0
2015-01-15,17:55:00,16.41,16.41,16.41,16.41,173,0
2015-01-15,18:00:00,16.43,16.43,16.43,16.43,100,0
2015-01-15,18:10:00,16.42,16.42,16.42,16.42,400,0
2015-01-15,18:15:00,16.43,16.43,16.43,16.43,100,0
2015-01-15,18:25:00,16.41,16.41,16.41,16.41,100,0
2015-01-15,18:30:00,16.41,16.41,16.41,16.41,1000,0
2015-01-15,18:40:00,16.39,16.4,16.38,16.38,700,0
2015-01-15,18:45:00,16.38,16.38,16.37,16.37,1256,0
2015-01-15,19:00:00,16.36,16.38,16.36,16.38,300,0
2015-01-15,19:05:00,16.36,16.36,16.36,16.36,200,0
2015-01-15,19:10:00,16.37,16.41,16.37,16.41,400,0
2015-01-15,19:15:00,16.39,16.39,16.39,16.39,200,0
2015-01-15,19:30:00,16.37,16.37,16.36,16.36,357,0
2015-01-15,19:35:00,16.34,16.34,16.34,16.34,522,0
2015-01-15,19:50:00,16.36,16.36,16.34,16.34,200,0
2015-01-15,19:55:00,16.35,16.35,16.35,16.35,444,0
2015-01-15,20:00:00,16.37,16.37,16.37,16.37,100,0
2015-01-15,20:05:00,16.35,16.35,16.35,16.35,900,0
2015-01-15,20:10:00,16.37,16.37,16.37,16.37,100,0
2015-01-15,20:20:00,16.38,16.4,16.38,16.4,700,0
2015-01-15,20:35:00,16.38,16.38,16.38,16.38,200,0
2015-01-15,20:40:00,16.39,16.39,16.39,16.39,200,0
2015-01-15,20:45:00,16.4,16.4,16.4,16.4,100,0
2015-01-15,20:50:00,16.39,16.4,16.39,16.4,1096,0
2015-01-15,20:55:00,16.4,16.43,16.4,16.43,3534,0
2015-01-15,21:00:00,16.44,16.44,16.41,16.41,3400,0
2015-01-15,21:15:00,16.45,16.45,16.43,16.43,600,0
2015-01-15,21:30:00,16.39,16.4,16.39,16.4,964,0
2015-01-15,21:40:00,16.44,16.44,16.44,16.44,100,0
2015-01-15,21:45:00,16.44,16.44,16.44,16.44,200,0
2015-01-15,21:50:00,16.45,16.45,16.44,16.44,417,0
2015-01-15,21:55:00,16.43,16.43,16.43,16.43,100,0
2015-01-15,22:00:00,16.43,16.48,16.43,16.47,2708,0
2015-01-16,15:35:00,16.33,16.33,16.33,16.33,400,0
2015-01-16,15:45:00,16.49,16.49,16.49,16.49,400,0
2015-01-16,15:55:00,16.52,16.53,16.52,16.53,200,0
2015-01-16,16:00:00,16.52,16.52,16.51,16.51,585,0
2015-01-16,16:05:00,16.51,16.51,16.51,16.51,1700,0
2015-01-16,16:15:00,16.49,16.49,16.46,16.46,3870,0
2015-01-16,16:20:00,16.46,16.46,16.46,16.46,500,0
2015-01-16,16:30:00,16.47,16.47,16.47,16.47,300,0
2015-01-16,16:35:00,16.52,16.52,16.52,16.52,1400,0
2015-01-16,16:45:00,16.53,16.53,16.53,16.53,600,0
2015-01-16,17:00:00,16.53,16.53,16.53,16.53,200,0
2015-01-16,17:20:00,16.55,16.55,16.55,16.55,1300,0
2015-01-16,17:30:00,16.53,16.53,16.53,16.53,600,0
2015-01-16,17:35:00,16.54,16.54,16.54,16.54,600,0
2015-01-16,17:55:00,16.52,16.52,16.5,16.52,2400,0
2015-01-16,18:10:00,16.51,16.51,16.48,16.48,800,0
2015-01-16,18:15:00,16.54,16.54,16.54,16.54,100,0
2015-01-16,18:20:00,16.5,16.5,16.5,16.5,500,0
2015-01-16,18:50:00,16.56,16.56,16.56,16.56,100,0
2015-01-16,19:15:00,16.56,16.56,16.56,16.56,500,0
2015-01-16,19:30:00,16.54,16.54,16.53,16.53,2544,0
2015-01-16,19:40:00,16.57,16.57,16.57,16.57,122,0
2015-01-16,19:55:00,16.55,16.56,16.54,16.56,1551,0
2015-01-16,20:00:00,16.56,16.58,16.56,16.58,600,0
2015-01-16,20:20:00,16.56,16.56,16.56,16.56,546,0
2015-01-16,20:25:00,16.61,16.61,16.61,16.61,23300,0
2015-01-16,20:35:00,16.58,16.58,16.57,16.57,2814,0
2015-01-16,20:40:00,16.58,16.58,16.58,16.58,600,0
2015-01-16,20:45:00,16.58,16.58,16.58,16.58,447,0
2015-01-16,20:55:00,16.56,16.56,16.56,16.56,1162,0
2015-01-16,21:20:00,16.56,16.56,16.56,16.56,521,0
2015-01-16,21:55:00,16.66,16.7,16.66,16.7,794,0
2015-01-16,22:00:00,16.69,16.69,16.67,16.67,300,0
2015-01-20,15:35:00,16.73,16.75,16.73,16.75,1100,0
2015-01-20,15:50:00,16.68,16.68,16.68,16.68,100,0
2015-01-20,16:00:00,16.6,16.6,16.6,16.6,300,0
2015-01-20,16:10:00,16.66,16.67,16.66,16.67,607,0
2015-01-20,16:20:00,16.64,16.64,16.64,16.64,300,0
2015-01-20,16:25:00,16.63,16.64,16.63,16.64,1562,0
2015-01-20,16:50:00,16.68,16.68,16.67,16.67,1350,0
2015-01-20,16:55:00,16.65,16.65,16.65,16.65,300,0
2015-01-20,17:00:00,16.65,16.65,16.62,16.62,200,0
2015-01-20,17:10:00,16.63,16.63,16.63,16.63,300,0
2015-01-20,17:25:00,16.64,16.66,16.63,16.66,1903,0
2015-01-20,17:40:00,16.66,16.66,16.66,16.66,200,0
2015-01-20,17:50:00,16.62,16.63,16.6,16.6,1930,0
2015-01-20,18:20:00,16.61,16.61,16.6,16.6,1605,0
2015-01-20,18:30:00,16.59,16.59,16.56,16.56,400,0
2015-01-20,18:55:00,16.59,16.59,16.58,16.58,700,0
2015-01-20,19:10:00,16.59,16.59,16.59,16.59,235,0
2015-01-20,20:00:00,16.61,16.61,16.61,16.61,330,0
2015-01-20,20:05:00,16.61,16.61,16.6,16.6,570,0
2015-01-20,20:15:00,16.61,16.61,16.61,16.61,335,0
2015-01-20,20:35:00,16.63,16.63,16.63,16.63,100,0
2015-01-20,20:50:00,16.64,16.64,16.64,16.64,1012,0
2015-01-20,20:55:00,16.66,16.66,16.61,16.61,4786,0
2015-01-20,21:20:00,16.64,16.64,16.64,16.64,700,0
2015-01-20,21:25:00,16.66,16.66,16.66,16.66,218,0
2015-01-20,21:30:00,16.66,16.66,16.66,16.66,242,0
2015-01-20,21:35:00,16.63,16.63,16.62,16.62,1175,0
2015-01-20,21:40:00,16.63,16.65,16.63,16.65,1933,0
2015-01-20,21:45:00,16.66,16.66,16.66,16.66,200,0
2015-01-20,21:50:00,16.66,16.66,16.66,16.66,1700,0
2015-01-20,22:00:00,16.64,16.66,16.64,16.66,602,0
2015-01-21,15:40:00,16.65,16.65,16.65,16.65,100,0
2015-01-21,15:45:00,16.71,16.71,16.71,16.71,600,0
2015-01-21,15:50:00,16.75,16.75,16.72,16.72,200,0
2015-01-21,15:55:00,16.73,16.73,16.73,16.73,200,0
2015-01-21,16:05:00,16.73,16.73,16.73,16.73,100,0
2015-01-21,16:15:00,16.77,16.77,16.75,16.75,200,0
2015-01-21,16:20:00,16.77,16.77,16.77,16.77,200,0
2015-01-21,16:25:00,16.8,16.8,16.75,16.75,2900,0
2015-01-21,16:35:00,16.74,16.79,16.74,16.79,900,0
2015-01-21,16:40:00,16.77,16.77,16.77,16.77,200,0
2015-01-21,16:45:00,16.76,16.76,16.76,16.76,300,0
2015-01-21,16:50:00,16.76,16.77,16.76,16.77,600,0
2015-01-21,16:55:00,16.78,16.79,16.78,16.79,3101,0
2015-01-21,17:00:00,16.78,16.78,16.78,16.78,100,0
2015-01-21,17:10:00,16.79,16.79,16.79,16.79,100,0
2015-01-21,17:15:00,16.8,16.8,16.8,16.8,100,0
2015-01-21,17:20:00,16.79,16.79,16.79,16.79,200,0
2015-01-21,17:30:00,16.76,16.76,16.76,16.76,100,0
2015-01-21,17:35:00,16.78,16.78,16.78,16.78,1126,0
2015-01-21,17:45:00,16.79,16.79,16.79,16.79,500,0
2015-01-21,17:50:00,16.77,16.78,16.77,16.78,400,0
2015-01-21,18:00:00,16.77,16.78,16.77,16.77,1400,0
2015-01-21,18:05:00,16.78,16.78,16.78,16.78,728,0
2015-01-21,18:15:00,16.79,16.79,16.79,16.79,645,0
2015-01-21,18:20:00,16.8,16.8,16.8,16.8,495,0
2015-01-21,18:25:00,16.79,16.8,16.79,16.8,824,0
2015-01-21,18:30:00,16.8,16.8,16.8,16.8,100,0
2015-01-21,18:35:00,16.8,16.8,16.79,16.79,2100,0
2015-01-21,18:50:00,16.79,16.79,16.79,16.79,143,0
2015-01-21,19:00:00,16.78,16.78,16.78,16.78,600,0
2015-01-21,19:05:00,16.77,16.78,16.77,16.78,862,0
2015-01-21,19:10:00,16.8,16.86,16.79,16.86,3000,0
2015-01-21,19:15:00,16.87,16.87,16.79,16.82,12340,0
2015-01-21,19:20:00,16.82,16.87,16.8,16.81,12252,0
2015-01-21,19:30:00,16.79,16.79,16.79,16.79,1540,0
2015-01-21,19:35:00,16.77,16.77,16.77,16.77,422,0
2015-01-21,19:45:00,16.75,16.76,16.74,16.76,3369,0
2015-01-21,19:50:00,16.77,16.77,16.77,16.77,300,0
2015-01-21,19:55:00,16.76,16.76,16.76,16.76,510,0
2015-01-21,20:00:00,16.76,16.76,16.76,16.76,100,0
2015-01-21,20:10:00,16.72,16.73,16.72,16.73,1695,0
2015-01-21,20:15:00,16.74,16.74,16.74,16.74,100,0
2015-01-21,20:30:00,16.76,16.76,16.76,16.76,474,0
2015-01-21,20:40:00,16.77,16.77,16.77,16.77,450,0
2015-01-21,20:55:00,16.77,16.77,16.77,16.77,500,0
2015-01-21,21:00:00,16.77,16.77,16.77,16.77,433,0
2015-01-21,21:10:00,16.79,16.79,16.79,16.79,366,0
2015-01-21,21:15:00,16.78,16.78,16.77,16.77,3729,0
2015-01-21,21:35:00,16.79,16.79,16.79,16.79,905,0
2015-01-21,21:40:00,16.81,16.81,16.81,16.81,1400,0
2015-01-21,21:45:00,16.81,16.82,16.8,16.81,2730,0
2015-01-21,21:50:00,16.8,16.8,16.8,16.8,300,0
2015-01-21,22:00:00,16.82,16.83,16.8,16.8,2326,0
2015-01-22,15:35:00,16.79,16.79,16.77,16.78,1078,0
2015-01-22,15:40:00,16.78,16.81,16.78,16.8,772,0
2015-01-22,15:45:00,16.8,16.8,16.78,16.78,4556,0
2015-01-22,15:50:00,16.8,16.8,16.8,16.8,100,0
2015-01-22,16:00:00,16.8,16.8,16.8,16.8,400,0
2015-01-22,16:10:00,16.82,16.82,16.82,16.82,300,0
2015-01-22,16:15:00,16.83,16.85,16.83,16.85,600,0
2015-01-22,16:20:00,16.87,16.87,16.86,16.87,700,0
2015-01-22,16:25:00,16.88,16.88,16.88,16.88,100,0
2015-01-22,16:30:00,16.88,16.88,16.87,16.88,600,0
2015-01-22,16:35:00,16.88,16.88,16.88,16.88,100,0
2015-01-22,16:45:00,16.91,16.93,16.91,16.93,1800,0
2015-01-22,16:50:00,16.93,16.94,16.93,16.94,600,0
2015-01-22,16:55:00,16.95,16.95,16.95,16.95,100,0
2015-01-22,17:00:00,16.95,16.95,16.95,16.95,1602,0
2015-01-22,17:05:00,16.98,16.98,16.97,16.98,3075,0
2015-01-22,17:10:00,16.97,16.97,16.94,16.94,1700,0
2015-01-22,17:15:00,16.92,16.92,16.91,16.91,1000,0
2015-01-22,17:20:00,16.9,16.9,16.9,16.9,300,0
2015-01-22,17:25:00,16.88,16.9,16.88,16.9,200,0
2015-01-22,17:30:00,16.9,16.91,16.9,16.91,600,0
2015-01-22,17:35:00,16.94,16.94,16.93,16.93,2100,0
2015-01-22,17:40:00,16.94,16.95,16.94,16.95,400,0
2015-01-22,17:50:00,16.95,16.95,16.92,16.92,950,0
2015-01-22,17:55:00,16.94,16.94,16.94,16.94,300,0
2015-01-22,18:00:00,16.93,16.93,16.92,16.92,2004,0
2015-01-22,18:05:00,16.94,16.94,16.94,16.94,100,0
2015-01-22,18:10:00,16.93,16.93,16.88,16.88,1650,0
2015-01-22,18:15:00,16.91,16.91,16.91,16.91,281,0
2015-01-22,18:20:00,16.92,16.92,16.92,16.92,100,0
2015-01-22,18:25:00,16.95,16.95,16.92,16.92,600,0
2015-01-22,18:30:00,16.92,16.93,16.9,16.9,1785,0
2015-01-22,18:35:00,16.9,16.9,16.89,16.89,400,0
2015-01-22,18:40:00,16.91,16.91,16.91,16.91,338,0
2015-01-22,18:45:00,16.91,16.91,16.88,16.9,865,0
2015-01-22,18:50:00,16.91,16.91,16.89,16.89,735,0
2015-01-22,18:55:00,16.9,16.9,16.9,16.9,500,0
2015-01-22,20:10:00,16.91,16.91,16.91,16.91,170,0
2015-01-22,20:15:00,16.91,16.92,16.88,16.92,791,0
2015-01-22,20:20:00,16.9,16.9,16.89,16.89,13312,0
2015-01-22,20:30:00,16.92,16.95,16.92,16.95,2100,0
2015-01-22,20:35:00,16.96,16.96,16.96,16.96,280,0
2015-01-22,20:45:00,16.96,16.96,16.96,16.96,1000,0
2015-01-22,20:55:00,16.98,17.03,16.98,17.01,3200,0
2015-01-22,21:05:00,16.99,16.99,16.99,16.99,472,0
2015-01-22,21:15:00,17.01,17.01,17.01,17.01,2148,0
2015-01-22,21:35:00,17.0,17.0,17.0,17.0,400,0
2015-01-22,22:00:00,17.0,17.0,16.98,16.98,825,0
2015-01-23,15:35:00,17.0,17.0,17.0,17.0,5606,0
2015-01-23,15:50:00,16.99,16.99,16.99,16.99,100,0
2015-01-23,15:55:00,16.95,16.99,16.95,16.96,600,0
2015-01-23,16:00:00,16.96,16.98,16.96,16.98,1075,0
2015-01-23,16:05:00,16.97,17.0,16.97,17.0,1000,0
2015-01-23,16:10:00,17.0,17.0,17.0,17.0,200,0
2015-01-23,16:15:00,17.0,17.0,17.0,17.0,100,0
2015-01-23,16:20:00,16.99,16.99,16.99,16.99,400,0
2015-01-23,16:25:00,16.97,16.97,16.97,16.97,300,0
2015-01-23,16:35:00,16.98,16.99,16.98,16.99,1000,0
2015-01-23,16:40:00,16.99,16.99,16.99,16.99,100,0
2015-01-23,16:45:00,16.98,16.99,16.98,16.99,300,0
2015-01-23,16:50:00,16.99,16.99,16.99,16.99,300,0
2015-01-23,16:55:00,16.98,16.99,16.97,16.99,1000,0
2015-01-23,17:00:00,16.99,17.0,16.98,17.0,2300,0
2015-01-23,17:20:00,17.02,17.02,17.02,17.02,200,0
2015-01-23,17:25:00,17.0,17.0,17.0,17.0,400,0
2015-01-23,17:30:00,17.0,17.0,17.0,17.0,100,0
2015-01-23,17:40:00,17.01,17.01,17.0,17.0,258,0
2015-01-23,17:50:00,17.0,17.0,17.0,17.0,300,0
2015-01-23,18:05:00,17.01,17.01,17.01,17.01,1000,0
2015-01-23,18:15:00,17.0,17.0,17.0,17.0,336,0
2015-01-23,18:30:00,16.98,16.98,16.98,16.98,100,0
2015-01-23,18:40:00,16.99,17.0,16.99,17.0,1900,0
2015-01-23,19:10:00,16.99,17.01,16.99,17.01,1150,0
2015-01-23,19:50:00,17.0,17.01,17.0,17.01,1104,0
2015-01-23,20:05:00,17.01,17.01,17.0,17.0,1180,0
2015-01-23,20:30:00,17.01,17.01,17.01,17.01,660,0
2015-01-23,20:35:00,17.01,17.01,17.01,17.01,400,0
2015-01-23,20:45:00,16.99,16.99,16.99,16.99,1627,0
2015-01-23,20:50:00,16.99,16.99,16.99,16.99,200,0
2015-01-23,21:05:00,17.0,17.0,17.0,17.0,700,0
2015-01-23,21:10:00,17.01,17.01,17.01,17.01,2100,0
2015-01-23,21:20:00,17.01,17.01,17.01,17.01,472,0
2015-01-23,21:40:00,17.0,17.0,17.0,17.0,745,0
2015-01-23,21:45:00,17.0,17.01,17.0,17.01,2381,0
2015-01-23,22:00:00,16.99,17.0,16.99,17.0,900,0
2015-01-26,15:35:00,16.98,16.98,16.98,16.98,300,0
2015-01-26,15:45:00,16.96,16.96,16.96,16.96,647,0
2015-01-26,15:50:00,16.98,16.98,16.95,16.95,594,0
2015-01-26,15:55:00,16.91,16.96,16.91,16.96,1208,0
2015-01-26,16:30:00,17.0,17.0,17.0,17.0,300,0
2015-01-26,17:35:00,17.0,17.0,16.99,16.99,700,0
2015-01-26,18:10:00,16.99,16.99,16.99,16.99,496,0
2015-01-26,18:15:00,16.99,16.99,16.99,16.99,186,0
2015-01-26,18:25:00,17.0,17.0,17.0,17.0,200,0
2015-01-26,19:35:00,17.01,17.01,17.01,17.01,1150,0
2015-01-26,19:45:00,17.01,17.01,17.01,17.01,647,0
2015-01-26,19:50:00,17.0,17.0,17.0,17.0,1263,0
2015-01-26,20:15:00,17.0,17.0,17.0,17.0,432,0
2015-01-26,20:20:00,17.0,17.01,17.0,17.01,1786,0
2015-01-26,20:45:00,17.01,17.01,17.01,17.01,175,0
2015-01-26,20:55:00,17.01,17.01,17.01,17.01,400,0
2015-01-26,21:00:00,17.01,17.01,17.01,17.01,300,0
2015-01-26,21:45:00,17.01,17.01,17.01,17.01,450,0
2015-01-26,21:55:00,17.03,17.03,17.03,17.03,1250,0
2015-01-26,22:00:00,17.03,17.04,17.02,17.02,500,0
2015-01-27,15:35:00,16.95,16.95,16.95,16.95,100,0
2015-01-27,15:40:00,16.91,16.91,16.9,16.9,1100,0
2015-01-27,15:50:00,16.93,16.93,16.93,16.93,422,0
2015-01-27,15:55:00,16.91,16.93,16.9,16.9,7337,0
2015-01-27,16:05:00,16.91,16.91,16.91,16.91,2970,0
2015-01-27,16:20:00,16.9,16.91,16.9,16.91,2400,0
2015-01-27,16:35:00,16.91,16.91,16.9,16.9,4400,0
2015-01-27,16:50:00,16.91,16.91,16.86,16.86,2800,0
2015-01-27,16:55:00,16.87,16.87,16.87,16.87,338,0
2015-01-27,17:00:00,16.86,16.86,16.84,16.85,2560,0
2015-01-27,17:05:00,16.86,16.86,16.86,16.86,400,0
2015-01-27,17:10:00,16.85,16.85,16.85,16.85,576,0
2015-01-27,17:30:00,16.86,16.86,16.86,16.86,480,0
2015-01-27,17:35:00,16.87,16.87,16.87,16.87,1896,0
2015-01-27,17:40:00,16.9,16.95,16.9,16.92,8560,0
2015-01-27,17:55:00,16.93,16.93,16.91,16.93,1240,0
2015-01-27,18:00:00,16.94,16.94,16.94,16.94,100,0
2015-01-27,18:15:00,16.89,16.89,16.89,16.89,981,0
2015-01-27,18:25:00,16.91,16.91,16.91,16.91,100,0
2015-01-27,18:30:00,16.92,16.94,16.92,16.94,1000,0
2015-01-27,18:35:00,16.92,16.92,16.92,16.92,100,0
2015-01-27,18:40:00,16.94,16.94,16.94,16.94,1175,0
2015-01-27,18:55:00,16.94,16.94,16.94,16.94,2100,0
2015-01-27,19:05:00,16.94,16.95,16.92,16.94,2095,0
2015-01-27,19:10:00,16.94,16.95,16.94,16.95,1070,0
2015-01-27,19:15:00,16.95,16.95,16.94,16.94,2100,0
2015-01-27,19:20:00,16.94,16.96,16.94,16.96,800,0
2015-01-27,19:50:00,16.95,16.95,16.95,16.95,100,0
2015-01-27,20:20:00,16.95,16.95,16.95,16.95,200,0
2015-01-27,20:25:00,16.95,16.95,16.95,16.95,236,0
2015-01-27,20:50:00,16.96,16.99,16.96,16.99,725,0
2015-01-27,20:55:00,16.97,16.97,16.97,16.97,300,0
2015-01-27,21:00:00,16.99,16.99,16.97,16.97,200,0
2015-01-27,21:05:00,16.99,16.99,16.98,16.99,2200,0
2015-01-27,21:15:00,16.99,16.99,16.99,16.99,300,0
2015-01-27,21:25:00,16.99,16.99,16.96,16.98,971,0
2015-01-27,21:30:00,16.99,16.99,16.99,16.99,300,0
2015-01-27,21:35:00,16.99,17.0,16.98,17.0,1900,0
2015-01-27,21:40:00,17.01,17.01,16.99,17.01,4400,0
2015-01-27,21:45:00,17.01,17.01,17.0,17.0,2200,0
2015-01-27,21:50:00,17.01,17.01,17.0,17.01,1800,0
2015-01-27,21:55:00,17.01,17.02,17.01,17.02,1000,0
2015-01-27,22:00:00,17.02,17.02,17.01,17.01,1533,0
2015-01-28,15:35:00,17.05,17.05,17.03,17.04,4300,0
2015-01-28,15:55:00,16.99,16.99,16.97,16.98,800,0
2015-01-28,16:00:00,16.98,17.0,16.98,16.99,1335,0
2015-01-28,16:05:00,16.98,16.98,16.98,16.98,800,0
2015-01-28,16:30:00,16.99,16.99,16.99,16.99,100,0
2015-01-28,16:35:00,16.99,16.99,16.99,16.99,100,0
2015-01-28,16:40:00,16.98,16.98,16.96,16.98,1300,0
2015-01-28,16:50:00,16.99,16.99,16.99,16.99,334,0
2015-01-28,17:00:00,16.95,16.95,16.94,16.94,400,0
2015-01-28,17:20:00,16.9,16.9,16.86,16.86,1362,0
2015-01-28,17:35:00,16.87,16.9,16.87,16.9,500,0
2015-01-28,17:45:00,16.92,16.92,16.92,16.92,100,0
2015-01-28,18:05:00,16.89,16.89,16.89,16.89,200,0
2015-01-28,18:10:00,16.9,16.9,16.9,16.9,1309,0
2015-01-28,18:20:00,16.93,16.93,16.93,16.93,1250,0
2015-01-28,18:30:00,16.94,16.94,16.92,16.92,1200,0
2015-01-28,18:45:00,16.93,16.93,16.93,16.93,500,0
2015-01-28,18:55:00,16.94,16.94,16.94,16.94,662,0
2015-01-28,19:35:00,16.95,16.99,16.95,16.99,12700,0
2015-01-28,19:40:00,16.95,16.95,16.95,16.95,438,0
2015-01-28,20:30:00,16.93,16.93,16.93,16.93,167,0
2015-01-28,20:35:00,16.91,16.91,16.91,16.91,3202,0
2015-01-28,20:45:00,16.92,16.92,16.92,16.92,326,0
2015-01-28,21:15:00,16.93,16.93,16.93,16.93,100,0
2015-01-28,21:25:00,16.91,16.91,16.91,16.91,1370,0
2015-01-28,21:30:00,16.92,16.92,16.91,16.91,600,0
2015-01-28,21:35:00,16.9,16.9,16.9,16.9,1497,0
2015-01-28,21:40:00,16.87,16.9,16.87,16.9,2363,0
2015-01-28,21:45:00,16.87,16.9,16.87,16.89,4909,0
2015-01-28,21:50:00,16.87,16.9,16.87,16.9,3635,0
2015-01-28,21:55:00,16.91,16.91,16.9,16.9,1100,0
2015-01-28,22:00:00,16.88,16.89,16.88,16.89,2044,0
2015-01-29,15:40:00,16.85,16.85,16.81,16.81,400,0
2015-01-29,15:50:00,16.78,16.78,16.78,16.78,1963,0
2015-01-29,15:55:00,16.81,16.81,16.8,16.8,500,0
2015-01-29,16:00:00,16.84,16.84,16.82,16.82,208,0
2015-01-29,16:05:00,16.78,16.84,16.78,16.84,523,0
2015-01-29,16:10:00,16.8,16.8,16.78,16.78,500,0
2015-01-29,16:35:00,16.75,16.75,16.74,16.74,400,0
2015-01-29,16:40:00,16.74,16.74,16.73,16.73,200,0
2015-01-29,16:45:00,16.73,16.73,16.73,16.73,300,0
2015-01-29,17:10:00,16.7,16.7,16.7,16.7,355,0
2015-01-29,17:25:00,16.72,16.72,16.72,16.72,100,0
2015-01-29,17:35:00,16.73,16.73,16.73,16.73,1500,0
2015-01-29,17:40:00,16.75,16.81,16.75,16.81,1500,0
2015-01-29,17:50:00,16.81,16.81,16.81,16.81,100,0
2015-01-29,17:55:00,16.82,16.82,16.82,16.82,600,0
2015-01-29,18:00:00,16.83,16.85,16.83,16.85,5690,0
2015-01-29,18:05:00,16.81,16.81,16.81,16.81,811,0
2015-01-29,18:35:00,16.81,16.81,16.81,16.81,1000,0
2015-01-29,18:40:00,16.84,16.84,16.84,16.84,600,0
2015-01-29,19:00:00,16.84,16.84,16.84,16.84,1067,0
2015-01-29,19:05:00,16.84,16.84,16.84,16.84,100,0
2015-01-29,19:30:00,16.84,16.84,16.76,16.8,3000,0
2015-01-29,19:35:00,16.82,16.83,16.82,16.82,3820,0
2015-01-29,19:40:00,16.85,16.88,16.83,16.88,2557,0
2015-01-29,19:50:00,16.89,16.89,16.89,16.89,100,0
2015-01-29,19:55:00,16.9,16.92,16.9,16.92,1200,0
2015-01-29,20:15:00,16.91,16.91,16.91,16.91,1028,0
2015-01-29,20:40:00,16.94,16.94,16.94,16.94,208,0
2015-01-29,20:50:00,16.93,16.93,16.93,16.93,572,0
2015-01-29,20:55:00,16.93,16.93,16.93,16.93,500,0
2015-01-29,21:25:00,16.95,16.95,16.95,16.95,200,0
2015-01-29,21:35:00,16.98,16.98,16.96,16.96,512,0
2015-01-29,21:45:00,16.99,16.99,16.99,16.99,1400,0
2015-01-29,22:00:00,16.98,16.98,16.98,16.98,300,0
2015-01-30,15:50:00,16.9,16.92,16.9,16.92,1175,0
2015-01-30,16:05:00,16.9,16.9,16.9,16.9,100,0
2015-01-30,16:30:00,16.86,16.86,16.86,16.86,284,0
2015-01-30,16:45:00,16.81,16.84,16.81,16.83,3420,0
2015-01-30,16:50:00,16.82,16.82,16.82,16.82,100,0
2015-01-30,16:55:00,16.83,16.83,16.83,16.83,400,0
2015-01-30,17:10:00,16.78,16.78,16.78,16.78,1102,0
2015-01-30,17:35:00,16.78,16.78,16.78,16.78,600,0
2015-01-30,18:05:00,16.78,16.8,16.78,16.8,400,0
2015-01-30,18:10:00,16.83,16.83,16.82,16.82,378,0
2015-01-30,18:25:00,16.82,16.82,16.82,16.82,100,0
2015-01-30,18:35:00,16.87,16.87,16.87,16.87,288,0
2015-01-30,18:40:00,16.85,16.86,16.84,16.86,1196,0
2015-01-30,19:15:00,16.83,16.83,16.83,16.83,200,0
2015-01-30,19:20:00,16.82,16.82,16.82,16.82,100,0
2015-01-30,19:30:00,16.84,16.84,16.84,16.84,1300,0
2015-01-30,19:55:00,16.83,16.84,16.74,16.83,6337,0
2015-01-30,20:00:00,16.84,16.85,16.84,16.85,2500,0
2015-01-30,20:10:00,16.9,16.9,16.9,16.9,800,0
2015-01-30,20:15:00,16.87,16.87,16.87,16.87,200,0
2015-01-30,20:30:00,16.9,16.91,16.9,16.91,400,0
2015-01-30,20:45:00,16.92,16.92,16.92,16.92,1100,0
2015-01-30,20:50:00,16.91,16.91,16.91,16.91,300,0
2015-01-30,20:55:00,16.89,16.89,16.89,16.89,295,0
2015-01-30,21:15:00,16.87,16.87,16.86,16.86,500,0
2015-01-30,21:20:00,16.86,16.86,16.84,16.84,1100,0
2015-01-30,21:25:00,16.85,16.85,16.82,16.82,1400,0
2015-01-30,21:30:00,16.81,16.81,16.81,16.81,100,0
2015-01-30,21:35:00,16.8,16.81,16.8,16.81,2000,0
2015-01-30,21:40:00,16.82,16.82,16.8,16.82,1200,0
2015-01-30,21:45:00,16.8,16.8,16.8,16.8,2463,0
2015-01-30,22:00:00,16.76,16.76,16.75,16.75,700,0
2015-02-02,15:45:00,16.76,16.78,16.76,16.76,300,0
2015-02-02,15:50:00,16.73,16.73,16.7,16.7,442,0
2015-02-02,16:10:00,16.65,16.65,16.65,16.65,400,0
2015-02-02,16:40:00,16.6,16.6,16.6,16.6,3300,0
2015-02-02,16:55:00,16.64,16.64,16.64,16.64,200,0
2015-02-02,17:05:00,16.62,16.62,16.62,16.62,134,0
2015-02-02,17:20:00,16.73,16.75,16.73,16.75,2800,0
2015-02-02,18:10:00,16.74,16.74,16.74,16.74,100,0
2015-02-02,18:15:00,16.73,16.73,16.73,16.73,600,0
2015-02-02,18:30:00,16.73,16.73,16.73,16.73,500,0
2015-02-02,19:00:00,16.72,16.72,16.72,16.72,637,0
2015-02-02,19:35:00,16.76,16.76,16.76,16.76,100,0
2015-02-02,19:50:00,16.71,16.71,16.66,16.67,1500,0
2015-02-02,20:20:00,16.71,16.71,16.71,16.71,100,0
2015-02-02,20:25:00,16.72,16.72,16.72,16.72,100,0
2015-02-02,20:35:00,16.71,16.71,16.69,16.69,399,0
2015-02-02,20:40:00,16.69,16.7,16.63,16.63,5040,0
2015-02-02,20:55:00,16.65,16.66,16.65,16.66,300,0
2015-02-02,21:35:00,16.71,16.72,16.71,16.72,1525,0
2015-02-02,21:45:00,16.83,16.83,16.83,16.83,2850,0
2015-02-02,22:00:00,16.89,16.89,16.89,16.89,120,0
2015-02-03,15:40:00,16.93,16.93,16.93,16.93,100,0
2015-02-03,15:50:00,16.88,16.88,16.88,16.88,107,0
2015-02-03,16:05:00,16.95,16.95,16.95,16.95,400,0
2015-02-03,16:10:00,16.95,16.95,16.89,16.89,300,0
2015-02-03,16:15:00,16.91,16.91,16.91,16.91,222,0
2015-02-03,16:30:00,16.94,16.94,16.94,16.94,100,0
2015-02-03,16:35:00,16.94,16.94,16.94,16.94,3000,0
2015-02-03,16:55:00,16.94,16.95,16.92,16.93,1900,0
2015-02-03,17:25:00,16.94,16.94,16.94,16.94,500,0
2015-02-03,17:45:00,16.95,16.95,16.95,16.95,841,0
2015-02-03,17:55:00,16.92,16.92,16.92,16.92,100,0
2015-02-03,18:00:00,16.92,16.93,16.9,16.93,5266,0
2015-02-03,19:00:00,16.93,16.93,16.93,16.93,600,0
2015-02-03,19:05:00,16.94,16.94,16.92,16.92,1123,0
2015-02-03,19:10:00,16.91,16.93,16.91,16.93,1757,0
2015-02-03,19:15:00,16.94,16.94,16.94,16.94,200,0
2015-02-03,19:20:00,16.95,16.95,16.95,16.95,1800,0
2015-02-03,19:25:00,16.97,16.97,16.97,16.97,265,0
2015-02-03,19:35:00,16.99,16.99,16.99,16.99,1325,0
2015-02-03,19:40:00,16.98,16.98,16.97,16.98,1200,0
2015-02-03,19:45:00,16.97,16.99,16.95,16.99,1503,0
2015-02-03,20:00:00,16.99,16.99,16.99,16.99,400,0
2015-02-03,20:10:00,17.0,17.0,16.99,16.99,1470,0
2015-02-03,20:30:00,17.01,17.01,17.01,17.01,445,0
2015-02-03,20:40:00,17.0,17.0,16.99,16.99,767,0
2015-02-03,21:00:00,16.97,16.98,16.97,16.98,1240,0
2015-02-03,21:15:00,16.99,17.01,16.99,17.01,1100,0
2015-02-03,21:20:00,17.01,17.01,17.01,17.01,400,0
2015-02-03,21:30:00,17.01,17.01,17.01,17.01,300,0
2015-02-03,21:45:00,17.02,17.03,17.02,17.03,900,0
2015-02-03,21:50:00,17.03,17.04,17.03,17.04,942,0
2015-02-03,21:55:00,17.05,17.06,17.05,17.06,725,0
2015-02-03,22:00:00,17.07,17.07,17.04,17.04,3052,0
2015-02-04,15:35:00,17.01,17.01,17.01,17.01,100,0
2015-02-04,15:45:00,17.02,17.02,17.02,17.02,380,0
2015-02-04,16:05:00,16.96,16.97,16.96,16.96,400,0
2015-02-04,16:10:00,16.99,16.99,16.98,16.98,1800,0
2015-02-04,16:15:00,16.98,17.0,16.96,16.99,1900,0
2015-02-04,16:20:00,16.99,17.05,16.99,16.99,1443,0
2015-02-04,16:30:00,16.99,16.99,16.99,16.99,200,0
2015-02-04,17:00:00,16.98,16.98,16.98,16.98,300,0
2015-02-04,17:25:00,16.99,16.99,16.99,16.99,210,0
2015-02-04,17:30:00,17.01,17.01,17.01,17.01,379,0
2015-02-04,17:40:00,17.02,17.02,17.02,17.02,129,0
2015-02-04,17:45:00,17.0,17.0,17.0,17.0,100,0
2015-02-04,17:50:00,16.99,17.0,16.99,17.0,450,0
2015-02-04,18:05:00,17.0,17.0,16.98,16.98,2127,0
2015-02-04,18:40:00,16.98,16.98,16.98,16.98,1280,0
2015-02-04,18:50:00,16.98,16.98,16.98,16.98,200,0
2015-02-04,19:10:00,16.97,16.97,16.97,16.97,1177,0
2015-02-04,19:30:00,17.0,17.0,17.0,17.0,1000,0
2015-02-04,19:35:00,16.99,16.99,16.99,16.99,744,0
2015-02-04,19:45:00,16.98,16.98,16.98,16.98,250,0
2015-02-04,19:55:00,16.99,16.99,16.99,16.99,250,0
2015-02-04,20:00:00,16.98,17.0,16.98,17.0,574,0
2015-02-04,20:15:00,16.97,16.97,16.97,16.97,600,0
2015-02-04,21:00:00,16.97,16.97,16.97,16.97,700,0
2015-02-04,21:05:00,16.95,16.95,16.95,16.95,1700,0
2015-02-04,21:10:00,16.95,16.96,16.95,16.95,1100,0
2015-02-04,21:15:00,16.95,16.95,16.95,16.95,132,0
2015-02-04,21:25:00,16.95,16.96,16.95,16.96,600,0
2015-02-04,21:35:00,16.97,16.98,16.97,16.98,400,0
2015-02-04,21:50:00,16.95,16.95,16.94,16.95,1300,0
2015-02-04,21:55:00,16.91,16.91,16.91,16.91,100,0
2015-02-04,22:00:00,16.9,16.9,16.87,16.88,888,0
2015-02-05,15:40:00,17.03,17.09,16.98,17.08,10468,0
2015-02-05,15:50:00,17.04,17.04,16.96,16.96,200,0
2015-02-05,15:55:00,16.99,16.99,16.99,16.99,100,0
2015-02-05,16:05:00,16.99,16.99,16.99,16.99,100,0
2015-02-05,16:15:00,17.0,17.02,16.96,16.96,2000,0
2015-02-05,16:35:00,16.97,16.99,16.97,16.99,694,0
2015-02-05,16:40:00,17.0,17.0,17.0,17.0,800,0
2015-02-05,16:50:00,17.03,17.1,17.01,17.1,5587,0
2015-02-05,17:35:00,17.04,17.04,17.04,17.04,200,0
2015-02-05,17:55:00,17.04,17.04,17.04,17.04,762,0
2015-02-05,18:15:00,17.05,17.05,17.05,17.05,400,0
2015-02-05,18:30:00,17.06,17.06,17.06,17.06,225,0
2015-02-05,18:55:00,17.03,17.03,17.03,17.03,100,0
2015-02-05,19:55:00,17.06,17.06,17.05,17.06,9000,0
2015-02-05,20:00:00,17.06,17.06,17.06,17.06,585,0
2015-02-05,20:15:00,17.07,17.07,17.06,17.07,2510,0
2015-02-05,20:50:00,17.06,17.06,17.06,17.06,175,0
2015-02-05,20:55:00,17.05,17.05,17.01,17.01,1000,0
2015-02-05,21:15:00,17.04,17.04,17.04,17.04,700,0
2015-02-05,21:30:00,17.04,17.04,17.04,17.04,800,0
2015-02-05,21:45:00,17.06,17.06,17.06,17.06,1000,0
2015-02-05,21:50:00,17.06,17.06,17.06,17.06,219,0
2015-02-05,22:00:00,17.07,17.07,17.07,17.07,470,0
2015-02-06,15:35:00,17.08,17.08,17.08,17.08,610,0
2015-02-06,15:50:00,17.05,17.05,17.02,17.04,3246,0
2015-02-06,15:55:00,17.06,17.06,17.02,17.02,865,0
2015-02-06,16:05:00,17.05,17.06,17.05,17.06,1818,0
2015-02-06,16:10:00,17.06,17.06,17.04,17.04,3500,0
2015-02-06,16:25:00,17.06,17.06,17.04,17.04,3100,0
2015-02-06,16:40:00,17.04,17.05,17.04,17.05,2908,0
2015-02-06,16:45:00,17.04,17.04,17.04,17.04,300,0
2015-02-06,16:50:00,17.08,17.08,17.08,17.08,900,0
2015-02-06,16:55:00,17.07,17.08,17.07,17.08,1114,0
2015-02-06,17:00:00,17.08,17.08,17.04,17.05,3853,0
2015-02-06,17:05:00,17.04,17.04,17.04,17.04,9900,0
2015-02-06,17:15:00,17.03,17.03,17.02,17.03,1600,0
2015-02-06,17:20:00,17.03,17.03,17.03,17.03,500,0
2015-02-06,17:35:00,17.02,17.02,17.02,17.02,502,0
2015-02-06,17:40:00,17.02,17.04,17.02,17.04,954,0
2015-02-06,17:45:00,17.04,17.04,17.04,17.04,1095,0
2015-02-06,17:50:00,17.04,17.05,17.04,17.05,400,0
2015-02-06,17:55:00,17.06,17.06,17.06,17.06,700,0
2015-02-06,18:05:00,17.07,17.07,17.07,17.07,300,0
2015-02-06,18:15:00,17.05,17.05,17.05,17.05,375,0
2015-02-06,18:20:00,17.05,17.05,17.05,17.05,125,0
2015-02-06,18:25:00,17.03,17.05,17.03,17.03,1200,0
2015-02-06,18:40:00,17.03,17.05,17.03,17.05,625,0
2015-02-06,18:45:00,17.04,17.04,17.03,17.03,3500,0
2015-02-06,19:10:00,17.03,17.03,17.03,17.03,964,0
2015-02-06,19:20:00,17.02,17.02,17.02,17.02,3602,0
2015-02-06,19:30:00,17.0,17.0,17.0,17.0,2615,0
2015-02-06,19:45:00,17.01,17.01,17.0,17.0,1152,0
2015-02-06,19:55:00,17.02,17.02,17.02,17.02,350,0
2015-02-06,20:15:00,17.02,17.02,17.01,17.01,2550,0
2015-02-06,20:20:00,17.02,17.02,17.01,17.02,1636,0
2015-02-06,20:25:00,17.03,17.03,17.03,17.03,277,0
2015-02-06,20:30:00,17.02,17.02,17.02,17.02,500,0
2015-02-06,21:00:00,17.0,17.0,16.99,16.99,902,0
2015-02-06,21:05:00,16.98,16.98,16.98,16.98,2202,0
2015-02-06,21:20:00,16.99,16.99,16.98,16.98,700,0
2015-02-06,21:25:00,16.98,16.98,16.96,16.98,1976,0
2015-02-06,21:30:00,16.98,16.98,16.98,16.98,200,0
2015-02-06,21:35:00,16.98,16.99,16.98,16.99,200,0
2015-02-06,21:40:00,16.99,17.0,16.99,17.0,400,0
2015-02-06,21:45:00,16.99,17.0,16.98,17.0,1764,0
2015-02-06,21:50:00,16.99,17.0,16.99,17.0,1001,0
2015-02-06,21:55:00,17.01,17.01,17.0,17.0,600,0
2015-02-06,22:00:00,16.98,17.02,16.98,17.02,347,0
2015-02-09,15:35:00,16.9,16.94,16.9,16.94,1200,0
2015-02-09,15:40:00,16.93,16.97,16.82,16.97,12553,0
2015-02-09,17:40:00,16.93,16.93,16.93,16.93,1380,0
2015-02-09,17:50:00,16.94,16.94,16.94,16.94,500,0
2015-02-09,17:55:00,16.93,16.93,16.93,16.93,1200,0
2015-02-09,18:25:00,16.94,16.95,16.94,16.95,1400,0
2015-02-09,18:35:00,16.94,16.95,16.94,16.95,1700,0
2015-02-09,18:40:00,16.98,16.98,16.98,16.98,1000,0
2015-02-09,18:50:00,16.96,16.96,16.96,16.96,265,0
2015-02-09,18:55:00,16.95,16.97,16.95,16.97,200,0
2015-02-09,19:00:00,16.97,16.97,16.97,16.97,117,0
2015-02-09,19:10:00,16.97,16.97,16.97,16.97,383,0
2015-02-09,19:20:00,16.98,16.98,16.98,16.98,1990,0
2015-02-09,19:25:00,16.96,16.96,16.96,16.96,1177,0
2015-02-09,19:35:00,16.94,16.94,16.94,16.94,1200,0
2015-02-09,19:55:00,16.93,16.93,16.93,16.93,1000,0
2015-02-09,20:05:00,16.95,16.95,16.95,16.95,400,0
2015-02-09,20:30:00,16.93,16.96,16.92,16.96,7243,0
2015-02-09,20:40:00,16.95,16.96,16.95,16.96,3534,0
2015-02-09,20:45:00,16.95,16.95,16.95,16.95,300,0
2015-02-09,20:50:00,16.97,16.98,16.96,16.96,1000,0
2015-02-09,21:05:00,16.93,16.93,16.93,16.93,300,0
2015-02-09,21:10:00,16.91,16.91,16.91,16.91,2011,0
2015-02-09,21:25:00,16.92,16.92,16.92,16.92,100,0
2015-02-09,21:30:00,16.93,16.95,16.93,16.95,200,0
2015-02-09,21:35:00,16.93,16.93,16.93,16.93,200,0
2015-02-09,21:40:00,16.95,16.95,16.95,16.95,100,0
2015-02-09,21:50:00,16.95,16.95,16.95,16.95,1400,0
2015-02-09,21:55:00,16.95,16.95,16.95,16.95,100,0
2015-02-09,22:00:00,16.96,16.96,16.93,16.95,1626,0
2015-02-10,15:35:00,16.91,16.91,16.9,16.9,500,0
2015-02-10,15:40:00,16.9,16.9,16.9,16.9,700,0
2015-02-10,15:55:00,16.88,16.88,16.88,16.88,200,0
2015-02-10,16:00:00,16.89,16.89,16.89,16.89,2500,0
2015-02-10,16:05:00,16.89,16.89,16.89,16.89,1900,0
2015-02-10,16:10:00,16.88,16.88,16.83,16.83,3200,0
2015-02-10,16:15:00,16.83,16.83,16.83,16.83,100,0
2015-02-10,16:20:00,16.86,16.86,16.86,16.86,600,0
2015-02-10,16:35:00,16.86,16.86,16.86,16.86,288,0
2015-02-10,16:50:00,16.85,16.85,16.85,16.85,500,0
2015-02-10,17:00:00,16.84,16.84,16.84,16.84,880,0
2015-02-10,17:15:00,16.85,16.85,16.85,16.85,1700,0
2015-02-10,17:50:00,16.86,16.86,16.86,16.86,2589,0
2015-02-10,17:55:00,16.86,16.87,16.86,16.87,400,0
2015-02-10,18:05:00,16.85,16.85,16.85,16.85,500,0
2015-02-10,18:25:00,16.86,16.86,16.86,16.86,1400,0
2015-02-10,18:55:00,16.88,16.91,16.86,16.91,1585,0
2015-02-10,19:20:00,16.89,16.89,16.89,16.89,700,0
2015-02-10,19:35:00,16.87,16.88,16.87,16.88,800,0
2015-02-10,19:40:00,16.88,16.88,16.88,16.88,2000,0
2015-02-10,20:20:00,16.87,16.87,16.87,16.87,602,0
2015-02-10,20:25:00,16.87,16.87,16.87,16.87,131,0
2015-02-10,20:30:00,16.88,16.89,16.88,16.89,200,0
2015-02-10,20:35:00,16.89,16.89,16.89,16.89,1100,0
2015-02-10,21:05:00,16.94,16.94,16.94,16.94,300,0
2015-02-10,21:10:00,16.94,16.94,16.94,16.94,2500,0
2015-02-10,21:15:00,16.94,16.94,16.94,16.94,2394,0
2015-02-10,21:30:00,16.94,16.94,16.94,16.94,1100,0
2015-02-10,21:35:00,16.96,16.96,16.96,16.96,252,0
2015-02-10,21:40:00,16.96,16.96,16.96,16.96,270,0
2015-02-10,21:45:00,16.97,16.97,16.97,16.97,200,0
2015-02-10,21:50:00,16.97,16.97,16.97,16.97,500,0
2015-02-10,21:55:00,16.97,16.97,16.97,16.97,600,0
2015-02-10,22:00:00,16.96,16.96,16.95,16.95,985,0
2015-02-11,15:40:00,16.89,16.9,16.84,16.86,1800,0
2015-02-11,15:45:00,16.86,16.86,16.86,16.86,100,0
2015-02-11,15:50:00,16.88,16.89,16.83,16.85,3072,0
2015-02-11,16:05:00,16.85,16.88,16.85,16.88,1550,0
2015-02-11,16:15:00,16.86,16.86,16.86,16.86,259,0
2015-02-11,16:30:00,16.82,16.82,16.82,16.82,500,0
2015-02-11,16:35:00,16.85,16.85,16.85,16.85,586,0
2015-02-11,16:40:00,16.83,16.84,16.83,16.84,1800,0
2015-02-11,16:45:00,16.84,16.84,16.84,16.84,2511,0
2015-02-11,16:50:00,16.87,16.87,16.84,16.84,1761,0
2015-02-11,17:05:00,16.86,16.86,16.86,16.86,1788,0
2015-02-11,17:10:00,16.87,16.87,16.87,16.87,363,0
2015-02-11,17:20:00,16.88,16.9,16.88,16.9,1420,0
2015-02-11,17:40:00,16.88,16.88,16.88,16.88,454,0
2015-02-11,17:45:00,16.89,16.89,16.88,16.89,2867,0
2015-02-11,17:55:00,16.88,16.88,16.88,16.88,486,0
2015-02-11,18:40:00,16.86,16.86,16.86,16.86,726,0
2015-02-11,19:10:00,16.83,16.83,16.83,16.83,300,0
2015-02-11,19:15:00,16.83,16.83,16.82,16.83,1607,0
2015-02-11,19:20:00,16.81,16.81,16.81,16.81,200,0
2015-02-11,19:25:00,16.81,16.81,16.81,16.81,600,0
2015-02-11,20:10:00,16.83,16.83,16.83,16.83,200,0
2015-02-11,20:15:00,16.84,16.84,16.84,16.84,300,0
2015-02-11,20:20:00,16.84,16.84,16.84,16.84,412,0
2015-02-11,20:25:00,16.85,16.86,16.85,16.86,400,0
2015-02-11,20:30:00,16.83,16.83,16.83,16.83,500,0
2015-02-11,20:35:00,16.86,16.86,16.86,16.86,188,0
2015-02-11,20:45:00,16.84,16.84,16.84,16.84,200,0
2015-02-11,21:30:00,16.85,16.86,16.85,16.85,415,0
2015-02-11,21:40:00,16.86,16.86,16.86,16.86,300,0
2015-02-11,21:45:00,16.87,16.88,16.87,16.88,500,0
2015-02-11,21:55:00,16.87,16.88,16.87,16.87,600,0
2015-02-11,22:00:00,16.87,16.87,16.87,16.87,314,0
2015-02-12,15:40:00,16.92,16.92,16.92,16.92,100,0
2015-02-12,15:45:00,16.92,16.92,16.92,16.92,1000,0
2015-02-12,15:50:00,16.91,16.91,16.9,16.9,200,0
2015-02-12,15:55:00,16.91,16.91,16.91,16.91,400,0
2015-02-12,16:00:00,16.91,16.91,16.91,16.91,300,0
2015-02-12,16:10:00,16.91,16.94,16.91,16.94,700,0
2015-02-12,16:25:00,16.95,16.95,16.94,16.95,600,0
2015-02-12,16:35:00,16.94,16.94,16.94,16.94,100,0
2015-02-12,17:00:00,16.93,16.93,16.93,16.93,1053,0
2015-02-12,17:10:00,16.95,16.95,16.95,16.95,2078,0
2015-02-12,17:20:00,16.97,16.97,16.97,16.97,366,0
2015-02-12,17:55:00,16.96,16.96,16.96,16.96,600,0
2015-02-12,18:00:00,16.98,16.98,16.98,16.98,600,0
2015-02-12,18:05:00,16.97,16.97,16.96,16.96,420,0
2015-02-12,18:20:00,16.94,16.94,16.94,16.94,477,0
2015-02-12,18:35:00,16.93,16.96,16.93,16.93,900,0
2015-02-12,18:40:00,16.92,16.92,16.92,16.92,1117,0
2015-02-12,18:50:00,16.95,16.96,16.95,16.96,1076,0
2015-02-12,19:05:00,16.97,16.97,16.97,16.97,1800,0
2015-02-12,19:20:00,16.96,16.96,16.96,16.96,838,0
2015-02-12,19:25:00,16.97,16.98,16.95,16.95,1412,0
2015-02-12,19:30:00,16.97,16.98,16.97,16.98,823,0
2015-02-12,20:05:00,16.99,16.99,16.99,16.99,450,0
2015-02-12,20:35:00,16.97,16.98,16.97,16.98,739,0
2015-02-12,20:50:00,16.99,17.09,16.99,17.09,15260,0
2015-02-12,21:05:00,17.0,17.0,17.0,17.0,224,0
2015-02-12,21:15:00,17.03,17.03,17.01,17.01,960,0
2015-02-12,21:20:00,17.03,17.03,17.03,17.03,200,0
2015-02-12,21:25:00,17.03,17.03,17.03,17.03,100,0
2015-02-12,21:30:00,17.03,17.03,17.03,17.03,300,0
2015-02-12,21:35:00,17.03,17.03,17.03,17.03,200,0
2015-02-12,21:40:00,17.02,17.02,17.02,17.02,100,0
2015-02-12,21:50:00,17.01,17.01,17.01,17.01,1000,0
2015-02-12,21:55:00,17.01,17.01,17.01,17.01,100,0
2015-02-12,22:00:00,17.0,17.06,17.0,17.03,5699,0
2015-02-13,15:35:00,16.99,17.07,16.99,17.07,1100,0
2015-02-13,15:40:00,17.02,17.04,16.97,16.97,2036,0
2015-02-13,15:45:00,17.02,17.02,17.02,17.02,100,0
2015-02-13,15:50:00,17.02,17.02,17.02,17.02,100,0
2015-02-13,15:55:00,17.02,17.03,17.02,17.02,400,0
2015-02-13,16:00:00,17.02,17.02,17.02,17.02,100,0
2015-02-13,16:05:00,17.02,17.02,17.02,17.02,100,0
2015-02-13,16:15:00,17.02,17.02,17.02,17.02,100,0
2015-02-13,16:20:00,17.0,17.0,17.0,17.0,100,0
2015-02-13,16:25:00,17.0,17.0,17.0,17.0,100,0
2015-02-13,16:30:00,16.98,16.99,16.98,16.99,400,0
2015-02-13,16:35:00,17.03,17.03,17.03,17.03,100,0
2015-02-13,16:40:00,17.0,17.0,17.0,17.0,100,0
2015-02-13,16:45:00,17.01,17.01,17.0,17.0,880,0
2015-02-13,16:50:00,16.99,16.99,16.99,16.99,100,0
2015-02-13,16:55:00,16.99,16.99,16.99,16.99,100,0
2015-02-13,17:00:00,17.01,17.01,17.01,17.01,300,0
2015-02-13,17:10:00,17.0,17.0,17.0,17.0,100,0
2015-02-13,17:15:00,17.0,17.0,17.0,17.0,668,0
2015-02-13,17:20:00,17.0,17.0,17.0,17.0,200,0
2015-02-13,17:25:00,17.0,17.0,17.0,17.0,300,0
2015-02-13,17:30:00,17.01,17.01,17.01,17.01,200,0
2015-02-13,17:35:00,17.02,17.05,17.02,17.05,3057,0
2015-02-13,17:45:00,17.03,17.03,17.03,17.03,200,0
2015-02-13,17:50:00,17.03,17.03,17.02,17.02,660,0
2015-02-13,17:55:00,17.02,17.02,17.02,17.02,300,0
2015-02-13,18:45:00,17.03,17.03,17.03,17.03,716,0
2015-02-13,19:05:00,17.01,17.01,17.01,17.01,800,0
2015-02-13,19:10:00,17.02,17.02,17.01,17.01,438,0
2015-02-13,19:20:00,17.01,17.01,17.01,17.01,454,0
2015-02-13,19:25:00,17.0,17.0,17.0,17.0,1000,0
2015-02-13,19:35:00,17.0,17.0,17.0,17.0,1132,0
2015-02-13,19:40:00,16.98,16.98,16.98,16.98,509,0
2015-02-13,20:05:00,16.98,16.98,16.98,16.98,1000,0
2015-02-13,20:50:00,16.97,16.99,16.97,16.99,4000,0
2015-02-13,22:00:00,16.98,16.98,16.98,16.98,219,0
2015-02-17,15:35:00,17.02,17.02,17.02,17.02,1394,0
2015-02-17,15:45:00,16.96,16.99,16.96,16.99,2106,0
2015-02-17,15:50:00,16.99,17.02,16.99,17.02,700,0
2015-02-17,15:55:00,17.02,17.02,17.02,17.02,918,0
2015-02-17,16:00:00,17.03,17.03,17.02,17.02,500,0
2015-02-17,16:05:00,17.05,17.05,17.01,17.01,300,0
2015-02-17,16:10:00,17.04,17.04,17.01,17.01,300,0
2015-02-17,16:15:00,17.03,17.03,17.01,17.01,200,0
2015-02-17,16:20:00,17.06,17.06,17.06,17.06,100,0
2015-02-17,16:25:00,17.05,17.05,17.05,17.05,100,0
2015-02-17,16:35:00,17.05,17.05,17.03,17.03,400,0
2015-02-17,16:40:00,17.05,17.05,17.05,17.05,100,0
2015-02-17,16:45:00,17.05,17.05,17.05,17.05,100,0
2015-02-17,16:50:00,17.02,17.02,17.02,17.02,600,0
2015-02-17,16:55:00,17.05,17.05,17.05,17.05,100,0
2015-02-17,17:00:00,17.03,17.03,17.03,17.03,200,0
2015-02-17,17:10:00,17.04,17.04,17.04,17.04,100,0
2015-02-17,17:15:00,17.03,17.03,17.03,17.03,100,0
2015-02-17,17:25:00,17.04,17.04,17.01,17.01,600,0
2015-02-17,17:40:00,17.03,17.03,17.03,17.03,200,0
2015-02-17,17:50:00,17.03,17.03,17.03,17.03,300,0
2015-02-17,18:05:00,17.03,17.07,17.03,17.07,300,0
2015-02-17,18:10:00,17.06,17.06,17.06,17.06,600,0
2015-02-17,18:15:00,17.05,17.06,17.05,17.06,200,0
2015-02-17,18:30:00,17.04,17.04,17.03,17.03,400,0
2015-02-17,18:35:00,17.05,17.06,17.05,17.06,210,0
2015-02-17,18:45:00,17.06,17.07,17.06,17.07,200,0
2015-02-17,18:55:00,17.06,17.06,17.06,17.06,500,0
2015-02-17,19:00:00,17.07,17.07,17.07,17.07,1054,0
2015-02-17,19:05:00,17.07,17.07,17.07,17.07,100,0
2015-02-17,19:10:00,17.07,17.07,17.07,17.07,175,0
2015-02-17,19:15:00,17.07,17.12,17.07,17.12,300,0
2015-02-17,19:25:00,17.11,17.12,17.09,17.09,1300,0
2015-02-17,19:30:00,17.11,17.12,17.11,17.12,400,0
2015-02-17,19:35:00,17.12,17.12,17.12,17.12,300,0
2015-02-17,19:55:00,17.08,17.08,17.08,17.08,300,0
2015-02-17,20:05:00,17.09,17.09,17.09,17.09,400,0
2015-02-17,20:35:00,17.09,17.09,17.09,17.09,100,0
2015-02-17,21:15:00,17.07,17.07,17.06,17.06,900,0
2015-02-17,21:40:00,17.07,17.07,17.07,17.07,400,0
2015-02-17,21:45:00,17.07,17.07,17.07,17.07,600,0
2015-02-17,22:00:00,17.09,17.09,17.09,17.09,348,0
2015-02-18,15:45:00,17.03,17.03,17.03,17.03,489,0
2015-02-18,15:55:00,17,17.03,17,17.03,400,0
2015-02-18,16:00:00,17.01,17.01,17,17,508,0
2015-02-18,16:05:00,17,17,17,17,300,0
2015-02-18,16:15:00,17,17,17,17,100,0
2015-02-18,16:20:00,17,17.01,17,17,603,0
2015-02-18,16:25:00,17.01,17.01,17.01,17.01,2813,0
2015-02-18,16:30:00,17,17.01,17,17.01,500,0
2015-02-18,16:35:00,17.01,17.01,17.01,17.01,627,0
2015-02-18,16:40:00,17,17,17,17,212,0
2015-02-18,16:45:00,17.01,17.01,17.01,17.01,100,0
2015-02-18,16:50:00,17.03,17.03,17.03,17.03,100,0
2015-02-18,16:55:00,17.03,17.04,17.03,17.03,1450,0
2015-02-18,17:00:00,17.04,17.04,17.04,17.04,100,0
2015-02-18,17:05:00,17.04,17.04,17.03,17.03,400,0
2015-02-18,17:15:00,17.03,17.03,17.03,17.03,1126,0
2015-02-18,17:25:00,17.03,17.03,17,17,3273,0
2015-02-18,17:30:00,17.01,17.01,17.01,17.01,650,0
2015-02-18,17:45:00,17.02,17.02,17.02,17.02,100,0
2015-02-18,17:50:00,17.02,17.02,17.02,17.02,100,0
2015-02-18,17:55:00,17.02,17.02,17.02,17.02,700,0
2015-02-18,18:05:00,17.02,17.02,17.02,17.02,200,0
2015-02-18,18:10:00,17.02,17.02,17.02,17.02,100,0
2015-02-18,18:15:00,17.02,17.02,17.01,17.01,811,0
2015-02-18,18:20:00,17.02,17.02,17.02,17.02,100,0
2015-02-18,18:25:00,17.02,17.02,17.02,17.02,100,0
2015-02-18,18:30:00,17.03,17.03,17.03,17.03,100,0
2015-02-18,18:40:00,17.03,17.03,17.03,17.03,696,0
2015-02-18,18:45:00,17.03,17.03,17.03,17.03,100,0
2015-02-18,18:55:00,17.02,17.02,17.02,17.02,300,0
2015-02-18,19:15:00,17,17,17,17,600,0
2015-02-18,19:30:00,17,17.01,17,17.01,709,0
2015-02-18,19:50:00,17,17,17,17,400,0
2015-02-18,20:00:00,17.01,17.01,17,17,480,0
2015-02-18,20:05:00,17,17.02,17,17.02,300,0
2015-02-18,20:15:00,17.01,17.01,17.01,17.01,300,0
2015-02-18,20:20:00,17.02,17.02,17.02,17.02,300,0
2015-02-18,20:25:00,17.02,17.02,17.01,17.01,914,0
2015-02-18,21:10:00,17.04,17.09,17.04,17.09,3400,0
2015-02-18,21:15:00,17.14,17.14,17.14,17.14,1100,0
2015-02-18,21:25:00,17.14,17.14,17.14,17.14,600,0
2015-02-18,21:35:00,17.14,17.15,17.14,17.15,700,0
2015-02-18,21:40:00,17.15,17.15,17.15,17.15,200,0
2015-02-18,21:45:00,17.15,17.15,17.13,17.13,300,0
2015-02-18,21:50:00,17.13,17.13,17.08,17.08,1200,0
2015-02-18,21:55:00,17.12,17.12,17.12,17.12,1000,0
2015-02-18,22:00:00,17.12,17.12,17.12,17.12,400,0
2015-02-19,15:40:00,17.05,17.05,17.05,17.05,100,0
2015-02-19,15:45:00,17.03,17.03,17.03,17.03,100,0
2015-02-19,15:50:00,17.02,17.04,17,17.04,1550,0
2015-02-19,15:55:00,17.04,17.11,17.04,17.11,1073,0
2015-02-19,16:00:00,17.06,17.06,17.06,17.06,801,0
2015-02-19,16:05:00,17.06,17.06,16.98,17.04,4500,0
2015-02-19,16:20:00,17.01,17.05,17.01,17.05,800,0
2015-02-19,16:25:00,17.09,17.09,17.09,17.09,1000,0
2015-02-19,16:30:00,17.08,17.08,17.07,17.07,2700,0
2015-02-19,16:40:00,17.07,17.07,17.07,17.07,100,0
2015-02-19,16:45:00,17.07,17.15,17.07,17.15,3724,0
2015-02-19,16:50:00,17.13,17.14,17.13,17.13,1805,0
2015-02-19,16:55:00,17.15,17.15,17.15,17.15,800,0
2015-02-19,17:00:00,17.14,17.14,17.14,17.14,400,0
2015-02-19,17:10:00,17.16,17.16,17.15,17.16,1507,0
2015-02-19,17:15:00,17.16,17.16,17.14,17.14,2800,0
2015-02-19,17:20:00,17.14,17.14,17.14,17.14,700,0
2015-02-19,17:25:00,17.15,17.15,17.14,17.14,1500,0
2015-02-19,17:40:00,17.13,17.13,17.13,17.13,210,0
2015-02-19,17:45:00,17.13,17.13,17.13,17.13,500,0
2015-02-19,17:50:00,17.14,17.14,17.14,17.14,900,0
2015-02-19,18:05:00,17.15,17.18,17.15,17.18,1000,0
2015-02-19,18:10:00,17.18,17.18,17.18,17.18,800,0
2015-02-19,18:15:00,17.19,17.19,17.19,17.19,100,0
2015-02-19,18:20:00,17.19,17.19,17.19,17.19,700,0
2015-02-19,18:25:00,17.19,17.19,17.17,17.17,2580,0
2015-02-19,18:35:00,17.15,17.15,17.14,17.14,1900,0
2015-02-19,18:40:00,17.12,17.12,17.12,17.12,200,0
2015-02-19,18:50:00,17.14,17.14,17.14,17.14,100,0
2015-02-19,18:55:00,17.15,17.15,17.15,17.15,629,0
2015-02-19,19:00:00,17.15,17.19,17.15,17.16,2080,0
2015-02-19,19:05:00,17.17,17.17,17.16,17.16,200,0
2015-02-19,19:50:00,17.14,17.14,17.14,17.14,1300,0
2015-02-19,20:00:00,17.17,17.17,17.17,17.17,200,0
2015-02-19,20:05:00,17.15,17.15,17.12,17.12,614,0
2015-02-19,20:10:00,17.12,17.13,17.12,17.13,1096,0
2015-02-19,20:15:00,17.13,17.13,17.13,17.13,780,0
2015-02-19,20:20:00,17.12,17.12,17.12,17.12,200,0
2015-02-19,20:25:00,17.11,17.11,17.09,17.09,1484,0
2015-02-19,20:35:00,17.12,17.12,17.12,17.12,100,0
2015-02-19,20:40:00,17.11,17.11,17.11,17.11,342,0
2015-02-19,20:45:00,17.13,17.13,17.13,17.13,100,0
2015-02-19,20:50:00,17.11,17.11,17.11,17.11,100,0
2015-02-19,20:55:00,17.1,17.1,17.1,17.1,200,0
2015-02-19,21:05:00,17.11,17.11,17.11,17.11,200,0
2015-02-19,21:20:00,17.12,17.12,17.12,17.12,100,0
2015-02-19,21:25:00,17.11,17.12,17.11,17.12,200,0
2015-02-19,21:30:00,17.12,17.12,17.12,17.12,100,0
2015-02-19,21:35:00,17.12,17.12,17.12,17.12,300,0
2015-02-19,21:45:00,17.15,17.15,17.15,17.15,200,0
2015-02-19,21:50:00,17.14,17.14,17.14,17.14,100,0
2015-02-19,21:55:00,17.14,17.15,17.14,17.15,1422,0
2015-02-19,22:00:00,17.15,17.15,17.1,17.1,807,0
2015-02-20,15:35:00,17.1,17.1,17.1,17.1,300,0
2015-02-20,15:40:00,17.18,17.18,17.18,17.18,100,0
2015-02-20,15:50:00,17.13,17.14,17.13,17.14,200,0
2015-02-20,15:55:00,17.13,17.13,17.11,17.12,700,0
2015-02-20,16:05:00,17.07,17.1,17.07,17.09,400,0
2015-02-20,16:15:00,17.09,17.16,17.09,17.16,3900,0
2015-02-20,16:20:00,17.16,17.16,17.16,17.16,100,0
2015-02-20,16:25:00,17.13,17.16,17.13,17.16,500,0
2015-02-20,16:30:00,17.16,17.16,17.14,17.14,200,0
2015-02-20,16:35:00,17.14,17.14,17.13,17.13,502,0
2015-02-20,16:40:00,17.14,17.14,17.13,17.13,200,0
2015-02-20,16:45:00,17.14,17.15,17.14,17.15,500,0
2015-02-20,16:50:00,17.15,17.15,17.15,17.15,400,0
2015-02-20,16:55:00,17.14,17.14,17.14,17.14,100,0
2015-02-20,17:05:00,17.15,17.15,17.15,17.15,1640,0
2015-02-20,17:10:00,17.12,17.14,17.12,17.14,2465,0
2015-02-20,17:15:00,17.14,17.14,17.14,17.14,2140,0
2015-02-20,17:20:00,17.15,17.15,17.13,17.13,1670,0
2015-02-20,17:30:00,17.15,17.15,17.15,17.15,400,0
2015-02-20,17:40:00,17.14,17.14,17.13,17.13,2400,0
2015-02-20,18:05:00,17.13,17.13,17.13,17.13,100,0
2015-02-20,18:10:00,17.13,17.16,17.13,17.15,1215,0
2015-02-20,18:15:00,17.19,17.19,17.18,17.18,4147,0
2015-02-20,18:25:00,17.17,17.19,17.17,17.19,346,0
2015-02-20,18:30:00,17.18,17.18,17.18,17.18,327,0
2015-02-20,18:35:00,17.18,17.18,17.18,17.18,100,0
2015-02-20,18:40:00,17.17,17.17,17.17,17.17,108,0
2015-02-20,18:45:00,17.19,17.19,17.19,17.19,100,0
2015-02-20,18:55:00,17.17,17.17,17.17,17.17,200,0
2015-02-20,19:05:00,17.18,17.18,17.18,17.18,500,0
2015-02-20,19:10:00,17.18,17.18,17.17,17.17,2120,0
2015-02-20,19:20:00,17.18,17.18,17.18,17.18,585,0
2015-02-20,19:40:00,17.17,17.17,17.17,17.17,200,0
2015-02-20,19:55:00,17.19,17.19,17.19,17.19,321,0
2015-02-20,20:40:00,17.19,17.19,17.19,17.19,800,0
2015-02-20,20:55:00,17.2,17.2,17.2,17.2,1400,0
2015-02-20,21:00:00,17.2,17.2,17.2,17.2,1200,0
2015-02-20,21:40:00,17.2,17.2,17.2,17.2,900,0
2015-02-20,21:45:00,17.2,17.2,17.2,17.2,300,0
2015-02-20,21:50:00,17.19,17.19,17.19,17.19,1581,0
2015-02-20,22:00:00,17.2,17.22,17.2,17.22,430,0
2015-02-23,15:35:00,17.25,17.25,17.25,17.25,2051,0
2015-02-23,15:55:00,17.22,17.22,17.22,17.22,290,0
2015-02-23,16:00:00,17.22,17.23,17.22,17.23,300,0
2015-02-23,16:05:00,17.21,17.23,17.21,17.23,400,0
2015-02-23,16:20:00,17.23,17.23,17.23,17.23,300,0
2015-02-23,16:25:00,17.23,17.23,17.23,17.23,279,0
2015-02-23,16:35:00,17.23,17.23,17.23,17.23,900,0
2015-02-23,16:45:00,17.2,17.2,17.2,17.2,200,0
2015-02-23,17:05:00,17.23,17.23,17.23,17.23,250,0
2015-02-23,17:20:00,17.23,17.25,17.23,17.25,1000,0
2015-02-23,17:25:00,17.26,17.27,17.26,17.27,1500,0
2015-02-23,17:30:00,17.27,17.27,17.26,17.26,2229,0
2015-02-23,17:35:00,17.27,17.27,17.27,17.27,636,0
2015-02-23,17:50:00,17.27,17.27,17.27,17.27,1011,0
2015-02-23,18:00:00,17.27,17.27,17.27,17.27,300,0
2015-02-23,18:05:00,17.27,17.27,17.27,17.27,2046,0
2015-02-23,18:25:00,17.28,17.28,17.26,17.26,400,0
2015-02-23,18:50:00,17.26,17.26,17.26,17.26,800,0
2015-02-23,18:55:00,17.25,17.25,17.25,17.25,752,0
2015-02-23,19:00:00,17.27,17.27,17.27,17.27,2100,0
2015-02-23,19:05:00,17.28,17.29,17.28,17.29,3050,0
2015-02-23,19:10:00,17.26,17.26,17.26,17.26,224,0
2015-02-23,19:20:00,17.27,17.27,17.27,17.27,1099,0
2015-02-23,19:35:00,17.28,17.28,17.28,17.28,1100,0
2015-02-23,19:45:00,17.26,17.26,17.26,17.26,403,0
2015-02-23,19:50:00,17.27,17.27,17.27,17.27,106,0
2015-02-23,20:20:00,17.29,17.29,17.29,17.29,1859,0
2015-02-23,20:25:00,17.29,17.29,17.29,17.29,1834,0
2015-02-23,20:35:00,17.3,17.3,17.3,17.3,125,0
2015-02-23,20:45:00,17.28,17.28,17.28,17.28,1835,0
2015-02-23,21:05:00,17.28,17.28,17.28,17.28,1042,0
2015-02-23,21:10:00,17.27,17.27,17.27,17.27,1000,0
2015-02-23,21:15:00,17.28,17.28,17.28,17.28,300,0
2015-02-23,21:20:00,17.28,17.28,17.28,17.28,564,0
2015-02-23,21:40:00,17.28,17.29,17.28,17.29,400,0
2015-02-23,21:45:00,17.29,17.3,17.28,17.28,4436,0
2015-02-23,21:50:00,17.28,17.29,17.27,17.27,4400,0
2015-02-23,21:55:00,17.28,17.28,17.28,17.28,499,0
2015-02-23,22:00:00,17.25,17.25,17.25,17.25,200,0
