Date,Time,Open,High,Low,Close,Volume,OpenInt
2015-02-03,16:50:00,111.03,111.10,110.85,111.02,11700,0
2015-02-03,16:55:00,110.96,111.08,110.9,111.08,6100,0
2015-02-03,17:00:00,111.03,111.03,110.81,110.85,14140,0
2015-02-03,17:05:00,110.81,111.07,110.79,111.07,6100,0
2015-02-03,17:10:00,111.02,111.12,110.97,111.07,5435,0
2015-02-03,17:15:00,110.97,111.19,110.96,111.14,6442,0
2015-02-03,17:20:00,111.15,111.21,111.03,111.03,6673,0
2015-02-03,17:25:00,111.03,111.12,110.79,110.91,13089,0
2015-02-03,17:30:00,110.89,110.91,110.58,110.61,15200,0
2015-02-03,17:35:00,110.58,110.81,110.57,110.81,6880,0
2015-02-03,17:40:00,110.82,111.04,110.75,111.04,10909,0
2015-02-03,17:45:00,111.05,111.33,111.05,111.33,6050,0
2015-02-03,17:50:00,111.32,111.32,111.06,111.1,11141,0
2015-02-03,17:55:00,111.08,111.12,110.89,110.93,6400,0
2015-02-03,18:00:00,110.89,110.92,110.62,110.76,7940,0
2015-02-03,18:05:00,110.75,110.84,110.6,110.72,12400,0
2015-02-03,18:10:00,110.72,110.74,110.66,110.7,4371,0
2015-02-03,18:15:00,110.7,110.79,110.68,110.75,8155,0
2015-02-03,18:20:00,110.72,110.8,110.7,110.74,4600,0
2015-02-03,18:25:00,110.72,110.77,110.63,110.69,9157,0
2015-02-03,18:30:00,110.72,110.83,110.7,110.79,3985,0
2015-02-03,18:35:00,110.77,110.78,110.63,110.7,7081,0
2015-02-03,18:40:00,110.67,110.76,110.54,110.55,5800,0
2015-02-03,18:45:00,110.6,110.64,110.53,110.6,4100,0
2015-02-03,18:50:00,110.64,110.65,110.44,110.54,11236,0
2015-02-03,18:55:00,110.59,110.59,110.37,110.43,2400,0
2015-02-03,19:00:00,110.45,110.53,110.33,110.33,10107,0
2015-02-03,19:05:00,110.32,110.39,110.24,110.32,4312,0
2015-02-03,19:10:00,110.35,110.54,110.33,110.54,8600,0
2015-02-03,19:15:00,110.48,110.67,110.44,110.67,13800,0
2015-02-03,19:20:00,110.56,110.61,110.53,110.61,3780,0
2015-02-03,19:25:00,110.62,110.85,110.62,110.84,7996,0
2015-02-03,19:30:00,110.8,110.8,110.67,110.72,4634,0
2015-02-03,19:35:00,110.74,110.81,110.72,110.76,4700,0
2015-02-03,19:40:00,110.78,110.81,110.64,110.64,4425,0
2015-02-03,19:45:00,110.66,110.67,110.56,110.56,4160,0
2015-02-03,19:50:00,110.57,110.68,110.57,110.67,8745,0
2015-02-03,19:55:00,110.67,110.84,110.58,110.76,9387,0
2015-02-03,20:00:00,110.82,110.94,110.79,110.92,6831,0
2015-02-03,20:05:00,110.93,111.04,110.85,110.89,7476,0
2015-02-03,20:10:00,110.91,110.91,110.56,110.64,29936,0
2015-02-03,20:15:00,110.61,110.84,110.61,110.83,7800,0
2015-02-03,20:20:00,110.83,110.84,110.77,110.78,6700,0
2015-02-03,20:25:00,110.79,110.99,110.79,110.96,12396,0
2015-02-03,20:30:00,110.95,110.98,110.78,110.78,13852,0
2015-02-03,20:35:00,110.81,110.92,110.78,110.9,9825,0
2015-02-03,20:40:00,110.83,110.92,110.81,110.89,8300,0
2015-02-03,20:45:00,110.84,110.87,110.8,110.81,8617,0
2015-02-03,20:50:00,110.82,110.86,110.7,110.8,18207,0
2015-02-03,20:55:00,110.8,110.8,110.69,110.7,11427,0
2015-02-03,21:00:00,110.71,110.88,110.64,110.86,46847,0
2015-02-03,21:05:00,110.9,111.01,110.87,110.98,27418,0
2015-02-03,21:10:00,110.98,111.06,110.87,110.98,12200,0
2015-02-03,21:15:00,110.97,110.97,110.82,110.93,8034,0
2015-02-03,21:20:00,110.95,110.98,110.83,110.89,13010,0
2015-02-03,21:25:00,110.93,111.17,110.93,111.16,13622,0
2015-02-03,21:30:00,111.15,111.17,111.04,111.15,12620,0
2015-02-03,21:35:00,111.15,111.21,110.99,110.99,15500,0
2015-02-03,21:40:00,111.01,111.21,111.01,111.21,18235,0
2015-02-03,21:45:00,111.22,111.39,111.21,111.32,23626,0
2015-02-03,21:50:00,111.36,111.5,111.33,111.43,32542,0
2015-02-03,21:55:00,111.44,111.46,111.25,111.28,55230,0
2015-02-03,22:00:00,111.27,111.33,111.22,111.32,127937,0
2015-02-04,15:35:00,111.12,111.75,111.0,111.48,95983,0
2015-02-04,15:40:00,111.51,111.6,111.08,111.21,12680,0
2015-02-04,15:45:00,111.09,111.2,110.84,110.84,23546,0
2015-02-04,15:50:00,110.84,111.5,110.75,111.33,29738,0
2015-02-04,15:55:00,111.35,111.45,111.17,111.45,11905,0
2015-02-04,16:00:00,111.45,111.68,111.28,111.61,31908,0
2015-02-04,16:05:00,111.62,111.88,111.51,111.56,14025,0
2015-02-04,16:10:00,111.58,111.6,111.44,111.52,5500,0
2015-02-04,16:15:00,111.59,111.81,111.42,111.65,45445,0
2015-02-04,16:20:00,111.64,111.81,111.53,111.81,13256,0
2015-02-04,16:25:00,111.89,112.17,111.79,112.17,38081,0
2015-02-04,16:30:00,112.16,112.25,111.98,112.18,22260,0
2015-02-04,16:35:00,112.2,112.48,112.17,112.48,19797,0
2015-02-04,16:40:00,112.43,112.53,112.26,112.49,15904,0
2015-02-04,16:45:00,112.51,112.88,112.51,112.74,29120,0
2015-02-04,16:50:00,112.71,112.71,112.53,112.58,13900,0
2015-02-04,16:55:00,112.61,112.68,112.52,112.59,18431,0
2015-02-04,17:00:00,112.69,112.69,112.5,112.63,10117,0
2015-02-04,17:05:00,112.62,112.79,112.51,112.79,10192,0
2015-02-04,17:10:00,112.78,113.0,112.75,113.0,16323,0
2015-02-04,17:15:00,113.0,113.03,112.93,113.03,15181,0
2015-02-04,17:20:00,113.02,113.11,112.9,112.92,20499,0
2015-02-04,17:25:00,112.93,112.97,112.85,112.91,17700,0
2015-02-04,17:30:00,112.92,112.92,112.63,112.69,14128,0
2015-02-04,17:35:00,112.69,112.82,112.68,112.79,9995,0
2015-02-04,17:40:00,112.82,112.9,112.71,112.74,11440,0
2015-02-04,17:45:00,112.7,112.75,112.68,112.7,6330,0
2015-02-04,17:50:00,112.69,112.74,112.66,112.72,9821,0
2015-02-04,17:55:00,112.74,112.74,112.58,112.62,16550,0
2015-02-04,18:00:00,112.62,112.77,112.6,112.77,23900,0
2015-02-04,18:05:00,112.72,112.74,112.58,112.65,11430,0
2015-02-04,18:10:00,112.61,112.61,112.5,112.51,13800,0
2015-02-04,18:15:00,112.5,112.6,112.49,112.6,10100,0
2015-02-04,18:20:00,112.61,112.67,112.54,112.62,18000,0
2015-02-04,18:25:00,112.6,112.61,112.56,112.59,9670,0
2015-02-04,18:30:00,112.59,112.7,112.46,112.46,9800,0
2015-02-04,18:35:00,112.46,112.65,112.46,112.58,10095,0
2015-02-04,18:40:00,112.56,112.63,112.5,112.61,20203,0
2015-02-04,18:45:00,112.54,112.58,112.48,112.51,12300,0
2015-02-04,18:50:00,112.46,112.6,112.46,112.53,104218,0
2015-02-04,18:55:00,112.51,112.54,112.39,112.41,12321,0
2015-02-04,19:00:00,112.41,112.56,112.41,112.53,8790,0
2015-02-04,19:05:00,112.51,112.55,112.49,112.5,7900,0
2015-02-04,19:10:00,112.5,112.56,112.5,112.54,6686,0
2015-02-04,19:15:00,112.59,112.6,112.51,112.51,7900,0
2015-02-04,19:20:00,112.51,112.52,112.46,112.49,7300,0
2015-02-04,19:25:00,112.47,112.63,112.45,112.53,8230,0
2015-02-04,19:30:00,112.54,112.66,112.54,112.62,12099,0
2015-02-04,19:35:00,112.62,112.65,112.56,112.57,24664,0
2015-02-04,19:40:00,112.56,112.61,112.53,112.57,25095,0
2015-02-04,19:45:00,112.58,112.62,112.53,112.55,7487,0
2015-02-04,19:50:00,112.53,112.62,112.49,112.5,12080,0
2015-02-04,19:55:00,112.5,112.6,112.5,112.6,3800,0
2015-02-04,20:00:00,112.58,112.58,112.45,112.49,14086,0
2015-02-04,20:05:00,112.5,112.57,112.49,112.57,5958,0
2015-02-04,20:10:00,112.55,112.55,112.19,112.2,19196,0
2015-02-04,20:15:00,112.24,112.34,112.18,112.2,17475,0
2015-02-04,20:20:00,112.2,112.35,112.2,112.29,7613,0
2015-02-04,20:25:00,112.29,112.47,112.29,112.4,9788,0
2015-02-04,20:30:00,112.39,112.42,112.21,112.27,12111,0
2015-02-04,20:35:00,112.24,112.39,112.18,112.2,18912,0
2015-02-04,20:40:00,112.19,112.38,112.14,112.37,21991,0
2015-02-04,20:45:00,112.38,112.4,112.28,112.4,6172,0
2015-02-04,20:50:00,112.37,112.48,112.36,112.43,8801,0
2015-02-04,20:55:00,112.41,112.48,112.31,112.46,11993,0
2015-02-04,21:00:00,112.48,112.49,112.37,112.37,6318,0
2015-02-04,21:05:00,112.37,112.47,112.35,112.4,12020,0
2015-02-04,21:10:00,112.44,112.45,112.33,112.38,11332,0
2015-02-04,21:15:00,112.4,112.48,112.39,112.47,14800,0
2015-02-04,21:20:00,112.45,112.59,112.45,112.56,13600,0
2015-02-04,21:25:00,112.54,112.65,112.49,112.58,12011,0
2015-02-04,21:30:00,112.59,112.79,112.57,112.76,18602,0
2015-02-04,21:35:00,112.77,112.84,112.74,112.76,18993,0
2015-02-04,21:40:00,112.78,112.84,112.53,112.53,39123,0
2015-02-04,21:45:00,112.5,112.55,112.1,112.1,51264,0
2015-02-04,21:50:00,112.06,112.13,111.75,111.91,55039,0
2015-02-04,21:55:00,111.9,111.93,111.75,111.87,27168,0
2015-02-04,22:00:00,111.85,112.11,111.8,112.06,801457,0
2015-02-05,15:35:00,112.94,112.95,112.17,112.17,15062,0
2015-02-05,15:40:00,112.36,112.83,112.2,112.59,10308,0
2015-02-05,15:45:00,112.51,112.58,112.25,112.29,13840,0
2015-02-05,15:50:00,112.3,112.87,112.3,112.61,54693,0
2015-02-05,15:55:00,112.57,112.62,112.29,112.39,21620,0
2015-02-05,16:00:00,112.37,112.41,112.24,112.3,22050,0
2015-02-05,16:05:00,112.32,112.61,112.26,112.59,38671,0
2015-02-05,16:10:00,112.58,112.67,112.5,112.56,8249,0
2015-02-05,16:15:00,112.57,112.57,112.36,112.36,20705,0
2015-02-05,16:20:00,112.39,112.49,112.33,112.49,37328,0
2015-02-05,16:25:00,112.45,112.49,112.37,112.49,7450,0
2015-02-05,16:30:00,112.5,112.6,112.45,112.57,4506,0
2015-02-05,16:35:00,112.52,112.59,112.47,112.53,6700,0
2015-02-05,16:40:00,112.54,112.65,112.47,112.58,8870,0
2015-02-05,16:45:00,112.6,112.79,112.6,112.74,7900,0
2015-02-05,16:50:00,112.76,112.83,112.74,112.83,4900,0
2015-02-05,16:55:00,112.83,112.84,112.65,112.69,8531,0
2015-02-05,17:00:00,112.68,112.79,112.65,112.79,12767,0
2015-02-05,17:05:00,112.75,112.88,112.68,112.84,27133,0
2015-02-05,17:10:00,112.84,112.96,112.84,112.91,7400,0
2015-02-05,17:15:00,112.93,112.95,112.83,112.83,5600,0
2015-02-05,17:20:00,112.87,112.92,112.77,112.88,26300,0
2015-02-05,17:25:00,112.88,112.89,112.71,112.74,6626,0
2015-02-05,17:30:00,112.75,112.87,112.67,112.87,10614,0
2015-02-05,17:35:00,112.88,112.96,112.8,112.8,5270,0
2015-02-05,17:40:00,112.79,112.86,112.75,112.86,6885,0
2015-02-05,17:45:00,112.86,112.86,112.59,112.62,10850,0
2015-02-05,17:50:00,112.62,112.72,112.56,112.7,8680,0
2015-02-05,17:55:00,112.7,112.76,112.59,112.59,5627,0
2015-02-05,18:00:00,112.56,112.65,112.49,112.49,9300,0
2015-02-05,18:05:00,112.49,112.52,112.45,112.48,38800,0
2015-02-05,18:10:00,112.48,112.59,112.48,112.52,9400,0
2015-02-05,18:15:00,112.51,112.6,112.4,112.4,8729,0
2015-02-05,18:20:00,112.45,112.45,112.35,112.36,4568,0
2015-02-05,18:25:00,112.37,112.4,112.29,112.31,9140,0
2015-02-05,18:30:00,112.3,112.32,112.18,112.22,8500,0
2015-02-05,18:35:00,112.23,112.32,112.19,112.27,17616,0
2015-02-05,18:40:00,112.23,112.57,112.23,112.57,10898,0
2015-02-05,18:45:00,112.49,112.52,112.43,112.45,3500,0
2015-02-05,18:50:00,112.44,112.44,112.23,112.23,6450,0
2015-02-05,18:55:00,112.18,112.19,112.02,112.09,15823,0
2015-02-05,19:00:00,112.06,112.19,112.02,112.18,10820,0
2015-02-05,19:05:00,112.21,112.35,112.19,112.25,8638,0
2015-02-05,19:10:00,112.26,112.27,112.17,112.24,7801,0
2015-02-05,19:15:00,112.26,112.46,112.26,112.35,9304,0
2015-02-05,19:20:00,112.37,112.51,112.37,112.44,6278,0
2015-02-05,19:25:00,112.45,112.52,112.42,112.42,5680,0
2015-02-05,19:30:00,112.44,112.44,112.36,112.38,10600,0
2015-02-05,19:35:00,112.36,112.37,112.29,112.29,6800,0
2015-02-05,19:40:00,112.29,112.36,112.27,112.34,6301,0
2015-02-05,19:45:00,112.36,112.37,112.31,112.37,5426,0
2015-02-05,19:50:00,112.44,112.45,112.37,112.44,4871,0
2015-02-05,19:55:00,112.4,112.44,112.29,112.32,7386,0
2015-02-05,20:00:00,112.29,112.35,112.2,112.2,9831,0
2015-02-05,20:05:00,112.26,112.28,112.14,112.14,9458,0
2015-02-05,20:10:00,112.14,112.21,112.13,112.13,7600,0
2015-02-05,20:15:00,112.13,112.4,112.13,112.3,12060,0
2015-02-05,20:20:00,112.29,112.35,112.23,112.26,6112,0
2015-02-05,20:25:00,112.31,112.32,112.17,112.2,7100,0
2015-02-05,20:30:00,112.16,112.18,112.05,112.09,8600,0
2015-02-05,20:35:00,112.13,112.23,112.04,112.15,11300,0
2015-02-05,20:40:00,112.13,112.19,112.06,112.19,7039,0
2015-02-05,20:45:00,112.17,112.19,112.04,112.04,3600,0
2015-02-05,20:50:00,112.02,112.12,112.0,112.04,6500,0
2015-02-05,20:55:00,112.07,112.09,112.0,112.05,6329,0
2015-02-05,21:00:00,112.08,112.22,112.0,112.22,10150,0
2015-02-05,21:05:00,112.22,112.25,112.1,112.1,5700,0
2015-02-05,21:10:00,112.1,112.16,112.05,112.11,6400,0
2015-02-05,21:15:00,112.08,112.22,112.07,112.22,8019,0
2015-02-05,21:20:00,112.22,112.24,112.17,112.23,7464,0
2015-02-05,21:25:00,112.23,112.39,112.22,112.37,11750,0
2015-02-05,21:30:00,112.36,112.49,112.35,112.47,10300,0
2015-02-05,21:35:00,112.47,112.48,112.42,112.46,13635,0
2015-02-05,21:40:00,112.47,112.52,112.43,112.5,20009,0
2015-02-05,21:45:00,112.48,112.56,112.46,112.48,18030,0
2015-02-05,21:50:00,112.52,112.58,112.47,112.48,24279,0
2015-02-05,21:55:00,112.49,112.63,112.49,112.63,33261,0
2015-02-05,22:00:00,112.64,112.72,112.59,112.66,389674,0
2015-02-06,15:35:00,112.47,112.8,112.4,112.4,9150,0
2015-02-06,15:40:00,112.26,112.48,112.1,112.1,28077,0
2015-02-06,15:45:00,112.16,112.2,111.5,111.5,13558,0
2015-02-06,15:50:00,111.63,111.75,111.59,111.62,6101,0
2015-02-06,15:55:00,111.66,111.87,111.65,111.72,18433,0
2015-02-06,16:00:00,111.71,111.77,111.62,111.77,3200,0
2015-02-06,16:05:00,111.79,111.94,111.79,111.91,9963,0
2015-02-06,16:10:00,111.89,112.12,111.89,112.12,9800,0
2015-02-06,16:15:00,112.08,112.16,112.03,112.1,8608,0
2015-02-06,16:20:00,112.11,112.24,112.09,112.15,4430,0
2015-02-06,16:25:00,112.12,112.24,112.12,112.24,6900,0
2015-02-06,16:30:00,112.26,112.26,112.15,112.15,6320,0
2015-02-06,16:35:00,112.16,112.16,112.07,112.11,4600,0
2015-02-06,16:40:00,112.1,112.23,112.1,112.17,9655,0
2015-02-06,16:45:00,112.2,112.52,112.2,112.52,13100,0
2015-02-06,16:50:00,112.49,112.72,112.43,112.59,13824,0
2015-02-06,16:55:00,112.6,112.71,112.53,112.67,9350,0
2015-02-06,17:00:00,112.67,112.67,112.51,112.51,5004,0
2015-02-06,17:05:00,112.45,112.53,112.43,112.53,10092,0
2015-02-06,17:10:00,112.54,112.64,112.51,112.57,6350,0
2015-02-06,17:15:00,112.54,112.61,112.51,112.59,6061,0
2015-02-06,17:20:00,112.56,112.57,112.38,112.43,28703,0
2015-02-06,17:25:00,112.42,112.43,112.25,112.32,6800,0
2015-02-06,17:30:00,112.36,112.47,112.36,112.38,3800,0
2015-02-06,17:35:00,112.38,112.43,112.36,112.38,7480,0
2015-02-06,17:40:00,112.38,112.52,112.28,112.51,8900,0
2015-02-06,17:45:00,112.56,112.94,112.47,112.94,22454,0
2015-02-06,17:50:00,112.96,112.96,112.72,112.76,4727,0
2015-02-06,17:55:00,112.72,112.72,112.53,112.57,7603,0
2015-02-06,18:00:00,112.54,112.56,112.41,112.41,3787,0
2015-02-06,18:05:00,112.4,112.55,112.4,112.52,5400,0
2015-02-06,18:10:00,112.52,112.83,112.44,112.82,97646,0
2015-02-06,18:15:00,112.8,112.98,112.73,112.92,44155,0
2015-02-06,18:20:00,112.9,112.91,112.74,112.91,27500,0
2015-02-06,18:25:00,112.92,112.92,112.8,112.87,5600,0
2015-02-06,18:30:00,112.83,112.84,112.71,112.71,8754,0
2015-02-06,18:35:00,112.71,112.86,112.68,112.79,10916,0
2015-02-06,18:40:00,112.79,112.85,112.65,112.72,14486,0
2015-02-06,18:45:00,112.71,112.71,112.44,112.48,7548,0
2015-02-06,18:50:00,112.45,112.52,112.38,112.52,6900,0
2015-02-06,18:55:00,112.54,112.55,112.44,112.55,29518,0
2015-02-06,19:00:00,112.58,112.83,112.58,112.72,10661,0
2015-02-06,19:05:00,112.71,112.85,112.71,112.74,6315,0
2015-02-06,19:10:00,112.71,112.71,112.52,112.58,6100,0
2015-02-06,19:15:00,112.63,112.65,112.55,112.61,11309,0
2015-02-06,19:20:00,112.61,112.75,112.53,112.55,19500,0
2015-02-06,19:25:00,112.53,112.61,112.49,112.53,9850,0
2015-02-06,19:30:00,112.52,112.63,112.44,112.58,10455,0
2015-02-06,19:35:00,112.58,112.67,112.54,112.67,9409,0
2015-02-06,19:40:00,112.66,112.67,112.5,112.62,15258,0
2015-02-06,19:45:00,112.66,112.82,112.64,112.78,9000,0
2015-02-06,19:50:00,112.79,112.97,112.75,112.83,12211,0
2015-02-06,19:55:00,112.84,112.91,112.81,112.86,5892,0
2015-02-06,20:00:00,112.85,112.96,112.84,112.87,11815,0
2015-02-06,20:05:00,112.86,112.92,112.81,112.91,9800,0
2015-02-06,20:10:00,112.9,112.99,112.8,112.8,8754,0
2015-02-06,20:15:00,112.8,112.98,112.77,112.85,10884,0
2015-02-06,20:20:00,112.81,112.96,112.77,112.96,7940,0
2015-02-06,20:25:00,112.95,113.1,112.95,113.09,16125,0
2015-02-06,20:30:00,113.13,113.35,113.13,113.15,34208,0
2015-02-06,20:35:00,113.17,113.24,113.1,113.2,19998,0
2015-02-06,20:40:00,113.19,113.53,113.19,113.52,51447,0
2015-02-06,20:45:00,113.53,113.59,113.32,113.32,15703,0
2015-02-06,20:50:00,113.31,113.38,113.17,113.27,20543,0
2015-02-06,20:55:00,113.26,113.28,113.12,113.15,12922,0
2015-02-06,21:00:00,113.18,113.23,112.87,112.87,12900,0
2015-02-06,21:05:00,112.87,112.98,112.56,112.79,30638,0
2015-02-06,21:10:00,112.79,113.02,112.79,112.9,16000,0
2015-02-06,21:15:00,112.9,113.02,112.85,112.97,17750,0
2015-02-06,21:20:00,112.93,113.11,112.88,112.9,23402,0
2015-02-06,21:25:00,112.85,112.96,112.79,112.87,13690,0
2015-02-06,21:30:00,112.91,112.96,112.74,112.77,20418,0
2015-02-06,21:35:00,112.76,112.96,112.72,112.95,26390,0
2015-02-06,21:40:00,112.96,113.05,112.9,112.97,16136,0
2015-02-06,21:45:00,112.96,112.96,112.74,112.75,21773,0
2015-02-06,21:50:00,112.75,112.75,112.57,112.69,33283,0
2015-02-06,21:55:00,112.7,112.81,112.66,112.81,32549,0
2015-02-06,22:00:00,112.8,112.91,112.7,112.91,353779,0
2015-02-09,15:35:00,112.06,112.5,111.85,112.09,9449,0
2015-02-09,15:40:00,112.08,112.44,111.97,112.44,56569,0
2015-02-09,15:45:00,112.31,112.39,112.19,112.23,42251,0
2015-02-09,15:50:00,112.29,112.34,111.9,111.95,44712,0
2015-02-09,15:55:00,111.99,112.2,111.99,112.05,6300,0
2015-02-09,16:00:00,112.01,112.05,111.93,112.05,5387,0
2015-02-09,16:05:00,112.05,112.12,111.64,111.86,24506,0
2015-02-09,16:10:00,111.87,112.01,111.85,111.85,12270,0
2015-02-09,16:15:00,111.88,112.06,111.85,112.05,12840,0
2015-02-09,16:20:00,112.1,112.1,111.93,112.01,13835,0
2015-02-09,16:25:00,112.01,112.04,111.8,111.92,15633,0
2015-02-09,16:30:00,111.95,111.97,111.76,111.88,12033,0
2015-02-09,16:35:00,111.83,112.04,111.81,112.04,15193,0
2015-02-09,16:40:00,112.01,112.05,111.83,111.85,19065,0
2015-02-09,16:45:00,111.82,111.92,111.71,111.71,8542,0
2015-02-09,16:50:00,111.69,111.75,111.66,111.71,14300,0
2015-02-09,16:55:00,111.71,111.79,111.65,111.7,15310,0
2015-02-09,17:00:00,111.7,111.7,111.51,111.51,4450,0
2015-02-09,17:05:00,111.54,111.61,111.49,111.61,10872,0
2015-02-09,17:10:00,111.62,112.0,111.61,112.0,17300,0
2015-02-09,17:15:00,111.98,112.1,111.89,112.06,10531,0
2015-02-09,17:20:00,112.09,112.22,112.09,112.16,4874,0
2015-02-09,17:25:00,112.16,112.46,112.15,112.44,12400,0
2015-02-09,17:30:00,112.41,112.58,112.3,112.53,22646,0
2015-02-09,17:35:00,112.56,112.56,112.15,112.15,6800,0
2015-02-09,17:40:00,112.11,112.19,112.06,112.13,44314,0
2015-02-09,17:45:00,112.14,112.15,111.99,112.02,5736,0
2015-02-09,17:50:00,111.98,112.12,111.95,112.12,6200,0
2015-02-09,17:55:00,112.1,112.33,112.09,112.31,8500,0
2015-02-09,18:00:00,112.28,112.31,112.16,112.19,5300,0
2015-02-09,18:05:00,112.21,112.28,112.18,112.25,4060,0
2015-02-09,18:10:00,112.23,112.35,112.2,112.35,10918,0
2015-02-09,18:15:00,112.36,112.47,112.34,112.4,7800,0
2015-02-09,18:20:00,112.4,112.46,112.34,112.4,4061,0
2015-02-09,18:25:00,112.41,112.49,112.4,112.46,4661,0
2015-02-09,18:30:00,112.44,112.53,112.38,112.5,21328,0
2015-02-09,18:35:00,112.55,112.6,112.39,112.39,11961,0
2015-02-09,18:40:00,112.35,112.41,112.24,112.35,9169,0
2015-02-09,18:45:00,112.33,112.43,112.28,112.43,6440,0
2015-02-09,18:50:00,112.45,112.51,112.38,112.42,7235,0
2015-02-09,18:55:00,112.45,112.46,112.37,112.43,2213,0
2015-02-09,19:00:00,112.4,112.45,112.3,112.32,4576,0
2015-02-09,19:05:00,112.37,112.37,112.15,112.17,6495,0
2015-02-09,19:10:00,112.2,112.28,112.19,112.21,7948,0
2015-02-09,19:15:00,112.21,112.23,112.17,112.21,8033,0
2015-02-09,19:20:00,112.21,112.25,112.12,112.12,6116,0
2015-02-09,19:25:00,112.12,112.12,112.06,112.06,5300,0
2015-02-09,19:30:00,112.04,112.05,111.97,111.99,6500,0
2015-02-09,19:35:00,111.97,111.97,111.92,111.96,9700,0
2015-02-09,19:40:00,111.96,112.03,111.95,111.95,9783,0
2015-02-09,19:45:00,111.97,112.08,111.94,111.96,9724,0
2015-02-09,19:50:00,111.95,112.04,111.95,112.02,2800,0
2015-02-09,19:55:00,112.04,112.05,111.97,112.01,2800,0
2015-02-09,20:00:00,112.02,112.02,111.91,111.94,6600,0
2015-02-09,20:05:00,111.95,111.95,111.86,111.91,5400,0
2015-02-09,20:10:00,111.86,111.94,111.84,111.9,9800,0
2015-02-09,20:15:00,111.9,111.91,111.81,111.83,3968,0
2015-02-09,20:20:00,111.84,111.89,111.69,111.69,4996,0
2015-02-09,20:25:00,111.72,111.83,111.72,111.79,6730,0
2015-02-09,20:30:00,111.8,111.92,111.8,111.9,17650,0
2015-02-09,20:35:00,111.91,111.96,111.89,111.93,15124,0
2015-02-09,20:40:00,111.93,112.06,111.89,112.03,7698,0
2015-02-09,20:45:00,112.01,112.06,111.97,112.02,3853,0
2015-02-09,20:50:00,112.03,112.04,111.8,111.81,4900,0
2015-02-09,20:55:00,111.81,111.81,111.64,111.65,7613,0
2015-02-09,21:00:00,111.65,111.85,111.63,111.77,13600,0
2015-02-09,21:05:00,111.77,111.83,111.67,111.68,17734,0
2015-02-09,21:10:00,111.7,111.7,111.56,111.64,5675,0
2015-02-09,21:15:00,111.66,111.8,111.64,111.75,7779,0
2015-02-09,21:20:00,111.71,111.77,111.66,111.68,9758,0
2015-02-09,21:25:00,111.65,111.84,111.63,111.79,13003,0
2015-02-09,21:30:00,111.83,111.84,111.73,111.77,5675,0
2015-02-09,21:35:00,111.84,111.86,111.73,111.78,11600,0
2015-02-09,21:40:00,111.76,111.78,111.69,111.72,10910,0
2015-02-09,21:45:00,111.72,112.03,111.7,111.96,16151,0
2015-02-09,21:50:00,111.97,111.98,111.82,111.93,38793,0
2015-02-09,21:55:00,111.89,111.93,111.77,111.77,38027,0
2015-02-09,22:00:00,111.76,111.9,111.72,111.86,391692,0
2015-02-10,15:35:00,112.45,113.06,112.26,113.06,80035,0
2015-02-10,15:40:00,113.16,113.49,112.97,113.49,22402,0
2015-02-10,15:45:00,113.48,113.56,113.22,113.49,18876,0
2015-02-10,15:50:00,113.5,113.59,113.09,113.51,22984,0
2015-02-10,15:55:00,113.47,113.54,113.37,113.39,4100,0
2015-02-10,16:00:00,113.38,113.52,113.38,113.48,8790,0
2015-02-10,16:05:00,113.48,113.52,113.21,113.21,8050,0
2015-02-10,16:10:00,113.3,113.32,113.2,113.32,5392,0
2015-02-10,16:15:00,113.32,113.47,113.27,113.37,6426,0
2015-02-10,16:20:00,113.32,113.47,113.31,113.34,9861,0
2015-02-10,16:25:00,113.3,113.34,113.23,113.26,10662,0
2015-02-10,16:30:00,113.28,113.4,113.17,113.39,7199,0
2015-02-10,16:35:00,113.28,113.31,113.14,113.3,5300,0
2015-02-10,16:40:00,113.25,113.3,113.23,113.28,9591,0
2015-02-10,16:45:00,113.29,113.52,113.28,113.36,14695,0
2015-02-10,16:50:00,113.4,113.4,112.72,112.72,22529,0
2015-02-10,16:55:00,112.74,112.94,112.72,112.91,7550,0
2015-02-10,17:00:00,112.93,113.12,112.91,113.01,10200,0
2015-02-10,17:05:00,113.01,113.01,112.8,112.91,4797,0
2015-02-10,17:10:00,112.94,113.07,112.9,113.07,7700,0
2015-02-10,17:15:00,113.12,113.24,113.12,113.24,5700,0
2015-02-10,17:20:00,113.29,113.4,113.24,113.4,8091,0
2015-02-10,17:25:00,113.39,113.43,113.25,113.3,4599,0
2015-02-10,17:30:00,113.24,113.34,113.16,113.33,7434,0
2015-02-10,17:35:00,113.35,113.37,113.01,113.08,10914,0
2015-02-10,17:40:00,113.08,113.08,112.81,112.99,19132,0
2015-02-10,17:45:00,112.9,112.91,112.66,112.83,14722,0
2015-02-10,17:50:00,112.79,112.87,112.61,112.65,8546,0
2015-02-10,17:55:00,112.62,112.8,112.6,112.67,10802,0
2015-02-10,18:00:00,112.66,112.84,112.64,112.81,8035,0
2015-02-10,18:05:00,112.79,112.79,112.52,112.57,7250,0
2015-02-10,18:10:00,112.6,112.79,112.6,112.79,9134,0
2015-02-10,18:15:00,112.83,113.17,112.83,113.17,5800,0
2015-02-10,18:20:00,113.19,113.26,113.06,113.26,10159,0
2015-02-10,18:25:00,113.25,113.3,113.22,113.28,6400,0
2015-02-10,18:30:00,113.28,113.31,113.2,113.2,3400,0
2015-02-10,18:35:00,113.21,113.3,113.07,113.22,14760,0
2015-02-10,18:40:00,113.25,113.3,113.23,113.24,9818,0
2015-02-10,18:45:00,113.23,113.23,113.11,113.17,5700,0
2015-02-10,18:50:00,113.14,113.16,112.98,113.0,11300,0
2015-02-10,18:55:00,113.0,113.09,112.97,112.98,6185,0
2015-02-10,19:00:00,113.05,113.2,113.03,113.1,18050,0
2015-02-10,19:05:00,113.13,113.16,112.96,112.96,5180,0
2015-02-10,19:10:00,112.95,113.08,112.9,113.08,5868,0
2015-02-10,19:15:00,113.06,113.17,112.97,113.17,4700,0
2015-02-10,19:20:00,113.11,113.21,113.03,113.2,13929,0
2015-02-10,19:25:00,113.14,113.14,112.96,113.01,10808,0
2015-02-10,19:30:00,112.99,112.99,112.87,112.93,9700,0
2015-02-10,19:35:00,112.96,113.05,112.87,112.96,18298,0
2015-02-10,19:40:00,112.98,113.12,112.92,113.09,6250,0
2015-02-10,19:45:00,113.09,113.14,112.98,113.08,23090,0
2015-02-10,19:50:00,113.09,113.21,113.09,113.16,8752,0
2015-02-10,19:55:00,113.13,113.26,113.13,113.23,6986,0
2015-02-10,20:00:00,113.2,113.35,113.19,113.33,13642,0
2015-02-10,20:05:00,113.3,113.31,113.2,113.22,7925,0
2015-02-10,20:10:00,113.2,113.3,113.16,113.29,17453,0
2015-02-10,20:15:00,113.29,113.35,113.23,113.35,6900,0
2015-02-10,20:20:00,113.34,113.34,113.2,113.3,8875,0
2015-02-10,20:25:00,113.32,113.32,113.13,113.13,10164,0
2015-02-10,20:30:00,113.13,113.22,113.06,113.18,14600,0
2015-02-10,20:35:00,113.15,113.3,113.11,113.28,17514,0
2015-02-10,20:40:00,113.29,113.33,113.12,113.28,28470,0
2015-02-10,20:45:00,113.3,113.47,113.3,113.47,9149,0
2015-02-10,20:50:00,113.46,113.46,113.37,113.39,6300,0
2015-02-10,20:55:00,113.41,113.45,113.31,113.45,27602,0
2015-02-10,21:00:00,113.45,113.51,113.34,113.5,18628,0
2015-02-10,21:05:00,113.49,113.51,113.41,113.47,29976,0
2015-02-10,21:10:00,113.5,113.55,113.47,113.55,9065,0
2015-02-10,21:15:00,113.54,113.55,113.49,113.53,3900,0
2015-02-10,21:20:00,113.55,113.55,113.47,113.5,5600,0
2015-02-10,21:25:00,113.51,113.52,113.37,113.47,8747,0
2015-02-10,21:30:00,113.47,113.6,113.4,113.6,10534,0
2015-02-10,21:35:00,113.65,113.73,113.62,113.69,11600,0
2015-02-10,21:40:00,113.67,113.73,113.61,113.72,10666,0
2015-02-10,21:45:00,113.7,113.74,113.61,113.72,13574,0
2015-02-10,21:50:00,113.67,113.69,113.5,113.55,17379,0
2015-02-10,21:55:00,113.54,113.59,113.48,113.57,26582,0
2015-02-10,22:00:00,113.56,113.58,113.34,113.4,344511,0
2015-02-11,15:35:00,113.4,114.19,113.4,113.56,14963,0
2015-02-11,15:40:00,113.64,113.65,113.32,113.54,19686,0
2015-02-11,15:45:00,113.55,113.82,113.42,113.48,6751,0
2015-02-11,15:50:00,113.47,113.96,113.42,113.96,14889,0
2015-02-11,15:55:00,113.88,113.94,113.73,113.84,11734,0
2015-02-11,16:00:00,113.8,114.08,113.77,114.0,13044,0
2015-02-11,16:05:00,114.0,114.02,113.7,113.73,28612,0
2015-02-11,16:10:00,113.71,113.72,113.59,113.67,3398,0
2015-02-11,16:15:00,113.67,113.77,113.65,113.69,4075,0
2015-02-11,16:20:00,113.69,113.72,113.64,113.69,4957,0
2015-02-11,16:25:00,113.7,113.73,113.54,113.54,4675,0
2015-02-11,16:30:00,113.59,113.7,113.47,113.64,7700,0
2015-02-11,16:35:00,113.65,113.7,113.51,113.51,14534,0
2015-02-11,16:40:00,113.5,113.5,113.27,113.3,6700,0
2015-02-11,16:45:00,113.31,113.37,113.26,113.26,2400,0
2015-02-11,16:50:00,113.25,113.25,113.03,113.03,6170,0
2015-02-11,16:55:00,113.03,113.35,113.03,113.23,7688,0
2015-02-11,17:00:00,113.23,113.27,113.22,113.25,6000,0
2015-02-11,17:05:00,113.41,113.55,113.36,113.47,5100,0
2015-02-11,17:10:00,113.52,113.59,113.37,113.37,9110,0
2015-02-11,17:15:00,113.34,113.51,113.3,113.31,6783,0
2015-02-11,17:20:00,113.35,113.39,113.22,113.22,6150,0
2015-02-11,17:25:00,113.21,113.25,113.09,113.25,8892,0
2015-02-11,17:30:00,113.23,113.4,113.23,113.24,5920,0
2015-02-11,17:35:00,113.15,113.15,112.89,112.98,10015,0
2015-02-11,17:40:00,113.03,113.03,112.92,112.96,7000,0
2015-02-11,17:45:00,113.02,113.07,112.98,113.04,4828,0
2015-02-11,17:50:00,113.06,113.16,113.0,113.1,7398,0
2015-02-11,17:55:00,113.12,113.14,113.04,113.13,5917,0
2015-02-11,18:00:00,113.11,113.17,113.08,113.15,3378,0
2015-02-11,18:05:00,113.13,113.14,113.01,113.04,6400,0
2015-02-11,18:10:00,113.02,113.02,112.79,112.79,6700,0
2015-02-11,18:15:00,112.79,112.92,112.79,112.92,4200,0
2015-02-11,18:20:00,112.89,112.89,112.8,112.85,4279,0
2015-02-11,18:25:00,112.82,112.87,112.8,112.81,3990,0
2015-02-11,18:30:00,112.83,112.97,112.83,112.88,6748,0
2015-02-11,18:35:00,112.89,112.91,112.77,112.78,12496,0
2015-02-11,18:40:00,112.85,112.96,112.75,112.92,16054,0
2015-02-11,18:45:00,112.9,112.9,112.73,112.73,5000,0
2015-02-11,18:50:00,112.76,112.79,112.6,112.62,11672,0
2015-02-11,18:55:00,112.64,112.71,112.61,112.61,6150,0
2015-02-11,19:00:00,112.6,112.6,112.47,112.53,10327,0
2015-02-11,19:05:00,112.54,112.59,112.5,112.51,5267,0
2015-02-11,19:10:00,112.5,112.5,112.4,112.42,10800,0
2015-02-11,19:15:00,112.42,112.43,112.15,112.22,9000,0
2015-02-11,19:20:00,112.18,112.25,112.12,112.12,8100,0
2015-02-11,19:25:00,112.11,112.34,112.07,112.31,7520,0
2015-02-11,19:30:00,112.32,112.44,112.31,112.41,7218,0
2015-02-11,19:35:00,112.44,112.44,112.29,112.35,7108,0
2015-02-11,19:40:00,112.33,112.56,112.33,112.56,6100,0
2015-02-11,19:45:00,112.57,112.57,112.46,112.5,5000,0
2015-02-11,19:50:00,112.56,112.59,112.42,112.5,7140,0
2015-02-11,19:55:00,112.51,112.6,112.47,112.54,5000,0
2015-02-11,20:00:00,112.53,112.9,112.48,112.74,8082,0
2015-02-11,20:05:00,112.79,112.87,112.74,112.86,4100,0
2015-02-11,20:10:00,112.89,112.98,112.88,112.92,7400,0
2015-02-11,20:15:00,112.91,112.91,112.78,112.79,10906,0
2015-02-11,20:20:00,112.79,112.83,112.68,112.71,12375,0
2015-02-11,20:25:00,112.7,112.72,112.55,112.56,11619,0
2015-02-11,20:30:00,112.57,112.57,112.33,112.45,13144,0
2015-02-11,20:35:00,112.42,112.87,112.42,112.87,8800,0
2015-02-11,20:40:00,112.86,113.06,112.85,113.06,9130,0
2015-02-11,20:45:00,113.05,113.23,113.05,113.19,8029,0
2015-02-11,20:50:00,113.19,113.33,113.17,113.19,11926,0
2015-02-11,20:55:00,113.19,113.19,113.11,113.14,10566,0
2015-02-11,21:00:00,113.14,113.22,113.14,113.21,11119,0
2015-02-11,21:05:00,113.23,113.34,113.22,113.29,9896,0
2015-02-11,21:10:00,113.29,113.34,113.22,113.26,8775,0
2015-02-11,21:15:00,113.24,113.32,113.16,113.32,16674,0
2015-02-11,21:20:00,113.32,113.36,113.23,113.26,13827,0
2015-02-11,21:25:00,113.26,113.44,113.26,113.44,11306,0
2015-02-11,21:30:00,113.46,113.68,113.46,113.59,19363,0
2015-02-11,21:35:00,113.62,113.72,113.51,113.54,33945,0
2015-02-11,21:40:00,113.55,113.65,113.55,113.65,8130,0
2015-02-11,21:45:00,113.65,113.69,113.52,113.64,26282,0
2015-02-11,21:50:00,113.64,113.67,113.48,113.52,21207,0
2015-02-11,21:55:00,113.53,113.57,113.45,113.49,27316,0
2015-02-11,22:00:00,113.47,113.56,113.43,113.53,192061,0
2015-02-12,15:35:00,113.55,113.64,113.08,113.11,13387,0
2015-02-12,15:40:00,113.17,113.42,112.89,113.04,15830,0
2015-02-12,15:45:00,113.11,113.27,113.08,113.16,7200,0
2015-02-12,15:50:00,113.23,113.6,113.23,113.58,10600,0
2015-02-12,15:55:00,113.58,113.85,113.49,113.78,15876,0
2015-02-12,16:00:00,113.78,114.19,113.78,114.18,12570,0
2015-02-12,16:05:00,114.19,114.37,114.19,114.29,14264,0
2015-02-12,16:10:00,114.35,114.39,114.13,114.13,7982,0
2015-02-12,16:15:00,114.13,114.2,114.06,114.2,5017,0
2015-02-12,16:20:00,114.2,114.24,113.94,114.01,5529,0
2015-02-12,16:25:00,113.95,114.0,113.73,113.73,6500,0
2015-02-12,16:30:00,113.78,113.93,113.76,113.79,5900,0
2015-02-12,16:35:00,113.8,113.87,113.76,113.83,13031,0
2015-02-12,16:40:00,113.84,114.17,113.82,114.11,10250,0
2015-02-12,16:45:00,114.11,114.2,114.03,114.2,7314,0
2015-02-12,16:50:00,114.16,114.28,114.16,114.28,6337,0
2015-02-12,16:55:00,114.24,114.41,114.24,114.33,12400,0
2015-02-12,17:00:00,114.22,114.24,113.91,113.96,9600,0
2015-02-12,17:05:00,113.95,113.95,113.73,113.82,5989,0
2015-02-12,17:10:00,113.83,113.85,113.76,113.76,2900,0
2015-02-12,17:15:00,113.74,113.98,113.74,113.98,5758,0
2015-02-12,17:20:00,113.99,113.99,113.77,113.8,8700,0
2015-02-12,17:25:00,113.8,113.8,113.66,113.76,4400,0
2015-02-12,17:30:00,113.8,113.8,113.57,113.57,7860,0
2015-02-12,17:35:00,113.56,113.75,113.53,113.73,5100,0
2015-02-12,17:40:00,113.76,113.8,113.66,113.69,4626,0
2015-02-12,17:45:00,113.67,113.67,113.5,113.5,6050,0
2015-02-12,17:50:00,113.52,113.63,113.49,113.6,11720,0
2015-02-12,17:55:00,113.57,113.71,113.49,113.57,23044,0
2015-02-12,18:00:00,113.55,113.62,113.49,113.49,4900,0
2015-02-12,18:05:00,113.51,113.52,113.35,113.41,7818,0
2015-02-12,18:10:00,113.39,113.5,113.38,113.46,5100,0
2015-02-12,18:15:00,113.41,113.52,113.39,113.51,3100,0
2015-02-12,18:20:00,113.52,113.7,113.46,113.69,12255,0
2015-02-12,18:25:00,113.72,113.76,113.68,113.76,6613,0
2015-02-12,18:30:00,113.77,113.87,113.77,113.82,5700,0
2015-02-12,18:35:00,113.84,113.87,113.7,113.78,7400,0
2015-02-12,18:40:00,113.8,113.8,113.71,113.73,7166,0
2015-02-12,18:45:00,113.74,113.81,113.72,113.81,7312,0
2015-02-12,18:50:00,113.81,113.87,113.77,113.77,7840,0
2015-02-12,18:55:00,113.75,113.87,113.75,113.87,6300,0
2015-02-12,19:00:00,113.86,114.02,113.84,114.02,10900,0
2015-02-12,19:05:00,114.01,114.13,113.95,114.03,38363,0
2015-02-12,19:10:00,114.06,114.29,114.06,114.26,19664,0
2015-02-12,19:15:00,114.25,114.35,114.24,114.35,16372,0
2015-02-12,19:20:00,114.32,114.45,114.27,114.45,15304,0
2015-02-12,19:25:00,114.45,114.45,114.25,114.3,26166,0
2015-02-12,19:30:00,114.31,114.36,114.28,114.31,13249,0
2015-02-12,19:35:00,114.32,114.44,114.26,114.37,15421,0
2015-02-12,19:40:00,114.37,114.41,114.23,114.37,30083,0
2015-02-12,19:45:00,114.38,114.38,114.2,114.2,8701,0
2015-02-12,19:50:00,114.18,114.19,114.12,114.13,4900,0
2015-02-12,19:55:00,114.09,114.09,113.96,114.0,7375,0
2015-02-12,20:00:00,113.96,114.03,113.92,114.01,7681,0
2015-02-12,20:05:00,114.01,114.04,113.93,113.95,5600,0
2015-02-12,20:10:00,113.93,113.95,113.87,113.91,7020,0
2015-02-12,20:15:00,113.89,113.92,113.76,113.79,7100,0
2015-02-12,20:20:00,113.78,113.8,113.68,113.7,6850,0
2015-02-12,20:25:00,113.67,113.69,113.62,113.67,10703,0
2015-02-12,20:30:00,113.66,113.66,113.52,113.52,8120,0
2015-02-12,20:35:00,113.51,113.56,113.5,113.53,13659,0
2015-02-12,20:40:00,113.54,113.58,113.46,113.57,13118,0
2015-02-12,20:45:00,113.55,113.58,113.47,113.53,13169,0
2015-02-12,20:50:00,113.53,113.53,113.39,113.4,17249,0
2015-02-12,20:55:00,113.38,113.45,113.34,113.36,15193,0
2015-02-12,21:00:00,113.37,113.37,113.24,113.35,16551,0
2015-02-12,21:05:00,113.35,113.36,113.29,113.29,18349,0
2015-02-12,21:10:00,113.28,113.35,113.24,113.35,17744,0
2015-02-12,21:15:00,113.35,113.35,113.25,113.26,11550,0
2015-02-12,21:20:00,113.28,113.29,113.23,113.29,19933,0
2015-02-12,21:25:00,113.29,113.33,113.26,113.26,20275,0
2015-02-12,21:30:00,113.26,113.39,113.26,113.3,23066,0
2015-02-12,21:35:00,113.31,113.34,113.24,113.33,32923,0
2015-02-12,21:40:00,113.35,113.35,113.28,113.3,26536,0
2015-02-12,21:45:00,113.31,113.55,113.31,113.41,25914,0
2015-02-12,21:50:00,113.41,113.51,113.32,113.47,40520,0
2015-02-12,21:55:00,113.48,113.49,113.44,113.44,46706,0
2015-02-12,22:00:00,113.43,113.51,113.4,113.51,721493,0
2015-02-13,15:35:00,113.3,113.48,113.13,113.22,20695,0
2015-02-13,15:40:00,113.14,113.17,113.0,113.0,10054,0
2015-02-13,15:45:00,112.91,113.11,112.74,112.97,10189,0
2015-02-13,15:50:00,112.99,113.1,112.75,112.78,12300,0
2015-02-13,15:55:00,112.85,113.1,112.8,113.01,17980,0
2015-02-13,16:00:00,113.05,113.12,113.02,113.1,7087,0
2015-02-13,16:05:00,112.99,113.04,112.82,112.85,11351,0
2015-02-13,16:10:00,112.85,112.85,112.62,112.65,6600,0
2015-02-13,16:15:00,112.67,112.68,112.59,112.66,9714,0
2015-02-13,16:20:00,112.69,112.76,112.59,112.74,6550,0
2015-02-13,16:25:00,112.67,112.69,112.45,112.49,16419,0
2015-02-13,16:30:00,112.53,112.91,112.53,112.91,12099,0
2015-02-13,16:35:00,112.91,112.95,112.67,112.67,10036,0
2015-02-13,16:40:00,112.7,112.79,112.66,112.77,6324,0
2015-02-13,16:45:00,112.82,112.82,112.65,112.65,13140,0
2015-02-13,16:50:00,112.63,112.74,112.6,112.67,5674,0
2015-02-13,16:55:00,112.68,112.7,112.58,112.6,12982,0
2015-02-13,17:00:00,112.59,112.59,112.3,112.34,16186,0
2015-02-13,17:05:00,112.36,112.71,112.36,112.6,10500,0
2015-02-13,17:10:00,112.6,112.76,112.57,112.71,5212,0
2015-02-13,17:15:00,112.7,112.77,112.65,112.75,9134,0
2015-02-13,17:20:00,112.71,112.78,112.69,112.75,5649,0
2015-02-13,17:25:00,112.73,112.78,112.66,112.66,10756,0
2015-02-13,17:30:00,112.67,112.69,112.56,112.56,8130,0
2015-02-13,17:35:00,112.56,112.64,112.53,112.64,6826,0
2015-02-13,17:40:00,112.67,112.68,112.58,112.65,8174,0
2015-02-13,17:45:00,112.69,112.7,112.63,112.68,4898,0
2015-02-13,17:50:00,112.68,112.83,112.68,112.77,9826,0
2015-02-13,17:55:00,112.75,112.82,112.66,112.78,5504,0
2015-02-13,18:00:00,112.75,112.85,112.73,112.76,3800,0
2015-02-13,18:05:00,112.78,112.9,112.74,112.86,6300,0
2015-02-13,18:10:00,112.88,112.88,112.74,112.74,2800,0
2015-02-13,18:15:00,112.77,112.77,112.52,112.52,13442,0
2015-02-13,18:20:00,112.51,112.51,112.42,112.43,15750,0
2015-02-13,18:25:00,112.42,112.46,112.42,112.44,26175,0
2015-02-13,18:30:00,112.45,112.46,112.36,112.43,10016,0
2015-02-13,18:35:00,112.4,112.4,112.34,112.38,7513,0
2015-02-13,18:40:00,112.38,112.4,112.22,112.28,13894,0
2015-02-13,18:45:00,112.3,112.37,112.3,112.35,14048,0
2015-02-13,18:50:00,112.35,112.39,112.31,112.35,8279,0
2015-02-13,18:55:00,112.34,112.37,112.3,112.3,8557,0
2015-02-13,19:00:00,112.28,112.29,112.2,112.29,3427,0
2015-02-13,19:05:00,112.3,112.43,112.27,112.43,9534,0
2015-02-13,19:10:00,112.45,112.58,112.45,112.55,6676,0
2015-02-13,19:15:00,112.59,112.63,112.59,112.61,4700,0
2015-02-13,19:20:00,112.58,112.58,112.52,112.52,2100,0
2015-02-13,19:25:00,112.5,112.54,112.45,112.47,9526,0
2015-02-13,19:30:00,112.49,112.63,112.49,112.63,6404,0
2015-02-13,19:35:00,112.64,112.64,112.36,112.5,8150,0
2015-02-13,19:40:00,112.49,112.5,112.29,112.41,7572,0
2015-02-13,19:45:00,112.39,112.41,112.23,112.36,6856,0
2015-02-13,19:50:00,112.4,112.56,112.4,112.51,9206,0
2015-02-13,19:55:00,112.53,112.67,112.53,112.66,4292,0
2015-02-13,20:00:00,112.65,112.68,112.58,112.63,9410,0
2015-02-13,20:05:00,112.64,112.72,112.63,112.68,4734,0
2015-02-13,20:10:00,112.7,112.8,112.7,112.71,7576,0
2015-02-13,20:15:00,112.71,112.88,112.71,112.8,7330,0
2015-02-13,20:20:00,112.79,112.92,112.75,112.88,5747,0
2015-02-13,20:25:00,112.87,112.87,112.71,112.71,8252,0
2015-02-13,20:30:00,112.73,112.79,112.73,112.79,3733,0
2015-02-13,20:35:00,112.76,112.76,112.63,112.66,6834,0
2015-02-13,20:40:00,112.65,112.65,112.59,112.63,6178,0
2015-02-13,20:45:00,112.61,112.62,112.55,112.58,9158,0
2015-02-13,20:50:00,112.54,112.68,112.54,112.64,9392,0
2015-02-13,20:55:00,112.66,112.76,112.64,112.76,7400,0
2015-02-13,21:00:00,112.76,112.85,112.75,112.85,9200,0
2015-02-13,21:05:00,112.84,112.85,112.66,112.78,17370,0
2015-02-13,21:10:00,112.77,112.86,112.71,112.75,18679,0
2015-02-13,21:15:00,112.75,112.9,112.75,112.9,7690,0
2015-02-13,21:20:00,112.87,112.92,112.83,112.87,12159,0
2015-02-13,21:25:00,112.85,112.93,112.82,112.93,8525,0
2015-02-13,21:30:00,112.91,112.93,112.84,112.85,10300,0
2015-02-13,21:35:00,112.87,112.9,112.81,112.88,12350,0
2015-02-13,21:40:00,112.86,112.96,112.86,112.91,15542,0
2015-02-13,21:45:00,112.93,112.93,112.82,112.89,13695,0
2015-02-13,21:50:00,112.89,112.97,112.86,112.97,20654,0
2015-02-13,21:55:00,112.98,113.01,112.93,113.0,24805,0
2015-02-13,22:00:00,113.01,113.07,113.01,113.03,337086,0
2015-02-17,15:35:00,113,113.02,112.51,112.79,25415,0
2015-02-17,15:40:00,112.92,113.03,112.57,112.57,8350,0
2015-02-17,15:45:00,112.72,113.05,112.72,112.96,6564,0
2015-02-17,15:50:00,113.08,113.36,113.08,113.31,20100,0
2015-02-17,15:55:00,113.3,113.43,113.24,113.38,8021,0
2015-02-17,16:00:00,113.49,113.69,113.48,113.68,10524,0
2015-02-17,16:05:00,113.67,113.81,113.59,113.69,10715,0
2015-02-17,16:10:00,113.7,113.75,113.58,113.62,7000,0
2015-02-17,16:15:00,113.64,113.67,113.58,113.67,2770,0
2015-02-17,16:20:00,113.7,113.72,113.58,113.58,3939,0
2015-02-17,16:25:00,113.59,113.64,113.5,113.58,6280,0
2015-02-17,16:30:00,113.49,113.58,113.49,113.54,8500,0
2015-02-17,16:35:00,113.55,113.57,113.47,113.55,11503,0
2015-02-17,16:40:00,113.53,113.56,113.52,113.56,3800,0
2015-02-17,16:45:00,113.57,113.59,113.54,113.58,1300,0
2015-02-17,16:50:00,113.64,113.64,113.58,113.61,2900,0
2015-02-17,16:55:00,113.64,113.72,113.47,113.51,9468,0
2015-02-17,17:00:00,113.49,113.55,113.42,113.5,2600,0
2015-02-17,17:05:00,113.52,113.57,113.5,113.51,4842,0
2015-02-17,17:10:00,113.57,113.68,113.57,113.68,5479,0
2015-02-17,17:15:00,113.71,113.74,113.7,113.74,2000,0
2015-02-17,17:20:00,113.76,113.86,113.76,113.86,2589,0
2015-02-17,17:25:00,113.93,113.98,113.91,113.92,3783,0
2015-02-17,17:30:00,113.94,114,113.92,113.98,7405,0
2015-02-17,17:35:00,114.01,114.1,114,114.09,10593,0
2015-02-17,17:40:00,114.09,114.14,114.04,114.04,4056,0
2015-02-17,17:45:00,114.03,114.03,113.92,113.95,5525,0
2015-02-17,17:50:00,113.98,114.05,113.98,114.02,3435,0
2015-02-17,17:55:00,114.02,114.02,113.91,113.96,2638,0
2015-02-17,18:00:00,113.94,113.99,113.9,113.9,3960,0
2015-02-17,18:05:00,113.95,114.05,113.91,113.91,5300,0
2015-02-17,18:10:00,113.91,113.95,113.87,113.88,2665,0
2015-02-17,18:15:00,113.93,113.93,113.85,113.85,11700,0
2015-02-17,18:20:00,113.84,113.88,113.79,113.81,4500,0
2015-02-17,18:25:00,113.78,113.84,113.78,113.8,2578,0
2015-02-17,18:30:00,113.79,113.9,113.76,113.9,2800,0
2015-02-17,18:35:00,113.98,114.05,113.96,113.96,4100,0
2015-02-17,18:40:00,113.98,114,113.98,114,900,0
2015-02-17,18:45:00,113.95,114.01,113.94,114.01,4708,0
2015-02-17,18:50:00,114.05,114.26,114.05,114.26,9090,0
2015-02-17,18:55:00,114.27,114.28,114.14,114.19,3670,0
2015-02-17,19:00:00,114.17,114.19,114.14,114.18,4465,0
2015-02-17,19:05:00,114.18,114.3,114.16,114.3,5100,0
2015-02-17,19:10:00,114.3,114.31,114.24,114.27,2600,0
2015-02-17,19:15:00,114.28,114.35,114.26,114.29,4550,0
2015-02-17,19:20:00,114.32,114.34,114.26,114.32,3600,0
2015-02-17,19:25:00,114.31,114.34,114.3,114.33,3300,0
2015-02-17,19:30:00,114.27,114.31,114.21,114.27,16350,0
2015-02-17,19:35:00,114.28,114.28,114.18,114.18,6566,0
2015-02-17,19:40:00,114.15,114.15,114.04,114.04,5886,0
2015-02-17,19:45:00,114.06,114.06,113.96,113.96,4967,0
2015-02-17,19:50:00,113.99,114.05,113.96,114.03,7860,0
2015-02-17,19:55:00,114.03,114.04,113.98,114.04,3800,0
2015-02-17,20:00:00,114.02,114.1,114.02,114.02,5415,0
2015-02-17,20:05:00,114.06,114.07,114.01,114.06,3824,0
2015-02-17,20:10:00,114.05,114.15,114.05,114.15,3843,0
2015-02-17,20:15:00,114.16,114.31,114.16,114.24,11500,0
2015-02-17,20:20:00,114.24,114.25,114.13,114.2,5072,0
2015-02-17,20:25:00,114.17,114.24,114.16,114.24,17663,0
2015-02-17,20:30:00,114.24,114.3,114.21,114.3,11974,0
2015-02-17,20:35:00,114.29,114.31,114.16,114.28,8888,0
2015-02-17,20:40:00,114.26,114.26,113.99,114.04,53846,0
2015-02-17,20:45:00,114.03,114.11,114,114.07,13548,0
2015-02-17,20:50:00,114.02,114.04,113.99,114.01,28000,0
2015-02-17,20:55:00,114,114.05,113.97,114.03,18240,0
2015-02-17,21:00:00,114.01,114.16,113.98,114.1,13384,0
2015-02-17,21:05:00,114.1,114.14,114.01,114.07,142280,0
2015-02-17,21:10:00,114.07,114.11,114.05,114.07,6000,0
2015-02-17,21:15:00,114.08,114.1,114.04,114.1,7098,0
2015-02-17,21:20:00,114.1,114.1,114.04,114.04,6160,0
2015-02-17,21:25:00,114.02,114.11,114.02,114.07,11196,0
2015-02-17,21:30:00,114.05,114.08,114.02,114.04,11692,0
2015-02-17,21:35:00,114.05,114.05,113.91,113.92,14357,0
2015-02-17,21:40:00,113.95,114.02,113.93,113.94,8800,0
2015-02-17,21:45:00,113.94,113.96,113.86,113.91,5400,0
2015-02-17,21:50:00,113.87,113.91,113.82,113.89,32170,0
2015-02-17,21:55:00,113.89,113.92,113.85,113.91,25919,0
2015-02-17,22:00:00,113.92,114.13,113.92,114.13,111949,0
2015-02-18,15:35:00,113.72,113.94,113.29,113.3,14001,0
2015-02-18,15:40:00,113.29,113.83,113.29,113.64,19406,0
2015-02-18,15:45:00,113.66,113.74,113.65,113.74,3620,0
2015-02-18,15:50:00,113.67,113.85,113.66,113.85,9000,0
2015-02-18,15:55:00,113.87,113.92,113.6,113.7,11880,0
2015-02-18,16:00:00,113.64,113.64,113.43,113.49,8992,0
2015-02-18,16:05:00,113.45,113.57,113.42,113.56,9098,0
2015-02-18,16:10:00,113.53,113.64,113.53,113.64,2800,0
2015-02-18,16:15:00,113.66,113.72,113.61,113.68,6343,0
2015-02-18,16:20:00,113.67,113.68,113.6,113.66,8700,0
2015-02-18,16:25:00,113.63,113.81,113.59,113.64,9249,0
2015-02-18,16:30:00,113.61,113.83,113.58,113.78,13292,0
2015-02-18,16:35:00,113.76,113.89,113.66,113.89,13809,0
2015-02-18,16:40:00,113.88,113.92,113.81,113.91,4710,0
2015-02-18,16:45:00,113.93,114.18,113.93,114.1,8038,0
2015-02-18,16:50:00,114.06,114.07,113.97,114,5287,0
2015-02-18,16:55:00,113.97,113.98,113.81,113.84,5900,0
2015-02-18,17:00:00,113.81,113.87,113.76,113.87,8432,0
2015-02-18,17:05:00,113.85,113.85,113.78,113.8,7200,0
2015-02-18,17:10:00,113.77,113.95,113.77,113.78,10073,0
2015-02-18,17:15:00,113.79,113.94,113.77,113.92,5300,0
2015-02-18,17:20:00,113.94,113.94,113.83,113.87,3600,0
2015-02-18,17:25:00,113.83,113.87,113.77,113.87,6000,0
2015-02-18,17:30:00,113.84,113.92,113.84,113.92,5200,0
2015-02-18,17:35:00,113.91,113.94,113.89,113.9,4900,0
2015-02-18,17:40:00,113.89,113.95,113.89,113.95,4836,0
2015-02-18,17:45:00,113.96,114.03,113.9,113.95,5900,0
2015-02-18,17:50:00,113.91,114.02,113.91,113.98,4173,0
2015-02-18,17:55:00,113.99,114.06,113.98,114,6280,0
2015-02-18,18:00:00,114.03,114.06,113.95,113.95,5409,0
2015-02-18,18:05:00,113.96,114.29,113.96,114.26,12000,0
2015-02-18,18:10:00,114.28,114.28,114.16,114.24,5879,0
2015-02-18,18:15:00,114.25,114.25,114.14,114.14,2600,0
2015-02-18,18:20:00,114.13,114.16,114.07,114.13,7885,0
2015-02-18,18:25:00,114.14,114.2,114.12,114.2,6672,0
2015-02-18,18:30:00,114.2,114.21,114.16,114.17,4450,0
2015-02-18,18:35:00,114.16,114.26,114.14,114.16,6462,0
2015-02-18,18:40:00,114.15,114.24,114.12,114.17,5916,0
2015-02-18,18:45:00,114.17,114.18,114.08,114.08,5200,0
2015-02-18,18:50:00,114.04,114.16,114.04,114.09,6202,0
2015-02-18,18:55:00,114.07,114.09,113.98,113.98,6400,0
2015-02-18,19:00:00,113.96,114.01,113.93,113.99,5300,0
2015-02-18,19:05:00,113.98,114.16,113.98,114.13,5864,0
2015-02-18,19:10:00,114.11,114.24,114.09,114.21,9276,0
2015-02-18,19:15:00,114.22,114.27,114.16,114.16,6981,0
2015-02-18,19:20:00,114.18,114.24,114.15,114.21,4917,0
2015-02-18,19:25:00,114.17,114.2,114.15,114.18,4752,0
2015-02-18,19:30:00,114.15,114.16,114.12,114.14,2640,0
2015-02-18,19:35:00,114.14,114.18,114.11,114.11,6320,0
2015-02-18,19:40:00,114.1,114.15,114.08,114.08,6160,0
2015-02-18,19:45:00,114.09,114.18,114.09,114.14,4475,0
2015-02-18,19:50:00,114.13,114.24,114.12,114.21,8807,0
2015-02-18,19:55:00,114.19,114.3,114.16,114.22,7203,0
2015-02-18,20:00:00,114.2,114.21,114.11,114.14,5363,0
2015-02-18,20:05:00,114.21,114.55,114.18,114.41,9705,0
2015-02-18,20:10:00,114.37,114.62,114.37,114.57,6200,0
2015-02-18,20:15:00,114.59,114.6,114.54,114.58,4275,0
2015-02-18,20:20:00,114.55,114.71,114.55,114.67,9529,0
2015-02-18,20:25:00,114.67,114.77,114.66,114.69,15362,0
2015-02-18,20:30:00,114.68,114.69,114.41,114.46,6494,0
2015-02-18,20:35:00,114.42,114.5,114.41,114.43,5900,0
2015-02-18,20:40:00,114.4,114.47,114.4,114.46,6160,0
2015-02-18,20:45:00,114.47,114.55,114.45,114.53,4621,0
2015-02-18,20:50:00,114.53,114.55,114.44,114.44,5318,0
2015-02-18,20:55:00,114.42,114.51,114.41,114.51,5100,0
2015-02-18,21:00:00,114.5,114.56,114.47,114.55,10744,0
2015-02-18,21:05:00,114.57,114.69,114.57,114.58,9972,0
2015-02-18,21:10:00,114.57,114.72,114.57,114.66,10353,0
2015-02-18,21:15:00,114.66,114.67,114.55,114.56,5900,0
2015-02-18,21:20:00,114.55,114.59,114.5,114.58,16900,0
2015-02-18,21:25:00,114.59,114.69,114.56,114.67,10889,0
2015-02-18,21:30:00,114.66,114.68,114.61,114.68,9600,0
2015-02-18,21:35:00,114.67,114.8,114.63,114.76,22820,0
2015-02-18,21:40:00,114.77,114.81,114.66,114.76,16456,0
2015-02-18,21:45:00,114.76,114.76,114.68,114.72,19932,0
2015-02-18,21:50:00,114.7,114.71,114.6,114.68,23319,0
2015-02-18,21:55:00,114.68,114.7,114.61,114.65,31514,0
2015-02-18,22:00:00,114.64,114.73,114.63,114.68,351911,0
2015-02-19,15:35:00,114.66,114.68,114.43,114.49,12136,0
2015-02-19,15:40:00,114.48,114.6,114.24,114.26,11328,0
2015-02-19,15:45:00,114.29,114.56,114.26,114.46,16588,0
2015-02-19,15:50:00,114.54,114.54,114.39,114.44,7652,0
2015-02-19,15:55:00,114.43,114.97,114.42,114.97,10532,0
2015-02-19,16:00:00,114.88,114.88,114.71,114.72,4324,0
2015-02-19,16:05:00,114.8,114.8,114.64,114.65,2500,0
2015-02-19,16:10:00,114.63,115,114.63,114.89,9125,0
2015-02-19,16:15:00,114.84,114.84,114.72,114.75,11688,0
2015-02-19,16:20:00,114.75,114.81,114.75,114.76,6003,0
2015-02-19,16:25:00,114.78,114.8,114.77,114.79,23510,0
2015-02-19,16:30:00,114.83,114.83,114.68,114.77,16986,0
2015-02-19,16:35:00,114.82,114.83,114.75,114.78,8000,0
2015-02-19,16:40:00,114.77,114.8,114.76,114.76,2726,0
2015-02-19,16:45:00,114.76,114.84,114.75,114.81,4200,0
2015-02-19,16:50:00,114.81,114.82,114.75,114.75,4086,0
2015-02-19,16:55:00,114.8,114.81,114.73,114.79,13818,0
2015-02-19,17:00:00,114.76,114.85,114.76,114.77,2700,0
2015-02-19,17:05:00,114.81,114.81,114.75,114.78,5500,0
2015-02-19,17:10:00,114.78,114.8,114.76,114.77,2200,0
2015-02-19,17:15:00,114.75,114.82,114.72,114.72,10348,0
2015-02-19,17:20:00,114.74,114.92,114.72,114.92,6400,0
2015-02-19,17:25:00,114.88,114.95,114.87,114.92,6018,0
2015-02-19,17:30:00,114.93,115,114.85,114.92,15496,0
2015-02-19,17:35:00,114.89,115,114.89,114.97,22272,0
2015-02-19,17:40:00,114.96,115.01,114.92,114.92,6540,0
2015-02-19,17:45:00,114.91,114.91,114.84,114.85,3100,0
2015-02-19,17:50:00,114.85,114.93,114.85,114.87,7300,0
2015-02-19,17:55:00,114.85,114.85,114.75,114.78,5500,0
2015-02-19,18:00:00,114.77,114.81,114.77,114.78,3750,0
2015-02-19,18:05:00,114.78,114.82,114.77,114.79,2700,0
2015-02-19,18:10:00,114.79,114.86,114.79,114.85,7100,0
2015-02-19,18:15:00,114.85,114.86,114.8,114.84,6400,0
2015-02-19,18:20:00,114.83,114.83,114.74,114.76,10652,0
2015-02-19,18:25:00,114.77,114.79,114.75,114.76,6120,0
2015-02-19,18:30:00,114.76,114.81,114.75,114.75,7100,0
2015-02-19,18:35:00,114.75,114.81,114.66,114.66,13652,0
2015-02-19,18:40:00,114.64,114.68,114.57,114.63,6970,0
2015-02-19,18:45:00,114.68,114.78,114.68,114.78,3100,0
2015-02-19,18:50:00,114.75,114.83,114.73,114.83,5676,0
2015-02-19,18:55:00,114.76,114.76,114.67,114.72,7100,0
2015-02-19,19:00:00,114.74,114.9,114.71,114.89,15606,0
2015-02-19,19:05:00,114.86,114.9,114.75,114.83,8672,0
2015-02-19,19:10:00,114.77,114.86,114.73,114.79,6346,0
2015-02-19,19:15:00,114.85,114.85,114.75,114.81,5875,0
2015-02-19,19:20:00,114.78,114.87,114.78,114.85,6689,0
2015-02-19,19:25:00,114.89,114.97,114.78,114.82,5100,0
2015-02-19,19:30:00,114.76,114.83,114.73,114.75,3100,0
2015-02-19,19:35:00,114.76,114.76,114.73,114.73,1601,0
2015-02-19,19:40:00,114.79,114.81,114.71,114.73,2600,0
2015-02-19,19:45:00,114.71,114.73,114.66,114.71,3465,0
2015-02-19,19:50:00,114.72,114.73,114.64,114.69,2977,0
2015-02-19,19:55:00,114.73,114.79,114.71,114.79,2600,0
2015-02-19,20:00:00,114.8,114.83,114.8,114.82,2630,0
2015-02-19,20:05:00,114.84,114.92,114.84,114.86,3000,0
2015-02-19,20:10:00,114.86,114.91,114.85,114.87,2697,0
2015-02-19,20:15:00,114.87,114.87,114.82,114.87,2600,0
2015-02-19,20:20:00,114.88,114.91,114.81,114.85,4851,0
2015-02-19,20:25:00,114.86,114.88,114.82,114.85,4500,0
2015-02-19,20:30:00,114.83,114.85,114.76,114.76,4401,0
2015-02-19,20:35:00,114.74,114.75,114.72,114.72,3366,0
2015-02-19,20:40:00,114.75,114.75,114.65,114.66,3300,0
2015-02-19,20:45:00,114.67,114.69,114.6,114.69,5721,0
2015-02-19,20:50:00,114.68,114.71,114.61,114.61,5969,0
2015-02-19,20:55:00,114.61,114.68,114.6,114.67,3300,0
2015-02-19,21:00:00,114.68,114.7,114.63,114.63,8148,0
2015-02-19,21:05:00,114.63,114.7,114.63,114.67,5500,0
2015-02-19,21:10:00,114.67,114.72,114.66,114.67,5862,0
2015-02-19,21:15:00,114.65,114.7,114.65,114.68,9164,0
2015-02-19,21:20:00,114.68,114.7,114.66,114.66,4196,0
2015-02-19,21:25:00,114.65,114.71,114.63,114.68,6200,0
2015-02-19,21:30:00,114.65,114.75,114.65,114.69,11616,0
2015-02-19,21:35:00,114.69,114.85,114.67,114.83,15826,0
2015-02-19,21:40:00,114.84,114.88,114.79,114.81,17375,0
2015-02-19,21:45:00,114.8,114.98,114.79,114.96,34514,0
2015-02-19,21:50:00,114.89,114.89,114.74,114.83,29302,0
2015-02-19,21:55:00,114.76,114.83,114.73,114.83,23663,0
2015-02-19,22:00:00,114.82,114.84,114.75,114.78,174069,0
2015-02-20,15:35:00,114.55,114.66,114,114.34,8985,0
2015-02-20,15:40:00,114.3,114.46,114.17,114.23,34799,0
2015-02-20,15:45:00,114.23,114.23,113.96,114,38400,0
2015-02-20,15:50:00,114.01,114.16,113.81,113.95,6541,0
2015-02-20,15:55:00,113.94,114.34,113.94,114.2,4060,0
2015-02-20,16:00:00,114.1,114.23,113.98,113.98,4012,0
2015-02-20,16:05:00,114,114.04,113.89,113.99,8600,0
2015-02-20,16:10:00,114.02,114.03,113.87,113.97,3634,0
2015-02-20,16:15:00,114.03,114.11,114,114,6786,0
2015-02-20,16:20:00,114.06,114.09,113.89,113.94,41472,0
2015-02-20,16:25:00,113.96,114.13,113.96,114.12,33330,0
2015-02-20,16:30:00,114.13,114.18,113.94,113.94,5822,0
2015-02-20,16:35:00,113.89,114.12,113.87,114.12,4600,0
2015-02-20,16:40:00,114.09,114.22,114.07,114.22,6324,0
2015-02-20,16:45:00,114.4,114.43,114.23,114.23,3294,0
2015-02-20,16:50:00,114.24,114.35,114.17,114.2,5990,0
2015-02-20,16:55:00,114.21,114.33,114.21,114.33,14576,0
2015-02-20,17:00:00,114.34,114.37,114.19,114.22,10010,0
2015-02-20,17:05:00,114.24,114.37,114.19,114.19,7229,0
2015-02-20,17:10:00,114.22,114.26,114.2,114.21,10439,0
2015-02-20,17:15:00,114.26,114.31,114.2,114.31,6875,0
2015-02-20,17:20:00,114.26,114.32,114.24,114.3,4407,0
2015-02-20,17:25:00,114.32,114.39,114.24,114.39,5500,0
2015-02-20,17:30:00,114.36,114.38,114.31,114.38,6900,0
2015-02-20,17:35:00,114.35,114.43,114.32,114.43,2500,0
2015-02-20,17:40:00,114.4,114.42,114.27,114.29,5665,0
2015-02-20,17:45:00,114.29,114.42,114.26,114.41,11378,0
2015-02-20,17:50:00,114.35,114.36,114.29,114.31,4027,0
2015-02-20,17:55:00,114.31,114.47,114.31,114.45,6800,0
2015-02-20,18:00:00,114.43,114.5,114.38,114.5,3941,0
2015-02-20,18:05:00,114.46,114.6,114.44,114.6,7013,0
2015-02-20,18:10:00,114.59,114.62,114.49,114.53,5300,0
2015-02-20,18:15:00,114.55,114.67,114.52,114.64,7650,0
2015-02-20,18:20:00,114.61,114.87,114.6,114.84,21584,0
2015-02-20,18:25:00,114.87,114.88,114.77,114.77,29666,0
2015-02-20,18:30:00,114.78,114.81,114.72,114.75,5600,0
2015-02-20,18:35:00,114.73,114.74,114.68,114.72,3494,0
2015-02-20,18:40:00,114.72,114.91,114.72,114.77,8978,0
2015-02-20,18:45:00,114.8,114.94,114.75,114.75,6200,0
2015-02-20,18:50:00,114.8,114.85,114.8,114.8,4200,0
2015-02-20,18:55:00,114.82,114.9,114.82,114.9,3569,0
2015-02-20,19:00:00,114.87,114.95,114.87,114.92,8020,0
2015-02-20,19:05:00,114.9,114.99,114.85,114.91,13519,0
2015-02-20,19:10:00,114.9,114.93,114.83,114.9,13200,0
2015-02-20,19:15:00,114.98,115.01,114.95,114.97,8500,0
2015-02-20,19:20:00,114.99,114.99,114.92,114.92,8412,0
2015-02-20,19:25:00,114.92,114.94,114.9,114.94,5425,0
2015-02-20,19:30:00,114.96,114.97,114.91,114.91,4400,0
2015-02-20,19:35:00,114.94,114.94,114.87,114.87,4502,0
2015-02-20,19:40:00,114.88,114.97,114.84,114.96,5808,0
2015-02-20,19:45:00,114.95,114.97,114.88,114.9,6542,0
2015-02-20,19:50:00,114.9,114.9,114.88,114.9,6400,0
2015-02-20,19:55:00,114.92,114.98,114.92,114.97,9103,0
2015-02-20,20:00:00,114.98,115.22,114.95,115.2,19801,0
2015-02-20,20:05:00,115.21,115.33,115.21,115.33,8127,0
2015-02-20,20:10:00,115.33,115.43,115.32,115.36,10860,0
2015-02-20,20:15:00,115.36,115.36,115.24,115.26,7372,0
2015-02-20,20:20:00,115.25,115.26,115.2,115.23,6451,0
2015-02-20,20:25:00,115.24,115.57,115.24,115.57,11761,0
2015-02-20,20:30:00,115.58,115.73,115.57,115.57,22001,0
2015-02-20,20:35:00,115.52,115.52,115.28,115.4,31767,0
2015-02-20,20:40:00,115.4,115.4,115.3,115.38,267303,0
2015-02-20,20:45:00,115.35,115.39,115.28,115.3,7437,0
2015-02-20,20:50:00,115.29,115.51,115.26,115.51,68604,0
2015-02-20,20:55:00,115.53,115.54,115.42,115.43,8842,0
2015-02-20,21:00:00,115.44,115.54,115.38,115.54,6919,0
2015-02-20,21:05:00,115.54,115.75,115.54,115.75,5900,0
2015-02-20,21:10:00,115.76,115.81,115.72,115.78,11986,0
2015-02-20,21:15:00,115.8,115.9,115.74,115.74,81126,0
2015-02-20,21:20:00,115.75,115.81,115.67,115.68,10176,0
2015-02-20,21:25:00,115.78,115.86,115.78,115.86,7116,0
2015-02-20,21:30:00,115.85,115.88,115.84,115.87,14236,0
2015-02-20,21:35:00,115.86,115.98,115.84,115.95,14720,0
2015-02-20,21:40:00,115.93,115.93,115.88,115.88,9411,0
2015-02-20,21:45:00,115.88,115.93,115.84,115.85,15782,0
2015-02-20,21:50:00,115.85,115.85,115.7,115.71,20836,0
2015-02-20,21:55:00,115.72,115.75,115.7,115.73,24245,0
2015-02-20,22:00:00,115.72,115.8,115.68,115.75,355926,0
2015-02-23,15:35:00,115.25,115.33,115.02,115.12,46777,0
2015-02-23,15:40:00,115.26,115.61,115.13,115.53,4679,0
2015-02-23,15:45:00,115.56,115.75,115.48,115.59,8774,0
2015-02-23,15:50:00,115.54,115.59,115.35,115.35,4704,0
2015-02-23,15:55:00,115.36,115.45,115.36,115.42,6068,0
2015-02-23,16:00:00,115.4,115.49,115.28,115.49,7015,0
2015-02-23,16:05:00,115.42,115.49,115.36,115.45,5050,0
2015-02-23,16:10:00,115.42,115.43,115.22,115.27,3910,0
2015-02-23,16:15:00,115.27,115.37,115.26,115.29,6100,0
2015-02-23,16:20:00,115.29,115.33,115.21,115.3,5100,0
2015-02-23,16:25:00,115.27,115.27,115.2,115.25,4326,0
2015-02-23,16:30:00,115.28,115.59,115.14,115.59,53051,0
2015-02-23,16:35:00,115.52,115.76,115.5,115.76,5188,0
2015-02-23,16:40:00,115.72,115.77,115.61,115.71,7900,0
2015-02-23,16:45:00,115.65,115.65,115.4,115.4,20617,0
2015-02-23,16:50:00,115.45,115.45,115.27,115.27,3098,0
2015-02-23,16:55:00,115.27,115.34,115.2,115.33,5000,0
2015-02-23,17:00:00,115.28,115.31,115.25,115.25,1400,0
2015-02-23,17:05:00,115.27,115.35,115.22,115.24,7486,0
2015-02-23,17:10:00,115.2,115.36,115.12,115.36,138966,0
2015-02-23,17:15:00,115.3,115.35,115.27,115.27,2052,0
2015-02-23,17:20:00,115.24,115.32,115.24,115.29,1400,0
2015-02-23,17:25:00,115.28,115.38,115.28,115.33,3896,0
2015-02-23,17:30:00,115.3,115.35,115.21,115.21,2400,0
2015-02-23,17:35:00,115.19,115.22,115.17,115.2,3893,0
2015-02-23,17:40:00,115.2,115.22,115.18,115.2,5928,0
2015-02-23,17:45:00,115.18,115.29,115.16,115.29,5035,0
2015-02-23,17:50:00,115.3,115.33,115.27,115.27,1575,0
2015-02-23,17:55:00,115.27,115.41,115.26,115.34,11700,0
2015-02-23,18:00:00,115.36,115.38,115.33,115.37,5500,0
2015-02-23,18:05:00,115.38,115.44,115.37,115.37,3007,0
2015-02-23,18:10:00,115.4,115.41,115.36,115.36,15000,0
2015-02-23,18:15:00,115.34,115.37,115.2,115.2,23800,0
2015-02-23,18:20:00,115.2,115.25,115.15,115.19,2380,0
2015-02-23,18:25:00,115.17,115.18,115.11,115.13,5450,0
2015-02-23,18:30:00,115.13,115.18,115.13,115.16,1500,0
2015-02-23,18:35:00,115.18,115.25,115.18,115.21,2900,0
2015-02-23,18:40:00,115.23,115.37,115.23,115.24,5400,0
2015-02-23,18:45:00,115.25,115.29,115.18,115.18,4600,0
2015-02-23,18:50:00,115.2,115.23,115.15,115.2,5253,0
2015-02-23,18:55:00,115.18,115.21,115.15,115.19,2100,0
2015-02-23,19:00:00,115.2,115.24,115.17,115.18,2600,0
2015-02-23,19:05:00,115.15,115.2,115.15,115.15,2500,0
2015-02-23,19:10:00,115.2,115.25,115.15,115.18,5502,0
2015-02-23,19:15:00,115.19,115.27,115.17,115.17,6103,0
2015-02-23,19:20:00,115.19,115.19,115.16,115.17,3710,0
2015-02-23,19:25:00,115.18,115.21,115.18,115.19,2478,0
2015-02-23,19:30:00,115.17,115.21,115.17,115.21,3250,0
2015-02-23,19:35:00,115.21,115.24,115.12,115.19,9195,0
2015-02-23,19:40:00,115.17,115.24,115.15,115.2,5280,0
2015-02-23,19:45:00,115.17,115.18,115.1,115.13,9221,0
2015-02-23,19:50:00,115.13,115.15,115.09,115.15,4526,0
2015-02-23,19:55:00,115.16,115.22,115.16,115.21,5058,0
2015-02-23,20:00:00,115.2,115.2,115.14,115.17,6700,0
2015-02-23,20:05:00,115.19,115.22,115.18,115.2,4500,0
2015-02-23,20:10:00,115.17,115.23,115.17,115.19,8500,0
2015-02-23,20:15:00,115.22,115.22,115.04,115.08,5537,0
2015-02-23,20:20:00,115.05,115.11,115.05,115.07,2736,0
2015-02-23,20:25:00,115.04,115.05,114.94,115,11600,0
2015-02-23,20:30:00,115.03,115.06,114.96,115.02,8995,0
2015-02-23,20:35:00,115.02,115.1,115,115.08,10074,0
2015-02-23,20:40:00,115.08,115.13,114.98,115,15776,0
2015-02-23,20:45:00,114.99,114.99,114.87,114.95,5790,0
2015-02-23,20:50:00,114.92,114.98,114.91,114.98,6200,0
2015-02-23,20:55:00,114.99,115.01,114.89,114.89,7100,0
2015-02-23,21:00:00,114.89,114.99,114.89,114.94,8442,0
2015-02-23,21:05:00,114.91,115.02,114.88,114.93,9920,0
2015-02-23,21:10:00,114.92,114.95,114.81,114.88,13822,0
2015-02-23,21:15:00,114.87,114.98,114.86,114.96,11451,0
2015-02-23,21:20:00,114.93,114.99,114.9,114.98,8272,0
2015-02-23,21:25:00,114.98,114.98,114.91,114.92,12530,0
2015-02-23,21:30:00,114.92,114.96,114.91,114.91,12239,0
2015-02-23,21:35:00,114.94,115,114.92,115,20536,0
2015-02-23,21:40:00,114.99,115.06,114.99,115,26745,0
2015-02-23,21:45:00,115.01,115.02,114.93,114.96,37059,0
2015-02-23,21:50:00,114.93,114.97,114.89,114.89,29001,0
2015-02-23,21:55:00,114.91,114.97,114.89,114.94,37082,0
2015-02-23,22:00:00,114.93,114.97,114.91,114.95,1292480,0
