Date,Time,Open,High,Low,Close,Volume,OpenInt
2015-01-16,19:25:00,25.56,25.57,25.56,25.56,9520,0
2015-01-16,19:30:00,25.55,25.61,25.55,25.61,1380,0
2015-01-16,19:35:00,25.6,25.61,25.6,25.61,2300,0
2015-01-16,19:40:00,25.6,25.61,25.59,25.59,677,0
2015-01-16,19:45:00,25.56,25.56,25.56,25.56,500,0
2015-01-16,19:50:00,25.6,25.6,25.56,25.6,800,0
2015-01-16,19:55:00,25.61,25.61,25.61,25.61,100,0
2015-01-16,20:05:00,25.6,25.6,25.6,25.6,140,0
2015-01-16,20:10:00,25.61,25.62,25.61,25.62,700,0
2015-01-16,20:20:00,25.63,25.63,25.62,25.62,602,0
2015-01-16,20:30:00,25.63,25.63,25.63,25.63,550,0
2015-01-16,20:35:00,25.62,25.67,25.61,25.61,4525,0
2015-01-16,20:45:00,25.62,25.66,25.62,25.66,500,0
2015-01-16,20:50:00,25.65,25.65,25.63,25.65,1900,0
2015-01-16,21:25:00,25.66,25.68,25.66,25.68,1725,0
2015-01-16,21:30:00,25.67,25.67,25.67,25.67,600,0
2015-01-16,21:35:00,25.66,25.66,25.64,25.64,1008,0
2015-01-16,21:40:00,25.67,25.67,25.67,25.67,400,0
2015-01-16,21:45:00,25.66,25.68,25.62,25.68,2200,0
2015-01-16,21:50:00,25.68,25.68,25.68,25.68,724,0
2015-01-16,21:55:00,25.67,25.68,25.65,25.65,4550,0
2015-01-16,22:00:00,25.68,25.74,25.65,25.74,21471,0
2015-01-20,15:35:00,25.7,25.7,25.63,25.63,2950,0
2015-01-20,15:40:00,25.64,25.68,25.64,25.68,900,0
2015-01-20,15:45:00,25.68,25.68,25.68,25.68,505,0
2015-01-20,15:50:00,25.72,25.72,25.7,25.7,1240,0
2015-01-20,16:05:00,25.67,25.67,25.67,25.67,400,0
2015-01-20,16:10:00,25.69,25.69,25.69,25.69,890,0
2015-01-20,16:15:00,25.66,25.66,25.66,25.66,1225,0
2015-01-20,16:25:00,25.68,25.68,25.68,25.68,5200,0
2015-01-20,16:35:00,25.66,25.66,25.66,25.66,300,0
2015-01-20,16:40:00,25.69,25.69,25.69,25.69,300,0
2015-01-20,16:55:00,25.63,25.63,25.63,25.63,2000,0
2015-01-20,17:00:00,25.64,25.64,25.63,25.64,1264,0
2015-01-20,17:10:00,25.65,25.7,25.65,25.7,705,0
2015-01-20,17:15:00,25.7,25.7,25.7,25.7,100,0
2015-01-20,17:25:00,25.7,25.72,25.67,25.72,4121,0
2015-01-20,17:35:00,25.72,25.72,25.72,25.72,1400,0
2015-01-20,17:50:00,25.73,25.74,25.73,25.74,1225,0
2015-01-20,18:05:00,25.72,25.72,25.69,25.69,5816,0
2015-01-20,18:10:00,25.7,25.7,25.7,25.7,2400,0
2015-01-20,18:15:00,25.66,25.66,25.66,25.66,1500,0
2015-01-20,18:20:00,25.71,25.71,25.71,25.71,200,0
2015-01-20,18:25:00,25.71,25.71,25.71,25.71,400,0
2015-01-20,18:30:00,25.7,25.7,25.7,25.7,2000,0
2015-01-20,18:35:00,25.69,25.69,25.68,25.68,1254,0
2015-01-20,18:40:00,25.68,25.68,25.68,25.68,402,0
2015-01-20,18:45:00,25.67,25.67,25.64,25.64,2506,0
2015-01-20,18:50:00,25.69,25.69,25.67,25.67,538,0
2015-01-20,18:55:00,25.67,25.69,25.65,25.67,1770,0
2015-01-20,19:00:00,25.66,25.66,25.66,25.66,1000,0
2015-01-20,19:15:00,25.66,25.66,25.66,25.66,1178,0
2015-01-20,19:25:00,25.68,25.68,25.68,25.68,200,0
2015-01-20,19:30:00,25.68,25.68,25.68,25.68,600,0
2015-01-20,19:45:00,25.68,25.68,25.67,25.67,1400,0
2015-01-20,19:50:00,25.68,25.68,25.68,25.68,1882,0
2015-01-20,19:55:00,25.68,25.68,25.68,25.68,1500,0
2015-01-20,20:00:00,25.69,25.69,25.68,25.68,3940,0
2015-01-20,20:10:00,25.68,25.68,25.68,25.68,2400,0
2015-01-20,20:15:00,25.69,25.69,25.69,25.69,546,0
2015-01-20,20:20:00,25.67,25.67,25.62,25.62,5953,0
2015-01-20,20:25:00,25.63,25.63,25.63,25.63,840,0
2015-01-20,20:30:00,25.61,25.65,25.61,25.65,1655,0
2015-01-20,20:35:00,25.61,25.62,25.58,25.58,2342,0
2015-01-20,20:40:00,25.6,25.63,25.58,25.63,1685,0
2015-01-20,20:50:00,25.6,25.6,25.6,25.6,1050,0
2015-01-20,21:00:00,25.64,25.64,25.64,25.64,900,0
2015-01-20,21:20:00,25.63,25.63,25.63,25.63,1060,0
2015-01-20,21:25:00,25.66,25.66,25.66,25.66,109,0
2015-01-20,21:30:00,25.66,25.66,25.66,25.66,200,0
2015-01-20,21:35:00,25.66,25.66,25.66,25.66,600,0
2015-01-20,21:45:00,25.64,25.65,25.59,25.63,2200,0
2015-01-20,21:50:00,25.64,25.64,25.64,25.64,800,0
2015-01-20,21:55:00,25.65,25.66,25.65,25.66,1200,0
2015-01-20,22:00:00,25.67,25.67,25.64,25.64,1128,0
2015-01-21,15:35:00,25.64,25.64,25.64,25.64,100,0
2015-01-21,15:40:00,25.62,25.69,25.62,25.69,3847,0
2015-01-21,15:45:00,25.7,25.7,25.7,25.7,278,0
2015-01-21,15:50:00,25.68,25.68,25.68,25.68,400,0
2015-01-21,16:00:00,25.65,25.65,25.61,25.61,1100,0
2015-01-21,16:20:00,25.61,25.64,25.61,25.64,1244,0
2015-01-21,16:25:00,25.69,25.69,25.69,25.69,325,0
2015-01-21,16:30:00,25.69,25.69,25.68,25.69,2544,0
2015-01-21,16:40:00,25.66,25.66,25.66,25.66,2070,0
2015-01-21,17:15:00,25.67,25.67,25.63,25.63,2205,0
2015-01-21,17:40:00,25.64,25.64,25.64,25.64,2400,0
2015-01-21,17:45:00,25.69,25.69,25.69,25.69,414,0
2015-01-21,17:55:00,25.67,25.69,25.67,25.69,2155,0
2015-01-21,18:10:00,25.68,25.68,25.68,25.68,200,0
2015-01-21,18:15:00,25.68,25.68,25.67,25.67,1400,0
2015-01-21,18:35:00,25.67,25.67,25.67,25.67,113,0
2015-01-21,18:55:00,25.68,25.68,25.68,25.68,152,0
2015-01-21,19:00:00,25.68,25.68,25.67,25.68,1300,0
2015-01-21,19:20:00,25.66,25.68,25.66,25.68,513,0
2015-01-21,19:25:00,25.65,25.68,25.65,25.68,4755,0
2015-01-21,19:35:00,25.68,25.68,25.65,25.65,3565,0
2015-01-21,19:55:00,25.68,25.69,25.65,25.69,4606,0
2015-01-21,20:00:00,25.69,25.69,25.69,25.69,362,0
2015-01-21,20:05:00,25.69,25.69,25.69,25.69,152,0
2015-01-21,20:15:00,25.68,25.68,25.68,25.68,1600,0
2015-01-21,20:30:00,25.69,25.69,25.69,25.69,2534,0
2015-01-21,20:55:00,25.66,25.67,25.65,25.65,1880,0
2015-01-21,21:10:00,25.68,25.68,25.68,25.68,1625,0
2015-01-21,21:20:00,25.68,25.69,25.68,25.68,605,0
2015-01-21,21:25:00,25.66,25.67,25.66,25.67,620,0
2015-01-21,21:30:00,25.66,25.69,25.65,25.69,1424,0
2015-01-21,21:40:00,25.69,25.69,25.69,25.69,543,0
2015-01-21,21:45:00,25.7,25.7,25.7,25.7,1350,0
2015-01-21,21:55:00,25.71,25.72,25.67,25.67,1510,0
2015-01-21,22:00:00,25.67,25.67,25.67,25.67,300,0
2015-01-22,15:35:00,25.73,25.73,25.73,25.73,200,0
2015-01-22,15:45:00,25.67,25.67,25.67,25.67,1300,0
2015-01-22,15:50:00,25.69,25.69,25.64,25.64,1224,0
2015-01-22,15:55:00,25.7,25.7,25.67,25.67,1553,0
2015-01-22,16:00:00,25.66,25.66,25.66,25.66,500,0
2015-01-22,16:05:00,25.64,25.65,25.64,25.65,500,0
2015-01-22,16:20:00,25.68,25.68,25.68,25.68,490,0
2015-01-22,16:25:00,25.63,25.63,25.63,25.63,1780,0
2015-01-22,16:40:00,25.67,25.67,25.67,25.67,200,0
2015-01-22,16:50:00,25.66,25.66,25.66,25.66,1750,0
2015-01-22,17:05:00,25.68,25.68,25.68,25.68,300,0
2015-01-22,17:10:00,25.7,25.7,25.7,25.7,700,0
2015-01-22,17:15:00,25.7,25.7,25.7,25.7,810,0
2015-01-22,17:20:00,25.68,25.7,25.68,25.7,888,0
2015-01-22,17:35:00,25.7,25.7,25.7,25.7,400,0
2015-01-22,17:40:00,25.73,25.73,25.73,25.73,1215,0
2015-01-22,17:45:00,25.73,25.73,25.71,25.73,550,0
2015-01-22,17:50:00,25.74,25.74,25.72,25.72,1060,0
2015-01-22,17:55:00,25.72,25.74,25.72,25.73,2205,0
2015-01-22,18:00:00,25.74,25.74,25.74,25.74,420,0
2015-01-22,18:05:00,25.74,25.74,25.74,25.74,100,0
2015-01-22,18:35:00,25.74,25.74,25.74,25.74,700,0
2015-01-22,18:40:00,25.74,25.74,25.72,25.72,954,0
2015-01-22,18:45:00,25.74,25.74,25.72,25.74,2000,0
2015-01-22,18:55:00,25.73,25.73,25.73,25.73,300,0
2015-01-22,19:00:00,25.74,25.74,25.74,25.74,300,0
2015-01-22,19:10:00,25.74,25.74,25.73,25.74,3862,0
2015-01-22,19:35:00,25.75,25.75,25.74,25.75,1900,0
2015-01-22,19:45:00,25.75,25.75,25.75,25.75,600,0
2015-01-22,19:55:00,25.74,25.75,25.74,25.75,6675,0
2015-01-22,20:00:00,25.73,25.73,25.69,25.72,9600,0
2015-01-22,20:15:00,25.75,25.75,25.75,25.75,1400,0
2015-01-22,20:20:00,25.75,25.76,25.75,25.76,2200,0
2015-01-22,20:25:00,25.77,25.77,25.76,25.77,812,0
2015-01-22,20:30:00,25.71,25.71,25.7,25.7,20250,0
2015-01-22,20:35:00,25.79,25.79,25.7,25.7,1426,0
2015-01-22,20:40:00,25.7,25.75,25.67,25.73,6148,0
2015-01-22,20:45:00,25.7,25.72,25.7,25.7,6512,0
2015-01-22,20:55:00,25.76,25.76,25.75,25.75,700,0
2015-01-22,21:05:00,25.76,25.76,25.76,25.76,900,0
2015-01-22,21:10:00,25.75,25.76,25.75,25.76,700,0
2015-01-22,21:15:00,25.72,25.75,25.69,25.73,3859,0
2015-01-22,21:25:00,25.72,25.72,25.72,25.72,215,0
2015-01-22,21:30:00,25.75,25.75,25.75,25.75,1037,0
2015-01-22,21:35:00,25.75,25.75,25.75,25.75,310,0
2015-01-22,21:40:00,25.75,25.75,25.75,25.75,400,0
2015-01-22,21:45:00,25.72,25.75,25.72,25.72,570,0
2015-01-22,21:50:00,25.73,25.74,25.72,25.72,752,0
2015-01-22,22:00:00,25.73,25.75,25.67,25.74,6309,0
2015-01-23,15:35:00,25.74,25.74,25.63,25.63,3350,0
2015-01-23,15:40:00,25.63,25.64,25.62,25.64,2992,0
2015-01-23,15:45:00,25.61,25.61,25.6,25.6,1300,0
2015-01-23,15:55:00,25.6,25.6,25.6,25.6,600,0
2015-01-23,16:00:00,25.6,25.62,25.56,25.56,7225,0
2015-01-23,16:05:00,25.61,25.61,25.56,25.57,1700,0
2015-01-23,16:10:00,25.6,25.61,25.56,25.59,4062,0
2015-01-23,16:15:00,25.57,25.57,25.56,25.56,1019,0
2015-01-23,16:20:00,25.58,25.58,25.57,25.57,800,0
2015-01-23,16:25:00,25.57,25.57,25.56,25.56,3872,0
2015-01-23,16:30:00,25.56,25.56,25.56,25.56,1000,0
2015-01-23,16:35:00,25.57,25.57,25.57,25.57,4952,0
2015-01-23,16:40:00,25.56,25.57,25.56,25.57,852,0
2015-01-23,16:45:00,25.57,25.57,25.57,25.57,2100,0
2015-01-23,16:50:00,25.57,25.57,25.57,25.57,129,0
2015-01-23,16:55:00,25.57,25.57,25.57,25.57,100,0
2015-01-23,17:00:00,25.57,25.57,25.57,25.57,500,0
2015-01-23,17:05:00,25.57,25.57,25.57,25.57,200,0
2015-01-23,17:10:00,25.57,25.57,25.57,25.57,200,0
2015-01-23,17:15:00,25.57,25.57,25.57,25.57,1480,0
2015-01-23,17:25:00,25.56,25.56,25.52,25.52,2774,0
2015-01-23,17:35:00,25.54,25.54,25.54,25.54,850,0
2015-01-23,17:45:00,25.55,25.55,25.55,25.55,2028,0
2015-01-23,18:00:00,25.55,25.55,25.55,25.55,2537,0
2015-01-23,18:05:00,25.55,25.55,25.55,25.55,100,0
2015-01-23,18:10:00,25.55,25.55,25.55,25.55,362,0
2015-01-23,18:15:00,25.53,25.53,25.53,25.53,2000,0
2015-01-23,18:20:00,25.55,25.55,25.55,25.55,200,0
2015-01-23,18:25:00,25.55,25.55,25.55,25.55,600,0
2015-01-23,19:25:00,25.55,25.55,25.54,25.54,900,0
2015-01-23,19:30:00,25.55,25.55,25.54,25.54,711,0
2015-01-23,19:35:00,25.54,25.54,25.54,25.54,300,0
2015-01-23,19:40:00,25.55,25.55,25.55,25.55,600,0
2015-01-23,19:45:00,25.54,25.54,25.54,25.54,1304,0
2015-01-23,20:00:00,25.54,25.55,25.54,25.54,2352,0
2015-01-23,20:05:00,25.53,25.53,25.53,25.53,600,0
2015-01-23,20:10:00,25.52,25.52,25.52,25.52,2200,0
2015-01-23,20:15:00,25.51,25.51,25.51,25.51,1650,0
2015-01-23,20:30:00,25.53,25.53,25.53,25.53,340,0
2015-01-23,20:35:00,25.51,25.54,25.51,25.53,1325,0
2015-01-23,20:40:00,25.54,25.54,25.52,25.54,1100,0
2015-01-23,20:45:00,25.54,25.54,25.54,25.54,1125,0
2015-01-23,20:55:00,25.54,25.54,25.54,25.54,145,0
2015-01-23,21:00:00,25.55,25.55,25.55,25.55,1450,0
2015-01-23,21:05:00,25.54,25.55,25.54,25.55,2272,0
2015-01-23,21:10:00,25.55,25.55,25.52,25.54,7710,0
2015-01-23,21:25:00,25.54,25.54,25.54,25.54,257,0
2015-01-23,21:30:00,25.55,25.55,25.55,25.55,200,0
2015-01-23,21:35:00,25.55,25.55,25.55,25.55,2194,0
2015-01-23,21:40:00,25.55,25.55,25.55,25.55,2000,0
2015-01-23,21:45:00,25.54,25.54,25.54,25.54,157,0
2015-01-23,21:50:00,25.55,25.55,25.54,25.54,1100,0
2015-01-23,21:55:00,25.53,25.54,25.53,25.54,1295,0
2015-01-23,22:00:00,25.54,25.55,25.53,25.53,16715,0
2015-01-26,15:35:00,25.61,25.61,25.61,25.61,2938,0
2015-01-26,16:00:00,25.6,25.6,25.6,25.6,100,0
2015-01-26,16:05:00,25.6,25.6,25.6,25.6,900,0
2015-01-26,16:10:00,25.62,25.62,25.62,25.62,740,0
2015-01-26,16:15:00,25.62,25.65,25.62,25.65,842,0
2015-01-26,16:35:00,25.65,25.65,25.65,25.65,600,0
2015-01-26,16:45:00,25.64,25.64,25.64,25.64,200,0
2015-01-26,16:55:00,25.64,25.64,25.64,25.64,800,0
2015-01-26,17:15:00,25.62,25.62,25.62,25.62,1036,0
2015-01-26,17:35:00,25.63,25.64,25.63,25.63,2791,0
2015-01-26,17:40:00,25.62,25.63,25.61,25.63,4144,0
2015-01-26,17:55:00,25.63,25.63,25.63,25.63,200,0
2015-01-26,18:00:00,25.63,25.63,25.63,25.63,600,0
2015-01-26,18:05:00,25.63,25.63,25.63,25.63,6000,0
2015-01-26,18:20:00,25.63,25.63,25.62,25.62,2838,0
2015-01-26,18:30:00,25.62,25.62,25.62,25.62,918,0
2015-01-26,18:45:00,25.63,25.63,25.58,25.58,3200,0
2015-01-26,19:05:00,25.6,25.61,25.6,25.61,1192,0
2015-01-26,19:15:00,25.6,25.63,25.6,25.63,657,0
2015-01-26,19:20:00,25.64,25.64,25.64,25.64,1764,0
2015-01-26,19:25:00,25.64,25.64,25.64,25.64,300,0
2015-01-26,19:30:00,25.65,25.65,25.65,25.65,500,0
2015-01-26,19:40:00,25.65,25.65,25.65,25.65,152,0
2015-01-26,19:50:00,25.65,25.65,25.62,25.62,7249,0
2015-01-26,19:55:00,25.65,25.65,25.65,25.65,900,0
2015-01-26,20:20:00,25.64,25.64,25.64,25.64,770,0
2015-01-26,20:25:00,25.64,25.64,25.64,25.64,362,0
2015-01-26,20:30:00,25.64,25.64,25.64,25.64,1000,0
2015-01-26,20:35:00,25.62,25.64,25.62,25.64,1200,0
2015-01-26,20:40:00,25.62,25.63,25.62,25.63,362,0
2015-01-26,20:45:00,25.62,25.63,25.62,25.62,4000,0
2015-01-26,20:50:00,25.64,25.64,25.64,25.64,800,0
2015-01-26,20:55:00,25.63,25.63,25.63,25.63,208,0
2015-01-26,21:00:00,25.64,25.64,25.64,25.64,570,0
2015-01-26,21:05:00,25.64,25.64,25.63,25.63,1682,0
2015-01-26,21:10:00,25.62,25.63,25.62,25.63,431,0
2015-01-26,21:25:00,25.63,25.65,25.63,25.65,1258,0
2015-01-26,21:30:00,25.62,25.62,25.62,25.62,1000,0
2015-01-26,22:00:00,25.68,25.68,25.63,25.63,2678,0
2015-01-27,15:35:00,25.56,25.56,25.56,25.56,400,0
2015-01-27,15:40:00,25.58,25.58,25.58,25.58,200,0
2015-01-27,15:55:00,25.6,25.6,25.6,25.6,600,0
2015-01-27,16:00:00,25.62,25.63,25.6,25.6,2400,0
2015-01-27,16:05:00,25.63,25.63,25.63,25.63,100,0
2015-01-27,16:15:00,25.63,25.63,25.63,25.63,412,0
2015-01-27,16:20:00,25.64,25.65,25.63,25.65,1606,0
2015-01-27,16:30:00,25.64,25.64,25.64,25.64,200,0
2015-01-27,16:35:00,25.65,25.65,25.65,25.65,1000,0
2015-01-27,16:40:00,25.65,25.65,25.65,25.65,200,0
2015-01-27,16:50:00,25.63,25.63,25.63,25.63,3000,0
2015-01-27,16:55:00,25.63,25.63,25.63,25.63,1500,0
2015-01-27,17:00:00,25.66,25.66,25.64,25.64,1362,0
2015-01-27,17:05:00,25.66,25.66,25.66,25.66,362,0
2015-01-27,17:10:00,25.66,25.66,25.66,25.66,700,0
2015-01-27,17:15:00,25.69,25.69,25.69,25.69,585,0
2015-01-27,17:20:00,25.69,25.69,25.69,25.69,400,0
2015-01-27,17:35:00,25.69,25.69,25.69,25.69,100,0
2015-01-27,17:40:00,25.69,25.7,25.69,25.7,1056,0
2015-01-27,17:50:00,25.68,25.68,25.68,25.68,100,0
2015-01-27,18:00:00,25.7,25.7,25.7,25.7,800,0
2015-01-27,18:15:00,25.7,25.7,25.7,25.7,800,0
2015-01-27,18:30:00,25.68,25.68,25.68,25.68,633,0
2015-01-27,18:35:00,25.68,25.7,25.68,25.7,3000,0
2015-01-27,18:50:00,25.69,25.7,25.69,25.7,400,0
2015-01-27,19:00:00,25.7,25.7,25.67,25.69,2064,0
2015-01-27,19:10:00,25.69,25.69,25.69,25.69,300,0
2015-01-27,19:40:00,25.7,25.7,25.69,25.69,504,0
2015-01-27,19:50:00,25.67,25.67,25.67,25.67,139,0
2015-01-27,19:55:00,25.64,25.69,25.6,25.69,7838,0
2015-01-27,20:10:00,25.66,25.66,25.63,25.63,1293,0
2015-01-27,20:30:00,25.69,25.69,25.68,25.68,200,0
2015-01-27,20:40:00,25.67,25.67,25.66,25.66,8000,0
2015-01-27,21:00:00,25.69,25.69,25.67,25.67,1715,0
2015-01-27,21:10:00,25.63,25.63,25.63,25.63,114,0
2015-01-27,21:30:00,25.69,25.69,25.69,25.69,376,0
2015-01-27,21:35:00,25.67,25.67,25.64,25.64,500,0
2015-01-27,21:45:00,25.65,25.65,25.65,25.65,300,0
2015-01-27,21:50:00,25.65,25.68,25.65,25.68,866,0
2015-01-27,21:55:00,25.65,25.65,25.65,25.65,7700,0
2015-01-27,22:00:00,25.64,25.64,25.64,25.64,300,0
2015-01-28,15:35:00,25.67,25.67,25.67,25.67,6000,0
2015-01-28,16:35:00,25.69,25.69,25.69,25.69,400,0
2015-01-28,16:40:00,25.68,25.68,25.68,25.68,800,0
2015-01-28,16:45:00,25.68,25.68,25.62,25.62,6040,0
2015-01-28,16:55:00,25.64,25.66,25.61,25.66,4263,0
2015-01-28,17:00:00,25.61,25.61,25.61,25.61,200,0
2015-01-28,17:05:00,25.65,25.69,25.65,25.69,686,0
2015-01-28,17:10:00,25.65,25.65,25.65,25.65,671,0
2015-01-28,17:15:00,25.68,25.68,25.68,25.68,265,0
2015-01-28,17:20:00,25.65,25.65,25.65,25.65,500,0
2015-01-28,17:35:00,25.66,25.66,25.66,25.66,237,0
2015-01-28,17:40:00,25.67,25.67,25.66,25.66,1700,0
2015-01-28,18:05:00,25.66,25.66,25.66,25.66,2200,0
2015-01-28,18:15:00,25.68,25.68,25.68,25.68,600,0
2015-01-28,18:20:00,25.68,25.68,25.68,25.68,1540,0
2015-01-28,18:25:00,25.69,25.69,25.68,25.69,2232,0
2015-01-28,18:30:00,25.69,25.69,25.69,25.69,125,0
2015-01-28,18:35:00,25.69,25.7,25.69,25.7,1095,0
2015-01-28,18:40:00,25.69,25.69,25.69,25.69,300,0
2015-01-28,18:55:00,25.7,25.7,25.69,25.69,1600,0
2015-01-28,19:00:00,25.7,25.7,25.7,25.7,2100,0
2015-01-28,19:25:00,25.7,25.7,25.7,25.7,600,0
2015-01-28,19:35:00,25.68,25.68,25.68,25.68,2398,0
2015-01-28,19:45:00,25.7,25.7,25.7,25.7,432,0
2015-01-28,19:55:00,25.7,25.7,25.7,25.7,1451,0
2015-01-28,20:20:00,25.69,25.69,25.69,25.69,200,0
2015-01-28,20:25:00,25.68,25.69,25.68,25.68,6621,0
2015-01-28,20:35:00,25.7,25.7,25.68,25.68,2740,0
2015-01-28,20:40:00,25.69,25.69,25.69,25.69,172,0
2015-01-28,20:45:00,25.67,25.67,25.67,25.67,770,0
2015-01-28,20:50:00,25.7,25.7,25.7,25.7,857,0
2015-01-28,20:55:00,25.7,25.7,25.65,25.7,4073,0
2015-01-28,21:05:00,25.7,25.7,25.7,25.7,600,0
2015-01-28,21:15:00,25.7,25.7,25.7,25.7,362,0
2015-01-28,21:20:00,25.69,25.7,25.69,25.69,1199,0
2015-01-28,21:25:00,25.69,25.69,25.69,25.69,152,0
2015-01-28,21:35:00,25.66,25.66,25.66,25.66,200,0
2015-01-28,21:45:00,25.65,25.65,25.65,25.65,3509,0
2015-01-28,21:55:00,25.68,25.68,25.66,25.66,888,0
2015-01-28,22:00:00,25.68,25.68,25.68,25.68,1705,0
2015-01-29,15:35:00,25.71,25.71,25.71,25.71,267,0
2015-01-29,15:45:00,25.66,25.69,25.62,25.63,6903,0
2015-01-29,15:50:00,25.71,25.71,25.71,25.71,1600,0
2015-01-29,16:00:00,25.74,25.74,25.74,25.74,100,0
2015-01-29,16:05:00,25.7,25.74,25.7,25.74,1500,0
2015-01-29,16:15:00,25.72,25.72,25.72,25.72,1250,0
2015-01-29,16:20:00,25.76,25.76,25.68,25.68,981,0
2015-01-29,16:40:00,25.74,25.74,25.68,25.68,1018,0
2015-01-29,16:45:00,25.71,25.72,25.71,25.72,592,0
2015-01-29,16:50:00,25.71,25.71,25.68,25.68,400,0
2015-01-29,17:00:00,25.72,25.72,25.72,25.72,600,0
2015-01-29,17:35:00,25.71,25.74,25.71,25.74,1200,0
2015-01-29,17:40:00,25.74,25.74,25.74,25.74,1030,0
2015-01-29,17:45:00,25.73,25.73,25.73,25.73,200,0
2015-01-29,17:55:00,25.74,25.74,25.74,25.74,300,0
2015-01-29,18:10:00,25.71,25.71,25.7,25.7,1124,0
2015-01-29,18:15:00,25.7,25.7,25.7,25.7,840,0
2015-01-29,18:20:00,25.7,25.7,25.7,25.7,181,0
2015-01-29,18:35:00,25.7,25.7,25.7,25.7,181,0
2015-01-29,18:40:00,25.7,25.7,25.7,25.7,608,0
2015-01-29,18:55:00,25.69,25.69,25.69,25.69,462,0
2015-01-29,19:00:00,25.69,25.69,25.68,25.68,3578,0
2015-01-29,19:10:00,25.64,25.64,25.64,25.64,210,0
2015-01-29,19:20:00,25.66,25.66,25.66,25.66,396,0
2015-01-29,19:25:00,25.69,25.69,25.69,25.69,600,0
2015-01-29,19:35:00,25.69,25.69,25.69,25.69,785,0
2015-01-29,19:40:00,25.69,25.69,25.69,25.69,1190,0
2015-01-29,19:50:00,25.7,25.7,25.7,25.7,600,0
2015-01-29,19:55:00,25.67,25.67,25.67,25.67,300,0
2015-01-29,20:00:00,25.7,25.7,25.7,25.7,285,0
2015-01-29,20:05:00,25.67,25.67,25.67,25.67,500,0
2015-01-29,20:20:00,25.7,25.7,25.7,25.7,300,0
2015-01-29,20:25:00,25.67,25.68,25.67,25.67,1936,0
2015-01-29,20:30:00,25.68,25.68,25.68,25.68,700,0
2015-01-29,20:45:00,25.69,25.7,25.67,25.7,3100,0
2015-01-29,21:00:00,25.7,25.7,25.7,25.7,1200,0
2015-01-29,21:05:00,25.7,25.7,25.69,25.69,737,0
2015-01-29,21:15:00,25.7,25.7,25.7,25.7,152,0
2015-01-29,21:25:00,25.7,25.7,25.68,25.68,2100,0
2015-01-29,21:35:00,25.68,25.7,25.68,25.7,4500,0
2015-01-29,21:55:00,25.69,25.7,25.68,25.68,900,0
2015-01-29,22:00:00,25.7,25.7,25.68,25.68,1248,0
2015-01-30,15:35:00,25.7,25.7,25.67,25.7,3760,0
2015-01-30,15:40:00,25.71,25.71,25.71,25.71,1122,0
2015-01-30,15:45:00,25.7,25.7,25.7,25.7,100,0
2015-01-30,15:50:00,25.72,25.72,25.72,25.72,100,0
2015-01-30,15:55:00,25.72,25.72,25.71,25.71,776,0
2015-01-30,16:05:00,25.7,25.7,25.7,25.7,300,0
2015-01-30,16:15:00,25.69,25.69,25.69,25.69,100,0
2015-01-30,16:20:00,25.71,25.71,25.68,25.71,1400,0
2015-01-30,16:25:00,25.71,25.71,25.71,25.71,1400,0
2015-01-30,16:30:00,25.7,25.7,25.7,25.7,100,0
2015-01-30,16:35:00,25.71,25.72,25.71,25.72,3000,0
2015-01-30,16:40:00,25.71,25.71,25.71,25.71,1194,0
2015-01-30,16:45:00,25.68,25.71,25.68,25.71,1700,0
2015-01-30,16:50:00,25.71,25.71,25.71,25.71,500,0
2015-01-30,16:55:00,25.71,25.71,25.71,25.71,100,0
2015-01-30,17:00:00,25.71,25.71,25.71,25.71,200,0
2015-01-30,17:05:00,25.71,25.72,25.71,25.72,1281,0
2015-01-30,17:10:00,25.71,25.71,25.71,25.71,100,0
2015-01-30,17:15:00,25.71,25.71,25.71,25.71,100,0
2015-01-30,17:20:00,25.71,25.71,25.71,25.71,200,0
2015-01-30,17:25:00,25.71,25.72,25.71,25.72,281,0
2015-01-30,17:30:00,25.71,25.72,25.71,25.72,2524,0
2015-01-30,17:35:00,25.74,25.74,25.74,25.74,598,0
2015-01-30,17:40:00,25.73,25.75,25.73,25.75,281,0
2015-01-30,17:45:00,25.73,25.75,25.73,25.75,300,0
2015-01-30,17:50:00,25.74,25.75,25.73,25.74,1650,0
2015-01-30,17:55:00,25.75,25.76,25.73,25.76,600,0
2015-01-30,18:00:00,25.76,25.76,25.76,25.76,400,0
2015-01-30,18:05:00,25.76,25.76,25.74,25.74,552,0
2015-01-30,18:10:00,25.76,25.76,25.76,25.76,400,0
2015-01-30,18:15:00,25.75,25.77,25.75,25.77,762,0
2015-01-30,18:20:00,25.79,25.79,25.79,25.79,100,0
2015-01-30,18:25:00,25.79,25.8,25.75,25.8,1600,0
2015-01-30,18:30:00,25.81,25.82,25.81,25.82,500,0
2015-01-30,18:35:00,25.82,25.82,25.82,25.82,200,0
2015-01-30,18:40:00,25.8,25.82,25.8,25.82,300,0
2015-01-30,18:45:00,25.81,25.82,25.81,25.82,624,0
2015-01-30,18:50:00,25.82,25.82,25.82,25.82,400,0
2015-01-30,18:55:00,25.81,25.81,25.76,25.81,624,0
2015-01-30,19:00:00,25.81,25.82,25.81,25.82,600,0
2015-01-30,19:05:00,25.82,25.82,25.77,25.77,500,0
2015-01-30,19:10:00,25.82,25.82,25.82,25.82,200,0
2015-01-30,19:15:00,25.8,25.8,25.8,25.8,200,0
2015-01-30,19:20:00,25.82,25.82,25.8,25.8,1000,0
2015-01-30,19:25:00,25.79,25.81,25.79,25.81,1000,0
2015-01-30,19:30:00,25.81,25.82,25.81,25.82,1600,0
2015-01-30,19:40:00,25.82,25.82,25.82,25.82,1100,0
2015-01-30,19:45:00,25.77,25.82,25.77,25.82,2803,0
2015-01-30,19:50:00,25.78,25.82,25.78,25.79,2800,0
2015-01-30,19:55:00,25.82,25.82,25.73,25.78,6322,0
2015-01-30,20:00:00,25.81,25.81,25.81,25.81,700,0
2015-01-30,20:05:00,25.81,25.81,25.81,25.81,600,0
2015-01-30,20:10:00,25.78,25.78,25.7,25.7,2418,0
2015-01-30,20:15:00,25.69,25.74,25.69,25.74,500,0
2015-01-30,20:20:00,25.69,25.7,25.69,25.7,400,0
2015-01-30,20:25:00,25.7,25.74,25.68,25.71,600,0
2015-01-30,20:30:00,25.68,25.73,25.68,25.73,900,0
2015-01-30,20:35:00,25.7,25.73,25.7,25.7,1200,0
2015-01-30,20:40:00,25.69,25.75,25.69,25.71,700,0
2015-01-30,20:45:00,25.68,25.71,25.68,25.69,600,0
2015-01-30,20:50:00,25.7,25.7,25.68,25.68,400,0
2015-01-30,20:55:00,25.7,25.72,25.7,25.72,500,0
2015-01-30,21:00:00,25.71,25.72,25.71,25.72,1000,0
2015-01-30,21:05:00,25.72,25.72,25.72,25.72,200,0
2015-01-30,21:10:00,25.73,25.73,25.7,25.73,500,0
2015-01-30,21:15:00,25.74,25.77,25.7,25.77,11564,0
2015-01-30,21:20:00,25.77,25.77,25.77,25.77,100,0
2015-01-30,21:25:00,25.68,25.72,25.68,25.71,700,0
2015-01-30,21:30:00,25.68,25.74,25.68,25.73,700,0
2015-01-30,21:35:00,25.76,25.76,25.69,25.7,1100,0
2015-01-30,21:40:00,25.7,25.73,25.7,25.72,700,0
2015-01-30,21:45:00,25.72,25.72,25.68,25.72,1400,0
2015-01-30,21:50:00,25.7,25.7,25.66,25.66,1000,0
2015-01-30,21:55:00,25.72,25.72,25.66,25.66,1200,0
2015-01-30,22:00:00,25.66,25.7,25.62,25.62,11069,0
2015-02-02,15:40:00,25.66,25.66,25.66,25.66,100,0
2015-02-02,15:45:00,25.66,25.66,25.66,25.66,100,0
2015-02-02,15:50:00,25.66,25.66,25.66,25.66,100,0
2015-02-02,15:55:00,25.67,25.69,25.67,25.69,2100,0
2015-02-02,16:05:00,25.66,25.66,25.66,25.66,100,0
2015-02-02,16:10:00,25.72,25.72,25.72,25.72,100,0
2015-02-02,16:15:00,25.71,25.71,25.71,25.71,100,0
2015-02-02,16:20:00,25.71,25.71,25.71,25.71,300,0
2015-02-02,16:25:00,25.71,25.71,25.71,25.71,200,0
2015-02-02,16:30:00,25.71,25.71,25.71,25.71,200,0
2015-02-02,16:35:00,25.71,25.71,25.71,25.71,100,0
2015-02-02,16:40:00,25.71,25.71,25.71,25.71,400,0
2015-02-02,16:45:00,25.71,25.73,25.71,25.73,886,0
2015-02-02,16:55:00,25.72,25.72,25.72,25.72,200,0
2015-02-02,17:00:00,25.73,25.75,25.72,25.72,2911,0
2015-02-02,17:05:00,25.7,25.7,25.7,25.7,600,0
2015-02-02,17:10:00,25.73,25.73,25.73,25.73,2925,0
2015-02-02,17:15:00,25.73,25.74,25.67,25.67,1250,0
2015-02-02,17:20:00,25.7,25.7,25.7,25.7,107,0
2015-02-02,17:25:00,25.7,25.7,25.7,25.7,100,0
2015-02-02,17:30:00,25.72,25.72,25.72,25.72,200,0
2015-02-02,17:35:00,25.7,25.71,25.7,25.71,500,0
2015-02-02,17:55:00,25.7,25.7,25.7,25.7,200,0
2015-02-02,18:00:00,25.7,25.7,25.7,25.7,100,0
2015-02-02,18:05:00,25.7,25.7,25.67,25.67,800,0
2015-02-02,18:25:00,25.66,25.66,25.66,25.66,100,0
2015-02-02,18:30:00,25.66,25.66,25.66,25.66,100,0
2015-02-02,18:40:00,25.66,25.66,25.66,25.66,100,0
2015-02-02,18:45:00,25.66,25.66,25.66,25.66,200,0
2015-02-02,18:55:00,25.66,25.71,25.66,25.71,800,0
2015-02-02,19:00:00,25.66,25.66,25.66,25.66,100,0
2015-02-02,19:10:00,25.66,25.66,25.66,25.66,200,0
2015-02-02,19:15:00,25.66,25.66,25.66,25.66,100,0
2015-02-02,19:25:00,25.66,25.71,25.66,25.66,500,0
2015-02-02,19:40:00,25.66,25.66,25.66,25.66,200,0
2015-02-02,19:45:00,25.65,25.65,25.65,25.65,500,0
2015-02-02,19:50:00,25.68,25.68,25.68,25.68,100,0
2015-02-02,20:00:00,25.65,25.65,25.65,25.65,300,0
2015-02-02,20:05:00,25.65,25.68,25.65,25.68,1668,0
2015-02-02,20:10:00,25.65,25.68,25.65,25.68,462,0
2015-02-02,20:15:00,25.65,25.65,25.65,25.65,1000,0
2015-02-02,20:20:00,25.68,25.68,25.65,25.66,1475,0
2015-02-02,20:25:00,25.68,25.68,25.68,25.68,181,0
2015-02-02,20:30:00,25.65,25.65,25.65,25.65,200,0
2015-02-02,20:35:00,25.65,25.65,25.6,25.6,1798,0
2015-02-02,20:40:00,25.6,25.65,25.6,25.65,700,0
2015-02-02,20:50:00,25.6,25.6,25.6,25.6,100,0
2015-02-02,20:55:00,25.61,25.61,25.61,25.61,200,0
2015-02-02,21:00:00,25.61,25.61,25.61,25.61,400,0
2015-02-02,21:05:00,25.61,25.61,25.61,25.61,200,0
2015-02-02,21:10:00,25.6,25.6,25.6,25.6,100,0
2015-02-02,21:15:00,25.62,25.62,25.62,25.62,100,0
2015-02-02,21:20:00,25.62,25.62,25.62,25.62,100,0
2015-02-02,21:25:00,25.62,25.62,25.62,25.62,1780,0
2015-02-02,21:30:00,25.64,25.64,25.64,25.64,200,0
2015-02-02,21:35:00,25.6,25.66,25.6,25.66,464,0
2015-02-02,21:45:00,25.66,25.66,25.61,25.61,540,0
2015-02-02,21:50:00,25.61,25.62,25.61,25.62,300,0
2015-02-02,21:55:00,25.62,25.64,25.62,25.64,600,0
2015-02-02,22:00:00,25.6,25.63,25.6,25.61,2038,0
2015-02-03,15:40:00,25.6,25.6,25.6,25.6,1800,0
2015-02-03,15:55:00,25.64,25.68,25.64,25.68,3334,0
2015-02-03,16:10:00,25.67,25.69,25.65,25.69,1716,0
2015-02-03,16:30:00,25.69,25.7,25.69,25.7,1880,0
2015-02-03,16:40:00,25.7,25.72,25.7,25.72,4105,0
2015-02-03,16:50:00,25.7,25.7,25.7,25.7,1460,0
2015-02-03,17:10:00,25.7,25.7,25.7,25.7,400,0
2015-02-03,17:50:00,25.68,25.7,25.68,25.7,1380,0
2015-02-03,17:55:00,25.69,25.71,25.69,25.71,2600,0
2015-02-03,18:00:00,25.7,25.7,25.7,25.7,200,0
2015-02-03,18:05:00,25.7,25.71,25.7,25.71,500,0
2015-02-03,18:30:00,25.71,25.73,25.71,25.73,4206,0
2015-02-03,18:35:00,25.7,25.7,25.7,25.7,200,0
2015-02-03,18:45:00,25.69,25.69,25.69,25.69,500,0
2015-02-03,19:00:00,25.72,25.72,25.72,25.72,690,0
2015-02-03,19:35:00,25.71,25.72,25.71,25.72,200,0
2015-02-03,19:45:00,25.73,25.73,25.7,25.7,900,0
2015-02-03,20:05:00,25.71,25.73,25.7,25.71,3381,0
2015-02-03,20:10:00,25.7,25.7,25.7,25.7,4395,0
2015-02-03,20:45:00,25.73,25.73,25.73,25.73,500,0
2015-02-03,20:50:00,25.73,25.73,25.73,25.73,304,0
2015-02-03,20:55:00,25.73,25.73,25.73,25.73,1319,0
2015-02-03,21:10:00,25.72,25.72,25.72,25.72,700,0
2015-02-03,21:15:00,25.72,25.73,25.72,25.72,1052,0
2015-02-03,21:20:00,25.73,25.73,25.73,25.73,200,0
2015-02-03,21:25:00,25.72,25.72,25.72,25.72,2300,0
2015-02-03,21:35:00,25.71,25.71,25.71,25.71,300,0
2015-02-03,21:40:00,25.73,25.73,25.72,25.72,870,0
2015-02-03,21:50:00,25.73,25.73,25.72,25.72,1900,0
2015-02-03,21:55:00,25.73,25.73,25.73,25.73,1540,0
2015-02-03,22:00:00,25.73,25.73,25.73,25.73,1347,0
2015-02-04,15:35:00,25.77,25.77,25.77,25.77,400,0
2015-02-04,16:00:00,25.71,25.71,25.71,25.71,300,0
2015-02-04,16:25:00,25.72,25.72,25.71,25.71,2600,0
2015-02-04,16:30:00,25.71,25.71,25.7,25.7,516,0
2015-02-04,16:40:00,25.73,25.73,25.73,25.73,276,0
2015-02-04,16:50:00,25.69,25.74,25.69,25.74,1592,0
2015-02-04,17:05:00,25.74,25.74,25.72,25.72,1200,0
2015-02-04,17:20:00,25.71,25.71,25.71,25.71,1800,0
2015-02-04,17:35:00,25.72,25.72,25.72,25.72,400,0
2015-02-04,18:15:00,25.71,25.71,25.71,25.71,660,0
2015-02-04,18:45:00,25.71,25.71,25.71,25.71,300,0
2015-02-04,18:55:00,25.72,25.76,25.72,25.76,1614,0
2015-02-04,19:10:00,25.76,25.76,25.76,25.76,200,0
2015-02-04,19:25:00,25.77,25.77,25.77,25.77,404,0
2015-02-04,19:35:00,25.76,25.76,25.76,25.76,360,0
2015-02-04,19:50:00,25.76,25.77,25.76,25.76,1450,0
2015-02-04,19:55:00,25.77,25.77,25.77,25.77,600,0
2015-02-04,20:15:00,25.76,25.76,25.76,25.76,7015,0
2015-02-04,20:20:00,25.76,25.76,25.76,25.76,1000,0
2015-02-04,20:25:00,25.77,25.77,25.76,25.76,3255,0
2015-02-04,20:30:00,25.76,25.76,25.74,25.74,1323,0
2015-02-04,20:50:00,25.76,25.76,25.76,25.76,200,0
2015-02-04,20:55:00,25.76,25.76,25.76,25.76,304,0
2015-02-04,21:05:00,25.77,25.77,25.77,25.77,800,0
2015-02-04,21:10:00,25.75,25.75,25.75,25.75,100,0
2015-02-04,21:15:00,25.77,25.77,25.75,25.75,5117,0
2015-02-04,21:25:00,25.77,25.77,25.77,25.77,306,0
2015-02-04,21:30:00,25.76,25.76,25.67,25.69,3243,0
2015-02-04,21:45:00,25.74,25.74,25.74,25.74,780,0
2015-02-04,21:50:00,25.73,25.73,25.73,25.73,630,0
2015-02-04,22:00:00,25.75,25.75,25.75,25.75,152,0
2015-02-05,15:40:00,25.67,25.69,25.67,25.69,2100,0
2015-02-05,15:45:00,25.75,25.75,25.73,25.73,203,0
2015-02-05,15:55:00,25.75,25.77,25.73,25.74,3700,0
2015-02-05,16:10:00,25.75,25.76,25.74,25.76,1050,0
2015-02-05,16:20:00,25.74,25.74,25.74,25.74,628,0
2015-02-05,16:25:00,25.75,25.75,25.75,25.75,100,0
2015-02-05,16:30:00,25.75,25.75,25.74,25.74,950,0
2015-02-05,16:35:00,25.74,25.74,25.73,25.73,2153,0
2015-02-05,16:40:00,25.73,25.75,25.73,25.75,690,0
2015-02-05,16:45:00,25.74,25.74,25.66,25.66,1600,0
2015-02-05,16:50:00,25.66,25.66,25.66,25.66,600,0
2015-02-05,16:55:00,25.66,25.66,25.61,25.65,1805,0
2015-02-05,17:00:00,25.62,25.62,25.62,25.62,171,0
2015-02-05,17:05:00,25.68,25.68,25.68,25.68,2700,0
2015-02-05,17:35:00,25.67,25.67,25.67,25.67,785,0
2015-02-05,18:05:00,25.67,25.67,25.67,25.67,500,0
2015-02-05,18:10:00,25.66,25.66,25.66,25.66,300,0
2015-02-05,18:20:00,25.65,25.65,25.61,25.62,1001,0
2015-02-05,18:25:00,25.63,25.63,25.63,25.63,4000,0
2015-02-05,18:30:00,25.64,25.64,25.64,25.64,1600,0
2015-02-05,18:40:00,25.64,25.64,25.64,25.64,100,0
2015-02-05,18:45:00,25.64,25.64,25.64,25.64,300,0
2015-02-05,18:50:00,25.62,25.62,25.62,25.62,1100,0
2015-02-05,18:55:00,25.62,25.62,25.6,25.6,11734,0
2015-02-05,19:05:00,25.6,25.6,25.6,25.6,800,0
2015-02-05,19:30:00,25.62,25.63,25.62,25.63,1351,0
2015-02-05,19:35:00,25.63,25.64,25.63,25.64,2781,0
2015-02-05,19:45:00,25.63,25.63,25.63,25.63,2800,0
2015-02-05,20:25:00,25.62,25.62,25.62,25.62,2034,0
2015-02-05,20:35:00,25.64,25.64,25.64,25.64,400,0
2015-02-05,20:50:00,25.63,25.63,25.63,25.63,519,0
2015-02-05,21:05:00,25.63,25.63,25.62,25.62,1842,0
2015-02-05,21:15:00,25.64,25.65,25.63,25.63,1768,0
2015-02-05,21:30:00,25.65,25.65,25.64,25.65,1231,0
2015-02-05,21:35:00,25.65,25.65,25.64,25.65,1635,0
2015-02-05,21:40:00,25.65,25.65,25.65,25.65,1800,0
2015-02-05,21:45:00,25.65,25.65,25.65,25.65,800,0
2015-02-05,21:50:00,25.65,25.65,25.63,25.63,500,0
2015-02-05,21:55:00,25.65,25.65,25.62,25.62,1240,0
2015-02-05,22:00:00,25.67,25.67,25.62,25.66,1693,0
2015-02-06,16:15:00,25.65,25.66,25.65,25.66,3865,0
2015-02-06,16:25:00,25.62,25.62,25.61,25.61,6200,0
2015-02-06,16:40:00,25.63,25.63,25.63,25.63,600,0
2015-02-06,17:15:00,25.63,25.63,25.63,25.63,465,0
2015-02-06,17:40:00,25.64,25.64,25.62,25.62,7729,0
2015-02-06,17:50:00,25.61,25.64,25.61,25.64,2640,0
2015-02-06,18:15:00,25.61,25.61,25.59,25.59,2664,0
2015-02-06,18:25:00,25.6,25.63,25.6,25.61,7600,0
2015-02-06,18:30:00,25.61,25.66,25.57,25.63,8251,0
2015-02-06,18:35:00,25.62,25.62,25.62,25.62,940,0
2015-02-06,19:30:00,25.62,25.62,25.62,25.62,800,0
2015-02-06,19:35:00,25.61,25.61,25.61,25.61,3200,0
2015-02-06,20:00:00,25.65,25.65,25.65,25.65,464,0
2015-02-06,20:05:00,25.63,25.63,25.63,25.63,1000,0
2015-02-06,20:10:00,25.61,25.64,25.61,25.64,1350,0
2015-02-06,20:40:00,25.61,25.61,25.61,25.61,400,0
2015-02-06,20:50:00,25.63,25.64,25.63,25.64,565,0
2015-02-06,20:55:00,25.63,25.65,25.61,25.61,823,0
2015-02-06,21:00:00,25.63,25.63,25.62,25.62,900,0
2015-02-06,21:25:00,25.63,25.65,25.62,25.65,1000,0
2015-02-06,21:45:00,25.65,25.66,25.65,25.66,3800,0
2015-02-06,21:50:00,25.65,25.66,25.63,25.66,2400,0
2015-02-06,21:55:00,25.65,25.65,25.63,25.63,3000,0
2015-02-06,22:00:00,25.65,25.67,25.65,25.67,800,0
2015-02-09,15:35:00,25.67,25.67,25.65,25.65,2022,0
2015-02-09,15:40:00,25.65,25.65,25.64,25.64,2357,0
2015-02-09,15:55:00,25.61,25.61,25.57,25.57,2378,0
2015-02-09,16:00:00,25.6,25.61,25.6,25.61,900,0
2015-02-09,16:10:00,25.61,25.61,25.55,25.58,6738,0
2015-02-09,16:20:00,25.61,25.61,25.61,25.61,200,0
2015-02-09,16:25:00,25.6,25.61,25.6,25.6,3500,0
2015-02-09,16:40:00,25.58,25.58,25.58,25.58,400,0
2015-02-09,16:50:00,25.58,25.6,25.58,25.6,1000,0
2015-02-09,16:55:00,25.6,25.6,25.6,25.6,1900,0
2015-02-09,17:00:00,25.62,25.63,25.61,25.62,4297,0
2015-02-09,17:05:00,25.65,25.66,25.65,25.66,400,0
2015-02-09,17:10:00,25.67,25.67,25.67,25.67,920,0
2015-02-09,17:45:00,25.62,25.62,25.62,25.62,4264,0
2015-02-09,18:05:00,25.65,25.65,25.65,25.65,2800,0
2015-02-09,18:15:00,25.65,25.65,25.65,25.65,200,0
2015-02-09,18:25:00,25.65,25.65,25.65,25.65,2100,0
2015-02-09,18:35:00,25.65,25.65,25.65,25.65,400,0
2015-02-09,18:40:00,25.67,25.67,25.67,25.67,456,0
2015-02-09,18:50:00,25.68,25.68,25.68,25.68,315,0
2015-02-09,19:25:00,25.68,25.68,25.68,25.68,2100,0
2015-02-09,19:45:00,25.67,25.68,25.67,25.67,834,0
2015-02-09,20:05:00,25.66,25.66,25.66,25.66,700,0
2015-02-09,20:30:00,25.65,25.65,25.65,25.65,900,0
2015-02-09,20:35:00,25.66,25.66,25.65,25.66,3950,0
2015-02-09,20:55:00,25.65,25.65,25.65,25.65,300,0
2015-02-09,21:05:00,25.66,25.66,25.66,25.66,1200,0
2015-02-09,21:10:00,25.65,25.65,25.65,25.65,300,0
2015-02-09,21:15:00,25.65,25.66,25.65,25.66,1181,0
2015-02-09,21:20:00,25.65,25.65,25.65,25.65,600,0
2015-02-09,21:45:00,25.66,25.66,25.66,25.66,1787,0
2015-02-09,21:50:00,25.69,25.69,25.69,25.69,500,0
2015-02-09,21:55:00,25.66,25.68,25.66,25.68,1100,0
2015-02-09,22:00:00,25.65,25.7,25.65,25.7,1700,0
2015-02-10,15:40:00,25.66,25.66,25.66,25.66,100,0
2015-02-10,15:50:00,25.69,25.69,25.69,25.69,195,0
2015-02-10,15:55:00,25.69,25.69,25.69,25.69,2200,0
2015-02-10,16:05:00,25.69,25.7,25.69,25.69,1020,0
2015-02-10,16:10:00,25.69,25.69,25.69,25.69,100,0
2015-02-10,16:15:00,25.7,25.7,25.69,25.69,1104,0
2015-02-10,16:20:00,25.7,25.7,25.7,25.7,1629,0
2015-02-10,16:30:00,25.7,25.7,25.7,25.7,1729,0
2015-02-10,16:35:00,25.7,25.7,25.69,25.69,710,0
2015-02-10,16:45:00,25.69,25.69,25.69,25.69,1251,0
2015-02-10,16:50:00,25.69,25.69,25.69,25.69,2100,0
2015-02-10,16:55:00,25.68,25.68,25.64,25.64,1440,0
2015-02-10,17:15:00,25.69,25.7,25.68,25.7,1872,0
2015-02-10,17:20:00,25.69,25.69,25.69,25.69,2000,0
2015-02-10,17:40:00,25.65,25.65,25.65,25.65,276,0
2015-02-10,18:00:00,25.7,25.7,25.7,25.7,4476,0
2015-02-10,18:30:00,25.7,25.84,25.7,25.84,10634,0
2015-02-10,18:35:00,25.79,25.81,25.73,25.73,2900,0
2015-02-10,19:25:00,25.77,25.77,25.77,25.77,100,0
2015-02-10,19:35:00,25.77,25.77,25.77,25.77,700,0
2015-02-10,19:40:00,25.78,25.78,25.77,25.77,519,0
2015-02-10,19:50:00,25.78,25.78,25.78,25.78,765,0
2015-02-10,20:10:00,25.72,25.74,25.72,25.74,8634,0
2015-02-10,20:25:00,25.77,25.77,25.77,25.77,1000,0
2015-02-10,20:35:00,25.8,25.8,25.8,25.8,2443,0
2015-02-10,20:40:00,25.8,25.8,25.8,25.8,952,0
2015-02-10,20:50:00,25.77,25.77,25.76,25.76,29638,0
2015-02-10,21:05:00,25.76,25.78,25.76,25.78,2253,0
2015-02-10,21:15:00,25.76,25.76,25.75,25.75,1691,0
2015-02-10,21:20:00,25.75,25.75,25.75,25.75,1000,0
2015-02-10,21:25:00,25.75,25.75,25.75,25.75,645,0
2015-02-10,21:30:00,25.75,25.75,25.73,25.73,1000,0
2015-02-10,21:35:00,25.75,25.75,25.75,25.75,720,0
2015-02-10,21:45:00,25.73,25.73,25.73,25.73,2100,0
2015-02-10,21:55:00,25.74,25.75,25.74,25.75,200,0
2015-02-10,22:00:00,25.74,25.74,25.74,25.74,400,0
2015-02-11,15:35:00,25.76,25.76,25.76,25.76,292,0
2015-02-11,15:40:00,25.72,25.72,25.7,25.7,1100,0
2015-02-11,15:55:00,25.75,25.75,25.74,25.74,300,0
2015-02-11,16:05:00,25.72,25.72,25.72,25.72,500,0
2015-02-11,16:15:00,25.7,25.72,25.65,25.72,3392,0
2015-02-11,16:25:00,25.72,25.72,25.72,25.72,100,0
2015-02-11,16:30:00,25.72,25.72,25.72,25.72,692,0
2015-02-11,16:35:00,25.72,25.72,25.72,25.72,300,0
2015-02-11,16:45:00,25.71,25.73,25.71,25.73,575,0
2015-02-11,16:55:00,25.72,25.72,25.72,25.72,200,0
2015-02-11,17:00:00,25.73,25.73,25.73,25.73,151,0
2015-02-11,17:05:00,25.72,25.72,25.72,25.72,300,0
2015-02-11,17:20:00,25.7,25.7,25.7,25.7,200,0
2015-02-11,17:40:00,25.72,25.73,25.72,25.73,3835,0
2015-02-11,17:45:00,25.73,25.74,25.73,25.74,800,0
2015-02-11,17:55:00,25.73,25.76,25.73,25.76,1184,0
2015-02-11,18:00:00,25.74,25.74,25.73,25.74,1399,0
2015-02-11,18:10:00,25.74,25.75,25.74,25.75,850,0
2015-02-11,18:15:00,25.73,25.76,25.73,25.75,2600,0
2015-02-11,18:25:00,25.77,25.78,25.77,25.78,1000,0
2015-02-11,18:30:00,25.78,25.78,25.77,25.77,500,0
2015-02-11,18:35:00,25.78,25.78,25.78,25.78,740,0
2015-02-11,18:50:00,25.76,25.76,25.76,25.76,516,0
2015-02-11,19:00:00,25.75,25.75,25.75,25.75,350,0
2015-02-11,19:10:00,25.76,25.78,25.76,25.78,209,0
2015-02-11,19:15:00,25.77,25.77,25.77,25.77,385,0
2015-02-11,19:20:00,25.77,25.77,25.77,25.77,600,0
2015-02-11,19:30:00,25.78,25.78,25.78,25.78,600,0
2015-02-11,19:35:00,25.77,25.77,25.77,25.77,500,0
2015-02-11,19:40:00,25.78,25.78,25.78,25.78,300,0
2015-02-11,19:45:00,25.79,25.79,25.79,25.79,2400,0
2015-02-11,19:50:00,25.76,25.77,25.76,25.77,1307,0
2015-02-11,20:00:00,25.76,25.76,25.76,25.76,1393,0
2015-02-11,20:15:00,25.79,25.79,25.75,25.79,1800,0
2015-02-11,20:20:00,25.78,25.78,25.76,25.76,958,0
2015-02-11,20:25:00,25.75,25.75,25.72,25.73,6400,0
2015-02-11,20:40:00,25.78,25.78,25.78,25.78,400,0
2015-02-11,20:45:00,25.79,25.79,25.79,25.79,3620,0
2015-02-11,21:00:00,25.77,25.77,25.77,25.77,200,0
2015-02-11,21:05:00,25.78,25.78,25.78,25.78,800,0
2015-02-11,21:20:00,25.75,25.75,25.75,25.75,200,0
2015-02-11,21:25:00,25.79,25.79,25.73,25.73,562,0
2015-02-11,21:30:00,25.79,25.79,25.79,25.79,818,0
2015-02-11,21:35:00,25.79,25.79,25.79,25.79,200,0
2015-02-11,21:40:00,25.79,25.79,25.79,25.79,1962,0
2015-02-11,21:50:00,25.79,25.79,25.79,25.79,2340,0
2015-02-11,21:55:00,25.78,25.78,25.78,25.78,306,0
2015-02-11,22:00:00,25.79,25.79,25.78,25.78,580,0
2015-02-12,15:35:00,25.79,25.79,25.78,25.78,1478,0
2015-02-12,15:40:00,25.77,25.77,25.77,25.77,147,0
2015-02-12,15:45:00,25.79,25.79,25.78,25.79,656,0
2015-02-12,15:50:00,25.79,25.79,25.79,25.79,304,0
2015-02-12,15:55:00,25.79,25.79,25.79,25.79,341,0
2015-02-12,16:00:00,25.79,25.79,25.79,25.79,500,0
2015-02-12,16:05:00,25.79,25.79,25.79,25.79,500,0
2015-02-12,16:10:00,25.79,25.79,25.79,25.79,200,0
2015-02-12,16:15:00,25.79,25.79,25.79,25.79,100,0
2015-02-12,16:20:00,25.79,25.79,25.79,25.79,4500,0
2015-02-12,16:25:00,25.79,25.79,25.79,25.79,2015,0
2015-02-12,16:35:00,25.79,25.79,25.79,25.79,200,0
2015-02-12,16:40:00,25.79,25.79,25.79,25.79,200,0
2015-02-12,16:45:00,25.8,25.8,25.8,25.8,1005,0
2015-02-12,16:55:00,25.8,25.8,25.8,25.8,2752,0
2015-02-12,17:15:00,25.84,25.84,25.84,25.84,300,0
2015-02-12,17:20:00,25.86,25.86,25.83,25.83,1390,0
2015-02-12,17:25:00,25.85,25.85,25.85,25.85,965,0
2015-02-12,17:30:00,25.86,25.86,25.85,25.85,1200,0
2015-02-12,17:40:00,25.87,25.87,25.87,25.87,570,0
2015-02-12,18:00:00,25.86,25.86,25.79,25.79,3405,0
2015-02-12,18:05:00,25.8,25.8,25.78,25.8,4204,0
2015-02-12,18:20:00,25.82,25.82,25.82,25.82,227,0
2015-02-12,18:25:00,25.78,25.78,25.78,25.78,1500,0
2015-02-12,18:35:00,25.81,25.81,25.81,25.81,200,0
2015-02-12,18:50:00,25.82,25.86,25.82,25.86,2600,0
2015-02-12,19:10:00,25.86,25.86,25.86,25.86,455,0
2015-02-12,19:15:00,25.86,25.86,25.86,25.86,335,0
2015-02-12,19:20:00,25.86,25.86,25.86,25.86,200,0
2015-02-12,19:40:00,25.83,25.83,25.83,25.83,700,0
2015-02-12,20:00:00,25.86,25.86,25.86,25.86,150,0
2015-02-12,20:10:00,25.82,25.84,25.82,25.84,735,0
2015-02-12,20:15:00,25.87,25.87,25.87,25.87,1500,0
2015-02-12,20:30:00,25.85,25.87,25.85,25.87,700,0
2015-02-12,20:35:00,25.86,25.87,25.82,25.86,2250,0
2015-02-12,20:45:00,25.87,25.87,25.87,25.87,500,0
2015-02-12,21:00:00,25.87,25.87,25.87,25.87,1400,0
2015-02-12,21:05:00,25.87,25.87,25.87,25.87,900,0
2015-02-12,21:25:00,25.88,25.89,25.88,25.88,1447,0
2015-02-12,21:30:00,25.86,25.91,25.86,25.91,1440,0
2015-02-12,21:35:00,25.92,25.92,25.92,25.92,112,0
2015-02-12,21:40:00,25.9,25.9,25.9,25.9,700,0
2015-02-12,21:50:00,25.9,25.9,25.9,25.9,2688,0
2015-02-12,22:00:00,25.9,25.92,25.9,25.92,1410,0
2015-02-13,15:35:00,25.86,25.86,25.86,25.86,472,0
2015-02-13,15:45:00,25.86,25.86,25.86,25.86,450,0
2015-02-13,15:50:00,25.87,25.87,25.87,25.87,616,0
2015-02-13,16:00:00,25.85,25.85,25.85,25.85,300,0
2015-02-13,16:05:00,25.85,25.85,25.85,25.85,200,0
2015-02-13,16:10:00,25.85,25.85,25.85,25.85,4000,0
2015-02-13,16:25:00,25.85,25.85,25.83,25.83,1900,0
2015-02-13,16:35:00,25.9,25.91,25.9,25.91,360,0
2015-02-13,16:40:00,25.92,25.92,25.92,25.92,100,0
2015-02-13,16:55:00,25.92,25.92,25.92,25.92,100,0
2015-02-13,17:05:00,25.92,25.92,25.91,25.91,1062,0
2015-02-13,17:10:00,25.88,25.88,25.88,25.88,1000,0
2015-02-13,17:15:00,25.88,25.88,25.88,25.88,1500,0
2015-02-13,17:20:00,25.89,25.91,25.89,25.91,1080,0
2015-02-13,17:30:00,25.92,25.92,25.92,25.92,1000,0
2015-02-13,17:40:00,25.9,25.92,25.9,25.92,1000,0
2015-02-13,17:45:00,25.9,25.92,25.9,25.92,600,0
2015-02-13,17:50:00,25.92,25.92,25.92,25.92,100,0
2015-02-13,17:55:00,25.92,25.92,25.92,25.92,1100,0
2015-02-13,18:10:00,25.9,25.92,25.9,25.92,1275,0
2015-02-13,18:15:00,25.92,25.92,25.9,25.9,1064,0
2015-02-13,18:20:00,25.89,25.89,25.86,25.86,7050,0
2015-02-13,18:30:00,25.89,25.89,25.89,25.89,200,0
2015-02-13,18:35:00,25.92,25.92,25.91,25.91,500,0
2015-02-13,18:40:00,25.89,25.89,25.89,25.89,100,0
2015-02-13,18:45:00,25.89,25.92,25.88,25.92,1065,0
2015-02-13,18:50:00,25.92,25.92,25.91,25.91,1450,0
2015-02-13,19:00:00,25.92,25.92,25.92,25.92,326,0
2015-02-13,19:10:00,25.92,25.92,25.92,25.92,400,0
2015-02-13,19:20:00,25.92,25.92,25.92,25.92,500,0
2015-02-13,19:40:00,25.92,25.92,25.92,25.92,100,0
2015-02-13,19:45:00,25.92,25.92,25.92,25.92,100,0
2015-02-13,20:00:00,25.89,25.89,25.86,25.86,1273,0
2015-02-13,20:25:00,25.92,25.93,25.92,25.93,600,0
2015-02-13,20:30:00,25.93,25.93,25.93,25.93,1000,0
2015-02-13,20:45:00,25.94,25.94,25.93,25.94,1100,0
2015-02-13,21:20:00,25.93,25.93,25.93,25.93,100,0
2015-02-13,21:25:00,25.89,25.89,25.89,25.89,8000,0
2015-02-13,21:30:00,25.94,25.94,25.94,25.94,1264,0
2015-02-13,21:50:00,25.94,25.94,25.94,25.94,419,0
2015-02-13,21:55:00,25.94,25.94,25.94,25.94,304,0
2015-02-13,22:00:00,25.93,25.95,25.89,25.95,1597,0
2015-02-17,15:35:00,25.91,25.91,25.91,25.91,1386,0
2015-02-17,15:40:00,25.94,25.95,25.94,25.95,400,0
2015-02-17,15:55:00,25.93,25.93,25.93,25.93,200,0
2015-02-17,16:05:00,25.91,25.91,25.91,25.91,2000,0
2015-02-17,16:15:00,25.92,25.95,25.92,25.95,1100,0
2015-02-17,16:35:00,25.94,25.95,25.91,25.91,1576,0
2015-02-17,16:45:00,25.94,25.96,25.92,25.96,6900,0
2015-02-17,16:50:00,25.95,25.95,25.91,25.95,1900,0
2015-02-17,17:05:00,25.92,25.92,25.92,25.92,500,0
2015-02-17,17:15:00,25.95,25.95,25.95,25.95,300,0
2015-02-17,17:30:00,25.95,25.95,25.94,25.94,1614,0
2015-02-17,17:45:00,25.94,25.94,25.94,25.94,528,0
2015-02-17,17:50:00,25.94,25.94,25.91,25.92,1454,0
2015-02-17,17:55:00,25.93,25.95,25.93,25.95,868,0
2015-02-17,18:10:00,25.94,25.95,25.94,25.94,3000,0
2015-02-17,18:20:00,25.94,25.94,25.91,25.94,1549,0
2015-02-17,18:25:00,25.93,25.93,25.93,25.93,200,0
2015-02-17,18:35:00,25.94,25.94,25.94,25.94,760,0
2015-02-17,18:45:00,25.94,25.95,25.9,25.9,4534,0
2015-02-17,19:00:00,25.93,25.93,25.93,25.93,200,0
2015-02-17,19:10:00,25.92,25.92,25.92,25.92,600,0
2015-02-17,19:15:00,25.9,25.9,25.9,25.9,400,0
2015-02-17,19:25:00,25.91,25.91,25.9,25.9,625,0
2015-02-17,19:40:00,25.89,25.89,25.89,25.89,800,0
2015-02-17,19:45:00,25.93,25.93,25.93,25.93,568,0
2015-02-17,19:50:00,25.93,25.93,25.93,25.93,380,0
2015-02-17,19:55:00,25.88,25.88,25.88,25.88,400,0
2015-02-17,20:00:00,25.88,25.89,25.88,25.89,350,0
2015-02-17,20:10:00,25.88,25.88,25.87,25.87,400,0
2015-02-17,20:15:00,25.86,25.88,25.85,25.88,1420,0
2015-02-17,20:20:00,25.86,25.87,25.86,25.87,1600,0
2015-02-17,20:25:00,25.86,25.87,25.86,25.87,1255,0
2015-02-17,20:30:00,25.87,25.87,25.85,25.85,1214,0
2015-02-17,20:35:00,25.87,25.87,25.87,25.87,1200,0
2015-02-17,20:50:00,25.85,25.85,25.85,25.85,1200,0
2015-02-17,21:10:00,25.85,25.85,25.85,25.85,978,0
2015-02-17,21:15:00,25.86,25.86,25.86,25.86,819,0
2015-02-17,21:25:00,25.86,25.87,25.84,25.84,1939,0
2015-02-17,21:35:00,25.82,25.82,25.82,25.82,1500,0
2015-02-17,22:00:00,25.82,25.85,25.82,25.85,500,0
2015-02-18,15:35:00,25.81,25.83,25.81,25.83,800,0
2015-02-18,15:45:00,25.77,25.77,25.77,25.77,400,0
2015-02-18,15:50:00,25.77,25.77,25.77,25.77,200,0
2015-02-18,15:55:00,25.77,25.77,25.67,25.7,2700,0
2015-02-18,16:05:00,25.66,25.66,25.66,25.66,500,0
2015-02-18,16:10:00,25.7,25.7,25.63,25.63,400,0
2015-02-18,16:15:00,25.69,25.69,25.68,25.69,600,0
2015-02-18,16:20:00,25.69,25.77,25.64,25.76,4355,0
2015-02-18,16:35:00,25.72,25.72,25.72,25.72,400,0
2015-02-18,16:40:00,25.72,25.72,25.72,25.72,200,0
2015-02-18,16:45:00,25.72,25.73,25.62,25.73,2500,0
2015-02-18,16:55:00,25.65,25.73,25.65,25.73,632,0
2015-02-18,17:00:00,25.62,25.62,25.61,25.61,700,0
2015-02-18,17:15:00,25.65,25.66,25.65,25.66,300,0
2015-02-18,17:20:00,25.66,25.66,25.63,25.65,1400,0
2015-02-18,17:25:00,25.65,25.66,25.63,25.63,2000,0
2015-02-18,17:40:00,25.66,25.66,25.64,25.64,500,0
2015-02-18,17:45:00,25.63,25.63,25.6,25.63,1500,0
2015-02-18,17:50:00,25.6,25.62,25.6,25.62,2900,0
2015-02-18,18:05:00,25.61,25.61,25.61,25.61,400,0
2015-02-18,18:15:00,25.61,25.67,25.61,25.67,2166,0
2015-02-18,18:20:00,25.66,25.66,25.66,25.66,300,0
2015-02-18,18:25:00,25.63,25.63,25.63,25.63,169,0
2015-02-18,18:30:00,25.63,25.66,25.63,25.66,700,0
2015-02-18,18:35:00,25.66,25.66,25.66,25.66,100,0
2015-02-18,18:40:00,25.67,25.67,25.67,25.67,472,0
2015-02-18,18:50:00,25.67,25.67,25.64,25.64,720,0
2015-02-18,18:55:00,25.64,25.65,25.64,25.65,1900,0
2015-02-18,19:00:00,25.64,25.64,25.64,25.64,390,0
2015-02-18,19:05:00,25.64,25.64,25.64,25.64,1600,0
2015-02-18,19:10:00,25.64,25.68,25.64,25.68,7500,0
2015-02-18,19:20:00,25.67,25.67,25.67,25.67,208,0
2015-02-18,19:25:00,25.64,25.64,25.6,25.6,1696,0
2015-02-18,19:35:00,25.66,25.66,25.66,25.66,1250,0
2015-02-18,19:50:00,25.66,25.66,25.62,25.62,670,0
2015-02-18,20:00:00,25.62,25.62,25.56,25.56,3016,0
2015-02-18,20:05:00,25.63,25.65,25.63,25.65,1475,0
2015-02-18,20:10:00,25.65,25.7,25.65,25.7,1400,0
2015-02-18,20:20:00,25.7,25.7,25.7,25.7,300,0
2015-02-18,20:25:00,25.72,25.73,25.72,25.73,1130,0
2015-02-18,20:30:00,25.74,25.74,25.74,25.74,800,0
2015-02-18,20:45:00,25.7,25.7,25.7,25.7,3550,0
2015-02-18,21:00:00,25.72,25.72,25.7,25.7,507,0
2015-02-18,21:10:00,25.74,25.74,25.74,25.74,1200,0
2015-02-18,21:25:00,25.7,25.7,25.7,25.7,300,0
2015-02-18,21:35:00,25.7,25.7,25.7,25.7,200,0
2015-02-18,21:40:00,25.71,25.72,25.71,25.71,500,0
2015-02-18,21:45:00,25.72,25.72,25.72,25.72,200,0
2015-02-18,21:50:00,25.7,25.7,25.65,25.65,3581,0
2015-02-18,21:55:00,25.66,25.66,25.66,25.66,100,0
2015-02-18,22:00:00,25.66,25.68,25.66,25.66,1152,0
2015-02-19,15:35:00,25.6,25.6,25.6,25.6,144,0
2015-02-19,15:45:00,25.63,25.63,25.63,25.63,500,0
2015-02-19,15:55:00,25.67,25.67,25.67,25.67,100,0
2015-02-19,16:00:00,25.66,25.66,25.66,25.66,500,0
2015-02-19,16:30:00,25.67,25.67,25.63,25.67,1200,0
2015-02-19,16:35:00,25.63,25.63,25.63,25.63,400,0
2015-02-19,16:40:00,25.67,25.67,25.67,25.67,2600,0
2015-02-19,16:45:00,25.66,25.75,25.66,25.74,3190,0
2015-02-19,16:55:00,25.76,25.76,25.76,25.76,200,0
2015-02-19,17:00:00,25.73,25.73,25.73,25.73,290,0
2015-02-19,17:05:00,25.75,25.75,25.75,25.75,300,0
2015-02-19,17:20:00,25.76,25.78,25.76,25.77,3770,0
2015-02-19,17:40:00,25.78,25.78,25.77,25.77,1000,0
2015-02-19,17:45:00,25.78,25.78,25.78,25.78,435,0
2015-02-19,18:05:00,25.78,25.78,25.76,25.76,750,0
2015-02-19,18:10:00,25.78,25.78,25.78,25.78,660,0
2015-02-19,18:35:00,25.77,25.77,25.77,25.77,100,0
2015-02-19,18:40:00,25.76,25.78,25.76,25.78,2800,0
2015-02-19,19:05:00,25.73,25.73,25.73,25.73,102,0
2015-02-19,19:15:00,25.77,25.77,25.75,25.75,2112,0
2015-02-19,19:20:00,25.74,25.74,25.74,25.74,400,0
2015-02-19,19:25:00,25.75,25.75,25.75,25.75,1600,0
2015-02-19,20:00:00,25.75,25.75,25.75,25.75,300,0
2015-02-19,20:10:00,25.74,25.74,25.74,25.74,408,0
2015-02-19,20:35:00,25.73,25.73,25.73,25.73,1632,0
2015-02-19,21:15:00,25.73,25.73,25.73,25.73,300,0
2015-02-19,21:20:00,25.74,25.74,25.74,25.74,100,0
2015-02-19,21:25:00,25.78,25.78,25.78,25.78,300,0
2015-02-19,21:30:00,25.78,25.78,25.78,25.78,145,0
2015-02-19,21:35:00,25.76,25.76,25.76,25.76,200,0
2015-02-19,21:40:00,25.79,25.79,25.79,25.79,100,0
2015-02-19,21:45:00,25.78,25.79,25.78,25.79,1900,0
2015-02-19,21:50:00,25.78,25.78,25.77,25.77,1376,0
2015-02-19,22:00:00,25.79,25.8,25.79,25.8,1009,0
2015-02-20,15:55:00,25.74,25.74,25.74,25.74,200,0
2015-02-20,16:00:00,25.75,25.76,25.75,25.76,400,0
2015-02-20,16:10:00,25.78,25.8,25.78,25.79,1100,0
2015-02-20,16:20:00,25.8,25.8,25.8,25.8,300,0
2015-02-20,16:25:00,25.82,25.82,25.82,25.82,168,0
2015-02-20,16:30:00,25.84,25.84,25.84,25.84,100,0
2015-02-20,16:35:00,25.86,25.86,25.86,25.86,307,0
2015-02-20,16:40:00,25.86,25.86,25.86,25.86,300,0
2015-02-20,16:45:00,25.82,25.82,25.82,25.82,8000,0
2015-02-20,17:00:00,25.82,25.82,25.82,25.82,600,0
2015-02-20,17:20:00,25.84,25.85,25.84,25.85,400,0
2015-02-20,17:25:00,25.85,25.85,25.85,25.85,200,0
2015-02-20,17:35:00,25.86,25.86,25.86,25.86,500,0
2015-02-20,18:00:00,25.9,25.9,25.9,25.9,300,0
2015-02-20,18:15:00,25.86,25.86,25.86,25.86,900,0
2015-02-20,18:25:00,25.86,25.89,25.86,25.89,3028,0
2015-02-20,18:40:00,25.9,25.9,25.88,25.88,1000,0
2015-02-20,19:05:00,25.86,25.89,25.86,25.89,1025,0
2015-02-20,19:20:00,25.86,25.86,25.86,25.86,200,0
2015-02-20,19:30:00,25.86,25.89,25.84,25.84,1467,0
2015-02-20,19:35:00,25.89,25.9,25.89,25.89,1025,0
2015-02-20,19:50:00,25.85,25.87,25.85,25.87,400,0
2015-02-20,19:55:00,25.88,25.88,25.88,25.88,300,0
2015-02-20,20:05:00,25.89,25.89,25.89,25.89,870,0
2015-02-20,20:20:00,25.89,25.89,25.89,25.89,300,0
2015-02-20,20:25:00,25.87,25.87,25.87,25.87,228,0
2015-02-20,20:35:00,25.89,25.9,25.89,25.9,1510,0
2015-02-20,20:45:00,25.88,25.9,25.88,25.9,2475,0
2015-02-20,21:00:00,25.86,25.86,25.86,25.86,1650,0
2015-02-20,21:05:00,25.89,25.89,25.84,25.87,3330,0
2015-02-20,21:10:00,25.86,25.86,25.84,25.85,2280,0
2015-02-20,21:25:00,25.87,25.87,25.84,25.84,3381,0
2015-02-20,21:45:00,25.84,25.84,25.84,25.84,1200,0
2015-02-20,22:00:00,25.84,25.84,25.84,25.84,400,0
2015-02-23,15:35:00,25.91,25.91,25.91,25.91,1068,0
2015-02-23,15:50:00,25.87,25.87,25.87,25.87,300,0
2015-02-23,16:00:00,25.89,25.89,25.89,25.89,100,0
2015-02-23,16:20:00,25.83,25.83,25.83,25.83,500,0
2015-02-23,16:30:00,25.88,25.88,25.88,25.88,130,0
2015-02-23,16:35:00,25.86,25.86,25.86,25.86,2695,0
2015-02-23,17:20:00,25.88,25.88,25.88,25.88,145,0
2015-02-23,17:30:00,25.88,25.88,25.88,25.88,300,0
2015-02-23,17:35:00,25.86,25.92,25.86,25.92,1200,0
2015-02-23,17:45:00,25.9,25.92,25.9,25.92,1100,0
2015-02-23,17:55:00,25.9,25.9,25.85,25.85,3307,0
2015-02-23,18:15:00,25.88,25.88,25.82,25.82,4740,0
2015-02-23,18:35:00,25.88,25.88,25.88,25.88,652,0
2015-02-23,18:50:00,25.88,25.88,25.88,25.88,362,0
2015-02-23,18:55:00,25.86,25.86,25.86,25.86,450,0
2015-02-23,19:05:00,25.88,25.88,25.88,25.88,1120,0
2015-02-23,19:20:00,25.87,25.87,25.87,25.87,228,0
2015-02-23,19:25:00,25.85,25.85,25.85,25.85,1184,0
2015-02-23,19:55:00,25.84,25.85,25.84,25.85,600,0
2015-02-23,20:00:00,25.84,25.84,25.82,25.82,3923,0
2015-02-23,20:20:00,25.79,25.79,25.79,25.79,1395,0
2015-02-23,20:30:00,25.78,25.88,25.78,25.88,1820,0
2015-02-23,20:50:00,25.85,25.85,25.85,25.85,2500,0
2015-02-23,20:55:00,25.85,25.86,25.85,25.86,800,0
2015-02-23,21:00:00,25.87,25.87,25.87,25.87,290,0
2015-02-23,21:10:00,25.82,25.82,25.82,25.82,1612,0
2015-02-23,21:15:00,25.85,25.85,25.78,25.83,1550,0
2015-02-23,21:25:00,25.83,25.83,25.83,25.83,365,0
2015-02-23,21:30:00,25.77,25.79,25.77,25.79,1900,0
2015-02-23,21:35:00,25.84,25.85,25.84,25.85,5590,0
2015-02-23,22:00:00,25.85,25.85,25.83,25.83,660,0
