Date,Time,Open,High,Low,Close,Volume,OpenInt
2014-12-17,21:45:00,22.56,22.56,22.55,22.55,816,0
2014-12-17,21:50:00,22.509,22.509,22.509,22.509,103,0
2014-12-17,21:55:00,22.509,22.549,22.509,22.509,1287,0
2014-12-18,15:50:00,23,23,22.951,22.951,950,0
2014-12-18,16:35:00,22.951,22.951,22.951,22.951,306,0
2014-12-18,17:45:00,22.951,22.951,22.912,22.912,816,0
2014-12-18,18:50:00,22.804,22.804,22.804,22.804,145,0
2014-12-18,19:20:00,22.813,22.813,22.804,22.804,306,0
2014-12-18,19:40:00,22.853,22.853,22.853,22.853,320,0
2014-12-18,20:00:00,22.853,22.853,22.853,22.853,428,0
2014-12-18,20:20:00,22.902,22.902,22.902,22.902,133,0
2014-12-18,20:25:00,22.902,22.902,22.902,22.902,816,0
2014-12-18,21:00:00,22.902,22.902,22.686,22.686,918,0
2014-12-19,16:05:00,22.853,23,22.853,23,1529,0
2014-12-19,16:50:00,22.813,22.813,22.813,22.813,224,0
2014-12-19,16:55:00,22.813,22.813,22.813,22.813,224,0
2014-12-19,17:25:00,22.813,22.813,22.813,22.813,897,0
2014-12-19,19:00:00,22.784,22.784,22.784,22.784,220,0
2014-12-19,19:35:00,22.804,22.804,22.715,22.804,2220,0
2014-12-19,19:55:00,22.784,22.784,22.784,22.784,204,0
2014-12-19,20:00:00,22.804,22.804,22.794,22.804,1861,0
2014-12-19,20:05:00,22.804,22.804,22.804,22.804,102,0
2014-12-19,20:10:00,22.804,22.804,22.804,22.804,510,0
2014-12-19,20:20:00,22.804,22.804,22.804,22.804,408,0
2014-12-19,20:30:00,22.804,22.804,22.804,22.804,1733,0
2014-12-19,20:40:00,22.804,22.804,22.794,22.794,1815,0
2014-12-19,20:45:00,22.804,22.804,22.804,22.804,1095,0
2014-12-19,20:50:00,22.804,22.804,22.804,22.804,127,0
2014-12-19,20:55:00,22.755,22.755,22.755,22.755,612,0
2014-12-19,21:00:00,22.804,22.804,22.804,22.804,816,0
2014-12-19,21:05:00,22.794,22.794,22.794,22.794,742,0
2014-12-19,21:10:00,22.804,22.804,22.755,22.755,1389,0
2014-12-19,21:15:00,22.706,22.804,22.706,22.804,3493,0
2014-12-19,21:25:00,22.755,22.755,22.755,22.755,4078,0
2014-12-19,21:45:00,22.804,22.804,22.804,22.804,1347,0
2014-12-19,21:55:00,22.804,22.804,22.804,22.804,2010,0
2014-12-19,22:00:00,22.804,22.804,22.804,22.804,459,0
2014-12-22,15:40:00,23.049,23.049,23.049,23.049,714,0
2014-12-22,15:45:00,23.049,23.049,23.049,23.049,204,0
2014-12-22,15:50:00,23.049,23.049,23.049,23.049,510,0
2014-12-22,16:10:00,22.912,22.912,22.804,22.804,3059,0
2014-12-22,16:30:00,22.755,22.755,22.755,22.755,510,0
2014-12-22,16:40:00,22.755,22.804,22.755,22.804,612,0
2014-12-22,16:50:00,22.804,22.804,22.804,22.804,102,0
2014-12-22,16:55:00,22.804,22.804,22.804,22.804,2957,0
2014-12-22,17:05:00,22.862,22.862,22.862,22.862,1733,0
2014-12-22,17:50:00,22.97,22.97,22.97,22.97,204,0
2014-12-22,18:15:00,23.314,23.314,22.97,22.97,816,0
2014-12-22,19:20:00,23.294,23.294,23.294,23.294,612,0
2014-12-22,19:40:00,23.049,23.049,23.049,23.049,765,0
2014-12-22,19:45:00,23.049,23.049,23.049,23.049,1122,0
2014-12-22,19:55:00,22.941,22.941,22.941,22.941,1223,0
2014-12-22,20:20:00,22.902,22.902,22.706,22.706,4423,0
2014-12-22,21:50:00,22.951,22.951,22.951,22.951,204,0
2014-12-22,21:55:00,22.843,22.843,22.843,22.843,306,0
2014-12-23,15:35:00,22.794,22.794,22.558,22.558,2171,0
2014-12-23,16:00:00,22.558,22.558,22.558,22.558,316,0
2014-12-23,16:30:00,22.558,22.558,22.558,22.558,408,0
2014-12-23,16:35:00,22.578,22.578,22.558,22.558,2447,0
2014-12-23,17:15:00,22.558,22.558,22.558,22.558,510,0
2014-12-23,17:55:00,22.558,22.558,22.509,22.509,714,0
2014-12-23,18:05:00,22.549,22.549,22.549,22.549,204,0
2014-12-23,18:10:00,22.568,22.568,22.568,22.568,102,0
2014-12-23,18:15:00,22.558,22.568,22.558,22.568,408,0
2014-12-23,18:20:00,22.568,22.656,22.568,22.568,4507,0
2014-12-23,18:25:00,22.568,22.568,22.568,22.568,2440,0
2014-12-23,18:35:00,22.607,22.607,22.558,22.607,3874,0
2014-12-23,18:50:00,22.607,22.607,22.607,22.607,322,0
2014-12-23,19:15:00,22.804,22.804,22.804,22.804,102,0
2014-12-23,19:30:00,22.539,22.588,22.539,22.588,1305,0
2014-12-23,19:55:00,22.656,22.656,22.656,22.656,714,0
2014-12-23,20:10:00,22.627,22.627,22.627,22.627,1438,0
2014-12-23,20:20:00,22.558,22.774,22.46,22.509,11668,0
2014-12-23,20:25:00,22.47,22.47,22.088,22.088,9051,0
2014-12-23,20:30:00,22.558,22.558,22.313,22.313,612,0
2014-12-23,20:55:00,22.313,22.558,22.313,22.558,610,0
2014-12-23,21:10:00,22.205,22.205,22.205,22.205,102,0
2014-12-23,21:15:00,22.196,22.196,22.196,22.196,102,0
2014-12-23,21:20:00,22.215,22.558,22.215,22.558,1073,0
2014-12-23,21:30:00,22.215,22.215,22.215,22.215,102,0
2014-12-23,21:35:00,22.225,22.558,22.225,22.558,1122,0
2014-12-23,21:40:00,22.245,22.245,22.245,22.245,102,0
2014-12-23,21:45:00,22.264,22.264,22.264,22.264,816,0
2014-12-23,21:50:00,22.245,22.245,22.235,22.235,306,0
2014-12-23,22:00:00,22.509,22.509,22.215,22.215,2708,0
2014-12-24,15:45:00,22.264,22.264,22.264,22.264,714,0
2014-12-24,16:20:00,22.294,22.294,22.294,22.294,306,0
2014-12-24,16:35:00,22.284,22.284,22.284,22.284,204,0
2014-12-24,16:50:00,22.215,22.274,22.215,22.215,1692,0
2014-12-24,17:00:00,22.215,22.215,22.215,22.215,693,0
2014-12-24,17:05:00,22.215,22.215,22.215,22.215,2218,0
2014-12-24,18:15:00,22.264,22.313,22.264,22.313,510,0
2014-12-24,18:20:00,22.235,22.235,22.235,22.235,510,0
2014-12-26,15:45:00,22.264,22.264,22.264,22.264,408,0
2014-12-26,16:30:00,22.176,22.176,22.176,22.176,722,0
2014-12-26,16:40:00,22.176,22.176,22.176,22.176,204,0
2014-12-26,16:50:00,22.117,22.264,22.068,22.068,5492,0
2014-12-26,17:10:00,22.362,22.362,22.362,22.362,1325,0
2014-12-26,19:20:00,22.215,22.215,22.215,22.215,471,0
2014-12-26,20:35:00,22.186,22.186,22.186,22.186,1020,0
2014-12-26,20:40:00,22.088,22.088,22.068,22.068,612,0
2014-12-26,21:00:00,22.245,22.245,22.245,22.245,1020,0
2014-12-26,21:15:00,22.137,22.137,22.137,22.137,157,0
2014-12-26,21:20:00,22.068,22.068,22.068,22.068,612,0
2014-12-26,21:30:00,22.068,22.068,22.068,22.068,204,0
2014-12-26,21:45:00,22.176,22.176,22.176,22.176,102,0
2014-12-29,15:35:00,22.264,22.264,22.264,22.264,612,0
2014-12-29,16:00:00,22.313,22.313,22.313,22.313,1554,0
2014-12-29,19:00:00,22.333,22.333,22.333,22.333,2427,0
2014-12-29,19:05:00,22.343,22.401,22.343,22.401,408,0
2014-12-29,19:55:00,22.362,22.362,22.333,22.333,567,0
2014-12-29,20:00:00,22.333,22.333,22.333,22.333,612,0
2014-12-29,21:35:00,22.49,22.509,22.49,22.509,653,0
2014-12-29,21:50:00,22.509,22.509,22.509,22.509,918,0
2014-12-29,22:00:00,22.372,22.372,22.372,22.372,204,0
2014-12-30,15:50:00,22.813,22.813,22.813,22.813,612,0
2014-12-30,16:35:00,22.902,22.902,22.902,22.902,408,0
2014-12-30,17:10:00,22.951,22.951,22.951,22.951,3267,0
2014-12-30,18:05:00,22.656,22.656,22.656,22.656,204,0
2014-12-30,19:40:00,22.755,22.755,22.755,22.755,306,0
2014-12-30,20:15:00,22.549,22.549,22.549,22.549,2039,0
2014-12-30,20:55:00,22.509,22.509,22.509,22.509,879,0
2014-12-30,21:30:00,22.706,22.706,22.706,22.706,408,0
2014-12-30,21:50:00,22.558,22.558,22.558,22.558,1352,0
2014-12-31,15:35:00,22.558,22.558,22.558,22.558,204,0
2014-12-31,15:50:00,22.392,22.392,22.372,22.372,1465,0
2014-12-31,15:55:00,22.372,22.372,22.372,22.372,918,0
2014-12-31,16:00:00,22.313,22.313,22.313,22.313,1147,0
2014-12-31,16:45:00,22.264,22.264,22.264,22.264,102,0
2014-12-31,17:10:00,22.323,22.323,22.323,22.323,306,0
2014-12-31,17:30:00,22.372,22.421,22.372,22.421,674,0
2014-12-31,17:35:00,22.411,22.421,22.411,22.421,1137,0
2014-12-31,17:45:00,22.421,22.46,22.411,22.421,3976,0
2014-12-31,17:50:00,22.382,22.382,22.382,22.382,204,0
2014-12-31,17:55:00,22.46,22.46,22.343,22.343,1020,0
2014-12-31,18:00:00,22.47,22.47,22.47,22.47,204,0
2014-12-31,18:15:00,22.558,22.558,22.558,22.558,3305,0
2014-12-31,18:45:00,22.892,22.892,22.892,22.892,102,0
2014-12-31,18:50:00,22.46,22.46,22.46,22.46,6117,0
2014-12-31,19:00:00,22.892,22.892,22.892,22.892,816,0
2014-12-31,19:15:00,22.912,22.912,22.912,22.912,714,0
2014-12-31,20:45:00,22.558,22.558,22.558,22.558,1020,0
2014-12-31,21:55:00,22.755,22.755,22.755,22.755,1223,0
2014-12-31,22:00:00,22.656,22.656,22.656,22.656,102,0
2015-01-02,15:40:00,23.019,23.019,23.019,23.019,102,0
2015-01-02,16:20:00,22.921,22.921,22.921,22.921,510,0
2015-01-02,16:25:00,22.951,22.951,22.951,22.951,102,0
2015-01-02,17:50:00,23.029,23.029,22.872,22.872,1229,0
2015-01-02,17:55:00,22.853,22.853,22.853,22.853,1020,0
2015-01-02,18:50:00,23.029,23.029,22.99,23.029,2447,0
2015-01-02,19:05:00,22.872,22.872,22.872,22.872,1835,0
2015-01-02,19:45:00,23.029,23.029,23.029,23.029,1631,0
2015-01-02,20:55:00,23,23,22.961,22.961,7451,0
2015-01-02,21:25:00,23.019,23.019,23.019,23.019,510,0
2015-01-02,21:55:00,23.01,23.01,23.01,23.01,612,0
2015-01-05,15:55:00,22.833,22.833,22.833,22.833,102,0
2015-01-05,16:00:00,22.833,22.833,22.833,22.833,102,0
2015-01-05,16:25:00,22.853,22.853,22.823,22.823,714,0
2015-01-05,16:30:00,22.813,22.813,22.813,22.813,714,0
2015-01-05,17:40:00,22.902,22.902,22.902,22.902,918,0
2015-01-05,20:00:00,23.019,23.019,23.019,23.019,459,0
2015-01-05,20:05:00,23.049,23.049,23.049,23.049,663,0
2015-01-05,20:20:00,23.049,23.049,23.049,23.049,1325,0
2015-01-05,21:25:00,23.039,23.039,23.039,23.039,969,0
2015-01-05,21:35:00,23.039,23.039,23.039,23.039,408,0
2015-01-05,21:50:00,23.039,23.039,23.039,23.039,306,0
2015-01-05,22:00:00,23.049,23.049,23.049,23.049,204,0
2015-01-06,16:00:00,23.049,23.049,23.049,23.049,157,0
2015-01-06,16:20:00,23.049,23.049,23.049,23.049,628,0
2015-01-06,17:10:00,23.039,23.049,23.039,23.049,510,0
2015-01-06,17:15:00,23.049,23.049,23.049,23.049,433,0
2015-01-06,17:20:00,23.039,23.049,23.039,23.049,2248,0
2015-01-06,17:25:00,23,23,23,23,433,0
2015-01-06,17:50:00,23.049,23.049,23.039,23.039,306,0
2015-01-06,17:55:00,23.049,23.049,23.039,23.039,1325,0
2015-01-06,19:25:00,23.049,23.049,23.049,23.049,3250,0
2015-01-06,20:10:00,23.049,23.049,23.049,23.049,714,0
2015-01-06,21:05:00,23.049,23.049,23.049,23.049,331,0
2015-01-06,21:10:00,23.039,23.039,23.039,23.039,306,0
2015-01-06,21:15:00,23.039,23.039,23.039,23.039,697,0
2015-01-06,21:30:00,23.049,23.049,23.049,23.049,324,0
2015-01-06,21:50:00,23.049,23.049,23.049,23.049,544,0
2015-01-06,21:55:00,23.039,23.039,23.039,23.039,816,0
2015-01-07,15:35:00,23.078,23.078,23.078,23.078,102,0
2015-01-07,15:40:00,23.049,23.049,23.049,23.049,361,0
2015-01-07,15:55:00,22.912,23.049,22.912,23.049,3263,0
2015-01-07,17:00:00,23.049,23.539,23.039,23.039,6007,0
2015-01-07,17:10:00,23.049,23.049,23.049,23.049,306,0
2015-01-07,17:15:00,23.167,23.167,23.167,23.167,204,0
2015-01-07,17:55:00,23.167,23.167,23.167,23.167,204,0
2015-01-07,18:05:00,23.098,23.098,23.098,23.098,306,0
2015-01-07,18:15:00,23.167,23.167,23.167,23.167,408,0
2015-01-07,18:20:00,23.167,23.167,23.167,23.167,612,0
2015-01-07,18:25:00,23.167,23.167,23.167,23.167,204,0
2015-01-07,18:30:00,23.147,23.147,23.147,23.147,102,0
2015-01-07,18:40:00,23.147,23.147,23.147,23.147,1223,0
2015-01-07,18:55:00,23.147,23.147,23.147,23.147,102,0
2015-01-07,19:00:00,23.117,23.117,23.117,23.117,214,0
2015-01-07,19:25:00,23.147,23.147,23.127,23.127,1374,0
2015-01-07,19:45:00,23.147,23.147,23.147,23.147,918,0
2015-01-07,19:55:00,23.147,23.176,23.147,23.147,1733,0
2015-01-07,20:25:00,23.117,23.117,23.117,23.117,204,0
2015-01-07,20:55:00,23.137,23.137,23.137,23.137,306,0
2015-01-07,21:30:00,23.147,23.147,23.147,23.147,453,0
2015-01-07,21:55:00,23.147,23.147,23.137,23.147,714,0
2015-01-07,22:00:00,23.147,23.147,23.147,23.147,134,0
2015-01-08,16:05:00,23,23,23,23,281,0
2015-01-08,16:35:00,23.245,23.245,23.196,23.245,2141,0
2015-01-08,17:05:00,23.245,23.245,23.245,23.245,510,0
2015-01-08,17:25:00,23.235,23.235,23.235,23.235,816,0
2015-01-08,17:30:00,23.245,23.245,23.245,23.245,1020,0
2015-01-08,17:35:00,23.245,23.245,23.245,23.245,306,0
2015-01-08,17:40:00,23.235,23.245,23.235,23.245,1937,0
2015-01-08,18:05:00,23.245,23.245,23.245,23.245,612,0
2015-01-08,18:30:00,23.196,23.196,23.147,23.147,2016,0
2015-01-08,18:40:00,23.059,23.059,23.059,23.059,102,0
2015-01-08,19:05:00,23.235,23.255,23.235,23.245,1631,0
2015-01-08,19:10:00,23.245,23.245,23.245,23.245,816,0
2015-01-08,19:30:00,23.245,23.245,23.245,23.245,408,0
2015-01-08,19:55:00,23.245,23.245,23.245,23.245,502,0
2015-01-08,20:00:00,23.245,23.245,23.245,23.245,204,0
2015-01-08,20:05:00,23.245,23.245,23.245,23.245,306,0
2015-01-08,20:35:00,23.245,23.529,23.245,23.529,1835,0
2015-01-08,21:05:00,23.343,23.343,23.294,23.294,1011,0
2015-01-08,21:15:00,23.471,23.471,23.343,23.343,418,0
2015-01-08,21:35:00,23.343,23.343,23.333,23.343,530,0
2015-01-08,21:40:00,23.343,23.343,23.343,23.343,510,0
2015-01-08,21:45:00,23.343,23.343,23.343,23.343,408,0
2015-01-08,21:55:00,23.343,23.343,23.343,23.343,204,0
2015-01-08,22:00:00,23.343,23.343,23.343,23.343,571,0
2015-01-09,16:35:00,23.323,23.323,23.294,23.294,1346,0
2015-01-09,16:40:00,23.353,23.353,23.353,23.353,245,0
2015-01-09,17:10:00,23.529,23.529,23.529,23.529,1164,0
2015-01-09,17:30:00,23.392,23.392,23.392,23.392,816,0
2015-01-09,18:00:00,23.343,23.343,23.343,23.343,306,0
2015-01-09,18:10:00,23.314,23.314,23.314,23.314,326,0
2015-01-09,18:15:00,23.402,23.402,23.402,23.402,102,0
2015-01-09,18:45:00,23.402,23.402,23.402,23.402,2039,0
2015-01-09,18:55:00,23.402,23.402,23.402,23.402,204,0
2015-01-09,20:00:00,23.402,23.402,23.402,23.402,1223,0
2015-01-09,20:05:00,23.402,23.402,23.402,23.402,408,0
2015-01-09,20:10:00,23.402,23.402,23.402,23.402,1422,0
2015-01-09,20:30:00,23.402,23.402,23.402,23.402,1223,0
2015-01-09,20:50:00,23.402,23.402,23.402,23.402,408,0
2015-01-09,20:55:00,23.402,23.402,23.402,23.402,306,0
2015-01-09,21:00:00,23.402,23.422,23.402,23.402,3101,0
2015-01-09,21:05:00,23.402,23.402,23.402,23.402,408,0
2015-01-09,21:30:00,23.402,23.402,23.402,23.402,2549,0
2015-01-09,22:00:00,23.392,23.402,23.392,23.402,204,0
2015-01-12,18:00:00,23.402,23.402,23.402,23.402,218,0
2015-01-12,18:10:00,23.402,23.402,23.402,23.402,6525,0
2015-01-12,19:55:00,23.343,23.343,23.343,23.343,49169,0
2015-01-13,15:40:00,23.049,23.049,23.049,23.049,815,0
2015-01-13,15:55:00,23.068,23.068,23.068,23.068,510,0
2015-01-13,16:40:00,23.235,23.235,23.235,23.235,216,0
2015-01-13,16:50:00,23.245,23.245,23.245,23.245,1529,0
2015-01-13,17:15:00,23.117,23.127,23.117,23.127,306,0
2015-01-13,17:20:00,23.147,23.147,23.147,23.147,510,0
2015-01-13,18:30:00,23.117,23.117,23.117,23.117,464,0
2015-01-13,18:35:00,23.108,23.108,23.108,23.108,1116,0
2015-01-13,19:55:00,23.098,23.098,23.059,23.059,1698,0
2015-01-13,20:00:00,23.059,23.059,23.059,23.059,292,0
2015-01-13,20:10:00,23.049,23.049,23.049,23.049,306,0
2015-01-13,20:30:00,23,23,23,23,204,0
2015-01-13,20:40:00,23.117,23.117,23.117,23.117,179,0
2015-01-13,21:15:00,23.108,23.108,23.108,23.108,416,0
2015-01-13,21:35:00,23.049,23.049,23.049,23.049,156,0
2015-01-13,21:50:00,23.127,23.127,23.127,23.127,306,0
2015-01-13,21:55:00,23.049,23.049,23.049,23.049,204,0
2015-01-13,22:00:00,23.049,23.049,23.049,23.049,204,0
2015-01-14,16:00:00,23.01,23.01,23.01,23.01,204,0
2015-01-14,16:05:00,22.813,23.019,22.813,23.019,5608,0
2015-01-14,17:05:00,23,23,23,23,408,0
2015-01-14,17:15:00,23,23,23,23,510,0
2015-01-14,17:40:00,22.951,22.951,22.951,22.951,204,0
2015-01-14,17:45:00,23,23,23,23,102,0
2015-01-14,18:15:00,22.951,22.951,22.921,22.921,1152,0
2015-01-14,18:20:00,23,23,23,23,1864,0
2015-01-14,18:35:00,22.902,22.902,22.902,22.902,408,0
2015-01-14,19:15:00,22.892,22.892,22.892,22.892,102,0
2015-01-14,19:20:00,22.882,22.892,22.882,22.892,306,0
2015-01-14,19:40:00,22.882,22.882,22.882,22.882,102,0
2015-01-14,19:55:00,22.882,22.882,22.882,22.882,1529,0
2015-01-14,20:30:00,22.902,22.902,22.902,22.902,408,0
2015-01-14,20:55:00,22.882,22.882,22.853,22.853,2525,0
2015-01-14,21:00:00,22.804,22.804,22.558,22.558,3059,0
2015-01-14,21:05:00,22.666,22.666,22.607,22.607,510,0
2015-01-14,21:10:00,22.666,22.666,22.666,22.666,204,0
2015-01-14,21:15:00,22.676,22.676,22.676,22.676,204,0
2015-01-14,21:20:00,22.607,22.666,22.607,22.666,306,0
2015-01-14,21:25:00,22.676,22.676,22.676,22.676,102,0
2015-01-14,21:40:00,22.676,22.676,22.676,22.676,306,0
2015-01-14,21:50:00,22.676,22.676,22.676,22.676,306,0
2015-01-14,21:55:00,22.676,22.676,22.617,22.617,816,0
2015-01-14,22:00:00,22.666,22.666,22.578,22.578,1427,0
2015-01-15,16:00:00,22.656,22.656,22.558,22.558,389,0
2015-01-15,16:15:00,22.647,22.647,22.647,22.647,102,0
2015-01-15,16:25:00,22.647,22.647,22.647,22.647,102,0
2015-01-15,16:30:00,22.617,22.617,22.617,22.617,135,0
2015-01-15,16:35:00,22.647,22.656,22.647,22.656,510,0
2015-01-15,17:35:00,22.706,22.706,22.706,22.706,102,0
2015-01-15,17:45:00,22.706,22.706,22.706,22.706,204,0
2015-01-15,18:05:00,22.706,22.706,22.706,22.706,102,0
2015-01-15,18:35:00,22.706,22.706,22.706,22.706,102,0
2015-01-15,18:50:00,22.706,22.706,22.696,22.696,4282,0
2015-01-15,18:55:00,22.696,22.696,22.696,22.696,102,0
2015-01-15,19:10:00,22.696,22.696,22.696,22.696,714,0
2015-01-15,19:40:00,22.696,22.696,22.696,22.696,102,0
2015-01-15,19:45:00,22.696,22.696,22.696,22.696,1631,0
2015-01-15,20:15:00,22.696,22.696,22.696,22.696,408,0
2015-01-15,20:20:00,22.706,22.706,22.696,22.696,714,0
2015-01-15,20:25:00,22.686,22.686,22.686,22.686,408,0
2015-01-15,20:40:00,22.696,22.696,22.696,22.696,306,0
2015-01-15,20:50:00,22.706,22.706,22.706,22.706,612,0
2015-01-15,21:00:00,22.696,22.696,22.696,22.696,854,0
2015-01-15,21:05:00,22.706,22.706,22.706,22.706,1064,0
2015-01-15,21:25:00,22.715,22.715,22.715,22.715,102,0
2015-01-15,21:30:00,22.706,22.706,22.706,22.706,204,0
2015-01-15,21:35:00,22.706,22.706,22.706,22.706,102,0
2015-01-15,21:40:00,22.686,22.686,22.686,22.686,204,0
2015-01-15,21:45:00,22.706,22.706,22.706,22.706,408,0
2015-01-15,21:50:00,22.706,22.715,22.706,22.715,416,0
2015-01-15,22:00:00,22.706,22.706,22.706,22.706,1006,0
2015-01-16,16:15:00,22.745,22.745,22.745,22.745,204,0
2015-01-16,16:30:00,22.755,22.755,22.755,22.755,408,0
2015-01-16,17:10:00,22.755,22.755,22.725,22.725,607,0
2015-01-16,17:40:00,22.784,22.784,22.784,22.784,102,0
2015-01-16,17:50:00,22.784,22.784,22.784,22.784,408,0
2015-01-16,18:20:00,22.794,22.794,22.794,22.794,102,0
2015-01-16,18:25:00,22.804,22.804,22.804,22.804,204,0
2015-01-16,18:45:00,22.813,22.813,22.813,22.813,510,0
2015-01-16,19:00:00,22.804,22.833,22.804,22.833,3793,0
2015-01-16,19:50:00,22.853,22.853,22.853,22.853,122,0
2015-01-16,20:05:00,22.853,22.853,22.833,22.833,381,0
2015-01-16,20:45:00,22.813,22.813,22.813,22.813,1333,0
2015-01-16,20:50:00,22.813,22.813,22.813,22.813,887,0
2015-01-16,21:35:00,22.823,22.823,22.823,22.823,102,0
2015-01-16,21:40:00,22.823,22.823,22.823,22.823,612,0
2015-01-16,21:50:00,22.892,22.892,22.892,22.892,551,0
2015-01-16,21:55:00,22.902,22.902,22.902,22.902,408,0
2015-01-16,22:00:00,22.951,23.225,22.941,23.216,9183,0
2015-01-20,18:00:00,23.196,23.196,23.196,23.196,204,0
2015-01-20,18:50:00,23.108,23.108,23.049,23.049,1106,0
2015-01-20,18:55:00,22.882,23.01,22.882,22.882,1020,0
2015-01-20,19:00:00,22.892,22.892,22.892,22.892,816,0
2015-01-20,19:10:00,22.902,22.902,22.902,22.902,875,0
2015-01-20,19:45:00,22.902,22.912,22.902,22.912,660,0
2015-01-20,20:05:00,22.902,22.902,22.902,22.902,2051,0
2015-01-20,20:20:00,22.902,22.902,22.774,22.853,1217,0
2015-01-20,20:45:00,22.853,22.853,22.853,22.853,1526,0
2015-01-20,21:00:00,22.853,22.853,22.853,22.853,306,0
2015-01-20,21:10:00,22.853,22.853,22.853,22.853,541,0
2015-01-20,21:20:00,22.853,23.049,22.853,23.049,1529,0
2015-01-20,21:25:00,22.833,22.833,22.833,22.833,714,0
2015-01-20,21:30:00,22.833,22.833,22.813,22.833,1427,0
2015-01-20,21:40:00,22.833,22.833,22.823,22.823,1529,0
2015-01-20,21:45:00,22.833,22.833,22.823,22.823,934,0
2015-01-20,21:50:00,22.813,22.813,22.813,22.813,893,0
2015-01-20,21:55:00,22.813,22.823,22.784,22.784,3609,0
2015-01-20,22:00:00,22.784,22.784,22.509,22.607,4298,0
2015-01-21,16:40:00,22.706,22.706,22.706,22.706,306,0
2015-01-21,17:30:00,22.804,22.804,22.804,22.804,372,0
2015-01-21,18:55:00,22.804,22.804,22.804,22.804,918,0
2015-01-21,19:05:00,22.706,22.706,22.706,22.706,398,0
2015-01-21,19:40:00,22.804,22.853,22.755,22.755,1223,0
2015-01-21,19:50:00,22.853,22.853,22.764,22.853,1733,0
2015-01-21,20:20:00,22.764,22.764,22.764,22.764,622,0
2015-01-21,20:45:00,22.764,22.764,22.656,22.656,1427,0
2015-01-21,21:10:00,22.656,22.656,22.656,22.656,408,0
2015-01-21,21:15:00,22.656,22.656,22.656,22.656,1743,0
2015-01-21,21:40:00,22.627,22.627,22.627,22.627,312,0
2015-01-21,21:50:00,22.627,22.627,22.598,22.598,688,0
2015-01-21,21:55:00,22.598,22.598,22.558,22.558,3059,0
2015-01-22,16:10:00,22.666,22.666,22.656,22.656,9590,0
2015-01-22,16:15:00,22.656,22.656,22.656,22.656,1558,0
2015-01-22,16:20:00,22.656,22.656,22.656,22.656,881,0
2015-01-22,17:10:00,22.656,22.656,22.656,22.656,2345,0
2015-01-22,17:15:00,22.656,22.666,22.656,22.656,3247,0
2015-01-22,19:30:00,22.656,22.656,22.656,22.656,1020,0
2015-01-22,19:55:00,22.607,22.656,22.607,22.656,14682,0
2015-01-22,20:35:00,22.656,22.656,22.656,22.656,306,0
2015-01-22,21:05:00,22.656,22.656,22.656,22.656,2651,0
2015-01-22,21:20:00,22.558,22.656,22.264,22.558,7818,0
2015-01-22,22:00:00,22.47,22.558,22.47,22.558,1217,0
2015-01-23,16:00:00,22.48,22.48,22.48,22.48,877,0
2015-01-23,16:15:00,22.5,22.509,22.47,22.47,2863,0
2015-01-23,16:45:00,22.509,22.509,22.509,22.509,2932,0
2015-01-23,17:30:00,22.745,22.745,22.745,22.745,408,0
2015-01-23,17:40:00,22.745,22.745,22.745,22.745,612,0
2015-01-23,18:10:00,22.637,22.647,22.637,22.647,1020,0
2015-01-23,20:10:00,22.656,22.656,22.656,22.656,688,0
2015-01-23,20:25:00,22.362,22.362,22.362,22.362,112,0
2015-01-23,20:35:00,22.656,22.656,22.656,22.656,306,0
2015-01-23,20:40:00,22.656,22.656,22.656,22.656,648,0
2015-01-23,20:50:00,22.656,22.656,22.656,22.656,714,0
2015-01-23,21:20:00,22.627,22.656,22.627,22.656,918,0
2015-01-23,21:55:00,22.421,22.421,22.421,22.421,816,0
2015-01-26,16:25:00,22.558,22.558,22.558,22.558,1325,0
2015-01-26,16:55:00,22.656,22.656,22.656,22.656,2212,0
2015-01-26,17:20:00,22.656,22.656,22.656,22.656,502,0
2015-01-26,17:30:00,22.656,22.656,22.656,22.656,1122,0
2015-01-26,17:55:00,22.656,22.656,22.656,22.656,459,0
2015-01-26,18:05:00,22.656,22.656,22.656,22.656,1427,0
2015-01-26,18:50:00,22.656,22.656,22.656,22.656,894,0
2015-01-26,19:20:00,22.656,22.656,22.656,22.656,612,0
2015-01-26,19:30:00,22.656,22.656,22.656,22.656,832,0
2015-01-26,19:55:00,22.656,22.804,22.656,22.656,3627,0
2015-01-26,20:00:00,22.656,22.656,22.656,22.656,973,0
2015-01-26,20:15:00,22.656,22.666,22.656,22.656,5404,0
2015-01-26,20:30:00,22.656,22.656,22.656,22.656,1686,0
2015-01-26,20:35:00,22.656,22.656,22.656,22.656,1595,0
2015-01-26,20:45:00,22.647,22.647,22.647,22.647,714,0
2015-01-26,20:50:00,22.656,22.656,22.656,22.656,408,0
2015-01-26,21:00:00,22.656,22.656,22.656,22.656,306,0
2015-01-26,21:05:00,22.656,22.764,22.656,22.656,1835,0
2015-01-26,21:30:00,22.656,22.656,22.656,22.656,510,0
2015-01-26,21:55:00,22.715,22.715,22.656,22.656,6657,0
2015-01-26,22:00:00,22.656,22.656,22.637,22.637,612,0
2015-01-27,16:55:00,22.872,22.872,22.872,22.872,1008,0
2015-01-27,18:20:00,22.804,22.804,22.804,22.804,1530,0
2015-01-27,18:40:00,22.804,22.804,22.784,22.784,510,0
2015-01-27,19:20:00,22.804,22.833,22.784,22.784,2346,0
2015-01-27,19:25:00,22.784,22.784,22.784,22.784,204,0
2015-01-27,19:45:00,22.784,22.784,22.784,22.784,848,0
2015-01-27,19:50:00,22.755,22.755,22.755,22.755,408,0
2015-01-27,20:40:00,22.784,22.784,22.784,22.784,306,0
2015-01-27,21:10:00,22.784,22.784,22.784,22.784,2448,0
2015-01-27,21:45:00,22.784,22.784,22.784,22.784,204,0
2015-01-27,21:55:00,22.774,22.774,22.774,22.774,204,0
2015-01-27,22:00:00,22.774,22.774,22.774,22.774,204,0
2015-01-28,15:45:00,22.784,22.784,22.784,22.784,408,0
2015-01-28,16:20:00,22.804,22.804,22.784,22.784,1632,0
2015-01-28,16:30:00,22.804,22.804,22.804,22.804,102,0
2015-01-28,16:40:00,22.804,22.813,22.794,22.804,6615,0
2015-01-28,16:45:00,22.794,22.804,22.784,22.804,2657,0
2015-01-28,16:50:00,22.804,22.804,22.804,22.804,306,0
2015-01-28,17:00:00,22.804,22.804,22.804,22.804,408,0
2015-01-28,17:30:00,23.049,23.049,23.049,23.049,408,0
2015-01-28,18:15:00,22.99,23.01,22.951,22.951,3060,0
2015-01-28,19:30:00,22.97,22.97,22.97,22.97,3672,0
2015-01-28,20:10:00,23.039,23.039,23.039,23.039,306,0
2015-01-28,20:15:00,22.853,22.853,22.853,22.853,2312,0
2015-01-28,20:45:00,23.029,23.039,22.843,22.843,2142,0
2015-01-28,21:00:00,22.853,22.853,22.853,22.853,2352,0
2015-01-29,15:35:00,22.833,22.833,22.833,22.833,350,0
2015-01-29,15:45:00,23.068,23.068,22.912,22.912,938,0
2015-01-29,15:50:00,22.843,22.843,22.843,22.843,102,0
2015-01-29,16:05:00,22.843,22.843,22.823,22.823,204,0
2015-01-29,16:25:00,22.823,22.833,22.823,22.823,16315,0
2015-01-29,16:35:00,22.804,22.804,22.804,22.804,102,0
2015-01-29,17:00:00,22.951,22.951,22.951,22.951,6426,0
2015-01-29,17:10:00,22.804,22.804,22.804,22.804,204,0
2015-01-29,17:15:00,22.853,23.098,22.804,22.804,1366,0
2015-01-29,17:30:00,22.941,23,22.804,22.804,1688,0
2015-01-29,17:35:00,22.823,22.823,22.823,22.823,510,0
2015-01-29,18:05:00,22.882,22.882,22.882,22.882,408,0
2015-01-29,18:10:00,22.823,22.833,22.804,22.804,1546,0
2015-01-29,18:30:00,22.98,22.98,22.804,22.804,663,0
2015-01-29,19:20:00,22.902,22.902,22.804,22.804,1326,0
2015-01-29,19:55:00,22.804,22.804,22.804,22.804,204,0
2015-01-29,20:00:00,22.804,22.804,22.804,22.804,102,0
2015-01-29,20:05:00,22.853,22.853,22.853,22.853,102,0
2015-01-29,20:10:00,22.853,22.853,22.853,22.853,510,0
2015-01-29,21:10:00,22.902,23.01,22.804,23.01,6562,0
2015-01-29,21:30:00,23.216,23.225,22.656,22.676,1470,0
2015-01-29,21:35:00,23.167,23.167,22.676,22.676,816,0
2015-01-29,22:00:00,22.627,22.627,22.627,22.627,102,0
2015-01-30,15:35:00,22.706,22.706,22.706,22.706,204,0
2015-01-30,15:45:00,22.755,22.755,22.755,22.755,1148,0
2015-01-30,16:30:00,22.656,22.656,22.656,22.656,635,0
2015-01-30,17:05:00,22.676,22.676,22.656,22.656,1561,0
2015-01-30,17:10:00,22.656,22.706,22.578,22.578,408,0
2015-01-30,17:20:00,22.627,22.627,22.627,22.627,204,0
2015-01-30,17:30:00,22.656,22.656,22.656,22.656,612,0
2015-01-30,17:50:00,22.755,22.755,22.656,22.656,714,0
2015-01-30,17:55:00,22.656,22.656,22.656,22.656,102,0
2015-01-30,18:05:00,22.794,22.794,22.656,22.656,938,0
2015-01-30,18:30:00,22.696,22.696,22.696,22.696,306,0
2015-01-30,18:35:00,22.578,22.774,22.578,22.656,918,0
2015-01-30,18:40:00,22.823,22.823,22.823,22.823,816,0
2015-01-30,18:55:00,22.656,22.676,22.656,22.676,714,0
2015-01-30,20:25:00,22.686,22.686,22.686,22.686,102,0
2015-01-30,20:50:00,22.656,22.656,22.647,22.656,408,0
2015-01-30,20:55:00,22.656,22.656,22.656,22.656,102,0
2015-01-30,21:00:00,22.647,22.647,22.647,22.647,328,0
2015-01-30,21:05:00,23.049,23.049,22.656,22.656,356,0
2015-01-30,21:30:00,22.647,22.656,22.647,22.656,918,0
2015-01-30,21:35:00,22.823,22.823,22.656,22.656,1326,0
2015-01-30,22:00:00,22.607,22.607,22.607,22.607,102,0
2015-02-02,15:35:00,22.696,22.696,22.696,22.696,102,0
2015-02-02,15:40:00,22.696,22.696,22.656,22.696,918,0
2015-02-02,15:45:00,22.656,22.656,22.656,22.656,168,0
2015-02-02,15:50:00,22.696,22.696,22.656,22.656,612,0
2015-02-02,16:25:00,22.686,22.696,22.676,22.676,1008,0
2015-02-02,16:30:00,22.676,22.676,22.676,22.676,102,0
2015-02-02,16:35:00,22.676,22.676,22.676,22.676,102,0
2015-02-02,16:45:00,22.676,22.686,22.656,22.656,1492,0
2015-02-02,16:50:00,22.656,22.656,22.656,22.656,408,0
2015-02-02,17:10:00,22.696,22.735,22.676,22.735,1349,0
2015-02-02,17:15:00,22.656,22.676,22.656,22.676,1020,0
2015-02-02,17:30:00,22.656,22.774,22.637,22.656,2424,0
2015-02-02,17:35:00,22.656,22.656,22.656,22.656,204,0
2015-02-02,17:45:00,22.656,22.656,22.656,22.656,102,0
2015-02-02,18:00:00,22.656,22.656,22.637,22.637,510,0
2015-02-02,18:20:00,22.656,22.686,22.656,22.656,3570,0
2015-02-02,18:30:00,22.656,22.656,22.656,22.656,102,0
2015-02-02,18:50:00,22.656,22.656,22.656,22.656,204,0
2015-02-02,18:55:00,22.656,22.656,22.656,22.656,306,0
2015-02-02,19:00:00,22.647,22.647,22.647,22.647,714,0
2015-02-02,19:05:00,22.647,22.656,22.647,22.656,3672,0
2015-02-02,19:10:00,22.656,22.656,22.656,22.656,2244,0
2015-02-02,19:15:00,22.656,22.656,22.656,22.656,1530,0
2015-02-02,19:45:00,22.656,22.656,22.647,22.647,306,0
2015-02-02,20:10:00,22.647,22.656,22.637,22.656,3991,0
2015-02-02,20:15:00,22.647,22.647,22.647,22.647,102,0
2015-02-02,20:25:00,22.656,22.656,22.647,22.656,4123,0
2015-02-02,20:45:00,22.656,22.656,22.656,22.656,3269,0
2015-02-02,21:15:00,22.656,22.706,22.656,22.706,2188,0
2015-02-02,21:20:00,22.656,22.656,22.656,22.656,1326,0
2015-02-02,21:25:00,22.656,22.656,22.656,22.656,5579,0
2015-02-02,21:30:00,22.656,22.656,22.656,22.656,1887,0
2015-02-02,21:40:00,22.656,22.656,22.656,22.656,510,0
2015-02-02,21:45:00,22.656,22.656,22.656,22.656,1803,0
2015-02-02,21:50:00,22.656,22.666,22.656,22.656,2652,0
2015-02-02,21:55:00,22.656,22.735,22.656,22.656,6366,0
2015-02-02,22:00:00,22.656,22.656,22.637,22.637,2142,0
2015-02-03,15:45:00,22.715,22.715,22.715,22.715,816,0
2015-02-03,16:00:00,22.794,22.804,22.764,22.804,1122,0
2015-02-03,16:05:00,22.804,22.823,22.755,22.794,6425,0
2015-02-03,16:10:00,22.804,22.804,22.804,22.804,510,0
2015-02-03,16:15:00,22.755,22.804,22.755,22.804,2400,0
2015-02-03,16:20:00,22.804,22.804,22.804,22.804,510,0
2015-02-03,16:55:00,22.804,22.804,22.804,22.804,815,0
2015-02-03,17:05:00,22.784,22.804,22.784,22.804,714,0
2015-02-03,17:10:00,22.804,22.804,22.804,22.804,1577,0
2015-02-03,17:15:00,22.804,22.804,22.804,22.804,408,0
2015-02-03,17:30:00,22.804,22.804,22.804,22.804,510,0
2015-02-03,17:35:00,22.804,22.804,22.804,22.804,102,0
2015-02-03,17:45:00,22.804,22.804,22.804,22.804,352,0
2015-02-03,18:10:00,22.853,22.902,22.853,22.902,1020,0
2015-02-03,18:35:00,22.902,22.902,22.853,22.882,1381,0
2015-02-03,18:40:00,22.853,22.902,22.853,22.853,5279,0
2015-02-03,18:45:00,22.853,22.892,22.853,22.882,6400,0
2015-02-03,19:00:00,22.902,22.902,22.902,22.902,714,0
2015-02-03,19:05:00,22.902,22.912,22.902,22.902,1860,0
2015-02-03,19:10:00,22.912,22.912,22.912,22.912,714,0
2015-02-03,19:20:00,22.912,22.912,22.853,22.853,612,0
2015-02-03,19:25:00,22.902,22.912,22.902,22.912,714,0
2015-02-03,19:30:00,22.912,22.912,22.902,22.902,4827,0
2015-02-03,19:40:00,22.912,22.912,22.882,22.882,306,0
2015-02-03,19:45:00,22.912,22.912,22.912,22.912,204,0
2015-02-03,19:50:00,22.902,22.902,22.902,22.902,1122,0
2015-02-03,20:00:00,22.902,22.912,22.902,22.902,2794,0
2015-02-03,20:05:00,22.912,22.912,22.912,22.912,2549,0
2015-02-03,20:15:00,22.902,22.902,22.902,22.902,612,0
2015-02-03,20:25:00,22.951,23,22.902,22.902,612,0
2015-02-03,20:30:00,23,23,22.902,22.902,306,0
2015-02-03,20:35:00,22.951,22.951,22.951,22.951,204,0
2015-02-03,20:40:00,22.951,22.951,22.951,22.951,1152,0
2015-02-03,21:00:00,22.951,22.951,22.951,22.951,1983,0
2015-02-03,21:15:00,22.951,22.951,22.941,22.951,3102,0
2015-02-03,21:25:00,22.951,22.951,22.951,22.951,408,0
2015-02-03,21:30:00,22.951,22.951,22.951,22.951,2142,0
2015-02-03,21:35:00,22.951,22.951,22.951,22.951,1530,0
2015-02-03,21:40:00,22.951,23,22.951,23,1860,0
2015-02-03,21:50:00,23.029,23.049,23.029,23.049,1020,0
2015-02-03,21:55:00,23.078,23.147,23.078,23.127,9279,0
2015-02-03,22:00:00,23.147,23.157,23.147,23.157,739,0
2015-02-04,15:35:00,23.2,23.2,23.2,23.2,1000,0
2015-02-04,15:50:00,23.2,23.2,23.15,23.15,500,0
2015-02-04,16:00:00,23.2,23.26,23.2,23.24,3100,0
2015-02-04,16:05:00,23.25,23.25,23.2,23.2,2900,0
2015-02-04,16:10:00,23.25,23.25,23.2,23.2,4200,0
2015-02-04,16:15:00,23.2,23.2,23.2,23.2,100,0
2015-02-04,16:30:00,23.15,23.15,23.15,23.15,800,0
2015-02-04,16:35:00,23.2,23.2,23.19,23.19,1700,0
2015-02-04,16:40:00,23.2,23.2,23.13,23.18,4250,0
2015-02-04,16:45:00,23.2,23.2,23.18,23.2,2600,0
2015-02-04,16:50:00,23.15,23.15,23.15,23.15,1800,0
2015-02-04,17:00:00,23.15,23.15,23.15,23.15,2000,0
2015-02-04,17:10:00,23.18,23.18,23.0,23.18,1195,0
2015-02-04,17:15:00,23.14,23.18,23.13,23.16,3350,0
2015-02-04,17:20:00,23.17,23.18,23.17,23.18,2500,0
2015-02-04,17:25:00,23.18,23.3,23.11,23.2,5700,0
2015-02-04,17:30:00,23.2,23.2,23.2,23.2,4350,0
2015-02-04,17:35:00,23.2,23.2,23.2,23.2,500,0
2015-02-04,17:40:00,23.17,23.17,23.15,23.15,2800,0
2015-02-04,17:50:00,23.18,23.18,23.16,23.16,1000,0
2015-02-04,17:55:00,23.12,23.12,23.12,23.12,1200,0
2015-02-04,18:00:00,23.12,23.12,23.12,23.12,300,0
2015-02-04,18:10:00,23.11,23.11,23.11,23.11,100,0
2015-02-04,18:20:00,23.12,23.12,23.12,23.12,150,0
2015-02-04,18:25:00,23.11,23.11,23.11,23.11,400,0
2015-02-04,18:30:00,23.12,23.12,23.12,23.12,200,0
2015-02-04,18:35:00,23.11,23.11,23.1,23.1,977,0
2015-02-04,18:45:00,23.02,23.02,22.95,23.0,4600,0
2015-02-04,18:55:00,23.0,23.0,23.0,23.0,200,0
2015-02-04,19:25:00,23.03,23.03,23.03,23.03,300,0
2015-02-04,20:35:00,23.0,23.0,22.93,22.93,4600,0
2015-02-04,20:45:00,22.92,22.95,22.92,22.95,800,0
2015-02-04,20:50:00,22.95,22.95,22.95,22.95,400,0
2015-02-04,20:55:00,22.95,22.95,22.94,22.94,4900,0
2015-02-04,21:05:00,22.95,22.95,22.95,22.95,500,0
2015-02-04,21:10:00,22.93,22.93,22.93,22.93,800,0
2015-02-04,21:15:00,22.93,22.93,22.93,22.93,200,0
2015-02-04,21:35:00,22.93,22.93,22.93,22.93,500,0
2015-02-04,21:40:00,22.93,22.95,22.93,22.95,435,0
2015-02-04,21:45:00,22.95,22.95,22.95,22.95,1000,0
2015-02-04,21:50:00,22.95,22.95,22.95,22.95,6981,0
2015-02-04,21:55:00,22.93,22.93,22.93,22.93,200,0
2015-02-04,22:00:00,22.95,22.95,22.93,22.94,2731,0
2015-02-05,15:50:00,22.95,22.95,22.95,22.95,2100,0
2015-02-05,15:55:00,22.95,22.95,22.93,22.95,4308,0
2015-02-05,16:05:00,22.95,22.95,22.95,22.95,650,0
2015-02-05,16:10:00,22.95,23.0,22.95,22.99,3775,0
2015-02-05,16:20:00,22.99,22.99,22.91,22.93,3184,0
2015-02-05,16:25:00,22.88,22.88,22.85,22.87,1300,0
2015-02-05,16:30:00,22.85,22.85,22.85,22.85,470,0
2015-02-05,16:35:00,22.85,22.85,22.7,22.7,2500,0
2015-02-05,16:40:00,22.84,22.84,22.84,22.84,500,0
2015-02-05,16:45:00,22.85,22.85,22.85,22.85,1100,0
2015-02-05,16:55:00,22.82,22.82,22.82,22.82,100,0
2015-02-05,17:05:00,22.8,22.8,22.8,22.8,400,0
2015-02-05,17:10:00,22.78,22.78,22.72,22.72,1200,0
2015-02-05,17:25:00,22.75,22.75,22.75,22.75,300,0
2015-02-05,17:40:00,22.75,22.75,22.75,22.75,500,0
2015-02-05,17:45:00,22.72,22.73,22.72,22.72,3300,0
2015-02-05,18:00:00,22.72,22.72,22.72,22.72,400,0
2015-02-05,18:05:00,22.75,22.75,22.75,22.75,220,0
2015-02-05,18:15:00,22.75,22.75,22.71,22.71,1764,0
2015-02-05,18:35:00,22.75,22.75,22.7,22.71,3164,0
2015-02-05,18:40:00,22.71,22.71,22.71,22.71,500,0
2015-02-05,19:05:00,22.71,22.71,22.7,22.7,500,0
2015-02-05,19:10:00,22.7,22.7,22.7,22.7,4995,0
2015-02-05,19:15:00,22.7,22.7,22.7,22.7,2300,0
2015-02-05,19:20:00,22.7,22.71,22.7,22.7,3430,0
2015-02-05,19:25:00,22.7,22.7,22.7,22.7,1000,0
2015-02-05,19:50:00,22.7,22.71,22.7,22.71,200,0
2015-02-05,20:10:00,22.71,22.75,22.7,22.75,6500,0
2015-02-05,20:15:00,22.75,22.75,22.75,22.75,117,0
2015-02-05,20:20:00,22.73,22.73,22.73,22.73,910,0
2015-02-05,20:25:00,22.71,22.71,22.71,22.71,318,0
2015-02-05,20:30:00,22.72,22.72,22.71,22.72,3077,0
2015-02-05,20:40:00,22.72,22.72,22.72,22.72,1000,0
2015-02-05,20:45:00,22.72,22.72,22.71,22.71,600,0
2015-02-05,20:50:00,22.72,22.72,22.72,22.72,495,0
2015-02-05,20:55:00,22.7,22.7,22.7,22.7,2582,0
2015-02-05,21:00:00,22.72,22.72,22.72,22.72,400,0
2015-02-05,21:10:00,22.7,22.72,22.7,22.7,1814,0
2015-02-05,21:20:00,22.7,22.7,22.65,22.65,3377,0
2015-02-05,21:25:00,22.65,22.7,22.65,22.7,2392,0
2015-02-05,21:30:00,22.7,22.7,22.7,22.7,1900,0
2015-02-05,21:35:00,22.65,22.65,22.64,22.65,700,0
2015-02-05,21:45:00,22.65,22.65,22.64,22.64,2900,0
2015-02-05,21:50:00,22.65,22.65,22.65,22.65,3000,0
2015-02-05,21:55:00,22.64,22.65,22.64,22.65,684,0
2015-02-05,22:00:00,22.65,22.65,22.65,22.65,5900,0
2015-02-06,16:00:00,22.65,22.65,22.64,22.65,2000,0
2015-02-06,16:05:00,22.65,22.65,22.65,22.65,200,0
2015-02-06,16:20:00,22.65,22.65,22.65,22.65,1900,0
2015-02-06,16:25:00,22.65,22.65,22.6,22.63,2778,0
2015-02-06,16:30:00,22.63,22.63,22.63,22.63,300,0
2015-02-06,16:55:00,22.59,22.59,22.59,22.59,839,0
2015-02-06,17:00:00,22.63,22.63,22.63,22.63,100,0
2015-02-06,17:15:00,22.63,22.63,22.63,22.63,603,0
2015-02-06,17:25:00,22.62,22.63,22.62,22.63,800,0
2015-02-06,17:30:00,22.63,22.63,22.63,22.63,100,0
2015-02-06,17:40:00,22.61,22.61,22.54,22.54,5339,0
2015-02-06,17:45:00,22.6,22.6,22.6,22.6,274,0
2015-02-06,17:50:00,22.57,22.57,22.5,22.51,1473,0
2015-02-06,18:15:00,22.55,22.55,22.54,22.55,700,0
2015-02-06,18:20:00,22.55,22.55,22.55,22.55,1200,0
2015-02-06,18:40:00,22.55,22.55,22.55,22.55,1500,0
2015-02-06,18:50:00,22.53,22.53,22.53,22.53,2088,0
2015-02-06,19:00:00,22.5,22.51,22.5,22.51,593,0
2015-02-06,20:10:00,22.5,22.5,22.5,22.5,100,0
2015-02-06,20:15:00,22.48,22.48,22.48,22.48,200,0
2015-02-06,20:40:00,22.5,22.5,22.5,22.5,1000,0
2015-02-06,20:45:00,22.5,22.5,22.5,22.5,1000,0
2015-02-06,20:55:00,22.5,22.5,22.5,22.5,445,0
2015-02-06,21:00:00,22.5,22.5,22.48,22.48,400,0
2015-02-06,21:15:00,22.5,22.5,22.5,22.5,3000,0
2015-02-06,21:25:00,22.5,22.5,22.5,22.5,1476,0
2015-02-06,21:50:00,22.5,22.5,22.49,22.49,900,0
2015-02-06,21:55:00,22.48,22.48,22.48,22.48,100,0
2015-02-06,22:00:00,22.48,22.5,22.48,22.5,3613,0
2015-02-09,15:40:00,22.55,22.55,22.55,22.55,820,0
2015-02-09,15:50:00,22.5,22.5,22.5,22.5,1000,0
2015-02-09,15:55:00,22.51,22.51,22.5,22.5,3800,0
2015-02-09,16:00:00,22.5,22.5,22.5,22.5,1310,0
2015-02-09,16:20:00,22.61,22.61,22.59,22.6,4700,0
2015-02-09,16:25:00,22.52,22.52,22.48,22.48,2315,0
2015-02-09,16:40:00,22.55,22.55,22.55,22.55,300,0
2015-02-09,16:45:00,22.5,22.5,22.5,22.5,3000,0
2015-02-09,16:50:00,22.57,22.57,22.5,22.5,2100,0
2015-02-09,16:55:00,22.5,22.5,22.5,22.5,100,0
2015-02-09,17:05:00,22.58,22.58,22.58,22.58,100,0
2015-02-09,17:10:00,22.57,22.58,22.57,22.58,800,0
2015-02-09,17:15:00,22.52,22.52,22.5,22.5,5586,0
2015-02-09,17:20:00,22.5,22.5,22.5,22.5,1810,0
2015-02-09,17:25:00,22.57,22.57,22.57,22.57,100,0
2015-02-09,17:30:00,22.51,22.51,22.5,22.5,1390,0
2015-02-09,17:40:00,22.54,22.54,22.54,22.54,200,0
2015-02-09,17:50:00,22.54,22.54,22.54,22.54,300,0
2015-02-09,18:00:00,22.54,22.54,22.54,22.54,2000,0
2015-02-09,18:10:00,22.54,22.54,22.5,22.5,3022,0
2015-02-09,18:25:00,22.5,22.5,22.5,22.5,377,0
2015-02-09,18:30:00,22.5,22.5,22.49,22.5,2400,0
2015-02-09,19:00:00,22.5,22.54,22.5,22.54,2700,0
2015-02-09,19:10:00,22.5,22.5,22.5,22.5,900,0
2015-02-09,19:15:00,22.5,22.5,22.5,22.5,1000,0
2015-02-09,19:20:00,22.5,22.5,22.49,22.5,6475,0
2015-02-09,19:25:00,22.5,22.5,22.5,22.5,3600,0
2015-02-09,19:30:00,22.5,22.5,22.5,22.5,500,0
2015-02-09,19:40:00,22.5,22.5,22.5,22.5,1500,0
2015-02-09,19:45:00,22.5,22.52,22.5,22.5,4200,0
2015-02-09,19:50:00,22.5,22.5,22.5,22.5,2100,0
2015-02-09,19:55:00,22.49,22.49,22.49,22.49,100,0
2015-02-09,20:10:00,22.5,22.5,22.48,22.5,1500,0
2015-02-09,20:20:00,22.5,22.5,22.48,22.48,1436,0
2015-02-09,20:25:00,22.5,22.5,22.5,22.5,1000,0
2015-02-09,20:45:00,22.5,22.51,22.5,22.51,761,0
2015-02-09,20:50:00,22.51,22.51,22.5,22.5,2000,0
2015-02-09,20:55:00,22.47,22.5,22.47,22.5,1200,0
2015-02-09,21:20:00,22.5,22.5,22.5,22.5,600,0
2015-02-09,21:30:00,22.5,22.5,22.48,22.48,3500,0
2015-02-09,21:35:00,22.48,22.48,22.48,22.48,100,0
2015-02-09,21:40:00,22.46,22.49,22.45,22.49,863,0
2015-02-09,21:45:00,22.5,22.5,22.5,22.5,2600,0
2015-02-09,21:50:00,22.5,22.5,22.5,22.5,4139,0
2015-02-09,22:00:00,22.47,22.47,22.47,22.47,100,0
2015-02-10,15:35:00,22.5,22.5,22.5,22.5,250,0
2015-02-10,15:55:00,22.5,22.5,22.5,22.5,100,0
2015-02-10,16:15:00,22.55,22.55,22.55,22.55,399,0
2015-02-10,16:50:00,22.45,22.55,22.45,22.55,777,0
2015-02-10,17:15:00,22.54,22.54,22.54,22.54,100,0
2015-02-10,18:05:00,22.54,22.55,22.5,22.5,1800,0
2015-02-10,18:20:00,22.5,22.5,22.5,22.5,666,0
2015-02-10,19:00:00,22.48,22.48,22.45,22.45,2519,0
2015-02-10,20:10:00,22.48,22.48,22.47,22.47,600,0
2015-02-10,20:35:00,22.46,22.46,22.46,22.46,400,0
2015-02-10,20:50:00,22.46,22.46,22.46,22.46,600,0
2015-02-10,20:55:00,22.45,22.45,22.45,22.45,1200,0
2015-02-10,21:05:00,22.45,22.45,22.45,22.45,700,0
2015-02-10,21:20:00,22.5,22.5,22.5,22.5,100,0
2015-02-10,21:40:00,22.41,22.41,22.4,22.4,8321,0
2015-02-10,21:45:00,22.5,22.5,22.5,22.5,250,0
2015-02-10,21:50:00,22.5,22.5,22.5,22.5,1000,0
2015-02-10,22:00:00,22.5,22.5,22.5,22.5,2500,0
2015-02-11,16:20:00,22.5,22.5,22.5,22.5,2750,0
2015-02-11,16:50:00,22.4,22.4,22.4,22.4,879,0
2015-02-11,17:00:00,22.36,22.42,22.26,22.42,5677,0
2015-02-11,17:50:00,22.44,22.45,22.28,22.45,550,0
2015-02-11,17:55:00,22.38,22.38,22.38,22.38,100,0
2015-02-11,18:10:00,22.44,22.45,22.41,22.45,6600,0
2015-02-11,19:20:00,22.44,22.44,22.44,22.44,1350,0
2015-02-11,19:40:00,22.4,22.4,22.4,22.4,636,0
2015-02-11,19:50:00,22.41,22.41,22.41,22.41,800,0
2015-02-11,19:55:00,22.45,22.45,22.45,22.45,900,0
2015-02-11,20:05:00,22.4,22.4,22.4,22.4,1331,0
2015-02-11,20:25:00,22.4,22.4,22.4,22.4,1200,0
2015-02-11,20:30:00,22.44,22.44,22.44,22.44,1200,0
2015-02-11,21:05:00,22.45,22.45,22.45,22.45,600,0
2015-02-11,21:10:00,22.4,22.4,22.4,22.4,500,0
2015-02-11,21:25:00,22.45,22.45,22.45,22.45,522,0
2015-02-11,21:35:00,22.37,22.37,22.35,22.35,3196,0
2015-02-11,21:40:00,22.43,22.43,22.43,22.43,200,0
2015-02-11,21:45:00,22.35,22.35,22.35,22.35,2000,0
2015-02-11,21:55:00,22.35,22.35,22.35,22.35,800,0
2015-02-11,22:00:00,22.35,22.35,22.35,22.35,372,0
2015-02-12,15:50:00,22.48,22.48,22.45,22.45,550,0
2015-02-12,15:55:00,22.48,22.48,22.48,22.48,2829,0
2015-02-12,16:00:00,22.52,22.52,22.49,22.49,500,0
2015-02-12,16:05:00,22.65,22.65,22.65,22.65,400,0
2015-02-12,16:10:00,22.51,22.51,22.5,22.5,400,0
2015-02-12,16:15:00,22.5,22.5,22.5,22.5,600,0
2015-02-12,16:35:00,22.5,22.5,22.5,22.5,175,0
2015-02-12,17:05:00,22.5,22.5,22.49,22.5,679,0
2015-02-12,17:10:00,22.6,22.6,22.6,22.6,2000,0
2015-02-12,17:15:00,22.6,22.6,22.6,22.6,800,0
2015-02-12,17:30:00,22.52,22.52,22.51,22.51,4717,0
2015-02-12,17:40:00,22.55,22.55,22.55,22.55,300,0
2015-02-12,17:45:00,22.49,22.49,22.49,22.49,900,0
2015-02-12,17:55:00,22.52,22.6,22.45,22.6,8478,0
2015-02-12,18:00:00,22.46,22.46,22.46,22.46,400,0
2015-02-12,18:10:00,22.59,22.59,22.59,22.59,100,0
2015-02-12,18:25:00,22.55,22.55,22.55,22.55,100,0
2015-02-12,18:35:00,22.54,22.55,22.54,22.55,2000,0
2015-02-12,18:50:00,22.54,22.55,22.54,22.55,300,0
2015-02-12,18:55:00,22.5,22.5,22.5,22.5,116,0
2015-02-12,19:10:00,22.46,22.46,22.45,22.45,15984,0
2015-02-12,19:15:00,22.54,22.54,22.5,22.5,220,0
2015-02-12,19:20:00,22.5,22.55,22.45,22.55,1554,0
2015-02-12,19:35:00,22.45,22.55,22.4,22.4,15177,0
2015-02-12,19:40:00,22.44,22.44,22.44,22.44,100,0
2015-02-12,20:05:00,22.45,22.45,22.45,22.45,500,0
2015-02-12,20:40:00,22.44,22.45,22.44,22.45,2100,0
2015-02-12,20:50:00,22.36,22.37,22.36,22.36,7123,0
2015-02-12,20:55:00,22.45,22.45,22.45,22.45,100,0
2015-02-12,21:00:00,22.37,22.44,22.37,22.44,800,0
2015-02-12,21:40:00,22.44,22.44,22.44,22.44,3746,0
2015-02-12,21:50:00,22.44,22.44,22.44,22.44,600,0
2015-02-12,21:55:00,22.4,22.4,22.36,22.36,28600,0
2015-02-12,22:00:00,22.45,22.45,22.45,22.45,100,0
2015-02-13,15:50:00,22.5,22.5,22.5,22.5,4271,0
2015-02-13,16:15:00,22.4,22.41,22.37,22.41,7096,0
2015-02-13,16:20:00,22.45,22.45,22.45,22.45,500,0
2015-02-13,16:25:00,22.44,22.44,22.44,22.44,100,0
2015-02-13,16:40:00,22.42,22.42,22.4,22.4,1985,0
2015-02-13,16:50:00,22.4,22.41,22.33,22.35,7623,0
2015-02-13,16:55:00,22.4,22.4,22.34,22.34,14350,0
2015-02-13,17:05:00,22.32,22.32,22.26,22.26,1000,0
2015-02-13,17:10:00,22.07,22.11,22.07,22.11,200,0
2015-02-13,17:15:00,22.34,22.34,22.34,22.34,300,0
2015-02-13,17:25:00,22.26,22.26,22.16,22.16,8200,0
2015-02-13,17:30:00,22.16,22.16,22.16,22.16,200,0
2015-02-13,17:50:00,22.24,22.24,22.24,22.24,1694,0
2015-02-13,17:55:00,22.24,22.31,22.24,22.25,800,0
2015-02-13,18:00:00,22.26,22.26,22.26,22.26,400,0
2015-02-13,18:05:00,22.25,22.28,22.25,22.28,2506,0
2015-02-13,18:10:00,22.25,22.28,22.25,22.25,6369,0
2015-02-13,18:15:00,22.27,22.27,22.27,22.27,200,0
2015-02-13,18:20:00,22.27,22.27,22.27,22.27,500,0
2015-02-13,18:55:00,22.35,22.35,22.25,22.25,17822,0
2015-02-13,19:00:00,22.25,22.35,22.25,22.35,5200,0
2015-02-13,19:05:00,22.26,22.26,22.25,22.25,700,0
2015-02-13,19:10:00,22.25,22.25,22.25,22.25,100,0
2015-02-13,19:15:00,22.25,22.25,22.25,22.25,200,0
2015-02-13,19:20:00,22.35,22.35,22.25,22.25,2566,0
2015-02-13,19:25:00,22.26,22.26,22.26,22.26,100,0
2015-02-13,19:30:00,22.26,22.35,22.26,22.35,900,0
2015-02-13,19:40:00,22.26,22.26,22.26,22.26,200,0
2015-02-13,19:45:00,22.26,22.26,22.26,22.26,300,0
2015-02-13,19:55:00,22.25,22.25,22.25,22.25,946,0
2015-02-13,20:00:00,22.25,22.25,22.25,22.25,734,0
2015-02-13,20:05:00,22.3,22.3,22.3,22.3,600,0
2015-02-13,20:10:00,22.18,22.18,22.18,22.18,100,0
2015-02-13,20:15:00,22.34,22.34,22.2,22.3,1800,0
2015-02-13,20:20:00,22.32,22.32,22.32,22.32,500,0
2015-02-13,20:25:00,22.28,22.32,22.28,22.32,1000,0
2015-02-13,20:30:00,22.34,22.35,22.34,22.35,915,0
2015-02-13,20:35:00,22.35,22.35,22.28,22.28,9400,0
2015-02-13,20:40:00,22.28,22.28,22.28,22.28,1300,0
2015-02-13,20:55:00,22.26,22.26,22.26,22.26,500,0
2015-02-13,21:00:00,22.3,22.3,22.3,22.3,200,0
2015-02-13,21:10:00,22.29,22.29,22.29,22.29,463,0
2015-02-13,21:15:00,22.21,22.21,22.21,22.21,200,0
2015-02-13,21:20:00,22.25,22.34,22.16,22.33,19366,0
2015-02-13,21:25:00,22.16,22.17,22.16,22.17,800,0
2015-02-13,21:30:00,22.27,22.27,22.16,22.16,1400,0
2015-02-13,21:40:00,22.17,22.17,22.17,22.17,300,0
2015-02-13,21:45:00,22.16,22.27,22.16,22.27,1300,0
2015-02-13,21:50:00,22.25,22.25,22.2,22.2,239,0
2015-02-13,21:55:00,22.22,22.25,22.22,22.25,4200,0
2015-02-13,22:00:00,22.25,22.25,22.1,22.25,9700,0
2015-02-17,15:40:00,22.35,22.35,22.35,22.35,138,0
2015-02-17,15:45:00,22.16,22.16,22.16,22.16,100,0
2015-02-17,15:50:00,22.15,22.15,22.15,22.15,200,0
2015-02-17,16:15:00,22.34,22.35,22.34,22.35,200,0
2015-02-17,16:20:00,22.23,22.23,22.2,22.2,2500,0
2015-02-17,16:25:00,22.2,22.35,22.2,22.35,1165,0
2015-02-17,16:50:00,22.3,22.3,22.3,22.3,200,0
2015-02-17,17:00:00,22.3,22.3,22.3,22.3,100,0
2015-02-17,17:15:00,22.29,22.29,22.29,22.29,100,0
2015-02-17,17:25:00,22.3,22.35,22.3,22.35,300,0
2015-02-17,17:30:00,22.34,22.34,22.26,22.26,500,0
2015-02-17,17:40:00,22.34,22.34,22.34,22.34,400,0
2015-02-17,17:45:00,22.34,22.34,22.34,22.34,400,0
2015-02-17,17:50:00,22.32,22.32,22.2,22.2,18061,0
2015-02-17,17:55:00,22.3,22.3,22.21,22.21,300,0
2015-02-17,18:00:00,22.25,22.29,22.2,22.25,500,0
2015-02-17,18:05:00,22.26,22.27,22.26,22.27,400,0
2015-02-17,18:10:00,22.27,22.31,22.27,22.31,1520,0
2015-02-17,18:15:00,22.33,22.33,22.33,22.33,300,0
2015-02-17,18:20:00,22.33,22.35,22.33,22.35,834,0
2015-02-17,18:25:00,22.34,22.35,22.26,22.26,999,0
2015-02-17,18:45:00,22.32,22.32,22.32,22.32,145,0
2015-02-17,19:00:00,22.35,22.35,22.35,22.35,200,0
2015-02-17,19:10:00,22.25,22.29,22.25,22.25,11420,0
2015-02-17,19:15:00,22.35,22.35,22.35,22.35,200,0
2015-02-17,19:20:00,22.34,22.34,22.34,22.34,100,0
2015-02-17,19:25:00,22.3,22.31,22.3,22.31,1200,0
2015-02-17,19:30:00,22.3,22.3,22.25,22.25,1700,0
2015-02-17,19:35:00,22.34,22.35,22.34,22.35,200,0
2015-02-17,19:45:00,22.25,22.34,22.25,22.34,2900,0
2015-02-17,19:50:00,22.25,22.25,22.25,22.25,1600,0
2015-02-17,20:00:00,22.25,22.25,22.25,22.25,4100,0
2015-02-17,20:05:00,22.32,22.34,22.32,22.34,300,0
2015-02-17,20:40:00,22.32,22.34,22.31,22.34,1755,0
2015-02-17,20:50:00,22.33,22.33,22.31,22.31,1874,0
2015-02-17,20:55:00,22.25,22.27,22.23,22.23,12200,0
2015-02-17,21:00:00,22.32,22.34,22.32,22.34,200,0
2015-02-17,21:15:00,22.25,22.25,22.25,22.25,47186,0
2015-02-17,21:20:00,22.25,22.25,22.25,22.25,20308,0
2015-02-17,21:25:00,22.34,22.34,22.34,22.34,100,0
2015-02-17,21:35:00,22.23,22.23,22.23,22.23,16932,0
2015-02-17,21:40:00,22.3,22.3,22.29,22.29,300,0
2015-02-17,21:45:00,22.23,22.3,22.23,22.3,3700,0
2015-02-17,22:00:00,22.21,22.21,22.21,22.21,17506,0
2015-02-18,15:50:00,22.25,22.25,22.25,22.25,100,0
2015-02-18,16:15:00,22.28,22.29,22.28,22.29,1000,0
2015-02-18,16:20:00,22.28,22.29,22.28,22.29,300,0
2015-02-18,16:25:00,22.28,22.29,22.28,22.28,2954,0
2015-02-18,16:40:00,22.26,22.26,22.26,22.26,100,0
2015-02-18,16:50:00,22.28,22.28,22.28,22.28,270,0
2015-02-18,17:05:00,22.3,22.3,22.3,22.3,400,0
2015-02-18,17:15:00,22.26,22.26,22.26,22.26,1600,0
2015-02-18,17:30:00,22.27,22.27,22.25,22.25,4500,0
2015-02-18,17:35:00,22.27,22.27,22.27,22.27,1000,0
2015-02-18,17:40:00,22.25,22.25,22.24,22.24,2762,0
2015-02-18,17:55:00,22.24,22.24,22.24,22.24,768,0
2015-02-18,18:05:00,22.25,22.25,22.25,22.25,100,0
2015-02-18,18:10:00,22.27,22.27,22.27,22.27,162,0
2015-02-18,18:20:00,22.28,22.29,22.28,22.29,3485,0
2015-02-18,19:45:00,22.26,22.26,22.26,22.26,633,0
2015-02-18,19:55:00,22.3,22.3,22.3,22.3,1916,0
2015-02-18,20:10:00,22.3,22.3,22.3,22.3,2556,0
2015-02-18,20:35:00,22.25,22.27,22.25,22.27,1831,0
2015-02-18,20:45:00,22.25,22.25,22.24,22.24,27000,0
2015-02-18,20:50:00,22.25,22.3,22.25,22.3,70184,0
2015-02-18,20:55:00,22.25,22.25,22.23,22.23,1816,0
2015-02-18,21:00:00,22.25,22.25,22.21,22.21,1600,0
2015-02-18,21:05:00,22.2,22.2,22.2,22.2,100,0
2015-02-18,21:10:00,22.23,22.24,22.2,22.2,19900,0
2015-02-18,21:15:00,22.24,22.26,22.24,22.26,8984,0
2015-02-18,21:30:00,22.24,22.24,22.24,22.24,700,0
2015-02-18,22:00:00,22.25,22.25,22.21,22.21,1100,0
2015-02-19,15:45:00,22.2,22.2,22.2,22.2,100,0
2015-02-19,15:50:00,22.2,22.2,22.2,22.2,100,0
2015-02-19,15:55:00,22.22,22.22,22.21,22.21,950,0
2015-02-19,16:15:00,22.21,22.23,22.21,22.23,400,0
2015-02-19,16:20:00,22.23,22.24,22.21,22.21,1050,0
2015-02-19,16:25:00,22.24,22.24,22.24,22.24,1000,0
2015-02-19,16:35:00,22.23,22.24,22.23,22.24,500,0
2015-02-19,16:40:00,22.24,22.25,22.24,22.25,200,0
2015-02-19,16:50:00,22.21,22.25,22.21,22.25,500,0
2015-02-19,16:55:00,22.25,22.25,22.25,22.25,300,0
2015-02-19,17:00:00,22.25,22.3,22.24,22.25,75485,0
2015-02-19,17:05:00,22.25,22.25,22.25,22.25,1000,0
2015-02-19,17:10:00,22.2,22.24,22.2,22.24,1300,0
2015-02-19,17:15:00,22.25,22.25,22.25,22.25,1586,0
2015-02-19,17:30:00,22.24,22.24,22.24,22.24,100,0
2015-02-19,17:40:00,22.21,22.25,22.21,22.25,400,0
2015-02-19,18:35:00,22.25,22.25,22.2,22.2,5012,0
2015-02-19,18:45:00,22.25,22.25,22.25,22.25,1500,0
2015-02-19,19:10:00,22.25,22.25,22.24,22.24,1700,0
2015-02-19,19:15:00,22.25,22.25,22.25,22.25,300,0
2015-02-19,19:50:00,22.25,22.25,22.25,22.25,500,0
2015-02-19,19:55:00,22.25,22.25,22.25,22.25,1000,0
2015-02-19,20:00:00,22.25,22.25,22.25,22.25,11100,0
2015-02-19,20:05:00,22.25,22.29,22.25,22.29,13815,0
2015-02-19,20:10:00,22.37,22.46,22.37,22.46,300,0
2015-02-19,20:25:00,22.31,22.31,22.25,22.25,21554,0
2015-02-19,21:00:00,22.26,22.26,22.26,22.26,290,0
2015-02-19,21:05:00,22.24,22.24,22.24,22.24,1200,0
2015-02-19,21:10:00,22.24,22.25,22.24,22.25,300,0
2015-02-19,21:15:00,22.24,22.25,22.24,22.25,4100,0
2015-02-19,21:25:00,22.25,22.25,22.25,22.25,500,0
2015-02-19,21:50:00,22.22,22.25,22.21,22.25,3292,0
2015-02-19,21:55:00,22.24,22.25,22.24,22.25,1000,0
2015-02-19,22:00:00,22.22,22.22,22.2,22.2,3458,0
2015-02-20,15:45:00,22.25,22.25,22.25,22.25,100,0
2015-02-20,15:55:00,22.23,22.23,22.23,22.23,325,0
2015-02-20,16:05:00,22.22,22.22,22.22,22.22,380,0
2015-02-20,16:10:00,22.22,22.22,22.22,22.22,200,0
2015-02-20,16:25:00,22.2,22.2,22.2,22.2,485,0
2015-02-20,16:30:00,22.24,22.25,22.24,22.25,20000,0
2015-02-20,16:35:00,22.25,22.3,22.25,22.3,13500,0
2015-02-20,16:50:00,22.44,22.44,22.3,22.4,1254,0
2015-02-20,16:55:00,22.42,22.42,22.4,22.4,4400,0
2015-02-20,17:00:00,22.34,22.34,22.32,22.33,3150,0
2015-02-20,17:25:00,22.32,22.32,22.3,22.32,1000,0
2015-02-20,17:50:00,22.33,22.33,22.32,22.33,1758,0
2015-02-20,18:10:00,22.33,22.33,22.31,22.31,2500,0
2015-02-20,18:15:00,22.32,22.32,22.32,22.32,400,0
2015-02-20,18:25:00,22.36,22.36,22.36,22.36,600,0
2015-02-20,18:35:00,22.36,22.36,22.36,22.36,1000,0
2015-02-20,18:45:00,22.36,22.36,22.36,22.36,1700,0
2015-02-20,19:15:00,22.31,22.31,22.27,22.27,2369,0
2015-02-20,19:20:00,22.32,22.32,22.26,22.26,700,0
2015-02-20,19:25:00,22.25,22.25,22.25,22.25,39172,0
2015-02-20,19:30:00,22.34,22.34,22.34,22.34,200,0
2015-02-20,19:35:00,22.3,22.3,22.3,22.3,200,0
2015-02-20,19:40:00,22.3,22.3,22.3,22.3,300,0
2015-02-20,19:45:00,22.3,22.3,22.28,22.3,400,0
2015-02-20,19:50:00,22.3,22.3,22.28,22.28,1200,0
2015-02-20,19:55:00,22.3,22.3,22.3,22.3,1800,0
2015-02-20,20:20:00,22.3,22.3,22.3,22.3,200,0
2015-02-20,20:30:00,22.3,22.3,22.3,22.3,100,0
2015-02-20,20:35:00,22.3,22.3,22.3,22.3,200,0
2015-02-20,20:40:00,22.3,22.3,22.3,22.3,200,0
2015-02-20,20:45:00,22.3,22.3,22.29,22.3,1600,0
2015-02-20,20:55:00,22.3,22.3,22.3,22.3,100,0
2015-02-20,21:00:00,22.3,22.3,22.3,22.3,100,0
2015-02-20,21:05:00,22.3,22.3,22.3,22.3,200,0
2015-02-20,21:20:00,22.3,22.3,22.3,22.3,150,0
2015-02-20,21:25:00,22.3,22.3,22.3,22.3,400,0
2015-02-20,21:30:00,22.3,22.3,22.3,22.3,1700,0
2015-02-20,22:00:00,22.3,22.3,22.3,22.3,400,0
2015-02-23,15:40:00,22.45,22.45,22.45,22.45,100,0
2015-02-23,15:45:00,22.36,22.36,22.36,22.36,100,0
2015-02-23,15:50:00,22.34,22.34,22.34,22.34,200,0
2015-02-23,16:00:00,22.35,22.35,22.35,22.35,400,0
2015-02-23,16:10:00,22.35,22.35,22.35,22.35,1000,0
2015-02-23,16:30:00,22.35,22.35,22.35,22.35,500,0
2015-02-23,16:45:00,22.35,22.35,22.35,22.35,100,0
2015-02-23,16:55:00,22.35,22.35,22.35,22.35,800,0
2015-02-23,17:20:00,22.35,22.35,22.35,22.35,4400,0
2015-02-23,17:30:00,22.3,22.35,22.29,22.35,1715,0
2015-02-23,18:00:00,22.35,22.35,22.35,22.35,200,0
2015-02-23,18:10:00,22.35,22.35,22.35,22.35,1500,0
2015-02-23,18:15:00,22.35,22.35,22.35,22.35,100,0
2015-02-23,18:20:00,22.35,22.35,22.32,22.35,2720,0
2015-02-23,18:25:00,22.35,22.35,22.3,22.3,2700,0
2015-02-23,18:30:00,22.35,22.35,22.35,22.35,1000,0
2015-02-23,18:35:00,22.31,22.31,22.3,22.3,2344,0
2015-02-23,18:50:00,22.35,22.35,22.35,22.35,600,0
2015-02-23,18:55:00,22.33,22.33,22.33,22.33,1000,0
2015-02-23,19:20:00,22.35,22.35,22.35,22.35,200,0
2015-02-23,19:25:00,22.33,22.33,22.33,22.33,385,0
2015-02-23,19:30:00,22.33,22.33,22.32,22.32,2269,0
2015-02-23,19:40:00,22.31,22.31,22.31,22.31,100,0
2015-02-23,19:45:00,22.28,22.28,22.28,22.28,243,0
2015-02-23,19:50:00,22.31,22.31,22.31,22.31,200,0
2015-02-23,20:05:00,22.31,22.35,22.31,22.35,1600,0
2015-02-23,20:35:00,22.35,22.35,22.35,22.35,360,0
2015-02-23,20:45:00,22.35,22.35,22.35,22.35,100,0
2015-02-23,21:05:00,22.3,22.3,22.3,22.3,1100,0
2015-02-23,21:10:00,22.3,22.3,22.25,22.27,6624,0
2015-02-23,21:15:00,22.28,22.45,22.28,22.45,343,0
2015-02-23,21:25:00,22.3,22.34,22.29,22.34,2200,0
2015-02-23,21:45:00,22.27,22.27,22.27,22.27,8497,0
2015-02-23,21:50:00,22.35,22.35,22.35,22.35,200,0
2015-02-23,22:00:00,22.28,22.28,22.22,22.25,18047,0
