Date,Time,Open,High,Low,Close,Volume,OpenInt
2015-02-03,16:00:00,27.29,27.40,27.27,27.40,6500,0
2015-02-03,16:05:00,27.44,27.44,27.29,27.29,5200,0
2015-02-03,16:10:00,27.3,27.34,27.21,27.21,9000,0
2015-02-03,16:15:00,27.23,27.24,27.21,27.22,1900,0
2015-02-03,16:20:00,27.22,27.22,27.12,27.19,20200,0
2015-02-03,16:25:00,27.11,27.13,27.02,27.08,2800,0
2015-02-03,16:30:00,27.14,27.22,27.14,27.22,2300,0
2015-02-03,16:35:00,27.24,27.25,27.2,27.2,2500,0
2015-02-03,16:40:00,27.2,27.22,27.16,27.16,2000,0
2015-02-03,16:45:00,27.16,27.19,27.16,27.19,1500,0
2015-02-03,16:50:00,27.18,27.2,27.15,27.15,1900,0
2015-02-03,16:55:00,27.11,27.11,27.05,27.05,1200,0
2015-02-03,17:00:00,27.1,27.1,26.96,26.97,1800,0
2015-02-03,17:05:00,26.93,26.98,26.93,26.98,1500,0
2015-02-03,17:10:00,26.96,27.06,26.94,27.03,2800,0
2015-02-03,17:15:00,27.03,27.05,27.0,27.04,2200,0
2015-02-03,17:20:00,27.04,27.04,26.98,26.98,1500,0
2015-02-03,17:25:00,27.01,27.06,27.01,27.01,2100,0
2015-02-03,17:30:00,26.99,27.03,26.92,26.98,19061,0
2015-02-03,17:35:00,26.98,27.01,26.98,27.0,1942,0
2015-02-03,17:40:00,27.0,27.02,26.98,27.02,2000,0
2015-02-03,17:45:00,27.03,27.06,27.01,27.04,8945,0
2015-02-03,17:50:00,27.09,27.13,27.02,27.11,10100,0
2015-02-03,17:55:00,27.1,27.11,27.06,27.06,6737,0
2015-02-03,18:00:00,27.05,27.1,27.05,27.09,3526,0
2015-02-03,18:05:00,27.03,27.04,26.94,27.01,5772,0
2015-02-03,18:10:00,27.02,27.1,27.02,27.1,2500,0
2015-02-03,18:15:00,27.07,27.1,27.07,27.1,2712,0
2015-02-03,18:20:00,27.16,27.16,27.07,27.07,1202,0
2015-02-03,18:25:00,27.02,27.06,27.02,27.03,2300,0
2015-02-03,18:30:00,27.05,27.1,27.04,27.05,1800,0
2015-02-03,18:35:00,27.06,27.06,26.98,26.98,1400,0
2015-02-03,18:40:00,26.98,26.99,26.92,26.95,2600,0
2015-02-03,18:45:00,26.99,27.02,26.97,27.0,2500,0
2015-02-03,18:50:00,27.06,27.08,26.97,26.98,1600,0
2015-02-03,18:55:00,26.97,27.03,26.97,27.03,1100,0
2015-02-03,19:00:00,27.02,27.04,26.96,26.98,5170,0
2015-02-03,19:05:00,27.0,27.05,27.0,27.03,1700,0
2015-02-03,19:10:00,27.02,27.02,26.96,27.0,1200,0
2015-02-03,19:15:00,27.0,27.01,26.95,27.0,1500,0
2015-02-03,19:20:00,26.98,27.02,26.98,27.0,1800,0
2015-02-03,19:25:00,27.04,27.05,26.99,27.0,3000,0
2015-02-03,19:30:00,27.05,27.05,26.97,27.01,1700,0
2015-02-03,19:35:00,27.0,27.08,27.0,27.07,2900,0
2015-02-03,19:40:00,27.05,27.05,26.97,26.97,1500,0
2015-02-03,19:45:00,27.0,27.03,27.0,27.03,1900,0
2015-02-03,19:50:00,27.03,27.09,27.03,27.08,2000,0
2015-02-03,19:55:00,27.03,27.05,27.01,27.02,2050,0
2015-02-03,20:00:00,27.09,27.09,27.06,27.08,1700,0
2015-02-03,20:05:00,27.11,27.17,27.09,27.09,2700,0
2015-02-03,20:10:00,27.1,27.13,27.06,27.1,3100,0
2015-02-03,20:15:00,27.11,27.11,27.07,27.07,1600,0
2015-02-03,20:20:00,27.09,27.09,27.05,27.07,3084,0
2015-02-03,20:25:00,27.09,27.1,27.05,27.07,6326,0
2015-02-03,20:30:00,27.05,27.06,27.02,27.02,3611,0
2015-02-03,20:35:00,27.04,27.04,27.01,27.02,4000,0
2015-02-03,20:40:00,27.02,27.02,26.97,27.0,5300,0
2015-02-03,20:45:00,27.02,27.02,27.01,27.01,1500,0
2015-02-03,20:50:00,27.0,27.04,26.99,27.03,3200,0
2015-02-03,20:55:00,27.04,27.08,27.04,27.05,2400,0
2015-02-03,21:00:00,27.05,27.07,27.03,27.06,3100,0
2015-02-03,21:05:00,27.07,27.12,27.07,27.11,3127,0
2015-02-03,21:10:00,27.13,27.14,27.09,27.14,7043,0
2015-02-03,21:15:00,27.13,27.13,27.04,27.09,6300,0
2015-02-03,21:20:00,27.09,27.09,27.05,27.05,5400,0
2015-02-03,21:25:00,27.07,27.08,27.06,27.08,3100,0
2015-02-03,21:30:00,27.08,27.08,27.03,27.05,5536,0
2015-02-03,21:35:00,27.05,27.08,27.01,27.01,4600,0
2015-02-03,21:40:00,27.0,27.07,26.99,27.07,5524,0
2015-02-03,21:45:00,27.06,27.11,27.05,27.1,6000,0
2015-02-03,21:50:00,27.12,27.13,27.09,27.12,9226,0
2015-02-03,21:55:00,27.13,27.14,27.09,27.09,14064,0
2015-02-03,22:00:00,27.11,27.11,27.05,27.07,105823,0
2015-02-04,15:35:00,27.02,27.14,26.97,26.98,2415,0
2015-02-04,15:40:00,27.04,27.2,27.04,27.2,1614,0
2015-02-04,15:45:00,27.21,27.31,27.21,27.31,2084,0
2015-02-04,15:50:00,27.28,27.28,27.22,27.27,600,0
2015-02-04,15:55:00,27.2,27.29,27.2,27.29,500,0
2015-02-04,16:00:00,27.29,27.29,27.27,27.27,1300,0
2015-02-04,16:05:00,27.29,27.35,27.25,27.28,2700,0
2015-02-04,16:10:00,27.26,27.32,27.23,27.32,8381,0
2015-02-04,16:15:00,27.32,27.38,27.27,27.28,3605,0
2015-02-04,16:20:00,27.26,27.32,27.25,27.3,17150,0
2015-02-04,16:25:00,27.3,27.3,27.25,27.28,8613,0
2015-02-04,16:30:00,27.28,27.3,27.27,27.27,5721,0
2015-02-04,16:35:00,27.29,27.33,27.27,27.31,3062,0
2015-02-04,16:40:00,27.24,27.24,27.19,27.2,2100,0
2015-02-04,16:45:00,27.2,27.21,27.15,27.2,11000,0
2015-02-04,16:50:00,27.2,27.21,27.15,27.16,3800,0
2015-02-04,16:55:00,27.18,27.18,27.14,27.15,4600,0
2015-02-04,17:00:00,27.15,27.16,27.13,27.15,4900,0
2015-02-04,17:05:00,27.14,27.18,27.12,27.15,6898,0
2015-02-04,17:10:00,27.14,27.15,27.13,27.14,4700,0
2015-02-04,17:15:00,27.13,27.13,27.09,27.11,2000,0
2015-02-04,17:20:00,27.12,27.15,27.11,27.11,2000,0
2015-02-04,17:25:00,27.12,27.16,27.12,27.14,3200,0
2015-02-04,17:30:00,27.13,27.15,27.12,27.13,1600,0
2015-02-04,17:35:00,27.15,27.15,27.13,27.14,7374,0
2015-02-04,17:40:00,27.14,27.17,27.12,27.16,7700,0
2015-02-04,17:45:00,27.16,27.17,27.14,27.17,6700,0
2015-02-04,17:50:00,27.21,27.25,27.2,27.24,2401,0
2015-02-04,17:55:00,27.22,27.25,27.19,27.23,2200,0
2015-02-04,18:00:00,27.25,27.27,27.24,27.27,2000,0
2015-02-04,18:05:00,27.27,27.27,27.22,27.22,1950,0
2015-02-04,18:10:00,27.26,27.26,27.23,27.24,1540,0
2015-02-04,18:15:00,27.25,27.25,27.21,27.25,2900,0
2015-02-04,18:20:00,27.24,27.24,27.23,27.23,1700,0
2015-02-04,18:25:00,27.22,27.23,27.22,27.23,800,0
2015-02-04,18:30:00,27.23,27.23,27.17,27.18,2129,0
2015-02-04,18:35:00,27.17,27.2,27.16,27.2,900,0
2015-02-04,18:40:00,27.2,27.2,27.13,27.16,10126,0
2015-02-04,18:45:00,27.17,27.17,27.08,27.08,1400,0
2015-02-04,18:50:00,27.08,27.1,27.06,27.06,4500,0
2015-02-04,18:55:00,27.07,27.08,27.03,27.03,2000,0
2015-02-04,19:00:00,27.04,27.07,27.04,27.07,1300,0
2015-02-04,19:05:00,27.07,27.08,27.04,27.07,2200,0
2015-02-04,19:10:00,27.07,27.08,27.07,27.08,300,0
2015-02-04,19:15:00,27.07,27.08,27.05,27.06,3400,0
2015-02-04,19:20:00,27.06,27.09,27.05,27.08,4701,0
2015-02-04,19:25:00,27.07,27.07,27.04,27.04,1000,0
2015-02-04,19:30:00,27.04,27.07,27.04,27.07,2300,0
2015-02-04,19:35:00,27.07,27.07,27.04,27.06,3351,0
2015-02-04,19:40:00,27.05,27.05,27.01,27.01,2300,0
2015-02-04,19:45:00,27.0,27.05,27.0,27.02,2700,0
2015-02-04,19:50:00,27.02,27.02,26.98,26.99,2700,0
2015-02-04,19:55:00,26.99,26.99,26.97,26.99,3000,0
2015-02-04,20:00:00,27.01,27.01,26.93,26.96,3100,0
2015-02-04,20:05:00,26.97,27.03,26.97,27.02,2700,0
2015-02-04,20:10:00,26.99,27.02,26.97,26.98,3406,0
2015-02-04,20:15:00,26.99,27.0,26.96,26.97,3600,0
2015-02-04,20:20:00,26.97,26.98,26.94,26.98,2994,0
2015-02-04,20:25:00,26.98,27.01,26.97,26.97,2486,0
2015-02-04,20:30:00,26.96,26.99,26.96,26.99,2006,0
2015-02-04,20:35:00,27.0,27.02,26.98,26.99,1500,0
2015-02-04,20:40:00,26.99,27.05,26.98,27.05,3675,0
2015-02-04,20:45:00,27.04,27.08,27.02,27.08,1600,0
2015-02-04,20:50:00,27.07,27.07,27.04,27.07,2400,0
2015-02-04,20:55:00,27.06,27.08,27.04,27.07,4712,0
2015-02-04,21:00:00,27.07,27.08,27.05,27.07,15003,0
2015-02-04,21:05:00,27.08,27.08,27.06,27.07,2800,0
2015-02-04,21:10:00,27.07,27.09,27.06,27.09,4002,0
2015-02-04,21:15:00,27.09,27.11,27.07,27.11,3823,0
2015-02-04,21:20:00,27.12,27.14,27.11,27.13,2400,0
2015-02-04,21:25:00,27.14,27.16,27.13,27.14,5200,0
2015-02-04,21:30:00,27.15,27.19,27.15,27.19,2600,0
2015-02-04,21:35:00,27.21,27.21,27.13,27.15,5712,0
2015-02-04,21:40:00,27.17,27.18,27.08,27.09,5600,0
2015-02-04,21:45:00,27.07,27.09,27.01,27.02,9870,0
2015-02-04,21:50:00,27.01,27.01,26.89,26.98,18774,0
2015-02-04,21:55:00,26.99,26.99,26.89,26.91,18440,0
2015-02-04,22:00:00,26.9,26.91,26.88,26.91,60865,0
2015-02-05,15:35:00,27.02,27.35,27.02,27.33,2251,0
2015-02-05,15:40:00,27.15,27.29,27.13,27.29,2500,0
2015-02-05,15:45:00,27.28,27.34,27.19,27.25,3000,0
2015-02-05,15:50:00,27.31,27.37,27.31,27.37,4265,0
2015-02-05,15:55:00,27.4,27.42,27.34,27.37,7576,0
2015-02-05,16:00:00,27.42,27.42,27.33,27.34,5400,0
2015-02-05,16:05:00,27.39,27.51,27.34,27.51,6221,0
2015-02-05,16:10:00,27.54,27.6,27.5,27.51,3600,0
2015-02-05,16:15:00,27.51,27.53,27.43,27.44,9366,0
2015-02-05,16:20:00,27.45,27.45,27.4,27.4,6200,0
2015-02-05,16:25:00,27.38,27.38,27.3,27.31,4855,0
2015-02-05,16:30:00,27.31,27.33,27.25,27.3,17999,0
2015-02-05,16:35:00,27.29,27.29,27.26,27.26,1533,0
2015-02-05,16:40:00,27.29,27.32,27.27,27.3,3800,0
2015-02-05,16:45:00,27.33,27.33,27.26,27.29,6456,0
2015-02-05,16:50:00,27.28,27.36,27.27,27.34,2600,0
2015-02-05,16:55:00,27.33,27.33,27.28,27.28,3100,0
2015-02-05,17:00:00,27.32,27.35,27.32,27.35,3200,0
2015-02-05,17:05:00,27.35,27.35,27.33,27.33,1402,0
2015-02-05,17:10:00,27.34,27.38,27.33,27.38,3840,0
2015-02-05,17:15:00,27.43,27.43,27.38,27.38,3886,0
2015-02-05,17:20:00,27.4,27.41,27.35,27.35,3358,0
2015-02-05,17:25:00,27.36,27.39,27.34,27.39,1200,0
2015-02-05,17:30:00,27.4,27.4,27.38,27.39,14200,0
2015-02-05,17:35:00,27.4,27.41,27.34,27.34,3499,0
2015-02-05,17:40:00,27.33,27.37,27.33,27.37,2300,0
2015-02-05,17:45:00,27.35,27.35,27.32,27.33,1400,0
2015-02-05,17:50:00,27.36,27.4,27.36,27.37,1900,0
2015-02-05,17:55:00,27.38,27.38,27.35,27.35,1630,0
2015-02-05,18:00:00,27.38,27.4,27.35,27.35,2400,0
2015-02-05,18:05:00,27.39,27.39,27.36,27.38,1700,0
2015-02-05,18:10:00,27.38,27.38,27.38,27.38,600,0
2015-02-05,18:15:00,27.39,27.39,27.39,27.39,1100,0
2015-02-05,18:20:00,27.4,27.4,27.35,27.36,3700,0
2015-02-05,18:25:00,27.38,27.38,27.38,27.38,242,0
2015-02-05,18:30:00,27.38,27.42,27.38,27.42,1838,0
2015-02-05,18:35:00,27.43,27.43,27.4,27.4,2500,0
2015-02-05,18:40:00,27.38,27.38,27.37,27.37,500,0
2015-02-05,18:45:00,27.38,27.39,27.38,27.39,800,0
2015-02-05,18:50:00,27.4,27.41,27.39,27.39,500,0
2015-02-05,18:55:00,27.39,27.39,27.32,27.32,2600,0
2015-02-05,19:00:00,27.32,27.35,27.32,27.35,500,0
2015-02-05,19:05:00,27.35,27.37,27.35,27.37,900,0
2015-02-05,19:10:00,27.38,27.38,27.37,27.37,901,0
2015-02-05,19:15:00,27.4,27.41,27.38,27.38,1700,0
2015-02-05,19:20:00,27.41,27.42,27.38,27.39,3700,0
2015-02-05,19:25:00,27.38,27.4,27.36,27.4,1900,0
2015-02-05,19:30:00,27.4,27.41,27.38,27.4,2500,0
2015-02-05,19:40:00,27.42,27.43,27.41,27.43,601,0
2015-02-05,19:45:00,27.44,27.45,27.44,27.45,1400,0
2015-02-05,19:50:00,27.46,27.47,27.46,27.47,400,0
2015-02-05,19:55:00,27.49,27.49,27.45,27.46,3505,0
2015-02-05,20:00:00,27.46,27.46,27.44,27.44,900,0
2015-02-05,20:05:00,27.45,27.45,27.42,27.42,3335,0
2015-02-05,20:10:00,27.42,27.44,27.42,27.43,895,0
2015-02-05,20:15:00,27.43,27.48,27.43,27.45,2200,0
2015-02-05,20:20:00,27.45,27.47,27.45,27.47,1104,0
2015-02-05,20:30:00,27.46,27.46,27.42,27.42,3900,0
2015-02-05,20:35:00,27.41,27.41,27.37,27.4,7200,0
2015-02-05,20:40:00,27.38,27.4,27.37,27.37,3495,0
2015-02-05,20:45:00,27.39,27.39,27.33,27.33,5800,0
2015-02-05,20:50:00,27.33,27.38,27.32,27.38,1600,0
2015-02-05,20:55:00,27.38,27.42,27.38,27.4,3100,0
2015-02-05,21:00:00,27.4,27.4,27.36,27.38,20595,0
2015-02-05,21:05:00,27.39,27.43,27.39,27.43,1300,0
2015-02-05,21:10:00,27.45,27.45,27.43,27.44,2902,0
2015-02-05,21:15:00,27.45,27.48,27.45,27.48,1700,0
2015-02-05,21:20:00,27.49,27.5,27.47,27.5,3906,0
2015-02-05,21:25:00,27.5,27.51,27.49,27.51,3000,0
2015-02-05,21:30:00,27.51,27.56,27.51,27.55,4200,0
2015-02-05,21:35:00,27.55,27.55,27.49,27.51,12785,0
2015-02-05,21:40:00,27.51,27.57,27.51,27.57,6300,0
2015-02-05,21:45:00,27.57,27.57,27.53,27.55,8887,0
2015-02-05,21:50:00,27.56,27.6,27.54,27.59,9777,0
2015-02-05,21:55:00,27.59,27.59,27.56,27.57,12980,0
2015-02-05,22:00:00,27.57,27.61,27.55,27.58,88787,0
2015-02-06,15:35:00,27.76,27.99,27.72,27.93,71680,0
2015-02-06,15:40:00,27.94,28.11,27.94,28.11,9917,0
2015-02-06,15:45:00,28.19,28.21,28.1,28.16,5860,0
2015-02-06,15:50:00,28.15,28.21,28.14,28.19,4594,0
2015-02-06,15:55:00,28.17,28.27,28.15,28.25,22979,0
2015-02-06,16:00:00,28.26,28.26,28.13,28.25,5906,0
2015-02-06,16:05:00,28.23,28.3,28.23,28.29,5680,0
2015-02-06,16:10:00,28.31,28.31,28.26,28.29,3672,0
2015-02-06,16:15:00,28.29,28.47,28.29,28.43,44319,0
2015-02-06,16:20:00,28.43,28.53,28.42,28.49,13749,0
2015-02-06,16:25:00,28.46,28.5,28.39,28.5,8700,0
2015-02-06,16:30:00,28.5,28.54,28.46,28.52,12289,0
2015-02-06,16:35:00,28.52,28.58,28.52,28.54,11480,0
2015-02-06,16:40:00,28.54,28.61,28.52,28.59,11973,0
2015-02-06,16:45:00,28.58,28.75,28.54,28.59,36295,0
2015-02-06,16:50:00,28.6,28.64,28.56,28.62,3800,0
2015-02-06,16:55:00,28.6,28.6,28.49,28.49,17100,0
2015-02-06,17:00:00,28.5,28.54,28.46,28.54,3372,0
2015-02-06,17:05:00,28.56,28.59,28.56,28.57,7300,0
2015-02-06,17:10:00,28.58,28.59,28.55,28.55,6300,0
2015-02-06,17:15:00,28.58,28.62,28.58,28.62,6300,0
2015-02-06,17:20:00,28.61,28.65,28.59,28.6,3600,0
2015-02-06,17:25:00,28.59,28.67,28.59,28.67,3750,0
2015-02-06,17:30:00,28.66,28.66,28.59,28.59,3300,0
2015-02-06,17:35:00,28.59,28.6,28.45,28.45,45107,0
2015-02-06,17:40:00,28.44,28.45,28.42,28.44,2309,0
2015-02-06,17:45:00,28.44,28.45,28.37,28.45,10299,0
2015-02-06,17:50:00,28.45,28.5,28.41,28.49,10200,0
2015-02-06,17:55:00,28.48,28.51,28.46,28.49,10566,0
2015-02-06,18:00:00,28.5,28.57,28.44,28.47,21268,0
2015-02-06,18:05:00,28.48,28.5,28.39,28.4,3600,0
2015-02-06,18:10:00,28.41,28.41,28.36,28.36,3810,0
2015-02-06,18:15:00,28.37,28.37,28.27,28.34,11165,0
2015-02-06,18:20:00,28.36,28.36,28.31,28.32,4185,0
2015-02-06,18:25:00,28.34,28.36,28.32,28.34,6433,0
2015-02-06,18:30:00,28.35,28.38,28.34,28.35,4600,0
2015-02-06,18:35:00,28.35,28.38,28.35,28.36,5233,0
2015-02-06,18:40:00,28.36,28.36,28.28,28.29,10038,0
2015-02-06,18:45:00,28.32,28.36,28.3,28.3,4300,0
2015-02-06,18:50:00,28.28,28.35,28.25,28.35,6930,0
2015-02-06,18:55:00,28.34,28.42,28.34,28.39,9200,0
2015-02-06,19:00:00,28.41,28.41,28.39,28.4,34836,0
2015-02-06,19:05:00,28.37,28.39,28.34,28.35,2700,0
2015-02-06,19:10:00,28.32,28.32,28.27,28.28,4050,0
2015-02-06,19:15:00,28.28,28.28,28.25,28.25,1000,0
2015-02-06,19:20:00,28.24,28.28,28.22,28.26,5500,0
2015-02-06,19:25:00,28.22,28.22,28.13,28.13,26129,0
2015-02-06,19:30:00,28.13,28.14,28.09,28.14,3576,0
2015-02-06,19:35:00,28.16,28.16,28.11,28.13,2955,0
2015-02-06,19:40:00,28.12,28.12,28.01,28.04,5162,0
2015-02-06,19:45:00,28.06,28.15,28.06,28.15,6570,0
2015-02-06,19:50:00,28.15,28.15,28.11,28.15,7028,0
2015-02-06,19:55:00,28.14,28.15,28.13,28.15,1900,0
2015-02-06,20:00:00,28.14,28.19,28.14,28.15,8078,0
2015-02-06,20:05:00,28.14,28.16,28.1,28.15,13200,0
2015-02-06,20:10:00,28.15,28.17,28.14,28.15,2275,0
2015-02-06,20:15:00,28.16,28.17,28.15,28.15,3500,0
2015-02-06,20:20:00,28.16,28.17,28.13,28.14,3253,0
2015-02-06,20:25:00,28.14,28.15,28.11,28.11,3192,0
2015-02-06,20:30:00,28.11,28.11,28.09,28.09,3186,0
2015-02-06,20:35:00,28.09,28.12,28.07,28.12,2500,0
2015-02-06,20:40:00,28.13,28.15,28.13,28.13,4300,0
2015-02-06,20:45:00,28.12,28.15,28.12,28.13,3900,0
2015-02-06,20:50:00,28.11,28.14,28.11,28.12,13271,0
2015-02-06,20:55:00,28.1,28.12,28.04,28.04,3392,0
2015-02-06,21:00:00,28.05,28.07,28.03,28.03,4000,0
2015-02-06,21:05:00,28.03,28.04,27.95,27.95,6100,0
2015-02-06,21:10:00,27.97,28.1,27.97,28.03,5700,0
2015-02-06,21:15:00,28.02,28.1,28.01,28.06,6850,0
2015-02-06,21:20:00,28.06,28.08,28.01,28.05,5810,0
2015-02-06,21:25:00,28.05,28.09,28.04,28.09,6533,0
2015-02-06,21:30:00,28.09,28.09,28.07,28.08,3851,0
2015-02-06,21:35:00,28.07,28.16,28.07,28.15,7114,0
2015-02-06,21:40:00,28.16,28.18,28.15,28.18,5200,0
2015-02-06,21:45:00,28.18,28.18,28.13,28.14,7198,0
2015-02-06,21:50:00,28.12,28.14,28.07,28.13,12020,0
2015-02-06,21:55:00,28.13,28.2,28.13,28.2,21967,0
2015-02-06,22:00:00,28.21,28.25,28.17,28.23,111309,0
2015-02-09,15:35:00,28.02,28.03,27.75,28.03,5800,0
2015-02-09,15:40:00,28.04,28.12,27.98,28.11,3900,0
2015-02-09,15:45:00,28.18,28.18,28.0,28.0,1800,0
2015-02-09,15:50:00,28.05,28.1,28.05,28.05,2900,0
2015-02-09,15:55:00,28.02,28.12,28.02,28.07,4400,0
2015-02-09,16:00:00,28.08,28.1,28.02,28.05,19945,0
2015-02-09,16:05:00,28.05,28.05,28.01,28.01,5400,0
2015-02-09,16:10:00,27.99,28.0,27.93,27.93,2400,0
2015-02-09,16:15:00,27.91,27.92,27.88,27.92,2800,0
2015-02-09,16:20:00,27.95,27.95,27.84,27.87,5200,0
2015-02-09,16:25:00,27.85,27.9,27.85,27.9,2400,0
2015-02-09,16:30:00,27.88,27.91,27.77,27.77,6300,0
2015-02-09,16:35:00,27.77,27.82,27.77,27.82,900,0
2015-02-09,16:40:00,27.82,27.88,27.82,27.86,1600,0
2015-02-09,16:45:00,27.84,27.86,27.79,27.83,5900,0
2015-02-09,16:50:00,27.83,27.86,27.78,27.86,3664,0
2015-02-09,16:55:00,27.88,27.89,27.85,27.89,2700,0
2015-02-09,17:00:00,27.89,27.89,27.87,27.87,2982,0
2015-02-09,17:05:00,27.87,27.94,27.87,27.91,6200,0
2015-02-09,17:10:00,27.92,27.92,27.9,27.91,1300,0
2015-02-09,17:15:00,27.93,27.94,27.92,27.94,1100,0
2015-02-09,17:20:00,27.9,27.94,27.87,27.93,9600,0
2015-02-09,17:25:00,27.94,27.97,27.94,27.96,2500,0
2015-02-09,17:30:00,27.96,28.02,27.95,28.02,3200,0
2015-02-09,17:35:00,28.02,28.02,27.98,28.01,1100,0
2015-02-09,17:40:00,27.98,27.98,27.94,27.94,2810,0
2015-02-09,17:45:00,27.96,27.99,27.96,27.97,1600,0
2015-02-09,17:50:00,27.96,27.99,27.96,27.99,2700,0
2015-02-09,17:55:00,28.0,28.01,28.0,28.0,1800,0
2015-02-09,18:00:00,28.01,28.03,27.99,28.01,3983,0
2015-02-09,18:05:00,28.01,28.01,27.98,27.98,3300,0
2015-02-09,18:10:00,27.98,28.0,27.98,27.99,2637,0
2015-02-09,18:15:00,28.0,28.0,27.96,27.96,1934,0
2015-02-09,18:20:00,27.96,27.96,27.93,27.93,1887,0
2015-02-09,18:25:00,27.94,27.95,27.93,27.95,2500,0
2015-02-09,18:30:00,27.94,27.94,27.93,27.94,1000,0
2015-02-09,18:35:00,27.96,27.96,27.92,27.95,5902,0
2015-02-09,18:40:00,27.94,27.95,27.93,27.93,2209,0
2015-02-09,18:45:00,27.94,27.94,27.94,27.94,600,0
2015-02-09,18:50:00,27.94,27.94,27.93,27.94,3147,0
2015-02-09,18:55:00,27.92,27.92,27.92,27.92,700,0
2015-02-09,19:00:00,27.91,27.91,27.87,27.87,900,0
2015-02-09,19:05:00,27.83,27.86,27.81,27.82,1700,0
2015-02-09,19:10:00,27.84,27.84,27.81,27.81,1600,0
2015-02-09,19:15:00,27.83,27.84,27.82,27.82,2289,0
2015-02-09,19:20:00,27.82,27.83,27.82,27.83,2100,0
2015-02-09,19:25:00,27.82,27.83,27.81,27.81,1897,0
2015-02-09,19:30:00,27.8,27.8,27.76,27.77,3900,0
2015-02-09,19:35:00,27.74,27.74,27.71,27.72,3790,0
2015-02-09,19:40:00,27.75,27.75,27.74,27.74,1000,0
2015-02-09,19:45:00,27.74,27.76,27.72,27.74,4500,0
2015-02-09,19:50:00,27.73,27.74,27.73,27.74,691,0
2015-02-09,19:55:00,27.73,27.75,27.73,27.75,2700,0
2015-02-09,20:00:00,27.76,27.79,27.76,27.79,1900,0
2015-02-09,20:05:00,27.78,27.83,27.78,27.82,11460,0
2015-02-09,20:10:00,27.83,27.84,27.8,27.8,3800,0
2015-02-09,20:15:00,27.8,27.82,27.75,27.78,7348,0
2015-02-09,20:20:00,27.78,27.81,27.77,27.77,8100,0
2015-02-09,20:25:00,27.77,27.8,27.77,27.77,7024,0
2015-02-09,20:30:00,27.78,27.81,27.77,27.78,3202,0
2015-02-09,20:35:00,27.78,27.8,27.75,27.76,6150,0
2015-02-09,20:40:00,27.75,27.75,27.74,27.75,4000,0
2015-02-09,20:45:00,27.76,27.76,27.73,27.74,5400,0
2015-02-09,20:50:00,27.73,27.73,27.69,27.69,2894,0
2015-02-09,20:55:00,27.74,27.77,27.74,27.74,2451,0
2015-02-09,21:00:00,27.76,27.77,27.73,27.73,1504,0
2015-02-09,21:05:00,27.73,27.74,27.7,27.7,3100,0
2015-02-09,21:10:00,27.68,27.72,27.68,27.72,3540,0
2015-02-09,21:15:00,27.71,27.79,27.71,27.77,5616,0
2015-02-09,21:20:00,27.76,27.76,27.72,27.72,7500,0
2015-02-09,21:25:00,27.71,27.78,27.7,27.77,6800,0
2015-02-09,21:30:00,27.77,27.8,27.76,27.8,4800,0
2015-02-09,21:35:00,27.79,27.8,27.74,27.74,10407,0
2015-02-09,21:40:00,27.74,27.76,27.7,27.75,5721,0
2015-02-09,21:45:00,27.73,27.78,27.73,27.74,5075,0
2015-02-09,21:50:00,27.73,27.75,27.71,27.74,6600,0
2015-02-09,21:55:00,27.73,27.75,27.7,27.7,10826,0
2015-02-09,22:00:00,27.7,27.73,27.67,27.68,41808,0
2015-02-10,15:35:00,28.01,28.01,28.01,28.01,200,0
2015-02-10,15:40:00,27.84,27.84,27.83,27.83,1200,0
2015-02-10,15:45:00,27.79,27.79,27.79,27.79,200,0
2015-02-10,15:50:00,27.77,27.77,27.71,27.73,2800,0
2015-02-10,15:55:00,27.77,27.8,27.65,27.67,2000,0
2015-02-10,16:00:00,27.69,27.71,27.57,27.58,2687,0
2015-02-10,16:05:00,27.61,27.65,27.55,27.57,3350,0
2015-02-10,16:10:00,27.56,27.57,27.5,27.57,3300,0
2015-02-10,16:15:00,27.58,27.68,27.58,27.64,3200,0
2015-02-10,16:20:00,27.69,27.7,27.66,27.66,1100,0
2015-02-10,16:25:00,27.62,27.62,27.62,27.62,400,0
2015-02-10,16:30:00,27.58,27.59,27.5,27.5,2700,0
2015-02-10,16:35:00,27.51,27.51,27.5,27.5,2470,0
2015-02-10,16:40:00,27.57,27.57,27.53,27.55,1000,0
2015-02-10,16:45:00,27.54,27.54,27.5,27.52,1000,0
2015-02-10,16:50:00,27.52,27.52,27.41,27.45,1700,0
2015-02-10,16:55:00,27.46,27.55,27.46,27.53,4175,0
2015-02-10,17:00:00,27.55,27.63,27.55,27.58,3600,0
2015-02-10,17:05:00,27.57,27.57,27.52,27.53,1900,0
2015-02-10,17:10:00,27.59,27.6,27.54,27.6,1000,0
2015-02-10,17:15:00,27.65,27.67,27.64,27.64,1500,0
2015-02-10,17:20:00,27.65,27.76,27.65,27.76,1100,0
2015-02-10,17:25:00,27.74,27.74,27.7,27.7,2000,0
2015-02-10,17:30:00,27.73,27.74,27.71,27.73,1300,0
2015-02-10,17:35:00,27.75,27.75,27.75,27.75,200,0
2015-02-10,17:40:00,27.77,27.77,27.75,27.76,700,0
2015-02-10,17:45:00,27.77,27.8,27.77,27.79,1600,0
2015-02-10,17:50:00,27.8,27.8,27.78,27.78,900,0
2015-02-10,18:00:00,27.79,27.79,27.78,27.78,700,0
2015-02-10,18:05:00,27.77,27.77,27.74,27.76,2698,0
2015-02-10,18:10:00,27.77,27.8,27.77,27.8,1300,0
2015-02-10,18:15:00,27.81,27.85,27.81,27.85,1400,0
2015-02-10,18:20:00,27.84,27.9,27.84,27.9,3200,0
2015-02-10,18:25:00,27.91,27.91,27.87,27.87,1700,0
2015-02-10,18:30:00,27.86,27.86,27.82,27.84,1300,0
2015-02-10,18:35:00,27.84,27.84,27.81,27.82,900,0
2015-02-10,18:40:00,27.81,27.81,27.8,27.8,1600,0
2015-02-10,18:45:00,27.79,27.82,27.79,27.82,1100,0
2015-02-10,18:50:00,27.81,27.81,27.8,27.8,200,0
2015-02-10,18:55:00,27.8,27.82,27.79,27.79,2400,0
2015-02-10,19:00:00,27.8,27.8,27.8,27.8,300,0
2015-02-10,19:05:00,27.82,27.86,27.81,27.85,6150,0
2015-02-10,19:15:00,27.86,27.9,27.86,27.9,3512,0
2015-02-10,19:20:00,27.91,27.91,27.89,27.89,200,0
2015-02-10,19:25:00,27.87,27.87,27.83,27.85,3176,0
2015-02-10,19:30:00,27.85,27.85,27.83,27.85,3060,0
2015-02-10,19:35:00,27.86,27.87,27.85,27.86,3216,0
2015-02-10,19:40:00,27.86,27.87,27.8,27.85,2890,0
2015-02-10,19:45:00,27.84,27.84,27.84,27.84,400,0
2015-02-10,19:50:00,27.85,27.87,27.85,27.87,1000,0
2015-02-10,19:55:00,27.86,27.86,27.85,27.85,1600,0
2015-02-10,20:00:00,27.83,27.84,27.83,27.83,600,0
2015-02-10,20:05:00,27.83,27.86,27.81,27.85,1414,0
2015-02-10,20:10:00,27.85,27.85,27.85,27.85,200,0
2015-02-10,20:15:00,27.86,27.87,27.85,27.85,1700,0
2015-02-10,20:20:00,27.86,27.87,27.86,27.87,600,0
2015-02-10,20:25:00,27.89,27.9,27.88,27.88,2600,0
2015-02-10,20:30:00,27.9,27.93,27.9,27.91,2512,0
2015-02-10,20:35:00,27.9,27.92,27.9,27.9,2015,0
2015-02-10,20:40:00,27.92,27.94,27.92,27.94,1200,0
2015-02-10,20:45:00,27.92,27.95,27.92,27.92,2695,0
2015-02-10,20:50:00,27.92,27.95,27.92,27.95,1174,0
2015-02-10,20:55:00,27.94,27.94,27.91,27.91,1900,0
2015-02-10,21:00:00,27.96,27.96,27.96,27.96,1100,0
2015-02-10,21:05:00,27.98,27.98,27.94,27.95,1700,0
2015-02-10,21:10:00,27.94,27.97,27.94,27.97,1800,0
2015-02-10,21:15:00,27.97,27.97,27.93,27.94,2100,0
2015-02-10,21:20:00,27.97,27.97,27.92,27.95,2600,0
2015-02-10,21:25:00,27.96,27.96,27.94,27.95,1800,0
2015-02-10,21:30:00,27.95,28.0,27.93,28.0,17026,0
2015-02-10,21:35:00,28.02,28.06,28.0,28.04,8700,0
2015-02-10,21:40:00,28.04,28.07,28.04,28.07,6550,0
2015-02-10,21:45:00,28.08,28.1,28.05,28.09,16072,0
2015-02-10,21:50:00,28.06,28.08,28.0,28.02,46663,0
2015-02-10,21:55:00,28.02,28.02,27.97,28.01,11214,0
2015-02-10,22:00:00,28.01,28.01,27.95,27.97,60310,0
2015-02-11,15:35:00,27.9,27.97,27.84,27.87,4200,0
2015-02-11,15:40:00,27.85,27.86,27.73,27.86,3950,0
2015-02-11,15:45:00,27.83,27.94,27.83,27.88,5700,0
2015-02-11,15:50:00,27.87,27.88,27.79,27.85,11394,0
2015-02-11,15:55:00,27.76,27.8,27.73,27.75,7000,0
2015-02-11,16:00:00,27.76,27.92,27.7,27.91,2684,0
2015-02-11,16:05:00,27.85,27.85,27.72,27.75,4300,0
2015-02-11,16:10:00,27.71,27.78,27.71,27.75,3400,0
2015-02-11,16:15:00,27.73,27.74,27.71,27.74,2700,0
2015-02-11,16:20:00,27.74,27.74,27.63,27.7,4300,0
2015-02-11,16:25:00,27.7,27.7,27.62,27.64,4050,0
2015-02-11,16:30:00,27.63,27.68,27.62,27.67,3900,0
2015-02-11,16:35:00,27.67,27.7,27.61,27.68,3400,0
2015-02-11,16:40:00,27.69,27.75,27.68,27.75,4456,0
2015-02-11,16:45:00,27.73,27.81,27.73,27.78,9570,0
2015-02-11,16:50:00,27.78,27.79,27.77,27.77,600,0
2015-02-11,16:55:00,27.78,27.8,27.78,27.8,700,0
2015-02-11,17:00:00,27.81,27.81,27.78,27.81,3900,0
2015-02-11,17:05:00,27.81,27.9,27.81,27.9,2500,0
2015-02-11,17:10:00,27.89,27.94,27.89,27.9,2014,0
2015-02-11,17:15:00,27.92,27.97,27.92,27.92,2751,0
2015-02-11,17:20:00,27.92,27.92,27.89,27.92,5700,0
2015-02-11,17:25:00,27.91,27.91,27.9,27.9,600,0
2015-02-11,17:30:00,27.9,27.91,27.9,27.9,1800,0
2015-02-11,17:35:00,27.89,27.91,27.88,27.91,7749,0
2015-02-11,17:40:00,27.94,27.94,27.93,27.94,2200,0
2015-02-11,17:45:00,27.94,27.98,27.94,27.97,5700,0
2015-02-11,17:50:00,27.99,27.99,27.97,27.98,1900,0
2015-02-11,17:55:00,27.97,27.99,27.95,27.99,2800,0
2015-02-11,18:00:00,27.98,27.99,27.97,27.97,2100,0
2015-02-11,18:05:00,27.97,27.97,27.92,27.92,3500,0
2015-02-11,18:10:00,27.91,27.95,27.91,27.94,2700,0
2015-02-11,18:15:00,27.93,28.0,27.93,28.0,8200,0
2015-02-11,18:20:00,27.99,28.02,27.99,28.0,4098,0
2015-02-11,18:25:00,27.99,28.02,27.99,28.01,5208,0
2015-02-11,18:30:00,28.02,28.05,28.01,28.04,8100,0
2015-02-11,18:35:00,28.04,28.05,28.01,28.03,2500,0
2015-02-11,18:40:00,28.02,28.03,28.02,28.02,2400,0
2015-02-11,18:45:00,28.02,28.05,27.99,28.05,5797,0
2015-02-11,18:50:00,28.05,28.06,28.03,28.03,3583,0
2015-02-11,18:55:00,28.04,28.04,27.99,27.99,2400,0
2015-02-11,19:00:00,28.0,28.0,27.97,27.99,12400,0
2015-02-11,19:05:00,28.0,28.0,27.95,27.95,2900,0
2015-02-11,19:10:00,27.95,27.96,27.93,27.95,3400,0
2015-02-11,19:15:00,27.96,27.96,27.92,27.94,18648,0
2015-02-11,19:20:00,27.93,27.95,27.88,27.88,17665,0
2015-02-11,19:25:00,27.88,27.88,27.82,27.82,4797,0
2015-02-11,19:30:00,27.85,27.85,27.82,27.82,1307,0
2015-02-11,19:35:00,27.85,27.85,27.79,27.83,5649,0
2015-02-11,19:40:00,27.8,27.82,27.79,27.82,1600,0
2015-02-11,19:45:00,27.82,27.83,27.82,27.82,1820,0
2015-02-11,19:50:00,27.8,27.81,27.77,27.77,2900,0
2015-02-11,19:55:00,27.76,27.78,27.74,27.74,2500,0
2015-02-11,20:00:00,27.72,27.82,27.72,27.81,2400,0
2015-02-11,20:05:00,27.84,27.9,27.81,27.9,2500,0
2015-02-11,20:10:00,27.9,27.9,27.86,27.9,2900,0
2015-02-11,20:15:00,27.89,27.91,27.88,27.91,1643,0
2015-02-11,20:20:00,27.86,27.87,27.84,27.84,2200,0
2015-02-11,20:25:00,27.85,27.85,27.82,27.83,1700,0
2015-02-11,20:30:00,27.82,27.84,27.79,27.83,5100,0
2015-02-11,20:35:00,27.83,27.86,27.82,27.85,3500,0
2015-02-11,20:40:00,27.87,27.87,27.85,27.87,3267,0
2015-02-11,20:45:00,27.87,27.89,27.84,27.85,5300,0
2015-02-11,20:50:00,27.86,27.87,27.86,27.87,3300,0
2015-02-11,20:55:00,27.88,27.91,27.88,27.89,4071,0
2015-02-11,21:00:00,27.89,27.89,27.87,27.88,2500,0
2015-02-11,21:05:00,27.89,27.89,27.87,27.87,2100,0
2015-02-11,21:10:00,27.87,27.89,27.85,27.87,2800,0
2015-02-11,21:15:00,27.86,27.89,27.86,27.87,4600,0
2015-02-11,21:20:00,27.87,27.88,27.86,27.86,4000,0
2015-02-11,21:25:00,27.87,27.89,27.86,27.89,5800,0
2015-02-11,21:30:00,27.9,27.93,27.87,27.89,24684,0
2015-02-11,21:35:00,27.89,27.9,27.8,27.81,7104,0
2015-02-11,21:40:00,27.82,27.9,27.82,27.9,8000,0
2015-02-11,21:45:00,27.9,27.92,27.86,27.86,8100,0
2015-02-11,21:50:00,27.86,27.86,27.79,27.79,10536,0
2015-02-11,21:55:00,27.8,27.82,27.77,27.81,11604,0
2015-02-11,22:00:00,27.78,27.82,27.78,27.81,37734,0
2015-02-12,15:35:00,28.05,28.18,28.03,28.17,5161,0
2015-02-12,15:40:00,28.14,28.17,28.04,28.16,6600,0
2015-02-12,15:45:00,28.17,28.31,28.17,28.27,5600,0
2015-02-12,15:50:00,28.24,28.29,28.19,28.22,5075,0
2015-02-12,15:55:00,28.25,28.31,28.22,28.29,4250,0
2015-02-12,16:00:00,28.28,28.36,28.27,28.36,5900,0
2015-02-12,16:05:00,28.32,28.34,28.28,28.34,6683,0
2015-02-12,16:10:00,28.39,28.45,28.39,28.44,5445,0
2015-02-12,16:15:00,28.44,28.44,28.4,28.43,5800,0
2015-02-12,16:20:00,28.44,28.51,28.44,28.45,8930,0
2015-02-12,16:25:00,28.46,28.47,28.36,28.36,4500,0
2015-02-12,16:30:00,28.37,28.37,28.31,28.37,6406,0
2015-02-12,16:35:00,28.38,28.38,28.33,28.33,6560,0
2015-02-12,16:40:00,28.33,28.37,28.32,28.37,2900,0
2015-02-12,16:45:00,28.35,28.38,28.31,28.32,3241,0
2015-02-12,16:50:00,28.34,28.35,28.28,28.28,2400,0
2015-02-12,16:55:00,28.25,28.27,28.24,28.24,2908,0
2015-02-12,17:00:00,28.22,28.23,28.15,28.15,2600,0
2015-02-12,17:05:00,28.17,28.21,28.16,28.21,900,0
2015-02-12,17:10:00,28.22,28.22,28.2,28.2,780,0
2015-02-12,17:15:00,28.22,28.28,28.22,28.25,1200,0
2015-02-12,17:20:00,28.23,28.24,28.17,28.17,2600,0
2015-02-12,17:25:00,28.16,28.17,28.12,28.12,1800,0
2015-02-12,17:30:00,28.12,28.14,28.08,28.14,2000,0
2015-02-12,17:35:00,28.14,28.17,28.13,28.14,6100,0
2015-02-12,17:40:00,28.15,28.15,28.11,28.12,8202,0
2015-02-12,17:45:00,28.11,28.14,28.1,28.14,1000,0
2015-02-12,17:50:00,28.14,28.21,28.14,28.18,11500,0
2015-02-12,17:55:00,28.19,28.19,28.15,28.15,3200,0
2015-02-12,18:00:00,28.15,28.17,28.15,28.15,420,0
2015-02-12,18:05:00,28.16,28.18,28.14,28.14,2340,0
2015-02-12,18:10:00,28.13,28.14,28.13,28.14,600,0
2015-02-12,18:15:00,28.11,28.15,28.11,28.15,800,0
2015-02-12,18:20:00,28.16,28.2,28.16,28.2,4000,0
2015-02-12,18:25:00,28.2,28.21,28.19,28.21,1900,0
2015-02-12,18:30:00,28.21,28.21,28.19,28.19,500,0
2015-02-12,18:35:00,28.23,28.23,28.18,28.18,13634,0
2015-02-12,18:40:00,28.2,28.2,28.17,28.17,16100,0
2015-02-12,18:45:00,28.19,28.26,28.19,28.25,43800,0
2015-02-12,18:50:00,28.25,28.27,28.25,28.25,1000,0
2015-02-12,18:55:00,28.27,28.32,28.24,28.32,6015,0
2015-02-12,19:00:00,28.32,28.33,28.31,28.32,3400,0
2015-02-12,19:05:00,28.33,28.5,28.33,28.4,12100,0
2015-02-12,19:10:00,28.41,28.41,28.33,28.34,4277,0
2015-02-12,19:15:00,28.32,28.33,28.28,28.31,4400,0
2015-02-12,19:20:00,28.33,28.42,28.32,28.32,4500,0
2015-02-12,19:25:00,28.33,28.34,28.29,28.29,3429,0
2015-02-12,19:30:00,28.3,28.32,28.28,28.32,4300,0
2015-02-12,19:35:00,28.33,28.35,28.33,28.35,1200,0
2015-02-12,19:40:00,28.37,28.4,28.35,28.39,2600,0
2015-02-12,19:45:00,28.41,28.41,28.38,28.4,2900,0
2015-02-12,19:50:00,28.4,28.4,28.33,28.35,5400,0
2015-02-12,19:55:00,28.35,28.38,28.35,28.38,3100,0
2015-02-12,20:00:00,28.39,28.39,28.38,28.38,2000,0
2015-02-12,20:05:00,28.39,28.39,28.35,28.37,3782,0
2015-02-12,20:10:00,28.36,28.39,28.36,28.39,1111,0
2015-02-12,20:15:00,28.38,28.4,28.38,28.39,1400,0
2015-02-12,20:20:00,28.39,28.39,28.35,28.35,3606,0
2015-02-12,20:25:00,28.35,28.36,28.33,28.36,1700,0
2015-02-12,20:30:00,28.4,28.4,28.37,28.37,2000,0
2015-02-12,20:35:00,28.37,28.37,28.34,28.34,3600,0
2015-02-12,20:40:00,28.34,28.34,28.32,28.34,2200,0
2015-02-12,20:45:00,28.34,28.41,28.34,28.4,4400,0
2015-02-12,20:50:00,28.38,28.52,28.37,28.4,10500,0
2015-02-12,20:55:00,28.39,28.41,28.38,28.41,6800,0
2015-02-12,21:00:00,28.4,28.43,28.39,28.4,5200,0
2015-02-12,21:05:00,28.41,28.41,28.36,28.36,4600,0
2015-02-12,21:10:00,28.36,28.4,28.36,28.4,3800,0
2015-02-12,21:15:00,28.4,28.41,28.4,28.4,3856,0
2015-02-12,21:20:00,28.4,28.41,28.39,28.4,4756,0
2015-02-12,21:25:00,28.4,28.41,28.39,28.39,7100,0
2015-02-12,21:30:00,28.4,28.4,28.37,28.37,8905,0
2015-02-12,21:35:00,28.38,28.38,28.3,28.3,14606,0
2015-02-12,21:40:00,28.32,28.36,28.32,28.35,6300,0
2015-02-12,21:45:00,28.36,28.4,28.36,28.38,15892,0
2015-02-12,21:50:00,28.37,28.41,28.36,28.41,14251,0
2015-02-12,21:55:00,28.4,28.41,28.39,28.41,15419,0
2015-02-12,22:00:00,28.41,28.46,28.38,28.42,73741,0
2015-02-13,15:35:00,28.42,28.55,28.38,28.48,4702,0
2015-02-13,15:40:00,28.53,28.73,28.53,28.73,2989,0
2015-02-13,15:45:00,28.7,28.72,28.62,28.72,2654,0
2015-02-13,15:50:00,28.69,28.7,28.61,28.66,3607,0
2015-02-13,15:55:00,28.66,28.66,28.6,28.63,800,0
2015-02-13,16:00:00,28.65,28.7,28.6,28.64,3100,0
2015-02-13,16:05:00,28.62,28.63,28.54,28.59,2700,0
2015-02-13,16:10:00,28.61,28.61,28.53,28.53,1000,0
2015-02-13,16:15:00,28.56,28.64,28.56,28.58,2660,0
2015-02-13,16:20:00,28.6,28.6,28.54,28.56,2076,0
2015-02-13,16:25:00,28.57,28.59,28.53,28.53,1841,0
2015-02-13,16:30:00,28.57,28.65,28.56,28.6,9800,0
2015-02-13,16:35:00,28.6,28.6,28.57,28.59,3400,0
2015-02-13,16:40:00,28.59,28.61,28.58,28.58,5710,0
2015-02-13,16:45:00,28.59,28.6,28.53,28.55,3414,0
2015-02-13,16:50:00,28.57,28.57,28.53,28.55,1800,0
2015-02-13,16:55:00,28.54,28.6,28.54,28.59,1700,0
2015-02-13,17:00:00,28.59,28.61,28.59,28.6,2400,0
2015-02-13,17:05:00,28.6,28.63,28.59,28.61,8100,0
2015-02-13,17:10:00,28.6,28.62,28.6,28.6,3800,0
2015-02-13,17:15:00,28.6,28.62,28.6,28.61,1700,0
2015-02-13,17:20:00,28.62,28.62,28.6,28.6,2000,0
2015-02-13,17:25:00,28.6,28.6,28.55,28.55,2000,0
2015-02-13,17:30:00,28.56,28.6,28.53,28.6,3800,0
2015-02-13,17:35:00,28.59,28.59,28.56,28.57,3100,0
2015-02-13,17:40:00,28.57,28.57,28.52,28.52,2400,0
2015-02-13,17:45:00,28.54,28.54,28.52,28.54,1600,0
2015-02-13,17:50:00,28.53,28.53,28.52,28.52,700,0
2015-02-13,17:55:00,28.55,28.56,28.49,28.49,4151,0
2015-02-13,18:00:00,28.5,28.5,28.49,28.5,1900,0
2015-02-13,18:05:00,28.5,28.52,28.49,28.52,4650,0
2015-02-13,18:10:00,28.52,28.54,28.52,28.52,2700,0
2015-02-13,18:15:00,28.52,28.54,28.52,28.54,2050,0
2015-02-13,18:20:00,28.54,28.55,28.53,28.53,1800,0
2015-02-13,18:25:00,28.52,28.54,28.52,28.54,2000,0
2015-02-13,18:30:00,28.52,28.53,28.51,28.51,2300,0
2015-02-13,18:35:00,28.51,28.52,28.51,28.52,1600,0
2015-02-13,18:40:00,28.54,28.54,28.51,28.52,3200,0
2015-02-13,18:45:00,28.53,28.54,28.52,28.52,1500,0
2015-02-13,18:50:00,28.53,28.53,28.48,28.48,2400,0
2015-02-13,18:55:00,28.49,28.5,28.49,28.49,900,0
2015-02-13,19:00:00,28.48,28.49,28.48,28.49,600,0
2015-02-13,19:05:00,28.49,28.5,28.48,28.48,2800,0
2015-02-13,19:10:00,28.5,28.5,28.43,28.43,2600,0
2015-02-13,19:15:00,28.45,28.45,28.44,28.44,760,0
2015-02-13,19:20:00,28.45,28.46,28.44,28.45,7439,0
2015-02-13,19:25:00,28.46,28.47,28.45,28.46,3100,0
2015-02-13,19:30:00,28.47,28.47,28.43,28.44,2100,0
2015-02-13,19:35:00,28.43,28.44,28.4,28.42,2696,0
2015-02-13,19:40:00,28.41,28.41,28.37,28.39,6600,0
2015-02-13,19:45:00,28.42,28.44,28.41,28.44,3200,0
2015-02-13,19:50:00,28.46,28.46,28.45,28.46,1103,0
2015-02-13,19:55:00,28.47,28.49,28.47,28.47,900,0
2015-02-13,20:00:00,28.48,28.52,28.48,28.52,2600,0
2015-02-13,20:05:00,28.51,28.53,28.51,28.51,4814,0
2015-02-13,20:10:00,28.52,28.56,28.52,28.55,4345,0
2015-02-13,20:15:00,28.55,28.57,28.54,28.55,3850,0
2015-02-13,20:20:00,28.55,28.6,28.55,28.6,2800,0
2015-02-13,20:25:00,28.59,28.6,28.58,28.6,3900,0
2015-02-13,20:30:00,28.61,28.63,28.6,28.62,4000,0
2015-02-13,20:35:00,28.62,28.63,28.57,28.58,5848,0
2015-02-13,20:40:00,28.57,28.58,28.57,28.58,1684,0
2015-02-13,20:45:00,28.57,28.61,28.57,28.61,7600,0
2015-02-13,20:50:00,28.6,28.64,28.6,28.63,4800,0
2015-02-13,20:55:00,28.63,28.64,28.63,28.64,6900,0
2015-02-13,21:00:00,28.63,28.64,28.62,28.64,6488,0
2015-02-13,21:05:00,28.64,28.64,28.62,28.63,6900,0
2015-02-13,21:10:00,28.64,28.7,28.64,28.69,16608,0
2015-02-13,21:15:00,28.7,28.7,28.69,28.69,3100,0
2015-02-13,21:20:00,28.69,28.69,28.67,28.68,10196,0
2015-02-13,21:25:00,28.67,28.67,28.65,28.66,5700,0
2015-02-13,21:30:00,28.67,28.68,28.67,28.67,5900,0
2015-02-13,21:35:00,28.67,28.71,28.67,28.7,10608,0
2015-02-13,21:40:00,28.7,28.71,28.7,28.7,7600,0
2015-02-13,21:45:00,28.7,28.7,28.66,28.68,7377,0
2015-02-13,21:50:00,28.66,28.66,28.65,28.66,5733,0
2015-02-13,21:55:00,28.66,28.67,28.65,28.66,7637,0
2015-02-13,22:00:00,28.67,28.67,28.65,28.65,46244,0
2015-02-17,15:35:00,28.54,28.89,28.52,28.84,12868,0
2015-02-17,15:40:00,28.79,28.81,28.66,28.74,9052,0
2015-02-17,15:45:00,28.64,28.67,28.56,28.63,6835,0
2015-02-17,15:50:00,28.62,28.72,28.56,28.7,1895,0
2015-02-17,15:55:00,28.72,28.72,28.59,28.65,7350,0
2015-02-17,16:00:00,28.64,28.66,28.63,28.66,4527,0
2015-02-17,16:05:00,28.65,28.69,28.6,28.62,4600,0
2015-02-17,16:10:00,28.68,28.68,28.62,28.67,1650,0
2015-02-17,16:15:00,28.64,28.64,28.6,28.6,1950,0
2015-02-17,16:20:00,28.57,28.59,28.5,28.5,5300,0
2015-02-17,16:25:00,28.51,28.55,28.51,28.52,900,0
2015-02-17,16:30:00,28.52,28.56,28.51,28.55,2178,0
2015-02-17,16:35:00,28.57,28.6,28.57,28.58,1700,0
2015-02-17,16:40:00,28.61,28.61,28.56,28.56,400,0
2015-02-17,16:45:00,28.55,28.59,28.53,28.59,2500,0
2015-02-17,16:50:00,28.56,28.58,28.53,28.55,1400,0
2015-02-17,16:55:00,28.57,28.57,28.46,28.49,5465,0
2015-02-17,17:00:00,28.45,28.49,28.45,28.49,800,0
2015-02-17,17:05:00,28.47,28.49,28.45,28.45,4300,0
2015-02-17,17:10:00,28.45,28.49,28.45,28.46,18000,0
2015-02-17,17:15:00,28.48,28.52,28.48,28.48,5143,0
2015-02-17,17:20:00,28.47,28.48,28.45,28.45,3000,0
2015-02-17,17:25:00,28.46,28.46,28.45,28.45,2700,0
2015-02-17,17:30:00,28.46,28.46,28.44,28.45,5200,0
2015-02-17,17:35:00,28.45,28.49,28.44,28.49,7620,0
2015-02-17,17:40:00,28.5,28.5,28.48,28.49,1060,0
2015-02-17,17:45:00,28.49,28.49,28.47,28.48,2417,0
2015-02-17,17:50:00,28.48,28.5,28.48,28.48,3667,0
2015-02-17,17:55:00,28.46,28.5,28.46,28.5,1200,0
2015-02-17,18:00:00,28.51,28.51,28.51,28.51,200,0
2015-02-17,18:05:00,28.54,28.54,28.53,28.53,2161,0
2015-02-17,18:10:00,28.54,28.55,28.54,28.55,911,0
2015-02-17,18:15:00,28.55,28.56,28.54,28.56,1500,0
2015-02-17,18:20:00,28.56,28.57,28.56,28.56,2134,0
2015-02-17,18:25:00,28.57,28.57,28.56,28.57,2010,0
2015-02-17,18:30:00,28.58,28.6,28.57,28.6,1400,0
2015-02-17,18:35:00,28.61,28.67,28.61,28.67,1210,0
2015-02-17,18:40:00,28.68,28.71,28.68,28.69,1800,0
2015-02-17,18:45:00,28.69,28.69,28.65,28.66,2000,0
2015-02-17,18:50:00,28.66,28.67,28.65,28.65,3652,0
2015-02-17,18:55:00,28.66,28.66,28.65,28.66,500,0
2015-02-17,19:00:00,28.65,28.69,28.65,28.69,4700,0
2015-02-17,19:05:00,28.7,28.73,28.7,28.73,1684,0
2015-02-17,19:10:00,28.73,28.74,28.73,28.73,500,0
2015-02-17,19:15:00,28.75,28.75,28.73,28.75,800,0
2015-02-17,19:20:00,28.73,28.75,28.73,28.75,2684,0
2015-02-17,19:25:00,28.74,28.76,28.74,28.76,400,0
2015-02-17,19:30:00,28.79,28.83,28.78,28.82,2479,0
2015-02-17,19:35:00,28.81,28.81,28.79,28.79,2300,0
2015-02-17,19:40:00,28.79,28.8,28.79,28.8,2300,0
2015-02-17,19:45:00,28.81,28.81,28.8,28.8,600,0
2015-02-17,19:50:00,28.79,28.81,28.78,28.79,3970,0
2015-02-17,19:55:00,28.79,28.8,28.79,28.8,1200,0
2015-02-17,20:00:00,28.8,28.8,28.72,28.74,2800,0
2015-02-17,20:05:00,28.74,28.75,28.73,28.73,1100,0
2015-02-17,20:10:00,28.75,28.76,28.74,28.74,1745,0
2015-02-17,20:15:00,28.75,28.75,28.74,28.74,600,0
2015-02-17,20:20:00,28.74,28.75,28.73,28.74,1013,0
2015-02-17,20:25:00,28.74,28.75,28.74,28.75,2200,0
2015-02-17,20:30:00,28.75,28.76,28.74,28.75,4503,0
2015-02-17,20:35:00,28.77,28.77,28.76,28.76,700,0
2015-02-17,20:40:00,28.76,28.78,28.74,28.75,4835,0
2015-02-17,20:45:00,28.73,28.73,28.73,28.73,600,0
2015-02-17,20:50:00,28.72,28.75,28.72,28.75,2200,0
2015-02-17,20:55:00,28.76,28.76,28.73,28.73,1700,0
2015-02-17,21:00:00,28.74,28.8,28.74,28.77,9601,0
2015-02-17,21:05:00,28.75,28.77,28.75,28.76,3400,0
2015-02-17,21:10:00,28.76,28.78,28.76,28.76,4788,0
2015-02-17,21:15:00,28.77,28.78,28.75,28.76,2400,0
2015-02-17,21:20:00,28.75,28.76,28.74,28.75,2600,0
2015-02-17,21:25:00,28.75,28.8,28.72,28.79,8700,0
2015-02-17,21:30:00,28.79,28.86,28.79,28.86,6855,0
2015-02-17,21:35:00,28.86,28.87,28.79,28.82,12633,0
2015-02-17,21:40:00,28.82,28.87,28.81,28.87,7838,0
2015-02-17,21:45:00,28.87,28.9,28.83,28.85,10153,0
2015-02-17,21:50:00,28.84,28.85,28.81,28.85,12374,0
2015-02-17,21:55:00,28.84,28.91,28.83,28.9,20601,0
2015-02-17,22:00:00,28.9,28.99,28.9,28.98,60671,0
2015-02-18,15:35:00,28.75,28.75,28.7,28.7,800,0
2015-02-18,15:40:00,28.71,28.89,28.71,28.79,2158,0
2015-02-18,15:45:00,28.82,28.82,28.76,28.76,2200,0
2015-02-18,15:50:00,28.76,28.76,28.72,28.72,1400,0
2015-02-18,15:55:00,28.72,28.73,28.69,28.69,1200,0
2015-02-18,16:00:00,28.71,28.73,28.67,28.67,2000,0
2015-02-18,16:05:00,28.65,28.65,28.56,28.61,7900,0
2015-02-18,16:10:00,28.61,28.7,28.61,28.7,5100,0
2015-02-18,16:15:00,28.64,28.64,28.6,28.63,1600,0
2015-02-18,16:20:00,28.6,28.61,28.55,28.6,6000,0
2015-02-18,16:25:00,28.6,28.6,28.5,28.56,1700,0
2015-02-18,16:30:00,28.54,28.54,28.5,28.51,1100,0
2015-02-18,16:35:00,28.52,28.6,28.52,28.59,2100,0
2015-02-18,16:40:00,28.6,28.65,28.57,28.65,1600,0
2015-02-18,16:45:00,28.67,28.67,28.67,28.67,300,0
2015-02-18,16:50:00,28.67,28.67,28.65,28.65,400,0
2015-02-18,17:00:00,28.64,28.64,28.61,28.64,3700,0
2015-02-18,17:05:00,28.62,28.63,28.58,28.61,1800,0
2015-02-18,17:10:00,28.58,28.63,28.58,28.59,1900,0
2015-02-18,17:15:00,28.57,28.63,28.57,28.61,1600,0
2015-02-18,17:20:00,28.63,28.66,28.63,28.64,1800,0
2015-02-18,17:25:00,28.66,28.66,28.66,28.66,100,0
2015-02-18,17:30:00,28.68,28.72,28.68,28.7,2200,0
2015-02-18,17:35:00,28.7,28.71,28.68,28.68,1900,0
2015-02-18,17:40:00,28.66,28.66,28.63,28.63,1100,0
2015-02-18,17:45:00,28.65,28.65,28.6,28.63,4500,0
2015-02-18,17:50:00,28.6,28.61,28.6,28.61,300,0
2015-02-18,17:55:00,28.59,28.61,28.59,28.61,262,0
2015-02-18,18:00:00,28.59,28.62,28.58,28.62,2600,0
2015-02-18,18:05:00,28.61,28.66,28.61,28.66,3400,0
2015-02-18,18:10:00,28.64,28.64,28.56,28.56,2100,0
2015-02-18,18:15:00,28.58,28.59,28.58,28.59,500,0
2015-02-18,18:20:00,28.59,28.61,28.59,28.6,1100,0
2015-02-18,18:25:00,28.59,28.59,28.56,28.56,1000,0
2015-02-18,18:35:00,28.56,28.57,28.56,28.57,1400,0
2015-02-18,18:40:00,28.58,28.59,28.54,28.55,2800,0
2015-02-18,18:45:00,28.57,28.57,28.53,28.53,1500,0
2015-02-18,18:50:00,28.53,28.57,28.53,28.57,1600,0
2015-02-18,18:55:00,28.54,28.54,28.53,28.53,603,0
2015-02-18,19:00:00,28.52,28.52,28.51,28.52,600,0
2015-02-18,19:05:00,28.54,28.56,28.54,28.54,2200,0
2015-02-18,19:10:00,28.56,28.56,28.56,28.56,1200,0
2015-02-18,19:15:00,28.55,28.55,28.53,28.53,1900,0
2015-02-18,19:20:00,28.54,28.56,28.54,28.55,1000,0
2015-02-18,19:25:00,28.56,28.56,28.51,28.51,2349,0
2015-02-18,19:30:00,28.5,28.51,28.5,28.51,1587,0
2015-02-18,19:35:00,28.53,28.55,28.53,28.54,1300,0
2015-02-18,19:40:00,28.52,28.52,28.51,28.52,2153,0
2015-02-18,19:45:00,28.51,28.52,28.51,28.52,400,0
2015-02-18,19:50:00,28.54,28.54,28.52,28.53,2100,0
2015-02-18,19:55:00,28.51,28.54,28.51,28.53,3908,0
2015-02-18,20:00:00,28.53,28.57,28.53,28.56,12200,0
2015-02-18,20:05:00,28.57,28.66,28.53,28.55,12600,0
2015-02-18,20:10:00,28.56,28.56,28.45,28.45,3500,0
2015-02-18,20:15:00,28.42,28.42,28.37,28.37,3990,0
2015-02-18,20:20:00,28.36,28.37,28.29,28.34,6200,0
2015-02-18,20:25:00,28.34,28.34,28.31,28.31,3200,0
2015-02-18,20:30:00,28.31,28.33,28.26,28.26,17119,0
2015-02-18,20:35:00,28.26,28.26,28.21,28.21,7650,0
2015-02-18,20:40:00,28.2,28.21,28.18,28.19,2720,0
2015-02-18,20:45:00,28.18,28.27,28.17,28.27,10023,0
2015-02-18,20:50:00,28.28,28.28,28.27,28.27,1700,0
2015-02-18,20:55:00,28.25,28.3,28.25,28.3,2100,0
2015-02-18,21:00:00,28.27,28.29,28.27,28.28,2635,0
2015-02-18,21:05:00,28.29,28.34,28.28,28.34,3550,0
2015-02-18,21:10:00,28.34,28.35,28.32,28.34,3706,0
2015-02-18,21:15:00,28.34,28.35,28.29,28.29,2601,0
2015-02-18,21:20:00,28.29,28.33,28.29,28.31,3100,0
2015-02-18,21:25:00,28.33,28.34,28.31,28.33,7218,0
2015-02-18,21:30:00,28.33,28.33,28.27,28.29,4186,0
2015-02-18,21:35:00,28.29,28.3,28.26,28.26,4900,0
2015-02-18,21:40:00,28.27,28.3,28.26,28.29,5405,0
2015-02-18,21:45:00,28.29,28.32,28.28,28.29,4900,0
2015-02-18,21:50:00,28.31,28.32,28.31,28.31,9450,0
2015-02-18,21:55:00,28.32,28.34,28.29,28.34,11831,0
2015-02-18,22:00:00,28.33,28.39,28.33,28.39,47786,0
2015-02-19,15:35:00,28.25,28.52,28.25,28.25,2484,0
2015-02-19,15:45:00,28.17,28.26,28.17,28.25,1000,0
2015-02-19,15:50:00,28.2,28.2,28,28.05,3300,0
2015-02-19,15:55:00,28,28.03,27.95,28.03,1799,0
2015-02-19,16:00:00,28.05,28.12,28.05,28.12,1400,0
2015-02-19,16:05:00,28.07,28.07,28,28.04,2200,0
2015-02-19,16:10:00,28.08,28.17,28.01,28.16,4400,0
2015-02-19,16:15:00,28.15,28.16,28.13,28.15,1300,0
2015-02-19,16:20:00,28.17,28.19,28.14,28.19,1600,0
2015-02-19,16:25:00,28.18,28.24,28.18,28.24,889,0
2015-02-19,16:30:00,28.24,28.24,28.19,28.21,3900,0
2015-02-19,16:35:00,28.22,28.24,28.19,28.2,2600,0
2015-02-19,16:40:00,28.19,28.22,28.17,28.17,6200,0
2015-02-19,16:45:00,28.16,28.19,28.16,28.19,700,0
2015-02-19,16:50:00,28.2,28.2,28.18,28.2,2100,0
2015-02-19,16:55:00,28.2,28.2,28.18,28.18,1300,0
2015-02-19,17:00:00,28.2,28.22,28.19,28.19,3408,0
2015-02-19,17:05:00,28.2,28.23,28.19,28.2,3440,0
2015-02-19,17:10:00,28.19,28.2,28.19,28.19,1400,0
2015-02-19,17:15:00,28.21,28.23,28.2,28.23,2300,0
2015-02-19,17:20:00,28.23,28.23,28.21,28.22,2551,0
2015-02-19,17:25:00,28.24,28.24,28.23,28.23,500,0
2015-02-19,17:30:00,28.24,28.29,28.24,28.29,3800,0
2015-02-19,17:35:00,28.29,28.36,28.27,28.34,8635,0
2015-02-19,17:45:00,28.34,28.36,28.31,28.33,1400,0
2015-02-19,17:50:00,28.36,28.36,28.36,28.36,200,0
2015-02-19,17:55:00,28.37,28.37,28.32,28.32,1200,0
2015-02-19,18:00:00,28.31,28.32,28.29,28.31,1124,0
2015-02-19,18:05:00,28.34,28.35,28.33,28.33,700,0
2015-02-19,18:10:00,28.3,28.3,28.3,28.3,100,0
2015-02-19,18:15:00,28.3,28.3,28.29,28.29,800,0
2015-02-19,18:20:00,28.29,28.33,28.25,28.3,16603,0
2015-02-19,18:25:00,28.31,28.31,28.27,28.27,6200,0
2015-02-19,18:30:00,28.27,28.27,28.25,28.27,3336,0
2015-02-19,18:35:00,28.26,28.27,28.25,28.25,3900,0
2015-02-19,18:40:00,28.25,28.27,28.25,28.27,1700,0
2015-02-19,18:45:00,28.29,28.33,28.29,28.33,2881,0
2015-02-19,18:50:00,28.34,28.35,28.34,28.35,1200,0
2015-02-19,18:55:00,28.38,28.39,28.38,28.39,800,0
2015-02-19,19:00:00,28.37,28.37,28.36,28.36,1700,0
2015-02-19,19:05:00,28.37,28.39,28.37,28.38,1100,0
2015-02-19,19:10:00,28.37,28.38,28.34,28.34,3601,0
2015-02-19,19:15:00,28.35,28.37,28.3,28.31,2699,0
2015-02-19,19:20:00,28.32,28.32,28.27,28.28,1800,0
2015-02-19,19:25:00,28.28,28.3,28.26,28.29,1800,0
2015-02-19,19:30:00,28.28,28.28,28.25,28.27,6251,0
2015-02-19,19:35:00,28.29,28.3,28.29,28.29,1200,0
2015-02-19,19:40:00,28.31,28.33,28.31,28.32,1893,0
2015-02-19,19:45:00,28.32,28.32,28.32,28.32,100,0
2015-02-19,19:50:00,28.33,28.33,28.31,28.33,1701,0
2015-02-19,19:55:00,28.31,28.33,28.31,28.33,1700,0
2015-02-19,20:00:00,28.34,28.35,28.32,28.33,1200,0
2015-02-19,20:05:00,28.34,28.34,28.31,28.32,1850,0
2015-02-19,20:10:00,28.32,28.37,28.32,28.37,1028,0
2015-02-19,20:15:00,28.36,28.37,28.36,28.36,3085,0
2015-02-19,20:20:00,28.36,28.38,28.36,28.38,3040,0
2015-02-19,20:25:00,28.37,28.38,28.37,28.37,1300,0
2015-02-19,20:30:00,28.38,28.38,28.36,28.36,1300,0
2015-02-19,20:35:00,28.37,28.43,28.37,28.42,3638,0
2015-02-19,20:40:00,28.42,28.44,28.32,28.37,4300,0
2015-02-19,20:45:00,28.4,28.41,28.39,28.41,1200,0
2015-02-19,20:50:00,28.42,28.43,28.41,28.41,1400,0
2015-02-19,20:55:00,28.4,28.43,28.4,28.42,2390,0
2015-02-19,21:00:00,28.42,28.45,28.41,28.45,4087,0
2015-02-19,21:05:00,28.45,28.48,28.45,28.47,7550,0
2015-02-19,21:10:00,28.47,28.48,28.43,28.43,3750,0
2015-02-19,21:15:00,28.43,28.43,28.4,28.4,1600,0
2015-02-19,21:20:00,28.41,28.43,28.41,28.43,1700,0
2015-02-19,21:25:00,28.42,28.45,28.42,28.44,3600,0
2015-02-19,21:30:00,28.43,28.43,28.37,28.41,5502,0
2015-02-19,21:35:00,28.41,28.42,28.38,28.42,7600,0
2015-02-19,21:40:00,28.44,28.44,28.4,28.43,5700,0
2015-02-19,21:45:00,28.43,28.45,28.41,28.43,11100,0
2015-02-19,21:50:00,28.44,28.47,28.44,28.46,20458,0
2015-02-19,21:55:00,28.46,28.47,28.43,28.45,30664,0
2015-02-19,22:00:00,28.44,28.48,28.42,28.42,42829,0
2015-02-20,15:35:00,28.37,28.37,28.23,28.23,13965,0
2015-02-20,15:40:00,28.26,28.26,27.88,28.01,11700,0
2015-02-20,15:45:00,28,28,27.93,27.93,760,0
2015-02-20,15:50:00,27.95,27.95,27.9,27.94,2900,0
2015-02-20,15:55:00,27.91,27.92,27.86,27.9,6050,0
2015-02-20,16:00:00,27.94,28.04,27.93,28.04,5100,0
2015-02-20,16:05:00,27.97,28.02,27.97,28.02,900,0
2015-02-20,16:10:00,28.02,28.07,28.02,28.05,1100,0
2015-02-20,16:15:00,28.08,28.1,28.04,28.1,5400,0
2015-02-20,16:20:00,28.04,28.13,28,28.1,6997,0
2015-02-20,16:25:00,28.06,28.11,28.06,28.09,2800,0
2015-02-20,16:30:00,28.11,28.13,28.05,28.05,2500,0
2015-02-20,16:35:00,28.02,28.02,27.99,28,1500,0
2015-02-20,16:40:00,28.03,28.08,28.01,28.08,4100,0
2015-02-20,16:45:00,28.11,28.13,28.08,28.13,2400,0
2015-02-20,16:50:00,28.14,28.15,28.14,28.15,400,0
2015-02-20,16:55:00,28.15,28.15,28.12,28.14,2600,0
2015-02-20,17:00:00,28.17,28.19,28.13,28.17,3340,0
2015-02-20,17:05:00,28.23,28.23,28.23,28.23,200,0
2015-02-20,17:10:00,28.24,28.24,28.2,28.2,1000,0
2015-02-20,17:15:00,28.22,28.24,28.22,28.22,2500,0
2015-02-20,17:20:00,28.22,28.24,28.22,28.22,1100,0
2015-02-20,17:25:00,28.22,28.24,28.21,28.21,659,0
2015-02-20,17:30:00,28.22,28.23,28.22,28.23,800,0
2015-02-20,17:35:00,28.19,28.22,28.19,28.22,2380,0
2015-02-20,17:40:00,28.22,28.22,28.2,28.2,1100,0
2015-02-20,17:45:00,28.22,28.23,28.22,28.22,700,0
2015-02-20,17:50:00,28.23,28.23,28.21,28.23,1100,0
2015-02-20,17:55:00,28.22,28.24,28.2,28.23,2900,0
2015-02-20,18:00:00,28.24,28.25,28.24,28.25,400,0
2015-02-20,18:10:00,28.23,28.25,28.22,28.25,2574,0
2015-02-20,18:15:00,28.23,28.25,28.23,28.24,800,0
2015-02-20,18:20:00,28.23,28.27,28.23,28.27,1200,0
2015-02-20,18:30:00,28.26,28.31,28.26,28.31,2900,0
2015-02-20,18:35:00,28.29,28.3,28.29,28.3,3237,0
2015-02-20,18:40:00,28.31,28.41,28.31,28.35,4668,0
2015-02-20,18:45:00,28.37,28.47,28.37,28.4,800,0
2015-02-20,18:50:00,28.38,28.38,28.38,28.38,300,0
2015-02-20,18:55:00,28.34,28.34,28.31,28.32,700,0
2015-02-20,19:00:00,28.31,28.31,28.3,28.3,970,0
2015-02-20,19:05:00,28.33,28.33,28.3,28.31,700,0
2015-02-20,19:10:00,28.31,28.31,28.29,28.29,1500,0
2015-02-20,19:15:00,28.34,28.34,28.33,28.33,420,0
2015-02-20,19:20:00,28.33,28.33,28.31,28.32,2541,0
2015-02-20,19:25:00,28.31,28.32,28.31,28.32,400,0
2015-02-20,19:30:00,28.33,28.33,28.32,28.32,740,0
2015-02-20,19:35:00,28.34,28.35,28.34,28.34,1475,0
2015-02-20,19:40:00,28.36,28.38,28.36,28.37,1100,0
2015-02-20,19:45:00,28.37,28.38,28.33,28.34,1700,0
2015-02-20,19:50:00,28.35,28.35,28.35,28.35,214,0
2015-02-20,19:55:00,28.35,28.35,28.34,28.35,600,0
2015-02-20,20:00:00,28.34,28.37,28.34,28.37,900,0
2015-02-20,20:05:00,28.38,28.38,28.38,28.38,2400,0
2015-02-20,20:10:00,28.4,28.42,28.4,28.42,1200,0
2015-02-20,20:15:00,28.42,28.43,28.42,28.43,900,0
2015-02-20,20:20:00,28.44,28.44,28.41,28.43,1300,0
2015-02-20,20:25:00,28.46,28.46,28.46,28.46,100,0
2015-02-20,20:30:00,28.45,28.46,28.43,28.43,2000,0
2015-02-20,20:35:00,28.44,28.44,28.44,28.44,1400,0
2015-02-20,20:40:00,28.43,28.43,28.43,28.43,100,0
2015-02-20,20:45:00,28.42,28.42,28.42,28.42,1500,0
2015-02-20,20:50:00,28.42,28.45,28.42,28.45,2704,0
2015-02-20,20:55:00,28.47,28.5,28.47,28.5,4436,0
2015-02-20,21:00:00,28.5,28.5,28.49,28.49,2700,0
2015-02-20,21:05:00,28.5,28.53,28.49,28.51,3960,0
2015-02-20,21:10:00,28.53,28.56,28.52,28.56,2820,0
2015-02-20,21:15:00,28.57,28.57,28.55,28.55,1787,0
2015-02-20,21:20:00,28.54,28.54,28.47,28.5,1800,0
2015-02-20,21:25:00,28.5,28.52,28.48,28.52,3807,0
2015-02-20,21:30:00,28.52,28.56,28.51,28.56,2836,0
2015-02-20,21:35:00,28.56,28.6,28.53,28.58,9350,0
2015-02-20,21:40:00,28.59,28.6,28.56,28.56,2100,0
2015-02-20,21:45:00,28.56,28.6,28.54,28.54,15708,0
2015-02-20,21:50:00,28.53,28.54,28.49,28.49,11579,0
2015-02-20,21:55:00,28.49,28.54,28.47,28.54,16624,0
2015-02-20,22:00:00,28.54,28.59,28.53,28.56,60761,0
2015-02-23,15:35:00,28.41,28.41,28.41,28.41,3966,0
2015-02-23,15:40:00,28.4,28.4,28.11,28.25,4300,0
2015-02-23,15:45:00,28.23,28.32,28.23,28.32,1320,0
2015-02-23,15:50:00,28.35,28.35,28.17,28.21,2400,0
2015-02-23,15:55:00,28.21,28.32,28.19,28.31,4900,0
2015-02-23,16:00:00,28.28,28.36,28.24,28.36,3484,0
2015-02-23,16:05:00,28.33,28.37,28.31,28.37,600,0
2015-02-23,16:10:00,28.37,28.41,28.35,28.38,600,0
2015-02-23,16:15:00,28.4,28.4,28.31,28.31,3860,0
2015-02-23,16:20:00,28.36,28.39,28.27,28.34,8389,0
2015-02-23,16:25:00,28.31,28.39,28.28,28.36,1100,0
2015-02-23,16:30:00,28.38,28.38,28.31,28.36,2100,0
2015-02-23,16:35:00,28.35,28.38,28.35,28.35,5300,0
2015-02-23,16:40:00,28.37,28.37,28.32,28.32,4300,0
2015-02-23,16:45:00,28.31,28.33,28.25,28.32,5292,0
2015-02-23,16:50:00,28.28,28.28,28.24,28.26,1500,0
2015-02-23,16:55:00,28.24,28.24,28.22,28.22,900,0
2015-02-23,17:00:00,28.23,28.29,28.19,28.19,6716,0
2015-02-23,17:05:00,28.21,28.25,28.21,28.25,600,0
2015-02-23,17:10:00,28.26,28.27,28.25,28.26,2380,0
2015-02-23,17:15:00,28.24,28.24,28.22,28.23,1900,0
2015-02-23,17:20:00,28.23,28.28,28.23,28.28,3112,0
2015-02-23,17:25:00,28.3,28.3,28.29,28.3,1300,0
2015-02-23,17:30:00,28.31,28.33,28.3,28.3,1000,0
2015-02-23,17:40:00,28.31,28.32,28.31,28.32,1400,0
2015-02-23,17:45:00,28.33,28.34,28.31,28.31,2000,0
2015-02-23,17:50:00,28.32,28.37,28.31,28.35,3100,0
2015-02-23,17:55:00,28.35,28.35,28.34,28.34,1200,0
2015-02-23,18:00:00,28.35,28.36,28.34,28.36,1255,0
2015-02-23,18:05:00,28.36,28.36,28.33,28.33,1000,0
2015-02-23,18:10:00,28.33,28.34,28.32,28.34,900,0
2015-02-23,18:15:00,28.33,28.34,28.3,28.31,4800,0
2015-02-23,18:20:00,28.3,28.33,28.3,28.31,4444,0
2015-02-23,18:25:00,28.31,28.31,28.29,28.3,3000,0
2015-02-23,18:30:00,28.29,28.29,28.29,28.29,400,0
2015-02-23,18:35:00,28.27,28.28,28.26,28.26,300,0
2015-02-23,18:40:00,28.26,28.27,28.24,28.24,1500,0
2015-02-23,18:45:00,28.25,28.27,28.25,28.27,900,0
2015-02-23,18:50:00,28.24,28.27,28.24,28.26,1100,0
2015-02-23,18:55:00,28.24,28.25,28.24,28.24,500,0
2015-02-23,19:00:00,28.25,28.26,28.22,28.22,2400,0
2015-02-23,19:05:00,28.21,28.21,28.19,28.19,1758,0
2015-02-23,19:10:00,28.2,28.2,28.19,28.2,400,0
2015-02-23,19:15:00,28.2,28.21,28.2,28.21,2271,0
2015-02-23,19:20:00,28.21,28.21,28.2,28.2,1400,0
2015-02-23,19:25:00,28.2,28.2,28.15,28.16,22007,0
2015-02-23,19:30:00,28.18,28.18,28.16,28.18,7100,0
2015-02-23,19:35:00,28.18,28.23,28.17,28.17,5135,0
2015-02-23,19:40:00,28.18,28.19,28.18,28.18,3200,0
2015-02-23,19:45:00,28.19,28.21,28.17,28.18,4172,0
2015-02-23,19:50:00,28.17,28.18,28.14,28.16,4400,0
2015-02-23,19:55:00,28.17,28.18,28.16,28.17,2300,0
2015-02-23,20:00:00,28.17,28.18,28.16,28.17,3986,0
2015-02-23,20:05:00,28.17,28.17,28.16,28.16,4380,0
2015-02-23,20:10:00,28.16,28.17,28.16,28.16,2600,0
2015-02-23,20:15:00,28.16,28.16,28.13,28.14,2600,0
2015-02-23,20:20:00,28.15,28.16,28.15,28.15,1700,0
2015-02-23,20:25:00,28.16,28.16,28.13,28.14,800,0
2015-02-23,20:30:00,28.15,28.15,28.11,28.12,6842,0
2015-02-23,20:35:00,28.12,28.12,28.09,28.09,6491,0
2015-02-23,20:40:00,28.09,28.1,28.07,28.07,3772,0
2015-02-23,20:45:00,28.06,28.13,28.05,28.13,5500,0
2015-02-23,20:50:00,28.15,28.16,28.14,28.14,3701,0
2015-02-23,20:55:00,28.13,28.15,28.13,28.15,2300,0
2015-02-23,21:00:00,28.15,28.18,28.15,28.17,6496,0
2015-02-23,21:05:00,28.15,28.2,28.15,28.18,9601,0
2015-02-23,21:10:00,28.18,28.21,28.18,28.2,4276,0
2015-02-23,21:15:00,28.21,28.22,28.2,28.2,5323,0
2015-02-23,21:20:00,28.2,28.22,28.2,28.21,4704,0
2015-02-23,21:25:00,28.22,28.22,28.2,28.2,1161,0
2015-02-23,21:30:00,28.21,28.24,28.21,28.24,3700,0
2015-02-23,21:35:00,28.24,28.26,28.23,28.25,3100,0
2015-02-23,21:40:00,28.24,28.26,28.22,28.24,7794,0
2015-02-23,21:45:00,28.24,28.32,28.24,28.32,13876,0
2015-02-23,21:50:00,28.34,28.38,28.34,28.37,14000,0
2015-02-23,21:55:00,28.37,28.38,28.35,28.35,15045,0
2015-02-23,22:00:00,28.36,28.42,28.35,28.41,85096,0
