Date,Time,Open,High,Low,Close,Volume,OpenInt
2015-02-02,21:45:00,73.04,73.47,73.04,73.34,13300,0
2015-02-02,21:50:00,73.38,73.73,73.28,73.73,29075,0
2015-02-02,21:55:00,73.64,73.64,73.42,73.44,17785,0
2015-02-02,22:00:00,73.49,73.65,73.37,73.59,130762,0
2015-02-03,15:35:00,74.35,74.4,73.6,74.34,3098,0
2015-02-03,15:40:00,74.39,75.04,74.39,75.04,4538,0
2015-02-03,15:45:00,75.1,75.1,74.29,74.29,3932,0
2015-02-03,15:50:00,74.53,74.75,74.37,74.37,1900,0
2015-02-03,15:55:00,74.29,74.51,74.28,74.51,1000,0
2015-02-03,16:00:00,74.64,74.69,74.38,74.69,1100,0
2015-02-03,16:05:00,74.72,74.88,74.54,74.65,10600,0
2015-02-03,16:10:00,74.68,74.94,74.51,74.75,1100,0
2015-02-03,16:15:00,74.72,74.84,74.55,74.55,1200,0
2015-02-03,16:25:00,74.8,74.8,74.55,74.55,500,0
2015-02-03,16:30:00,74.78,75.18,74.78,75.16,3600,0
2015-02-03,16:35:00,75.17,75.22,74.89,74.89,4250,0
2015-02-03,16:40:00,74.71,74.96,74.71,74.96,2100,0
2015-02-03,16:45:00,74.97,75.1,74.94,75.0,2900,0
2015-02-03,16:50:00,74.9,74.9,74.62,74.7,3100,0
2015-02-03,16:55:00,74.57,74.68,74.5,74.55,9050,0
2015-02-03,17:00:00,74.52,74.56,74.4,74.4,1250,0
2015-02-03,17:05:00,74.35,74.5,74.26,74.29,10015,0
2015-02-03,17:10:00,74.07,74.3,74.04,74.27,9800,0
2015-02-03,17:15:00,74.44,74.44,74.38,74.38,700,0
2015-02-03,17:20:00,74.41,74.79,74.39,74.79,8200,0
2015-02-03,17:25:00,74.81,74.81,74.71,74.79,1650,0
2015-02-03,17:30:00,74.66,74.77,74.56,74.64,15600,0
2015-02-03,17:35:00,74.61,74.71,74.39,74.39,9583,0
2015-02-03,17:40:00,74.4,74.43,74.36,74.42,800,0
2015-02-03,17:45:00,74.44,74.56,74.41,74.56,1500,0
2015-02-03,17:50:00,74.59,74.59,74.58,74.58,400,0
2015-02-03,17:55:00,74.55,74.61,74.41,74.49,6000,0
2015-02-03,18:00:00,74.35,74.55,74.33,74.33,5162,0
2015-02-03,18:05:00,74.39,74.51,74.34,74.51,5300,0
2015-02-03,18:10:00,74.42,74.51,74.32,74.32,2050,0
2015-02-03,18:15:00,74.33,74.44,74.3,74.38,1700,0
2015-02-03,18:20:00,74.49,74.49,74.36,74.36,2200,0
2015-02-03,18:25:00,74.39,74.4,74.29,74.29,3036,0
2015-02-03,18:30:00,74.33,74.33,74.28,74.33,1000,0
2015-02-03,18:35:00,74.29,74.29,74.13,74.2,1380,0
2015-02-03,18:40:00,74.13,74.26,74.01,74.15,4600,0
2015-02-03,18:45:00,74.13,74.2,73.86,74.15,11370,0
2015-02-03,18:50:00,74.16,74.19,74.11,74.16,2700,0
2015-02-03,18:55:00,74.14,74.16,74.09,74.16,2095,0
2015-02-03,19:00:00,74.24,74.35,74.14,74.29,10604,0
2015-02-03,19:05:00,74.35,74.35,74.25,74.25,255,0
2015-02-03,19:10:00,74.27,74.29,74.27,74.29,1692,0
2015-02-03,19:15:00,74.31,74.47,74.31,74.47,600,0
2015-02-03,19:20:00,74.48,74.63,74.48,74.63,2032,0
2015-02-03,19:25:00,74.6,74.62,74.6,74.62,6000,0
2015-02-03,19:30:00,74.73,74.76,74.49,74.51,2285,0
2015-02-03,19:35:00,74.52,74.7,74.52,74.7,2500,0
2015-02-03,19:40:00,74.49,74.64,74.49,74.51,2824,0
2015-02-03,19:45:00,74.5,74.66,74.46,74.65,7694,0
2015-02-03,19:50:00,74.62,74.7,74.56,74.7,5182,0
2015-02-03,19:55:00,74.71,74.74,74.71,74.74,2700,0
2015-02-03,20:00:00,74.72,74.76,74.59,74.68,7550,0
2015-02-03,20:05:00,74.7,74.94,74.67,74.82,4925,0
2015-02-03,20:10:00,74.69,74.86,74.69,74.8,11100,0
2015-02-03,20:15:00,74.81,74.84,74.71,74.8,7698,0
2015-02-03,20:20:00,74.76,74.81,74.58,74.58,20800,0
2015-02-03,20:25:00,74.59,74.78,74.59,74.69,9900,0
2015-02-03,20:30:00,74.68,74.68,74.42,74.42,4869,0
2015-02-03,20:35:00,74.43,74.54,74.41,74.54,4200,0
2015-02-03,20:40:00,74.41,74.52,74.3,74.43,3200,0
2015-02-03,20:45:00,74.54,74.54,74.54,74.54,500,0
2015-02-03,20:50:00,74.55,74.59,74.54,74.59,1600,0
2015-02-03,20:55:00,74.54,74.78,74.53,74.69,4300,0
2015-02-03,21:00:00,74.86,74.88,74.86,74.88,1100,0
2015-02-03,21:05:00,75.03,75.03,74.84,74.93,1900,0
2015-02-03,21:10:00,74.95,74.95,74.8,74.91,4669,0
2015-02-03,21:15:00,74.92,74.97,74.83,74.97,4700,0
2015-02-03,21:20:00,74.93,74.93,74.91,74.91,900,0
2015-02-03,21:25:00,74.9,74.96,74.77,74.86,3818,0
2015-02-03,21:30:00,74.86,74.87,74.7,74.76,5350,0
2015-02-03,21:35:00,74.79,74.8,74.43,74.47,7866,0
2015-02-03,21:40:00,74.52,74.72,74.52,74.72,7300,0
2015-02-03,21:45:00,74.75,74.85,74.69,74.77,244150,0
2015-02-03,21:50:00,74.75,74.81,74.7,74.8,16247,0
2015-02-03,21:55:00,74.81,74.84,74.75,74.8,14400,0
2015-02-03,22:00:00,74.79,74.8,74.69,74.75,218083,0
2015-02-04,15:35:00,74.42,74.42,74.21,74.31,17390,0
2015-02-04,15:40:00,74.55,75.14,74.26,75.14,8250,0
2015-02-04,15:45:00,75.39,75.44,75.39,75.44,800,0
2015-02-04,15:50:00,75.63,75.9,75.63,75.9,3050,0
2015-02-04,15:55:00,76.06,76.17,75.85,76.11,1900,0
2015-02-04,16:00:00,75.97,76.9,75.97,76.7,13536,0
2015-02-04,16:05:00,76.61,76.61,75.96,75.96,2300,0
2015-02-04,16:10:00,75.96,76.52,75.96,76.31,3200,0
2015-02-04,16:15:00,76.28,76.28,76.24,76.24,1100,0
2015-02-04,16:20:00,76.05,76.15,76.05,76.15,5197,0
2015-02-04,16:25:00,76.15,76.25,76.15,76.25,2500,0
2015-02-04,16:30:00,76.25,76.25,76.09,76.25,5300,0
2015-02-04,16:35:00,76.16,76.25,76.06,76.23,4100,0
2015-02-04,16:40:00,76.25,76.26,76.03,76.26,2300,0
2015-02-04,16:45:00,76.19,76.19,76.09,76.18,4900,0
2015-02-04,16:50:00,76.19,76.19,75.93,76.04,15810,0
2015-02-04,16:55:00,76.01,76.2,75.97,76.06,27897,0
2015-02-04,17:00:00,76.13,76.13,76.05,76.12,1800,0
2015-02-04,17:05:00,75.99,76.2,75.99,76.2,6800,0
2015-02-04,17:10:00,76.22,76.34,76.22,76.34,700,0
2015-02-04,17:15:00,76.26,76.26,76.11,76.25,1600,0
2015-02-04,17:20:00,76.2,76.2,76.04,76.04,1500,0
2015-02-04,17:25:00,76.1,76.14,76.0,76.04,4500,0
2015-02-04,17:30:00,76.08,76.08,75.99,76.0,2796,0
2015-02-04,17:35:00,76.13,76.13,75.99,76.0,4052,0
2015-02-04,17:40:00,76.02,76.04,75.94,75.96,1300,0
2015-02-04,17:45:00,75.93,75.93,75.93,75.93,200,0
2015-02-04,17:50:00,75.89,75.89,75.8,75.8,1250,0
2015-02-04,17:55:00,75.92,75.92,75.73,75.82,9935,0
2015-02-04,18:00:00,75.8,75.93,75.8,75.93,300,0
2015-02-04,18:05:00,75.89,75.96,75.83,75.83,700,0
2015-02-04,18:10:00,75.76,75.85,75.76,75.85,500,0
2015-02-04,18:15:00,75.78,75.93,75.75,75.93,3250,0
2015-02-04,18:20:00,75.89,75.89,75.84,75.84,1100,0
2015-02-04,18:25:00,75.79,75.8,75.72,75.72,1100,0
2015-02-04,18:30:00,75.69,75.83,75.61,75.78,8994,0
2015-02-04,18:35:00,75.75,75.83,75.67,75.67,10073,0
2015-02-04,18:40:00,75.62,75.73,75.62,75.73,700,0
2015-02-04,18:45:00,75.69,75.69,75.59,75.59,600,0
2015-02-04,18:50:00,75.52,75.63,75.51,75.63,600,0
2015-02-04,18:55:00,75.89,75.89,75.89,75.89,100,0
2015-02-04,19:00:00,75.91,75.91,75.79,75.79,200,0
2015-02-04,19:05:00,75.8,75.81,75.7,75.81,2800,0
2015-02-04,19:10:00,75.8,75.8,75.79,75.79,600,0
2015-02-04,19:15:00,75.73,75.78,75.71,75.75,3400,0
2015-02-04,19:20:00,75.76,75.76,75.59,75.76,6100,0
2015-02-04,19:25:00,75.79,75.79,75.75,75.75,2200,0
2015-02-04,19:30:00,75.77,75.78,75.7,75.78,3323,0
2015-02-04,19:35:00,75.77,75.8,75.75,75.77,3431,0
2015-02-04,19:40:00,75.75,75.79,75.69,75.69,3444,0
2015-02-04,19:45:00,75.72,75.72,75.71,75.72,800,0
2015-02-04,19:50:00,75.74,75.74,75.74,75.74,1260,0
2015-02-04,19:55:00,75.77,75.77,75.75,75.75,2935,0
2015-02-04,20:00:00,75.75,75.87,75.75,75.75,4678,0
2015-02-04,20:05:00,75.76,75.82,75.75,75.77,4691,0
2015-02-04,20:10:00,75.74,75.74,75.64,75.64,2996,0
2015-02-04,20:15:00,75.61,75.64,75.55,75.64,1300,0
2015-02-04,20:20:00,75.63,75.66,75.6,75.64,2218,0
2015-02-04,20:25:00,75.71,75.81,75.71,75.77,1500,0
2015-02-04,20:30:00,75.78,75.78,75.72,75.75,5028,0
2015-02-04,20:35:00,75.75,75.82,75.7,75.79,2491,0
2015-02-04,20:40:00,75.87,75.87,75.79,75.8,5402,0
2015-02-04,20:45:00,75.82,75.82,75.74,75.75,2900,0
2015-02-04,20:50:00,75.74,75.91,75.74,75.89,3949,0
2015-02-04,20:55:00,75.86,75.91,75.85,75.91,1015,0
2015-02-04,21:00:00,75.86,75.91,75.86,75.87,1900,0
2015-02-04,21:05:00,75.83,75.85,75.82,75.83,1611,0
2015-02-04,21:10:00,75.83,75.92,75.83,75.92,5000,0
2015-02-04,21:15:00,75.95,75.95,75.84,75.84,2800,0
2015-02-04,21:20:00,75.87,75.87,75.82,75.85,2200,0
2015-02-04,21:25:00,75.84,75.89,75.83,75.87,3192,0
2015-02-04,21:30:00,75.86,75.94,75.85,75.94,2881,0
2015-02-04,21:35:00,75.87,75.93,75.79,75.79,12400,0
2015-02-04,21:40:00,75.79,75.83,75.78,75.78,2300,0
2015-02-04,21:45:00,75.69,75.74,75.4,75.48,7144,0
2015-02-04,21:50:00,75.53,75.58,75.29,75.58,4870,0
2015-02-04,21:55:00,75.57,75.63,75.48,75.59,8500,0
2015-02-04,22:00:00,75.59,75.72,75.56,75.66,56932,0
2015-02-05,15:35:00,75.86,76.83,75.86,76.55,2609,0
2015-02-05,15:40:00,76.4,76.4,76.0,76.0,1000,0
2015-02-05,15:45:00,76.0,76.53,75.92,76.06,5200,0
2015-02-05,15:50:00,76.0,76.44,75.83,76.0,10200,0
2015-02-05,15:55:00,76.0,76.06,76.0,76.06,1000,0
2015-02-05,16:00:00,75.88,75.88,75.86,75.86,300,0
2015-02-05,16:05:00,75.91,75.97,75.63,75.63,2100,0
2015-02-05,16:10:00,75.62,75.69,75.62,75.68,800,0
2015-02-05,16:15:00,75.65,75.75,75.62,75.75,1100,0
2015-02-05,16:20:00,75.77,75.78,75.77,75.78,700,0
2015-02-05,16:25:00,75.74,75.78,75.71,75.78,2000,0
2015-02-05,16:30:00,75.8,76.0,75.8,75.91,4900,0
2015-02-05,16:35:00,75.82,75.82,75.62,75.62,1400,0
2015-02-05,16:40:00,75.63,75.82,75.61,75.82,1600,0
2015-02-05,16:50:00,75.8,75.85,75.8,75.84,1300,0
2015-02-05,16:55:00,75.91,76.14,75.91,76.05,3600,0
2015-02-05,17:00:00,76.07,76.18,75.97,76.01,10900,0
2015-02-05,17:05:00,75.92,76.03,75.92,75.95,5264,0
2015-02-05,17:10:00,75.95,76.06,75.95,76.02,1700,0
2015-02-05,17:15:00,76.13,76.14,76.12,76.13,2230,0
2015-02-05,17:20:00,76.09,76.09,76.05,76.08,2200,0
2015-02-05,17:25:00,76.08,76.26,76.08,76.22,2900,0
2015-02-05,17:30:00,76.23,76.23,76.09,76.12,8700,0
2015-02-05,17:35:00,76.1,76.1,76.02,76.02,700,0
2015-02-05,17:40:00,76.0,76.09,75.97,76.05,13252,0
2015-02-05,17:45:00,75.99,76.04,75.99,76.04,500,0
2015-02-05,17:50:00,76.08,76.24,76.04,76.15,2500,0
2015-02-05,17:55:00,76.16,76.16,75.98,75.98,1200,0
2015-02-05,18:00:00,75.91,76.02,75.91,76.02,700,0
2015-02-05,18:05:00,76.0,76.04,76.0,76.01,1600,0
2015-02-05,18:10:00,76.0,76.0,75.99,75.99,600,0
2015-02-05,18:20:00,76.0,76.17,76.0,76.06,2100,0
2015-02-05,18:25:00,76.06,76.06,76.06,76.06,100,0
2015-02-05,18:30:00,76.06,76.11,76.06,76.09,571,0
2015-02-05,18:35:00,76.03,76.14,76.03,76.07,7300,0
2015-02-05,18:45:00,75.97,75.98,75.96,75.98,600,0
2015-02-05,18:50:00,75.96,76.1,75.96,75.97,1106,0
2015-02-05,19:00:00,75.97,75.97,75.85,75.96,1000,0
2015-02-05,19:05:00,76.07,76.07,76.02,76.07,500,0
2015-02-05,19:10:00,76.12,76.12,76.0,76.07,922,0
2015-02-05,19:15:00,76.0,76.25,76.0,76.12,2900,0
2015-02-05,19:20:00,76.13,76.31,76.08,76.14,2400,0
2015-02-05,19:25:00,76.14,76.21,76.1,76.1,2400,0
2015-02-05,19:30:00,76.11,76.14,76.09,76.14,450,0
2015-02-05,19:35:00,76.15,76.24,76.01,76.17,6200,0
2015-02-05,19:40:00,76.19,76.19,76.12,76.12,500,0
2015-02-05,19:45:00,76.09,76.25,76.07,76.09,8400,0
2015-02-05,19:50:00,76.02,76.11,76.0,76.1,1440,0
2015-02-05,19:55:00,76.16,76.16,76.12,76.15,800,0
2015-02-05,20:00:00,76.15,76.15,76.15,76.15,100,0
2015-02-05,20:05:00,76.07,76.1,76.02,76.05,5900,0
2015-02-05,20:10:00,76.04,76.1,76.0,76.0,4100,0
2015-02-05,20:15:00,76.0,76.11,76.0,76.11,600,0
2015-02-05,20:20:00,76.08,76.22,75.96,76.18,4130,0
2015-02-05,20:25:00,76.09,76.1,75.9,75.93,1300,0
2015-02-05,20:30:00,76.0,76.03,76.0,76.03,1100,0
2015-02-05,20:35:00,76.04,76.12,76.03,76.12,4200,0
2015-02-05,20:40:00,76.05,76.05,75.88,75.99,3000,0
2015-02-05,20:45:00,75.93,76.07,75.93,76.02,852,0
2015-02-05,20:50:00,75.95,76.05,75.95,76.04,1600,0
2015-02-05,20:55:00,76.04,76.04,76.02,76.03,1900,0
2015-02-05,21:00:00,76.03,76.03,75.99,76.03,1100,0
2015-02-05,21:10:00,76.01,76.13,75.93,75.95,5800,0
2015-02-05,21:15:00,75.89,76.09,75.82,76.09,3800,0
2015-02-05,21:20:00,76.09,76.09,75.88,75.91,5100,0
2015-02-05,21:25:00,75.87,75.88,75.86,75.87,2237,0
2015-02-05,21:30:00,75.87,75.97,75.84,75.97,4700,0
2015-02-05,21:35:00,75.93,75.99,75.9,75.98,3600,0
2015-02-05,21:40:00,75.98,76.28,75.98,76.28,6264,0
2015-02-05,21:45:00,76.28,76.34,76.17,76.31,5700,0
2015-02-05,21:50:00,76.31,76.31,75.99,76.02,4800,0
2015-02-05,21:55:00,76.05,76.25,76.05,76.25,7400,0
2015-02-05,22:00:00,76.24,76.24,76.05,76.1,122812,0
2015-02-06,15:35:00,76.01,76.13,76.01,76.1,6504,0
2015-02-06,15:40:00,76.14,76.14,75.91,75.91,1200,0
2015-02-06,15:45:00,75.57,75.65,75.56,75.65,900,0
2015-02-06,15:50:00,75.34,75.34,75.34,75.34,100,0
2015-02-06,15:55:00,75.56,75.56,75.56,75.56,500,0
2015-02-06,16:00:00,75.54,75.79,75.5,75.79,7600,0
2015-02-06,16:05:00,75.9,76.15,75.83,76.15,2700,0
2015-02-06,16:10:00,76.16,76.47,76.16,76.47,1500,0
2015-02-06,16:20:00,76.58,76.7,76.49,76.49,3100,0
2015-02-06,16:25:00,76.51,76.65,76.38,76.51,5200,0
2015-02-06,16:30:00,76.5,76.5,76.12,76.17,10608,0
2015-02-06,16:35:00,76.27,76.45,76.13,76.44,4100,0
2015-02-06,16:40:00,76.42,76.59,76.32,76.43,2300,0
2015-02-06,16:45:00,76.63,76.65,76.51,76.51,1300,0
2015-02-06,16:50:00,76.63,76.73,76.34,76.43,6300,0
2015-02-06,16:55:00,76.43,76.57,76.12,76.2,21100,0
2015-02-06,17:00:00,76.2,76.25,75.91,76.01,21554,0
2015-02-06,17:10:00,76.05,76.05,76.04,76.05,600,0
2015-02-06,17:15:00,75.99,76.05,75.99,76.05,400,0
2015-02-06,17:20:00,76.05,76.13,75.99,76.07,2838,0
2015-02-06,17:25:00,76.08,76.26,76.08,76.2,2515,0
2015-02-06,17:30:00,76.33,76.49,76.32,76.35,1700,0
2015-02-06,17:35:00,76.32,76.32,76.28,76.28,300,0
2015-02-06,17:40:00,76.17,76.18,76.12,76.12,1600,0
2015-02-06,17:45:00,76.14,76.14,76.14,76.14,300,0
2015-02-06,17:50:00,76.18,76.19,76.18,76.18,900,0
2015-02-06,17:55:00,76.19,76.19,76.09,76.09,1800,0
2015-02-06,18:00:00,76.01,76.01,76.0,76.0,200,0
2015-02-06,18:05:00,76.03,76.17,76.03,76.17,1300,0
2015-02-06,18:10:00,76.11,76.13,76.11,76.13,1400,0
2015-02-06,18:20:00,76.21,76.3,76.21,76.3,300,0
2015-02-06,18:25:00,76.21,76.21,76.21,76.21,400,0
2015-02-06,18:35:00,76.19,76.24,76.19,76.24,2100,0
2015-02-06,18:45:00,76.09,76.09,75.85,75.85,1000,0
2015-02-06,18:50:00,75.72,76.0,75.72,76.0,1500,0
2015-02-06,18:55:00,75.86,75.86,75.86,75.86,500,0
2015-02-06,19:00:00,75.81,75.81,75.81,75.81,357,0
2015-02-06,19:05:00,76.01,76.05,76.01,76.05,400,0
2015-02-06,19:10:00,76.05,76.05,75.85,75.93,2100,0
2015-02-06,19:15:00,75.86,75.86,75.8,75.8,1000,0
2015-02-06,19:20:00,75.83,75.84,75.78,75.78,1100,0
2015-02-06,19:30:00,75.75,75.75,75.65,75.66,400,0
2015-02-06,19:35:00,75.69,75.71,75.62,75.71,2476,0
2015-02-06,19:40:00,75.61,75.61,75.49,75.49,1300,0
2015-02-06,19:45:00,75.55,75.55,75.55,75.55,400,0
2015-02-06,19:50:00,75.76,75.76,75.76,75.76,400,0
2015-02-06,19:55:00,75.7,75.71,75.65,75.65,2010,0
2015-02-06,20:00:00,75.64,75.64,75.63,75.63,300,0
2015-02-06,20:05:00,75.62,75.66,75.45,75.66,4100,0
2015-02-06,20:10:00,75.56,75.56,75.52,75.56,1300,0
2015-02-06,20:15:00,75.49,75.7,75.49,75.7,2400,0
2015-02-06,20:25:00,75.74,75.74,75.61,75.68,4100,0
2015-02-06,20:30:00,75.69,75.69,75.69,75.69,322,0
2015-02-06,20:35:00,75.74,75.82,75.7,75.82,1200,0
2015-02-06,20:40:00,75.87,75.88,75.87,75.87,900,0
2015-02-06,20:45:00,75.74,76.02,75.74,75.97,12203,0
2015-02-06,20:50:00,75.88,75.92,75.65,75.65,1900,0
2015-02-06,20:55:00,75.59,75.67,75.59,75.67,1300,0
2015-02-06,21:00:00,75.6,75.6,75.59,75.59,400,0
2015-02-06,21:05:00,75.67,75.67,75.4,75.4,2900,0
2015-02-06,21:10:00,75.5,75.55,75.5,75.55,1600,0
2015-02-06,21:15:00,75.51,75.57,75.51,75.57,1500,0
2015-02-06,21:20:00,75.48,75.48,75.43,75.43,800,0
2015-02-06,21:25:00,75.28,75.34,75.19,75.34,1700,0
2015-02-06,21:30:00,75.34,75.34,75.23,75.23,3000,0
2015-02-06,21:35:00,75.26,75.53,75.26,75.53,1200,0
2015-02-06,21:40:00,75.49,75.66,75.48,75.66,1600,0
2015-02-06,21:45:00,75.64,75.75,75.34,75.38,10268,0
2015-02-06,21:50:00,75.35,75.35,75.09,75.13,23682,0
2015-02-06,21:55:00,75.15,75.33,75.15,75.32,6108,0
2015-02-06,22:00:00,75.36,75.38,75.12,75.38,86563,0
2015-02-09,15:35:00,75.04,75.18,75.03,75.15,1100,0
2015-02-09,15:40:00,75.25,75.52,75.25,75.52,200,0
2015-02-09,15:50:00,75.45,75.77,75.45,75.74,1600,0
2015-02-09,15:55:00,76.0,76.0,76.0,76.0,1500,0
2015-02-09,16:00:00,75.77,76.01,75.58,75.61,6800,0
2015-02-09,16:05:00,75.68,75.97,75.64,75.97,1700,0
2015-02-09,16:10:00,76.06,76.06,75.69,75.71,3228,0
2015-02-09,16:15:00,75.71,75.73,75.56,75.61,3500,0
2015-02-09,16:20:00,75.69,75.77,75.62,75.68,1400,0
2015-02-09,16:25:00,75.84,75.84,75.41,75.42,5000,0
2015-02-09,16:30:00,75.41,75.41,75.05,75.05,6400,0
2015-02-09,16:35:00,75.02,75.08,74.91,75.0,3000,0
2015-02-09,16:40:00,75.12,75.13,74.94,74.94,2400,0
2015-02-09,16:45:00,74.98,75.05,74.94,74.94,1200,0
2015-02-09,16:50:00,74.94,74.94,74.59,74.62,4455,0
2015-02-09,17:00:00,74.66,74.7,74.53,74.53,1600,0
2015-02-09,17:05:00,74.54,74.77,74.53,74.77,2100,0
2015-02-09,17:10:00,74.55,74.91,74.55,74.72,1600,0
2015-02-09,17:15:00,74.81,74.93,74.72,74.72,600,0
2015-02-09,17:20:00,74.85,74.86,74.73,74.73,700,0
2015-02-09,17:25:00,74.86,74.86,74.8,74.85,800,0
2015-02-09,17:30:00,74.81,74.86,74.74,74.81,6400,0
2015-02-09,17:35:00,74.86,75.02,74.86,74.92,2600,0
2015-02-09,17:40:00,75.01,75.07,74.95,75.06,1200,0
2015-02-09,17:45:00,75.0,75.14,74.83,75.04,10300,0
2015-02-09,17:50:00,74.94,75.1,74.94,75.02,5800,0
2015-02-09,17:55:00,75.02,75.22,75.02,75.14,800,0
2015-02-09,18:00:00,75.13,75.23,75.07,75.14,3900,0
2015-02-09,18:05:00,75.14,75.14,75.1,75.1,700,0
2015-02-09,18:10:00,75.11,75.23,75.11,75.17,1000,0
2015-02-09,18:15:00,75.15,75.15,74.89,74.89,5000,0
2015-02-09,18:20:00,75.04,75.1,74.86,74.88,15200,0
2015-02-09,18:25:00,74.86,74.86,74.45,74.57,23085,0
2015-02-09,18:30:00,74.64,74.69,74.64,74.67,1100,0
2015-02-09,18:35:00,74.69,74.71,74.69,74.71,1200,0
2015-02-09,18:40:00,74.85,74.85,74.77,74.78,823,0
2015-02-09,18:45:00,74.83,74.83,74.57,74.59,5900,0
2015-02-09,18:50:00,74.58,74.6,74.54,74.58,3000,0
2015-02-09,18:55:00,74.58,74.65,74.53,74.55,3300,0
2015-02-09,19:00:00,74.68,74.68,74.59,74.59,300,0
2015-02-09,19:05:00,74.59,74.59,74.18,74.18,4200,0
2015-02-09,19:10:00,74.28,74.42,74.23,74.29,1100,0
2015-02-09,19:15:00,74.42,74.51,74.37,74.51,2100,0
2015-02-09,19:20:00,74.47,74.47,74.37,74.38,700,0
2015-02-09,19:25:00,74.38,74.42,74.28,74.3,3800,0
2015-02-09,19:30:00,74.3,74.33,74.24,74.33,1624,0
2015-02-09,19:35:00,74.29,74.29,74.11,74.11,1600,0
2015-02-09,19:40:00,74.24,74.24,74.21,74.21,1300,0
2015-02-09,19:45:00,74.21,74.26,74.1,74.1,2000,0
2015-02-09,19:50:00,74.11,74.11,73.84,73.84,3450,0
2015-02-09,19:55:00,73.89,74.0,73.89,73.98,2462,0
2015-02-09,20:00:00,73.95,73.95,73.88,73.88,500,0
2015-02-09,20:05:00,73.89,73.98,73.86,73.98,3000,0
2015-02-09,20:10:00,73.89,73.97,73.89,73.97,3217,0
2015-02-09,20:15:00,73.97,74.03,73.76,73.76,11379,0
2015-02-09,20:20:00,73.77,73.77,73.61,73.61,1300,0
2015-02-09,20:25:00,73.74,73.9,73.69,73.9,2000,0
2015-02-09,20:30:00,73.93,74.04,73.93,73.95,1774,0
2015-02-09,20:35:00,74.03,74.04,73.94,73.98,4300,0
2015-02-09,20:40:00,73.99,74.12,73.99,74.06,3672,0
2015-02-09,20:45:00,74.06,74.06,73.98,74.0,3578,0
2015-02-09,20:50:00,74.0,74.0,73.8,73.85,2900,0
2015-02-09,20:55:00,73.83,73.86,73.78,73.78,2700,0
2015-02-09,21:00:00,73.78,73.9,73.78,73.81,2200,0
2015-02-09,21:05:00,73.85,73.87,73.75,73.76,5000,0
2015-02-09,21:10:00,73.77,73.81,73.72,73.78,3100,0
2015-02-09,21:15:00,73.75,73.75,73.64,73.69,1800,0
2015-02-09,21:20:00,73.69,73.74,73.55,73.55,4600,0
2015-02-09,21:25:00,73.56,73.72,73.55,73.61,10550,0
2015-02-09,21:30:00,73.61,73.65,73.51,73.52,6000,0
2015-02-09,21:35:00,73.62,73.63,73.49,73.59,5300,0
2015-02-09,21:40:00,73.56,73.65,73.5,73.56,8152,0
2015-02-09,21:45:00,73.56,73.9,73.52,73.89,13190,0
2015-02-09,21:50:00,73.88,74.45,73.88,74.39,13008,0
2015-02-09,21:55:00,74.29,74.29,73.82,73.82,16701,0
2015-02-09,22:00:00,73.82,73.91,73.64,73.74,102092,0
2015-02-10,15:35:00,73.89,74.08,73.89,74.08,9630,0
2015-02-10,15:40:00,74.31,74.98,74.16,74.77,3200,0
2015-02-10,15:45:00,74.9,74.91,74.59,74.81,4100,0
2015-02-10,15:50:00,74.92,75.35,74.74,74.93,35450,0
2015-02-10,15:55:00,75.14,75.14,74.79,74.88,8950,0
2015-02-10,16:00:00,74.68,74.7,74.23,74.43,5100,0
2015-02-10,16:05:00,74.25,74.36,74.06,74.06,4400,0
2015-02-10,16:10:00,74.07,74.13,73.87,73.93,5100,0
2015-02-10,16:15:00,73.99,74.15,73.94,74.04,3300,0
2015-02-10,16:20:00,74.02,74.02,73.94,73.94,2200,0
2015-02-10,16:25:00,73.91,73.94,73.91,73.94,200,0
2015-02-10,16:30:00,74.0,74.0,73.8,73.94,3800,0
2015-02-10,16:35:00,73.85,73.91,73.8,73.82,1400,0
2015-02-10,16:40:00,73.87,73.97,73.86,73.96,4900,0
2015-02-10,16:45:00,73.96,73.99,73.76,73.78,15233,0
2015-02-10,16:50:00,73.77,73.89,73.48,73.64,7552,0
2015-02-10,16:55:00,73.64,73.97,73.51,73.97,2800,0
2015-02-10,17:00:00,73.96,74.01,73.88,73.89,3000,0
2015-02-10,17:05:00,73.9,74.03,73.8,73.87,15910,0
2015-02-10,17:10:00,73.95,74.22,73.8,74.03,17991,0
2015-02-10,17:15:00,74.16,74.28,74.1,74.11,8700,0
2015-02-10,17:20:00,74.1,74.22,74.09,74.09,9800,0
2015-02-10,17:25:00,74.15,74.36,74.13,74.34,34011,0
2015-02-10,17:30:00,74.33,74.52,74.33,74.52,11800,0
2015-02-10,17:35:00,74.49,74.54,74.39,74.39,2000,0
2015-02-10,17:40:00,74.47,74.52,74.23,74.23,7400,0
2015-02-10,17:45:00,74.23,74.33,74.23,74.33,1600,0
2015-02-10,17:50:00,74.33,74.33,74.27,74.27,2100,0
2015-02-10,17:55:00,74.33,74.34,73.83,73.9,10160,0
2015-02-10,18:00:00,73.99,74.08,73.81,73.81,4800,0
2015-02-10,18:05:00,73.77,73.86,73.61,73.74,3600,0
2015-02-10,18:10:00,73.82,73.97,73.8,73.85,2900,0
2015-02-10,18:15:00,73.84,73.86,73.81,73.85,3400,0
2015-02-10,18:20:00,73.89,74.1,73.84,74.02,3000,0
2015-02-10,18:25:00,74.01,74.12,74.0,74.06,1550,0
2015-02-10,18:30:00,74.0,74.12,73.98,74.0,1500,0
2015-02-10,18:35:00,74.0,74.05,73.96,73.97,7035,0
2015-02-10,18:40:00,73.96,74.04,73.84,73.95,6071,0
2015-02-10,18:45:00,73.95,74.01,73.95,74.0,3100,0
2015-02-10,18:50:00,74.0,74.04,74.0,74.0,1100,0
2015-02-10,18:55:00,73.99,74.03,73.94,73.94,4700,0
2015-02-10,19:00:00,73.93,74.04,73.92,74.01,3100,0
2015-02-10,19:05:00,74.04,74.26,74.04,74.13,2700,0
2015-02-10,19:10:00,74.1,74.27,74.1,74.13,800,0
2015-02-10,19:15:00,74.27,74.27,74.27,74.27,100,0
2015-02-10,19:20:00,74.27,74.48,74.27,74.38,4260,0
2015-02-10,19:25:00,74.4,74.4,74.35,74.35,1000,0
2015-02-10,19:30:00,74.3,74.37,74.26,74.28,700,0
2015-02-10,19:35:00,74.37,74.37,74.29,74.29,2400,0
2015-02-10,19:40:00,74.34,74.49,74.33,74.49,4700,0
2015-02-10,19:45:00,74.43,74.47,74.4,74.4,700,0
2015-02-10,19:50:00,74.4,74.46,74.39,74.41,4400,0
2015-02-10,19:55:00,74.44,74.68,74.36,74.68,8922,0
2015-02-10,20:00:00,74.68,75.0,74.68,74.95,5250,0
2015-02-10,20:05:00,74.96,75.12,74.93,75.12,2400,0
2015-02-10,20:10:00,75.13,75.13,75.05,75.12,2100,0
2015-02-10,20:15:00,75.11,75.18,75.07,75.07,3000,0
2015-02-10,20:20:00,75.03,75.06,75.0,75.0,1700,0
2015-02-10,20:25:00,75.09,75.09,74.99,74.99,1200,0
2015-02-10,20:30:00,75.05,75.28,75.05,75.28,1900,0
2015-02-10,20:35:00,75.25,75.29,75.15,75.28,2600,0
2015-02-10,20:40:00,75.3,75.31,75.29,75.29,800,0
2015-02-10,20:45:00,75.29,75.46,75.29,75.4,2500,0
2015-02-10,20:50:00,75.45,75.45,75.22,75.22,4700,0
2015-02-10,20:55:00,75.23,75.31,75.23,75.31,2800,0
2015-02-10,21:00:00,75.38,75.42,75.33,75.33,3524,0
2015-02-10,21:05:00,75.33,75.42,75.29,75.29,1585,0
2015-02-10,21:10:00,75.35,75.36,75.23,75.33,6300,0
2015-02-10,21:15:00,75.31,75.31,75.23,75.23,2600,0
2015-02-10,21:20:00,75.19,75.24,75.14,75.17,9400,0
2015-02-10,21:25:00,75.2,75.23,75.16,75.2,5863,0
2015-02-10,21:30:00,75.15,75.15,75.04,75.11,6746,0
2015-02-10,21:35:00,75.07,75.26,75.07,75.15,10100,0
2015-02-10,21:40:00,75.17,75.27,75.15,75.23,6500,0
2015-02-10,21:45:00,75.22,75.44,75.21,75.43,11266,0
2015-02-10,21:50:00,75.41,75.41,75.09,75.13,12240,0
2015-02-10,21:55:00,75.14,75.19,75.05,75.06,25031,0
2015-02-10,22:00:00,75.08,75.27,74.92,75.15,274595,0
2015-02-11,15:35:00,74.54,78.94,74.5,78.88,36060,0
2015-02-11,15:40:00,78.81,79.89,78.48,79.84,41641,0
2015-02-11,15:45:00,79.84,80.69,79.67,80.35,58483,0
2015-02-11,15:50:00,79.99,81.29,79.99,80.79,33804,0
2015-02-11,15:55:00,80.79,81.18,80.0,80.85,28918,0
2015-02-11,16:00:00,80.78,81.6,80.78,81.11,10090,0
2015-02-11,16:05:00,81.09,81.93,80.92,81.47,17845,0
2015-02-11,16:10:00,81.49,81.79,80.58,80.58,17038,0
2015-02-11,16:15:00,80.38,81.29,80.16,81.29,5600,0
2015-02-11,16:20:00,81.38,81.66,80.77,81.2,9440,0
2015-02-11,16:25:00,80.88,81.32,80.88,81.32,3116,0
2015-02-11,16:30:00,81.46,81.52,81.09,81.17,21331,0
2015-02-11,16:35:00,81.17,81.17,80.5,80.62,7200,0
2015-02-11,16:40:00,80.67,81.3,80.6,81.29,7800,0
2015-02-11,16:45:00,81.3,81.85,81.09,81.18,15377,0
2015-02-11,16:50:00,81.31,81.31,80.89,80.89,6033,0
2015-02-11,16:55:00,80.89,81.49,80.89,81.25,17551,0
2015-02-11,17:00:00,81.39,81.64,81.16,81.42,13800,0
2015-02-11,17:05:00,81.38,81.47,81.16,81.36,9000,0
2015-02-11,17:10:00,81.35,81.56,81.3,81.56,15468,0
2015-02-11,17:15:00,81.5,82.0,81.35,81.7,16515,0
2015-02-11,17:20:00,81.77,81.85,81.62,81.8,8300,0
2015-02-11,17:25:00,81.76,82.22,81.59,81.71,24800,0
2015-02-11,17:30:00,81.71,82.02,81.71,81.74,24608,0
2015-02-11,17:35:00,81.78,81.79,81.06,81.19,14400,0
2015-02-11,17:40:00,81.31,81.8,81.31,81.8,7300,0
2015-02-11,17:45:00,81.81,81.83,81.4,81.43,5300,0
2015-02-11,17:50:00,81.48,81.48,81.0,81.35,4000,0
2015-02-11,17:55:00,81.48,81.92,81.48,81.55,7276,0
2015-02-11,18:00:00,81.75,81.78,81.65,81.68,2300,0
2015-02-11,18:05:00,81.74,81.76,81.54,81.69,5300,0
2015-02-11,18:10:00,81.75,82.03,81.7,82.01,4600,0
2015-02-11,18:15:00,82.08,82.5,82.08,82.4,9800,0
2015-02-11,18:20:00,82.46,82.52,81.98,81.98,12550,0
2015-02-11,18:25:00,82.1,82.13,81.88,82.06,2900,0
2015-02-11,18:30:00,82.02,82.11,81.63,81.63,7469,0
2015-02-11,18:35:00,81.68,81.68,81.3,81.38,6400,0
2015-02-11,18:40:00,81.37,81.98,81.31,81.94,6815,0
2015-02-11,18:45:00,81.94,81.94,81.41,81.49,9204,0
2015-02-11,18:50:00,81.43,81.88,81.43,81.56,9809,0
2015-02-11,18:55:00,81.55,81.55,81.15,81.44,5300,0
2015-02-11,19:00:00,81.36,81.5,81.17,81.29,10600,0
2015-02-11,19:05:00,81.42,81.46,81.3,81.3,4992,0
2015-02-11,19:10:00,81.3,81.44,81.17,81.17,4900,0
2015-02-11,19:15:00,81.25,81.31,80.84,81.11,5500,0
2015-02-11,19:20:00,81.02,81.24,81.02,81.24,5100,0
2015-02-11,19:25:00,81.26,81.37,81.12,81.2,5304,0
2015-02-11,19:30:00,81.36,81.73,81.36,81.43,8300,0
2015-02-11,19:35:00,81.43,81.53,81.29,81.51,3400,0
2015-02-11,19:40:00,81.56,81.56,81.22,81.4,5100,0
2015-02-11,19:45:00,81.42,81.56,81.42,81.44,6100,0
2015-02-11,19:50:00,81.44,81.44,81.24,81.37,4970,0
2015-02-11,19:55:00,81.36,81.44,81.02,81.02,8567,0
2015-02-11,20:00:00,81.1,81.43,81.01,81.19,5942,0
2015-02-11,20:05:00,81.24,81.39,81.23,81.39,5493,0
2015-02-11,20:10:00,81.48,81.75,81.48,81.74,3850,0
2015-02-11,20:15:00,81.74,81.84,81.67,81.81,5424,0
2015-02-11,20:20:00,81.91,81.91,81.55,81.68,15725,0
2015-02-11,20:25:00,81.55,81.89,81.45,81.45,20254,0
2015-02-11,20:30:00,81.41,81.51,81.28,81.3,8448,0
2015-02-11,20:35:00,81.38,81.5,81.38,81.5,1600,0
2015-02-11,20:40:00,81.49,82.09,81.45,82.09,6650,0
2015-02-11,20:45:00,82.12,82.71,82.12,82.35,24745,0
2015-02-11,20:50:00,82.34,82.49,82.25,82.41,9590,0
2015-02-11,20:55:00,82.5,82.69,82.43,82.44,8336,0
2015-02-11,21:00:00,82.4,82.4,82.05,82.23,6700,0
2015-02-11,21:05:00,82.3,82.5,82.16,82.16,9000,0
2015-02-11,21:10:00,82.21,82.21,81.99,82.03,11096,0
2015-02-11,21:15:00,82.03,82.05,81.8,81.8,5800,0
2015-02-11,21:20:00,81.8,82.0,81.48,82.0,16928,0
2015-02-11,21:25:00,82.0,82.13,81.95,81.96,19000,0
2015-02-11,21:30:00,82.0,82.27,82.0,82.09,21700,0
2015-02-11,21:35:00,82.11,82.11,81.52,81.85,33250,0
2015-02-11,21:40:00,81.86,82.01,81.77,81.9,11300,0
2015-02-11,21:45:00,81.92,81.99,81.76,81.84,28233,0
2015-02-11,21:50:00,81.84,81.84,81.21,81.41,29685,0
2015-02-11,21:55:00,81.46,81.51,80.85,81.0,57780,0
2015-02-11,22:00:00,81.0,81.02,80.69,80.86,132697,0
2015-02-12,15:35:00,81.99,82.19,81.85,81.98,7700,0
2015-02-12,15:40:00,81.51,82.41,81.51,82.12,70594,0
2015-02-12,15:45:00,82.09,82.57,82.05,82.57,7200,0
2015-02-12,15:50:00,82.58,82.92,82.54,82.62,6346,0
2015-02-12,15:55:00,82.66,82.66,82.53,82.55,2400,0
2015-02-12,16:00:00,82.39,82.45,82.28,82.28,1300,0
2015-02-12,16:05:00,82.25,82.25,81.99,82.0,4200,0
2015-02-12,16:10:00,82.03,82.03,81.76,81.8,14744,0
2015-02-12,16:15:00,81.73,81.76,81.57,81.67,4000,0
2015-02-12,16:20:00,81.67,81.71,81.12,81.25,13600,0
2015-02-12,16:25:00,81.24,81.3,80.92,80.92,3686,0
2015-02-12,16:30:00,80.89,80.89,80.42,80.42,5700,0
2015-02-12,16:35:00,80.47,80.81,80.47,80.69,2500,0
2015-02-12,16:40:00,80.66,80.86,80.47,80.86,2100,0
2015-02-12,16:45:00,80.85,80.85,80.65,80.77,4200,0
2015-02-12,16:50:00,80.75,80.79,80.67,80.76,2200,0
2015-02-12,16:55:00,80.69,80.77,80.62,80.62,5600,0
2015-02-12,17:00:00,80.64,80.79,80.61,80.68,5186,0
2015-02-12,17:05:00,80.59,80.73,80.55,80.72,9982,0
2015-02-12,17:10:00,80.81,80.89,80.79,80.87,1300,0
2015-02-12,17:15:00,80.89,81.11,80.83,81.05,9450,0
2015-02-12,17:20:00,81.07,81.07,80.72,80.79,3100,0
2015-02-12,17:25:00,80.81,81.03,80.8,80.95,4225,0
2015-02-12,17:30:00,80.87,80.93,80.86,80.93,2500,0
2015-02-12,17:35:00,80.91,80.95,80.86,80.86,2600,0
2015-02-12,17:40:00,80.82,81.01,80.82,81.01,4100,0
2015-02-12,17:45:00,81.01,81.04,80.97,81.04,1200,0
2015-02-12,17:50:00,81.07,81.36,81.02,81.32,3025,0
2015-02-12,17:55:00,81.35,81.58,81.35,81.57,4482,0
2015-02-12,18:00:00,81.54,81.58,81.37,81.37,15219,0
2015-02-12,18:10:00,81.29,81.29,81.25,81.27,2000,0
2015-02-12,18:15:00,81.27,81.28,81.13,81.13,1888,0
2015-02-12,18:20:00,81.22,81.23,81.05,81.08,6574,0
2015-02-12,18:25:00,81.04,81.06,80.69,80.69,4200,0
2015-02-12,18:30:00,80.71,80.71,80.71,80.71,100,0
2015-02-12,18:35:00,80.77,80.9,80.75,80.75,2100,0
2015-02-12,18:40:00,80.85,80.85,80.66,80.66,2800,0
2015-02-12,18:45:00,80.66,80.66,80.58,80.62,4400,0
2015-02-12,18:50:00,80.58,80.58,80.35,80.39,3500,0
2015-02-12,18:55:00,80.38,80.46,80.31,80.42,4300,0
2015-02-12,19:00:00,80.5,80.5,80.39,80.39,1500,0
2015-02-12,19:05:00,80.46,80.5,80.46,80.5,1000,0
2015-02-12,19:10:00,80.4,80.51,80.39,80.45,2800,0
2015-02-12,19:15:00,80.48,80.5,80.46,80.48,2200,0
2015-02-12,19:20:00,80.49,80.78,80.49,80.78,4750,0
2015-02-12,19:25:00,80.8,80.8,80.52,80.69,6395,0
2015-02-12,19:30:00,80.83,80.83,80.68,80.68,3100,0
2015-02-12,19:35:00,80.63,80.91,80.57,80.89,9498,0
2015-02-12,19:40:00,80.95,81.02,80.91,81.0,1800,0
2015-02-12,19:45:00,81.08,81.15,81.04,81.14,2000,0
2015-02-12,19:50:00,81.1,81.12,80.91,80.91,4200,0
2015-02-12,19:55:00,80.94,81.04,80.84,81.03,3700,0
2015-02-12,20:00:00,81.06,81.2,81.06,81.2,5100,0
2015-02-12,20:05:00,81.19,81.2,81.1,81.13,4930,0
2015-02-12,20:10:00,81.06,81.16,81.06,81.09,3900,0
2015-02-12,20:15:00,81.19,81.19,80.95,80.95,5400,0
2015-02-12,20:20:00,80.95,81.0,80.76,80.76,5289,0
2015-02-12,20:25:00,80.8,80.85,80.75,80.78,4400,0
2015-02-12,20:30:00,80.83,80.88,80.8,80.84,2300,0
2015-02-12,20:35:00,80.87,80.94,80.87,80.94,2400,0
2015-02-12,20:40:00,80.88,81.13,80.88,81.13,7399,0
2015-02-12,20:45:00,81.12,81.28,81.12,81.24,4904,0
2015-02-12,20:50:00,81.24,81.38,81.24,81.38,3700,0
2015-02-12,20:55:00,81.39,81.39,81.27,81.39,6482,0
2015-02-12,21:00:00,81.37,81.41,81.32,81.41,3211,0
2015-02-12,21:05:00,81.32,81.53,81.32,81.53,5800,0
2015-02-12,21:10:00,81.48,81.72,81.48,81.72,4900,0
2015-02-12,21:15:00,81.72,81.82,81.68,81.82,12500,0
2015-02-12,21:20:00,81.84,82.0,81.82,82.0,9187,0
2015-02-12,21:25:00,82.04,82.06,81.92,82.01,8682,0
2015-02-12,21:30:00,82.08,82.08,81.95,81.95,8775,0
2015-02-12,21:35:00,81.97,82.09,81.9,81.96,13650,0
2015-02-12,21:40:00,81.97,82.22,81.93,82.21,11588,0
2015-02-12,21:45:00,82.23,82.4,82.23,82.27,17496,0
2015-02-12,21:50:00,82.24,82.26,82.17,82.19,14050,0
2015-02-12,21:55:00,82.21,82.25,82.15,82.18,18316,0
2015-02-12,22:00:00,82.21,82.41,82.21,82.35,173202,0
2015-02-13,15:35:00,82.11,82.62,82.11,82.62,4902,0
2015-02-13,15:45:00,82.6,82.69,82.48,82.48,6950,0
2015-02-13,15:50:00,82.52,82.52,82.52,82.52,1000,0
2015-02-13,15:55:00,82.49,82.49,81.85,81.9,6608,0
2015-02-13,16:00:00,81.87,82.17,81.75,81.75,12522,0
2015-02-13,16:05:00,81.89,82.0,81.46,81.61,12501,0
2015-02-13,16:10:00,81.56,81.72,81.32,81.32,7621,0
2015-02-13,16:15:00,81.44,81.61,81.31,81.31,13533,0
2015-02-13,16:20:00,81.41,81.71,81.32,81.56,17355,0
2015-02-13,16:25:00,81.52,81.53,81.4,81.49,6900,0
2015-02-13,16:30:00,81.55,82.06,81.55,82.02,1712,0
2015-02-13,16:35:00,82.0,82.11,81.81,81.82,4700,0
2015-02-13,16:40:00,81.72,82.12,81.72,82.12,5300,0
2015-02-13,16:45:00,82.16,82.36,82.16,82.36,3400,0
2015-02-13,16:50:00,82.37,82.37,82.37,82.37,100,0
2015-02-13,16:55:00,82.37,82.41,82.32,82.41,2103,0
2015-02-13,17:00:00,82.49,82.49,82.46,82.46,800,0
2015-02-13,17:05:00,82.48,82.93,82.48,82.83,3800,0
2015-02-13,17:10:00,82.76,82.76,82.54,82.54,3300,0
2015-02-13,17:15:00,82.44,82.44,82.44,82.44,2368,0
2015-02-13,17:20:00,82.53,82.58,82.47,82.58,1500,0
2015-02-13,17:25:00,82.51,82.54,82.51,82.54,1100,0
2015-02-13,17:30:00,82.54,82.63,82.54,82.63,1300,0
2015-02-13,17:35:00,82.54,82.73,82.54,82.6,9300,0
2015-02-13,17:40:00,82.63,82.9,82.55,82.78,15136,0
2015-02-13,17:45:00,82.81,83.0,82.75,82.87,5500,0
2015-02-13,17:50:00,82.62,82.67,82.6,82.6,1197,0
2015-02-13,17:55:00,82.62,82.76,82.61,82.74,2500,0
2015-02-13,18:00:00,82.74,83.04,82.74,83.04,4000,0
2015-02-13,18:05:00,83.01,83.01,83.01,83.01,600,0
2015-02-13,18:10:00,83.0,83.08,82.8,83.08,8000,0
2015-02-13,18:15:00,83.07,83.2,83.0,83.08,11530,0
2015-02-13,18:20:00,83.24,83.26,83.15,83.18,7100,0
2015-02-13,18:25:00,83.08,83.12,82.86,82.95,16023,0
2015-02-13,18:30:00,83.02,83.11,82.86,83.08,14241,0
2015-02-13,18:35:00,83.08,83.1,82.95,83.03,7700,0
2015-02-13,18:40:00,83.0,83.03,82.98,83.0,4300,0
2015-02-13,18:45:00,82.98,83.08,82.98,83.08,14310,0
2015-02-13,18:50:00,83.06,83.17,83.06,83.17,4200,0
2015-02-13,18:55:00,83.14,83.14,83.13,83.13,800,0
2015-02-13,19:00:00,83.13,83.17,83.05,83.12,11550,0
2015-02-13,19:05:00,83.06,83.06,82.76,83.0,7400,0
2015-02-13,19:10:00,82.96,82.99,82.92,82.92,1100,0
2015-02-13,19:20:00,82.97,83.0,82.93,83.0,3694,0
2015-02-13,19:25:00,82.96,83.06,82.94,82.94,9507,0
2015-02-13,19:30:00,83.0,83.0,82.77,82.79,24297,0
2015-02-13,19:35:00,82.8,82.87,82.57,82.67,61269,0
2015-02-13,19:40:00,82.58,82.62,82.5,82.51,2100,0
2015-02-13,19:45:00,82.46,82.51,82.33,82.33,4698,0
2015-02-13,19:50:00,82.33,82.36,82.19,82.19,4400,0
2015-02-13,19:55:00,82.24,82.29,82.23,82.28,700,0
2015-02-13,20:00:00,82.23,82.35,82.23,82.25,1200,0
2015-02-13,20:05:00,82.38,82.43,82.37,82.43,1500,0
2015-02-13,20:10:00,82.43,82.58,82.39,82.58,1600,0
2015-02-13,20:15:00,82.53,82.59,82.49,82.59,1100,0
2015-02-13,20:20:00,82.55,82.63,82.55,82.59,1900,0
2015-02-13,20:25:00,82.64,82.76,82.57,82.72,2400,0
2015-02-13,20:30:00,82.71,82.75,82.66,82.67,1850,0
2015-02-13,20:35:00,82.66,82.66,82.58,82.58,1400,0
2015-02-13,20:40:00,82.58,82.58,82.54,82.57,3400,0
2015-02-13,20:45:00,82.58,82.73,82.56,82.73,4700,0
2015-02-13,20:50:00,82.7,82.74,82.67,82.72,1700,0
2015-02-13,20:55:00,82.69,82.74,82.67,82.67,600,0
2015-02-13,21:00:00,82.67,82.83,82.67,82.82,1700,0
2015-02-13,21:05:00,82.76,82.76,82.58,82.65,6000,0
2015-02-13,21:10:00,82.64,82.83,82.64,82.64,3600,0
2015-02-13,21:15:00,82.64,82.64,82.51,82.58,11884,0
2015-02-13,21:20:00,82.5,82.54,82.5,82.54,3053,0
2015-02-13,21:25:00,82.5,82.57,82.5,82.55,4100,0
2015-02-13,21:30:00,82.59,82.66,82.52,82.53,4000,0
2015-02-13,21:35:00,82.52,82.52,82.35,82.37,10227,0
2015-02-13,21:40:00,82.37,82.52,82.35,82.49,8200,0
2015-02-13,21:45:00,82.49,82.49,82.28,82.29,10800,0
2015-02-13,21:50:00,82.31,82.34,82.22,82.28,15100,0
2015-02-13,21:55:00,82.28,82.37,82.25,82.37,10162,0
2015-02-13,22:00:00,82.34,82.41,82.29,82.32,94929,0
2015-02-17,15:35:00,82.11,82.3,81.81,81.81,1000,0
2015-02-17,15:40:00,81.86,81.92,81.4,81.41,28900,0
2015-02-17,15:45:00,81.49,81.77,81.16,81.19,4600,0
2015-02-17,15:50:00,81.17,81.61,81.17,81.47,6250,0
2015-02-17,15:55:00,81.31,81.55,81.24,81.47,3200,0
2015-02-17,16:00:00,81.44,81.44,81.24,81.24,2200,0
2015-02-17,16:05:00,81.21,81.39,81.16,81.18,2600,0
2015-02-17,16:10:00,81.18,81.36,81.18,81.36,3000,0
2015-02-17,16:15:00,81.33,81.48,81.33,81.48,3096,0
2015-02-17,16:20:00,81.37,81.47,81.32,81.39,2212,0
2015-02-17,16:25:00,81.4,81.67,81.4,81.56,5100,0
2015-02-17,16:30:00,81.51,81.64,81.45,81.64,5196,0
2015-02-17,16:35:00,81.64,81.64,81.56,81.56,400,0
2015-02-17,16:40:00,81.64,81.71,81.48,81.53,20600,0
2015-02-17,16:45:00,81.49,81.78,81.49,81.78,4200,0
2015-02-17,16:50:00,81.66,81.7,81.55,81.55,800,0
2015-02-17,16:55:00,81.52,81.52,81.35,81.39,3000,0
2015-02-17,17:00:00,81.39,81.43,81.38,81.41,1525,0
2015-02-17,17:05:00,81.44,81.53,81.44,81.53,600,0
2015-02-17,17:10:00,81.4,81.4,81.38,81.38,500,0
2015-02-17,17:15:00,81.55,81.82,81.55,81.82,2867,0
2015-02-17,17:20:00,81.78,81.85,81.78,81.85,1600,0
2015-02-17,17:25:00,81.89,81.89,81.79,81.81,2700,0
2015-02-17,17:30:00,81.78,81.85,81.72,81.82,3300,0
2015-02-17,17:35:00,81.77,81.77,81.77,81.77,300,0
2015-02-17,17:40:00,81.83,81.88,81.72,81.86,4836,0
2015-02-17,17:45:00,81.8,81.85,81.8,81.83,4280,0
2015-02-17,17:50:00,81.77,81.89,81.76,81.87,6400,0
2015-02-17,17:55:00,81.8,81.85,81.8,81.8,1100,0
2015-02-17,18:00:00,81.89,81.92,81.83,81.83,1040,0
2015-02-17,18:05:00,81.84,81.9,81.84,81.88,1414,0
2015-02-17,18:10:00,81.85,81.91,81.79,81.91,4960,0
2015-02-17,18:15:00,81.93,81.93,81.93,81.93,300,0
2015-02-17,18:20:00,81.91,81.95,81.91,81.93,1000,0
2015-02-17,18:25:00,81.97,81.97,81.85,81.96,500,0
2015-02-17,18:30:00,81.97,81.99,81.97,81.99,1600,0
2015-02-17,18:35:00,82.07,82.19,82.02,82.19,728,0
2015-02-17,18:40:00,82.17,82.17,82.17,82.17,200,0
2015-02-17,18:45:00,82.24,82.24,82.22,82.22,440,0
2015-02-17,18:50:00,82.19,82.32,82.07,82.13,36979,0
2015-02-17,18:55:00,82.13,82.16,82.08,82.12,2462,0
2015-02-17,19:00:00,82.03,82.06,81.95,82.06,2700,0
2015-02-17,19:05:00,81.97,82.12,81.97,82.02,5348,0
2015-02-17,19:10:00,82.01,82.2,81.98,82.14,6958,0
2015-02-17,19:15:00,82.1,82.27,82.1,82.27,2100,0
2015-02-17,19:20:00,82.29,82.3,82.24,82.24,2100,0
2015-02-17,19:25:00,82.24,82.24,82.09,82.09,6964,0
2015-02-17,19:30:00,82.09,82.19,82.09,82.12,1000,0
2015-02-17,19:35:00,82.19,82.21,82.14,82.14,2600,0
2015-02-17,19:40:00,82.16,82.18,82.14,82.14,4600,0
2015-02-17,19:45:00,82.13,82.17,82.04,82.04,8504,0
2015-02-17,19:50:00,82.08,82.09,81.93,82.05,15608,0
2015-02-17,19:55:00,82.05,82.05,82.04,82.05,3415,0
2015-02-17,20:00:00,82.06,82.08,82.03,82.03,3700,0
2015-02-17,20:05:00,82.03,82.11,81.96,82.11,8000,0
2015-02-17,20:10:00,82.11,82.21,82.1,82.21,4500,0
2015-02-17,20:15:00,82.19,82.21,82.13,82.14,5550,0
2015-02-17,20:20:00,82.04,82.07,82,82,1800,0
2015-02-17,20:25:00,82.06,82.06,81.91,82,18407,0
2015-02-17,20:30:00,82,82,81.79,81.92,3839,0
2015-02-17,20:35:00,81.91,81.93,81.9,81.9,1400,0
2015-02-17,20:40:00,81.93,81.93,81.85,81.85,3700,0
2015-02-17,20:45:00,81.9,81.93,81.86,81.93,1200,0
2015-02-17,20:50:00,81.93,81.97,81.9,81.9,900,0
2015-02-17,20:55:00,81.87,81.87,81.71,81.71,2402,0
2015-02-17,21:00:00,81.69,81.69,81.65,81.65,2236,0
2015-02-17,21:05:00,81.61,81.74,81.61,81.74,4050,0
2015-02-17,21:10:00,81.7,81.7,81.66,81.7,8207,0
2015-02-17,21:15:00,81.72,81.77,81.69,81.72,42230,0
2015-02-17,21:20:00,81.72,81.81,81.7,81.81,3400,0
2015-02-17,21:25:00,81.8,81.86,81.79,81.86,5100,0
2015-02-17,21:30:00,81.84,81.87,81.79,81.83,4734,0
2015-02-17,21:35:00,81.78,81.78,81.69,81.73,5304,0
2015-02-17,21:40:00,81.73,81.81,81.7,81.79,8383,0
2015-02-17,21:45:00,81.79,81.83,81.78,81.78,8011,0
2015-02-17,21:50:00,81.76,81.93,81.76,81.92,12050,0
2015-02-17,21:55:00,81.96,82.02,81.87,82,23591,0
2015-02-17,22:00:00,81.99,82.07,81.94,82.05,62422,0
2015-02-18,15:35:00,82.69,83.33,82.55,83.29,30528,0
2015-02-18,15:40:00,83.44,84.38,83.37,83.83,27705,0
2015-02-18,15:45:00,83.7,83.79,83.58,83.69,29814,0
2015-02-18,15:50:00,83.62,83.65,83.48,83.48,3000,0
2015-02-18,15:55:00,83.33,83.35,82.86,82.89,10554,0
2015-02-18,16:00:00,82.85,82.97,82.69,82.73,3300,0
2015-02-18,16:05:00,82.89,83.06,82.86,83.05,16125,0
2015-02-18,16:10:00,83,83.09,82.82,82.89,7032,0
2015-02-18,16:15:00,82.85,83.15,82.77,83.14,249878,0
2015-02-18,16:20:00,83.16,83.45,83.15,83.45,3100,0
2015-02-18,16:25:00,83.47,83.57,83.36,83.57,13600,0
2015-02-18,16:30:00,83.45,83.59,83.38,83.59,2157,0
2015-02-18,16:35:00,83.6,83.73,83.59,83.6,3622,0
2015-02-18,16:40:00,83.62,83.62,83.46,83.6,457600,0
2015-02-18,16:45:00,83.5,83.67,83.48,83.6,5050,0
2015-02-18,16:50:00,83.67,83.67,83.42,83.52,9002,0
2015-02-18,16:55:00,83.52,83.56,83.44,83.56,7703,0
2015-02-18,17:00:00,83.56,83.69,83.56,83.63,2835,0
2015-02-18,17:05:00,83.65,83.67,83.54,83.65,6300,0
2015-02-18,17:10:00,83.61,83.63,83.5,83.61,2300,0
2015-02-18,17:15:00,83.52,83.62,83.4,83.4,8900,0
2015-02-18,17:20:00,83.49,83.49,83.37,83.45,2260,0
2015-02-18,17:25:00,83.46,83.59,83.46,83.57,10600,0
2015-02-18,17:30:00,83.54,83.57,83.35,83.41,4969,0
2015-02-18,17:35:00,83.39,83.42,83.21,83.42,12443,0
2015-02-18,17:40:00,83.39,83.5,83.35,83.5,5901,0
2015-02-18,17:45:00,83.52,83.59,83.45,83.59,6000,0
2015-02-18,17:50:00,83.59,83.84,83.59,83.84,5658,0
2015-02-18,17:55:00,83.88,83.93,83.88,83.93,1200,0
2015-02-18,18:00:00,83.9,83.92,83.54,83.61,13713,0
2015-02-18,18:05:00,83.6,83.68,83.57,83.64,14691,0
2015-02-18,18:10:00,83.64,83.65,83.49,83.63,112652,0
2015-02-18,18:15:00,83.6,83.71,83.6,83.67,13693,0
2015-02-18,18:20:00,83.67,83.83,83.67,83.83,4066,0
2015-02-18,18:25:00,83.88,83.94,83.82,83.82,17900,0
2015-02-18,18:30:00,83.73,83.8,83.71,83.74,2500,0
2015-02-18,18:35:00,83.71,83.75,83.71,83.75,600,0
2015-02-18,18:40:00,83.74,83.78,83.46,83.46,2700,0
2015-02-18,18:45:00,83.48,83.55,83.25,83.29,32554,0
2015-02-18,18:50:00,83.3,83.33,83.26,83.3,6100,0
2015-02-18,18:55:00,83.22,83.31,83.21,83.3,5800,0
2015-02-18,19:00:00,83.3,83.3,83.22,83.22,600,0
2015-02-18,19:05:00,83.23,83.36,83.23,83.34,2600,0
2015-02-18,19:10:00,83.34,83.39,83.27,83.29,3700,0
2015-02-18,19:15:00,83.32,83.32,83.24,83.28,7300,0
2015-02-18,19:20:00,83.29,83.31,83.24,83.28,10661,0
2015-02-18,19:25:00,83.31,83.32,83.22,83.22,6117,0
2015-02-18,19:30:00,83.22,83.23,83.09,83.16,10600,0
2015-02-18,19:35:00,83.14,83.23,83.12,83.23,8684,0
2015-02-18,19:40:00,83.22,83.34,83.22,83.34,5482,0
2015-02-18,19:45:00,83.33,83.34,83.27,83.28,4600,0
2015-02-18,19:50:00,83.35,83.39,83.29,83.29,4300,0
2015-02-18,19:55:00,83.18,83.35,83.18,83.3,5900,0
2015-02-18,20:00:00,83.25,83.34,83.25,83.32,5500,0
2015-02-18,20:05:00,83.32,83.56,83.29,83.48,9800,0
2015-02-18,20:10:00,83.54,83.56,83.44,83.46,9414,0
2015-02-18,20:15:00,83.45,83.53,83.39,83.49,3500,0
2015-02-18,20:20:00,83.5,83.54,83.5,83.5,3700,0
2015-02-18,20:25:00,83.5,83.58,83.49,83.58,7034,0
2015-02-18,20:30:00,83.5,83.51,83.48,83.5,5850,0
2015-02-18,20:35:00,83.5,83.56,83.44,83.44,8450,0
2015-02-18,20:40:00,83.44,83.44,83.4,83.4,2000,0
2015-02-18,20:45:00,83.4,83.4,83.26,83.33,14575,0
2015-02-18,20:50:00,83.3,83.3,83.29,83.3,2440,0
2015-02-18,20:55:00,83.26,83.3,83.21,83.27,7000,0
2015-02-18,21:00:00,83.3,83.31,83.21,83.22,18074,0
2015-02-18,21:05:00,83.21,83.28,83.01,83.01,6200,0
2015-02-18,21:10:00,83.01,83.04,82.91,83,16400,0
2015-02-18,21:15:00,83,83.05,82.96,83.04,26576,0
2015-02-18,21:20:00,82.98,82.98,82.88,82.91,3800,0
2015-02-18,21:25:00,82.94,83.04,82.94,82.94,24318,0
2015-02-18,21:30:00,82.94,82.94,82.86,82.9,11141,0
2015-02-18,21:35:00,82.88,83.02,82.86,82.99,12032,0
2015-02-18,21:40:00,82.99,83,82.97,83,19384,0
2015-02-18,21:45:00,82.92,83,82.86,82.86,9350,0
2015-02-18,21:50:00,82.76,82.91,82.76,82.88,14568,0
2015-02-18,21:55:00,82.93,83,82.89,82.99,34300,0
2015-02-18,22:00:00,82.96,83.16,82.89,83.12,566209,0
2015-02-19,15:35:00,82.93,83.25,82.93,83.25,1300,0
2015-02-19,15:40:00,83.28,83.32,83.28,83.32,200,0
2015-02-19,15:45:00,83.29,83.29,83.29,83.29,900,0
2015-02-19,15:50:00,83.5,83.51,83.23,83.23,2302,0
2015-02-19,15:55:00,83.16,83.22,83.16,83.19,893,0
2015-02-19,16:00:00,83.27,83.27,82.98,83.23,1800,0
2015-02-19,16:05:00,83.04,83.16,82.97,83.14,1818,0
2015-02-19,16:10:00,83.07,83.16,82.99,83.16,7184,0
2015-02-19,16:15:00,83.17,83.28,83.17,83.28,1700,0
2015-02-19,16:20:00,83.33,83.39,83.22,83.31,2700,0
2015-02-19,16:25:00,83.36,83.47,83.36,83.47,1900,0
2015-02-19,16:30:00,83.51,83.51,83.37,83.5,2261,0
2015-02-19,16:40:00,83.46,83.55,83.43,83.55,1900,0
2015-02-19,16:45:00,83.59,83.59,83.5,83.5,300,0
2015-02-19,16:50:00,83.51,83.54,83.47,83.54,1900,0
2015-02-19,16:55:00,83.56,83.66,83.51,83.6,2900,0
2015-02-19,17:00:00,83.49,83.6,83.47,83.6,436,0
2015-02-19,17:05:00,83.49,83.61,83.45,83.45,2132,0
2015-02-19,17:10:00,83.35,83.66,83.35,83.56,4000,0
2015-02-19,17:15:00,83.6,83.6,83.5,83.59,2400,0
2015-02-19,17:20:00,83.5,83.66,83.5,83.66,1117,0
2015-02-19,17:25:00,83.59,83.59,83.53,83.53,1600,0
2015-02-19,17:30:00,83.55,83.55,83.42,83.42,1000,0
2015-02-19,17:35:00,83.48,83.52,83.43,83.46,3605,0
2015-02-19,17:40:00,83.56,83.56,83.44,83.44,1112,0
2015-02-19,17:45:00,83.43,83.43,83.36,83.37,2600,0
2015-02-19,17:50:00,83.44,83.58,83.39,83.51,7500,0
2015-02-19,17:55:00,83.51,83.51,83.43,83.5,1700,0
2015-02-19,18:00:00,83.43,83.43,83.24,83.24,3100,0
2015-02-19,18:05:00,83.18,83.2,83.11,83.11,2500,0
2015-02-19,18:10:00,83.05,83.34,83.05,83.34,10300,0
2015-02-19,18:15:00,83.29,83.29,83.29,83.29,500,0
2015-02-19,18:20:00,83.34,83.34,83.3,83.3,400,0
2015-02-19,18:25:00,83.34,83.34,83.28,83.28,2100,0
2015-02-19,18:30:00,83.34,83.34,83.27,83.34,2223,0
2015-02-19,18:35:00,83.34,83.34,83.23,83.23,1500,0
2015-02-19,18:40:00,83.08,83.21,83.05,83.21,2022,0
2015-02-19,18:45:00,83.23,83.23,83.23,83.23,300,0
2015-02-19,18:50:00,83.19,83.19,83.18,83.18,700,0
2015-02-19,18:55:00,83.15,83.15,83.12,83.14,1100,0
2015-02-19,19:00:00,83.13,83.19,83.13,83.19,800,0
2015-02-19,19:05:00,83.13,83.18,83.08,83.15,3700,0
2015-02-19,19:10:00,83.15,83.15,82.99,83.05,4600,0
2015-02-19,19:15:00,83.04,83.09,83.03,83.08,2500,0
2015-02-19,19:20:00,83.08,83.09,83,83.04,1500,0
2015-02-19,19:25:00,83.04,83.15,83.03,83.09,9550,0
2015-02-19,19:30:00,83.15,83.15,83.09,83.14,3200,0
2015-02-19,19:35:00,83.15,83.17,83.12,83.12,20640,0
2015-02-19,19:40:00,83.11,83.12,82.97,82.99,4164,0
2015-02-19,19:45:00,82.97,82.98,82.82,82.82,1821,0
2015-02-19,19:50:00,82.84,82.9,82.78,82.78,3014,0
2015-02-19,19:55:00,82.83,82.88,82.81,82.88,2100,0
2015-02-19,20:00:00,82.88,82.9,82.86,82.86,2760,0
2015-02-19,20:05:00,82.89,82.93,82.89,82.93,1000,0
2015-02-19,20:10:00,82.87,82.91,82.84,82.91,2900,0
2015-02-19,20:15:00,82.86,83.01,82.86,82.99,6832,0
2015-02-19,20:20:00,83,83.15,82.98,83.12,5900,0
2015-02-19,20:25:00,83.12,83.12,83.08,83.09,4686,0
2015-02-19,20:30:00,82.99,83.15,82.93,82.93,8341,0
2015-02-19,20:35:00,82.95,83,82.95,82.99,7800,0
2015-02-19,20:40:00,82.97,83.02,82.93,82.95,10600,0
2015-02-19,20:45:00,82.96,83.06,82.92,83.05,42100,0
2015-02-19,20:50:00,83.05,83.05,82.9,83,3588,0
2015-02-19,20:55:00,83.05,83.06,82.96,83.01,7900,0
2015-02-19,21:00:00,83,83.06,82.99,83,2600,0
2015-02-19,21:05:00,83,83.02,82.97,82.97,10276,0
2015-02-19,21:10:00,82.97,83.03,82.97,83,3500,0
2015-02-19,21:15:00,83.01,83.12,83,83.08,9403,0
2015-02-19,21:20:00,83.08,83.11,83.04,83.04,8050,0
2015-02-19,21:25:00,83.06,83.07,82.98,83.06,4800,0
2015-02-19,21:30:00,83.02,83.02,82.91,82.91,9059,0
2015-02-19,21:35:00,82.91,82.91,82.82,82.82,1700,0
2015-02-19,21:40:00,82.82,82.98,82.82,82.96,8200,0
2015-02-19,21:45:00,83,83.03,82.96,83.02,4625,0
2015-02-19,21:50:00,82.96,82.99,82.82,82.88,9400,0
2015-02-19,21:55:00,82.89,82.92,82.78,82.78,10754,0
2015-02-19,22:00:00,82.79,82.82,82.68,82.73,46965,0
2015-02-20,15:35:00,82.65,82.72,82.52,82.72,1600,0
2015-02-20,15:40:00,82.69,82.73,82.57,82.58,3206,0
2015-02-20,15:45:00,82.84,82.86,82.51,82.53,9306,0
2015-02-20,15:50:00,82.7,82.7,82.51,82.54,3400,0
2015-02-20,15:55:00,82.43,82.54,82.36,82.44,5500,0
2015-02-20,16:00:00,82.44,82.53,82.37,82.42,7700,0
2015-02-20,16:05:00,82.3,82.52,82.29,82.4,3767,0
2015-02-20,16:10:00,82.38,82.7,82.38,82.44,15973,0
2015-02-20,16:15:00,82.61,82.62,82.43,82.61,4500,0
2015-02-20,16:20:00,82.55,82.7,82.52,82.55,5000,0
2015-02-20,16:25:00,82.54,82.66,82.52,82.66,1100,0
2015-02-20,16:30:00,82.55,82.58,82.55,82.55,1000,0
2015-02-20,16:35:00,82.54,82.82,82.49,82.77,15869,0
2015-02-20,16:40:00,82.88,83.22,82.8,83.13,9179,0
2015-02-20,16:45:00,83.21,83.22,82.9,82.9,4525,0
2015-02-20,16:50:00,83.04,83.28,83.04,83.21,12000,0
2015-02-20,16:55:00,83.19,83.19,83.09,83.1,12000,0
2015-02-20,17:00:00,83.12,83.17,83.06,83.08,2500,0
2015-02-20,17:05:00,83.06,83.18,83.06,83.15,4100,0
2015-02-20,17:10:00,83.15,83.29,83.15,83.16,7580,0
2015-02-20,17:15:00,83.16,83.16,83.08,83.08,1300,0
2015-02-20,17:20:00,83.14,83.17,83.06,83.13,8713,0
2015-02-20,17:25:00,83.08,83.08,83.03,83.08,6400,0
2015-02-20,17:30:00,83.08,83.08,82.99,82.99,2900,0
2015-02-20,17:35:00,83.08,83.08,83.01,83.01,1500,0
2015-02-20,17:40:00,83.05,83.12,83.05,83.08,10943,0
2015-02-20,17:45:00,83.08,83.39,83.08,83.3,20479,0
2015-02-20,17:50:00,83.3,83.34,83.26,83.26,3000,0
2015-02-20,17:55:00,83.33,83.36,83.3,83.36,2700,0
2015-02-20,18:00:00,83.33,83.36,83.29,83.32,2700,0
2015-02-20,18:05:00,83.35,83.54,83.35,83.45,12610,0
2015-02-20,18:10:00,83.45,83.61,83.42,83.59,10129,0
2015-02-20,18:15:00,83.63,83.63,83.56,83.56,2200,0
2015-02-20,18:20:00,83.59,83.71,83.57,83.68,1700,0
2015-02-20,18:25:00,83.67,83.7,83.64,83.7,1750,0
2015-02-20,18:30:00,83.75,83.75,83.68,83.68,3652,0
2015-02-20,18:35:00,83.65,83.72,83.63,83.72,2900,0
2015-02-20,18:40:00,83.77,83.95,83.77,83.95,5212,0
2015-02-20,18:45:00,83.95,84.12,83.95,84.09,8125,0
2015-02-20,18:50:00,84.02,84.12,84.02,84.12,10400,0
2015-02-20,18:55:00,84.12,84.25,84.12,84.23,14368,0
2015-02-20,19:00:00,84.23,84.27,84.21,84.27,4651,0
2015-02-20,19:05:00,84.24,84.44,84.24,84.38,8700,0
2015-02-20,19:10:00,84.37,84.37,84.16,84.24,2675,0
2015-02-20,19:15:00,84.21,84.36,84.21,84.36,3860,0
2015-02-20,19:20:00,84.31,84.34,84.28,84.34,1200,0
2015-02-20,19:25:00,84.27,84.48,84.27,84.45,4324,0
2015-02-20,19:30:00,84.49,84.49,84.43,84.48,3094,0
2015-02-20,19:35:00,84.41,84.5,84.41,84.5,1700,0
2015-02-20,19:40:00,84.44,84.51,84.4,84.51,3503,0
2015-02-20,19:45:00,84.46,84.52,84.41,84.52,1700,0
2015-02-20,19:50:00,84.53,84.63,84.5,84.54,5942,0
2015-02-20,19:55:00,84.56,84.59,84.5,84.55,5000,0
2015-02-20,20:00:00,84.55,84.62,84.5,84.61,4600,0
2015-02-20,20:05:00,84.62,84.63,84.62,84.63,900,0
2015-02-20,20:10:00,84.71,84.76,84.66,84.67,2400,0
2015-02-20,20:15:00,84.68,84.72,84.68,84.72,2000,0
2015-02-20,20:20:00,84.75,84.81,84.72,84.73,5794,0
2015-02-20,20:25:00,84.66,84.66,84.61,84.61,3300,0
2015-02-20,20:30:00,84.61,84.61,84.55,84.61,1900,0
2015-02-20,20:35:00,84.61,84.72,84.56,84.62,11950,0
2015-02-20,20:40:00,84.6,84.61,84.53,84.53,1600,0
2015-02-20,20:45:00,84.49,84.49,84.48,84.48,600,0
2015-02-20,20:50:00,84.42,84.45,84.32,84.33,3039,0
2015-02-20,20:55:00,84.32,84.4,84.32,84.33,2000,0
2015-02-20,21:00:00,84.38,84.44,84.38,84.39,3400,0
2015-02-20,21:05:00,84.48,84.53,84.47,84.52,4500,0
2015-02-20,21:10:00,84.55,84.63,84.55,84.61,2500,0
2015-02-20,21:15:00,84.6,84.6,84.55,84.55,2200,0
2015-02-20,21:20:00,84.57,84.59,84.46,84.46,3000,0
2015-02-20,21:25:00,84.47,84.47,84.42,84.46,4400,0
2015-02-20,21:30:00,84.48,84.49,84.44,84.44,2400,0
2015-02-20,21:35:00,84.43,84.65,84.37,84.52,4300,0
2015-02-20,21:40:00,84.6,84.8,84.6,84.78,4122,0
2015-02-20,21:45:00,84.78,84.86,84.74,84.81,11206,0
2015-02-20,21:50:00,84.81,84.81,84.52,84.55,14416,0
2015-02-20,21:55:00,84.59,84.63,84.42,84.48,10300,0
2015-02-20,22:00:00,84.44,84.64,84.44,84.62,91881,0
2015-02-23,15:35:00,84.63,86.1,84.63,85.74,31231,0
2015-02-23,15:40:00,85.73,87.45,85.73,87.25,13410,0
2015-02-23,15:45:00,87.14,87.22,87.01,87.19,1600,0
2015-02-23,15:50:00,87.11,87.26,87.02,87.22,21835,0
2015-02-23,15:55:00,87.24,87.35,87.2,87.34,7178,0
2015-02-23,16:00:00,87.4,87.7,87.31,87.7,12155,0
2015-02-23,16:05:00,87.75,87.97,87.56,87.97,6100,0
2015-02-23,16:10:00,87.96,88.7,87.94,88.47,26845,0
2015-02-23,16:15:00,88.48,89.18,88.38,88.91,22609,0
2015-02-23,16:20:00,88.91,89,88.68,89,20012,0
2015-02-23,16:25:00,89,89.07,88.89,88.89,8100,0
2015-02-23,16:30:00,88.9,89.4,88.9,89.14,8773,0
2015-02-23,16:35:00,89.09,89.34,88.91,88.91,4600,0
2015-02-23,16:40:00,88.93,89.39,88.89,89.26,9202,0
2015-02-23,16:45:00,89.31,89.4,89.14,89.3,50308,0
2015-02-23,16:50:00,89.29,89.57,89.25,89.57,20800,0
2015-02-23,16:55:00,89.53,89.87,89.53,89.65,15760,0
2015-02-23,17:00:00,89.65,89.75,89.43,89.75,69250,0
2015-02-23,17:05:00,89.75,90.32,89.66,90.08,19013,0
2015-02-23,17:10:00,90,90.58,89.93,90.01,36281,0
2015-02-23,17:15:00,89.95,89.95,89.51,89.52,11132,0
2015-02-23,17:20:00,89.48,90.19,89.45,90.07,17612,0
2015-02-23,17:25:00,90.05,90.27,89.79,90.25,16342,0
2015-02-23,17:30:00,90.31,90.44,90.29,90.4,6250,0
2015-02-23,17:35:00,90.41,90.58,90.31,90.32,13900,0
2015-02-23,17:40:00,90.31,90.36,90.06,90.18,4700,0
2015-02-23,17:45:00,90.18,90.18,90.02,90.02,5000,0
2015-02-23,17:50:00,89.98,90.18,89.98,90.09,4442,0
2015-02-23,17:55:00,90.09,90.16,89.96,90.1,3900,0
2015-02-23,18:00:00,90.14,90.35,90.12,90.16,16400,0
2015-02-23,18:05:00,90.16,90.25,90.09,90.22,12700,0
2015-02-23,18:10:00,90.2,90.24,90.15,90.15,3385,0
2015-02-23,18:15:00,90.22,90.25,90.14,90.24,8800,0
2015-02-23,18:20:00,90.23,90.26,90.22,90.25,3900,0
2015-02-23,18:25:00,90.23,90.23,90.06,90.07,7700,0
2015-02-23,18:30:00,90,90.04,89.96,89.98,5930,0
2015-02-23,18:35:00,90.01,90.12,89.98,90.11,2904,0
2015-02-23,18:40:00,90.11,90.11,89.81,89.81,17224,0
2015-02-23,18:45:00,89.8,89.8,89.58,89.74,6300,0
2015-02-23,18:50:00,89.73,89.98,89.73,89.97,6702,0
2015-02-23,18:55:00,89.97,90.13,89.96,90.01,12592,0
2015-02-23,19:00:00,90.01,90.04,89.94,90.02,13700,0
2015-02-23,19:05:00,90.04,90.04,89.95,89.99,1700,0
2015-02-23,19:10:00,89.99,90,89.83,89.83,4503,0
2015-02-23,19:15:00,89.87,89.87,89.7,89.71,3100,0
2015-02-23,19:20:00,89.69,89.69,89.5,89.55,3020,0
2015-02-23,19:25:00,89.57,89.57,89.35,89.38,3901,0
2015-02-23,19:30:00,89.38,89.47,89.32,89.4,4600,0
2015-02-23,19:35:00,89.38,89.52,89.38,89.44,3300,0
2015-02-23,19:40:00,89.4,89.42,89.25,89.29,5545,0
2015-02-23,19:45:00,89.24,89.28,89.13,89.14,2800,0
2015-02-23,19:50:00,89.18,89.34,89.11,89.34,3900,0
2015-02-23,19:55:00,89.29,89.31,89.24,89.25,3600,0
2015-02-23,20:00:00,89.3,89.33,89.26,89.33,2705,0
2015-02-23,20:05:00,89.25,89.31,89.19,89.28,11140,0
2015-02-23,20:10:00,89.37,89.7,89.31,89.69,11300,0
2015-02-23,20:15:00,89.75,89.96,89.75,89.76,19126,0
2015-02-23,20:20:00,89.78,89.78,89.52,89.58,6975,0
2015-02-23,20:25:00,89.5,89.5,89.24,89.41,17700,0
2015-02-23,20:30:00,89.4,89.45,89.35,89.45,5936,0
2015-02-23,20:35:00,89.37,89.37,89.22,89.28,12114,0
2015-02-23,20:40:00,89.26,89.32,89.26,89.26,5370,0
2015-02-23,20:45:00,89.31,89.41,89.23,89.29,5309,0
2015-02-23,20:50:00,89.29,89.43,89.21,89.34,7500,0
2015-02-23,20:55:00,89.34,89.37,89.25,89.28,8796,0
2015-02-23,21:00:00,89.23,89.29,89.2,89.26,6500,0
2015-02-23,21:05:00,89.26,89.52,89.23,89.52,47140,0
2015-02-23,21:10:00,89.45,89.57,89.45,89.53,10571,0
2015-02-23,21:15:00,89.54,89.54,89.37,89.46,38348,0
2015-02-23,21:20:00,89.36,89.42,89.16,89.24,13843,0
2015-02-23,21:25:00,89.19,89.26,89.11,89.17,11961,0
2015-02-23,21:30:00,89.15,89.17,89.05,89.11,27667,0
2015-02-23,21:35:00,89.11,89.13,89.07,89.09,14551,0
2015-02-23,21:40:00,89.12,89.14,89.08,89.09,10274,0
2015-02-23,21:45:00,89.09,89.11,89.07,89.07,18374,0
2015-02-23,21:50:00,89.09,89.2,89.09,89.1,36866,0
2015-02-23,21:55:00,89.13,89.17,89.07,89.16,24184,0
2015-02-23,22:00:00,89.16,89.34,89.15,89.3,153859,0
