Date,Time,Open,High,Low,Close,Volume,OpenInt
2015-02-02,22:00:00,13.04,13.06,13.03,13.06,68170,0
2015-02-03,15:35:00,13.03,13.07,12.97,13.06,15835,0
2015-02-03,15:40:00,13.1,13.17,13.1,13.16,5103,0
2015-02-03,15:45:00,13.17,13.17,13.07,13.07,3700,0
2015-02-03,15:50:00,13.07,13.11,13.07,13.11,1000,0
2015-02-03,15:55:00,13.09,13.1,13.08,13.08,4699,0
2015-02-03,16:00:00,13.09,13.1,13.09,13.1,2403,0
2015-02-03,16:05:00,13.09,13.1,13.09,13.09,5600,0
2015-02-03,16:10:00,13.09,13.1,13.09,13.09,800,0
2015-02-03,16:15:00,13.09,13.11,13.09,13.1,3800,0
2015-02-03,16:20:00,13.1,13.1,13.1,13.1,600,0
2015-02-03,16:25:00,13.1,13.18,13.1,13.17,11600,0
2015-02-03,16:30:00,13.16,13.17,13.16,13.17,600,0
2015-02-03,16:35:00,13.18,13.2,13.18,13.19,11303,0
2015-02-03,16:40:00,13.19,13.19,13.16,13.16,2600,0
2015-02-03,16:45:00,13.17,13.23,13.17,13.22,15000,0
2015-02-03,16:50:00,13.22,13.23,13.2,13.2,4300,0
2015-02-03,16:55:00,13.2,13.21,13.19,13.21,1536,0
2015-02-03,17:00:00,13.2,13.21,13.18,13.2,4232,0
2015-02-03,17:05:00,13.19,13.21,13.19,13.21,2800,0
2015-02-03,17:10:00,13.21,13.28,13.2,13.26,28150,0
2015-02-03,17:15:00,13.27,13.28,13.26,13.27,3898,0
2015-02-03,17:20:00,13.28,13.33,13.27,13.33,14200,0
2015-02-03,17:25:00,13.32,13.32,13.3,13.31,4300,0
2015-02-03,17:30:00,13.31,13.31,13.27,13.27,3050,0
2015-02-03,17:35:00,13.27,13.29,13.22,13.29,18150,0
2015-02-03,17:40:00,13.29,13.31,13.27,13.3,14288,0
2015-02-03,17:45:00,13.29,13.31,13.25,13.3,18775,0
2015-02-03,17:50:00,13.29,13.29,13.25,13.26,1300,0
2015-02-03,17:55:00,13.25,13.27,13.25,13.25,2300,0
2015-02-03,18:00:00,13.25,13.26,13.24,13.24,3400,0
2015-02-03,18:05:00,13.23,13.23,13.23,13.23,1700,0
2015-02-03,18:10:00,13.22,13.24,13.22,13.24,2300,0
2015-02-03,18:15:00,13.25,13.26,13.23,13.24,4100,0
2015-02-03,18:20:00,13.23,13.24,13.22,13.22,700,0
2015-02-03,18:25:00,13.22,13.23,13.2,13.2,3000,0
2015-02-03,18:30:00,13.21,13.25,13.21,13.25,5200,0
2015-02-03,18:35:00,13.25,13.26,13.25,13.25,2200,0
2015-02-03,18:40:00,13.26,13.26,13.24,13.24,3500,0
2015-02-03,18:45:00,13.24,13.25,13.23,13.25,2000,0
2015-02-03,18:50:00,13.26,13.27,13.26,13.26,4200,0
2015-02-03,18:55:00,13.25,13.26,13.25,13.26,3200,0
2015-02-03,19:00:00,13.27,13.3,13.27,13.29,8306,0
2015-02-03,19:05:00,13.3,13.3,13.3,13.3,800,0
2015-02-03,19:10:00,13.29,13.3,13.27,13.29,7126,0
2015-02-03,19:15:00,13.29,13.29,13.28,13.29,1550,0
2015-02-03,19:20:00,13.28,13.29,13.26,13.26,3600,0
2015-02-03,19:25:00,13.26,13.28,13.24,13.25,16190,0
2015-02-03,19:30:00,13.24,13.24,13.23,13.23,1300,0
2015-02-03,19:35:00,13.23,13.24,13.23,13.23,1200,0
2015-02-03,19:40:00,13.24,13.24,13.19,13.2,5700,0
2015-02-03,19:45:00,13.18,13.2,13.18,13.2,3394,0
2015-02-03,19:50:00,13.2,13.2,13.19,13.19,2800,0
2015-02-03,19:55:00,13.18,13.22,13.18,13.22,4200,0
2015-02-03,20:00:00,13.21,13.21,13.2,13.2,1887,0
2015-02-03,20:05:00,13.2,13.23,13.2,13.21,9422,0
2015-02-03,20:10:00,13.21,13.21,13.2,13.21,1409,0
2015-02-03,20:15:00,13.21,13.21,13.2,13.21,6870,0
2015-02-03,20:20:00,13.21,13.23,13.2,13.22,9400,0
2015-02-03,20:25:00,13.23,13.27,13.22,13.24,21392,0
2015-02-03,20:30:00,13.23,13.24,13.22,13.24,6181,0
2015-02-03,20:35:00,13.24,13.25,13.23,13.24,5800,0
2015-02-03,20:40:00,13.23,13.24,13.23,13.23,2835,0
2015-02-03,20:45:00,13.23,13.23,13.23,13.23,1500,0
2015-02-03,20:50:00,13.24,13.27,13.24,13.25,18087,0
2015-02-03,20:55:00,13.26,13.33,13.25,13.3,57804,0
2015-02-03,21:00:00,13.29,13.29,13.17,13.22,64589,0
2015-02-03,21:05:00,13.23,13.27,13.23,13.26,10573,0
2015-02-03,21:10:00,13.27,13.28,13.26,13.28,13775,0
2015-02-03,21:15:00,13.27,13.28,13.25,13.27,7900,0
2015-02-03,21:20:00,13.26,13.26,13.26,13.26,4600,0
2015-02-03,21:25:00,13.26,13.26,13.25,13.25,3700,0
2015-02-03,21:30:00,13.25,13.25,13.24,13.25,4100,0
2015-02-03,21:35:00,13.25,13.26,13.25,13.25,36487,0
2015-02-03,21:40:00,13.24,13.26,13.23,13.26,24924,0
2015-02-03,21:45:00,13.26,13.26,13.25,13.25,15888,0
2015-02-03,21:50:00,13.25,13.25,13.24,13.25,3950,0
2015-02-03,21:55:00,13.25,13.25,13.24,13.25,14266,0
2015-02-03,22:00:00,13.24,13.26,13.24,13.25,151334,0
2015-02-04,15:35:00,13.25,13.28,13.25,13.28,12811,0
2015-02-04,15:40:00,13.27,13.36,13.26,13.33,10194,0
2015-02-04,15:45:00,13.32,13.34,13.28,13.28,2957,0
2015-02-04,15:50:00,13.29,13.3,13.28,13.28,6300,0
2015-02-04,15:55:00,13.29,13.29,13.25,13.27,14200,0
2015-02-04,16:00:00,13.27,13.28,13.27,13.27,5300,0
2015-02-04,16:05:00,13.27,13.27,13.23,13.23,9817,0
2015-02-04,16:10:00,13.23,13.24,13.22,13.24,5438,0
2015-02-04,16:15:00,13.24,13.26,13.24,13.26,3900,0
2015-02-04,16:20:00,13.26,13.26,13.22,13.24,7791,0
2015-02-04,16:25:00,13.23,13.24,13.23,13.23,800,0
2015-02-04,16:30:00,13.23,13.23,13.18,13.2,7300,0
2015-02-04,16:35:00,13.2,13.22,13.19,13.2,46850,0
2015-02-04,16:40:00,13.19,13.2,13.18,13.2,3600,0
2015-02-04,16:45:00,13.21,13.22,13.21,13.21,9887,0
2015-02-04,16:50:00,13.21,13.21,13.2,13.21,3540,0
2015-02-04,16:55:00,13.2,13.21,13.2,13.21,2000,0
2015-02-04,17:00:00,13.21,13.23,13.21,13.23,6091,0
2015-02-04,17:05:00,13.23,13.24,13.23,13.24,4900,0
2015-02-04,17:10:00,13.24,13.25,13.24,13.24,1600,0
2015-02-04,17:15:00,13.24,13.25,13.24,13.25,1649,0
2015-02-04,17:20:00,13.25,13.25,13.22,13.22,7650,0
2015-02-04,17:25:00,13.21,13.24,13.21,13.23,7606,0
2015-02-04,17:30:00,13.23,13.23,13.23,13.23,800,0
2015-02-04,17:35:00,13.24,13.27,13.23,13.24,7517,0
2015-02-04,17:40:00,13.24,13.24,13.22,13.22,6709,0
2015-02-04,17:45:00,13.23,13.23,13.21,13.22,4485,0
2015-02-04,17:50:00,13.22,13.22,13.22,13.22,300,0
2015-02-04,17:55:00,13.22,13.22,13.18,13.19,18163,0
2015-02-04,18:00:00,13.19,13.19,13.19,13.19,2400,0
2015-02-04,18:05:00,13.19,13.19,13.19,13.19,5304,0
2015-02-04,18:10:00,13.19,13.19,13.19,13.19,1600,0
2015-02-04,18:15:00,13.19,13.19,13.19,13.19,4419,0
2015-02-04,18:20:00,13.19,13.19,13.18,13.19,5717,0
2015-02-04,18:25:00,13.19,13.19,13.12,13.16,17981,0
2015-02-04,18:30:00,13.17,13.17,13.16,13.16,6489,0
2015-02-04,18:35:00,13.14,13.15,13.12,13.14,4787,0
2015-02-04,18:40:00,13.14,13.15,13.14,13.14,1900,0
2015-02-04,18:45:00,13.14,13.14,13.13,13.13,2798,0
2015-02-04,18:50:00,13.13,13.18,13.13,13.18,5300,0
2015-02-04,18:55:00,13.18,13.19,13.17,13.17,14906,0
2015-02-04,19:00:00,13.17,13.17,13.15,13.15,9200,0
2015-02-04,19:05:00,13.15,13.16,13.15,13.16,600,0
2015-02-04,19:10:00,13.15,13.16,13.15,13.16,7550,0
2015-02-04,19:15:00,13.16,13.16,13.15,13.16,900,0
2015-02-04,19:20:00,13.16,13.17,13.16,13.17,8800,0
2015-02-04,19:25:00,13.16,13.17,13.16,13.17,1198,0
2015-02-04,19:30:00,13.17,13.17,13.17,13.17,8936,0
2015-02-04,19:35:00,13.16,13.17,13.16,13.17,700,0
2015-02-04,19:40:00,13.16,13.17,13.11,13.14,13019,0
2015-02-04,19:45:00,13.14,13.16,13.14,13.16,10400,0
2015-02-04,19:50:00,13.16,13.17,13.16,13.17,1100,0
2015-02-04,19:55:00,13.17,13.17,13.17,13.17,1000,0
2015-02-04,20:00:00,13.17,13.17,13.13,13.14,11067,0
2015-02-04,20:05:00,13.14,13.15,13.14,13.15,1700,0
2015-02-04,20:10:00,13.16,13.17,13.16,13.17,5640,0
2015-02-04,20:15:00,13.17,13.19,13.16,13.17,49323,0
2015-02-04,20:20:00,13.18,13.22,13.16,13.19,38785,0
2015-02-04,20:25:00,13.19,13.2,13.19,13.2,21104,0
2015-02-04,20:30:00,13.19,13.19,13.19,13.19,200,0
2015-02-04,20:35:00,13.19,13.2,13.15,13.17,17954,0
2015-02-04,20:40:00,13.18,13.19,13.18,13.18,3000,0
2015-02-04,20:45:00,13.19,13.19,13.16,13.16,3844,0
2015-02-04,20:50:00,13.16,13.19,13.16,13.18,6363,0
2015-02-04,20:55:00,13.18,13.19,13.17,13.19,4800,0
2015-02-04,21:00:00,13.19,13.2,13.15,13.16,20457,0
2015-02-04,21:05:00,13.16,13.16,13.12,13.12,11700,0
2015-02-04,21:10:00,13.13,13.14,13.12,13.14,11965,0
2015-02-04,21:15:00,13.15,13.15,13.13,13.14,5400,0
2015-02-04,21:20:00,13.14,13.15,13.14,13.15,7000,0
2015-02-04,21:25:00,13.15,13.15,13.14,13.15,1700,0
2015-02-04,21:30:00,13.15,13.15,13.11,13.15,27023,0
2015-02-04,21:35:00,13.15,13.16,13.15,13.16,5600,0
2015-02-04,21:40:00,13.16,13.16,13.13,13.14,22063,0
2015-02-04,21:45:00,13.14,13.14,13.1,13.1,18739,0
2015-02-04,21:50:00,13.11,13.12,13.09,13.11,29757,0
2015-02-04,21:55:00,13.11,13.15,13.11,13.13,37135,0
2015-02-04,22:00:00,13.14,13.15,13.11,13.11,125403,0
2015-02-05,15:35:00,13.15,13.24,13.12,13.24,15050,0
2015-02-05,15:40:00,13.21,13.29,13.18,13.29,11830,0
2015-02-05,15:45:00,13.28,13.29,13.21,13.23,40531,0
2015-02-05,15:50:00,13.23,13.24,13.16,13.17,23559,0
2015-02-05,15:55:00,13.16,13.17,13.08,13.08,20590,0
2015-02-05,16:00:00,13.09,13.13,13.09,13.11,21210,0
2015-02-05,16:05:00,13.1,13.11,13.09,13.1,5460,0
2015-02-05,16:10:00,13.13,13.16,13.13,13.14,35636,0
2015-02-05,16:15:00,13.14,13.15,13.05,13.08,34675,0
2015-02-05,16:20:00,13.11,13.13,13.11,13.13,1830,0
2015-02-05,16:25:00,13.13,13.13,13.12,13.12,1800,0
2015-02-05,16:30:00,13.12,13.16,13.12,13.15,27405,0
2015-02-05,16:35:00,13.14,13.15,13.14,13.15,400,0
2015-02-05,16:40:00,13.15,13.17,13.14,13.15,18998,0
2015-02-05,16:45:00,13.16,13.17,13.13,13.14,24248,0
2015-02-05,16:50:00,13.15,13.16,13.14,13.15,6900,0
2015-02-05,16:55:00,13.15,13.16,13.13,13.16,25918,0
2015-02-05,17:00:00,13.16,13.17,13.13,13.13,13428,0
2015-02-05,17:05:00,13.13,13.16,13.13,13.16,3200,0
2015-02-05,17:10:00,13.15,13.2,13.15,13.2,45477,0
2015-02-05,17:15:00,13.2,13.26,13.2,13.24,11873,0
2015-02-05,17:20:00,13.24,13.24,13.19,13.23,16803,0
2015-02-05,17:25:00,13.24,13.32,13.24,13.29,21753,0
2015-02-05,17:30:00,13.29,13.29,13.26,13.27,14000,0
2015-02-05,17:35:00,13.27,13.28,13.27,13.28,1553,0
2015-02-05,17:40:00,13.28,13.31,13.28,13.31,9084,0
2015-02-05,17:45:00,13.31,13.32,13.25,13.25,25493,0
2015-02-05,17:50:00,13.26,13.29,13.26,13.27,18229,0
2015-02-05,17:55:00,13.26,13.26,13.24,13.24,6600,0
2015-02-05,18:05:00,13.25,13.27,13.24,13.27,7000,0
2015-02-05,18:10:00,13.27,13.27,13.26,13.26,416,0
2015-02-05,18:15:00,13.27,13.31,13.27,13.3,46804,0
2015-02-05,18:20:00,13.29,13.31,13.29,13.31,13200,0
2015-02-05,18:25:00,13.31,13.32,13.31,13.32,1200,0
2015-02-05,18:30:00,13.31,13.32,13.29,13.3,19576,0
2015-02-05,18:35:00,13.29,13.29,13.29,13.29,4889,0
2015-02-05,18:40:00,13.29,13.3,13.28,13.28,10566,0
2015-02-05,18:45:00,13.29,13.29,13.29,13.29,1500,0
2015-02-05,18:50:00,13.29,13.31,13.29,13.31,9188,0
2015-02-05,18:55:00,13.31,13.32,13.31,13.31,10312,0
2015-02-05,19:05:00,13.32,13.37,13.32,13.37,15043,0
2015-02-05,19:10:00,13.37,13.39,13.37,13.39,8000,0
2015-02-05,19:15:00,13.39,13.41,13.38,13.39,17397,0
2015-02-05,19:20:00,13.38,13.48,13.38,13.45,61249,0
2015-02-05,19:25:00,13.45,13.49,13.45,13.48,9800,0
2015-02-05,19:30:00,13.48,13.55,13.48,13.52,42365,0
2015-02-05,19:35:00,13.51,13.54,13.5,13.52,29403,0
2015-02-05,19:40:00,13.52,13.52,13.49,13.49,8258,0
2015-02-05,19:45:00,13.48,13.49,13.46,13.48,18106,0
2015-02-05,19:50:00,13.46,13.48,13.46,13.47,4901,0
2015-02-05,19:55:00,13.47,13.49,13.43,13.45,28610,0
2015-02-05,20:00:00,13.46,13.46,13.44,13.44,9476,0
2015-02-05,20:05:00,13.44,13.44,13.41,13.42,13248,0
2015-02-05,20:10:00,13.42,13.42,13.41,13.42,1700,0
2015-02-05,20:15:00,13.41,13.45,13.41,13.44,5850,0
2015-02-05,20:20:00,13.44,13.44,13.43,13.44,5300,0
2015-02-05,20:25:00,13.42,13.43,13.4,13.4,16336,0
2015-02-05,20:30:00,13.4,13.4,13.32,13.32,14133,0
2015-02-05,20:35:00,13.32,13.35,13.32,13.35,7450,0
2015-02-05,20:40:00,13.35,13.38,13.35,13.36,13424,0
2015-02-05,20:45:00,13.35,13.36,13.35,13.36,5400,0
2015-02-05,20:50:00,13.35,13.37,13.34,13.34,16677,0
2015-02-05,20:55:00,13.33,13.35,13.33,13.34,1920,0
2015-02-05,21:00:00,13.34,13.35,13.33,13.34,9200,0
2015-02-05,21:05:00,13.33,13.34,13.33,13.33,7500,0
2015-02-05,21:10:00,13.34,13.34,13.29,13.31,28573,0
2015-02-05,21:15:00,13.31,13.33,13.3,13.33,5400,0
2015-02-05,21:20:00,13.32,13.34,13.32,13.34,4300,0
2015-02-05,21:25:00,13.34,13.39,13.33,13.38,20720,0
2015-02-05,21:30:00,13.38,13.39,13.37,13.39,9100,0
2015-02-05,21:35:00,13.39,13.4,13.38,13.38,11900,0
2015-02-05,21:40:00,13.38,13.39,13.38,13.38,1300,0
2015-02-05,21:45:00,13.39,13.41,13.38,13.41,33379,0
2015-02-05,21:50:00,13.41,13.41,13.38,13.39,40613,0
2015-02-05,21:55:00,13.4,13.41,13.39,13.41,18876,0
2015-02-05,22:00:00,13.41,13.42,13.4,13.42,103599,0
2015-02-06,15:35:00,13.46,13.46,13.4,13.45,2200,0
2015-02-06,15:40:00,13.4,13.41,13.36,13.36,5198,0
2015-02-06,15:45:00,13.37,13.38,13.34,13.34,5319,0
2015-02-06,15:50:00,13.34,13.38,13.33,13.38,7400,0
2015-02-06,15:55:00,13.38,13.38,13.37,13.37,5000,0
2015-02-06,16:00:00,13.38,13.39,13.36,13.36,8300,0
2015-02-06,16:05:00,13.37,13.42,13.36,13.42,8960,0
2015-02-06,16:10:00,13.42,13.42,13.41,13.41,1400,0
2015-02-06,16:15:00,13.42,13.5,13.42,13.46,12267,0
2015-02-06,16:20:00,13.45,13.45,13.45,13.45,600,0
2015-02-06,16:25:00,13.45,13.45,13.44,13.45,1000,0
2015-02-06,16:30:00,13.44,13.44,13.42,13.43,6200,0
2015-02-06,16:35:00,13.42,13.43,13.4,13.4,3812,0
2015-02-06,16:40:00,13.41,13.41,13.4,13.4,2301,0
2015-02-06,16:45:00,13.4,13.46,13.4,13.45,14462,0
2015-02-06,16:50:00,13.46,13.49,13.45,13.49,4000,0
2015-02-06,16:55:00,13.49,13.5,13.44,13.44,16899,0
2015-02-06,17:00:00,13.44,13.45,13.44,13.44,3402,0
2015-02-06,17:05:00,13.46,13.46,13.43,13.43,5900,0
2015-02-06,17:10:00,13.43,13.44,13.42,13.44,11538,0
2015-02-06,17:15:00,13.43,13.46,13.43,13.46,3457,0
2015-02-06,17:20:00,13.45,13.46,13.44,13.46,900,0
2015-02-06,17:25:00,13.46,13.46,13.44,13.44,5600,0
2015-02-06,17:30:00,13.43,13.44,13.42,13.43,13401,0
2015-02-06,17:35:00,13.43,13.43,13.41,13.41,8700,0
2015-02-06,17:40:00,13.42,13.42,13.41,13.41,4603,0
2015-02-06,17:45:00,13.4,13.4,13.39,13.39,2000,0
2015-02-06,17:50:00,13.41,13.44,13.41,13.43,6016,0
2015-02-06,17:55:00,13.43,13.44,13.43,13.44,500,0
2015-02-06,18:00:00,13.43,13.43,13.43,13.43,600,0
2015-02-06,18:05:00,13.43,13.43,13.41,13.41,3300,0
2015-02-06,18:10:00,13.41,13.42,13.39,13.39,9428,0
2015-02-06,18:15:00,13.39,13.42,13.36,13.37,22921,0
2015-02-06,18:20:00,13.37,13.37,13.33,13.36,11828,0
2015-02-06,18:25:00,13.36,13.36,13.35,13.35,6100,0
2015-02-06,18:30:00,13.36,13.4,13.36,13.37,13065,0
2015-02-06,18:35:00,13.36,13.38,13.36,13.38,1700,0
2015-02-06,18:40:00,13.38,13.38,13.36,13.38,4500,0
2015-02-06,18:45:00,13.37,13.37,13.36,13.36,6300,0
2015-02-06,18:50:00,13.36,13.37,13.36,13.37,1700,0
2015-02-06,18:55:00,13.37,13.39,13.37,13.37,6648,0
2015-02-06,19:00:00,13.37,13.4,13.37,13.4,2801,0
2015-02-06,19:10:00,13.39,13.39,13.36,13.36,1300,0
2015-02-06,19:15:00,13.36,13.36,13.34,13.34,2681,0
2015-02-06,19:20:00,13.34,13.34,13.31,13.31,4220,0
2015-02-06,19:25:00,13.32,13.34,13.32,13.33,5780,0
2015-02-06,19:30:00,13.33,13.35,13.32,13.33,16747,0
2015-02-06,19:35:00,13.35,13.35,13.33,13.35,4000,0
2015-02-06,19:40:00,13.33,13.33,13.33,13.33,1045,0
2015-02-06,19:45:00,13.32,13.33,13.32,13.33,3500,0
2015-02-06,19:50:00,13.35,13.36,13.35,13.35,1731,0
2015-02-06,19:55:00,13.36,13.36,13.36,13.36,1100,0
2015-02-06,20:00:00,13.36,13.36,13.36,13.36,400,0
2015-02-06,20:05:00,13.35,13.36,13.32,13.32,4055,0
2015-02-06,20:10:00,13.33,13.35,13.33,13.34,4995,0
2015-02-06,20:15:00,13.33,13.34,13.33,13.34,900,0
2015-02-06,20:20:00,13.34,13.36,13.34,13.36,8283,0
2015-02-06,20:25:00,13.35,13.36,13.34,13.35,2170,0
2015-02-06,20:30:00,13.35,13.37,13.35,13.36,4723,0
2015-02-06,20:35:00,13.35,13.37,13.35,13.37,1561,0
2015-02-06,20:40:00,13.38,13.38,13.36,13.36,2800,0
2015-02-06,20:45:00,13.35,13.36,13.34,13.34,800,0
2015-02-06,20:50:00,13.35,13.35,13.34,13.34,6246,0
2015-02-06,20:55:00,13.35,13.35,13.33,13.33,4923,0
2015-02-06,21:00:00,13.33,13.33,13.31,13.31,2800,0
2015-02-06,21:05:00,13.32,13.32,13.28,13.28,3497,0
2015-02-06,21:10:00,13.29,13.34,13.29,13.34,4946,0
2015-02-06,21:15:00,13.33,13.34,13.33,13.33,4244,0
2015-02-06,21:20:00,13.33,13.37,13.33,13.36,21012,0
2015-02-06,21:25:00,13.36,13.4,13.35,13.4,14595,0
2015-02-06,21:30:00,13.4,13.42,13.4,13.41,9500,0
2015-02-06,21:35:00,13.41,13.41,13.4,13.41,5100,0
2015-02-06,21:40:00,13.41,13.41,13.39,13.39,2096,0
2015-02-06,21:45:00,13.39,13.39,13.37,13.38,5524,0
2015-02-06,21:50:00,13.37,13.38,13.37,13.38,9721,0
2015-02-06,21:55:00,13.38,13.4,13.36,13.38,39593,0
2015-02-06,22:00:00,13.38,13.39,13.37,13.38,62417,0
2015-02-09,15:35:00,13.37,13.39,13.23,13.3,28604,0
2015-02-09,15:40:00,13.3,13.34,13.29,13.34,2576,0
2015-02-09,15:45:00,13.32,13.45,13.32,13.41,9024,0
2015-02-09,15:50:00,13.4,13.41,13.38,13.38,12200,0
2015-02-09,15:55:00,13.39,13.39,13.39,13.39,900,0
2015-02-09,16:00:00,13.4,13.4,13.4,13.4,300,0
2015-02-09,16:05:00,13.4,13.42,13.4,13.42,8500,0
2015-02-09,16:10:00,13.42,13.42,13.41,13.41,576,0
2015-02-09,16:15:00,13.42,13.43,13.41,13.43,4600,0
2015-02-09,16:20:00,13.44,13.51,13.44,13.49,20400,0
2015-02-09,16:25:00,13.49,13.5,13.48,13.49,5704,0
2015-02-09,16:30:00,13.5,13.53,13.5,13.52,3400,0
2015-02-09,16:35:00,13.53,13.54,13.51,13.52,18814,0
2015-02-09,16:40:00,13.51,13.53,13.51,13.52,1967,0
2015-02-09,16:45:00,13.52,13.53,13.5,13.51,10894,0
2015-02-09,16:50:00,13.5,13.5,13.44,13.48,19954,0
2015-02-09,16:55:00,13.48,13.48,13.46,13.46,6845,0
2015-02-09,17:00:00,13.47,13.49,13.46,13.46,9900,0
2015-02-09,17:05:00,13.47,13.48,13.47,13.48,7000,0
2015-02-09,17:10:00,13.48,13.51,13.47,13.51,6628,0
2015-02-09,17:15:00,13.51,13.54,13.49,13.53,10152,0
2015-02-09,17:20:00,13.53,13.53,13.52,13.53,12300,0
2015-02-09,17:25:00,13.52,13.53,13.52,13.52,5626,0
2015-02-09,17:30:00,13.53,13.58,13.53,13.58,6931,0
2015-02-09,17:35:00,13.57,13.58,13.57,13.57,5306,0
2015-02-09,17:40:00,13.58,13.6,13.57,13.59,11000,0
2015-02-09,17:45:00,13.59,13.6,13.58,13.59,11988,0
2015-02-09,17:50:00,13.59,13.61,13.59,13.6,7707,0
2015-02-09,17:55:00,13.59,13.63,13.59,13.62,12043,0
2015-02-09,18:00:00,13.62,13.62,13.62,13.62,200,0
2015-02-09,18:05:00,13.63,13.63,13.62,13.63,4600,0
2015-02-09,18:10:00,13.63,13.65,13.62,13.62,11500,0
2015-02-09,18:15:00,13.62,13.62,13.62,13.62,1800,0
2015-02-09,18:20:00,13.62,13.65,13.62,13.65,4500,0
2015-02-09,18:25:00,13.65,13.66,13.65,13.65,2300,0
2015-02-09,18:30:00,13.66,13.67,13.65,13.67,3950,0
2015-02-09,18:35:00,13.67,13.68,13.67,13.67,4100,0
2015-02-09,18:40:00,13.67,13.67,13.58,13.6,26050,0
2015-02-09,18:45:00,13.6,13.6,13.55,13.55,7948,0
2015-02-09,18:50:00,13.55,13.57,13.55,13.57,5022,0
2015-02-09,18:55:00,13.57,13.57,13.56,13.56,2200,0
2015-02-09,19:00:00,13.57,13.57,13.51,13.53,18938,0
2015-02-09,19:05:00,13.51,13.52,13.51,13.52,2400,0
2015-02-09,19:10:00,13.51,13.52,13.51,13.52,1800,0
2015-02-09,19:15:00,13.52,13.53,13.52,13.53,5600,0
2015-02-09,19:20:00,13.54,13.57,13.54,13.57,5700,0
2015-02-09,19:25:00,13.57,13.58,13.57,13.57,3700,0
2015-02-09,19:30:00,13.58,13.6,13.58,13.6,3495,0
2015-02-09,19:35:00,13.6,13.6,13.59,13.6,5554,0
2015-02-09,19:40:00,13.61,13.62,13.61,13.61,11600,0
2015-02-09,19:45:00,13.62,13.64,13.62,13.62,5200,0
2015-02-09,19:50:00,13.63,13.64,13.62,13.64,10066,0
2015-02-09,19:55:00,13.65,13.65,13.64,13.65,17000,0
2015-02-09,20:00:00,13.64,13.65,13.6,13.6,16698,0
2015-02-09,20:05:00,13.59,13.59,13.55,13.57,3800,0
2015-02-09,20:10:00,13.57,13.59,13.56,13.56,10069,0
2015-02-09,20:15:00,13.57,13.57,13.57,13.57,1853,0
2015-02-09,20:20:00,13.57,13.59,13.57,13.59,3541,0
2015-02-09,20:25:00,13.59,13.6,13.58,13.6,6358,0
2015-02-09,20:30:00,13.6,13.6,13.6,13.6,300,0
2015-02-09,20:35:00,13.59,13.6,13.55,13.55,13228,0
2015-02-09,20:40:00,13.54,13.54,13.52,13.53,2600,0
2015-02-09,20:45:00,13.54,13.54,13.54,13.54,200,0
2015-02-09,20:50:00,13.53,13.53,13.46,13.49,15606,0
2015-02-09,20:55:00,13.49,13.51,13.49,13.51,5700,0
2015-02-09,21:00:00,13.52,13.54,13.52,13.52,7100,0
2015-02-09,21:05:00,13.53,13.53,13.5,13.5,5700,0
2015-02-09,21:10:00,13.49,13.5,13.45,13.5,12700,0
2015-02-09,21:15:00,13.5,13.53,13.5,13.53,3900,0
2015-02-09,21:20:00,13.53,13.53,13.48,13.48,6000,0
2015-02-09,21:25:00,13.48,13.51,13.48,13.51,4450,0
2015-02-09,21:30:00,13.51,13.51,13.49,13.5,7653,0
2015-02-09,21:35:00,13.5,13.51,13.49,13.5,11067,0
2015-02-09,21:40:00,13.48,13.49,13.46,13.49,9338,0
2015-02-09,21:45:00,13.5,13.5,13.48,13.49,10408,0
2015-02-09,21:50:00,13.49,13.52,13.49,13.5,16523,0
2015-02-09,21:55:00,13.5,13.5,13.48,13.48,9300,0
2015-02-09,22:00:00,13.49,13.51,13.48,13.51,68044,0
2015-02-10,15:35:00,13.48,13.53,13.47,13.47,3100,0
2015-02-10,15:40:00,13.51,13.53,13.39,13.52,8328,0
2015-02-10,15:45:00,13.53,13.57,13.53,13.57,2200,0
2015-02-10,15:50:00,13.53,13.53,13.51,13.52,800,0
2015-02-10,15:55:00,13.51,13.53,13.5,13.5,4450,0
2015-02-10,16:00:00,13.5,13.51,13.5,13.5,1700,0
2015-02-10,16:05:00,13.51,13.54,13.5,13.51,6099,0
2015-02-10,16:10:00,13.51,13.51,13.49,13.5,12460,0
2015-02-10,16:15:00,13.5,13.53,13.5,13.5,3500,0
2015-02-10,16:20:00,13.5,13.51,13.48,13.49,4300,0
2015-02-10,16:25:00,13.48,13.48,13.42,13.43,10899,0
2015-02-10,16:30:00,13.43,13.45,13.43,13.45,3000,0
2015-02-10,16:35:00,13.44,13.46,13.44,13.45,387,0
2015-02-10,16:40:00,13.44,13.46,13.44,13.46,2100,0
2015-02-10,16:45:00,13.47,13.5,13.47,13.48,7116,0
2015-02-10,16:50:00,13.47,13.48,13.46,13.46,5400,0
2015-02-10,16:55:00,13.47,13.5,13.47,13.5,4800,0
2015-02-10,17:00:00,13.5,13.5,13.49,13.5,5915,0
2015-02-10,17:05:00,13.5,13.5,13.49,13.49,3600,0
2015-02-10,17:10:00,13.5,13.5,13.49,13.49,2390,0
2015-02-10,17:15:00,13.5,13.5,13.47,13.47,3000,0
2015-02-10,17:20:00,13.47,13.49,13.47,13.49,3300,0
2015-02-10,17:25:00,13.49,13.5,13.49,13.5,1700,0
2015-02-10,17:30:00,13.49,13.5,13.49,13.5,1400,0
2015-02-10,17:35:00,13.5,13.5,13.5,13.5,100,0
2015-02-10,17:40:00,13.5,13.54,13.5,13.53,4599,0
2015-02-10,17:45:00,13.53,13.54,13.53,13.54,2500,0
2015-02-10,17:55:00,13.54,13.56,13.53,13.56,7244,0
2015-02-10,18:00:00,13.56,13.58,13.54,13.58,5500,0
2015-02-10,18:05:00,13.58,13.58,13.54,13.54,2100,0
2015-02-10,18:10:00,13.56,13.56,13.54,13.54,400,0
2015-02-10,18:15:00,13.56,13.6,13.56,13.58,4442,0
2015-02-10,18:20:00,13.59,13.6,13.58,13.6,1300,0
2015-02-10,18:25:00,13.6,13.6,13.6,13.6,500,0
2015-02-10,18:30:00,13.59,13.61,13.57,13.61,10900,0
2015-02-10,18:35:00,13.61,13.68,13.61,13.68,25158,0
2015-02-10,18:40:00,13.67,13.68,13.66,13.67,4400,0
2015-02-10,18:45:00,13.67,13.67,13.63,13.63,7540,0
2015-02-10,18:50:00,13.64,13.65,13.64,13.65,1700,0
2015-02-10,18:55:00,13.65,13.65,13.63,13.63,2100,0
2015-02-10,19:00:00,13.62,13.62,13.61,13.62,1000,0
2015-02-10,19:05:00,13.62,13.62,13.58,13.58,2546,0
2015-02-10,19:10:00,13.58,13.59,13.54,13.54,7500,0
2015-02-10,19:15:00,13.53,13.53,13.53,13.53,1207,0
2015-02-10,19:20:00,13.52,13.52,13.49,13.49,3000,0
2015-02-10,19:25:00,13.49,13.5,13.48,13.48,7793,0
2015-02-10,19:30:00,13.48,13.48,13.48,13.48,1110,0
2015-02-10,19:35:00,13.48,13.5,13.48,13.49,7782,0
2015-02-10,19:40:00,13.49,13.49,13.49,13.49,2500,0
2015-02-10,19:45:00,13.49,13.49,13.49,13.49,200,0
2015-02-10,19:50:00,13.49,13.49,13.48,13.48,1600,0
2015-02-10,19:55:00,13.49,13.49,13.49,13.49,200,0
2015-02-10,20:00:00,13.49,13.49,13.47,13.47,3500,0
2015-02-10,20:05:00,13.47,13.47,13.46,13.46,2560,0
2015-02-10,20:10:00,13.46,13.48,13.46,13.48,6416,0
2015-02-10,20:15:00,13.49,13.51,13.49,13.5,3800,0
2015-02-10,20:20:00,13.5,13.5,13.5,13.5,100,0
2015-02-10,20:25:00,13.49,13.49,13.49,13.49,1800,0
2015-02-10,20:30:00,13.5,13.52,13.5,13.52,3150,0
2015-02-10,20:35:00,13.52,13.54,13.51,13.54,7648,0
2015-02-10,20:40:00,13.54,13.54,13.54,13.54,100,0
2015-02-10,20:45:00,13.54,13.54,13.54,13.54,100,0
2015-02-10,20:50:00,13.53,13.54,13.53,13.53,800,0
2015-02-10,20:55:00,13.54,13.54,13.54,13.54,300,0
2015-02-10,21:00:00,13.54,13.56,13.54,13.56,6743,0
2015-02-10,21:05:00,13.55,13.56,13.53,13.56,6061,0
2015-02-10,21:10:00,13.55,13.55,13.55,13.55,1532,0
2015-02-10,21:20:00,13.56,13.56,13.55,13.55,600,0
2015-02-10,21:25:00,13.56,13.56,13.56,13.56,200,0
2015-02-10,21:30:00,13.55,13.56,13.54,13.55,8127,0
2015-02-10,21:35:00,13.55,13.56,13.55,13.55,2800,0
2015-02-10,21:40:00,13.55,13.56,13.55,13.56,6348,0
2015-02-10,21:45:00,13.56,13.59,13.56,13.57,11500,0
2015-02-10,21:50:00,13.57,13.59,13.57,13.58,18100,0
2015-02-10,21:55:00,13.58,13.59,13.58,13.58,59973,0
2015-02-10,22:00:00,13.59,13.62,13.59,13.61,113913,0
2015-02-11,15:35:00,13.58,13.66,13.58,13.59,700,0
2015-02-11,15:40:00,13.62,13.62,13.58,13.58,9196,0
2015-02-11,15:45:00,13.61,13.63,13.61,13.63,600,0
2015-02-11,15:50:00,13.61,13.62,13.58,13.6,16600,0
2015-02-11,15:55:00,13.61,13.61,13.6,13.61,3250,0
2015-02-11,16:00:00,13.61,13.64,13.61,13.64,1500,0
2015-02-11,16:05:00,13.64,13.64,13.64,13.64,300,0
2015-02-11,16:10:00,13.63,13.64,13.61,13.61,4500,0
2015-02-11,16:15:00,13.62,13.62,13.61,13.61,851,0
2015-02-11,16:20:00,13.62,13.62,13.59,13.61,20870,0
2015-02-11,16:25:00,13.62,13.64,13.61,13.62,3500,0
2015-02-11,16:30:00,13.63,13.63,13.62,13.62,800,0
2015-02-11,16:40:00,13.62,13.62,13.6,13.6,4000,0
2015-02-11,16:45:00,13.6,13.62,13.6,13.6,8133,0
2015-02-11,16:50:00,13.6,13.61,13.6,13.61,500,0
2015-02-11,16:55:00,13.61,13.62,13.61,13.62,3256,0
2015-02-11,17:00:00,13.62,13.62,13.6,13.62,8165,0
2015-02-11,17:05:00,13.62,13.62,13.62,13.62,1600,0
2015-02-11,17:10:00,13.61,13.61,13.61,13.61,3400,0
2015-02-11,17:15:00,13.62,13.62,13.61,13.62,2700,0
2015-02-11,17:20:00,13.61,13.61,13.6,13.6,1900,0
2015-02-11,17:25:00,13.6,13.63,13.6,13.62,6600,0
2015-02-11,17:30:00,13.61,13.63,13.61,13.63,1000,0
2015-02-11,17:35:00,13.63,13.63,13.62,13.63,1084,0
2015-02-11,17:40:00,13.63,13.65,13.63,13.65,3500,0
2015-02-11,17:45:00,13.65,13.65,13.64,13.64,1500,0
2015-02-11,17:50:00,13.65,13.65,13.65,13.65,924,0
2015-02-11,17:55:00,13.65,13.65,13.65,13.65,200,0
2015-02-11,18:00:00,13.64,13.65,13.62,13.63,6720,0
2015-02-11,18:05:00,13.62,13.62,13.61,13.62,7200,0
2015-02-11,18:10:00,13.61,13.61,13.61,13.61,800,0
2015-02-11,18:15:00,13.61,13.63,13.61,13.62,3100,0
2015-02-11,18:20:00,13.63,13.63,13.62,13.63,1100,0
2015-02-11,18:25:00,13.63,13.63,13.63,13.63,519,0
2015-02-11,18:30:00,13.63,13.63,13.62,13.62,3200,0
2015-02-11,18:35:00,13.62,13.62,13.62,13.62,100,0
2015-02-11,18:45:00,13.61,13.61,13.57,13.58,12254,0
2015-02-11,18:50:00,13.59,13.61,13.59,13.61,14334,0
2015-02-11,18:55:00,13.61,13.62,13.6,13.62,2547,0
2015-02-11,19:00:00,13.62,13.63,13.62,13.62,6500,0
2015-02-11,19:05:00,13.63,13.63,13.62,13.62,800,0
2015-02-11,19:10:00,13.62,13.62,13.6,13.61,7000,0
2015-02-11,19:15:00,13.6,13.61,13.6,13.6,2500,0
2015-02-11,19:20:00,13.6,13.61,13.6,13.61,300,0
2015-02-11,19:25:00,13.61,13.64,13.61,13.62,9615,0
2015-02-11,19:40:00,13.62,13.62,13.62,13.62,5360,0
2015-02-11,19:45:00,13.61,13.62,13.6,13.6,4800,0
2015-02-11,19:50:00,13.59,13.6,13.59,13.6,400,0
2015-02-11,19:55:00,13.59,13.6,13.59,13.59,7900,0
2015-02-11,20:00:00,13.58,13.61,13.56,13.61,4634,0
2015-02-11,20:05:00,13.61,13.62,13.6,13.6,6325,0
2015-02-11,20:10:00,13.6,13.62,13.6,13.62,6575,0
2015-02-11,20:15:00,13.61,13.61,13.61,13.61,400,0
2015-02-11,20:20:00,13.61,13.62,13.6,13.62,5848,0
2015-02-11,20:25:00,13.61,13.62,13.61,13.62,1300,0
2015-02-11,20:30:00,13.62,13.62,13.61,13.62,900,0
2015-02-11,20:35:00,13.62,13.62,13.62,13.62,2400,0
2015-02-11,20:40:00,13.62,13.63,13.62,13.63,2400,0
2015-02-11,20:45:00,13.63,13.63,13.62,13.62,400,0
2015-02-11,20:50:00,13.62,13.64,13.62,13.63,7698,0
2015-02-11,20:55:00,13.63,13.64,13.63,13.64,400,0
2015-02-11,21:00:00,13.64,13.64,13.63,13.63,10663,0
2015-02-11,21:05:00,13.63,13.66,13.63,13.65,19850,0
2015-02-11,21:10:00,13.64,13.64,13.63,13.64,3000,0
2015-02-11,21:15:00,13.63,13.65,13.63,13.64,4100,0
2015-02-11,21:20:00,13.65,13.65,13.64,13.65,3400,0
2015-02-11,21:25:00,13.65,13.65,13.64,13.65,400,0
2015-02-11,21:30:00,13.65,13.69,13.64,13.66,31497,0
2015-02-11,21:35:00,13.66,13.67,13.64,13.65,7400,0
2015-02-11,21:40:00,13.65,13.66,13.64,13.65,21348,0
2015-02-11,21:45:00,13.65,13.66,13.65,13.66,3400,0
2015-02-11,21:50:00,13.66,13.67,13.65,13.67,17117,0
2015-02-11,21:55:00,13.66,13.67,13.63,13.64,36151,0
2015-02-11,22:00:00,13.64,13.64,13.62,13.62,79447,0
2015-02-12,15:35:00,13.75,13.82,13.7,13.82,17756,0
2015-02-12,15:40:00,13.83,13.89,13.82,13.89,9202,0
2015-02-12,15:45:00,13.88,13.88,13.84,13.86,12140,0
2015-02-12,15:50:00,13.85,13.85,13.84,13.84,1600,0
2015-02-12,15:55:00,13.82,13.82,13.78,13.78,5648,0
2015-02-12,16:00:00,13.78,13.79,13.75,13.77,4734,0
2015-02-12,16:05:00,13.77,13.77,13.75,13.75,5801,0
2015-02-12,16:10:00,13.75,13.78,13.75,13.77,9433,0
2015-02-12,16:15:00,13.77,13.82,13.76,13.81,16589,0
2015-02-12,16:20:00,13.82,13.82,13.81,13.82,7666,0
2015-02-12,16:25:00,13.82,13.85,13.81,13.84,12750,0
2015-02-12,16:30:00,13.84,13.86,13.82,13.84,10866,0
2015-02-12,16:35:00,13.86,13.9,13.86,13.9,6085,0
2015-02-12,16:40:00,13.9,13.92,13.9,13.92,3000,0
2015-02-12,16:45:00,13.93,13.94,13.92,13.93,2520,0
2015-02-12,16:50:00,13.94,13.99,13.94,13.97,16317,0
2015-02-12,16:55:00,13.98,13.99,13.97,13.98,9400,0
2015-02-12,17:00:00,13.99,13.99,13.97,13.97,3166,0
2015-02-12,17:05:00,13.97,13.99,13.97,13.99,5701,0
2015-02-12,17:10:00,13.98,13.99,13.97,13.97,10603,0
2015-02-12,17:15:00,13.97,14.0,13.97,14.0,10771,0
2015-02-12,17:20:00,13.99,14.0,13.96,13.97,9603,0
2015-02-12,17:25:00,13.96,13.97,13.94,13.94,6300,0
2015-02-12,17:30:00,13.94,13.97,13.94,13.95,11915,0
2015-02-12,17:35:00,13.95,13.96,13.95,13.95,3485,0
2015-02-12,17:40:00,13.95,13.98,13.94,13.96,8500,0
2015-02-12,17:45:00,13.96,13.96,13.95,13.96,7100,0
2015-02-12,17:50:00,13.96,13.99,13.96,13.99,3757,0
2015-02-12,17:55:00,13.99,13.99,13.95,13.95,4200,0
2015-02-12,18:00:00,13.96,13.97,13.95,13.96,3400,0
2015-02-12,18:05:00,13.96,13.96,13.94,13.94,4800,0
2015-02-12,18:10:00,13.94,13.96,13.93,13.96,4653,0
2015-02-12,18:15:00,13.96,13.96,13.95,13.96,2347,0
2015-02-12,18:20:00,13.96,13.96,13.95,13.95,4073,0
2015-02-12,18:25:00,13.95,13.95,13.92,13.92,3700,0
2015-02-12,18:30:00,13.93,13.94,13.93,13.94,4000,0
2015-02-12,18:35:00,13.94,13.96,13.94,13.96,3200,0
2015-02-12,18:40:00,13.95,13.95,13.94,13.94,6150,0
2015-02-12,18:45:00,13.93,13.98,13.93,13.98,6500,0
2015-02-12,18:50:00,13.98,13.98,13.96,13.96,3350,0
2015-02-12,18:55:00,13.95,13.95,13.93,13.93,4900,0
2015-02-12,19:00:00,13.93,13.95,13.93,13.95,3200,0
2015-02-12,19:05:00,13.95,13.98,13.95,13.97,5900,0
2015-02-12,19:10:00,13.96,13.96,13.95,13.95,3775,0
2015-02-12,19:15:00,13.95,13.96,13.95,13.96,2400,0
2015-02-12,19:20:00,13.96,13.96,13.95,13.96,3800,0
2015-02-12,19:25:00,13.96,13.97,13.95,13.95,4200,0
2015-02-12,19:30:00,13.94,13.96,13.94,13.96,6500,0
2015-02-12,19:35:00,13.96,13.97,13.96,13.96,4700,0
2015-02-12,19:40:00,13.96,13.96,13.95,13.95,2106,0
2015-02-12,19:45:00,13.96,13.97,13.95,13.96,4200,0
2015-02-12,19:50:00,13.96,13.97,13.94,13.94,6700,0
2015-02-12,19:55:00,13.94,13.94,13.93,13.93,4200,0
2015-02-12,20:00:00,13.93,13.94,13.92,13.94,2100,0
2015-02-12,20:05:00,13.94,13.95,13.93,13.93,7011,0
2015-02-12,20:10:00,13.94,13.94,13.92,13.93,5593,0
2015-02-12,20:15:00,13.92,13.92,13.9,13.9,5721,0
2015-02-12,20:20:00,13.9,13.91,13.9,13.91,3900,0
2015-02-12,20:25:00,13.91,13.91,13.9,13.91,2700,0
2015-02-12,20:30:00,13.91,13.92,13.89,13.91,24000,0
2015-02-12,20:35:00,13.91,13.92,13.9,13.9,5200,0
2015-02-12,20:40:00,13.9,13.9,13.89,13.89,3400,0
2015-02-12,20:45:00,13.9,13.9,13.88,13.89,10760,0
2015-02-12,20:50:00,13.87,13.87,13.85,13.85,4850,0
2015-02-12,20:55:00,13.86,13.86,13.83,13.86,18600,0
2015-02-12,21:00:00,13.87,13.92,13.87,13.92,11600,0
2015-02-12,21:05:00,13.93,13.93,13.91,13.92,6990,0
2015-02-12,21:10:00,13.91,13.92,13.89,13.89,19200,0
2015-02-12,21:15:00,13.89,13.89,13.87,13.88,3900,0
2015-02-12,21:20:00,13.87,13.88,13.87,13.88,3000,0
2015-02-12,21:25:00,13.88,13.89,13.87,13.89,21461,0
2015-02-12,21:30:00,13.89,13.89,13.87,13.88,10155,0
2015-02-12,21:35:00,13.88,13.89,13.83,13.89,27198,0
2015-02-12,21:40:00,13.88,13.89,13.88,13.89,6600,0
2015-02-12,21:45:00,13.88,13.89,13.88,13.89,13683,0
2015-02-12,21:50:00,13.89,13.9,13.88,13.88,27465,0
2015-02-12,21:55:00,13.88,13.9,13.88,13.9,30404,0
2015-02-12,22:00:00,13.89,13.91,13.88,13.91,59788,0
2015-02-13,15:35:00,13.96,13.98,13.95,13.95,600,0
2015-02-13,15:40:00,13.98,13.98,13.98,13.98,947,0
2015-02-13,15:45:00,14.0,14.0,14.0,14.0,200,0
2015-02-13,15:50:00,13.97,14.03,13.96,14.02,9877,0
2015-02-13,15:55:00,14.02,14.06,13.98,14.0,4235,0
2015-02-13,16:00:00,14.0,14.01,13.99,14.01,600,0
2015-02-13,16:05:00,14.01,14.04,14.0,14.03,2318,0
2015-02-13,16:15:00,14.01,14.03,14.0,14.03,500,0
2015-02-13,16:20:00,14.02,14.05,14.0,14.04,19948,0
2015-02-13,16:25:00,14.03,14.03,14.01,14.02,1300,0
2015-02-13,16:30:00,14.02,14.03,14.02,14.02,3700,0
2015-02-13,16:35:00,14.02,14.03,14.02,14.02,800,0
2015-02-13,16:40:00,14.02,14.04,14.01,14.03,2500,0
2015-02-13,16:45:00,14.03,14.04,14.03,14.03,500,0
2015-02-13,16:50:00,14.04,14.05,14.03,14.03,2300,0
2015-02-13,16:55:00,14.04,14.06,14.04,14.06,4284,0
2015-02-13,17:00:00,14.06,14.06,14.04,14.05,2100,0
2015-02-13,17:05:00,14.04,14.06,14.04,14.05,4286,0
2015-02-13,17:10:00,14.06,14.07,14.05,14.07,4023,0
2015-02-13,17:15:00,14.06,14.07,14.05,14.07,2700,0
2015-02-13,17:20:00,14.07,14.1,14.07,14.09,9237,0
2015-02-13,17:25:00,14.09,14.11,14.09,14.11,7508,0
2015-02-13,17:30:00,14.1,14.11,14.1,14.11,2000,0
2015-02-13,17:35:00,14.11,14.11,14.1,14.1,4400,0
2015-02-13,17:40:00,14.11,14.11,14.1,14.11,3370,0
2015-02-13,17:45:00,14.1,14.11,14.1,14.1,6580,0
2015-02-13,17:50:00,14.11,14.11,14.1,14.1,3100,0
2015-02-13,17:55:00,14.11,14.12,14.1,14.1,7910,0
2015-02-13,18:00:00,14.1,14.1,14.08,14.09,1323,0
2015-02-13,18:05:00,14.08,14.1,14.08,14.1,365,0
2015-02-13,18:15:00,14.09,14.1,14.09,14.1,500,0
2015-02-13,18:20:00,14.08,14.09,14.05,14.06,13357,0
2015-02-13,18:25:00,14.06,14.07,14.06,14.06,1720,0
2015-02-13,18:30:00,14.06,14.06,14.06,14.06,500,0
2015-02-13,18:35:00,14.07,14.07,14.07,14.07,100,0
2015-02-13,18:40:00,14.06,14.07,14.06,14.06,1200,0
2015-02-13,18:45:00,14.06,14.06,14.05,14.05,2500,0
2015-02-13,18:50:00,14.06,14.07,14.04,14.07,10530,0
2015-02-13,18:55:00,14.07,14.08,14.07,14.08,2300,0
2015-02-13,19:00:00,14.07,14.08,14.07,14.07,400,0
2015-02-13,19:05:00,14.08,14.08,14.08,14.08,300,0
2015-02-13,19:10:00,14.08,14.11,14.08,14.09,59377,0
2015-02-13,19:15:00,14.09,14.09,14.08,14.08,1100,0
2015-02-13,19:20:00,14.08,14.08,14.07,14.07,1100,0
2015-02-13,19:25:00,14.08,14.08,14.04,14.05,3572,0
2015-02-13,19:30:00,14.07,14.07,14.07,14.07,100,0
2015-02-13,19:35:00,14.06,14.06,14.03,14.03,3569,0
2015-02-13,19:40:00,14.02,14.02,14.02,14.02,100,0
2015-02-13,19:45:00,14.02,14.02,14.02,14.02,8916,0
2015-02-13,19:50:00,14.03,14.03,14.03,14.03,800,0
2015-02-13,19:55:00,14.02,14.04,14.02,14.03,4100,0
2015-02-13,20:00:00,14.03,14.05,14.03,14.05,5222,0
2015-02-13,20:05:00,14.04,14.05,14.04,14.05,2200,0
2015-02-13,20:10:00,14.05,14.05,14.04,14.04,1716,0
2015-02-13,20:15:00,14.05,14.07,14.05,14.05,6232,0
2015-02-13,20:20:00,14.05,14.05,14.04,14.04,200,0
2015-02-13,20:25:00,14.04,14.05,14.04,14.05,2703,0
2015-02-13,20:30:00,14.04,14.05,14.04,14.04,2742,0
2015-02-13,20:35:00,14.04,14.04,14.04,14.04,2310,0
2015-02-13,20:40:00,14.05,14.05,14.04,14.04,1200,0
2015-02-13,20:45:00,14.05,14.05,14.04,14.04,2807,0
2015-02-13,20:50:00,14.04,14.07,14.04,14.05,10900,0
2015-02-13,20:55:00,14.05,14.06,14.05,14.05,1568,0
2015-02-13,21:00:00,14.05,14.06,14.05,14.06,1865,0
2015-02-13,21:05:00,14.05,14.07,14.05,14.05,10500,0
2015-02-13,21:10:00,14.05,14.08,14.05,14.08,16050,0
2015-02-13,21:15:00,14.08,14.1,14.07,14.09,10226,0
2015-02-13,21:20:00,14.08,14.1,14.08,14.1,9574,0
2015-02-13,21:25:00,14.1,14.1,14.09,14.1,2525,0
2015-02-13,21:30:00,14.1,14.12,14.09,14.12,6454,0
2015-02-13,21:35:00,14.12,14.12,14.09,14.09,4261,0
2015-02-13,21:40:00,14.1,14.11,14.09,14.11,5765,0
2015-02-13,21:45:00,14.11,14.11,14.1,14.11,5700,0
2015-02-13,21:50:00,14.11,14.12,14.1,14.12,17035,0
2015-02-13,21:55:00,14.12,14.13,14.1,14.12,33396,0
2015-02-13,22:00:00,14.12,14.18,14.12,14.18,96023,0
2015-02-17,15:35:00,14.11,14.11,14,14.04,2000,0
2015-02-17,15:40:00,14.01,14.01,13.96,13.98,2800,0
2015-02-17,15:45:00,13.98,14.01,13.98,14,4795,0
2015-02-17,15:50:00,14.04,14.09,14.03,14.05,4771,0
2015-02-17,15:55:00,14.02,14.07,14.01,14.07,9243,0
2015-02-17,16:00:00,14.08,14.08,14,14.02,3000,0
2015-02-17,16:05:00,14,14.05,14,14.04,3100,0
2015-02-17,16:10:00,14.02,14.04,14.02,14.02,1400,0
2015-02-17,16:15:00,14,14.02,14,14.02,1400,0
2015-02-17,16:20:00,14.02,14.03,14,14.02,3525,0
2015-02-17,16:25:00,14.01,14.02,14,14,1000,0
2015-02-17,16:30:00,14.02,14.05,14,14.04,8964,0
2015-02-17,16:35:00,14.03,14.09,14.02,14.09,9650,0
2015-02-17,16:40:00,14.07,14.1,14.05,14.05,3854,0
2015-02-17,16:45:00,14.05,14.07,14.04,14.04,6082,0
2015-02-17,16:50:00,14.05,14.06,14.05,14.06,2600,0
2015-02-17,16:55:00,14.06,14.07,14.06,14.06,1400,0
2015-02-17,17:00:00,14.05,14.05,14.04,14.04,2510,0
2015-02-17,17:05:00,14.04,14.05,14.04,14.05,5400,0
2015-02-17,17:10:00,14.04,14.04,14.04,14.04,300,0
2015-02-17,17:15:00,14.05,14.05,14.03,14.04,6300,0
2015-02-17,17:20:00,14.04,14.04,14.03,14.04,1100,0
2015-02-17,17:25:00,14.04,14.06,14.04,14.06,6461,0
2015-02-17,17:30:00,14.06,14.07,14.05,14.05,3100,0
2015-02-17,17:35:00,14.05,14.05,14.03,14.05,8880,0
2015-02-17,17:40:00,14.04,14.04,14.02,14.02,1200,0
2015-02-17,17:45:00,14.02,14.03,14.01,14.01,3679,0
2015-02-17,17:50:00,14,14,14,14,753,0
2015-02-17,17:55:00,14,14.02,13.99,14.01,4115,0
2015-02-17,18:00:00,14.01,14.02,14.01,14.01,1466,0
2015-02-17,18:05:00,14.01,14.01,14.01,14.01,100,0
2015-02-17,18:10:00,14,14.01,14,14,4200,0
2015-02-17,18:15:00,14,14,14,14,700,0
2015-02-17,18:20:00,14.01,14.01,14,14,2441,0
2015-02-17,18:25:00,14.01,14.01,14,14,228,0
2015-02-17,18:30:00,14,14.01,13.95,13.95,10000,0
2015-02-17,18:35:00,13.95,13.99,13.95,13.96,13700,0
2015-02-17,18:40:00,13.96,13.98,13.94,13.95,18996,0
2015-02-17,18:45:00,13.95,13.97,13.95,13.97,3000,0
2015-02-17,18:50:00,13.98,14,13.98,13.99,4404,0
2015-02-17,18:55:00,14,14,14,14,100,0
2015-02-17,19:00:00,14,14,13.99,13.99,2912,0
2015-02-17,19:05:00,13.99,13.99,13.97,13.98,1300,0
2015-02-17,19:10:00,13.98,13.98,13.97,13.97,850,0
2015-02-17,19:15:00,13.97,13.97,13.97,13.97,100,0
2015-02-17,19:20:00,13.98,13.98,13.98,13.98,100,0
2015-02-17,19:25:00,13.98,13.98,13.97,13.98,1700,0
2015-02-17,19:30:00,13.97,13.98,13.97,13.98,399,0
2015-02-17,19:35:00,13.97,13.99,13.96,13.97,10182,0
2015-02-17,19:40:00,13.98,14,13.97,13.99,3859,0
2015-02-17,19:45:00,14,14,13.99,14,5566,0
2015-02-17,19:50:00,14,14.01,14,14.01,200,0
2015-02-17,19:55:00,14,14.01,14,14.01,2100,0
2015-02-17,20:00:00,14,14,14,14,334,0
2015-02-17,20:05:00,14.01,14.01,14,14.01,1781,0
2015-02-17,20:10:00,14,14,14,14,800,0
2015-02-17,20:15:00,13.98,13.99,13.97,13.97,7094,0
2015-02-17,20:20:00,13.96,13.97,13.96,13.96,1153,0
2015-02-17,20:25:00,13.97,13.98,13.97,13.97,2081,0
2015-02-17,20:30:00,13.98,13.98,13.97,13.97,1000,0
2015-02-17,20:35:00,13.97,13.98,13.97,13.98,1300,0
2015-02-17,20:40:00,13.98,13.99,13.98,13.99,1608,0
2015-02-17,20:45:00,13.99,14.03,13.99,14.03,12045,0
2015-02-17,20:50:00,14.03,14.05,14,14.04,17000,0
2015-02-17,20:55:00,14.04,14.04,14.01,14.01,9500,0
2015-02-17,21:00:00,14.01,14.01,14,14,600,0
2015-02-17,21:05:00,14.01,14.01,13.98,13.98,4100,0
2015-02-17,21:10:00,13.99,14.02,13.99,14.02,6543,0
2015-02-17,21:15:00,14.02,14.02,13.99,14,9630,0
2015-02-17,21:20:00,14,14.03,13.98,14.03,37057,0
2015-02-17,21:25:00,14.01,14.01,13.99,14.01,7899,0
2015-02-17,21:30:00,14.02,14.04,14.01,14.04,5166,0
2015-02-17,21:35:00,14.04,14.04,14.01,14.02,3718,0
2015-02-17,21:40:00,14.02,14.02,14.01,14.02,5714,0
2015-02-17,21:45:00,14.02,14.02,14.01,14.02,3400,0
2015-02-17,21:50:00,14.02,14.02,14,14,6800,0
2015-02-17,21:55:00,14,14.01,14,14.01,7200,0
2015-02-17,22:00:00,14.01,14.01,13.99,13.99,27076,0
2015-02-18,15:35:00,13.99,14.04,13.96,13.96,2400,0
2015-02-18,15:40:00,13.96,13.96,13.85,13.85,10207,0
2015-02-18,15:45:00,13.88,13.88,13.73,13.74,10137,0
2015-02-18,15:50:00,13.74,13.79,13.74,13.78,10064,0
2015-02-18,15:55:00,13.78,13.8,13.76,13.8,8910,0
2015-02-18,16:00:00,13.8,13.8,13.74,13.75,10325,0
2015-02-18,16:05:00,13.78,13.83,13.76,13.81,30264,0
2015-02-18,16:10:00,13.81,13.81,13.74,13.74,5900,0
2015-02-18,16:15:00,13.74,13.76,13.7,13.74,11062,0
2015-02-18,16:20:00,13.75,13.76,13.7,13.76,10400,0
2015-02-18,16:25:00,13.74,13.74,13.7,13.7,4100,0
2015-02-18,16:30:00,13.71,13.76,13.7,13.76,9800,0
2015-02-18,16:35:00,13.77,13.8,13.77,13.8,7731,0
2015-02-18,16:40:00,13.8,13.8,13.76,13.76,6450,0
2015-02-18,16:45:00,13.76,13.79,13.75,13.75,6400,0
2015-02-18,16:50:00,13.75,13.76,13.71,13.71,6100,0
2015-02-18,16:55:00,13.71,13.74,13.71,13.74,12150,0
2015-02-18,17:00:00,13.74,13.76,13.73,13.76,6828,0
2015-02-18,17:05:00,13.76,13.77,13.76,13.76,7800,0
2015-02-18,17:10:00,13.76,13.76,13.71,13.71,13853,0
2015-02-18,17:15:00,13.72,13.78,13.71,13.77,24186,0
2015-02-18,17:20:00,13.76,13.76,13.72,13.73,13508,0
2015-02-18,17:25:00,13.73,13.74,13.73,13.73,3197,0
2015-02-18,17:30:00,13.73,13.73,13.72,13.72,4400,0
2015-02-18,17:35:00,13.72,13.73,13.71,13.71,8670,0
2015-02-18,17:40:00,13.7,13.74,13.7,13.73,10149,0
2015-02-18,17:45:00,13.73,13.73,13.73,13.73,6718,0
2015-02-18,17:50:00,13.73,13.74,13.71,13.71,4878,0
2015-02-18,17:55:00,13.71,13.72,13.71,13.71,3500,0
2015-02-18,18:00:00,13.71,13.71,13.69,13.7,8247,0
2015-02-18,18:05:00,13.7,13.74,13.69,13.73,15441,0
2015-02-18,18:10:00,13.73,13.74,13.73,13.73,1200,0
2015-02-18,18:15:00,13.73,13.73,13.7,13.72,5547,0
2015-02-18,18:20:00,13.7,13.71,13.69,13.69,6732,0
2015-02-18,18:25:00,13.69,13.72,13.69,13.72,6900,0
2015-02-18,18:30:00,13.73,13.73,13.72,13.72,3500,0
2015-02-18,18:35:00,13.72,13.75,13.69,13.75,16795,0
2015-02-18,18:40:00,13.74,13.76,13.74,13.76,4274,0
2015-02-18,18:45:00,13.76,13.76,13.73,13.73,2900,0
2015-02-18,18:50:00,13.73,13.76,13.73,13.73,4500,0
2015-02-18,18:55:00,13.72,13.74,13.72,13.73,3500,0
2015-02-18,19:00:00,13.73,13.74,13.73,13.73,4600,0
2015-02-18,19:05:00,13.73,13.74,13.73,13.74,4600,0
2015-02-18,19:10:00,13.73,13.77,13.73,13.77,10964,0
2015-02-18,19:15:00,13.77,13.77,13.76,13.77,500,0
2015-02-18,19:20:00,13.77,13.79,13.76,13.79,5474,0
2015-02-18,19:25:00,13.78,13.79,13.78,13.78,800,0
2015-02-18,19:30:00,13.78,13.78,13.76,13.77,6127,0
2015-02-18,19:35:00,13.76,13.77,13.76,13.76,5146,0
2015-02-18,19:40:00,13.76,13.77,13.76,13.76,3738,0
2015-02-18,19:45:00,13.76,13.79,13.76,13.78,9926,0
2015-02-18,19:50:00,13.79,13.79,13.77,13.77,3000,0
2015-02-18,19:55:00,13.77,13.78,13.76,13.76,6400,0
2015-02-18,20:00:00,13.76,13.76,13.74,13.74,6693,0
2015-02-18,20:05:00,13.75,13.78,13.75,13.78,7648,0
2015-02-18,20:10:00,13.78,13.8,13.78,13.79,4400,0
2015-02-18,20:15:00,13.79,13.79,13.77,13.77,5200,0
2015-02-18,20:20:00,13.77,13.78,13.76,13.76,6530,0
2015-02-18,20:25:00,13.76,13.77,13.73,13.73,8800,0
2015-02-18,20:30:00,13.74,13.75,13.74,13.74,5150,0
2015-02-18,20:35:00,13.74,13.75,13.74,13.74,5238,0
2015-02-18,20:40:00,13.74,13.75,13.72,13.73,14945,0
2015-02-18,20:45:00,13.73,13.73,13.7,13.72,7600,0
2015-02-18,20:50:00,13.72,13.76,13.72,13.76,16009,0
2015-02-18,20:55:00,13.75,13.83,13.75,13.82,19150,0
2015-02-18,21:00:00,13.83,13.93,13.83,13.93,27871,0
2015-02-18,21:05:00,13.92,13.93,13.87,13.87,13189,0
2015-02-18,21:10:00,13.87,13.87,13.82,13.82,7300,0
2015-02-18,21:15:00,13.82,13.83,13.79,13.79,7100,0
2015-02-18,21:20:00,13.79,13.81,13.78,13.78,8600,0
2015-02-18,21:25:00,13.78,13.79,13.75,13.77,13750,0
2015-02-18,21:30:00,13.79,13.8,13.77,13.78,7500,0
2015-02-18,21:35:00,13.79,13.82,13.78,13.81,12900,0
2015-02-18,21:40:00,13.82,13.82,13.78,13.78,12900,0
2015-02-18,21:45:00,13.79,13.79,13.76,13.76,18807,0
2015-02-18,21:50:00,13.76,13.77,13.76,13.76,21299,0
2015-02-18,21:55:00,13.76,13.79,13.76,13.79,30486,0
2015-02-18,22:00:00,13.79,13.81,13.78,13.79,118062,0
2015-02-19,15:35:00,13.7,13.71,13.6,13.6,19001,0
2015-02-19,15:40:00,13.72,13.72,13.64,13.64,8000,0
2015-02-19,15:45:00,13.64,13.65,13.55,13.55,18810,0
2015-02-19,15:50:00,13.56,13.59,13.52,13.52,12520,0
2015-02-19,15:55:00,13.53,13.56,13.51,13.55,37300,0
2015-02-19,16:00:00,13.56,13.66,13.56,13.66,24578,0
2015-02-19,16:05:00,13.66,13.66,13.64,13.64,8000,0
2015-02-19,16:10:00,13.64,13.71,13.64,13.71,17423,0
2015-02-19,16:15:00,13.74,13.74,13.69,13.69,6500,0
2015-02-19,16:20:00,13.69,13.69,13.66,13.66,1200,0
2015-02-19,16:25:00,13.65,13.67,13.65,13.66,2800,0
2015-02-19,16:30:00,13.66,13.67,13.66,13.66,2000,0
2015-02-19,16:35:00,13.66,13.67,13.66,13.66,1700,0
2015-02-19,16:40:00,13.66,13.7,13.66,13.7,13335,0
2015-02-19,16:45:00,13.7,13.7,13.67,13.67,4200,0
2015-02-19,16:50:00,13.68,13.68,13.67,13.67,1500,0
2015-02-19,16:55:00,13.67,13.69,13.67,13.69,6848,0
2015-02-19,17:00:00,13.69,13.75,13.69,13.74,2601,0
2015-02-19,17:05:00,13.75,13.76,13.73,13.73,3690,0
2015-02-19,17:10:00,13.74,13.74,13.73,13.74,1408,0
2015-02-19,17:15:00,13.74,13.74,13.73,13.73,1000,0
2015-02-19,17:20:00,13.74,13.8,13.74,13.8,9207,0
2015-02-19,17:25:00,13.81,13.81,13.81,13.81,500,0
2015-02-19,17:30:00,13.81,13.81,13.81,13.81,300,0
2015-02-19,17:35:00,13.8,13.8,13.74,13.75,4372,0
2015-02-19,17:40:00,13.75,13.78,13.74,13.76,10398,0
2015-02-19,17:45:00,13.75,13.8,13.75,13.8,2300,0
2015-02-19,17:50:00,13.81,13.81,13.81,13.81,100,0
2015-02-19,17:55:00,13.81,13.81,13.81,13.81,500,0
2015-02-19,18:00:00,13.81,13.84,13.81,13.81,3599,0
2015-02-19,18:05:00,13.8,13.81,13.79,13.8,1900,0
2015-02-19,18:10:00,13.79,13.79,13.78,13.78,1100,0
2015-02-19,18:15:00,13.78,13.78,13.78,13.78,700,0
2015-02-19,18:20:00,13.78,13.8,13.78,13.8,2900,0
2015-02-19,18:25:00,13.8,13.8,13.8,13.8,1500,0
2015-02-19,18:30:00,13.8,13.8,13.79,13.8,1600,0
2015-02-19,18:35:00,13.79,13.79,13.78,13.79,883,0
2015-02-19,18:40:00,13.78,13.78,13.75,13.75,1113,0
2015-02-19,18:45:00,13.75,13.8,13.75,13.8,5587,0
2015-02-19,18:55:00,13.8,13.8,13.8,13.8,300,0
2015-02-19,19:00:00,13.8,13.8,13.8,13.8,600,0
2015-02-19,19:05:00,13.8,13.8,13.8,13.8,200,0
2015-02-19,19:10:00,13.8,13.8,13.79,13.8,1400,0
2015-02-19,19:15:00,13.8,13.8,13.8,13.8,100,0
2015-02-19,19:20:00,13.79,13.8,13.79,13.8,2600,0
2015-02-19,19:25:00,13.79,13.8,13.79,13.8,4300,0
2015-02-19,19:30:00,13.8,13.8,13.79,13.8,1400,0
2015-02-19,19:35:00,13.8,13.8,13.79,13.8,1600,0
2015-02-19,19:40:00,13.8,13.8,13.8,13.8,300,0
2015-02-19,19:45:00,13.8,13.8,13.8,13.8,200,0
2015-02-19,19:50:00,13.8,13.8,13.8,13.8,300,0
2015-02-19,19:55:00,13.8,13.83,13.8,13.83,7100,0
2015-02-19,20:00:00,13.83,13.87,13.83,13.87,5800,0
2015-02-19,20:05:00,13.87,13.88,13.87,13.88,500,0
2015-02-19,20:10:00,13.88,13.88,13.88,13.88,400,0
2015-02-19,20:15:00,13.88,13.88,13.87,13.87,664,0
2015-02-19,20:20:00,13.88,13.88,13.88,13.88,400,0
2015-02-19,20:25:00,13.88,13.88,13.88,13.88,300,0
2015-02-19,20:30:00,13.88,13.88,13.88,13.88,100,0
2015-02-19,20:35:00,13.87,13.88,13.85,13.86,10400,0
2015-02-19,20:40:00,13.86,13.86,13.85,13.86,1900,0
2015-02-19,20:45:00,13.86,13.86,13.85,13.85,1600,0
2015-02-19,20:50:00,13.86,13.86,13.85,13.86,7943,0
2015-02-19,20:55:00,13.86,13.86,13.86,13.86,1286,0
2015-02-19,21:00:00,13.86,13.86,13.85,13.86,2500,0
2015-02-19,21:05:00,13.86,13.88,13.85,13.88,17713,0
2015-02-19,21:10:00,13.88,13.88,13.88,13.88,2000,0
2015-02-19,21:15:00,13.88,13.88,13.88,13.88,300,0
2015-02-19,21:20:00,13.88,13.88,13.88,13.88,600,0
2015-02-19,21:25:00,13.88,13.88,13.88,13.88,600,0
2015-02-19,21:30:00,13.88,13.88,13.88,13.88,3700,0
2015-02-19,21:35:00,13.88,13.88,13.87,13.88,6500,0
2015-02-19,21:40:00,13.88,13.88,13.88,13.88,2600,0
2015-02-19,21:45:00,13.88,13.88,13.88,13.88,3300,0
2015-02-19,21:50:00,13.87,13.88,13.84,13.85,29190,0
2015-02-19,21:55:00,13.85,13.85,13.82,13.83,20379,0
2015-02-19,22:00:00,13.83,13.85,13.82,13.83,53473,0
2015-02-20,15:35:00,13.75,13.76,13.66,13.66,1300,0
2015-02-20,15:40:00,13.74,13.81,13.74,13.74,5300,0
2015-02-20,15:45:00,13.75,13.75,13.63,13.73,2500,0
2015-02-20,15:50:00,13.75,13.76,13.74,13.76,1200,0
2015-02-20,15:55:00,13.75,13.75,13.68,13.75,2800,0
2015-02-20,16:00:00,13.76,13.76,13.73,13.74,1000,0
2015-02-20,16:05:00,13.74,13.75,13.74,13.75,1400,0
2015-02-20,16:10:00,13.76,13.77,13.74,13.76,2000,0
2015-02-20,16:15:00,13.76,13.79,13.76,13.76,2000,0
2015-02-20,16:20:00,13.75,13.76,13.73,13.73,1000,0
2015-02-20,16:25:00,13.76,13.78,13.76,13.78,1900,0
2015-02-20,16:30:00,13.77,13.77,13.76,13.76,1007,0
2015-02-20,16:35:00,13.76,13.76,13.73,13.75,2700,0
2015-02-20,16:40:00,13.75,13.77,13.74,13.74,2600,0
2015-02-20,16:45:00,13.78,13.79,13.75,13.77,2320,0
2015-02-20,16:50:00,13.77,13.81,13.75,13.75,2213,0
2015-02-20,16:55:00,13.75,13.75,13.73,13.74,2800,0
2015-02-20,17:00:00,13.77,13.77,13.71,13.71,4100,0
2015-02-20,17:05:00,13.7,13.7,13.68,13.68,5875,0
2015-02-20,17:10:00,13.68,13.69,13.66,13.69,1500,0
2015-02-20,17:15:00,13.67,13.67,13.67,13.67,900,0
2015-02-20,17:25:00,13.68,13.69,13.68,13.69,300,0
2015-02-20,17:30:00,13.71,13.71,13.7,13.71,1000,0
2015-02-20,17:40:00,13.72,13.72,13.72,13.72,500,0
2015-02-20,17:45:00,13.72,13.73,13.72,13.73,1000,0
2015-02-20,17:50:00,13.72,13.74,13.72,13.74,2300,0
2015-02-20,17:55:00,13.73,13.73,13.71,13.71,2413,0
2015-02-20,18:00:00,13.71,13.72,13.69,13.72,5100,0
2015-02-20,18:05:00,13.72,13.72,13.69,13.7,2300,0
2015-02-20,18:10:00,13.71,13.71,13.7,13.7,800,0
2015-02-20,18:15:00,13.7,13.71,13.69,13.71,700,0
2015-02-20,18:20:00,13.72,13.73,13.71,13.71,3234,0
2015-02-20,18:25:00,13.71,13.71,13.7,13.7,900,0
2015-02-20,18:30:00,13.71,13.71,13.69,13.69,1100,0
2015-02-20,18:40:00,13.71,13.74,13.71,13.72,2100,0
2015-02-20,18:45:00,13.71,13.74,13.69,13.69,2500,0
2015-02-20,18:50:00,13.69,13.7,13.69,13.7,1300,0
2015-02-20,18:55:00,13.7,13.72,13.7,13.72,1000,0
2015-02-20,19:00:00,13.71,13.72,13.71,13.72,2900,0
2015-02-20,19:05:00,13.72,13.72,13.71,13.71,3000,0
2015-02-20,19:10:00,13.7,13.7,13.7,13.7,340,0
2015-02-20,19:15:00,13.71,13.73,13.71,13.73,3500,0
2015-02-20,19:20:00,13.72,13.72,13.7,13.7,5134,0
2015-02-20,19:25:00,13.71,13.72,13.71,13.72,2800,0
2015-02-20,19:30:00,13.72,13.72,13.71,13.71,3089,0
2015-02-20,19:35:00,13.71,13.73,13.71,13.73,3500,0
2015-02-20,19:40:00,13.72,13.74,13.72,13.74,6800,0
2015-02-20,19:50:00,13.74,13.76,13.74,13.75,3909,0
2015-02-20,19:55:00,13.76,13.76,13.76,13.76,600,0
2015-02-20,20:00:00,13.76,13.76,13.75,13.76,4263,0
2015-02-20,20:05:00,13.77,13.77,13.76,13.76,400,0
2015-02-20,20:10:00,13.77,13.77,13.76,13.77,988,0
2015-02-20,20:15:00,13.76,13.77,13.73,13.74,4425,0
2015-02-20,20:20:00,13.75,13.76,13.75,13.76,3868,0
2015-02-20,20:25:00,13.76,13.76,13.76,13.76,200,0
2015-02-20,20:30:00,13.76,13.76,13.75,13.75,1400,0
2015-02-20,20:35:00,13.75,13.75,13.7,13.72,11398,0
2015-02-20,20:40:00,13.72,13.72,13.71,13.72,7075,0
2015-02-20,20:45:00,13.72,13.72,13.71,13.72,2400,0
2015-02-20,20:50:00,13.72,13.73,13.72,13.73,5900,0
2015-02-20,20:55:00,13.73,13.73,13.71,13.72,6777,0
2015-02-20,21:00:00,13.72,13.72,13.71,13.71,200,0
2015-02-20,21:05:00,13.71,13.75,13.71,13.74,7531,0
2015-02-20,21:10:00,13.75,13.77,13.75,13.77,17820,0
2015-02-20,21:15:00,13.77,13.77,13.76,13.77,2500,0
2015-02-20,21:20:00,13.77,13.77,13.74,13.74,6000,0
2015-02-20,21:25:00,13.73,13.74,13.73,13.74,3300,0
2015-02-20,21:30:00,13.74,13.76,13.74,13.74,10771,0
2015-02-20,21:35:00,13.74,13.76,13.74,13.75,1700,0
2015-02-20,21:40:00,13.76,13.76,13.76,13.76,300,0
2015-02-20,21:45:00,13.76,13.76,13.75,13.75,4346,0
2015-02-20,21:50:00,13.76,13.77,13.74,13.74,11551,0
2015-02-20,21:55:00,13.75,13.75,13.74,13.75,9796,0
2015-02-20,22:00:00,13.75,13.78,13.74,13.78,84476,0
2015-02-23,15:35:00,13.64,13.75,13.64,13.68,13389,0
2015-02-23,15:40:00,13.7,13.77,13.7,13.77,7425,0
2015-02-23,15:45:00,13.77,13.77,13.69,13.69,6300,0
2015-02-23,15:50:00,13.7,13.72,13.69,13.69,8360,0
2015-02-23,15:55:00,13.69,13.69,13.69,13.69,1359,0
2015-02-23,16:00:00,13.69,13.7,13.69,13.7,3341,0
2015-02-23,16:05:00,13.7,13.7,13.67,13.67,5458,0
2015-02-23,16:10:00,13.67,13.69,13.67,13.69,4457,0
2015-02-23,16:15:00,13.68,13.69,13.68,13.69,4360,0
2015-02-23,16:20:00,13.69,13.7,13.68,13.69,9656,0
2015-02-23,16:25:00,13.7,13.7,13.69,13.7,6500,0
2015-02-23,16:30:00,13.7,13.7,13.67,13.67,11713,0
2015-02-23,16:35:00,13.67,13.68,13.67,13.67,1399,0
2015-02-23,16:40:00,13.68,13.68,13.67,13.68,500,0
2015-02-23,16:45:00,13.67,13.68,13.67,13.68,5554,0
2015-02-23,16:50:00,13.67,13.68,13.67,13.67,800,0
2015-02-23,16:55:00,13.67,13.68,13.67,13.68,4241,0
2015-02-23,17:00:00,13.68,13.68,13.67,13.67,1500,0
2015-02-23,17:05:00,13.68,13.68,13.67,13.68,1300,0
2015-02-23,17:10:00,13.68,13.68,13.68,13.68,1895,0
2015-02-23,17:15:00,13.68,13.7,13.67,13.68,15298,0
2015-02-23,17:20:00,13.68,13.69,13.68,13.69,700,0
2015-02-23,17:25:00,13.69,13.71,13.69,13.71,2600,0
2015-02-23,17:30:00,13.71,13.71,13.71,13.71,2000,0
2015-02-23,17:35:00,13.71,13.71,13.7,13.71,1500,0
2015-02-23,17:40:00,13.71,13.71,13.71,13.71,1100,0
2015-02-23,17:45:00,13.71,13.72,13.71,13.72,1300,0
2015-02-23,17:50:00,13.72,13.75,13.72,13.75,1100,0
2015-02-23,17:55:00,13.75,13.75,13.75,13.75,800,0
2015-02-23,18:00:00,13.75,13.82,13.75,13.82,9700,0
2015-02-23,18:05:00,13.82,13.84,13.77,13.77,10102,0
2015-02-23,18:10:00,13.76,13.78,13.76,13.77,1300,0
2015-02-23,18:15:00,13.78,13.79,13.78,13.79,5300,0
2015-02-23,18:20:00,13.78,13.79,13.78,13.79,2200,0
2015-02-23,18:25:00,13.79,13.8,13.79,13.8,2900,0
2015-02-23,18:30:00,13.8,13.8,13.79,13.8,1100,0
2015-02-23,18:35:00,13.8,13.8,13.8,13.8,500,0
2015-02-23,18:40:00,13.8,13.8,13.8,13.8,1000,0
2015-02-23,18:45:00,13.8,13.8,13.8,13.8,700,0
2015-02-23,18:50:00,13.8,13.8,13.79,13.79,1600,0
2015-02-23,18:55:00,13.8,13.8,13.8,13.8,610,0
2015-02-23,19:00:00,13.8,13.8,13.8,13.8,600,0
2015-02-23,19:05:00,13.8,13.8,13.8,13.8,500,0
2015-02-23,19:10:00,13.8,13.8,13.79,13.79,1436,0
2015-02-23,19:15:00,13.8,13.8,13.79,13.8,1100,0
2015-02-23,19:20:00,13.8,13.8,13.78,13.78,5498,0
2015-02-23,19:25:00,13.77,13.77,13.75,13.75,2100,0
2015-02-23,19:30:00,13.75,13.76,13.75,13.75,9920,0
2015-02-23,19:35:00,13.76,13.76,13.75,13.75,2300,0
2015-02-23,19:40:00,13.76,13.76,13.73,13.73,6400,0
2015-02-23,19:45:00,13.74,13.74,13.73,13.74,1200,0
2015-02-23,19:50:00,13.74,13.74,13.71,13.71,6200,0
2015-02-23,19:55:00,13.7,13.7,13.69,13.69,4100,0
2015-02-23,20:00:00,13.7,13.7,13.69,13.69,4200,0
2015-02-23,20:05:00,13.69,13.69,13.69,13.69,400,0
2015-02-23,20:10:00,13.69,13.69,13.65,13.66,14800,0
2015-02-23,20:15:00,13.66,13.67,13.66,13.66,1900,0
2015-02-23,20:20:00,13.66,13.67,13.66,13.66,4200,0
2015-02-23,20:25:00,13.66,13.67,13.65,13.66,11330,0
2015-02-23,20:30:00,13.66,13.66,13.66,13.66,1200,0
2015-02-23,20:35:00,13.66,13.66,13.64,13.64,9076,0
2015-02-23,20:40:00,13.65,13.66,13.64,13.66,8651,0
2015-02-23,20:45:00,13.66,13.66,13.65,13.65,6467,0
2015-02-23,20:50:00,13.65,13.66,13.65,13.65,5676,0
2015-02-23,20:55:00,13.66,13.66,13.65,13.66,1200,0
2015-02-23,21:00:00,13.66,13.66,13.64,13.64,10900,0
2015-02-23,21:05:00,13.64,13.65,13.64,13.64,800,0
2015-02-23,21:10:00,13.65,13.65,13.63,13.63,8788,0
2015-02-23,21:15:00,13.64,13.64,13.63,13.63,2000,0
2015-02-23,21:20:00,13.63,13.64,13.63,13.63,9942,0
2015-02-23,21:25:00,13.63,13.64,13.63,13.64,4000,0
2015-02-23,21:30:00,13.64,13.64,13.63,13.64,7200,0
2015-02-23,21:35:00,13.64,13.64,13.62,13.62,23844,0
2015-02-23,21:40:00,13.62,13.63,13.62,13.62,14835,0
2015-02-23,21:45:00,13.63,13.63,13.62,13.63,6822,0
2015-02-23,21:50:00,13.63,13.63,13.62,13.63,15023,0
2015-02-23,21:55:00,13.63,13.63,13.62,13.62,28968,0
2015-02-23,22:00:00,13.63,13.63,13.61,13.61,186587,0
