Date,Time,Open,High,Low,Close,Volume,OpenInt
2015-02-03,16:40:00,1.05,1.05,1.04,1.05,6970,0
2015-02-03,16:45:00,1.04,1.05,1.04,1.04,6916,0
2015-02-03,16:50:00,1.04,1.05,1.04,1.05,21106,0
2015-02-03,16:55:00,1.04,1.05,1.03,1.03,65856,0
2015-02-03,17:00:00,1.04,1.04,1.03,1.04,12000,0
2015-02-03,17:05:00,1.04,1.04,1.02,1.02,32634,0
2015-02-03,17:10:00,1.03,1.03,1.01,1.01,28306,0
2015-02-03,17:15:00,1.02,1.03,1.01,1.03,57358,0
2015-02-03,17:20:00,1.03,1.03,1.02,1.03,25900,0
2015-02-03,17:25:00,1.04,1.04,1.04,1.04,2800,0
2015-02-03,17:30:00,1.03,1.04,1.03,1.04,3300,0
2015-02-03,17:35:00,1.04,1.04,1.03,1.03,1650,0
2015-02-03,17:40:00,1.04,1.04,1.03,1.03,14510,0
2015-02-03,17:45:00,1.02,1.03,1.02,1.03,23100,0
2015-02-03,17:50:00,1.03,1.03,1.03,1.03,1900,0
2015-02-03,17:55:00,1.03,1.03,1.02,1.03,3000,0
2015-02-03,18:00:00,1.03,1.03,1.02,1.03,12400,0
2015-02-03,18:05:00,1.02,1.03,1.02,1.03,3550,0
2015-02-03,18:10:00,1.02,1.03,1.02,1.03,3400,0
2015-02-03,18:15:00,1.03,1.03,1.03,1.03,10400,0
2015-02-03,18:20:00,1.03,1.03,1.02,1.02,4300,0
2015-02-03,18:25:00,1.03,1.03,1.02,1.03,51387,0
2015-02-03,18:30:00,1.04,1.05,1.03,1.04,45224,0
2015-02-03,18:35:00,1.03,1.04,1.03,1.04,10889,0
2015-02-03,18:40:00,1.03,1.04,1.03,1.03,5625,0
2015-02-03,18:45:00,1.03,1.04,1.03,1.03,3849,0
2015-02-03,18:50:00,1.04,1.05,1.04,1.05,16790,0
2015-02-03,18:55:00,1.04,1.06,1.04,1.05,83686,0
2015-02-03,19:00:00,1.06,1.06,1.05,1.06,36768,0
2015-02-03,19:05:00,1.05,1.05,1.04,1.05,32470,0
2015-02-03,19:10:00,1.04,1.05,1.04,1.05,19603,0
2015-02-03,19:15:00,1.04,1.05,1.04,1.05,56254,0
2015-02-03,19:20:00,1.05,1.06,1.05,1.05,88284,0
2015-02-03,19:25:00,1.04,1.05,1.04,1.05,10500,0
2015-02-03,19:30:00,1.05,1.06,1.04,1.06,25563,0
2015-02-03,19:35:00,1.06,1.06,1.04,1.04,76701,0
2015-02-03,19:40:00,1.05,1.06,1.05,1.06,32288,0
2015-02-03,19:45:00,1.05,1.07,1.05,1.06,138287,0
2015-02-03,19:50:00,1.07,1.07,1.05,1.05,21090,0
2015-02-03,19:55:00,1.05,1.06,1.05,1.05,57963,0
2015-02-03,20:00:00,1.04,1.05,1.04,1.05,30577,0
2015-02-03,20:05:00,1.04,1.05,1.04,1.05,20061,0
2015-02-03,20:10:00,1.06,1.06,1.05,1.05,10708,0
2015-02-03,20:15:00,1.05,1.05,1.04,1.05,15900,0
2015-02-03,20:20:00,1.04,1.05,1.04,1.04,29454,0
2015-02-03,20:25:00,1.03,1.04,1.03,1.03,1300,0
2015-02-03,20:30:00,1.03,1.04,1.03,1.03,9350,0
2015-02-03,20:35:00,1.03,1.04,1.03,1.03,42583,0
2015-02-03,20:40:00,1.04,1.04,1.03,1.04,3100,0
2015-02-03,20:45:00,1.04,1.05,1.04,1.05,51297,0
2015-02-03,20:50:00,1.05,1.05,1.05,1.05,6400,0
2015-02-03,20:55:00,1.05,1.05,1.03,1.05,22920,0
2015-02-03,21:00:00,1.05,1.05,1.04,1.05,1300,0
2015-02-03,21:05:00,1.05,1.05,1.04,1.05,2693,0
2015-02-03,21:10:00,1.05,1.05,1.04,1.05,5325,0
2015-02-03,21:15:00,1.04,1.05,1.04,1.05,2200,0
2015-02-03,21:20:00,1.05,1.05,1.04,1.04,21700,0
2015-02-03,21:25:00,1.05,1.05,1.04,1.05,7200,0
2015-02-03,21:30:00,1.04,1.05,1.04,1.05,14687,0
2015-02-03,21:35:00,1.04,1.05,1.04,1.04,20711,0
2015-02-03,21:40:00,1.05,1.05,1.04,1.04,29406,0
2015-02-03,21:45:00,1.04,1.05,1.04,1.05,39825,0
2015-02-03,21:50:00,1.05,1.05,1.04,1.04,30038,0
2015-02-03,21:55:00,1.04,1.05,1.03,1.04,77462,0
2015-02-03,22:00:00,1.03,1.04,1.03,1.03,178199,0
2015-02-04,15:35:00,1.04,1.05,1.03,1.03,33790,0
2015-02-04,15:40:00,1.04,1.04,1.04,1.04,25111,0
2015-02-04,15:45:00,1.04,1.08,1.04,1.08,11955,0
2015-02-04,15:50:00,1.08,1.08,1.06,1.06,26724,0
2015-02-04,15:55:00,1.06,1.07,1.06,1.07,11600,0
2015-02-04,16:00:00,1.07,1.09,1.07,1.07,70438,0
2015-02-04,16:05:00,1.08,1.09,1.07,1.08,131885,0
2015-02-04,16:10:00,1.09,1.13,1.08,1.11,164102,0
2015-02-04,16:15:00,1.1,1.1,1.08,1.09,53810,0
2015-02-04,16:20:00,1.09,1.09,1.08,1.08,18463,0
2015-02-04,16:25:00,1.09,1.09,1.08,1.08,24054,0
2015-02-04,16:30:00,1.09,1.09,1.07,1.08,24086,0
2015-02-04,16:35:00,1.08,1.09,1.06,1.08,84225,0
2015-02-04,16:40:00,1.09,1.09,1.08,1.08,10800,0
2015-02-04,16:45:00,1.09,1.09,1.08,1.08,13400,0
2015-02-04,16:50:00,1.08,1.09,1.08,1.08,14859,0
2015-02-04,16:55:00,1.08,1.09,1.08,1.09,20300,0
2015-02-04,17:00:00,1.08,1.09,1.07,1.07,46802,0
2015-02-04,17:05:00,1.07,1.07,1.06,1.06,53889,0
2015-02-04,17:10:00,1.06,1.07,1.05,1.05,36824,0
2015-02-04,17:15:00,1.05,1.06,1.05,1.05,21000,0
2015-02-04,17:20:00,1.05,1.06,1.05,1.06,4802,0
2015-02-04,17:25:00,1.06,1.09,1.05,1.08,60377,0
2015-02-04,17:30:00,1.07,1.08,1.07,1.07,6851,0
2015-02-04,17:35:00,1.07,1.08,1.07,1.07,13600,0
2015-02-04,17:40:00,1.06,1.07,1.06,1.06,2900,0
2015-02-04,17:45:00,1.06,1.07,1.06,1.07,3498,0
2015-02-04,17:50:00,1.06,1.07,1.06,1.06,5400,0
2015-02-04,17:55:00,1.06,1.06,1.06,1.06,16160,0
2015-02-04,18:00:00,1.05,1.06,1.05,1.05,16500,0
2015-02-04,18:05:00,1.05,1.06,1.05,1.05,22400,0
2015-02-04,18:10:00,1.05,1.06,1.05,1.06,2800,0
2015-02-04,18:15:00,1.05,1.06,1.05,1.05,14600,0
2015-02-04,18:20:00,1.05,1.06,1.05,1.06,13370,0
2015-02-04,18:25:00,1.07,1.07,1.06,1.06,8691,0
2015-02-04,18:30:00,1.06,1.06,1.06,1.06,48073,0
2015-02-04,18:35:00,1.05,1.05,1.05,1.05,28965,0
2015-02-04,18:40:00,1.04,1.05,1.04,1.04,36300,0
2015-02-04,18:45:00,1.04,1.05,1.04,1.05,15100,0
2015-02-04,18:50:00,1.05,1.06,1.04,1.06,35018,0
2015-02-04,18:55:00,1.06,1.06,1.05,1.06,12200,0
2015-02-04,19:00:00,1.05,1.05,1.05,1.05,3600,0
2015-02-04,19:05:00,1.06,1.06,1.05,1.05,3500,0
2015-02-04,19:10:00,1.05,1.06,1.05,1.06,30418,0
2015-02-04,19:15:00,1.05,1.05,1.04,1.05,41870,0
2015-02-04,19:20:00,1.05,1.05,1.04,1.05,60938,0
2015-02-04,19:25:00,1.04,1.05,1.04,1.04,8156,0
2015-02-04,19:30:00,1.04,1.05,1.04,1.05,20457,0
2015-02-04,19:35:00,1.05,1.05,1.05,1.05,8700,0
2015-02-04,19:40:00,1.04,1.06,1.04,1.05,18800,0
2015-02-04,19:45:00,1.05,1.07,1.05,1.07,42100,0
2015-02-04,19:50:00,1.07,1.07,1.06,1.07,16253,0
2015-02-04,19:55:00,1.07,1.07,1.05,1.05,38951,0
2015-02-04,20:00:00,1.05,1.06,1.05,1.05,11400,0
2015-02-04,20:05:00,1.05,1.05,1.05,1.05,1700,0
2015-02-04,20:10:00,1.05,1.06,1.05,1.05,14225,0
2015-02-04,20:15:00,1.06,1.06,1.04,1.05,8970,0
2015-02-04,20:20:00,1.04,1.05,1.04,1.05,1700,0
2015-02-04,20:25:00,1.04,1.05,1.04,1.05,6878,0
2015-02-04,20:30:00,1.04,1.05,1.03,1.04,55581,0
2015-02-04,20:35:00,1.03,1.03,1.02,1.02,49437,0
2015-02-04,20:40:00,1.02,1.05,1.02,1.04,41632,0
2015-02-04,20:45:00,1.04,1.05,1.04,1.04,4900,0
2015-02-04,20:50:00,1.05,1.05,1.03,1.04,30756,0
2015-02-04,20:55:00,1.03,1.04,1.03,1.03,6300,0
2015-02-04,21:00:00,1.03,1.04,1.03,1.04,30664,0
2015-02-04,21:05:00,1.03,1.04,1.03,1.03,15836,0
2015-02-04,21:10:00,1.03,1.04,1.03,1.03,8200,0
2015-02-04,21:15:00,1.04,1.04,1.03,1.04,24853,0
2015-02-04,21:20:00,1.04,1.05,1.04,1.05,9625,0
2015-02-04,21:25:00,1.04,1.05,1.04,1.05,11000,0
2015-02-04,21:30:00,1.04,1.05,1.04,1.04,21233,0
2015-02-04,21:35:00,1.03,1.04,1.02,1.02,46330,0
2015-02-04,21:40:00,1.02,1.02,1.0,1.01,297961,0
2015-02-04,21:45:00,1.01,1.02,1.0,1.0,49253,0
2015-02-04,21:50:00,1.01,1.02,1.0,1.02,88569,0
2015-02-04,21:55:00,1.02,1.02,1.0,1.0,74107,0
2015-02-04,22:00:00,1.01,1.02,1.0,1.02,183439,0
2015-02-05,15:35:00,1.05,1.05,1.02,1.04,9317,0
2015-02-05,15:40:00,1.03,1.06,1.03,1.06,38204,0
2015-02-05,15:45:00,1.07,1.07,1.05,1.06,14670,0
2015-02-05,15:50:00,1.07,1.08,1.07,1.07,34827,0
2015-02-05,15:55:00,1.08,1.09,1.06,1.08,28900,0
2015-02-05,16:00:00,1.09,1.1,1.07,1.07,58567,0
2015-02-05,16:05:00,1.07,1.09,1.07,1.09,10830,0
2015-02-05,16:10:00,1.09,1.11,1.09,1.11,43071,0
2015-02-05,16:15:00,1.11,1.12,1.1,1.12,281821,0
2015-02-05,16:20:00,1.11,1.12,1.09,1.11,178894,0
2015-02-05,16:25:00,1.11,1.11,1.09,1.1,32800,0
2015-02-05,16:30:00,1.11,1.11,1.1,1.1,45198,0
2015-02-05,16:35:00,1.1,1.11,1.1,1.11,25349,0
2015-02-05,16:40:00,1.1,1.11,1.1,1.1,24504,0
2015-02-05,16:45:00,1.11,1.11,1.1,1.11,18010,0
2015-02-05,16:50:00,1.11,1.11,1.1,1.11,8258,0
2015-02-05,16:55:00,1.1,1.11,1.1,1.11,1600,0
2015-02-05,17:00:00,1.11,1.11,1.1,1.1,68923,0
2015-02-05,17:05:00,1.11,1.11,1.1,1.1,34700,0
2015-02-05,17:10:00,1.1,1.11,1.1,1.1,43285,0
2015-02-05,17:15:00,1.1,1.11,1.1,1.1,14438,0
2015-02-05,17:20:00,1.11,1.11,1.1,1.11,14400,0
2015-02-05,17:25:00,1.1,1.1,1.09,1.1,32714,0
2015-02-05,17:30:00,1.1,1.1,1.09,1.1,24586,0
2015-02-05,17:35:00,1.09,1.1,1.09,1.09,4321,0
2015-02-05,17:40:00,1.09,1.1,1.07,1.07,130249,0
2015-02-05,17:45:00,1.08,1.08,1.07,1.08,12617,0
2015-02-05,17:50:00,1.08,1.09,1.07,1.08,23793,0
2015-02-05,17:55:00,1.07,1.08,1.07,1.07,10200,0
2015-02-05,18:00:00,1.08,1.08,1.07,1.08,21320,0
2015-02-05,18:05:00,1.08,1.08,1.07,1.08,1570,0
2015-02-05,18:10:00,1.08,1.08,1.07,1.08,5800,0
2015-02-05,18:15:00,1.08,1.09,1.08,1.09,13405,0
2015-02-05,18:20:00,1.09,1.09,1.08,1.08,4800,0
2015-02-05,18:25:00,1.09,1.09,1.08,1.08,19568,0
2015-02-05,18:30:00,1.07,1.08,1.07,1.07,12300,0
2015-02-05,18:35:00,1.08,1.08,1.08,1.08,2000,0
2015-02-05,18:40:00,1.08,1.08,1.07,1.08,47373,0
2015-02-05,18:45:00,1.08,1.08,1.07,1.07,1910,0
2015-02-05,18:50:00,1.08,1.08,1.07,1.07,9400,0
2015-02-05,18:55:00,1.08,1.08,1.08,1.08,4700,0
2015-02-05,19:00:00,1.08,1.08,1.08,1.08,4200,0
2015-02-05,19:05:00,1.08,1.08,1.08,1.08,11788,0
2015-02-05,19:10:00,1.08,1.08,1.07,1.07,2100,0
2015-02-05,19:15:00,1.08,1.08,1.07,1.07,14100,0
2015-02-05,19:20:00,1.08,1.08,1.07,1.08,40757,0
2015-02-05,19:25:00,1.08,1.08,1.06,1.07,35030,0
2015-02-05,19:30:00,1.07,1.08,1.07,1.08,27660,0
2015-02-05,19:35:00,1.08,1.08,1.08,1.08,2200,0
2015-02-05,19:40:00,1.08,1.08,1.08,1.08,100,0
2015-02-05,19:45:00,1.08,1.08,1.07,1.07,14168,0
2015-02-05,19:50:00,1.08,1.08,1.08,1.08,3638,0
2015-02-05,19:55:00,1.08,1.08,1.08,1.08,3000,0
2015-02-05,20:00:00,1.08,1.08,1.07,1.08,9387,0
2015-02-05,20:05:00,1.08,1.08,1.07,1.07,6075,0
2015-02-05,20:10:00,1.07,1.08,1.07,1.08,93631,0
2015-02-05,20:15:00,1.08,1.1,1.08,1.1,4915,0
2015-02-05,20:20:00,1.09,1.1,1.08,1.09,29373,0
2015-02-05,20:25:00,1.09,1.09,1.08,1.08,30186,0
2015-02-05,20:30:00,1.09,1.1,1.08,1.1,61946,0
2015-02-05,20:35:00,1.11,1.11,1.09,1.1,62788,0
2015-02-05,20:40:00,1.1,1.11,1.09,1.1,15682,0
2015-02-05,20:45:00,1.11,1.11,1.1,1.1,12774,0
2015-02-05,20:50:00,1.09,1.1,1.08,1.09,54838,0
2015-02-05,20:55:00,1.1,1.1,1.09,1.1,62224,0
2015-02-05,21:00:00,1.1,1.1,1.1,1.1,6300,0
2015-02-05,21:05:00,1.1,1.1,1.09,1.1,6450,0
2015-02-05,21:10:00,1.09,1.1,1.09,1.1,7200,0
2015-02-05,21:15:00,1.09,1.1,1.09,1.1,12600,0
2015-02-05,21:20:00,1.1,1.1,1.09,1.1,52044,0
2015-02-05,21:25:00,1.1,1.1,1.09,1.1,4100,0
2015-02-05,21:30:00,1.09,1.1,1.09,1.09,16556,0
2015-02-05,21:35:00,1.09,1.1,1.08,1.08,52222,0
2015-02-05,21:40:00,1.08,1.09,1.07,1.08,86002,0
2015-02-05,21:45:00,1.08,1.09,1.06,1.06,93717,0
2015-02-05,21:50:00,1.06,1.07,1.06,1.07,26545,0
2015-02-05,21:55:00,1.07,1.07,1.06,1.06,51069,0
2015-02-05,22:00:00,1.07,1.08,1.06,1.08,238098,0
2015-02-06,15:35:00,1.11,1.11,1.08,1.08,111489,0
2015-02-06,15:40:00,1.08,1.1,1.08,1.1,27137,0
2015-02-06,15:45:00,1.1,1.1,1.09,1.09,4425,0
2015-02-06,15:50:00,1.09,1.1,1.09,1.09,20512,0
2015-02-06,15:55:00,1.1,1.1,1.08,1.09,41271,0
2015-02-06,16:00:00,1.09,1.09,1.09,1.09,7000,0
2015-02-06,16:05:00,1.08,1.09,1.08,1.08,23701,0
2015-02-06,16:10:00,1.08,1.09,1.05,1.06,170979,0
2015-02-06,16:15:00,1.07,1.07,1.06,1.06,13449,0
2015-02-06,16:20:00,1.07,1.07,1.06,1.06,4526,0
2015-02-06,16:25:00,1.06,1.07,1.06,1.07,33610,0
2015-02-06,16:30:00,1.06,1.07,1.06,1.07,14472,0
2015-02-06,16:35:00,1.06,1.07,1.06,1.06,20386,0
2015-02-06,16:40:00,1.07,1.07,1.06,1.06,17450,0
2015-02-06,16:45:00,1.07,1.07,1.07,1.07,13600,0
2015-02-06,16:50:00,1.06,1.07,1.06,1.07,11964,0
2015-02-06,16:55:00,1.06,1.07,1.06,1.07,14050,0
2015-02-06,17:00:00,1.07,1.07,1.06,1.06,6220,0
2015-02-06,17:05:00,1.07,1.07,1.07,1.07,2300,0
2015-02-06,17:10:00,1.07,1.07,1.06,1.07,19677,0
2015-02-06,17:15:00,1.07,1.07,1.07,1.07,8700,0
2015-02-06,17:20:00,1.07,1.07,1.07,1.07,4500,0
2015-02-06,17:25:00,1.07,1.07,1.07,1.07,2400,0
2015-02-06,17:30:00,1.07,1.09,1.06,1.09,33766,0
2015-02-06,17:35:00,1.09,1.09,1.08,1.09,9300,0
2015-02-06,17:40:00,1.09,1.1,1.09,1.1,43065,0
2015-02-06,17:45:00,1.09,1.1,1.08,1.08,29395,0
2015-02-06,17:50:00,1.09,1.09,1.08,1.08,3700,0
2015-02-06,17:55:00,1.08,1.1,1.08,1.1,30200,0
2015-02-06,18:00:00,1.1,1.1,1.09,1.1,9900,0
2015-02-06,18:05:00,1.1,1.1,1.09,1.1,12200,0
2015-02-06,18:10:00,1.1,1.1,1.1,1.1,3200,0
2015-02-06,18:15:00,1.1,1.11,1.1,1.11,113201,0
2015-02-06,18:20:00,1.11,1.11,1.09,1.1,64731,0
2015-02-06,18:25:00,1.1,1.1,1.09,1.1,9900,0
2015-02-06,18:30:00,1.1,1.11,1.1,1.1,21280,0
2015-02-06,18:35:00,1.1,1.11,1.1,1.11,6000,0
2015-02-06,18:40:00,1.11,1.11,1.1,1.11,28201,0
2015-02-06,18:45:00,1.11,1.11,1.1,1.11,1500,0
2015-02-06,18:50:00,1.11,1.11,1.09,1.09,44200,0
2015-02-06,18:55:00,1.1,1.1,1.1,1.1,700,0
2015-02-06,19:00:00,1.1,1.11,1.1,1.1,28417,0
2015-02-06,19:05:00,1.1,1.11,1.1,1.11,14050,0
2015-02-06,19:10:00,1.11,1.11,1.09,1.1,19885,0
2015-02-06,19:15:00,1.09,1.1,1.09,1.1,5800,0
2015-02-06,19:20:00,1.09,1.1,1.09,1.09,20089,0
2015-02-06,19:25:00,1.09,1.1,1.09,1.09,20300,0
2015-02-06,19:30:00,1.09,1.09,1.08,1.08,24825,0
2015-02-06,19:35:00,1.08,1.09,1.08,1.09,6879,0
2015-02-06,19:40:00,1.09,1.09,1.08,1.09,1820,0
2015-02-06,19:45:00,1.09,1.09,1.09,1.09,14682,0
2015-02-06,19:50:00,1.09,1.09,1.08,1.09,6325,0
2015-02-06,19:55:00,1.09,1.09,1.08,1.09,5294,0
2015-02-06,20:00:00,1.08,1.09,1.05,1.06,261658,0
2015-02-06,20:05:00,1.05,1.06,1.05,1.05,15938,0
2015-02-06,20:10:00,1.06,1.06,1.05,1.05,12300,0
2015-02-06,20:15:00,1.05,1.06,1.05,1.05,9670,0
2015-02-06,20:20:00,1.05,1.06,1.05,1.05,6100,0
2015-02-06,20:25:00,1.06,1.06,1.05,1.05,5300,0
2015-02-06,20:30:00,1.05,1.06,1.05,1.05,3500,0
2015-02-06,20:35:00,1.05,1.06,1.05,1.06,16746,0
2015-02-06,20:40:00,1.06,1.06,1.05,1.05,12900,0
2015-02-06,20:45:00,1.05,1.06,1.05,1.05,12800,0
2015-02-06,20:50:00,1.06,1.06,1.05,1.05,7314,0
2015-02-06,20:55:00,1.05,1.06,1.05,1.05,10523,0
2015-02-06,21:00:00,1.05,1.06,1.03,1.03,161172,0
2015-02-06,21:05:00,1.03,1.03,1.02,1.02,43330,0
2015-02-06,21:10:00,1.02,1.03,1.02,1.02,4869,0
2015-02-06,21:15:00,1.02,1.03,1.02,1.02,9300,0
2015-02-06,21:20:00,1.02,1.03,1.02,1.02,7360,0
2015-02-06,21:25:00,1.02,1.03,1.02,1.02,36562,0
2015-02-06,21:30:00,1.03,1.03,1.02,1.03,20821,0
2015-02-06,21:35:00,1.02,1.03,0.99,1.0,464947,0
2015-02-06,21:40:00,1.0,1.02,0.99,1.0,272494,0
2015-02-06,21:45:00,1.0,1.01,1.0,1.01,42246,0
2015-02-06,21:50:00,1.01,1.01,1.0,1.01,10191,0
2015-02-06,21:55:00,1.01,1.01,1.0,1.0,21156,0
2015-02-06,22:00:00,1.01,1.02,1.0,1.02,200959,0
2015-02-09,15:35:00,1.03,1.06,1.03,1.03,9000,0
2015-02-09,15:40:00,1.05,1.05,1.02,1.02,8815,0
2015-02-09,15:45:00,1.02,1.04,1.02,1.04,400,0
2015-02-09,15:50:00,1.04,1.05,1.04,1.05,17280,0
2015-02-09,15:55:00,1.05,1.06,1.05,1.06,4543,0
2015-02-09,16:00:00,1.06,1.07,1.05,1.07,3100,0
2015-02-09,16:05:00,1.07,1.07,1.05,1.06,15145,0
2015-02-09,16:10:00,1.06,1.06,1.04,1.05,12300,0
2015-02-09,16:15:00,1.05,1.05,1.04,1.05,33750,0
2015-02-09,16:20:00,1.05,1.06,1.05,1.06,43505,0
2015-02-09,16:25:00,1.07,1.07,1.06,1.06,16100,0
2015-02-09,16:30:00,1.06,1.07,1.06,1.07,2700,0
2015-02-09,16:35:00,1.06,1.09,1.06,1.09,68729,0
2015-02-09,16:40:00,1.09,1.1,1.08,1.1,67964,0
2015-02-09,16:45:00,1.1,1.1,1.09,1.09,83400,0
2015-02-09,16:50:00,1.09,1.1,1.08,1.08,25120,0
2015-02-09,16:55:00,1.1,1.1,1.09,1.09,34250,0
2015-02-09,17:00:00,1.09,1.1,1.09,1.1,7000,0
2015-02-09,17:05:00,1.09,1.1,1.08,1.08,39062,0
2015-02-09,17:10:00,1.08,1.09,1.08,1.09,6905,0
2015-02-09,17:15:00,1.09,1.09,1.08,1.08,11798,0
2015-02-09,17:20:00,1.08,1.1,1.08,1.09,49700,0
2015-02-09,17:25:00,1.1,1.1,1.09,1.09,34525,0
2015-02-09,17:30:00,1.08,1.09,1.08,1.08,4250,0
2015-02-09,17:35:00,1.09,1.09,1.08,1.08,6040,0
2015-02-09,17:40:00,1.08,1.09,1.08,1.09,11400,0
2015-02-09,17:45:00,1.08,1.09,1.08,1.09,14000,0
2015-02-09,17:50:00,1.08,1.09,1.08,1.09,3311,0
2015-02-09,17:55:00,1.08,1.1,1.08,1.1,39199,0
2015-02-09,18:00:00,1.1,1.1,1.09,1.09,85902,0
2015-02-09,18:05:00,1.09,1.1,1.09,1.1,19220,0
2015-02-09,18:10:00,1.1,1.1,1.09,1.1,24860,0
2015-02-09,18:15:00,1.1,1.1,1.09,1.09,9455,0
2015-02-09,18:20:00,1.1,1.1,1.08,1.09,79474,0
2015-02-09,18:25:00,1.08,1.09,1.08,1.08,5943,0
2015-02-09,18:30:00,1.08,1.09,1.08,1.09,46223,0
2015-02-09,18:35:00,1.1,1.1,1.08,1.09,40279,0
2015-02-09,18:40:00,1.09,1.09,1.08,1.09,2700,0
2015-02-09,18:45:00,1.09,1.09,1.08,1.09,5055,0
2015-02-09,18:50:00,1.08,1.09,1.08,1.08,33076,0
2015-02-09,18:55:00,1.09,1.09,1.08,1.08,4400,0
2015-02-09,19:00:00,1.08,1.09,1.08,1.08,5150,0
2015-02-09,19:05:00,1.08,1.09,1.08,1.08,1600,0
2015-02-09,19:10:00,1.08,1.09,1.08,1.08,4720,0
2015-02-09,19:15:00,1.08,1.09,1.08,1.08,6000,0
2015-02-09,19:20:00,1.09,1.09,1.08,1.09,8229,0
2015-02-09,19:25:00,1.08,1.09,1.08,1.08,10400,0
2015-02-09,19:30:00,1.08,1.09,1.08,1.08,25504,0
2015-02-09,19:35:00,1.07,1.08,1.07,1.08,8450,0
2015-02-09,19:40:00,1.08,1.08,1.07,1.07,29828,0
2015-02-09,19:45:00,1.06,1.07,1.06,1.06,8620,0
2015-02-09,19:50:00,1.07,1.07,1.07,1.07,15986,0
2015-02-09,19:55:00,1.08,1.08,1.07,1.07,30790,0
2015-02-09,20:00:00,1.07,1.08,1.07,1.08,9850,0
2015-02-09,20:05:00,1.08,1.08,1.07,1.08,8950,0
2015-02-09,20:10:00,1.08,1.09,1.07,1.07,57455,0
2015-02-09,20:15:00,1.08,1.08,1.07,1.08,14648,0
2015-02-09,20:20:00,1.07,1.08,1.07,1.08,10600,0
2015-02-09,20:25:00,1.07,1.08,1.06,1.07,23820,0
2015-02-09,20:30:00,1.08,1.08,1.07,1.08,6900,0
2015-02-09,20:35:00,1.08,1.08,1.07,1.08,22202,0
2015-02-09,20:40:00,1.08,1.08,1.07,1.08,14010,0
2015-02-09,20:45:00,1.09,1.09,1.07,1.07,11067,0
2015-02-09,20:50:00,1.08,1.08,1.07,1.07,2685,0
2015-02-09,20:55:00,1.07,1.08,1.07,1.08,6225,0
2015-02-09,21:00:00,1.07,1.08,1.07,1.08,33920,0
2015-02-09,21:05:00,1.08,1.08,1.07,1.08,10800,0
2015-02-09,21:10:00,1.08,1.09,1.08,1.09,9700,0
2015-02-09,21:15:00,1.09,1.09,1.08,1.09,2900,0
2015-02-09,21:20:00,1.09,1.09,1.08,1.08,15900,0
2015-02-09,21:25:00,1.09,1.09,1.08,1.09,20100,0
2015-02-09,21:30:00,1.09,1.09,1.08,1.09,4400,0
2015-02-09,21:35:00,1.09,1.09,1.08,1.08,46520,0
2015-02-09,21:40:00,1.08,1.1,1.08,1.1,53290,0
2015-02-09,21:45:00,1.1,1.1,1.08,1.08,36117,0
2015-02-09,21:50:00,1.09,1.09,1.08,1.09,19953,0
2015-02-09,21:55:00,1.09,1.09,1.08,1.08,36979,0
2015-02-09,22:00:00,1.08,1.09,1.08,1.09,126938,0
2015-02-10,15:35:00,1.11,1.15,1.09,1.12,222285,0
2015-02-10,15:40:00,1.12,1.13,1.09,1.11,69042,0
2015-02-10,15:45:00,1.11,1.13,1.11,1.12,21185,0
2015-02-10,15:50:00,1.12,1.16,1.11,1.14,213522,0
2015-02-10,15:55:00,1.14,1.14,1.13,1.13,28100,0
2015-02-10,16:00:00,1.12,1.13,1.12,1.13,16900,0
2015-02-10,16:05:00,1.13,1.13,1.12,1.13,20584,0
2015-02-10,16:10:00,1.13,1.13,1.1,1.1,38680,0
2015-02-10,16:15:00,1.11,1.12,1.1,1.12,38100,0
2015-02-10,16:20:00,1.12,1.12,1.1,1.11,19228,0
2015-02-10,16:25:00,1.11,1.11,1.1,1.1,8536,0
2015-02-10,16:30:00,1.1,1.1,1.09,1.1,27780,0
2015-02-10,16:35:00,1.09,1.1,1.09,1.1,2000,0
2015-02-10,16:40:00,1.1,1.1,1.1,1.1,4000,0
2015-02-10,16:45:00,1.1,1.1,1.1,1.1,1500,0
2015-02-10,16:50:00,1.1,1.1,1.1,1.1,300,0
2015-02-10,16:55:00,1.1,1.1,1.08,1.08,47550,0
2015-02-10,17:00:00,1.07,1.08,1.07,1.07,5898,0
2015-02-10,17:05:00,1.07,1.08,1.07,1.07,9623,0
2015-02-10,17:10:00,1.08,1.11,1.08,1.1,84434,0
2015-02-10,17:15:00,1.1,1.1,1.09,1.1,700,0
2015-02-10,17:20:00,1.1,1.1,1.09,1.1,12500,0
2015-02-10,17:25:00,1.09,1.1,1.09,1.1,3011,0
2015-02-10,17:30:00,1.09,1.09,1.08,1.08,31011,0
2015-02-10,17:35:00,1.09,1.09,1.09,1.09,1300,0
2015-02-10,17:40:00,1.08,1.09,1.08,1.09,490,0
2015-02-10,17:45:00,1.09,1.09,1.08,1.08,500,0
2015-02-10,17:50:00,1.09,1.09,1.09,1.09,400,0
2015-02-10,17:55:00,1.09,1.09,1.09,1.09,700,0
2015-02-10,18:00:00,1.09,1.09,1.08,1.08,1398,0
2015-02-10,18:05:00,1.09,1.09,1.09,1.09,1700,0
2015-02-10,18:10:00,1.09,1.09,1.08,1.08,17250,0
2015-02-10,18:15:00,1.09,1.09,1.08,1.08,3100,0
2015-02-10,18:20:00,1.09,1.09,1.09,1.09,400,0
2015-02-10,18:25:00,1.09,1.09,1.08,1.08,64175,0
2015-02-10,18:30:00,1.09,1.09,1.08,1.08,18300,0
2015-02-10,18:35:00,1.08,1.09,1.08,1.08,3740,0
2015-02-10,18:40:00,1.09,1.09,1.08,1.09,14600,0
2015-02-10,18:45:00,1.09,1.09,1.09,1.09,3165,0
2015-02-10,18:50:00,1.09,1.09,1.08,1.09,69112,0
2015-02-10,18:55:00,1.09,1.09,1.09,1.09,700,0
2015-02-10,19:00:00,1.09,1.1,1.08,1.1,62700,0
2015-02-10,19:05:00,1.09,1.1,1.09,1.09,15517,0
2015-02-10,19:10:00,1.1,1.1,1.08,1.08,57381,0
2015-02-10,19:20:00,1.09,1.09,1.09,1.09,2500,0
2015-02-10,19:25:00,1.09,1.09,1.08,1.08,24420,0
2015-02-10,19:35:00,1.09,1.09,1.08,1.08,2500,0
2015-02-10,19:40:00,1.09,1.09,1.09,1.09,200,0
2015-02-10,19:45:00,1.08,1.09,1.08,1.09,200,0
2015-02-10,19:50:00,1.09,1.09,1.08,1.09,28429,0
2015-02-10,19:55:00,1.09,1.09,1.08,1.08,14300,0
2015-02-10,20:00:00,1.09,1.09,1.09,1.09,3200,0
2015-02-10,20:05:00,1.09,1.09,1.09,1.09,1147,0
2015-02-10,20:10:00,1.09,1.09,1.09,1.09,300,0
2015-02-10,20:15:00,1.09,1.09,1.07,1.07,48635,0
2015-02-10,20:20:00,1.07,1.07,1.03,1.06,223817,0
2015-02-10,20:25:00,1.06,1.06,1.03,1.06,111898,0
2015-02-10,20:30:00,1.05,1.06,1.05,1.06,9700,0
2015-02-10,20:35:00,1.06,1.07,1.05,1.06,67156,0
2015-02-10,20:40:00,1.06,1.07,1.06,1.06,61892,0
2015-02-10,20:45:00,1.07,1.08,1.07,1.08,5525,0
2015-02-10,20:50:00,1.08,1.08,1.08,1.08,17300,0
2015-02-10,20:55:00,1.07,1.08,1.07,1.08,1100,0
2015-02-10,21:00:00,1.08,1.08,1.08,1.08,2900,0
2015-02-10,21:05:00,1.08,1.08,1.07,1.07,1327,0
2015-02-10,21:10:00,1.08,1.08,1.07,1.08,4150,0
2015-02-10,21:15:00,1.08,1.08,1.07,1.08,1336,0
2015-02-10,21:20:00,1.08,1.08,1.08,1.08,300,0
2015-02-10,21:25:00,1.08,1.08,1.08,1.08,21309,0
2015-02-10,21:30:00,1.09,1.1,1.08,1.09,127600,0
2015-02-10,21:35:00,1.1,1.11,1.09,1.09,202415,0
2015-02-10,21:40:00,1.09,1.11,1.09,1.11,79811,0
2015-02-10,21:45:00,1.11,1.11,1.1,1.11,11800,0
2015-02-10,21:50:00,1.11,1.11,1.1,1.11,54644,0
2015-02-10,21:55:00,1.11,1.12,1.1,1.12,169051,0
2015-02-10,22:00:00,1.12,1.12,1.09,1.1,187009,0
2015-02-11,15:35:00,1.12,1.12,1.09,1.1,63847,0
2015-02-11,15:40:00,1.1,1.1,1.1,1.1,3300,0
2015-02-11,15:45:00,1.09,1.1,1.06,1.09,68351,0
2015-02-11,15:50:00,1.1,1.1,1.09,1.09,14855,0
2015-02-11,15:55:00,1.08,1.09,1.08,1.08,20250,0
2015-02-11,16:00:00,1.08,1.09,1.08,1.08,28329,0
2015-02-11,16:05:00,1.08,1.09,1.07,1.09,47035,0
2015-02-11,16:10:00,1.08,1.08,1.07,1.07,102114,0
2015-02-11,16:15:00,1.07,1.08,1.06,1.07,19750,0
2015-02-11,16:20:00,1.07,1.07,1.06,1.06,10936,0
2015-02-11,16:25:00,1.06,1.06,1.05,1.06,68850,0
2015-02-11,16:30:00,1.05,1.05,1.05,1.05,1600,0
2015-02-11,16:35:00,1.05,1.06,1.05,1.06,19300,0
2015-02-11,16:40:00,1.06,1.06,1.05,1.06,37200,0
2015-02-11,16:45:00,1.06,1.07,1.06,1.07,55300,0
2015-02-11,16:50:00,1.07,1.07,1.06,1.06,13300,0
2015-02-11,16:55:00,1.06,1.07,1.06,1.07,7000,0
2015-02-11,17:00:00,1.06,1.07,1.06,1.06,23000,0
2015-02-11,17:05:00,1.06,1.07,1.06,1.07,3300,0
2015-02-11,17:10:00,1.06,1.07,1.06,1.06,33000,0
2015-02-11,17:15:00,1.06,1.07,1.06,1.06,60800,0
2015-02-11,17:20:00,1.06,1.07,1.06,1.06,35978,0
2015-02-11,17:25:00,1.06,1.07,1.06,1.06,4700,0
2015-02-11,17:30:00,1.06,1.07,1.06,1.06,4879,0
2015-02-11,17:35:00,1.06,1.07,1.06,1.06,3600,0
2015-02-11,17:40:00,1.06,1.07,1.06,1.06,2844,0
2015-02-11,17:45:00,1.06,1.06,1.05,1.05,41877,0
2015-02-11,17:50:00,1.05,1.06,1.05,1.05,17155,0
2015-02-11,17:55:00,1.05,1.06,1.05,1.06,11900,0
2015-02-11,18:00:00,1.05,1.06,1.05,1.05,13200,0
2015-02-11,18:05:00,1.06,1.06,1.05,1.05,51700,0
2015-02-11,18:10:00,1.05,1.06,1.05,1.06,12702,0
2015-02-11,18:15:00,1.05,1.07,1.05,1.07,53180,0
2015-02-11,18:20:00,1.08,1.08,1.07,1.07,2450,0
2015-02-11,18:25:00,1.08,1.08,1.07,1.08,7100,0
2015-02-11,18:30:00,1.09,1.09,1.08,1.08,30500,0
2015-02-11,18:35:00,1.09,1.09,1.08,1.08,15500,0
2015-02-11,18:40:00,1.08,1.08,1.08,1.08,2000,0
2015-02-11,18:45:00,1.08,1.09,1.07,1.09,32946,0
2015-02-11,18:50:00,1.09,1.09,1.09,1.09,2400,0
2015-02-11,18:55:00,1.08,1.09,1.07,1.07,42569,0
2015-02-11,19:00:00,1.07,1.08,1.07,1.07,14300,0
2015-02-11,19:05:00,1.07,1.08,1.07,1.07,2000,0
2015-02-11,19:10:00,1.07,1.08,1.07,1.07,3115,0
2015-02-11,19:15:00,1.07,1.08,1.06,1.06,13550,0
2015-02-11,19:20:00,1.06,1.08,1.06,1.08,21392,0
2015-02-11,19:25:00,1.08,1.08,1.07,1.07,17200,0
2015-02-11,19:30:00,1.07,1.07,1.07,1.07,1900,0
2015-02-11,19:35:00,1.07,1.07,1.06,1.06,37300,0
2015-02-11,19:40:00,1.06,1.07,1.06,1.07,8400,0
2015-02-11,19:45:00,1.06,1.07,1.05,1.05,27402,0
2015-02-11,19:50:00,1.05,1.07,1.05,1.07,20100,0
2015-02-11,19:55:00,1.06,1.06,1.06,1.06,4900,0
2015-02-11,20:00:00,1.06,1.08,1.06,1.08,20600,0
2015-02-11,20:05:00,1.08,1.08,1.07,1.07,11699,0
2015-02-11,20:10:00,1.07,1.07,1.06,1.07,1400,0
2015-02-11,20:15:00,1.06,1.07,1.06,1.06,4815,0
2015-02-11,20:20:00,1.06,1.06,1.06,1.06,6750,0
2015-02-11,20:25:00,1.06,1.06,1.06,1.06,2300,0
2015-02-11,20:30:00,1.06,1.07,1.06,1.06,9100,0
2015-02-11,20:35:00,1.06,1.07,1.06,1.06,2900,0
2015-02-11,20:40:00,1.06,1.07,1.06,1.06,4700,0
2015-02-11,20:45:00,1.06,1.07,1.06,1.06,12500,0
2015-02-11,20:50:00,1.06,1.07,1.06,1.06,6335,0
2015-02-11,20:55:00,1.07,1.07,1.06,1.06,11300,0
2015-02-11,21:00:00,1.06,1.07,1.06,1.06,14307,0
2015-02-11,21:05:00,1.06,1.07,1.06,1.06,18068,0
2015-02-11,21:10:00,1.07,1.07,1.06,1.06,3300,0
2015-02-11,21:15:00,1.06,1.07,1.06,1.06,3100,0
2015-02-11,21:20:00,1.07,1.07,1.06,1.06,4920,0
2015-02-11,21:25:00,1.07,1.08,1.06,1.07,60393,0
2015-02-11,21:30:00,1.08,1.08,1.07,1.07,4800,0
2015-02-11,21:35:00,1.07,1.08,1.07,1.07,4400,0
2015-02-11,21:40:00,1.08,1.08,1.07,1.07,18448,0
2015-02-11,21:45:00,1.08,1.08,1.07,1.07,13791,0
2015-02-11,21:50:00,1.08,1.08,1.07,1.07,23950,0
2015-02-11,21:55:00,1.07,1.08,1.07,1.07,23050,0
2015-02-11,22:00:00,1.08,1.08,1.06,1.06,110688,0
2015-02-12,15:35:00,1.11,1.13,1.11,1.12,20800,0
2015-02-12,15:40:00,1.12,1.12,1.11,1.12,23666,0
2015-02-12,15:45:00,1.11,1.12,1.08,1.1,82461,0
2015-02-12,15:50:00,1.1,1.11,1.1,1.1,12175,0
2015-02-12,15:55:00,1.1,1.11,1.1,1.11,21871,0
2015-02-12,16:00:00,1.11,1.11,1.1,1.11,16200,0
2015-02-12,16:05:00,1.1,1.11,1.1,1.1,49290,0
2015-02-12,16:10:00,1.1,1.1,1.09,1.09,15704,0
2015-02-12,16:15:00,1.1,1.11,1.1,1.11,41200,0
2015-02-12,16:20:00,1.1,1.11,1.09,1.09,53221,0
2015-02-12,16:25:00,1.1,1.1,1.09,1.1,6100,0
2015-02-12,16:30:00,1.09,1.1,1.08,1.09,46195,0
2015-02-12,16:35:00,1.08,1.08,1.07,1.07,61888,0
2015-02-12,16:40:00,1.07,1.09,1.07,1.09,34999,0
2015-02-12,16:45:00,1.09,1.09,1.08,1.09,47800,0
2015-02-12,16:50:00,1.08,1.08,1.08,1.08,3000,0
2015-02-12,16:55:00,1.08,1.09,1.08,1.08,6000,0
2015-02-12,17:00:00,1.09,1.1,1.08,1.09,84041,0
2015-02-12,17:05:00,1.09,1.1,1.08,1.08,13084,0
2015-02-12,17:10:00,1.08,1.09,1.08,1.09,8400,0
2015-02-12,17:15:00,1.08,1.09,1.08,1.09,5000,0
2015-02-12,17:20:00,1.08,1.09,1.08,1.09,2800,0
2015-02-12,17:25:00,1.08,1.09,1.08,1.08,5538,0
2015-02-12,17:30:00,1.09,1.09,1.08,1.08,19100,0
2015-02-12,17:35:00,1.09,1.09,1.08,1.09,3000,0
2015-02-12,17:40:00,1.09,1.09,1.08,1.09,5200,0
2015-02-12,17:45:00,1.09,1.09,1.08,1.08,2100,0
2015-02-12,17:50:00,1.09,1.09,1.08,1.08,7250,0
2015-02-12,17:55:00,1.09,1.09,1.08,1.09,11800,0
2015-02-12,18:00:00,1.08,1.09,1.08,1.09,3236,0
2015-02-12,18:05:00,1.09,1.09,1.07,1.08,60441,0
2015-02-12,18:10:00,1.07,1.08,1.07,1.07,17400,0
2015-02-12,18:15:00,1.08,1.08,1.07,1.07,7578,0
2015-02-12,18:20:00,1.07,1.08,1.06,1.07,91478,0
2015-02-12,18:25:00,1.07,1.07,1.06,1.07,18200,0
2015-02-12,18:30:00,1.06,1.06,1.03,1.04,311744,0
2015-02-12,18:35:00,1.04,1.05,1.03,1.04,59833,0
2015-02-12,18:40:00,1.04,1.04,1.03,1.03,42608,0
2015-02-12,18:45:00,1.03,1.05,1.03,1.05,10400,0
2015-02-12,18:50:00,1.05,1.05,1.04,1.04,39699,0
2015-02-12,18:55:00,1.05,1.05,1.04,1.04,38400,0
2015-02-12,19:00:00,1.04,1.04,1.03,1.03,8255,0
2015-02-12,19:05:00,1.04,1.04,1.03,1.04,25986,0
2015-02-12,19:10:00,1.04,1.05,1.04,1.05,4400,0
2015-02-12,19:15:00,1.05,1.05,1.04,1.04,8900,0
2015-02-12,19:20:00,1.04,1.05,1.04,1.04,4150,0
2015-02-12,19:25:00,1.04,1.05,1.04,1.04,6770,0
2015-02-12,19:30:00,1.04,1.04,1.04,1.04,3600,0
2015-02-12,19:35:00,1.04,1.05,1.04,1.04,2900,0
2015-02-12,19:40:00,1.04,1.05,1.04,1.04,6700,0
2015-02-12,19:45:00,1.04,1.05,1.04,1.04,3350,0
2015-02-12,19:50:00,1.04,1.05,1.04,1.04,1700,0
2015-02-12,19:55:00,1.04,1.05,1.04,1.05,13400,0
2015-02-12,20:00:00,1.05,1.05,1.04,1.04,4400,0
2015-02-12,20:05:00,1.04,1.05,1.04,1.05,58662,0
2015-02-12,20:10:00,1.04,1.05,1.04,1.04,7300,0
2015-02-12,20:15:00,1.04,1.05,1.04,1.05,13663,0
2015-02-12,20:20:00,1.04,1.05,1.04,1.05,13406,0
2015-02-12,20:25:00,1.05,1.05,1.04,1.04,4308,0
2015-02-12,20:30:00,1.04,1.05,1.04,1.04,3700,0
2015-02-12,20:35:00,1.04,1.05,1.04,1.04,6100,0
2015-02-12,20:40:00,1.05,1.05,1.04,1.04,12376,0
2015-02-12,20:45:00,1.04,1.05,1.04,1.05,20312,0
2015-02-12,20:50:00,1.04,1.05,1.04,1.04,4054,0
2015-02-12,20:55:00,1.04,1.05,1.04,1.05,3200,0
2015-02-12,21:00:00,1.04,1.05,1.04,1.04,11303,0
2015-02-12,21:05:00,1.04,1.05,1.04,1.04,158756,0
2015-02-12,21:10:00,1.04,1.05,1.03,1.04,95206,0
2015-02-12,21:15:00,1.03,1.04,1.03,1.04,15936,0
2015-02-12,21:20:00,1.03,1.04,1.03,1.03,12008,0
2015-02-12,21:25:00,1.04,1.04,1.03,1.03,10637,0
2015-02-12,21:30:00,1.03,1.04,1.03,1.03,29458,0
2015-02-12,21:35:00,1.03,1.04,1.03,1.04,8100,0
2015-02-12,21:40:00,1.03,1.04,1.03,1.03,21237,0
2015-02-12,21:45:00,1.04,1.04,1.03,1.03,23825,0
2015-02-12,21:50:00,1.03,1.05,1.03,1.04,97425,0
2015-02-12,21:55:00,1.04,1.05,1.04,1.04,32555,0
2015-02-12,22:00:00,1.04,1.06,1.04,1.04,334905,0
2015-02-13,15:35:00,1.07,1.08,1.06,1.07,53406,0
2015-02-13,15:40:00,1.07,1.09,1.07,1.09,111413,0
2015-02-13,15:45:00,1.09,1.09,1.07,1.07,58772,0
2015-02-13,15:50:00,1.08,1.09,1.08,1.08,85132,0
2015-02-13,15:55:00,1.08,1.08,1.08,1.08,41452,0
2015-02-13,16:00:00,1.08,1.08,1.07,1.08,28500,0
2015-02-13,16:05:00,1.07,1.08,1.07,1.08,26157,0
2015-02-13,16:10:00,1.08,1.08,1.07,1.07,21400,0
2015-02-13,16:15:00,1.07,1.08,1.07,1.08,22990,0
2015-02-13,16:20:00,1.08,1.08,1.07,1.08,28800,0
2015-02-13,16:25:00,1.07,1.08,1.07,1.07,15663,0
2015-02-13,16:30:00,1.07,1.09,1.07,1.08,32238,0
2015-02-13,16:35:00,1.09,1.09,1.08,1.08,18600,0
2015-02-13,16:40:00,1.08,1.09,1.08,1.09,9500,0
2015-02-13,16:45:00,1.09,1.09,1.08,1.09,57100,0
2015-02-13,16:50:00,1.09,1.11,1.08,1.1,259429,0
2015-02-13,16:55:00,1.1,1.1,1.09,1.1,32322,0
2015-02-13,17:00:00,1.1,1.11,1.09,1.09,65591,0
2015-02-13,17:05:00,1.1,1.1,1.09,1.1,44572,0
2015-02-13,17:10:00,1.1,1.1,1.09,1.1,12500,0
2015-02-13,17:15:00,1.1,1.1,1.09,1.1,7900,0
2015-02-13,17:20:00,1.1,1.1,1.09,1.09,33208,0
2015-02-13,17:25:00,1.08,1.09,1.07,1.08,74911,0
2015-02-13,17:30:00,1.08,1.09,1.07,1.07,30768,0
2015-02-13,17:35:00,1.07,1.08,1.07,1.08,38600,0
2015-02-13,17:40:00,1.07,1.08,1.07,1.07,18200,0
2015-02-13,17:45:00,1.07,1.08,1.07,1.08,63009,0
2015-02-13,17:50:00,1.08,1.08,1.07,1.08,25100,0
2015-02-13,17:55:00,1.08,1.09,1.07,1.09,27163,0
2015-02-13,18:00:00,1.09,1.09,1.08,1.09,13600,0
2015-02-13,18:05:00,1.09,1.09,1.08,1.09,7700,0
2015-02-13,18:10:00,1.09,1.09,1.08,1.08,2550,0
2015-02-13,18:15:00,1.08,1.09,1.08,1.08,5989,0
2015-02-13,18:20:00,1.09,1.09,1.07,1.08,54586,0
2015-02-13,18:25:00,1.08,1.08,1.07,1.08,12400,0
2015-02-13,18:30:00,1.07,1.09,1.07,1.08,3600,0
2015-02-13,18:35:00,1.09,1.09,1.08,1.08,7300,0
2015-02-13,18:40:00,1.08,1.09,1.08,1.08,1600,0
2015-02-13,18:45:00,1.08,1.09,1.08,1.09,10600,0
2015-02-13,18:50:00,1.08,1.09,1.08,1.09,23973,0
2015-02-13,18:55:00,1.08,1.09,1.08,1.09,8513,0
2015-02-13,19:00:00,1.09,1.09,1.08,1.08,2200,0
2015-02-13,19:05:00,1.08,1.1,1.08,1.1,33528,0
2015-02-13,19:10:00,1.1,1.1,1.09,1.09,12335,0
2015-02-13,19:15:00,1.1,1.1,1.09,1.09,7002,0
2015-02-13,19:20:00,1.1,1.1,1.09,1.09,2740,0
2015-02-13,19:25:00,1.09,1.1,1.09,1.09,11100,0
2015-02-13,19:30:00,1.1,1.1,1.09,1.09,20147,0
2015-02-13,19:35:00,1.09,1.1,1.09,1.09,64300,0
2015-02-13,19:40:00,1.09,1.09,1.08,1.08,12474,0
2015-02-13,19:45:00,1.09,1.09,1.07,1.08,26730,0
2015-02-13,19:50:00,1.07,1.08,1.07,1.07,13964,0
2015-02-13,19:55:00,1.07,1.08,1.07,1.07,8200,0
2015-02-13,20:00:00,1.07,1.07,1.07,1.07,4800,0
2015-02-13,20:05:00,1.07,1.08,1.07,1.07,5100,0
2015-02-13,20:10:00,1.08,1.08,1.07,1.07,5306,0
2015-02-13,20:15:00,1.07,1.08,1.07,1.07,9600,0
2015-02-13,20:20:00,1.07,1.09,1.07,1.08,21953,0
2015-02-13,20:25:00,1.08,1.09,1.07,1.08,26827,0
2015-02-13,20:30:00,1.08,1.08,1.08,1.08,12265,0
2015-02-13,20:35:00,1.09,1.09,1.08,1.09,10269,0
2015-02-13,20:40:00,1.08,1.09,1.08,1.08,7358,0
2015-02-13,20:45:00,1.08,1.09,1.08,1.09,6700,0
2015-02-13,20:50:00,1.09,1.09,1.08,1.09,12450,0
2015-02-13,20:55:00,1.09,1.09,1.08,1.09,13800,0
2015-02-13,21:00:00,1.09,1.1,1.08,1.1,22797,0
2015-02-13,21:05:00,1.09,1.1,1.09,1.09,4800,0
2015-02-13,21:10:00,1.09,1.1,1.09,1.09,10196,0
2015-02-13,21:15:00,1.09,1.1,1.08,1.08,62595,0
2015-02-13,21:20:00,1.09,1.09,1.08,1.08,23900,0
2015-02-13,21:25:00,1.08,1.09,1.08,1.09,20308,0
2015-02-13,21:30:00,1.09,1.09,1.08,1.09,16900,0
2015-02-13,21:35:00,1.09,1.09,1.08,1.08,52364,0
2015-02-13,21:40:00,1.08,1.09,1.08,1.09,23486,0
2015-02-13,21:45:00,1.09,1.09,1.08,1.09,66494,0
2015-02-13,21:50:00,1.09,1.1,1.08,1.1,92845,0
2015-02-13,21:55:00,1.1,1.1,1.09,1.1,87389,0
2015-02-13,22:00:00,1.09,1.1,1.09,1.09,237577,0
2015-02-17,15:35:00,1.03,1.03,0.98,1.03,208934,0
2015-02-17,15:40:00,1.03,1.05,1.02,1.05,74534,0
2015-02-17,15:45:00,1.04,1.05,1.04,1.04,129298,0
2015-02-17,15:50:00,1.04,1.05,1.02,1.03,29441,0
2015-02-17,15:55:00,1.02,1.02,0.99,0.99,170979,0
2015-02-17,16:00:00,0.98,0.99,0.97,0.97,78408,0
2015-02-17,16:05:00,0.98,0.99,0.97,0.98,22705,0
2015-02-17,16:10:00,0.98,0.99,0.97,0.98,136478,0
2015-02-17,16:15:00,0.98,0.98,0.97,0.97,49800,0
2015-02-17,16:20:00,0.97,0.98,0.97,0.98,33280,0
2015-02-17,16:25:00,0.98,0.98,0.98,0.98,59441,0
2015-02-17,16:30:00,0.98,0.98,0.97,0.97,36066,0
2015-02-17,16:35:00,0.97,0.98,0.97,0.97,44026,0
2015-02-17,16:40:00,0.97,0.98,0.97,0.98,39110,0
2015-02-17,16:45:00,0.98,0.99,0.98,0.98,50192,0
2015-02-17,16:50:00,0.98,0.99,0.97,0.98,51230,0
2015-02-17,16:55:00,0.98,0.99,0.98,0.99,38106,0
2015-02-17,17:00:00,0.99,1.02,0.99,1.02,124069,0
2015-02-17,17:05:00,1.01,1.03,1.01,1.02,67400,0
2015-02-17,17:10:00,1.02,1.02,1.01,1.02,61746,0
2015-02-17,17:15:00,1.02,1.02,1.01,1.02,5327,0
2015-02-17,17:20:00,1.02,1.02,1.02,1.02,10500,0
2015-02-17,17:25:00,1.02,1.02,1.01,1.02,16632,0
2015-02-17,17:30:00,1.02,1.02,1.01,1.02,13800,0
2015-02-17,17:35:00,1.02,1.02,1.01,1.02,8681,0
2015-02-17,17:40:00,1.02,1.02,1.01,1.02,18452,0
2015-02-17,17:45:00,1.02,1.02,1.02,1.02,4800,0
2015-02-17,17:50:00,1.02,1.02,1.02,1.02,1300,0
2015-02-17,17:55:00,1.02,1.02,1.02,1.02,4265,0
2015-02-17,18:00:00,1.02,1.02,1.01,1.02,13196,0
2015-02-17,18:05:00,1.01,1.02,1.01,1.01,8749,0
2015-02-17,18:10:00,1.02,1.02,1.01,1.01,19850,0
2015-02-17,18:15:00,1.02,1.02,1.01,1.02,25556,0
2015-02-17,18:20:00,1.01,1.02,1.01,1.01,3700,0
2015-02-17,18:25:00,1.01,1.02,1.01,1.02,2900,0
2015-02-17,18:30:00,1.02,1.02,1.01,1.01,23379,0
2015-02-17,18:35:00,1.02,1.02,1.01,1.02,10300,0
2015-02-17,18:40:00,1.02,1.02,1.01,1.02,41742,0
2015-02-17,18:45:00,1.01,1.02,1.01,1.02,11233,0
2015-02-17,18:50:00,1.01,1.02,1.01,1.01,3771,0
2015-02-17,18:55:00,1.01,1.02,1.01,1.01,3900,0
2015-02-17,19:00:00,1.02,1.02,1.01,1.02,6710,0
2015-02-17,19:05:00,1.02,1.02,1.01,1.02,9179,0
2015-02-17,19:10:00,1.01,1.02,1.01,1.01,10840,0
2015-02-17,19:15:00,1.01,1.02,1.01,1.01,5050,0
2015-02-17,19:20:00,1.02,1.02,1.01,1.01,5095,0
2015-02-17,19:25:00,1.02,1.02,1.01,1.01,2900,0
2015-02-17,19:30:00,1.01,1.02,1.01,1.02,18360,0
2015-02-17,19:35:00,1.02,1.02,1.01,1.01,3220,0
2015-02-17,19:40:00,1.02,1.02,1.01,1.02,4200,0
2015-02-17,19:45:00,1.02,1.02,1.01,1.02,23400,0
2015-02-17,19:50:00,1.01,1.02,1.01,1.01,101868,0
2015-02-17,19:55:00,1.02,1.02,1.01,1.02,10270,0
2015-02-17,20:00:00,1.01,1.02,1.01,1.02,17700,0
2015-02-17,20:05:00,1.01,1.02,1.01,1.02,7215,0
2015-02-17,20:10:00,1.02,1.02,1.01,1.02,6900,0
2015-02-17,20:15:00,1.01,1.02,1.01,1.01,4600,0
2015-02-17,20:20:00,1.01,1.02,1.01,1.01,14556,0
2015-02-17,20:25:00,1.02,1.02,1.01,1.02,10635,0
2015-02-17,20:30:00,1.01,1.02,1.01,1.02,13200,0
2015-02-17,20:35:00,1.02,1.02,1.01,1.02,20475,0
2015-02-17,20:40:00,1.02,1.02,1.01,1.01,13534,0
2015-02-17,20:45:00,1.01,1.02,1.01,1.01,36608,0
2015-02-17,20:50:00,1.01,1.02,1.01,1.01,13040,0
2015-02-17,20:55:00,1.02,1.02,1.01,1.01,11523,0
2015-02-17,21:00:00,1.01,1.02,1.01,1.02,3300,0
2015-02-17,21:05:00,1.02,1.02,1.01,1.02,6800,0
2015-02-17,21:10:00,1.02,1.03,1.01,1.03,61761,0
2015-02-17,21:15:00,1.03,1.03,1.02,1.03,8550,0
2015-02-17,21:20:00,1.03,1.03,1.02,1.02,9030,0
2015-02-17,21:25:00,1.02,1.03,1.02,1.03,49350,0
2015-02-17,21:30:00,1.03,1.03,1.02,1.02,5900,0
2015-02-17,21:35:00,1.02,1.03,1.02,1.03,40835,0
2015-02-17,21:40:00,1.03,1.03,1.02,1.03,10541,0
2015-02-17,21:45:00,1.03,1.03,1.02,1.03,8675,0
2015-02-17,21:50:00,1.03,1.03,1.02,1.02,21798,0
2015-02-17,21:55:00,1.03,1.03,1.02,1.03,44773,0
2015-02-17,22:00:00,1.03,1.03,1.02,1.03,165987,0
2015-02-18,15:35:00,1,1,0.99,1,11800,0
2015-02-18,15:40:00,1.01,1.01,1,1.01,25332,0
2015-02-18,15:45:00,1,1.01,1,1,20903,0
2015-02-18,15:50:00,1,1.01,1,1.01,39122,0
2015-02-18,15:55:00,1.01,1.01,1,1.01,29600,0
2015-02-18,16:00:00,1.01,1.01,1,1,15540,0
2015-02-18,16:05:00,1,1.01,1,1.01,110301,0
2015-02-18,16:10:00,1.01,1.01,1,1.01,15517,0
2015-02-18,16:15:00,1.01,1.03,1,1.03,49017,0
2015-02-18,16:20:00,1.03,1.04,1.03,1.04,27800,0
2015-02-18,16:25:00,1.04,1.04,1.02,1.03,29349,0
2015-02-18,16:30:00,1.03,1.03,1.01,1.01,215666,0
2015-02-18,16:35:00,1.01,1.01,1,1.01,144850,0
2015-02-18,16:40:00,1.01,1.01,1,1.01,18700,0
2015-02-18,16:45:00,1.01,1.01,1,1,800,0
2015-02-18,16:50:00,1.01,1.03,1,1.03,66878,0
2015-02-18,16:55:00,1.03,1.03,1.02,1.03,2600,0
2015-02-18,17:00:00,1.03,1.03,1.02,1.03,6700,0
2015-02-18,17:05:00,1.02,1.03,1.01,1.02,31200,0
2015-02-18,17:10:00,1.02,1.02,1.01,1.02,900,0
2015-02-18,17:15:00,1.02,1.02,1.01,1.02,7711,0
2015-02-18,17:20:00,1.01,1.02,1.01,1.01,13665,0
2015-02-18,17:25:00,1.02,1.02,1.01,1.01,2128,0
2015-02-18,17:30:00,1.01,1.02,1.01,1.02,2775,0
2015-02-18,17:35:00,1.01,1.02,1,1,179296,0
2015-02-18,17:40:00,1,1.01,1,1,1494,0
2015-02-18,17:45:00,1,1.01,1,1.01,139035,0
2015-02-18,17:50:00,1.01,1.01,1,1.01,20100,0
2015-02-18,17:55:00,1.01,1.01,1,1.01,3453,0
2015-02-18,18:00:00,1.01,1.01,1,1.01,1750,0
2015-02-18,18:05:00,1.01,1.01,1,1.01,36600,0
2015-02-18,18:10:00,1.01,1.01,1,1.01,1200,0
2015-02-18,18:15:00,1.01,1.01,1,1,17000,0
2015-02-18,18:20:00,1,1.01,1,1.01,2925,0
2015-02-18,18:25:00,1.01,1.01,1.01,1.01,1400,0
2015-02-18,18:30:00,1.01,1.01,1,1.01,1280,0
2015-02-18,18:35:00,1.01,1.01,1.01,1.01,3120,0
2015-02-18,18:40:00,1.01,1.01,1.01,1.01,200,0
2015-02-18,18:45:00,1,1.01,1,1.01,500,0
2015-02-18,18:50:00,1.01,1.01,1,1.01,45083,0
2015-02-18,18:55:00,1,1.01,1,1.01,23725,0
2015-02-18,19:00:00,1.01,1.01,1,1,7900,0
2015-02-18,19:05:00,1.01,1.01,1,1.01,2380,0
2015-02-18,19:10:00,1,1.01,1,1.01,1500,0
2015-02-18,19:15:00,1.01,1.01,1,1.01,6900,0
2015-02-18,19:20:00,1.01,1.01,1.01,1.01,200,0
2015-02-18,19:25:00,1,1.01,1,1.01,2300,0
2015-02-18,19:30:00,1.01,1.01,1,1.01,3000,0
2015-02-18,19:35:00,1.01,1.01,1.01,1.01,900,0
2015-02-18,19:40:00,1.01,1.01,1.01,1.01,600,0
2015-02-18,19:45:00,1.01,1.01,1.01,1.01,8300,0
2015-02-18,19:50:00,1.01,1.01,1.01,1.01,1600,0
2015-02-18,19:55:00,1.01,1.01,1,1.01,12135,0
2015-02-18,20:00:00,1,1.01,1,1.01,2072,0
2015-02-18,20:05:00,1.01,1.01,1,1.01,12400,0
2015-02-18,20:10:00,1.01,1.01,1,1.01,1650,0
2015-02-18,20:15:00,1.01,1.01,1.01,1.01,100,0
2015-02-18,20:20:00,1,1.01,1,1,700,0
2015-02-18,20:25:00,1,1.01,1,1.01,549,0
2015-02-18,20:30:00,1.01,1.01,1,1.01,5200,0
2015-02-18,20:35:00,1,1.01,1,1,1700,0
2015-02-18,20:40:00,1,1.01,1,1.01,6300,0
2015-02-18,20:45:00,1,1.01,1,1.01,1300,0
2015-02-18,20:50:00,1,1.01,1,1.01,1300,0
2015-02-18,20:55:00,1.01,1.01,1,1.01,5800,0
2015-02-18,21:00:00,1.01,1.01,1,1.01,11500,0
2015-02-18,21:05:00,1.01,1.01,1.01,1.01,1300,0
2015-02-18,21:10:00,1,1.01,1,1,14400,0
2015-02-18,21:15:00,1.01,1.01,1,1.01,700,0
2015-02-18,21:20:00,1.01,1.01,1,1.01,11182,0
2015-02-18,21:25:00,1.01,1.01,1.01,1.01,3350,0
2015-02-18,21:30:00,1.01,1.01,1,1.01,6902,0
2015-02-18,21:35:00,1.01,1.01,1,1.01,27866,0
2015-02-18,21:40:00,1.01,1.01,1,1.01,11434,0
2015-02-18,21:45:00,1.01,1.01,1,1.01,27721,0
2015-02-18,21:50:00,1.01,1.01,1,1.01,22900,0
2015-02-18,21:55:00,1,1.01,1,1.01,74068,0
2015-02-18,22:00:00,1.01,1.01,1,1.01,79789,0
2015-02-19,15:35:00,1.06,1.07,1.02,1.03,58565,0
2015-02-19,15:40:00,1.02,1.04,1.02,1.02,24530,0
2015-02-19,15:45:00,1.02,1.03,1.01,1.02,154399,0
2015-02-19,15:50:00,1.02,1.02,1.01,1.01,9600,0
2015-02-19,15:55:00,1.01,1.01,1,1,54432,0
2015-02-19,16:00:00,1,1.01,1,1,17790,0
2015-02-19,16:05:00,1.01,1.01,1,1,47216,0
2015-02-19,16:10:00,1.01,1.01,0.99,0.99,139754,0
2015-02-19,16:15:00,0.99,1,0.99,1,22590,0
2015-02-19,16:20:00,1,1,0.99,1,4612,0
2015-02-19,16:25:00,1,1,0.99,0.99,3800,0
2015-02-19,16:30:00,0.99,0.99,0.99,0.99,5700,0
2015-02-19,16:35:00,0.99,0.99,0.99,0.99,11325,0
2015-02-19,16:40:00,0.99,0.99,0.99,0.99,18975,0
2015-02-19,16:45:00,0.99,0.99,0.98,0.98,38118,0
2015-02-19,16:50:00,0.98,0.98,0.98,0.98,11700,0
2015-02-19,16:55:00,0.98,0.98,0.97,0.98,48485,0
2015-02-19,17:00:00,0.98,0.98,0.98,0.98,38234,0
2015-02-19,17:05:00,0.98,0.98,0.98,0.98,6860,0
2015-02-19,17:10:00,0.98,0.98,0.98,0.98,5904,0
2015-02-19,17:15:00,0.98,0.98,0.96,0.96,86550,0
2015-02-19,17:20:00,0.96,0.97,0.96,0.97,9200,0
2015-02-19,17:25:00,0.97,0.97,0.97,0.97,43232,0
2015-02-19,17:30:00,0.97,0.97,0.97,0.97,29273,0
2015-02-19,17:35:00,0.97,0.97,0.97,0.97,900,0
2015-02-19,17:40:00,0.97,0.97,0.97,0.97,7300,0
2015-02-19,17:45:00,0.97,0.97,0.97,0.97,2300,0
2015-02-19,17:50:00,0.97,0.98,0.96,0.97,34600,0
2015-02-19,17:55:00,0.97,0.98,0.97,0.97,50303,0
2015-02-19,18:00:00,0.97,0.98,0.97,0.98,11800,0
2015-02-19,18:05:00,0.98,0.99,0.98,0.98,21300,0
2015-02-19,18:10:00,0.98,0.99,0.98,0.98,16148,0
2015-02-19,18:15:00,0.98,0.98,0.98,0.98,15000,0
2015-02-19,18:20:00,0.98,0.98,0.96,0.96,18700,0
2015-02-19,18:25:00,0.96,0.96,0.96,0.96,14414,0
2015-02-19,18:30:00,0.96,0.97,0.96,0.96,11689,0
2015-02-19,18:35:00,0.97,1.01,0.96,1.01,170644,0
2015-02-19,18:40:00,1.01,1.02,1,1,80200,0
2015-02-19,18:45:00,1,1.01,1,1,22574,0
2015-02-19,18:50:00,1,1.01,1,1.01,31691,0
2015-02-19,18:55:00,1,1.01,1,1,5670,0
2015-02-19,19:00:00,1,1,0.99,0.99,45820,0
2015-02-19,19:05:00,0.99,1,0.97,0.97,16265,0
2015-02-19,19:10:00,0.97,0.99,0.96,0.99,28450,0
2015-02-19,19:15:00,0.99,1,0.99,1,18500,0
2015-02-19,19:20:00,1,1,1,1,1300,0
2015-02-19,19:25:00,1,1,0.99,0.99,2800,0
2015-02-19,19:30:00,1,1,0.99,0.99,3400,0
2015-02-19,19:35:00,0.99,0.99,0.99,0.99,7200,0
2015-02-19,19:40:00,0.99,0.99,0.99,0.99,12197,0
2015-02-19,19:45:00,0.99,0.99,0.99,0.99,1730,0
2015-02-19,19:50:00,0.99,0.99,0.99,0.99,5500,0
2015-02-19,19:55:00,0.99,0.99,0.99,0.99,30400,0
2015-02-19,20:00:00,0.99,1,0.99,1,42580,0
2015-02-19,20:05:00,0.99,0.99,0.99,0.99,16600,0
2015-02-19,20:10:00,0.99,0.99,0.98,0.98,7280,0
2015-02-19,20:15:00,0.98,0.98,0.98,0.98,9700,0
2015-02-19,20:20:00,0.98,0.98,0.98,0.98,6135,0
2015-02-19,20:25:00,0.98,0.98,0.98,0.98,1500,0
2015-02-19,20:30:00,0.98,0.98,0.98,0.98,10720,0
2015-02-19,20:35:00,0.98,0.98,0.98,0.98,2700,0
2015-02-19,20:40:00,0.98,0.98,0.98,0.98,14793,0
2015-02-19,20:45:00,0.98,0.98,0.98,0.98,31700,0
2015-02-19,20:50:00,0.98,0.98,0.98,0.98,10650,0
2015-02-19,20:55:00,0.98,0.98,0.98,0.98,2100,0
2015-02-19,21:00:00,0.98,0.98,0.98,0.98,12900,0
2015-02-19,21:05:00,0.98,0.98,0.98,0.98,4210,0
2015-02-19,21:10:00,0.98,0.99,0.98,0.99,5000,0
2015-02-19,21:15:00,0.99,0.99,0.98,0.98,5900,0
2015-02-19,21:20:00,0.99,0.99,0.98,0.99,9200,0
2015-02-19,21:25:00,0.99,0.99,0.98,0.99,6100,0
2015-02-19,21:30:00,0.99,0.99,0.99,0.99,2713,0
2015-02-19,21:35:00,0.99,0.99,0.98,0.98,68250,0
2015-02-19,21:40:00,0.98,0.98,0.98,0.98,60974,0
2015-02-19,21:45:00,0.98,0.98,0.98,0.98,47805,0
2015-02-19,21:50:00,0.98,0.98,0.97,0.97,36744,0
2015-02-19,21:55:00,0.97,0.97,0.97,0.97,43112,0
2015-02-19,22:00:00,0.97,0.97,0.97,0.97,85458,0
2015-02-20,15:35:00,1.05,1.09,1.02,1.02,119693,0
2015-02-20,15:40:00,1.01,1.03,1.01,1.03,57136,0
2015-02-20,15:45:00,1.03,1.05,1.03,1.05,102465,0
2015-02-20,15:50:00,1.05,1.05,1.03,1.04,64339,0
2015-02-20,15:55:00,1.04,1.04,1.02,1.02,41431,0
2015-02-20,16:00:00,1.02,1.03,1.02,1.02,36000,0
2015-02-20,16:05:00,1.02,1.03,1.02,1.03,5155,0
2015-02-20,16:10:00,1.03,1.03,1.02,1.02,17000,0
2015-02-20,16:15:00,1.03,1.03,1.02,1.03,20100,0
2015-02-20,16:20:00,1.03,1.03,1.03,1.03,12085,0
2015-02-20,16:25:00,1.03,1.03,1.02,1.02,3650,0
2015-02-20,16:30:00,1.02,1.03,1.02,1.03,4300,0
2015-02-20,16:35:00,1.03,1.03,1.01,1.01,53990,0
2015-02-20,16:40:00,1.01,1.01,1,1,149578,0
2015-02-20,16:45:00,1,1.01,1,1.01,65600,0
2015-02-20,16:50:00,1.01,1.01,0.99,0.99,51613,0
2015-02-20,16:55:00,0.99,0.99,0.99,0.99,11040,0
2015-02-20,17:00:00,0.99,1,0.99,0.99,20249,0
2015-02-20,17:05:00,0.99,1.02,0.99,1.01,80641,0
2015-02-20,17:10:00,1.01,1.02,1,1.01,19585,0
2015-02-20,17:15:00,1.01,1.01,1,1.01,1250,0
2015-02-20,17:20:00,1.01,1.01,0.99,1,28818,0
2015-02-20,17:25:00,1,1.01,0.99,1.01,42200,0
2015-02-20,17:30:00,1.01,1.01,1,1,25200,0
2015-02-20,17:35:00,1.01,1.01,1,1.01,7300,0
2015-02-20,17:40:00,1.01,1.01,1,1.01,2724,0
2015-02-20,17:45:00,1,1.01,1,1.01,2300,0
2015-02-20,17:50:00,1,1.01,1,1,15500,0
2015-02-20,17:55:00,1,1,0.99,0.99,18005,0
2015-02-20,18:00:00,0.99,1.01,0.99,0.99,37985,0
2015-02-20,18:05:00,0.99,0.99,0.99,0.99,51123,0
2015-02-20,18:10:00,0.99,0.99,0.98,0.99,6307,0
2015-02-20,18:15:00,0.99,1.02,0.99,1.02,33545,0
2015-02-20,18:20:00,1.01,1.01,0.99,1.01,38126,0
2015-02-20,18:25:00,1.01,1.01,1,1.01,33150,0
2015-02-20,18:30:00,1,1.01,1,1.01,72252,0
2015-02-20,18:35:00,1,1,0.99,0.99,12500,0
2015-02-20,18:40:00,0.99,0.99,0.99,0.99,3100,0
2015-02-20,18:45:00,0.99,1.01,0.99,0.99,11300,0
2015-02-20,18:50:00,1,1.04,1,1.02,104740,0
2015-02-20,18:55:00,1.02,1.02,1,1.01,23860,0
2015-02-20,19:00:00,1.01,1.01,1,1.01,19399,0
2015-02-20,19:05:00,1.02,1.03,1,1.01,71475,0
2015-02-20,19:10:00,1.01,1.04,1.01,1.04,14342,0
2015-02-20,19:15:00,1.04,1.04,1.01,1.03,99595,0
2015-02-20,19:20:00,1.02,1.03,1.01,1.02,31380,0
2015-02-20,19:25:00,1.02,1.03,1.02,1.03,18351,0
2015-02-20,19:30:00,1.03,1.03,1.01,1.01,6100,0
2015-02-20,19:35:00,1.02,1.02,1.02,1.02,5000,0
2015-02-20,19:40:00,1.02,1.02,1.01,1.01,41548,0
2015-02-20,19:45:00,1.01,1.01,1,1.01,43788,0
2015-02-20,19:50:00,1,1.01,1,1,39400,0
2015-02-20,19:55:00,1,1.01,1,1.01,1286,0
2015-02-20,20:00:00,1,1.01,1,1,26970,0
2015-02-20,20:05:00,1,1.01,1,1,15501,0
2015-02-20,20:10:00,1,1,0.99,0.99,8854,0
2015-02-20,20:15:00,0.99,0.99,0.99,0.99,6100,0
2015-02-20,20:20:00,0.99,1.01,0.99,1.01,24500,0
2015-02-20,20:25:00,1.01,1.01,1,1.01,4000,0
2015-02-20,20:30:00,1.01,1.01,1,1,14200,0
2015-02-20,20:35:00,1,1,1,1,8783,0
2015-02-20,20:40:00,1,1,1,1,13575,0
2015-02-20,20:45:00,1,1,1,1,16500,0
2015-02-20,20:50:00,1,1,1,1,7200,0
2015-02-20,20:55:00,1,1.01,1,1.01,5800,0
2015-02-20,21:00:00,1.01,1.01,1,1,22878,0
2015-02-20,21:05:00,1,1,1,1,8879,0
2015-02-20,21:10:00,1,1.01,1,1.01,12402,0
2015-02-20,21:15:00,1,1.01,1,1,21100,0
2015-02-20,21:20:00,1,1.01,1,1,23211,0
2015-02-20,21:25:00,1.01,1.01,1,1.01,2400,0
2015-02-20,21:30:00,1.01,1.01,1,1.01,3650,0
2015-02-20,21:35:00,1.01,1.01,1,1.01,6700,0
2015-02-20,21:40:00,1,1.01,1,1.01,38654,0
2015-02-20,21:45:00,1.01,1.01,0.99,0.99,102098,0
2015-02-20,21:50:00,0.99,1.01,0.99,1,49753,0
2015-02-20,21:55:00,1,1.01,1,1,18438,0
2015-02-20,22:00:00,1,1.01,1,1.01,97317,0
2015-02-23,15:35:00,0.99,0.99,0.99,0.99,1000,0
2015-02-23,15:40:00,1,1,0.98,0.98,23839,0
2015-02-23,15:45:00,0.99,0.99,0.96,0.97,84054,0
2015-02-23,15:50:00,0.96,0.97,0.96,0.97,5080,0
2015-02-23,15:55:00,0.97,0.97,0.95,0.96,87134,0
2015-02-23,16:00:00,0.96,0.96,0.95,0.96,67350,0
2015-02-23,16:05:00,0.96,0.96,0.95,0.96,127500,0
2015-02-23,16:10:00,0.96,0.96,0.94,0.94,198938,0
2015-02-23,16:15:00,0.94,0.94,0.94,0.94,28000,0
2015-02-23,16:20:00,0.94,0.95,0.94,0.95,32650,0
2015-02-23,16:25:00,0.95,0.95,0.95,0.95,18400,0
2015-02-23,16:30:00,0.95,0.95,0.95,0.95,9100,0
2015-02-23,16:35:00,0.95,0.95,0.95,0.95,2800,0
2015-02-23,16:40:00,0.95,0.95,0.94,0.94,23539,0
2015-02-23,16:45:00,0.94,0.94,0.94,0.94,775,0
2015-02-23,16:50:00,0.94,0.95,0.94,0.95,10769,0
2015-02-23,16:55:00,0.95,0.95,0.94,0.94,4300,0
2015-02-23,17:00:00,0.94,0.94,0.94,0.94,3900,0
2015-02-23,17:05:00,0.94,0.94,0.94,0.94,125400,0
2015-02-23,17:10:00,0.94,0.94,0.94,0.94,23062,0
2015-02-23,17:15:00,0.94,0.94,0.94,0.94,600,0
2015-02-23,17:20:00,0.94,0.94,0.94,0.94,16232,0
2015-02-23,17:25:00,0.94,0.94,0.94,0.94,11341,0
2015-02-23,17:30:00,0.94,0.94,0.94,0.94,19003,0
2015-02-23,17:35:00,0.94,0.95,0.94,0.94,21400,0
2015-02-23,17:40:00,0.94,0.94,0.94,0.94,2600,0
2015-02-23,17:45:00,0.94,0.94,0.94,0.94,2400,0
2015-02-23,17:50:00,0.94,0.94,0.94,0.94,13800,0
2015-02-23,17:55:00,0.94,0.94,0.94,0.94,3800,0
2015-02-23,18:00:00,0.94,0.94,0.94,0.94,3500,0
2015-02-23,18:05:00,0.94,0.94,0.94,0.94,3450,0
2015-02-23,18:10:00,0.94,0.94,0.94,0.94,7100,0
2015-02-23,18:15:00,0.94,0.94,0.94,0.94,44518,0
2015-02-23,18:20:00,0.94,0.94,0.94,0.94,7694,0
2015-02-23,18:25:00,0.94,0.94,0.94,0.94,48600,0
2015-02-23,18:30:00,0.94,0.94,0.94,0.94,1100,0
2015-02-23,18:35:00,0.94,0.94,0.94,0.94,17840,0
2015-02-23,18:40:00,0.94,0.94,0.94,0.94,2100,0
2015-02-23,18:45:00,0.94,0.94,0.94,0.94,26509,0
2015-02-23,18:50:00,0.94,0.94,0.94,0.94,9179,0
2015-02-23,18:55:00,0.94,0.95,0.94,0.94,12600,0
2015-02-23,19:00:00,0.94,0.95,0.94,0.94,4144,0
2015-02-23,19:05:00,0.95,0.95,0.94,0.94,2000,0
2015-02-23,19:10:00,0.95,0.95,0.94,0.94,5400,0
2015-02-23,19:15:00,0.94,0.94,0.94,0.94,800,0
2015-02-23,19:20:00,0.94,0.94,0.94,0.94,7722,0
2015-02-23,19:25:00,0.94,0.94,0.94,0.94,18963,0
2015-02-23,19:30:00,0.94,0.94,0.94,0.94,1000,0
2015-02-23,19:35:00,0.94,0.94,0.94,0.94,2200,0
2015-02-23,19:40:00,0.94,0.94,0.94,0.94,900,0
2015-02-23,19:45:00,0.94,0.94,0.94,0.94,900,0
2015-02-23,19:50:00,0.94,0.94,0.94,0.94,4183,0
2015-02-23,19:55:00,0.94,0.94,0.94,0.94,4300,0
2015-02-23,20:00:00,0.94,0.95,0.94,0.94,6670,0
2015-02-23,20:05:00,0.95,0.95,0.94,0.95,5100,0
2015-02-23,20:10:00,0.95,0.95,0.94,0.94,10000,0
2015-02-23,20:15:00,0.94,0.95,0.94,0.94,3201,0
2015-02-23,20:20:00,0.94,0.94,0.94,0.94,23570,0
2015-02-23,20:25:00,0.94,0.94,0.94,0.94,1100,0
2015-02-23,20:30:00,0.94,0.94,0.94,0.94,9997,0
2015-02-23,20:35:00,0.94,0.95,0.94,0.94,48928,0
2015-02-23,20:40:00,0.94,0.94,0.94,0.94,28755,0
2015-02-23,20:45:00,0.94,0.94,0.94,0.94,1400,0
2015-02-23,20:50:00,0.94,0.94,0.94,0.94,11408,0
2015-02-23,20:55:00,0.94,0.94,0.94,0.94,800,0
2015-02-23,21:00:00,0.94,0.94,0.94,0.94,1300,0
2015-02-23,21:05:00,0.94,0.94,0.94,0.94,9550,0
2015-02-23,21:10:00,0.94,0.94,0.94,0.94,3919,0
2015-02-23,21:15:00,0.94,0.94,0.94,0.94,10800,0
2015-02-23,21:20:00,0.94,0.94,0.94,0.94,10900,0
2015-02-23,21:25:00,0.94,0.94,0.94,0.94,7062,0
2015-02-23,21:30:00,0.94,0.94,0.94,0.94,1900,0
2015-02-23,21:35:00,0.94,0.94,0.94,0.94,6500,0
2015-02-23,21:40:00,0.94,0.95,0.94,0.95,53270,0
2015-02-23,21:45:00,0.95,0.96,0.95,0.96,14200,0
2015-02-23,21:50:00,0.96,0.96,0.96,0.96,20400,0
2015-02-23,21:55:00,0.96,0.97,0.96,0.97,17200,0
2015-02-23,22:00:00,0.97,0.97,0.96,0.96,91352,0
