Date,Time,Open,High,Low,Close,Volume,OpenInt
2015-01-22,17:50:00,15.05,15.05,15.04,15.04,700,0
2015-01-22,17:55:00,15.04,15.04,15.03,15.03,400,0
2015-01-22,18:00:00,15.03,15.03,15.01,15.01,1300,0
2015-01-22,18:15:00,15.02,15.05,15.02,15.04,790,0
2015-01-22,18:20:00,15.04,15.04,15.04,15.04,300,0
2015-01-22,18:25:00,15.05,15.05,15.04,15.04,700,0
2015-01-22,18:30:00,15.05,15.06,15.05,15.06,687,0
2015-01-22,18:35:00,15.05,15.05,15.05,15.05,200,0
2015-01-22,18:40:00,15.05,15.05,15.05,15.05,100,0
2015-01-22,18:50:00,15.06,15.06,15.05,15.05,300,0
2015-01-22,18:55:00,15.06,15.06,15.05,15.05,300,0
2015-01-22,19:00:00,15.05,15.05,15.05,15.05,200,0
2015-01-22,19:10:00,15.06,15.06,15.06,15.06,100,0
2015-01-22,19:15:00,15.06,15.06,15.06,15.06,200,0
2015-01-22,19:20:00,15.05,15.05,15.05,15.05,100,0
2015-01-22,19:25:00,15.05,15.05,15.05,15.05,200,0
2015-01-22,19:35:00,15.05,15.05,15.05,15.05,100,0
2015-01-22,19:40:00,15.05,15.06,15.05,15.05,743,0
2015-01-22,19:45:00,15.06,15.06,15.06,15.06,100,0
2015-01-22,19:50:00,15.06,15.06,15.06,15.06,200,0
2015-01-22,19:55:00,15.06,15.06,15.06,15.06,200,0
2015-01-22,20:00:00,15.07,15.07,15.07,15.07,200,0
2015-01-22,20:05:00,15.08,15.08,15.08,15.08,100,0
2015-01-22,20:10:00,15.06,15.08,15.06,15.08,1200,0
2015-01-22,20:15:00,15.08,15.08,15.07,15.07,754,0
2015-01-22,20:20:00,15.07,15.08,15.07,15.08,200,0
2015-01-22,20:25:00,15.08,15.08,15.08,15.08,200,0
2015-01-22,20:30:00,15.06,15.06,15.06,15.06,2036,0
2015-01-22,20:35:00,15.09,15.09,15.09,15.09,900,0
2015-01-22,20:40:00,15.1,15.1,15.09,15.09,3000,0
2015-01-22,20:45:00,15.1,15.1,15.1,15.1,100,0
2015-01-22,20:50:00,15.1,15.1,15.1,15.1,300,0
2015-01-22,20:55:00,15.11,15.11,15.11,15.11,100,0
2015-01-22,21:00:00,15.11,15.11,15.1,15.1,653,0
2015-01-22,21:05:00,15.11,15.11,15.1,15.1,1068,0
2015-01-22,21:10:00,15.11,15.12,15.11,15.12,1122,0
2015-01-22,21:15:00,15.12,15.12,15.12,15.12,200,0
2015-01-22,21:20:00,15.12,15.12,15.12,15.12,100,0
2015-01-22,21:25:00,15.12,15.12,15.12,15.12,1075,0
2015-01-22,21:30:00,15.12,15.15,15.12,15.14,3125,0
2015-01-22,21:35:00,15.16,15.16,15.16,15.16,200,0
2015-01-22,21:40:00,15.14,15.16,15.14,15.14,2815,0
2015-01-22,21:45:00,15.16,15.16,15.16,15.16,300,0
2015-01-22,21:50:00,15.16,15.16,15.15,15.16,500,0
2015-01-22,21:55:00,15.16,15.16,15.13,15.13,519,0
2015-01-22,22:00:00,15.16,15.16,15.14,15.16,1400,0
2015-01-23,15:35:00,15.16,15.18,15.16,15.18,1125,0
2015-01-23,15:40:00,15.18,15.18,15.14,15.14,500,0
2015-01-23,15:45:00,15.17,15.17,15.17,15.17,100,0
2015-01-23,15:50:00,15.17,15.17,15.15,15.15,2800,0
2015-01-23,15:55:00,15.16,15.16,15.16,15.16,300,0
2015-01-23,16:05:00,15.16,15.16,15.16,15.16,300,0
2015-01-23,16:10:00,15.16,15.16,15.15,15.16,1250,0
2015-01-23,16:15:00,15.18,15.18,15.18,15.18,300,0
2015-01-23,16:20:00,15.18,15.18,15.17,15.18,400,0
2015-01-23,16:25:00,15.18,15.19,15.18,15.19,200,0
2015-01-23,16:30:00,15.19,15.19,15.19,15.19,200,0
2015-01-23,16:35:00,15.19,15.19,15.19,15.19,1000,0
2015-01-23,16:40:00,15.19,15.19,15.18,15.18,700,0
2015-01-23,16:50:00,15.16,15.16,15.14,15.14,529,0
2015-01-23,16:55:00,15.16,15.16,15.16,15.16,300,0
2015-01-23,17:05:00,15.2,15.2,15.19,15.2,600,0
2015-01-23,17:10:00,15.2,15.2,15.2,15.2,100,0
2015-01-23,17:15:00,15.19,15.19,15.19,15.19,100,0
2015-01-23,17:20:00,15.19,15.19,15.18,15.18,200,0
2015-01-23,17:25:00,15.2,15.2,15.2,15.2,1468,0
2015-01-23,17:30:00,15.21,15.21,15.21,15.21,200,0
2015-01-23,17:35:00,15.21,15.21,15.21,15.21,300,0
2015-01-23,17:40:00,15.21,15.21,15.2,15.2,1701,0
2015-01-23,17:45:00,15.18,15.18,15.17,15.17,200,0
2015-01-23,17:50:00,15.18,15.18,15.18,15.18,300,0
2015-01-23,17:55:00,15.21,15.21,15.21,15.21,100,0
2015-01-23,18:00:00,15.2,15.2,15.2,15.2,200,0
2015-01-23,18:05:00,15.19,15.19,15.19,15.19,192,0
2015-01-23,18:10:00,15.2,15.2,15.2,15.2,100,0
2015-01-23,18:15:00,15.2,15.2,15.2,15.2,1000,0
2015-01-23,18:20:00,15.2,15.2,15.2,15.2,200,0
2015-01-23,18:25:00,15.2,15.2,15.2,15.2,200,0
2015-01-23,18:30:00,15.21,15.21,15.21,15.21,100,0
2015-01-23,18:35:00,15.21,15.21,15.21,15.21,200,0
2015-01-23,18:40:00,15.21,15.21,15.21,15.21,100,0
2015-01-23,18:45:00,15.21,15.21,15.21,15.21,800,0
2015-01-23,18:50:00,15.21,15.21,15.21,15.21,200,0
2015-01-23,19:00:00,15.21,15.21,15.21,15.21,200,0
2015-01-23,19:10:00,15.21,15.21,15.21,15.21,400,0
2015-01-23,19:25:00,15.2,15.21,15.2,15.2,600,0
2015-01-23,19:40:00,15.21,15.21,15.21,15.21,100,0
2015-01-23,19:45:00,15.21,15.21,15.21,15.21,100,0
2015-01-23,19:50:00,15.21,15.21,15.21,15.21,200,0
2015-01-23,19:55:00,15.21,15.21,15.21,15.21,200,0
2015-01-23,20:00:00,15.23,15.23,15.22,15.22,224,0
2015-01-23,20:55:00,15.2,15.2,15.19,15.19,350,0
2015-01-23,21:20:00,15.17,15.17,15.17,15.17,200,0
2015-01-23,22:00:00,15.17,15.17,15.14,15.14,6930,0
2015-01-26,15:45:00,15.11,15.11,15.11,15.11,970,0
2015-01-26,15:55:00,15.08,15.09,15.08,15.09,417,0
2015-01-26,16:00:00,15.12,15.12,15.12,15.12,200,0
2015-01-26,16:15:00,15.15,15.15,15.11,15.11,474,0
2015-01-26,16:25:00,15.14,15.14,15.14,15.14,100,0
2015-01-26,16:35:00,15.14,15.14,15.14,15.14,100,0
2015-01-26,16:40:00,15.14,15.14,15.14,15.14,200,0
2015-01-26,16:45:00,15.16,15.16,15.16,15.16,100,0
2015-01-26,16:55:00,15.18,15.18,15.18,15.18,300,0
2015-01-26,17:00:00,15.18,15.18,15.13,15.13,1286,0
2015-01-26,17:10:00,15.17,15.17,15.17,15.17,100,0
2015-01-26,17:15:00,15.14,15.14,15.14,15.14,100,0
2015-01-26,17:25:00,15.14,15.14,15.14,15.14,200,0
2015-01-26,17:30:00,15.14,15.14,15.14,15.14,100,0
2015-01-26,17:35:00,15.14,15.16,15.14,15.16,200,0
2015-01-26,17:45:00,15.16,15.16,15.16,15.16,100,0
2015-01-26,17:50:00,15.16,15.16,15.16,15.16,100,0
2015-01-26,17:55:00,15.17,15.17,15.17,15.17,100,0
2015-01-26,18:00:00,15.18,15.18,15.15,15.15,450,0
2015-01-26,18:10:00,15.18,15.19,15.18,15.19,200,0
2015-01-26,18:20:00,15.18,15.18,15.18,15.18,500,0
2015-01-26,18:30:00,15.19,15.19,15.19,15.19,200,0
2015-01-26,18:45:00,15.16,15.18,15.16,15.18,950,0
2015-01-26,19:10:00,15.17,15.18,15.17,15.18,1200,0
2015-01-26,19:15:00,15.18,15.19,15.18,15.19,800,0
2015-01-26,19:30:00,15.14,15.14,15.14,15.14,500,0
2015-01-26,19:35:00,15.14,15.16,15.14,15.16,1400,0
2015-01-26,19:50:00,15.15,15.15,15.15,15.15,400,0
2015-01-26,20:25:00,15.14,15.14,15.14,15.14,1835,0
2015-01-26,20:45:00,15.17,15.17,15.17,15.17,300,0
2015-01-26,21:35:00,15.14,15.14,15.14,15.14,377,0
2015-01-26,21:40:00,15.14,15.15,15.14,15.15,1032,0
2015-01-26,22:00:00,15.15,15.16,15.15,15.15,1000,0
2015-01-27,15:35:00,15.04,15.04,15.04,15.04,5118,0
2015-01-27,15:50:00,15.04,15.07,15.04,15.07,1597,0
2015-01-27,16:35:00,15.02,15.02,15.02,15.02,100,0
2015-01-27,16:40:00,15.02,15.02,15.01,15.01,300,0
2015-01-27,16:50:00,14.99,15.02,14.99,15.02,2100,0
2015-01-27,17:10:00,15.03,15.04,15.03,15.04,200,0
2015-01-27,17:20:00,15.04,15.04,15.04,15.04,200,0
2015-01-27,17:35:00,15.04,15.04,15.04,15.04,600,0
2015-01-27,17:40:00,15.05,15.05,15.05,15.05,100,0
2015-01-27,17:55:00,15.05,15.05,15.05,15.05,200,0
2015-01-27,18:00:00,15.06,15.06,15.06,15.06,300,0
2015-01-27,18:15:00,15.05,15.05,15.05,15.05,200,0
2015-01-27,18:30:00,15.1,15.1,15.1,15.1,246,0
2015-01-27,18:35:00,15.08,15.08,15.08,15.08,265,0
2015-01-27,18:55:00,15.07,15.07,15.07,15.07,1667,0
2015-01-27,19:05:00,15.08,15.08,15.08,15.08,1800,0
2015-01-27,19:20:00,15.09,15.09,15.09,15.09,316,0
2015-01-27,19:45:00,15.11,15.11,15.11,15.11,700,0
2015-01-27,19:50:00,15.11,15.11,15.11,15.11,200,0
2015-01-27,20:05:00,15.1,15.1,15.1,15.1,1200,0
2015-01-27,20:10:00,15.07,15.08,15.07,15.08,789,0
2015-01-27,20:20:00,15.08,15.08,15.08,15.08,500,0
2015-01-27,20:25:00,15.1,15.14,15.1,15.14,600,0
2015-01-27,20:35:00,15.14,15.14,15.14,15.14,100,0
2015-01-27,20:40:00,15.13,15.13,15.13,15.13,100,0
2015-01-27,20:45:00,15.12,15.12,15.11,15.11,500,0
2015-01-27,20:50:00,15.12,15.12,15.12,15.12,400,0
2015-01-27,21:00:00,15.13,15.13,15.12,15.12,2600,0
2015-01-27,21:10:00,15.12,15.12,15.12,15.12,100,0
2015-01-27,21:20:00,15.12,15.12,15.12,15.12,500,0
2015-01-27,21:25:00,15.07,15.07,15.07,15.07,100,0
2015-01-27,21:35:00,15.08,15.08,15.08,15.08,100,0
2015-01-27,21:55:00,15.07,15.07,15.07,15.07,400,0
2015-01-27,22:00:00,15.06,15.06,15.04,15.05,800,0
2015-01-28,15:50:00,15.08,15.1,15.08,15.1,1859,0
2015-01-28,15:55:00,15.1,15.1,15.1,15.1,100,0
2015-01-28,16:05:00,15.11,15.11,15.11,15.11,200,0
2015-01-28,16:20:00,15.1,15.1,15.1,15.1,2203,0
2015-01-28,16:30:00,15.1,15.1,15.1,15.1,100,0
2015-01-28,16:35:00,15.08,15.08,15.08,15.08,100,0
2015-01-28,16:40:00,15.05,15.07,15.05,15.07,250,0
2015-01-28,16:45:00,15.07,15.07,15.07,15.07,200,0
2015-01-28,16:50:00,15.06,15.06,15.03,15.03,500,0
2015-01-28,16:55:00,15.05,15.05,15.05,15.05,150,0
2015-01-28,17:00:00,15.04,15.04,15.03,15.03,200,0
2015-01-28,17:05:00,15.03,15.03,15.03,15.03,100,0
2015-01-28,17:10:00,15.03,15.04,15.03,15.04,200,0
2015-01-28,17:15:00,15.05,15.05,15.05,15.05,100,0
2015-01-28,17:20:00,15.03,15.03,15.02,15.02,300,0
2015-01-28,17:25:00,15.03,15.03,15.01,15.02,300,0
2015-01-28,17:30:00,15.02,15.02,15.02,15.02,200,0
2015-01-28,17:35:00,15.02,15.02,15.02,15.02,100,0
2015-01-28,17:40:00,15.02,15.02,15.02,15.02,2300,0
2015-01-28,17:45:00,15.02,15.05,15.02,15.04,600,0
2015-01-28,17:55:00,15.04,15.04,15.04,15.04,200,0
2015-01-28,18:00:00,15.04,15.04,15.04,15.04,100,0
2015-01-28,18:05:00,15.04,15.04,15.04,15.04,100,0
2015-01-28,18:10:00,15.04,15.05,15.04,15.05,300,0
2015-01-28,18:15:00,15.06,15.06,15.06,15.06,100,0
2015-01-28,18:20:00,15.06,15.07,15.06,15.07,200,0
2015-01-28,18:25:00,15.07,15.07,15.07,15.07,100,0
2015-01-28,18:30:00,15.07,15.07,15.07,15.07,163,0
2015-01-28,18:55:00,15.06,15.06,15.06,15.06,300,0
2015-01-28,19:20:00,15.04,15.04,15.04,15.04,300,0
2015-01-28,19:25:00,15.05,15.05,15.05,15.05,100,0
2015-01-28,19:40:00,15.05,15.05,15.05,15.05,400,0
2015-01-28,20:00:00,15.04,15.04,15.04,15.04,300,0
2015-01-28,20:05:00,15.06,15.06,15.06,15.06,1400,0
2015-01-28,20:10:00,15.05,15.05,15.04,15.04,200,0
2015-01-28,20:15:00,15.03,15.03,15.01,15.01,3100,0
2015-01-28,20:20:00,15.01,15.01,15.01,15.01,400,0
2015-01-28,20:25:00,15.01,15.01,15.0,15.01,1594,0
2015-01-28,20:35:00,14.97,14.97,14.97,14.97,400,0
2015-01-28,20:40:00,14.97,14.98,14.97,14.98,2300,0
2015-01-28,20:45:00,14.98,14.98,14.98,14.98,179,0
2015-01-28,20:50:00,14.99,14.99,14.99,14.99,100,0
2015-01-28,21:15:00,14.98,14.98,14.95,14.95,332,0
2015-01-28,21:20:00,14.92,14.92,14.92,14.92,200,0
2015-01-28,21:35:00,14.91,14.91,14.91,14.91,650,0
2015-01-28,21:40:00,14.91,14.91,14.91,14.91,100,0
2015-01-28,21:45:00,14.9,14.9,14.85,14.86,3500,0
2015-01-28,21:50:00,14.87,14.87,14.85,14.87,1700,0
2015-01-28,22:00:00,14.88,14.88,14.85,14.87,400,0
2015-01-29,15:40:00,14.85,14.85,14.85,14.85,400,0
2015-01-29,15:50:00,14.81,14.81,14.8,14.8,1619,0
2015-01-29,15:55:00,14.8,14.81,14.8,14.8,800,0
2015-01-29,16:00:00,14.8,14.84,14.8,14.84,2000,0
2015-01-29,16:10:00,14.84,14.84,14.84,14.84,200,0
2015-01-29,16:20:00,14.81,14.81,14.81,14.81,3200,0
2015-01-29,16:25:00,14.8,14.8,14.8,14.8,4200,0
2015-01-29,16:30:00,14.83,14.83,14.82,14.82,200,0
2015-01-29,16:45:00,14.79,14.79,14.79,14.79,100,0
2015-01-29,17:20:00,14.78,14.78,14.78,14.78,1048,0
2015-01-29,17:25:00,14.79,14.79,14.79,14.79,300,0
2015-01-29,17:40:00,14.79,14.79,14.79,14.79,100,0
2015-01-29,17:45:00,14.82,14.82,14.81,14.81,300,0
2015-01-29,17:50:00,14.79,14.82,14.79,14.79,600,0
2015-01-29,17:55:00,14.81,14.85,14.81,14.84,1200,0
2015-01-29,18:00:00,14.81,14.81,14.81,14.81,200,0
2015-01-29,18:05:00,14.81,14.83,14.81,14.82,300,0
2015-01-29,18:10:00,14.82,14.84,14.81,14.81,300,0
2015-01-29,18:15:00,14.82,14.82,14.82,14.82,100,0
2015-01-29,18:20:00,14.81,14.81,14.81,14.81,100,0
2015-01-29,18:25:00,14.81,14.81,14.81,14.81,100,0
2015-01-29,18:30:00,14.81,14.83,14.81,14.83,400,0
2015-01-29,18:35:00,14.83,14.83,14.83,14.83,100,0
2015-01-29,18:40:00,14.83,14.83,14.83,14.83,100,0
2015-01-29,18:45:00,14.83,14.83,14.82,14.82,1400,0
2015-01-29,18:50:00,14.82,14.83,14.82,14.83,350,0
2015-01-29,18:55:00,14.82,14.82,14.82,14.82,388,0
2015-01-29,19:00:00,14.82,14.82,14.82,14.82,100,0
2015-01-29,19:05:00,14.82,14.82,14.82,14.82,100,0
2015-01-29,19:10:00,14.81,14.81,14.81,14.81,100,0
2015-01-29,19:20:00,14.81,14.83,14.81,14.83,435,0
2015-01-29,19:25:00,14.83,14.83,14.82,14.82,200,0
2015-01-29,19:30:00,14.83,14.83,14.83,14.83,100,0
2015-01-29,19:35:00,14.83,14.83,14.83,14.83,100,0
2015-01-29,19:40:00,14.83,14.85,14.83,14.85,200,0
2015-01-29,19:45:00,14.86,14.87,14.86,14.87,400,0
2015-01-29,19:50:00,14.85,14.87,14.85,14.87,1000,0
2015-01-29,19:55:00,14.88,14.88,14.88,14.88,100,0
2015-01-29,20:00:00,14.86,14.86,14.86,14.86,100,0
2015-01-29,20:05:00,14.86,14.86,14.86,14.86,100,0
2015-01-29,20:10:00,14.86,14.86,14.86,14.86,200,0
2015-01-29,20:15:00,14.86,14.86,14.85,14.85,400,0
2015-01-29,20:20:00,14.85,14.86,14.85,14.86,300,0
2015-01-29,20:25:00,14.87,14.87,14.86,14.86,200,0
2015-01-29,20:30:00,14.87,14.87,14.87,14.87,100,0
2015-01-29,20:35:00,14.87,14.91,14.87,14.91,2110,0
2015-01-29,20:40:00,14.92,14.92,14.89,14.89,330,0
2015-01-29,20:45:00,14.89,14.89,14.88,14.88,200,0
2015-01-29,20:50:00,14.87,14.87,14.86,14.86,200,0
2015-01-29,20:55:00,14.86,14.86,14.86,14.86,100,0
2015-01-29,21:00:00,14.86,14.86,14.85,14.86,300,0
2015-01-29,21:05:00,14.86,14.9,14.86,14.9,5804,0
2015-01-29,21:10:00,14.87,14.88,14.87,14.88,300,0
2015-01-29,21:15:00,14.87,14.87,14.87,14.87,200,0
2015-01-29,21:20:00,14.86,14.87,14.86,14.87,300,0
2015-01-29,21:25:00,14.89,14.89,14.89,14.89,200,0
2015-01-29,21:30:00,14.91,14.91,14.91,14.91,100,0
2015-01-29,21:45:00,14.98,14.99,14.98,14.98,500,0
2015-01-29,21:50:00,14.98,14.98,14.98,14.98,4800,0
2015-01-30,15:35:00,14.88,14.9,14.88,14.9,318,0
2015-01-30,15:40:00,14.87,14.87,14.87,14.87,100,0
2015-01-30,15:45:00,14.83,14.83,14.83,14.83,100,0
2015-01-30,15:50:00,14.89,14.89,14.86,14.86,721,0
2015-01-30,15:55:00,14.86,14.86,14.86,14.86,100,0
2015-01-30,16:00:00,14.86,14.86,14.86,14.86,100,0
2015-01-30,16:05:00,14.86,14.86,14.86,14.86,100,0
2015-01-30,16:10:00,14.86,14.86,14.86,14.86,100,0
2015-01-30,16:20:00,14.89,14.89,14.86,14.86,800,0
2015-01-30,16:25:00,14.85,14.85,14.85,14.85,100,0
2015-01-30,16:30:00,14.85,14.85,14.85,14.85,100,0
2015-01-30,16:35:00,14.85,14.85,14.78,14.78,600,0
2015-01-30,16:40:00,14.82,14.82,14.82,14.82,100,0
2015-01-30,16:45:00,14.83,14.83,14.83,14.83,100,0
2015-01-30,16:50:00,14.85,14.85,14.85,14.85,900,0
2015-01-30,17:00:00,14.84,14.84,14.84,14.84,200,0
2015-01-30,17:05:00,14.83,14.84,14.83,14.84,300,0
2015-01-30,17:10:00,14.82,14.84,14.82,14.84,819,0
2015-01-30,17:15:00,14.82,14.82,14.82,14.82,100,0
2015-01-30,17:25:00,14.82,14.82,14.82,14.82,100,0
2015-01-30,17:30:00,14.82,14.82,14.82,14.82,100,0
2015-01-30,17:35:00,14.86,14.86,14.84,14.84,298,0
2015-01-30,17:40:00,14.83,14.85,14.83,14.85,500,0
2015-01-30,17:45:00,14.83,14.83,14.83,14.83,100,0
2015-01-30,17:50:00,14.86,14.86,14.86,14.86,100,0
2015-01-30,17:55:00,14.83,14.83,14.83,14.83,100,0
2015-01-30,18:00:00,14.86,14.86,14.86,14.86,700,0
2015-01-30,18:20:00,14.88,14.88,14.88,14.88,100,0
2015-01-30,18:30:00,14.91,14.91,14.91,14.91,200,0
2015-01-30,18:35:00,14.89,14.89,14.89,14.89,100,0
2015-01-30,18:55:00,14.86,14.86,14.86,14.86,100,0
2015-01-30,19:00:00,14.86,14.86,14.86,14.86,100,0
2015-01-30,19:10:00,14.86,14.86,14.86,14.86,200,0
2015-01-30,19:20:00,14.86,14.86,14.83,14.83,200,0
2015-01-30,19:25:00,14.87,14.87,14.87,14.87,100,0
2015-01-30,19:30:00,14.83,14.83,14.83,14.83,100,0
2015-01-30,19:40:00,14.87,14.87,14.87,14.87,500,0
2015-01-30,20:05:00,14.88,14.9,14.88,14.89,400,0
2015-01-30,20:15:00,14.89,14.89,14.89,14.89,100,0
2015-01-30,20:20:00,14.9,14.91,14.9,14.91,300,0
2015-01-30,20:30:00,14.92,14.92,14.88,14.89,2392,0
2015-01-30,20:40:00,14.92,14.92,14.92,14.92,330,0
2015-01-30,20:45:00,14.9,14.9,14.9,14.9,100,0
2015-01-30,20:55:00,14.86,14.86,14.86,14.86,100,0
2015-01-30,21:05:00,14.85,14.85,14.85,14.85,100,0
2015-01-30,21:10:00,14.85,14.85,14.85,14.85,100,0
2015-01-30,21:15:00,14.85,14.85,14.85,14.85,200,0
2015-01-30,21:20:00,14.83,14.83,14.83,14.83,100,0
2015-01-30,21:25:00,14.81,14.81,14.81,14.81,100,0
2015-01-30,21:30:00,14.82,14.82,14.79,14.82,424,0
2015-01-30,21:35:00,14.82,14.82,14.8,14.8,1100,0
2015-01-30,21:40:00,14.81,14.82,14.81,14.82,700,0
2015-01-30,21:50:00,14.83,14.83,14.83,14.83,400,0
2015-01-30,21:55:00,14.84,14.84,14.83,14.84,1450,0
2015-01-30,22:00:00,14.83,14.84,14.83,14.83,1572,0
2015-02-02,15:45:00,14.85,14.85,14.85,14.85,100,0
2015-02-02,15:55:00,14.82,14.82,14.81,14.81,390,0
2015-02-02,16:05:00,14.76,14.76,14.72,14.72,800,0
2015-02-02,16:15:00,14.74,14.74,14.72,14.72,400,0
2015-02-02,16:25:00,14.75,14.75,14.75,14.75,100,0
2015-02-02,17:05:00,14.76,14.8,14.76,14.8,2792,0
2015-02-02,17:10:00,14.83,14.84,14.83,14.84,300,0
2015-02-02,17:20:00,14.83,14.83,14.83,14.83,200,0
2015-02-02,17:55:00,14.89,14.89,14.89,14.89,100,0
2015-02-02,18:05:00,14.87,14.87,14.84,14.84,1400,0
2015-02-02,18:45:00,14.84,14.84,14.84,14.84,100,0
2015-02-02,18:50:00,14.84,14.84,14.83,14.83,800,0
2015-02-02,18:55:00,14.84,14.84,14.84,14.84,700,0
2015-02-02,19:00:00,14.83,14.83,14.83,14.83,100,0
2015-02-02,19:05:00,14.8,14.8,14.8,14.8,100,0
2015-02-02,19:15:00,14.81,14.81,14.81,14.81,100,0
2015-02-02,19:20:00,14.81,14.81,14.81,14.81,200,0
2015-02-02,19:25:00,14.82,14.82,14.82,14.82,100,0
2015-02-02,19:35:00,14.82,14.82,14.82,14.82,100,0
2015-02-02,19:40:00,14.81,14.81,14.81,14.81,100,0
2015-02-02,19:45:00,14.79,14.79,14.79,14.79,100,0
2015-02-02,19:50:00,14.78,14.78,14.78,14.78,100,0
2015-02-02,19:55:00,14.79,14.79,14.79,14.79,200,0
2015-02-02,20:00:00,14.79,14.79,14.78,14.78,1093,0
2015-02-02,20:05:00,14.78,14.78,14.78,14.78,300,0
2015-02-02,20:10:00,14.79,14.8,14.79,14.8,400,0
2015-02-02,20:15:00,14.78,14.79,14.78,14.79,200,0
2015-02-02,20:20:00,14.8,14.8,14.8,14.8,100,0
2015-02-02,20:25:00,14.82,14.82,14.82,14.82,300,0
2015-02-02,20:30:00,14.81,14.83,14.81,14.83,601,0
2015-02-02,20:35:00,14.83,14.83,14.83,14.83,100,0
2015-02-02,20:40:00,14.83,14.83,14.81,14.81,200,0
2015-02-02,20:45:00,14.82,14.82,14.81,14.81,200,0
2015-02-02,20:50:00,14.82,14.82,14.82,14.82,100,0
2015-02-02,20:55:00,14.81,14.84,14.81,14.84,400,0
2015-02-02,21:00:00,14.82,14.82,14.81,14.81,200,0
2015-02-02,21:05:00,14.81,14.81,14.8,14.8,300,0
2015-02-02,21:10:00,14.81,14.81,14.8,14.8,300,0
2015-02-02,21:15:00,14.81,14.84,14.81,14.84,300,0
2015-02-02,21:20:00,14.84,14.84,14.84,14.84,300,0
2015-02-02,21:25:00,14.85,14.87,14.85,14.87,600,0
2015-02-02,21:30:00,14.87,14.87,14.87,14.87,200,0
2015-02-02,21:35:00,14.86,14.87,14.86,14.87,300,0
2015-02-02,21:40:00,14.87,14.89,14.87,14.89,400,0
2015-02-02,21:45:00,14.9,14.93,14.9,14.93,900,0
2015-02-02,21:50:00,14.93,14.94,14.93,14.93,300,0
2015-02-02,21:55:00,14.93,14.93,14.93,14.93,400,0
2015-02-02,22:00:00,14.93,14.94,14.93,14.94,800,0
2015-02-03,15:45:00,15.07,15.09,15.04,15.04,5500,0
2015-02-03,15:55:00,15.0,15.01,15.0,15.01,200,0
2015-02-03,16:00:00,15.04,15.04,15.01,15.01,500,0
2015-02-03,16:05:00,15.01,15.04,15.01,15.04,600,0
2015-02-03,16:10:00,15.06,15.06,15.03,15.04,710,0
2015-02-03,16:15:00,15.03,15.03,15.01,15.01,4400,0
2015-02-03,16:35:00,15.04,15.04,15.03,15.03,400,0
2015-02-03,16:40:00,15.03,15.03,15.03,15.03,100,0
2015-02-03,16:50:00,15.01,15.01,15.01,15.01,100,0
2015-02-03,16:55:00,15.01,15.01,15.01,15.01,100,0
2015-02-03,17:00:00,14.99,14.99,14.99,14.99,100,0
2015-02-03,17:05:00,14.99,14.99,14.98,14.99,800,0
2015-02-03,17:10:00,14.99,14.99,14.99,14.99,200,0
2015-02-03,17:15:00,15.01,15.01,15.01,15.01,500,0
2015-02-03,17:30:00,15.04,15.04,15.04,15.04,400,0
2015-02-03,17:40:00,15.02,15.04,15.02,15.04,600,0
2015-02-03,17:50:00,15.03,15.03,15.03,15.03,100,0
2015-02-03,18:00:00,15.0,15.0,15.0,15.0,200,0
2015-02-03,18:05:00,15.01,15.01,15.01,15.01,500,0
2015-02-03,18:10:00,14.99,14.99,14.99,14.99,100,0
2015-02-03,18:15:00,14.99,14.99,14.99,14.99,100,0
2015-02-03,18:20:00,15.01,15.01,15.01,15.01,300,0
2015-02-03,18:30:00,15.01,15.01,15.01,15.01,100,0
2015-02-03,18:35:00,14.99,14.99,14.99,14.99,100,0
2015-02-03,18:40:00,15.0,15.0,15.0,15.0,100,0
2015-02-03,18:50:00,15.02,15.04,15.02,15.04,1100,0
2015-02-03,19:00:00,15.03,15.03,15.02,15.02,400,0
2015-02-03,19:10:00,15.01,15.01,15.01,15.01,100,0
2015-02-03,19:20:00,15.03,15.03,15.03,15.03,100,0
2015-02-03,19:25:00,15.05,15.05,15.05,15.05,700,0
2015-02-03,19:40:00,15.06,15.06,15.06,15.06,100,0
2015-02-03,20:00:00,15.07,15.09,15.07,15.09,800,0
2015-02-03,20:05:00,15.1,15.1,15.1,15.1,955,0
2015-02-03,20:10:00,15.11,15.11,15.11,15.11,100,0
2015-02-03,20:15:00,15.11,15.11,15.1,15.1,3200,0
2015-02-03,20:25:00,15.1,15.1,15.1,15.1,200,0
2015-02-03,20:40:00,15.08,15.08,15.08,15.08,200,0
2015-02-03,20:45:00,15.08,15.08,15.08,15.08,100,0
2015-02-03,20:50:00,15.08,15.08,15.08,15.08,100,0
2015-02-03,21:00:00,15.08,15.1,15.08,15.1,300,0
2015-02-03,21:05:00,15.1,15.1,15.1,15.1,400,0
2015-02-03,21:50:00,15.09,15.11,15.08,15.11,2445,0
2015-02-03,21:55:00,15.11,15.13,15.11,15.13,700,0
2015-02-03,22:00:00,15.11,15.14,15.11,15.13,658,0
2015-02-04,15:45:00,15.13,15.13,15.06,15.06,300,0
2015-02-04,16:05:00,15.12,15.12,15.12,15.12,400,0
2015-02-04,16:10:00,15.14,15.14,15.14,15.14,200,0
2015-02-04,16:15:00,15.13,15.13,15.13,15.13,100,0
2015-02-04,16:20:00,15.13,15.13,15.13,15.13,1250,0
2015-02-04,16:25:00,15.14,15.14,15.14,15.14,2550,0
2015-02-04,16:35:00,15.13,15.13,15.11,15.11,4760,0
2015-02-04,16:40:00,15.12,15.12,15.08,15.08,300,0
2015-02-04,16:45:00,15.17,15.17,15.17,15.17,100,0
2015-02-04,16:50:00,15.16,15.16,15.13,15.16,1100,0
2015-02-04,16:55:00,15.15,15.15,15.15,15.15,100,0
2015-02-04,17:05:00,15.15,15.15,15.15,15.15,100,0
2015-02-04,17:10:00,15.16,15.16,15.16,15.16,200,0
2015-02-04,17:20:00,15.15,15.15,15.15,15.15,100,0
2015-02-04,17:25:00,15.16,15.16,15.16,15.16,100,0
2015-02-04,17:30:00,15.16,15.16,15.16,15.16,100,0
2015-02-04,17:35:00,15.18,15.18,15.18,15.18,100,0
2015-02-04,17:40:00,15.18,15.18,15.18,15.18,100,0
2015-02-04,17:50:00,15.19,15.19,15.18,15.18,600,0
2015-02-04,17:55:00,15.16,15.16,15.16,15.16,200,0
2015-02-04,18:00:00,15.18,15.18,15.18,15.18,200,0
2015-02-04,18:05:00,15.17,15.17,15.17,15.17,1000,0
2015-02-04,18:10:00,15.16,15.16,15.16,15.16,200,0
2015-02-04,18:15:00,15.17,15.17,15.17,15.17,100,0
2015-02-04,18:20:00,15.17,15.17,15.17,15.17,200,0
2015-02-04,18:25:00,15.18,15.18,15.18,15.18,100,0
2015-02-04,18:30:00,15.17,15.17,15.17,15.17,100,0
2015-02-04,18:40:00,15.14,15.14,15.14,15.14,100,0
2015-02-04,18:45:00,15.13,15.13,15.13,15.13,100,0
2015-02-04,18:50:00,15.13,15.13,15.13,15.13,100,0
2015-02-04,18:55:00,15.13,15.13,15.12,15.12,1125,0
2015-02-04,19:00:00,15.12,15.12,15.12,15.12,100,0
2015-02-04,19:10:00,15.13,15.13,15.13,15.13,100,0
2015-02-04,19:15:00,15.15,15.15,15.15,15.15,3202,0
2015-02-04,19:20:00,15.16,15.16,15.16,15.16,100,0
2015-02-04,19:25:00,15.16,15.16,15.16,15.16,100,0
2015-02-04,19:30:00,15.16,15.16,15.16,15.16,700,0
2015-02-04,19:35:00,15.16,15.16,15.16,15.16,100,0
2015-02-04,19:40:00,15.17,15.17,15.17,15.17,300,0
2015-02-04,19:50:00,15.19,15.19,15.19,15.19,200,0
2015-02-04,19:55:00,15.17,15.19,15.17,15.19,2108,0
2015-02-04,20:00:00,15.19,15.19,15.17,15.17,3586,0
2015-02-04,20:05:00,15.18,15.18,15.18,15.18,100,0
2015-02-04,20:15:00,15.18,15.18,15.18,15.18,100,0
2015-02-04,20:20:00,15.18,15.18,15.18,15.18,100,0
2015-02-04,20:25:00,15.18,15.18,15.15,15.15,2562,0
2015-02-04,20:30:00,15.16,15.16,15.15,15.15,3200,0
2015-02-04,20:35:00,15.15,15.16,15.14,15.15,400,0
2015-02-04,20:40:00,15.17,15.17,15.17,15.17,900,0
2015-02-04,20:45:00,15.18,15.18,15.18,15.18,100,0
2015-02-04,20:50:00,15.18,15.19,15.18,15.19,2500,0
2015-02-04,20:55:00,15.19,15.19,15.19,15.19,450,0
2015-02-04,21:00:00,15.2,15.2,15.2,15.2,200,0
2015-02-04,21:05:00,15.2,15.2,15.2,15.2,2400,0
2015-02-04,21:10:00,15.18,15.19,15.18,15.19,500,0
2015-02-04,21:30:00,15.22,15.22,15.22,15.22,500,0
2015-02-04,21:35:00,15.22,15.23,15.22,15.23,300,0
2015-02-04,21:40:00,15.21,15.21,15.21,15.21,100,0
2015-02-04,21:45:00,15.2,15.2,15.19,15.19,200,0
2015-02-04,21:50:00,15.18,15.18,15.12,15.15,1100,0
2015-02-04,21:55:00,15.15,15.15,15.15,15.15,100,0
2015-02-04,22:00:00,15.15,15.16,15.15,15.15,800,0
2015-02-05,15:35:00,15.14,15.18,15.13,15.14,2100,0
2015-02-05,15:40:00,15.13,15.16,15.12,15.14,2400,0
2015-02-05,15:55:00,15.18,15.18,15.18,15.18,100,0
2015-02-05,16:20:00,15.18,15.18,15.18,15.18,100,0
2015-02-05,16:30:00,15.18,15.18,15.18,15.18,100,0
2015-02-05,16:40:00,15.18,15.18,15.18,15.18,100,0
2015-02-05,16:55:00,15.19,15.19,15.19,15.19,1070,0
2015-02-05,17:35:00,15.19,15.19,15.19,15.19,200,0
2015-02-05,17:55:00,15.2,15.2,15.2,15.2,288,0
2015-02-05,18:00:00,15.19,15.19,15.19,15.19,100,0
2015-02-05,18:05:00,15.18,15.18,15.16,15.16,3050,0
2015-02-05,18:40:00,15.16,15.17,15.16,15.16,1000,0
2015-02-05,18:50:00,15.17,15.17,15.16,15.17,2900,0
2015-02-05,18:55:00,15.19,15.19,15.18,15.18,1400,0
2015-02-05,19:00:00,15.18,15.18,15.14,15.17,5143,0
2015-02-05,19:05:00,15.17,15.17,15.16,15.17,1300,0
2015-02-05,19:10:00,15.17,15.18,15.17,15.17,600,0
2015-02-05,19:15:00,15.18,15.19,15.18,15.19,200,0
2015-02-05,19:20:00,15.2,15.2,15.2,15.2,200,0
2015-02-05,19:25:00,15.2,15.2,15.2,15.2,500,0
2015-02-05,19:30:00,15.2,15.2,15.2,15.2,500,0
2015-02-05,19:55:00,15.23,15.23,15.23,15.23,100,0
2015-02-05,20:10:00,15.21,15.21,15.21,15.21,792,0
2015-02-05,20:15:00,15.22,15.22,15.22,15.22,670,0
2015-02-05,20:30:00,15.21,15.21,15.21,15.21,500,0
2015-02-05,21:15:00,15.21,15.21,15.21,15.21,600,0
2015-02-05,21:25:00,15.22,15.22,15.21,15.21,800,0
2015-02-05,21:40:00,15.23,15.23,15.23,15.23,100,0
2015-02-05,21:50:00,15.22,15.22,15.17,15.17,2759,0
2015-02-05,21:55:00,15.18,15.2,15.17,15.18,2259,0
2015-02-05,22:00:00,15.17,15.18,15.16,15.16,2630,0
2015-02-06,15:35:00,15.2,15.2,15.2,15.2,200,0
2015-02-06,16:15:00,15.22,15.23,15.22,15.23,300,0
2015-02-06,16:35:00,15.23,15.23,15.23,15.23,109,0
2015-02-06,16:40:00,15.23,15.23,15.21,15.21,400,0
2015-02-06,16:45:00,15.21,15.21,15.21,15.21,400,0
2015-02-06,16:50:00,15.22,15.22,15.22,15.22,600,0
2015-02-06,16:55:00,15.23,15.24,15.23,15.24,400,0
2015-02-06,17:00:00,15.23,15.23,15.23,15.23,100,0
2015-02-06,17:05:00,15.22,15.22,15.22,15.22,300,0
2015-02-06,17:10:00,15.22,15.24,15.22,15.24,300,0
2015-02-06,17:15:00,15.23,15.23,15.23,15.23,200,0
2015-02-06,17:25:00,15.23,15.23,15.22,15.22,300,0
2015-02-06,17:30:00,15.22,15.22,15.22,15.22,100,0
2015-02-06,17:35:00,15.22,15.22,15.22,15.22,100,0
2015-02-06,17:40:00,15.22,15.22,15.22,15.22,200,0
2015-02-06,17:45:00,15.22,15.22,15.22,15.22,200,0
2015-02-06,17:50:00,15.21,15.21,15.21,15.21,100,0
2015-02-06,17:55:00,15.21,15.21,15.21,15.21,200,0
2015-02-06,18:00:00,15.21,15.21,15.21,15.21,400,0
2015-02-06,18:10:00,15.22,15.22,15.22,15.22,100,0
2015-02-06,18:15:00,15.22,15.23,15.22,15.23,200,0
2015-02-06,18:20:00,15.21,15.22,15.21,15.21,450,0
2015-02-06,18:25:00,15.21,15.21,15.21,15.21,100,0
2015-02-06,18:30:00,15.23,15.23,15.23,15.23,1557,0
2015-02-06,18:35:00,15.24,15.24,15.24,15.24,1900,0
2015-02-06,18:40:00,15.23,15.23,15.23,15.23,100,0
2015-02-06,18:45:00,15.23,15.23,15.23,15.23,200,0
2015-02-06,18:50:00,15.2,15.2,15.2,15.2,200,0
2015-02-06,18:55:00,15.2,15.2,15.2,15.2,362,0
2015-02-06,19:00:00,15.2,15.2,15.2,15.2,737,0
2015-02-06,19:05:00,15.2,15.2,15.2,15.2,100,0
2015-02-06,19:10:00,15.2,15.2,15.2,15.2,275,0
2015-02-06,19:20:00,15.2,15.21,15.2,15.21,428,0
2015-02-06,19:25:00,15.2,15.2,15.2,15.2,1500,0
2015-02-06,19:30:00,15.2,15.2,15.2,15.2,2500,0
2015-02-06,19:35:00,15.2,15.2,15.15,15.15,1600,0
2015-02-06,19:40:00,15.15,15.15,15.15,15.15,100,0
2015-02-06,19:45:00,15.17,15.18,15.17,15.18,1600,0
2015-02-06,19:50:00,15.2,15.22,15.19,15.22,1000,0
2015-02-06,20:00:00,15.2,15.22,15.2,15.22,3200,0
2015-02-06,20:10:00,15.19,15.19,15.19,15.19,100,0
2015-02-06,20:15:00,15.22,15.22,15.19,15.19,2100,0
2015-02-06,20:20:00,15.19,15.19,15.19,15.19,500,0
2015-02-06,20:25:00,15.19,15.19,15.19,15.19,300,0
2015-02-06,20:30:00,15.19,15.19,15.18,15.18,200,0
2015-02-06,20:35:00,15.18,15.18,15.18,15.18,2396,0
2015-02-06,20:40:00,15.19,15.19,15.19,15.19,500,0
2015-02-06,20:45:00,15.19,15.21,15.19,15.21,500,0
2015-02-06,20:55:00,15.19,15.19,15.19,15.19,300,0
2015-02-06,21:00:00,15.19,15.19,15.19,15.19,300,0
2015-02-06,21:05:00,15.18,15.18,15.18,15.18,994,0
2015-02-06,21:10:00,15.18,15.18,15.18,15.18,300,0
2015-02-06,21:15:00,15.18,15.18,15.18,15.18,400,0
2015-02-06,21:20:00,15.18,15.18,15.18,15.18,700,0
2015-02-06,21:25:00,15.18,15.18,15.15,15.15,1276,0
2015-02-06,21:30:00,15.15,15.15,15.14,15.14,600,0
2015-02-06,21:35:00,15.15,15.15,15.14,15.14,598,0
2015-02-06,21:40:00,15.15,15.15,15.14,15.14,300,0
2015-02-06,21:45:00,15.13,15.13,15.12,15.12,400,0
2015-02-06,21:50:00,15.12,15.13,15.12,15.12,1025,0
2015-02-06,21:55:00,15.12,15.13,15.12,15.13,1976,0
2015-02-06,22:00:00,15.13,15.13,15.11,15.13,2800,0
2015-02-09,15:35:00,15.12,15.12,15.12,15.12,7118,0
2015-02-09,15:40:00,15.17,15.18,15.12,15.13,1400,0
2015-02-09,15:45:00,15.13,15.16,15.13,15.16,1200,0
2015-02-09,16:15:00,15.14,15.14,15.14,15.14,499,0
2015-02-09,16:50:00,15.15,15.15,15.15,15.15,100,0
2015-02-09,17:30:00,15.16,15.16,15.16,15.16,100,0
2015-02-09,18:00:00,15.15,15.15,15.14,15.14,2255,0
2015-02-09,18:05:00,15.15,15.15,15.15,15.15,300,0
2015-02-09,18:45:00,15.16,15.16,15.16,15.16,1024,0
2015-02-09,19:40:00,15.15,15.15,15.15,15.15,600,0
2015-02-09,19:50:00,15.15,15.15,15.15,15.15,1200,0
2015-02-09,20:30:00,15.14,15.19,15.14,15.19,5707,0
2015-02-09,20:35:00,15.14,15.18,15.13,15.14,6500,0
2015-02-09,20:40:00,15.14,15.14,15.14,15.14,700,0
2015-02-09,20:45:00,15.14,15.14,15.14,15.14,200,0
2015-02-09,20:50:00,15.14,15.14,15.14,15.14,300,0
2015-02-09,20:55:00,15.13,15.13,15.13,15.13,200,0
2015-02-09,21:00:00,15.13,15.13,15.13,15.13,200,0
2015-02-09,21:05:00,15.13,15.16,15.13,15.13,1000,0
2015-02-09,21:10:00,15.13,15.13,15.13,15.13,1600,0
2015-02-09,21:15:00,15.13,15.13,15.11,15.11,1350,0
2015-02-09,21:20:00,15.1,15.11,15.1,15.11,600,0
2015-02-09,21:35:00,15.11,15.11,15.11,15.11,6200,0
2015-02-09,21:40:00,15.11,15.11,15.11,15.11,100,0
2015-02-09,21:45:00,15.13,15.13,15.12,15.12,400,0
2015-02-09,21:50:00,15.12,15.12,15.12,15.12,763,0
2015-02-09,22:00:00,15.15,15.15,15.15,15.15,400,0
2015-02-10,15:35:00,15.2,15.2,15.2,15.2,5978,0
2015-02-10,15:40:00,15.18,15.2,15.18,15.2,872,0
2015-02-10,15:45:00,15.18,15.21,15.18,15.21,200,0
2015-02-10,15:50:00,15.19,15.19,15.19,15.19,400,0
2015-02-10,15:55:00,15.19,15.19,15.19,15.19,100,0
2015-02-10,16:00:00,15.18,15.18,15.18,15.18,100,0
2015-02-10,16:05:00,15.18,15.18,15.14,15.14,1300,0
2015-02-10,16:15:00,15.16,15.16,15.16,15.16,100,0
2015-02-10,16:20:00,15.16,15.16,15.15,15.16,500,0
2015-02-10,16:25:00,15.16,15.16,15.16,15.16,200,0
2015-02-10,16:30:00,15.16,15.16,15.16,15.16,300,0
2015-02-10,16:35:00,15.15,15.15,15.14,15.14,900,0
2015-02-10,16:40:00,15.14,15.14,15.14,15.14,200,0
2015-02-10,16:45:00,15.14,15.14,15.14,15.14,300,0
2015-02-10,16:50:00,15.15,15.15,15.15,15.15,100,0
2015-02-10,16:55:00,15.14,15.14,15.13,15.13,300,0
2015-02-10,17:00:00,15.14,15.14,15.14,15.14,100,0
2015-02-10,17:05:00,15.14,15.14,15.14,15.14,100,0
2015-02-10,17:10:00,15.14,15.14,15.14,15.14,100,0
2015-02-10,17:15:00,15.15,15.15,15.13,15.13,700,0
2015-02-10,17:20:00,15.15,15.15,15.15,15.15,100,0
2015-02-10,17:25:00,15.15,15.15,15.15,15.15,1700,0
2015-02-10,17:30:00,15.16,15.16,15.16,15.16,100,0
2015-02-10,17:35:00,15.16,15.16,15.16,15.16,200,0
2015-02-10,17:40:00,15.16,15.16,15.16,15.16,200,0
2015-02-10,17:45:00,15.18,15.18,15.18,15.18,100,0
2015-02-10,17:50:00,15.16,15.16,15.16,15.16,100,0
2015-02-10,17:55:00,15.16,15.16,15.16,15.16,100,0
2015-02-10,18:00:00,15.16,15.16,15.16,15.16,1402,0
2015-02-10,18:05:00,15.18,15.18,15.18,15.18,100,0
2015-02-10,18:10:00,15.18,15.18,15.18,15.18,100,0
2015-02-10,18:15:00,15.18,15.22,15.18,15.22,1100,0
2015-02-10,18:20:00,15.2,15.22,15.2,15.22,600,0
2015-02-10,18:25:00,15.22,15.23,15.21,15.21,400,0
2015-02-10,18:30:00,15.23,15.23,15.23,15.23,100,0
2015-02-10,18:35:00,15.22,15.22,15.22,15.22,100,0
2015-02-10,18:40:00,15.23,15.23,15.23,15.23,100,0
2015-02-10,18:45:00,15.22,15.22,15.22,15.22,230,0
2015-02-10,18:50:00,15.23,15.23,15.22,15.22,400,0
2015-02-10,18:55:00,15.23,15.23,15.22,15.22,200,0
2015-02-10,19:00:00,15.22,15.22,15.22,15.22,100,0
2015-02-10,19:10:00,15.23,15.23,15.23,15.23,200,0
2015-02-10,19:15:00,15.21,15.23,15.21,15.23,700,0
2015-02-10,19:20:00,15.24,15.24,15.24,15.24,100,0
2015-02-10,19:25:00,15.23,15.23,15.23,15.23,100,0
2015-02-10,19:30:00,15.22,15.22,15.22,15.22,100,0
2015-02-10,19:35:00,15.23,15.23,15.23,15.23,100,0
2015-02-10,19:40:00,15.23,15.23,15.23,15.23,100,0
2015-02-10,19:45:00,15.24,15.24,15.24,15.24,200,0
2015-02-10,19:50:00,15.24,15.24,15.24,15.24,100,0
2015-02-10,19:55:00,15.24,15.24,15.24,15.24,100,0
2015-02-10,20:00:00,15.24,15.24,15.24,15.24,100,0
2015-02-10,20:05:00,15.23,15.23,15.23,15.23,100,0
2015-02-10,20:10:00,15.24,15.24,15.24,15.24,100,0
2015-02-10,20:15:00,15.24,15.25,15.24,15.24,800,0
2015-02-10,20:20:00,15.24,15.24,15.24,15.24,1110,0
2015-02-10,20:25:00,15.24,15.24,15.24,15.24,200,0
2015-02-10,20:30:00,15.24,15.24,15.24,15.24,400,0
2015-02-10,20:35:00,15.25,15.25,15.24,15.25,4500,0
2015-02-10,20:40:00,15.26,15.26,15.26,15.26,100,0
2015-02-10,20:45:00,15.25,15.25,15.24,15.25,2400,0
2015-02-10,20:50:00,15.25,15.25,15.23,15.23,755,0
2015-02-10,20:55:00,15.24,15.24,15.24,15.24,200,0
2015-02-10,21:00:00,15.23,15.24,15.23,15.24,390,0
2015-02-10,21:05:00,15.24,15.24,15.24,15.24,200,0
2015-02-10,21:10:00,15.23,15.25,15.23,15.23,2025,0
2015-02-10,21:15:00,15.27,15.27,15.27,15.27,315,0
2015-02-10,21:20:00,15.24,15.24,15.23,15.23,2357,0
2015-02-10,21:35:00,15.27,15.27,15.27,15.27,200,0
2015-02-10,21:45:00,15.27,15.27,15.27,15.27,100,0
2015-02-10,21:55:00,15.27,15.27,15.26,15.27,1485,0
2015-02-10,22:00:00,15.27,15.27,15.25,15.27,5110,0
2015-02-11,15:35:00,15.22,15.3,15.22,15.3,5713,0
2015-02-11,15:40:00,15.21,15.31,15.21,15.31,700,0
2015-02-11,15:45:00,15.32,15.33,15.32,15.33,800,0
2015-02-11,15:50:00,15.32,15.32,15.32,15.32,1200,0
2015-02-11,16:00:00,15.32,15.32,15.32,15.32,200,0
2015-02-11,16:15:00,15.31,15.31,15.3,15.3,800,0
2015-02-11,16:20:00,15.29,15.29,15.26,15.28,1400,0
2015-02-11,16:25:00,15.28,15.28,15.27,15.28,1900,0
2015-02-11,16:35:00,15.27,15.27,15.27,15.27,100,0
2015-02-11,16:40:00,15.27,15.27,15.27,15.27,100,0
2015-02-11,17:00:00,15.28,15.29,15.28,15.28,2200,0
2015-02-11,17:05:00,15.3,15.3,15.3,15.3,1580,0
2015-02-11,17:15:00,15.3,15.3,15.3,15.3,150,0
2015-02-11,17:30:00,15.29,15.29,15.29,15.29,250,0
2015-02-11,17:35:00,15.29,15.29,15.28,15.28,1700,0
2015-02-11,17:50:00,15.28,15.28,15.28,15.28,227,0
2015-02-11,18:55:00,15.28,15.28,15.28,15.28,100,0
2015-02-11,19:00:00,15.27,15.27,15.26,15.26,200,0
2015-02-11,19:10:00,15.25,15.26,15.25,15.26,1000,0
2015-02-11,19:15:00,15.25,15.25,15.25,15.25,200,0
2015-02-11,19:35:00,15.26,15.26,15.26,15.26,1300,0
2015-02-11,19:55:00,15.25,15.25,15.25,15.25,100,0
2015-02-11,20:00:00,15.26,15.26,15.26,15.26,100,0
2015-02-11,20:15:00,15.3,15.3,15.3,15.3,325,0
2015-02-11,20:20:00,15.29,15.29,15.28,15.28,300,0
2015-02-11,20:25:00,15.28,15.28,15.26,15.27,1473,0
2015-02-11,20:50:00,15.28,15.28,15.28,15.28,350,0
2015-02-11,20:55:00,15.27,15.27,15.27,15.27,1600,0
2015-02-11,21:00:00,15.28,15.28,15.27,15.27,1250,0
2015-02-11,21:30:00,15.28,15.28,15.28,15.28,300,0
2015-02-11,21:35:00,15.31,15.31,15.3,15.3,200,0
2015-02-11,21:40:00,15.32,15.35,15.32,15.33,3900,0
2015-02-11,21:45:00,15.32,15.32,15.32,15.32,1200,0
2015-02-11,21:50:00,15.32,15.33,15.32,15.33,462,0
2015-02-11,22:00:00,15.32,15.33,15.31,15.32,700,0
2015-02-12,15:35:00,15.41,15.42,15.39,15.39,1400,0
2015-02-12,15:40:00,15.4,15.4,15.4,15.4,400,0
2015-02-12,15:45:00,15.4,15.4,15.37,15.38,2196,0
2015-02-12,15:55:00,15.41,15.41,15.41,15.41,100,0
2015-02-12,16:00:00,15.42,15.43,15.4,15.43,1200,0
2015-02-12,16:10:00,15.43,15.43,15.43,15.43,100,0
2015-02-12,16:15:00,15.43,15.43,15.43,15.43,100,0
2015-02-12,16:20:00,15.44,15.46,15.44,15.44,2250,0
2015-02-12,16:30:00,15.44,15.44,15.43,15.43,500,0
2015-02-12,16:35:00,15.43,15.43,15.43,15.43,100,0
2015-02-12,16:40:00,15.43,15.43,15.43,15.43,100,0
2015-02-12,16:50:00,15.43,15.43,15.43,15.43,100,0
2015-02-12,16:55:00,15.43,15.43,15.43,15.43,200,0
2015-02-12,17:05:00,15.43,15.43,15.43,15.43,200,0
2015-02-12,17:10:00,15.43,15.43,15.43,15.43,100,0
2015-02-12,17:15:00,15.43,15.43,15.43,15.43,200,0
2015-02-12,17:25:00,15.43,15.43,15.43,15.43,350,0
2015-02-12,17:35:00,15.43,15.43,15.42,15.42,1500,0
2015-02-12,17:45:00,15.43,15.43,15.43,15.43,100,0
2015-02-12,17:55:00,15.43,15.43,15.42,15.42,800,0
2015-02-12,18:00:00,15.42,15.42,15.42,15.42,100,0
2015-02-12,18:10:00,15.43,15.43,15.42,15.42,1000,0
2015-02-12,18:20:00,15.42,15.42,15.42,15.42,100,0
2015-02-12,18:55:00,15.43,15.43,15.43,15.43,100,0
2015-02-12,19:00:00,15.43,15.43,15.43,15.43,100,0
2015-02-12,19:05:00,15.43,15.43,15.43,15.43,100,0
2015-02-12,19:15:00,15.43,15.43,15.41,15.41,1200,0
2015-02-12,19:20:00,15.42,15.42,15.42,15.42,750,0
2015-02-12,19:30:00,15.41,15.41,15.4,15.41,1625,0
2015-02-12,19:35:00,15.41,15.41,15.39,15.41,2285,0
2015-02-12,19:40:00,15.4,15.41,15.4,15.41,701,0
2015-02-12,19:50:00,15.42,15.42,15.42,15.42,100,0
2015-02-12,20:00:00,15.42,15.42,15.42,15.42,100,0
2015-02-12,20:05:00,15.42,15.42,15.4,15.4,1496,0
2015-02-12,20:15:00,15.41,15.41,15.4,15.4,800,0
2015-02-12,20:20:00,15.41,15.41,15.41,15.41,100,0
2015-02-12,20:25:00,15.42,15.42,15.42,15.42,200,0
2015-02-12,20:30:00,15.42,15.42,15.39,15.41,1998,0
2015-02-12,20:35:00,15.4,15.4,15.39,15.39,3100,0
2015-02-12,20:40:00,15.39,15.39,15.39,15.39,2100,0
2015-02-12,20:45:00,15.41,15.43,15.39,15.41,3587,0
2015-02-12,20:50:00,15.43,15.47,15.42,15.42,14232,0
2015-02-12,20:55:00,15.42,15.42,15.41,15.42,5550,0
2015-02-12,21:05:00,15.42,15.45,15.42,15.42,2400,0
2015-02-12,21:10:00,15.41,15.42,15.41,15.42,2640,0
2015-02-12,21:15:00,15.45,15.45,15.45,15.45,100,0
2015-02-12,21:20:00,15.45,15.45,15.41,15.45,714,0
2015-02-12,21:25:00,15.42,15.45,15.42,15.42,400,0
2015-02-12,21:30:00,15.42,15.42,15.42,15.42,100,0
2015-02-12,21:40:00,15.41,15.41,15.39,15.41,1200,0
2015-02-12,21:45:00,15.42,15.42,15.42,15.42,1600,0
2015-02-12,21:50:00,15.42,15.42,15.39,15.4,2412,0
2015-02-12,21:55:00,15.39,15.4,15.35,15.36,7303,0
2015-02-12,22:00:00,15.36,15.38,15.36,15.37,3154,0
2015-02-13,15:35:00,15.32,15.32,15.32,15.32,3000,0
2015-02-13,15:40:00,15.43,15.44,15.43,15.44,500,0
2015-02-13,15:45:00,15.43,15.45,15.43,15.45,1970,0
2015-02-13,15:50:00,15.45,15.45,15.45,15.45,550,0
2015-02-13,16:15:00,15.46,15.47,15.43,15.43,702,0
2015-02-13,16:20:00,15.45,15.45,15.45,15.45,200,0
2015-02-13,16:25:00,15.45,15.45,15.45,15.45,100,0
2015-02-13,16:40:00,15.46,15.46,15.46,15.46,200,0
2015-02-13,16:50:00,15.46,15.46,15.46,15.46,315,0
2015-02-13,17:05:00,15.46,15.47,15.46,15.47,2100,0
2015-02-13,17:30:00,15.45,15.47,15.45,15.47,250,0
2015-02-13,18:20:00,15.47,15.47,15.47,15.47,500,0
2015-02-13,18:25:00,15.47,15.47,15.46,15.47,1700,0
2015-02-13,18:35:00,15.46,15.47,15.46,15.47,339,0
2015-02-13,18:45:00,15.47,15.47,15.47,15.47,100,0
2015-02-13,18:55:00,15.47,15.47,15.47,15.47,300,0
2015-02-13,19:10:00,15.46,15.46,15.46,15.46,500,0
2015-02-13,19:25:00,15.46,15.46,15.46,15.46,100,0
2015-02-13,19:30:00,15.46,15.46,15.42,15.45,6300,0
2015-02-13,19:40:00,15.43,15.43,15.43,15.43,100,0
2015-02-13,19:50:00,15.42,15.42,15.42,15.42,100,0
2015-02-13,19:55:00,15.42,15.42,15.42,15.42,200,0
2015-02-13,20:05:00,15.43,15.43,15.43,15.43,100,0
2015-02-13,20:10:00,15.44,15.44,15.44,15.44,100,0
2015-02-13,20:15:00,15.43,15.43,15.43,15.43,100,0
2015-02-13,20:25:00,15.42,15.42,15.42,15.42,100,0
2015-02-13,20:30:00,15.43,15.43,15.43,15.43,200,0
2015-02-13,20:35:00,15.43,15.43,15.43,15.43,100,0
2015-02-13,20:40:00,15.43,15.44,15.43,15.43,2200,0
2015-02-13,20:45:00,15.43,15.43,15.43,15.43,1680,0
2015-02-13,20:50:00,15.43,15.43,15.43,15.43,894,0
2015-02-13,20:55:00,15.43,15.43,15.43,15.43,100,0
2015-02-13,21:00:00,15.44,15.44,15.44,15.44,1202,0
2015-02-13,21:05:00,15.43,15.43,15.43,15.43,200,0
2015-02-13,21:15:00,15.44,15.44,15.44,15.44,100,0
2015-02-13,21:20:00,15.44,15.44,15.44,15.44,100,0
2015-02-13,21:25:00,15.44,15.44,15.44,15.44,100,0
2015-02-13,21:30:00,15.44,15.44,15.44,15.44,100,0
2015-02-13,21:35:00,15.44,15.44,15.44,15.44,200,0
2015-02-13,21:40:00,15.44,15.44,15.44,15.44,100,0
2015-02-13,21:45:00,15.44,15.44,15.44,15.44,580,0
2015-02-13,21:50:00,15.44,15.44,15.44,15.44,320,0
2015-02-13,21:55:00,15.44,15.45,15.37,15.44,6555,0
2015-02-13,22:00:00,15.44,15.45,15.44,15.45,1283,0
2015-02-17,15:35:00,15.37,15.37,15.37,15.37,200,0
2015-02-17,15:50:00,15.45,15.46,15.4,15.46,400,0
2015-02-17,15:55:00,15.45,15.45,15.4,15.4,400,0
2015-02-17,16:00:00,15.41,15.41,15.41,15.41,300,0
2015-02-17,16:05:00,15.43,15.43,15.41,15.41,200,0
2015-02-17,16:10:00,15.43,15.46,15.43,15.46,600,0
2015-02-17,16:15:00,15.46,15.46,15.44,15.44,200,0
2015-02-17,16:20:00,15.47,15.47,15.47,15.47,200,0
2015-02-17,16:25:00,15.47,15.47,15.47,15.47,500,0
2015-02-17,16:30:00,15.47,15.47,15.47,15.47,100,0
2015-02-17,16:35:00,15.47,15.47,15.47,15.47,500,0
2015-02-17,16:40:00,15.47,15.47,15.47,15.47,200,0
2015-02-17,16:45:00,15.47,15.47,15.47,15.47,500,0
2015-02-17,16:50:00,15.47,15.47,15.47,15.47,350,0
2015-02-17,16:55:00,15.47,15.47,15.47,15.47,200,0
2015-02-17,17:00:00,15.47,15.47,15.46,15.46,300,0
2015-02-17,17:50:00,15.44,15.45,15.44,15.45,3400,0
2015-02-17,18:05:00,15.45,15.45,15.45,15.45,100,0
2015-02-17,18:10:00,15.46,15.46,15.46,15.46,100,0
2015-02-17,18:20:00,15.45,15.45,15.45,15.45,300,0
2015-02-17,18:30:00,15.45,15.45,15.45,15.45,100,0
2015-02-17,18:40:00,15.48,15.48,15.48,15.48,200,0
2015-02-17,18:55:00,15.48,15.49,15.48,15.48,800,0
2015-02-17,19:05:00,15.49,15.5,15.49,15.49,4486,0
2015-02-17,19:35:00,15.48,15.48,15.48,15.48,1300,0
2015-02-17,19:40:00,15.48,15.48,15.48,15.48,800,0
2015-02-17,19:45:00,15.48,15.48,15.48,15.48,100,0
2015-02-17,19:50:00,15.5,15.5,15.48,15.48,495,0
2015-02-17,20:05:00,15.48,15.5,15.48,15.5,1393,0
2015-02-17,20:20:00,15.48,15.49,15.48,15.49,2550,0
2015-02-17,20:45:00,15.48,15.48,15.48,15.48,1763,0
2015-02-17,20:50:00,15.49,15.5,15.49,15.5,390,0
2015-02-17,21:05:00,15.47,15.47,15.46,15.47,600,0
2015-02-17,21:40:00,15.48,15.48,15.48,15.48,600,0
2015-02-17,21:50:00,15.47,15.47,15.46,15.46,1500,0
2015-02-17,21:55:00,15.47,15.47,15.46,15.46,1000,0
2015-02-17,22:00:00,15.48,15.48,15.46,15.48,584,0
2015-02-18,15:35:00,15.43,15.43,15.43,15.43,6963,0
2015-02-18,15:40:00,15.49,15.49,15.49,15.49,100,0
2015-02-18,15:45:00,15.5,15.5,15.5,15.5,200,0
2015-02-18,15:50:00,15.5,15.5,15.48,15.5,563,0
2015-02-18,15:55:00,15.5,15.5,15.5,15.5,200,0
2015-02-18,16:00:00,15.5,15.5,15.5,15.5,300,0
2015-02-18,16:05:00,15.47,15.48,15.47,15.48,200,0
2015-02-18,16:10:00,15.5,15.5,15.5,15.5,100,0
2015-02-18,16:15:00,15.5,15.5,15.5,15.5,400,0
2015-02-18,16:20:00,15.5,15.5,15.5,15.5,100,0
2015-02-18,16:25:00,15.5,15.5,15.48,15.48,1500,0
2015-02-18,16:35:00,15.45,15.47,15.45,15.47,200,0
2015-02-18,16:40:00,15.48,15.48,15.48,15.48,100,0
2015-02-18,16:45:00,15.48,15.5,15.48,15.5,200,0
2015-02-18,16:50:00,15.5,15.5,15.5,15.5,100,0
2015-02-18,16:55:00,15.5,15.5,15.5,15.5,300,0
2015-02-18,17:00:00,15.5,15.5,15.5,15.5,100,0
2015-02-18,17:05:00,15.5,15.5,15.5,15.5,400,0
2015-02-18,17:10:00,15.5,15.5,15.5,15.5,300,0
2015-02-18,17:15:00,15.49,15.5,15.49,15.5,200,0
2015-02-18,17:20:00,15.5,15.5,15.5,15.5,300,0
2015-02-18,17:25:00,15.5,15.5,15.5,15.5,500,0
2015-02-18,17:30:00,15.48,15.5,15.48,15.5,300,0
2015-02-18,17:35:00,15.5,15.5,15.5,15.5,200,0
2015-02-18,17:40:00,15.52,15.52,15.52,15.52,300,0
2015-02-18,17:50:00,15.48,15.48,15.48,15.48,100,0
2015-02-18,17:55:00,15.5,15.5,15.49,15.49,1100,0
2015-02-18,18:00:00,15.52,15.52,15.51,15.51,300,0
2015-02-18,18:10:00,15.52,15.52,15.52,15.52,1100,0
2015-02-18,18:20:00,15.52,15.52,15.52,15.52,200,0
2015-02-18,18:25:00,15.52,15.52,15.52,15.52,200,0
2015-02-18,18:30:00,15.52,15.52,15.52,15.52,300,0
2015-02-18,18:35:00,15.52,15.52,15.51,15.51,1995,0
2015-02-18,18:45:00,15.52,15.52,15.47,15.49,5200,0
2015-02-18,18:50:00,15.49,15.5,15.49,15.49,1400,0
2015-02-18,18:55:00,15.5,15.5,15.5,15.5,192,0
2015-02-18,19:15:00,15.49,15.49,15.49,15.49,130,0
2015-02-18,19:55:00,15.49,15.49,15.49,15.49,200,0
2015-02-18,20:05:00,15.49,15.49,15.49,15.49,392,0
2015-02-18,20:10:00,15.52,15.52,15.52,15.52,300,0
2015-02-18,20:15:00,15.52,15.55,15.5,15.5,2500,0
2015-02-18,20:20:00,15.5,15.5,15.5,15.5,100,0
2015-02-18,20:25:00,15.49,15.49,15.48,15.48,1141,0
2015-02-18,21:15:00,15.54,15.54,15.53,15.53,300,0
2015-02-18,21:20:00,15.51,15.53,15.51,15.53,300,0
2015-02-18,21:25:00,15.52,15.54,15.51,15.54,1500,0
2015-02-18,21:30:00,15.54,15.54,15.54,15.54,400,0
2015-02-18,21:35:00,15.54,15.54,15.54,15.54,400,0
2015-02-18,21:40:00,15.54,15.54,15.52,15.53,500,0
2015-02-18,21:45:00,15.53,15.53,15.51,15.53,700,0
2015-02-18,21:50:00,15.52,15.53,15.52,15.53,800,0
2015-02-18,21:55:00,15.53,15.53,15.53,15.53,100,0
2015-02-18,22:00:00,15.51,15.51,15.5,15.5,700,0
2015-02-19,15:45:00,15.51,15.51,15.47,15.47,1600,0
2015-02-19,15:50:00,15.51,15.52,15.5,15.5,1310,0
2015-02-19,15:55:00,15.51,15.53,15.51,15.53,2259,0
2015-02-19,16:00:00,15.53,15.53,15.53,15.53,1000,0
2015-02-19,16:05:00,15.53,15.53,15.53,15.53,300,0
2015-02-19,16:10:00,15.52,15.53,15.51,15.52,3200,0
2015-02-19,16:15:00,15.53,15.56,15.53,15.56,2151,0
2015-02-19,16:20:00,15.56,15.56,15.55,15.56,1100,0
2015-02-19,16:25:00,15.55,15.56,15.55,15.56,1100,0
2015-02-19,16:30:00,15.56,15.57,15.56,15.57,1449,0
2015-02-19,16:35:00,15.57,15.57,15.57,15.57,700,0
2015-02-19,16:40:00,15.58,15.58,15.58,15.58,1600,0
2015-02-19,16:45:00,15.59,15.59,15.59,15.59,800,0
2015-02-19,16:50:00,15.59,15.59,15.58,15.59,951,0
2015-02-19,16:55:00,15.59,15.59,15.59,15.59,1100,0
2015-02-19,17:00:00,15.59,15.59,15.58,15.59,1700,0
2015-02-19,17:05:00,15.59,15.59,15.59,15.59,700,0
2015-02-19,17:10:00,15.59,15.6,15.59,15.59,1751,0
2015-02-19,17:15:00,15.6,15.6,15.6,15.6,1800,0
2015-02-19,17:20:00,15.6,15.61,15.6,15.6,1902,0
2015-02-19,17:25:00,15.62,15.62,15.62,15.62,2000,0
2015-02-19,17:30:00,15.63,15.63,15.58,15.58,3845,0
2015-02-19,17:50:00,15.61,15.61,15.61,15.61,1100,0
2015-02-19,17:55:00,15.61,15.62,15.6,15.62,1250,0
2015-02-19,18:00:00,15.62,15.62,15.62,15.62,1100,0
2015-02-19,18:05:00,15.59,15.62,15.59,15.62,1800,0
2015-02-19,18:10:00,15.62,15.62,15.61,15.61,300,0
2015-02-19,18:15:00,15.62,15.62,15.62,15.62,599,0
2015-02-19,18:20:00,15.64,15.65,15.63,15.64,1900,0
2015-02-19,18:25:00,15.64,15.64,15.64,15.64,1152,0
2015-02-19,18:30:00,15.63,15.63,15.61,15.61,5500,0
2015-02-19,18:45:00,15.61,15.61,15.59,15.61,1717,0
2015-02-19,18:50:00,15.61,15.61,15.61,15.61,400,0
2015-02-19,18:55:00,15.62,15.62,15.62,15.62,783,0
2015-02-19,19:00:00,15.62,15.62,15.62,15.62,1233,0
2015-02-19,19:05:00,15.61,15.61,15.61,15.61,500,0
2015-02-19,19:20:00,15.6,15.6,15.6,15.6,200,0
2015-02-19,19:30:00,15.6,15.6,15.6,15.6,100,0
2015-02-19,19:35:00,15.61,15.61,15.61,15.61,300,0
2015-02-19,19:40:00,15.61,15.61,15.57,15.57,231,0
2015-02-19,19:45:00,15.61,15.61,15.61,15.61,100,0
2015-02-19,19:50:00,15.6,15.6,15.6,15.6,300,0
2015-02-19,19:55:00,15.58,15.6,15.58,15.6,373,0
2015-02-19,20:00:00,15.61,15.61,15.61,15.61,100,0
2015-02-19,20:05:00,15.61,15.61,15.61,15.61,500,0
2015-02-19,20:15:00,15.61,15.61,15.61,15.61,500,0
2015-02-19,20:25:00,15.6,15.6,15.6,15.6,300,0
2015-02-19,20:35:00,15.6,15.6,15.6,15.6,300,0
2015-02-19,20:40:00,15.6,15.6,15.6,15.6,300,0
2015-02-19,20:45:00,15.59,15.6,15.59,15.6,200,0
2015-02-19,20:55:00,15.58,15.59,15.57,15.57,700,0
2015-02-19,21:05:00,15.59,15.59,15.59,15.59,300,0
2015-02-19,21:10:00,15.59,15.59,15.59,15.59,300,0
2015-02-19,21:15:00,15.58,15.58,15.58,15.58,200,0
2015-02-19,21:20:00,15.59,15.59,15.58,15.58,403,0
2015-02-19,21:30:00,15.59,15.59,15.59,15.59,300,0
2015-02-19,21:35:00,15.58,15.59,15.58,15.59,300,0
2015-02-19,21:40:00,15.59,15.59,15.59,15.59,625,0
2015-02-19,21:45:00,15.59,15.59,15.59,15.59,500,0
2015-02-19,21:50:00,15.59,15.59,15.59,15.59,300,0
2015-02-19,21:55:00,15.59,15.59,15.59,15.59,800,0
2015-02-19,22:00:00,15.59,15.59,15.56,15.59,2112,0
2015-02-20,15:40:00,15.59,15.59,15.59,15.59,2008,0
2015-02-20,15:45:00,15.58,15.6,15.58,15.58,4437,0
2015-02-20,15:50:00,15.59,15.59,15.59,15.59,100,0
2015-02-20,15:55:00,15.59,15.59,15.55,15.59,1663,0
2015-02-20,16:00:00,15.55,15.57,15.55,15.57,200,0
2015-02-20,16:05:00,15.55,15.55,15.55,15.55,1475,0
2015-02-20,16:10:00,15.57,15.57,15.56,15.57,400,0
2015-02-20,16:15:00,15.57,15.57,15.57,15.57,400,0
2015-02-20,16:20:00,15.57,15.57,15.57,15.57,200,0
2015-02-20,16:25:00,15.57,15.57,15.57,15.57,500,0
2015-02-20,16:30:00,15.57,15.59,15.57,15.59,400,0
2015-02-20,16:35:00,15.58,15.58,15.58,15.58,300,0
2015-02-20,16:40:00,15.59,15.59,15.59,15.59,100,0
2015-02-20,16:45:00,15.6,15.61,15.6,15.61,1100,0
2015-02-20,16:50:00,15.62,15.63,15.62,15.63,500,0
2015-02-20,16:55:00,15.62,15.63,15.62,15.63,4200,0
2015-02-20,17:05:00,15.63,15.64,15.63,15.64,200,0
2015-02-20,17:10:00,15.64,15.64,15.63,15.63,300,0
2015-02-20,17:15:00,15.64,15.64,15.64,15.64,300,0
2015-02-20,17:25:00,15.64,15.64,15.64,15.64,300,0
2015-02-20,17:30:00,15.63,15.64,15.63,15.64,600,0
2015-02-20,17:35:00,15.64,15.64,15.64,15.64,300,0
2015-02-20,17:40:00,15.64,15.66,15.64,15.66,1735,0
2015-02-20,17:45:00,15.64,15.64,15.64,15.64,313,0
2015-02-20,18:05:00,15.65,15.65,15.65,15.65,100,0
2015-02-20,18:10:00,15.66,15.66,15.66,15.66,400,0
2015-02-20,18:20:00,15.66,15.66,15.66,15.66,100,0
2015-02-20,18:25:00,15.67,15.67,15.67,15.67,100,0
2015-02-20,18:30:00,15.66,15.66,15.66,15.66,100,0
2015-02-20,18:35:00,15.67,15.67,15.66,15.66,500,0
2015-02-20,18:50:00,15.68,15.68,15.68,15.68,200,0
2015-02-20,19:00:00,15.68,15.68,15.68,15.68,400,0
2015-02-20,19:05:00,15.67,15.67,15.67,15.67,250,0
2015-02-20,19:40:00,15.68,15.68,15.68,15.68,100,0
2015-02-20,20:25:00,15.69,15.69,15.69,15.69,100,0
2015-02-20,20:30:00,15.67,15.67,15.67,15.67,400,0
2015-02-20,20:35:00,15.67,15.67,15.67,15.67,797,0
2015-02-20,20:40:00,15.68,15.68,15.68,15.68,225,0
2015-02-20,20:45:00,15.69,15.69,15.69,15.69,100,0
2015-02-20,21:00:00,15.69,15.69,15.69,15.69,300,0
2015-02-20,21:05:00,15.69,15.69,15.69,15.69,400,0
2015-02-20,21:15:00,15.7,15.7,15.7,15.7,600,0
2015-02-20,21:30:00,15.7,15.71,15.68,15.69,1800,0
2015-02-20,22:00:00,15.71,15.71,15.7,15.71,600,0
2015-02-23,15:35:00,15.69,15.69,15.66,15.66,2039,0
2015-02-23,15:40:00,15.66,15.66,15.65,15.65,3630,0
2015-02-23,15:45:00,15.65,15.65,15.64,15.64,1602,0
2015-02-23,15:50:00,15.64,15.65,15.64,15.65,200,0
2015-02-23,15:55:00,15.65,15.65,15.65,15.65,200,0
2015-02-23,16:00:00,15.65,15.66,15.65,15.66,513,0
2015-02-23,16:05:00,15.66,15.66,15.65,15.66,1201,0
2015-02-23,16:10:00,15.66,15.66,15.66,15.66,400,0
2015-02-23,16:15:00,15.66,15.66,15.66,15.66,100,0
2015-02-23,16:20:00,15.66,15.66,15.66,15.66,300,0
2015-02-23,16:25:00,15.66,15.66,15.66,15.66,100,0
2015-02-23,16:30:00,15.66,15.67,15.66,15.67,600,0
2015-02-23,16:35:00,15.67,15.67,15.67,15.67,100,0
2015-02-23,16:40:00,15.67,15.68,15.67,15.68,200,0
2015-02-23,16:45:00,15.68,15.68,15.68,15.68,200,0
2015-02-23,16:50:00,15.68,15.68,15.68,15.68,200,0
2015-02-23,16:55:00,15.68,15.68,15.68,15.68,100,0
2015-02-23,17:00:00,15.68,15.69,15.68,15.68,1702,0
2015-02-23,17:05:00,15.69,15.69,15.69,15.69,100,0
2015-02-23,17:10:00,15.69,15.69,15.69,15.69,100,0
2015-02-23,17:15:00,15.69,15.69,15.69,15.69,300,0
2015-02-23,17:20:00,15.7,15.7,15.68,15.68,1400,0
2015-02-23,17:30:00,15.7,15.7,15.7,15.7,400,0
2015-02-23,17:40:00,15.71,15.71,15.7,15.7,1840,0
2015-02-23,17:45:00,15.7,15.7,15.7,15.7,200,0
2015-02-23,17:50:00,15.71,15.71,15.7,15.71,5600,0
2015-02-23,18:10:00,15.71,15.72,15.71,15.72,2100,0
2015-02-23,18:20:00,15.71,15.71,15.71,15.71,501,0
2015-02-23,18:25:00,15.71,15.71,15.71,15.71,2548,0
2015-02-23,18:40:00,15.71,15.71,15.71,15.71,871,0
2015-02-23,18:50:00,15.69,15.69,15.69,15.69,700,0
2015-02-23,19:00:00,15.7,15.7,15.7,15.7,100,0
2015-02-23,19:25:00,15.71,15.71,15.71,15.71,950,0
2015-02-23,19:40:00,15.72,15.74,15.72,15.74,8500,0
2015-02-23,19:50:00,15.74,15.74,15.74,15.74,100,0
2015-02-23,20:00:00,15.73,15.73,15.73,15.73,100,0
2015-02-23,20:05:00,15.73,15.73,15.73,15.73,2300,0
2015-02-23,20:10:00,15.74,15.74,15.74,15.74,100,0
2015-02-23,20:15:00,15.74,15.74,15.73,15.73,7000,0
2015-02-23,20:20:00,15.73,15.73,15.73,15.73,1240,0
2015-02-23,20:25:00,15.71,15.71,15.7,15.7,1272,0
2015-02-23,20:35:00,15.72,15.72,15.72,15.72,200,0
2015-02-23,20:40:00,15.73,15.73,15.72,15.72,1301,0
2015-02-23,20:45:00,15.73,15.73,15.73,15.73,100,0
2015-02-23,20:50:00,15.72,15.72,15.72,15.72,265,0
2015-02-23,21:00:00,15.72,15.72,15.7,15.71,635,0
2015-02-23,21:05:00,15.71,15.71,15.71,15.71,100,0
2015-02-23,21:10:00,15.7,15.71,15.7,15.71,2400,0
2015-02-23,21:15:00,15.7,15.7,15.68,15.69,800,0
2015-02-23,21:20:00,15.69,15.69,15.69,15.69,100,0
2015-02-23,21:25:00,15.7,15.7,15.7,15.7,400,0
2015-02-23,21:30:00,15.68,15.7,15.68,15.7,1110,0
2015-02-23,21:35:00,15.7,15.72,15.7,15.72,5160,0
2015-02-23,21:40:00,15.73,15.73,15.73,15.73,100,0
2015-02-23,21:50:00,15.73,15.73,15.73,15.73,100,0
2015-02-23,21:55:00,15.72,15.73,15.72,15.73,400,0
2015-02-23,22:00:00,15.69,15.73,15.69,15.73,1293,0
