Date,Time,Open,High,Low,Close,Volume,OpenInt
2014-07-17,17:40:00,1.1810,1.1820,1.1810,1.1820,1000,0
2014-07-17,19:25:00,1.1801,1.1801,1.18,1.18,640,0
2014-07-17,19:35:00,1.181,1.181,1.18,1.18,4559,0
2014-07-17,20:25:00,1.1899,1.1899,1.1899,1.1899,100,0
2014-07-17,20:45:00,1.1899,1.19,1.1899,1.19,1000,0
2014-07-17,20:50:00,1.1999,1.1999,1.1999,1.1999,800,0
2014-07-17,20:55:00,1.2,1.21,1.2,1.21,2800,0
2014-07-17,21:35:00,1.2,1.2,1.2,1.2,2000,0
2014-07-17,21:45:00,1.203,1.2044,1.203,1.2044,2400,0
2014-07-17,21:50:00,1.2,1.2001,1.19,1.1901,2900,0
2014-07-17,22:00:00,1.18,1.1878,1.18,1.1878,1366,0
2014-07-18,15:40:00,1.2259,1.2259,1.2259,1.2259,750,0
2014-07-18,15:45:00,1.2699,1.2699,1.2699,1.2699,900,0
2014-07-18,17:10:00,1.2499,1.2499,1.2499,1.2499,12796,0
2014-07-18,17:15:00,1.2,1.2,1.19,1.19,1400,0
2014-07-18,17:55:00,1.18,1.1801,1.18,1.1801,1000,0
2014-07-18,20:00:00,1.1801,1.1801,1.18,1.18,4000,0
2014-07-18,21:35:00,1.181,1.181,1.181,1.181,200,0
2014-07-18,22:00:00,1.18,1.18,1.18,1.18,500,0
2014-07-21,15:35:00,1.1,1.17,1.1,1.17,21614,0
2014-07-21,16:35:00,1.16,1.16,1.16,1.16,800,0
2014-07-21,16:45:00,1.13,1.1303,1.13,1.1303,8800,0
2014-07-21,17:00:00,1.142,1.142,1.13,1.13,700,0
2014-07-21,17:10:00,1.12,1.12,1.12,1.12,400,0
2014-07-21,17:20:00,1.1201,1.1201,1.1201,1.1201,500,0
2014-07-21,17:40:00,1.12,1.12,1.12,1.12,5594,0
2014-07-21,17:45:00,1.1201,1.1201,1.1201,1.1201,200,0
2014-07-21,17:50:00,1.127,1.127,1.127,1.127,840,0
2014-07-21,17:55:00,1.13,1.13,1.13,1.13,100,0
2014-07-21,18:20:00,1.13,1.16,1.13,1.16,5400,0
2014-07-21,20:35:00,1.1201,1.1201,1.1201,1.1201,200,0
2014-07-21,21:25:00,1.15,1.15,1.15,1.15,100,0
2014-07-21,22:00:00,1.13,1.13,1.13,1.13,1200,0
2014-07-22,15:35:00,1.1101,1.1101,1.11,1.11,200,0
2014-07-22,15:50:00,1.121,1.121,1.121,1.121,1200,0
2014-07-22,16:40:00,1.13,1.13,1.13,1.13,800,0
2014-07-22,16:50:00,1.12,1.12,1.12,1.12,2000,0
2014-07-22,16:55:00,1.12,1.12,1.11,1.11,2100,0
2014-07-22,17:00:00,1.1,1.1,1.1,1.1,2200,0
2014-07-22,17:10:00,1.14,1.14,1.1399,1.1399,384,0
2014-07-22,18:20:00,1.13,1.13,1.129,1.129,4329,0
2014-07-22,21:30:00,1.101,1.103,1.1,1.103,5100,0
2014-07-22,22:00:00,1.11,1.11,1.1,1.1,400,0
2014-07-23,15:35:00,1.13,1.13,1.13,1.13,1200,0
2014-07-23,15:55:00,1.13,1.13,1.1299,1.1299,5672,0
2014-07-23,16:05:00,1.13,1.21,1.12,1.15,14940,0
2014-07-23,16:10:00,1.17,1.191,1.17,1.19,4300,0
2014-07-23,16:15:00,1.191,1.198,1.19,1.1901,5775,0
2014-07-23,16:45:00,1.191,1.191,1.19,1.1901,2200,0
2014-07-23,17:05:00,1.22,1.22,1.1301,1.1301,1500,0
2014-07-23,19:40:00,1.14,1.14,1.14,1.14,1400,0
2014-07-23,19:45:00,1.14,1.14,1.13,1.13,1500,0
2014-07-23,21:05:00,1.1301,1.1301,1.1301,1.1301,6000,0
2014-07-24,16:25:00,1.12,1.1201,1.12,1.1201,2000,0
2014-07-24,17:05:00,1.15,1.15,1.15,1.15,1065,0
2014-07-24,18:40:00,1.12,1.132,1.12,1.132,2625,0
2014-07-24,18:45:00,1.1499,1.1499,1.1499,1.1499,200,0
2014-07-24,21:10:00,1.15,1.15,1.15,1.15,6600,0
2014-07-24,21:50:00,1.16,1.16,1.16,1.16,200,0
2014-07-24,21:55:00,1.16,1.16,1.16,1.16,2900,0
2014-07-24,22:00:00,1.15,1.1628,1.15,1.1628,5800,0
2014-07-25,16:55:00,1.1615,1.1615,1.1615,1.1615,1350,0
2014-07-25,18:05:00,1.1412,1.1412,1.12,1.1201,17400,0
2014-07-25,19:30:00,1.14,1.14,1.14,1.14,500,0
2014-07-25,21:45:00,1.12,1.13,1.12,1.13,1200,0
2014-07-25,21:50:00,1.12,1.17,1.12,1.17,600,0
2014-07-25,21:55:00,1.155,1.155,1.155,1.155,550,0
2014-07-25,22:00:00,1.12,1.12,1.12,1.12,265,0
2014-07-28,18:50:00,1.12,1.1201,1.12,1.1201,900,0
2014-07-28,21:00:00,1.11,1.119,1.11,1.119,398,0
2014-07-28,21:10:00,1.11,1.1101,1.11,1.1101,1200,0
2014-07-28,21:55:00,1.182,1.182,1.182,1.182,242,0
2014-07-29,18:25:00,1.1299,1.1299,1.1299,1.1299,3000,0
2014-07-29,19:30:00,1.121,1.121,1.121,1.121,500,0
2014-07-29,20:05:00,1.12,1.1201,1.12,1.1201,300,0
2014-07-29,22:00:00,1.11,1.11,1.11,1.11,100,0
2014-07-30,15:40:00,1.1101,1.14,1.1101,1.14,1100,0
2014-07-30,18:55:00,1.1301,1.1408,1.13,1.1408,5000,0
2014-07-30,20:30:00,1.1472,1.1472,1.1472,1.1472,1000,0
2014-07-30,20:50:00,1.13,1.13,1.13,1.13,1300,0
2014-07-30,21:55:00,1.12,1.12,1.12,1.12,300,0
2014-07-30,22:00:00,1.12,1.12,1.12,1.12,300,0
2014-07-31,16:15:00,1.12,1.12,1.1,1.11,13479,0
2014-07-31,16:50:00,1.1,1.1,1.09,1.09,8500,0
2014-07-31,17:40:00,1.115,1.115,1.115,1.115,250,0
2014-07-31,18:50:00,1.0989,1.0989,1.0989,1.0989,1500,0
2014-07-31,21:55:00,1.09,1.09,1.09,1.09,7000,0
2014-08-01,15:40:00,1.0911,1.0911,1.0911,1.0911,200,0
2014-08-01,17:15:00,1.1199,1.1199,1.1199,1.1199,831,0
2014-08-01,18:20:00,1.1199,1.1199,1.1065,1.1065,4198,0
2014-08-01,19:20:00,1.0901,1.0901,1.09,1.0901,18216,0
2014-08-01,21:40:00,1.09,1.1038,1.09,1.1038,1000,0
2014-08-04,18:55:00,1.09,1.0901,1.09,1.0901,2800,0
2014-08-04,19:05:00,1.1002,1.1002,1.1002,1.1002,1000,0
2014-08-04,19:40:00,1.0901,1.0901,1.0901,1.0901,1800,0
2014-08-05,15:45:00,1.16,1.163,1.15,1.15,400,0
2014-08-05,15:50:00,1.15,1.1501,1.15,1.1501,4196,0
2014-08-05,15:55:00,1.15,1.15,1.15,1.15,11053,0
2014-08-05,16:10:00,1.15,1.15,1.15,1.15,600,0
2014-08-05,16:55:00,1.1599,1.1599,1.1599,1.1599,1000,0
2014-08-05,17:00:00,1.16,1.16,1.15,1.15,4000,0
2014-08-05,17:15:00,1.1899,1.1899,1.1601,1.1601,2865,0
2014-08-05,17:50:00,1.16,1.16,1.15,1.15,7300,0
2014-08-05,21:50:00,1.1601,1.1601,1.16,1.16,1600,0
2014-08-05,21:55:00,1.17,1.17,1.17,1.17,400,0
2014-08-06,17:35:00,1.14,1.158,1.12,1.15,3600,0
2014-08-06,21:55:00,1.14,1.16,1.13,1.13,600,0
2014-08-07,15:40:00,1.13,1.13,1.13,1.13,1000,0
2014-08-07,17:50:00,1.1001,1.1001,1.1001,1.1001,103,0
2014-08-07,18:00:00,1.149,1.149,1.149,1.149,850,0
2014-08-07,19:25:00,1.1396,1.1396,1.1396,1.1396,1000,0
2014-08-08,15:35:00,1.13,1.13,1.09,1.09,20100,0
2014-08-08,16:30:00,1.1001,1.1001,1.1001,1.1001,300,0
2014-08-08,18:15:00,1.11,1.14,1.1,1.14,3800,0
2014-08-08,18:20:00,1.12,1.18,1.09,1.17,14800,0
2014-08-08,18:25:00,1.17,1.17,1.11,1.11,8971,0
2014-08-08,19:15:00,1.155,1.155,1.155,1.155,100,0
2014-08-08,20:40:00,1.145,1.145,1.145,1.145,200,0
2014-08-08,21:35:00,1.15,1.15,1.15,1.15,200,0
2014-08-11,18:45:00,1.21,1.21,1.18,1.18,300,0
2014-08-11,18:50:00,1.18,1.2,1.14,1.2,11401,0
2014-08-11,18:55:00,1.2,1.2,1.14,1.19,11800,0
2014-08-11,19:00:00,1.16,1.2,1.14,1.17,12700,0
2014-08-11,20:00:00,1.1301,1.178,1.13,1.178,1000,0
2014-08-11,20:10:00,1.15,1.15,1.15,1.15,500,0
2014-08-11,20:25:00,1.13,1.13,1.13,1.13,100,0
2014-08-11,20:45:00,1.1301,1.1301,1.1301,1.1301,500,0
2014-08-11,21:00:00,1.13,1.13,1.13,1.13,100,0
2014-08-11,21:20:00,1.16,1.2,1.16,1.19,4701,0
2014-08-11,21:25:00,1.19,1.2,1.14,1.17,13205,0
2014-08-11,21:30:00,1.17,1.18,1.17,1.18,400,0
2014-08-11,21:50:00,1.18,1.18,1.18,1.18,202,0
2014-08-11,21:55:00,1.2,1.2,1.2,1.2,100,0
2014-08-12,15:40:00,1.21,1.21,1.21,1.21,200,0
2014-08-12,15:45:00,1.15,1.19,1.15,1.19,2400,0
2014-08-12,15:55:00,1.15,1.15,1.12,1.12,1500,0
2014-08-12,16:10:00,1.15,1.19,1.15,1.19,11502,0
2014-08-12,16:15:00,1.18,1.19,1.14,1.18,6100,0
2014-08-12,16:20:00,1.16,1.19,1.16,1.19,6100,0
2014-08-12,16:30:00,1.16,1.2,1.16,1.16,6000,0
2014-08-12,16:35:00,1.17,1.17,1.16,1.16,5700,0
2014-08-12,16:45:00,1.14,1.16,1.13,1.16,5300,0
2014-08-12,16:50:00,1.14,1.14,1.14,1.14,200,0
2014-08-12,16:55:00,1.16,1.16,1.16,1.16,100,0
2014-08-12,17:00:00,1.13,1.2,1.13,1.18,16900,0
2014-08-12,17:05:00,1.18,1.2,1.17,1.2,3100,0
2014-08-12,17:10:00,1.15,1.15,1.14,1.14,6605,0
2014-08-12,21:25:00,1.1514,1.1514,1.1514,1.1514,165,0
2014-08-12,21:30:00,1.14,1.14,1.14,1.14,200,0
2014-08-12,21:55:00,1.14,1.14,1.14,1.14,15200,0
2014-08-12,22:00:00,1.13,1.13,1.11,1.12,2402,0
2014-08-13,16:25:00,1.101,1.103,1.09,1.103,1800,0
2014-08-13,17:15:00,1.0948,1.0948,1.0948,1.0948,165,0
2014-08-13,18:20:00,1.12,1.12,1.12,1.12,200,0
2014-08-13,18:55:00,1.09,1.093,1.09,1.093,680,0
2014-08-13,19:30:00,1.12,1.12,1.12,1.12,1676,0
2014-08-13,20:05:00,1.1199,1.1199,1.1199,1.1199,698,0
2014-08-13,20:35:00,1.1101,1.1101,1.11,1.1101,3500,0
2014-08-13,22:00:00,1.1,1.1,1.1,1.1,100,0
2014-08-14,15:35:00,1.1,1.1,1.1,1.1,194,0
2014-08-14,16:00:00,1.1187,1.1187,1.1187,1.1187,4800,0
2014-08-14,16:05:00,1.1001,1.1001,1.09,1.09,400,0
2014-08-14,16:35:00,1.1,1.1,1.1,1.1,1317,0
2014-08-14,17:50:00,1.1001,1.1001,1.1001,1.1001,194,0
2014-08-14,18:05:00,1.1099,1.1099,1.1099,1.1099,1000,0
2014-08-14,20:15:00,1.11,1.11,1.11,1.11,7537,0
2014-08-14,20:20:00,1.11,1.11,1.11,1.11,9100,0
2014-08-14,20:45:00,1.11,1.1101,1.11,1.1101,5000,0
2014-08-14,21:10:00,1.11,1.128,1.11,1.128,4400,0
2014-08-14,22:00:00,1.12,1.12,1.12,1.12,100,0
2014-08-15,15:55:00,1.12,1.12,1.12,1.12,338,0
2014-08-15,16:20:00,1.12,1.12,1.11,1.11,300,0
2014-08-15,16:25:00,1.1101,1.1101,1.1101,1.1101,11599,0
2014-08-15,18:10:00,1.11,1.1101,1.11,1.1101,2222,0
2014-08-15,19:35:00,1.122,1.122,1.122,1.122,500,0
2014-08-15,21:05:00,1.1101,1.1101,1.1101,1.1101,100,0
2014-08-15,22:00:00,1.11,1.11,1.11,1.11,6800,0
2014-08-18,16:25:00,1.12,1.12,1.12,1.12,9000,0
2014-08-18,19:00:00,1.12,1.1201,1.12,1.1201,5000,0
2014-08-18,19:10:00,1.12,1.1201,1.12,1.1201,10500,0
2014-08-18,22:00:00,1.12,1.12,1.12,1.12,5600,0
2014-08-19,15:40:00,1.12,1.12,1.12,1.12,600,0
2014-08-19,15:50:00,1.13,1.13,1.13,1.13,899,0
2014-08-19,15:55:00,1.13,1.16,1.13,1.16,700,0
2014-08-19,16:00:00,1.15,1.15,1.11,1.1135,10200,0
2014-08-19,16:05:00,1.13,1.17,1.13,1.17,3699,0
2014-08-19,16:10:00,1.16,1.16,1.14,1.15,3600,0
2014-08-19,16:15:00,1.13,1.13,1.12,1.12,4300,0
2014-08-19,16:25:00,1.12,1.1299,1.12,1.1299,946,0
2014-08-19,17:25:00,1.12,1.1299,1.12,1.1299,900,0
2014-08-19,17:30:00,1.11,1.11,1.11,1.11,1398,0
2014-08-19,17:50:00,1.137,1.1394,1.137,1.1394,700,0
2014-08-19,19:45:00,1.12,1.12,1.12,1.12,1300,0
2014-08-19,20:10:00,1.1299,1.1299,1.1299,1.1299,150,0
2014-08-19,21:15:00,1.11,1.11,1.11,1.11,400,0
2014-08-19,21:50:00,1.11,1.11,1.11,1.11,100,0
2014-08-19,21:55:00,1.11,1.11,1.11,1.11,1000,0
2014-08-19,22:00:00,1.12,1.12,1.12,1.12,12234,0
2014-08-20,15:55:00,1.12,1.12,1.12,1.12,420,0
2014-08-20,16:00:00,1.1,1.1001,1.1,1.1001,4880,0
2014-08-20,16:05:00,1.1,1.1,1.1,1.1,2400,0
2014-08-20,16:15:00,1.1,1.1,1.1,1.1,200,0
2014-08-20,16:20:00,1.09,1.09,1.09,1.09,100,0
2014-08-20,16:35:00,1.09,1.11,1.09,1.11,4139,0
2014-08-20,16:40:00,1.11,1.11,1.09,1.0901,5000,0
2014-08-20,16:45:00,1.09,1.1,1.09,1.0901,5000,0
2014-08-20,18:05:00,1.09,1.09,1.09,1.09,2200,0
2014-08-20,18:15:00,1.09,1.09,1.09,1.09,200,0
2014-08-20,20:50:00,1.11,1.11,1.11,1.11,100,0
2014-08-20,21:35:00,1.091,1.092,1.091,1.092,600,0
2014-08-20,21:50:00,1.11,1.112,1.09,1.112,3200,0
2014-08-20,22:00:00,1.1,1.1,1.1,1.1,17365,0
2014-08-21,15:35:00,1.1,1.1,1.1,1.1,300,0
2014-08-21,15:55:00,1.1001,1.1001,1.1001,1.1001,1000,0
2014-08-21,17:30:00,1.1001,1.1001,1.1001,1.1001,100,0
2014-08-21,17:50:00,1.1001,1.1001,1.1001,1.1001,200,0
2014-08-22,15:40:00,1.1,1.1,1.1,1.1,1000,0
2014-08-22,15:55:00,1.099,1.099,1.099,1.099,1329,0
2014-08-22,16:15:00,1.0901,1.0901,1.09,1.09,2100,0
2014-08-22,20:05:00,1.1,1.1,1.0997,1.0999,4040,0
2014-08-22,20:10:00,1.11,1.11,1.1096,1.1096,4230,0
2014-08-22,20:35:00,1.106,1.106,1.106,1.106,800,0
2014-08-22,21:55:00,1.1,1.11,1.1,1.1,25140,0
2014-08-22,22:00:00,1.1001,1.11,1.1001,1.11,3100,0
2014-08-25,15:35:00,1.08,1.08,1.08,1.08,1000,0
2014-08-25,15:50:00,1.15,1.18,1.1434,1.1434,6509,0
2014-08-25,17:55:00,1.1008,1.1008,1.1008,1.1008,600,0
2014-08-25,19:10:00,1.1,1.1,1.1,1.1,1800,0
2014-08-25,21:55:00,1.09,1.09,1.09,1.09,200,0
2014-08-25,22:00:00,1.11,1.11,1.11,1.11,730,0
2014-08-26,15:50:00,1.0621,1.0621,1.0621,1.0621,150,0
2014-08-26,16:05:00,1.08,1.081,1.06,1.06,25127,0
2014-08-26,16:15:00,1.08,1.08,1.08,1.08,400,0
2014-08-26,16:20:00,1.06,1.06,1.06,1.06,420,0
2014-08-26,16:45:00,1.0891,1.0891,1.08,1.084,7100,0
2014-08-26,16:50:00,1.08,1.081,1.08,1.081,2800,0
2014-08-26,17:00:00,1.08,1.08,1.08,1.08,4600,0
2014-08-26,17:20:00,1.0748,1.0748,1.07,1.07,4400,0
2014-08-26,17:25:00,1.07,1.07,1.07,1.07,5400,0
2014-08-26,17:45:00,1.11,1.11,1.0901,1.0901,1400,0
2014-08-26,18:15:00,1.12,1.12,1.09,1.09,300,0
2014-08-26,18:20:00,1.1,1.1,1.09,1.09,400,0
2014-08-26,18:25:00,1.08,1.13,1.08,1.08,1400,0
2014-08-26,18:30:00,1.13,1.13,1.13,1.13,100,0
2014-08-26,18:35:00,1.08,1.08,1.077,1.077,200,0
2014-08-26,19:35:00,1.1001,1.11,1.1,1.1,300,0
2014-08-26,20:00:00,1.1,1.1,1.1,1.1,2000,0
2014-08-26,20:10:00,1.1,1.1,1.1,1.1,200,0
2014-08-26,20:25:00,1.08,1.08,1.08,1.08,3100,0
2014-08-26,20:40:00,1.08,1.08,1.08,1.08,500,0
2014-08-26,21:35:00,1.09,1.09,1.08,1.08,200,0
2014-08-26,21:45:00,1.08,1.08,1.08,1.08,100,0
2014-08-26,21:55:00,1.07,1.09,1.07,1.07,1900,0
2014-08-26,22:00:00,1.08,1.09,1.08,1.08,6724,0
2014-08-27,16:00:00,1.0601,1.07,1.06,1.07,6100,0
2014-08-27,16:55:00,1.0701,1.0701,1.07,1.07,2000,0
2014-08-27,18:00:00,1.06,1.06,1.06,1.06,1200,0
2014-08-27,19:25:00,1.0501,1.0501,1.0501,1.0501,500,0
2014-08-27,19:40:00,1.07,1.07,1.07,1.07,500,0
2014-08-27,21:35:00,1.07,1.07,1.07,1.07,2500,0
2014-08-27,21:55:00,1.06,1.0601,1.06,1.0601,3700,0
2014-08-28,15:45:00,1.05,1.054,1.05,1.05,10000,0
2014-08-28,16:00:00,1.0786,1.0786,1.075,1.075,1000,0
2014-08-28,16:10:00,1.072,1.072,1.06,1.06,1300,0
2014-08-28,16:15:00,1.07,1.07,1.07,1.07,2000,0
2014-08-28,16:40:00,1.07,1.07,1.07,1.07,3600,0
2014-08-28,17:10:00,1.06,1.067,1.06,1.067,1200,0
2014-08-28,17:20:00,1.06,1.06,1.06,1.06,1500,0
2014-08-28,18:50:00,1.06,1.06,1.06,1.06,100,0
2014-08-28,19:10:00,1.06,1.06,1.06,1.06,100,0
2014-08-28,19:15:00,1.07,1.09,1.06,1.09,7000,0
2014-08-28,20:00:00,1.06,1.06,1.06,1.06,100,0
2014-08-28,20:20:00,1.06,1.06,1.06,1.06,100,0
2014-08-28,20:55:00,1.06,1.0601,1.06,1.0601,1000,0
2014-08-28,21:10:00,1.06,1.06,1.06,1.06,100,0
2014-08-28,21:25:00,1.06,1.06,1.06,1.06,100,0
2014-08-28,21:35:00,1.0701,1.0701,1.0701,1.0701,100,0
2014-08-28,21:40:00,1.0701,1.0701,1.0701,1.0701,100,0
2014-08-28,21:50:00,1.07,1.07,1.07,1.07,200,0
2014-08-28,21:55:00,1.07,1.07,1.07,1.07,100,0
2014-08-28,22:00:00,1.07,1.08,1.07,1.08,900,0
2014-08-29,16:00:00,1.08,1.1,1.08,1.1,6719,0
2014-08-29,16:25:00,1.061,1.061,1.061,1.061,1420,0
2014-08-29,17:45:00,1.0999,1.0999,1.0999,1.0999,300,0
2014-08-29,20:15:00,1.07,1.07,1.07,1.07,1500,0
2014-09-02,17:20:00,1.0862,1.0862,1.0862,1.0862,1488,0
2014-09-02,17:40:00,1.0301,1.0301,1.0301,1.0301,625,0
2014-09-02,18:35:00,1.0301,1.0301,1.0301,1.0301,700,0
2014-09-02,18:50:00,1.0536,1.0536,1.05,1.05,900,0
2014-09-02,21:30:00,1.0301,1.04,1.0301,1.04,6200,0
2014-09-02,22:00:00,1.0399,1.04,1.0399,1.04,5240,0
2014-09-03,17:10:00,1.04,1.0401,1.04,1.0401,4812,0
2014-09-03,21:05:00,1.0632,1.0632,1.04,1.04,300,0
2014-09-03,21:50:00,1.0569,1.0569,1.0569,1.0569,850,0
2014-09-03,22:00:00,1.04,1.04,1.04,1.04,230,0
2014-09-04,15:50:00,1.04,1.04,1.04,1.04,3000,0
2014-09-04,16:50:00,1.08,1.08,1.08,1.08,200,0
2014-09-04,17:10:00,1.0701,1.0701,1.07,1.07,400,0
2014-09-04,19:55:00,1.07,1.0704,1.06,1.061,3675,0
2014-09-04,21:00:00,1.04,1.04,1.04,1.04,100,0
2014-09-04,21:40:00,1.06,1.06,1.04,1.06,400,0
2014-09-04,21:50:00,1.03,1.03,1.03,1.03,3100,0
2014-09-04,22:00:00,1.03,1.03,1.03,1.03,100,0
2014-09-05,15:35:00,1.06,1.06,1.06,1.06,100,0
2014-09-05,15:50:00,1.0676,1.0676,1.0676,1.0676,320,0
2014-09-05,15:55:00,1.09,1.09,1.09,1.09,499,0
2014-09-05,16:05:00,1.0899,1.09,1.0899,1.09,1000,0
2014-09-05,16:45:00,1.0876,1.0876,1.0876,1.0876,500,0
2014-09-05,16:50:00,1.03,1.03,1.03,1.03,168,0
2014-09-05,17:30:00,1.054,1.054,1.054,1.054,9200,0
2014-09-05,21:55:00,1.03,1.03,1.03,1.03,100,0
2014-09-08,17:25:00,1.06,1.06,1.0599,1.0599,489,0
2014-09-08,17:55:00,1.06,1.06,1.06,1.06,363,0
2014-09-08,18:25:00,1.0301,1.0301,1.0301,1.0301,500,0
2014-09-08,19:15:00,1.0301,1.032,1.0301,1.032,3000,0
2014-09-08,19:50:00,1.0332,1.0332,1.0332,1.0332,1200,0
2014-09-08,20:25:00,1.03,1.0332,1.03,1.0332,4800,0
2014-09-09,15:40:00,1.03,1.03,1.02,1.02,3000,0
2014-09-09,17:20:00,1.0283,1.0283,1.0283,1.0283,1500,0
2014-09-09,17:30:00,1.0299,1.0299,1.0299,1.0299,1700,0
2014-09-09,18:25:00,1.0298,1.0298,1.0298,1.0298,6800,0
2014-09-09,18:30:00,1.03,1.03,1.03,1.03,1000,0
2014-09-09,19:55:00,1.029,1.029,1.029,1.029,975,0
2014-09-09,20:35:00,1.02,1.0254,1.02,1.0254,6850,0
2014-09-10,18:25:00,1.02,1.02,1.02,1.02,300,0
2014-09-10,19:50:00,1.02,1.02,1.02,1.02,1292,0
2014-09-10,20:45:00,1.03,1.03,1.03,1.03,5000,0
2014-09-10,21:10:00,1.023,1.023,1.02,1.02,300,0
2014-09-11,20:30:00,1.02,1.0287,1.02,1.0287,23750,0
2014-09-12,15:35:00,1.0,1.0,0.99,0.99,19663,0
2014-09-12,15:45:00,1.0899,1.0899,1.081,1.081,600,0
2014-09-12,15:55:00,1.07,1.07,1.07,1.07,3000,0
2014-09-12,16:10:00,1.042,1.042,1.042,1.042,150,0
2014-09-12,17:10:00,1.0,1.0,0.99,0.99,4550,0
2014-09-12,19:05:00,1.0,1.0112,1.0,1.0112,5000,0
2014-09-12,19:40:00,1.0,1.0,1.0,1.0,3400,0
2014-09-12,19:45:00,1.0099,1.0099,0.99,0.99,28206,0
2014-09-12,19:55:00,0.99,0.99,0.98,0.9899,4900,0
2014-09-12,20:00:00,0.98,0.98,0.921,0.921,3700,0
2014-09-12,20:05:00,0.97,0.97,0.93,0.9373,4051,0
2014-09-12,20:10:00,0.937,0.94,0.937,0.94,1100,0
2014-09-12,20:15:00,0.94,0.94,0.939,0.9399,13000,0
2014-09-12,20:20:00,0.94,0.94,0.94,0.94,2198,0
2014-09-12,20:25:00,0.94,0.94,0.94,0.94,1000,0
2014-09-12,20:30:00,0.94,0.94,0.94,0.94,3000,0
2014-09-12,20:40:00,0.94,0.94,0.94,0.94,1000,0
2014-09-12,20:55:00,0.941,1.03,0.902,1.03,77665,0
2014-09-15,15:35:00,1.02,1.02,1.02,1.02,7564,0
2014-09-15,15:40:00,1.01,1.01,0.99,0.99,17100,0
2014-09-15,15:45:00,0.96,0.96,0.96,0.96,100,0
2014-09-15,16:15:00,0.995,0.995,0.995,0.995,181,0
2014-09-15,16:20:00,0.97,0.97,0.97,0.97,500,0
2014-09-15,16:35:00,0.9701,0.9701,0.9701,0.9701,500,0
2014-09-15,16:40:00,0.993,0.993,0.9929,0.9929,200,0
2014-09-15,16:50:00,0.9701,0.9701,0.9701,0.9701,200,0
2014-09-15,17:20:00,0.97,0.9722,0.97,0.9722,2700,0
2014-09-15,17:25:00,0.9784,0.9784,0.9784,0.9784,2000,0
2014-09-15,17:40:00,0.965,0.9677,0.965,0.9677,8000,0
2014-09-15,18:00:00,0.965,0.97,0.96,0.96,18499,0
2014-09-15,18:10:00,0.9699,0.9699,0.9699,0.9699,1000,0
2014-09-15,18:25:00,0.9699,0.9699,0.9699,0.9699,300,0
2014-09-15,18:45:00,0.9672,0.9672,0.9672,0.9672,240,0
2014-09-15,18:55:00,0.97,0.988,0.97,0.988,1250,0
2014-09-15,19:10:00,0.975,0.975,0.975,0.975,1200,0
2014-09-15,19:45:00,0.96,0.96,0.96,0.96,1000,0
2014-09-15,20:50:00,0.975,0.975,0.975,0.975,4900,0
2014-09-15,21:50:00,0.98,0.98,0.98,0.98,3775,0
2014-09-15,21:55:00,0.975,0.975,0.975,0.975,7200,0
2014-09-15,22:00:00,0.971,0.995,0.971,0.995,5000,0
2014-09-16,16:00:00,0.98,0.9801,0.98,0.9801,1700,0
2014-09-16,18:45:00,0.98,0.9801,0.98,0.9801,2100,0
2014-09-16,19:00:00,0.9801,0.9801,0.98,0.98,12700,0
2014-09-16,19:40:00,0.98,0.98,0.98,0.98,242,0
2014-09-16,21:55:00,0.99,0.99,0.99,0.99,100,0
2014-09-17,15:35:00,0.99,0.99,0.99,0.99,18010,0
2014-09-17,21:05:00,1.0101,1.0101,1.01,1.0101,6000,0
2014-09-17,21:50:00,1.03,1.03,1.03,1.03,4187,0
2014-09-18,15:35:00,1.07,1.07,1.05,1.05,11550,0
2014-09-18,16:30:00,1.058,1.058,1.058,1.058,900,0
2014-09-18,16:50:00,1.07,1.07,1.07,1.07,914,0
2014-09-18,16:55:00,1.08,1.08,1.08,1.08,100,0
2014-09-18,17:00:00,1.07,1.0701,1.07,1.0701,4760,0
2014-09-18,17:05:00,1.07,1.07,1.07,1.07,2000,0
2014-09-18,17:10:00,1.0701,1.0701,1.0701,1.0701,1000,0
2014-09-18,17:15:00,1.071,1.071,1.071,1.071,3000,0
2014-09-18,17:40:00,1.08,1.08,1.08,1.08,5000,0
2014-09-18,18:20:00,1.03,1.03,1.03,1.03,100,0
2014-09-18,18:25:00,1.06,1.06,1.06,1.06,6153,0
2014-09-18,18:30:00,1.056,1.056,1.056,1.056,1000,0
2014-09-18,19:35:00,1.04,1.04,1.04,1.04,100,0
2014-09-18,20:10:00,1.05,1.05,1.05,1.05,3918,0
2014-09-18,20:25:00,1.05,1.05,1.05,1.05,1100,0
2014-09-18,20:45:00,1.052,1.052,1.052,1.052,1361,0
2014-09-18,20:50:00,1.05,1.0501,1.05,1.0501,4000,0
2014-09-18,20:55:00,1.05,1.05,1.05,1.05,9018,0
2014-09-18,21:05:00,1.0401,1.0401,1.0401,1.0401,4000,0
2014-09-18,21:20:00,1.05,1.05,1.05,1.05,918,0
2014-09-18,21:50:00,1.06,1.06,1.06,1.06,7300,0
2014-09-18,22:00:00,1.07,1.07,1.07,1.07,2600,0
2014-09-19,15:35:00,1.04,1.04,1.04,1.04,650,0
2014-09-19,15:40:00,1.04,1.04,1.04,1.04,3709,0
2014-09-19,15:45:00,1.041,1.041,1.041,1.041,1000,0
2014-09-19,15:50:00,1.0401,1.0401,1.0401,1.0401,200,0
2014-09-19,16:00:00,1.0,1.0,1.0,1.0,900,0
2014-09-19,17:15:00,1.06,1.06,1.06,1.06,1000,0
2014-09-19,17:35:00,1.06,1.06,1.06,1.06,21824,0
2014-09-19,18:15:00,1.0398,1.0398,1.0398,1.0398,1000,0
2014-09-19,18:30:00,1.0301,1.0301,1.0301,1.0301,199,0
2014-09-19,18:55:00,1.032,1.032,1.032,1.032,400,0
2014-09-19,22:00:00,1.05,1.05,1.05,1.05,400,0
2014-09-22,15:50:00,1.01,1.01,1.01,1.01,2754,0
2014-09-22,19:50:00,1.04,1.04,1.04,1.04,250,0
2014-09-22,21:55:00,1.03,1.03,1.03,1.03,200,0
2014-09-23,15:45:00,1.0115,1.0115,1.0115,1.0115,400,0
2014-09-23,16:00:00,1.03,1.03,1.03,1.03,200,0
2014-09-23,20:50:00,1.02,1.02,1.02,1.02,800,0
2014-09-23,21:35:00,1.026,1.026,1.026,1.026,500,0
2014-09-24,15:35:00,1.04,1.04,1.04,1.04,1114,0
2014-09-24,16:30:00,1.0352,1.0352,1.0352,1.0352,1000,0
2014-09-24,16:35:00,1.0399,1.0399,1.0399,1.0399,1644,0
2014-09-24,17:00:00,1.0101,1.0101,1.01,1.01,700,0
2014-09-24,18:20:00,1.03,1.03,1.03,1.03,100,0
2014-09-24,18:50:00,1.03,1.03,1.03,1.03,100,0
2014-09-24,19:05:00,1.01,1.0101,1.01,1.0101,1450,0
2014-09-24,19:20:00,1.03,1.03,1.03,1.03,100,0
2014-09-24,19:35:00,1.03,1.03,1.03,1.03,100,0
2014-09-24,20:05:00,1.03,1.03,1.03,1.03,200,0
2014-09-24,20:25:00,1.015,1.015,1.015,1.015,1000,0
2014-09-24,20:35:00,1.03,1.03,1.03,1.03,100,0
2014-09-24,21:05:00,1.03,1.03,1.03,1.03,100,0
2014-09-24,21:35:00,1.03,1.03,1.03,1.03,100,0
2014-09-24,21:40:00,1.0101,1.014,1.01,1.014,4600,0
2014-09-24,21:55:00,1.02,1.02,1.02,1.02,300,0
2014-09-24,22:00:00,1.02,1.02,1.02,1.02,100,0
2014-09-25,16:25:00,1.01,1.01,1.01,1.01,8392,0
2014-09-25,16:40:00,1.0101,1.0101,1.0101,1.0101,450,0
2014-09-25,17:05:00,1.01,1.0101,1.01,1.0101,1000,0
2014-09-25,18:35:00,1.01,1.01,1.01,1.01,180,0
2014-09-25,19:00:00,1.0158,1.0158,1.0158,1.0158,400,0
2014-09-25,19:10:00,1.0158,1.0158,1.0158,1.0158,500,0
2014-09-25,20:55:00,1.02,1.02,1.02,1.02,100,0
2014-09-25,22:00:00,1.02,1.02,1.02,1.02,2300,0
2014-09-26,17:05:00,1.0184,1.0184,1.0184,1.0184,1500,0
2014-09-26,17:35:00,1.0,1.0,1.0,1.0,3200,0
2014-09-26,17:40:00,1.0,1.0,1.0,1.0,2000,0
2014-09-26,17:45:00,1.0,1.0,1.0,1.0,2100,0
2014-09-26,20:50:00,0.98,0.98,0.98,0.98,10000,0
2014-09-26,21:25:00,0.9999,0.9999,0.9999,0.9999,1000,0
2014-09-29,16:10:00,0.995,0.995,0.995,0.995,1000,0
2014-09-29,17:15:00,0.9999,0.9999,0.9999,0.9999,1000,0
2014-09-29,18:30:00,0.995,0.995,0.995,0.995,822,0
2014-09-29,19:35:00,1.01,1.01,1.01,1.01,100,0
2014-09-29,22:00:00,1.015,1.015,1.015,1.015,200,0
2014-09-30,17:05:00,1.03,1.03,1.02,1.02,1368,0
2014-09-30,18:50:00,0.9951,0.9951,0.9951,0.9951,850,0
2014-10-01,15:50:00,0.9951,0.9951,0.9951,0.9951,2000,0
2014-10-01,16:20:00,0.999,0.999,0.999,0.999,200,0
2014-10-01,16:25:00,0.999,0.999,0.999,0.999,400,0
2014-10-01,16:35:00,1.0,1.0,1.0,1.0,900,0
2014-10-01,19:35:00,1.0,1.0,0.96,0.965,20780,0
2014-10-01,20:00:00,0.96,0.96,0.96,0.96,600,0
2014-10-01,22:00:00,0.96,0.96,0.96,0.96,200,0
2014-10-02,15:40:00,1.0,1.0,1.0,1.0,2028,0
2014-10-02,15:45:00,1.0199,1.0199,1.0199,1.0199,2500,0
2014-10-02,15:50:00,1.02,1.02,1.02,1.02,1300,0
2014-10-02,16:35:00,1.0299,1.03,1.0299,1.03,10000,0
2014-10-02,16:40:00,1.03,1.03,1.03,1.03,1000,0
2014-10-02,16:50:00,1.022,1.022,1.022,1.022,700,0
2014-10-02,16:55:00,1.0396,1.0396,1.0396,1.0396,3100,0
2014-10-02,17:05:00,1.04,1.04,1.04,1.04,2000,0
2014-10-02,17:45:00,1.0299,1.03,1.0299,1.03,1200,0
2014-10-02,18:30:00,1.03,1.03,1.03,1.03,1000,0
2014-10-02,18:35:00,1.03,1.03,1.0299,1.0299,9100,0
2014-10-02,20:20:00,1.02,1.02,1.02,1.02,6300,0
2014-10-02,21:10:00,1.025,1.025,1.0201,1.0201,1000,0
2014-10-03,15:40:00,1.0217,1.0217,1.0217,1.0217,1000,0
2014-10-03,16:10:00,1.0399,1.04,1.0399,1.04,9560,0
2014-10-03,16:15:00,1.04,1.05,1.04,1.05,1408,0
2014-10-03,16:20:00,1.05,1.06,1.05,1.06,1990,0
2014-10-03,16:30:00,1.05,1.0501,1.05,1.05,14860,0
2014-10-03,16:45:00,1.05,1.06,1.05,1.06,1200,0
2014-10-03,17:00:00,1.0699,1.0699,1.0699,1.0699,700,0
2014-10-03,17:50:00,1.07,1.07,1.07,1.07,4000,0
2014-10-03,20:15:00,1.0692,1.0692,1.0692,1.0692,500,0
2014-10-03,20:55:00,1.0659,1.0659,1.0659,1.0659,1000,0
2014-10-03,21:10:00,1.0301,1.0301,1.0301,1.0301,2734,0
2014-10-06,15:35:00,1.08,1.08,1.08,1.08,1200,0
2014-10-06,15:40:00,1.0799,1.0799,1.0799,1.0799,1000,0
2014-10-06,15:45:00,1.071,1.08,1.071,1.08,1200,0
2014-10-06,16:30:00,1.045,1.045,1.045,1.045,3000,0
2014-10-06,18:50:00,1.03,1.03,1.03,1.03,1300,0
2014-10-06,20:25:00,1.0499,1.05,1.0499,1.05,1000,0
2014-10-06,20:50:00,1.06,1.06,1.06,1.06,500,0
2014-10-06,21:00:00,1.0501,1.0501,1.0501,1.0501,1100,0
2014-10-06,21:05:00,1.07,1.07,1.07,1.07,1000,0
2014-10-06,21:30:00,1.08,1.08,1.08,1.08,1000,0
2014-10-06,21:50:00,1.0799,1.08,1.0799,1.08,4000,0
2014-10-07,20:15:00,1.07,1.07,1.05,1.06,600,0
2014-10-07,20:25:00,1.06,1.06,1.05,1.05,300,0
2014-10-07,21:10:00,1.05,1.05,1.05,1.05,1300,0
2014-10-07,21:45:00,1.0401,1.0401,1.0401,1.0401,900,0
2014-10-08,15:35:00,1.07,1.07,1.07,1.07,100,0
2014-10-08,15:50:00,1.04,1.041,1.04,1.04,3256,0
2014-10-08,15:55:00,1.0399,1.04,1.03,1.03,8500,0
2014-10-08,16:00:00,1.046,1.046,1.03,1.03,3100,0
2014-10-08,20:10:00,1.0201,1.0201,1.0201,1.0201,1400,0
2014-10-08,22:00:00,1.05,1.05,1.05,1.05,100,0
2014-10-09,20:05:00,1.06,1.06,1.06,1.06,800,0
2014-10-09,20:15:00,1.0401,1.0401,1.0401,1.0401,718,0
2014-10-09,21:00:00,1.0401,1.0401,1.0401,1.0401,1000,0
2014-10-09,21:10:00,1.0401,1.0401,1.0401,1.0401,550,0
2014-10-09,21:40:00,1.046,1.046,1.046,1.046,1000,0
2014-10-10,16:35:00,1.02,1.02,1.02,1.02,12000,0
2014-10-10,17:15:00,1.01,1.01,1.01,1.01,2800,0
2014-10-10,17:50:00,1.01,1.01,1.01,1.01,3757,0
2014-10-10,17:55:00,1.0,1.0001,0.99,1.0001,10200,0
2014-10-10,19:25:00,1.0,1.0,0.99,0.99,2631,0
2014-10-10,20:40:00,0.99,0.99,0.99,0.99,2000,0
2014-10-10,21:45:00,0.99,0.99,0.99,0.99,1000,0
2014-10-13,15:35:00,0.98,0.98,0.975,0.975,15000,0
2014-10-13,19:35:00,1.01,1.01,0.99,0.99,1000,0
2014-10-14,15:50:00,1.0,1.0,1.0,1.0,600,0
2014-10-14,17:00:00,0.99,0.99,0.99,0.99,700,0
2014-10-14,19:20:00,1.0,1.0,1.0,1.0,2000,0
2014-10-14,20:05:00,0.98,0.98,0.98,0.98,400,0
2014-10-14,21:15:00,0.97,0.97,0.97,0.97,200,0
2014-10-14,21:25:00,1.0199,1.0199,1.0199,1.0199,100,0
2014-10-14,21:40:00,0.97,0.97,0.97,0.97,2593,0
2014-10-14,21:50:00,0.97,0.97,0.97,0.97,1785,0
2014-10-14,21:55:00,0.9701,0.9701,0.97,0.97,5000,0
2014-10-14,22:00:00,0.97,1.0099,0.97,1.0099,855,0
2014-10-15,16:25:00,0.97,0.97,0.97,0.97,1870,0
2014-10-15,16:50:00,0.96,0.96,0.96,0.96,1096,0
2014-10-15,19:15:00,0.9999,0.9999,0.9999,0.9999,200,0
2014-10-15,21:15:00,0.98,0.98,0.98,0.98,200,0
2014-10-16,16:20:00,0.95,0.997,0.94,0.997,14933,0
2014-10-16,17:35:00,0.978,0.99,0.97,0.97,3557,0
2014-10-16,20:30:00,0.96,0.96,0.96,0.96,1000,0
2014-10-16,21:15:00,0.95,0.95,0.95,0.95,3490,0
2014-10-16,21:30:00,0.9499,0.95,0.94,0.95,9710,0
2014-10-16,21:35:00,0.95,0.95,0.95,0.95,2110,0
2014-10-16,21:50:00,0.9599,0.9599,0.9599,0.9599,390,0
2014-10-17,15:50:00,0.9501,0.9501,0.9501,0.9501,750,0
2014-10-17,16:35:00,0.9596,1.01,0.9596,1.01,700,0
2014-10-17,19:55:00,0.98,0.98,0.98,0.98,1910,0
2014-10-17,20:15:00,0.9997,0.9997,0.9997,0.9997,2000,0
2014-10-17,20:20:00,0.9701,0.9701,0.97,0.97,500,0
2014-10-17,21:20:00,0.99,0.99,0.99,0.99,200,0
2014-10-17,22:00:00,1.0,1.0,1.0,1.0,2000,0
2014-10-20,15:35:00,1.0,1.0,1.0,1.0,2668,0
2014-10-20,18:30:00,0.9601,0.9601,0.96,0.9601,2600,0
2014-10-20,20:20:00,0.98,0.98,0.98,0.98,1900,0
2014-10-21,18:35:00,0.98,0.98,0.98,0.98,200,0
2014-10-21,19:40:00,0.98,0.98,0.98,0.98,1000,0
2014-10-21,19:45:00,0.9701,0.9701,0.97,0.97,2980,0
2014-10-21,20:10:00,0.9799,0.9799,0.9799,0.9799,356,0
2014-10-22,17:15:00,0.9632,0.9632,0.96,0.9601,800,0
2014-10-22,18:20:00,0.96,0.96,0.96,0.96,637,0
2014-10-22,18:35:00,0.961,0.961,0.96,0.96,721,0
2014-10-22,21:50:00,0.96,0.96,0.96,0.96,490,0
2014-10-23,17:15:00,0.9601,0.9601,0.9601,0.9601,5000,0
2014-10-23,17:20:00,0.9601,0.9601,0.96,0.96,700,0
2014-10-23,18:35:00,0.9743,0.9743,0.9743,0.9743,350,0
2014-10-23,20:10:00,0.96,0.96,0.96,0.96,1900,0
2014-10-23,21:05:00,0.96,0.9601,0.96,0.9601,2710,0
2014-10-23,21:35:00,0.96,0.96,0.96,0.96,1000,0
2014-10-23,21:40:00,0.97,0.97,0.97,0.97,400,0
2014-10-24,15:35:00,1.0,1.0,1.0,1.0,200,0
2014-10-24,15:55:00,1.0099,1.01,1.0098,1.01,2200,0
2014-10-24,16:10:00,1.01,1.03,1.01,1.03,5000,0
2014-10-24,16:15:00,1.02,1.02,1.02,1.02,1100,0
2014-10-24,16:25:00,1.0199,1.07,1.0199,1.07,38583,0
2014-10-24,16:35:00,1.0699,1.0699,1.05,1.05,3300,0
2014-10-24,16:40:00,1.052,1.052,1.052,1.052,2000,0
2014-10-24,17:25:00,1.0501,1.0501,1.05,1.05,4100,0
2014-10-24,17:30:00,1.05,1.05,1.01,1.01,1687,0
2014-10-24,17:35:00,1.0002,1.0002,1.0001,1.0001,1900,0
2014-10-24,17:45:00,1.01,1.01,1.01,1.01,800,0
2014-10-24,19:25:00,0.98,0.98,0.98,0.98,100,0
2014-10-24,20:10:00,0.99,1.0,0.99,1.0,600,0
2014-10-24,20:45:00,1.01,1.0199,1.01,1.0199,900,0
2014-10-24,21:05:00,1.02,1.03,1.02,1.03,300,0
2014-10-24,21:10:00,1.03,1.03,1.03,1.03,1750,0
2014-10-24,21:15:00,1.03,1.03,1.03,1.03,700,0
2014-10-24,21:40:00,1.0116,1.0116,1.0116,1.0116,400,0
2014-10-24,21:45:00,1.04,1.04,1.0064,1.0064,3187,0
2014-10-24,21:50:00,1.03,1.04,1.03,1.04,500,0
2014-10-24,21:55:00,1.0064,1.0064,1.001,1.001,4500,0
2014-10-24,22:00:00,1.0064,1.0064,1.0064,1.0064,300,0
2014-10-27,15:15:00,0.9952,0.9952,0.9952,0.9952,220,0
2014-10-27,20:05:00,1.021,1.021,1.021,1.021,3800,0
2014-10-28,15:10:00,0.9673,0.9673,0.9673,0.9673,100,0
2014-10-28,15:35:00,1.05,1.05,1.0499,1.0499,1500,0
2014-10-28,16:10:00,1.05,1.05,1.05,1.05,800,0
2014-10-28,17:25:00,0.9798,0.9798,0.9798,0.9798,500,0
2014-10-28,17:45:00,1.03,1.03,1.03,1.03,200,0
2014-10-28,19:55:00,0.991,0.991,0.991,0.991,5600,0
2014-10-29,15:50:00,1.0499,1.0499,1.0499,1.0499,1000,0
2014-10-29,15:55:00,1.0499,1.0499,1.0499,1.0499,200,0
2014-10-29,16:00:00,0.99,0.99,0.9899,0.99,3250,0
2014-10-29,16:15:00,0.99,0.99,0.97,0.98,8600,0
2014-10-29,16:30:00,0.99,0.99,0.99,0.99,3800,0
2014-10-29,19:15:00,1.0,1.0,1.0,1.0,100,0
2014-10-29,20:05:00,1.0099,1.0099,1.0099,1.0099,1243,0
2014-10-29,20:15:00,0.9932,1.01,0.9932,1.01,200,0
2014-10-29,20:20:00,0.9932,0.9932,0.9932,0.9932,200,0
2014-10-29,20:25:00,0.9932,0.9932,0.9932,0.9932,100,0
2014-10-29,20:30:00,1.0,1.0,1.0,1.0,100,0
2014-10-29,20:35:00,0.9964,0.9964,0.9964,0.9964,100,0
2014-10-29,20:40:00,0.9964,1.0032,0.9964,1.0032,300,0
2014-10-29,20:55:00,1.0032,1.0032,1.0,1.0,10055,0
2014-10-29,21:00:00,1.0032,1.02,1.0032,1.02,1300,0
2014-10-30,17:10:00,0.996,0.996,0.996,0.996,1334,0
2014-10-30,18:20:00,1.01,1.01,1.01,1.01,200,0
2014-10-30,19:50:00,1.0,1.0,1.0,1.0,200,0
2014-10-30,21:00:00,0.99,0.99,0.99,0.99,300,0
2014-10-31,14:35:00,1.04,1.04,1.04,1.04,600,0
2014-10-31,16:30:00,1.0201,1.0201,1.0201,1.0201,2000,0
2014-10-31,17:45:00,1.0216,1.0216,1.0216,1.0216,500,0
2014-10-31,17:50:00,1.0216,1.0216,1.0216,1.0216,200,0
2014-10-31,17:55:00,1.0216,1.0216,1.0216,1.0216,100,0
2014-10-31,18:00:00,1.0216,1.0216,1.0216,1.0216,100,0
2014-10-31,18:05:00,1.0216,1.0216,1.0216,1.0216,400,0
2014-10-31,18:10:00,1.0216,1.0216,1.0216,1.0216,100,0
2014-10-31,18:15:00,1.0216,1.0216,1.0216,1.0216,300,0
2014-10-31,18:25:00,1.0216,1.0216,1.0216,1.0216,400,0
2014-10-31,18:30:00,1.0216,1.0216,1.0216,1.0216,100,0
2014-10-31,18:50:00,1.0216,1.0216,1.0216,1.0216,200,0
2014-10-31,19:20:00,1.02,1.0201,1.02,1.0201,200,0
2014-11-03,15:35:00,0.95,0.95,0.95,0.95,2000,0
2014-11-03,17:15:00,0.9801,0.9801,0.9801,0.9801,1682,0
2014-11-03,17:40:00,0.98,1.03,0.98,1.03,2600,0
2014-11-03,20:45:00,1.0048,1.0048,1.0,1.0,900,0
2014-11-03,21:00:00,0.991,0.991,0.98,0.98,2000,0
2014-11-03,22:00:00,0.99,0.99,0.98,0.98,500,0
2014-11-04,19:20:00,1.0,1.0001,1.0,1.0001,2000,0
2014-11-04,20:45:00,1.03,1.03,1.03,1.03,1800,0
2014-11-06,15:35:00,1.03,1.04,1.03,1.04,3500,0
2014-11-06,15:50:00,1.001,1.001,1.0,1.0,1150,0
2014-11-06,15:55:00,1.0,1.004,1.0,1.004,1200,0
2014-11-06,16:25:00,1.0001,1.0001,1.0,1.0,3000,0
2014-11-06,17:55:00,1.0,1.0,1.0,1.0,1000,0
2014-11-06,18:50:00,1.0156,1.0156,1.0156,1.0156,1000,0
2014-11-06,18:55:00,1.0288,1.0288,1.0288,1.0288,500,0
2014-11-06,19:30:00,1.02,1.02,1.02,1.02,250,0
2014-11-06,21:40:00,1.01,1.04,1.0,1.0,7500,0
2014-11-06,22:00:00,1.03,1.03,1.02,1.03,1220,0
2014-11-07,16:05:00,1.03,1.04,1.03,1.04,1900,0
2014-11-07,16:20:00,1.0393,1.0393,1.0393,1.0393,1000,0
2014-11-07,19:00:00,0.994,0.994,0.994,0.994,600,0
2014-11-10,15:55:00,0.96,0.96,0.96,0.96,100,0
2014-11-10,16:00:00,0.961,0.961,0.96,0.96,700,0
2014-11-10,17:40:00,0.96,0.96,0.96,0.96,3600,0
2014-11-10,20:50:00,0.97,0.97,0.97,0.97,170,0
2014-11-10,20:55:00,0.9701,0.9701,0.9701,0.9701,500,0
2014-11-11,18:05:00,1.007,1.007,1.007,1.007,2000,0
2014-11-12,15:35:00,1.04,1.04,1.04,1.04,280,0
2014-11-12,16:45:00,0.99,0.99,0.95,0.9801,6700,0
2014-11-12,17:50:00,0.96,0.96,0.95,0.95,3200,0
2014-11-12,18:35:00,0.94,0.94,0.94,0.94,100,0
2014-11-12,18:50:00,0.9201,0.9201,0.9201,0.9201,500,0
2014-11-12,19:00:00,0.9399,0.9399,0.9399,0.9399,4100,0
2014-11-12,19:10:00,0.922,0.9222,0.922,0.9222,1996,0
2014-11-12,19:20:00,0.94,0.94,0.94,0.94,2500,0
2014-11-12,19:25:00,0.93,0.93,0.93,0.93,1700,0
2014-11-12,19:35:00,0.93,0.93,0.93,0.93,100,0
2014-11-12,19:40:00,0.9399,0.94,0.9399,0.94,2287,0
2014-11-12,19:50:00,0.94,0.9401,0.94,0.9401,3000,0
2014-11-12,20:15:00,0.9799,0.9799,0.9799,0.9799,500,0
2014-11-13,15:35:00,0.87,0.87,0.86,0.86,500,0
2014-11-13,20:40:00,0.93,0.93,0.93,0.93,150,0
2014-11-13,21:15:00,0.9401,0.9401,0.9401,0.9401,1000,0
2014-11-13,22:00:00,0.94,0.94,0.94,0.94,100,0
2014-11-14,19:20:00,0.964,0.964,0.964,0.964,425,0
2014-11-17,16:50:00,0.97,0.97,0.97,0.97,650,0
2014-11-17,17:20:00,0.9401,0.9401,0.9401,0.9401,1470,0
2014-11-17,21:05:00,0.95,0.95,0.95,0.95,750,0
2014-11-18,16:35:00,0.95,0.95,0.95,0.95,2400,0
2014-11-19,16:50:00,0.93,0.93,0.9232,0.9232,2600,0
2014-11-19,17:10:00,0.95,0.9689,0.95,0.9689,200,0
2014-11-19,21:35:00,0.9575,0.9575,0.9575,0.9575,425,0
2014-11-19,22:00:00,0.9689,0.97,0.9689,0.97,1559,0
2014-11-20,15:55:00,0.9795,0.9795,0.9795,0.9795,500,0
2014-11-20,17:10:00,0.9795,0.9795,0.9795,0.9795,400,0
2014-11-20,19:00:00,0.97,0.97,0.9699,0.9699,250,0
2014-11-20,20:50:00,0.96,0.96,0.96,0.96,500,0
2014-11-21,15:45:00,0.9699,0.9699,0.9699,0.9699,100,0
2014-11-21,16:00:00,0.9312,0.9312,0.9312,0.9312,350,0
2014-11-21,17:15:00,0.9313,0.9313,0.9313,0.9313,100,0
2014-11-21,20:40:00,0.9322,0.9322,0.9322,0.9322,2000,0
2014-11-21,21:00:00,0.95,0.95,0.95,0.95,100,0
2014-11-21,22:00:00,0.9324,0.9324,0.9324,0.9324,1409,0
2014-11-24,15:45:00,0.9532,0.9556,0.9532,0.9556,3950,0
2014-11-24,16:15:00,0.9556,0.9556,0.9464,0.9464,1200,0
2014-11-24,18:25:00,0.9699,0.97,0.9699,0.97,635,0
2014-11-24,20:10:00,0.9601,0.9601,0.9601,0.9601,237,0
2014-11-24,21:05:00,0.96,0.96,0.96,0.96,2200,0
2014-11-25,17:15:00,0.9401,0.9401,0.9401,0.9401,272,0
2014-11-25,18:10:00,0.94,0.94,0.92,0.92,11071,0
2014-11-25,18:30:00,0.93,0.93,0.93,0.93,3300,0
2014-11-25,19:25:00,0.94,0.94,0.94,0.94,100,0
2014-11-25,21:00:00,0.94,0.94,0.94,0.94,1200,0
2014-11-25,21:20:00,0.94,0.96,0.94,0.96,7550,0
2014-11-25,21:25:00,0.9786,0.9786,0.9786,0.9786,450,0
2014-11-26,17:35:00,0.94,0.94,0.94,0.94,400,0
2014-11-28,18:45:00,0.931,0.931,0.921,0.921,2150,0
2014-12-01,15:40:00,0.9205,0.9205,0.9205,0.9205,200,0
2014-12-01,16:00:00,0.9201,0.9201,0.9201,0.9201,1200,0
2014-12-02,15:35:00,0.92,0.9248,0.92,0.9248,1200,0
2014-12-02,20:10:00,0.9401,0.9401,0.9401,0.9401,860,0
2014-12-02,20:50:00,0.9698,0.9698,0.9698,0.9698,1000,0
2014-12-03,16:30:00,0.9501,0.9501,0.95,0.95,900,0
2014-12-03,16:50:00,0.96,0.96,0.96,0.96,3000,0
2014-12-03,17:40:00,0.96,0.96,0.96,0.96,1000,0
2014-12-03,19:00:00,0.95,0.95,0.92,0.9227,2599,0
2014-12-03,21:10:00,0.9101,0.9101,0.9101,0.9101,999,0
2014-12-03,21:45:00,0.93,0.9301,0.93,0.9301,1000,0
2014-12-03,21:50:00,0.9101,0.9101,0.9101,0.9101,1000,0
2014-12-04,17:10:00,0.9,0.95,0.9,0.95,1100,0
2014-12-04,17:30:00,0.9599,0.9599,0.9599,0.9599,500,0
2014-12-04,22:00:00,0.9584,0.9584,0.9584,0.9584,500,0
2014-12-05,15:35:00,0.97,0.97,0.9641,0.9641,8228,0
2014-12-05,15:50:00,0.9605,0.9605,0.9605,0.9605,2000,0
2014-12-05,16:45:00,0.96,0.96,0.96,0.96,4000,0
2014-12-05,18:40:00,0.9301,0.9301,0.9301,0.9301,1960,0
2014-12-05,19:30:00,0.93,0.9301,0.93,0.9301,1200,0
2014-12-05,20:40:00,0.93,0.93,0.93,0.93,100,0
2014-12-05,21:15:00,0.93,0.93,0.93,0.93,6800,0
2014-12-05,21:20:00,0.93,0.9342,0.93,0.9342,1700,0
2014-12-05,21:25:00,0.9342,0.9342,0.9342,0.9342,100,0
2014-12-05,21:30:00,0.93,0.93,0.93,0.93,2100,0
2014-12-05,21:35:00,0.93,0.93,0.93,0.93,2039,0
2014-12-05,21:40:00,0.9368,0.9368,0.9368,0.9368,100,0
2014-12-05,21:45:00,0.9368,0.9368,0.9368,0.9368,100,0
2014-12-05,21:55:00,0.9284,0.93,0.92,0.9299,2000,0
2014-12-08,15:45:00,0.8901,0.8901,0.89,0.89,4800,0
2014-12-08,15:55:00,0.881,0.887,0.881,0.887,1500,0
2014-12-08,17:05:00,0.8903,0.893,0.89,0.893,1300,0
2014-12-08,17:55:00,0.8932,0.8932,0.8932,0.8932,3000,0
2014-12-08,19:00:00,0.88,0.8803,0.88,0.88,2872,0
2014-12-08,19:20:00,0.88,0.88,0.88,0.88,3000,0
2014-12-08,19:40:00,0.89,0.89,0.88,0.88,5000,0
2014-12-08,20:05:00,0.8878,0.8878,0.8878,0.8878,3086,0
2014-12-08,20:15:00,0.8801,0.8801,0.8801,0.8801,400,0
2014-12-08,21:25:00,0.8801,0.8801,0.88,0.88,4148,0
2014-12-08,21:50:00,0.8953,0.8953,0.8953,0.8953,750,0
2014-12-08,22:00:00,0.88,0.88,0.88,0.88,1000,0
2014-12-09,15:35:00,0.9057,0.9057,0.9057,0.9057,3000,0
2014-12-09,17:25:00,0.9057,0.9057,0.9057,0.9057,2300,0
2014-12-09,19:15:00,0.92,0.92,0.9199,0.92,3500,0
2014-12-09,21:30:00,0.91,0.91,0.91,0.91,200,0
2014-12-09,21:35:00,0.91,0.91,0.91,0.91,200,0
2014-12-09,21:40:00,0.91,0.91,0.91,0.91,200,0
2014-12-09,21:45:00,0.91,0.91,0.91,0.91,100,0
2014-12-09,21:50:00,0.91,0.91,0.91,0.91,100,0
2014-12-09,22:00:00,0.91,0.91,0.88,0.88,1300,0
2014-12-10,21:20:00,0.89,0.89,0.89,0.89,3600,0
2014-12-10,21:55:00,0.88,0.8995,0.875,0.875,6620,0
2014-12-11,15:35:00,0.85,0.85,0.83,0.85,4570,0
2014-12-11,15:40:00,0.88,0.88,0.88,0.88,1200,0
2014-12-11,16:15:00,0.85,0.85,0.85,0.85,1800,0
2014-12-11,17:55:00,0.8401,0.8401,0.8401,0.8401,2000,0
2014-12-11,18:15:00,0.9099,0.9099,0.9099,0.9099,868,0
2014-12-11,20:05:00,0.86,0.86,0.86,0.86,700,0
2014-12-11,21:45:00,0.9,0.9,0.9,0.9,500,0
2014-12-12,16:05:00,0.8837,0.8837,0.8837,0.8837,345,0
2014-12-12,16:30:00,0.9,0.9,0.9,0.9,400,0
2014-12-12,20:15:00,0.9,0.9,0.9,0.9,800,0
2014-12-12,21:35:00,0.8801,0.8801,0.8801,0.8801,1000,0
2014-12-12,21:55:00,0.88,0.88,0.88,0.88,100,0
2014-12-15,15:35:00,0.85,0.85,0.82,0.82,2600,0
2014-12-15,16:05:00,0.8669,0.87,0.8669,0.87,3750,0
2014-12-15,22:00:00,0.872,0.872,0.872,0.872,500,0
2014-12-16,15:35:00,0.9,0.9,0.9,0.9,200,0
2014-12-16,16:35:00,0.82,0.82,0.81,0.81,3395,0
2014-12-16,18:45:00,0.8698,0.8698,0.8698,0.8698,1500,0
2014-12-16,19:00:00,0.87,0.87,0.87,0.87,100,0
2014-12-16,20:35:00,0.87,0.87,0.87,0.87,790,0
2014-12-17,16:10:00,0.9,0.9,0.9,0.9,400,0
2014-12-17,22:00:00,0.82,0.82,0.82,0.82,800,0
2014-12-18,15:35:00,0.81,0.81,0.81,0.81,5500,0
2014-12-18,15:50:00,0.81,0.89,0.81,0.89,2000,0
2014-12-18,16:15:00,0.8,0.8,0.8,0.8,1000,0
2014-12-18,17:45:00,0.8101,0.845,0.8101,0.845,600,0
2014-12-18,17:55:00,0.81,0.81,0.81,0.81,1100,0
2014-12-18,18:30:00,0.8,0.8001,0.8,0.8001,2000,0
2014-12-18,18:40:00,0.8095,0.8095,0.8095,0.8095,1800,0
2014-12-18,18:45:00,0.81,0.81,0.8099,0.8099,4800,0
2014-12-18,20:00:00,0.8492,0.8492,0.8492,0.8492,2000,0
2014-12-19,21:05:00,0.8699,0.8699,0.8699,0.8699,700,0
2014-12-19,21:25:00,0.8,0.8,0.8,0.8,400,0
2014-12-19,21:30:00,0.8,0.8,0.79,0.79,2200,0
2014-12-19,21:35:00,0.79,0.8699,0.74,0.8699,700,0
2014-12-22,15:40:00,0.85,0.85,0.85,0.85,1400,0
2014-12-22,16:30:00,0.81,0.81,0.81,0.81,100,0
2014-12-22,17:00:00,0.8,0.8,0.8,0.8,1000,0
2014-12-22,17:15:00,0.8,0.824,0.8,0.824,500,0
2014-12-23,17:10:00,0.7746,0.7746,0.7746,0.7746,450,0
2014-12-23,18:45:00,0.77,0.77,0.77,0.77,4000,0
2014-12-23,19:55:00,0.7701,0.7701,0.7701,0.7701,6000,0
2014-12-23,20:55:00,0.7811,0.7811,0.7701,0.781,1400,0
2014-12-23,22:00:00,0.7973,0.7973,0.7973,0.7973,400,0
2014-12-24,18:05:00,0.75,0.75,0.75,0.75,3000,0
2014-12-24,18:30:00,0.75,0.75,0.75,0.75,500,0
2014-12-24,18:50:00,0.75,0.75,0.75,0.75,3097,0
2014-12-26,15:55:00,0.73,0.73,0.73,0.73,2300,0
2014-12-26,17:15:00,0.8,0.8001,0.75,0.75,10224,0
2014-12-26,19:05:00,0.75,0.75,0.75,0.75,2869,0
2014-12-29,17:50:00,0.76,0.76,0.76,0.76,1264,0
2014-12-29,18:05:00,0.75,0.75,0.75,0.75,200,0
2014-12-29,19:10:00,0.73,0.73,0.73,0.73,750,0
2014-12-29,20:30:00,0.78,0.78,0.78,0.78,1000,0
2014-12-29,21:40:00,0.738,0.738,0.738,0.738,400,0
2014-12-29,22:00:00,0.728,0.728,0.728,0.728,1000,0
2014-12-30,15:40:00,0.73,0.73,0.73,0.73,2300,0
2014-12-30,15:45:00,0.72,0.8,0.72,0.79,5534,0
2014-12-30,18:00:00,0.75,0.75,0.724,0.724,795,0
2014-12-30,18:10:00,0.7,0.78,0.7,0.78,1765,0
2014-12-30,18:15:00,0.7,0.7,0.7,0.7,1000,0
2014-12-30,18:40:00,0.7,0.7012,0.7,0.7012,546,0
2014-12-30,19:20:00,0.7,0.7,0.7,0.7,4156,0
2014-12-30,20:40:00,0.72,0.72,0.7,0.7,600,0
2014-12-30,21:00:00,0.7,0.7,0.7,0.7,3000,0
2014-12-30,21:55:00,0.75,0.75,0.75,0.75,1500,0
2014-12-30,22:00:00,0.71,0.71,0.71,0.71,200,0
2014-12-31,16:15:00,0.7003,0.7003,0.7003,0.7003,300,0
2014-12-31,17:35:00,0.7201,0.7201,0.72,0.72,871,0
2014-12-31,17:55:00,0.7428,0.7428,0.7428,0.7428,124,0
2014-12-31,18:05:00,0.74,0.74,0.74,0.74,1000,0
2014-12-31,19:30:00,0.725,0.725,0.725,0.725,215,0
2014-12-31,19:50:00,0.7,0.72,0.7,0.72,600,0
2014-12-31,20:00:00,0.7,0.7,0.7,0.7,598,0
2014-12-31,20:20:00,0.6496,0.6496,0.6496,0.6496,2000,0
2014-12-31,20:30:00,0.67,0.67,0.67,0.67,3100,0
2014-12-31,20:35:00,0.67,0.67,0.67,0.67,300,0
2014-12-31,21:05:00,0.6603,0.661,0.66,0.66,1000,0
2014-12-31,21:35:00,0.67,0.67,0.67,0.67,600,0
2014-12-31,21:40:00,0.6701,0.6701,0.6701,0.6701,100,0
2014-12-31,21:45:00,0.6701,0.6701,0.6701,0.6701,100,0
2014-12-31,21:55:00,0.6701,0.6701,0.6701,0.6701,300,0
2014-12-31,22:00:00,0.68,0.7,0.6701,0.6701,900,0
2015-01-02,15:35:00,0.6999,0.7,0.6999,0.7,2704,0
2015-01-02,16:10:00,0.75,0.7599,0.75,0.7599,250,0
2015-01-02,17:35:00,0.7599,0.7599,0.7599,0.7599,649,0
2015-01-02,20:05:00,0.75,0.76,0.75,0.76,1095,0
2015-01-02,20:40:00,0.76,0.76,0.76,0.76,600,0
2015-01-02,20:50:00,0.76,0.76,0.7599,0.7599,2098,0
2015-01-02,21:45:00,0.76,0.76,0.76,0.76,700,0
2015-01-02,21:55:00,0.76,0.76,0.7599,0.7599,2700,0
2015-01-02,22:00:00,0.7599,0.76,0.75,0.75,4800,0
2015-01-05,15:35:00,0.75,0.75,0.75,0.75,7400,0
2015-01-05,15:40:00,0.76,0.76,0.76,0.76,853,0
2015-01-05,15:50:00,0.75,0.77,0.75,0.75,10000,0
2015-01-05,16:55:00,0.75,0.7501,0.75,0.7501,1206,0
2015-01-05,21:50:00,0.77,0.77,0.77,0.77,600,0
2015-01-07,16:55:00,0.8,0.8,0.8,0.8,1000,0
2015-01-07,19:15:00,0.8,0.8,0.8,0.8,4400,0
2015-01-07,22:00:00,0.8199,0.8199,0.8199,0.8199,1000,0
2015-01-08,19:35:00,0.78,0.78,0.78,0.78,600,0
2015-01-09,16:10:00,0.82,0.82,0.82,0.82,3000,0
2015-01-09,20:15:00,0.8201,0.8201,0.82,0.82,9200,0
2015-01-12,17:20:00,0.8399,0.8399,0.83,0.83,942,0
2015-01-12,20:05:00,0.83,0.83,0.83,0.83,900,0
2015-01-13,15:55:00,0.82,0.82,0.82,0.82,9900,0
2015-01-14,15:35:00,0.79,0.79,0.79,0.79,500,0
2015-01-14,16:20:00,0.79,0.8,0.79,0.8,4200,0
2015-01-14,17:15:00,0.82,0.8201,0.82,0.8201,300,0
2015-01-14,17:40:00,0.81,0.81,0.8,0.8,600,0
2015-01-14,18:35:00,0.8,0.8,0.79,0.79,1100,0
2015-01-14,19:50:00,0.79,0.79,0.78,0.78,1920,0
2015-01-14,20:50:00,0.81,0.81,0.81,0.81,100,0
2015-01-14,21:10:00,0.81,0.81,0.81,0.81,100,0
2015-01-14,21:25:00,0.81,0.81,0.81,0.81,100,0
2015-01-14,21:35:00,0.81,0.81,0.81,0.81,100,0
2015-01-14,21:55:00,0.81,0.81,0.81,0.81,200,0
2015-01-14,22:00:00,0.78,0.78,0.78,0.78,1030,0
2015-01-15,16:55:00,0.78,0.78,0.78,0.78,1600,0
2015-01-15,20:15:00,0.78,0.78,0.78,0.78,2200,0
2015-01-15,20:20:00,0.78,0.78,0.78,0.78,3000,0
2015-01-15,21:10:00,0.8299,0.8299,0.8299,0.8299,600,0
2015-01-15,21:40:00,0.82,0.83,0.82,0.83,9000,0
2015-01-15,22:00:00,0.83,0.83,0.83,0.83,168,0
2015-01-16,16:50:00,0.7801,0.7801,0.7801,0.7801,830,0
2015-01-16,19:05:00,0.7815,0.7815,0.7801,0.7801,468,0
2015-01-16,19:10:00,0.82,0.82,0.82,0.82,2000,0
2015-01-16,20:45:00,0.7801,0.7801,0.7801,0.7801,200,0
2015-01-16,21:55:00,0.7832,0.7832,0.7832,0.7832,600,0
2015-01-16,22:00:00,0.7832,0.7832,0.78,0.78,468,0
2015-01-20,15:35:00,0.82,0.82,0.82,0.82,426,0
2015-01-20,16:10:00,0.82,0.82,0.8199,0.8199,800,0
2015-01-20,17:05:00,0.78,0.78,0.78,0.78,1000,0
2015-01-20,17:20:00,0.78,0.7801,0.78,0.7801,938,0
2015-01-20,20:20:00,0.78,0.78,0.78,0.78,200,0
2015-01-21,15:55:00,0.786,0.786,0.786,0.786,4926,0
2015-01-21,16:40:00,0.786,0.786,0.786,0.786,250,0
2015-01-21,17:15:00,0.786,0.786,0.78,0.78,1987,0
2015-01-21,19:30:00,0.7999,0.8,0.7999,0.8,7161,0
2015-01-21,19:55:00,0.8299,0.8299,0.8299,0.8299,278,0
2015-01-22,18:00:00,0.7936,0.7936,0.7936,0.7936,1000,0
2015-01-22,21:00:00,0.78,0.8296,0.78,0.8296,600,0
2015-01-23,19:50:00,0.8025,0.8025,0.8025,0.8025,190,0
2015-01-26,16:35:00,0.82,0.84,0.82,0.84,11135,0
2015-01-26,18:10:00,0.84,0.84,0.84,0.84,3440,0
2015-01-27,15:35:00,0.9,0.9,0.9,0.9,4764,0
2015-01-27,15:40:00,0.9,0.9,0.899,0.899,1000,0
2015-01-27,15:45:00,0.8999,0.8999,0.8999,0.8999,2000,0
2015-01-27,16:25:00,0.8756,0.8756,0.8756,0.8756,100,0
2015-01-27,18:10:00,0.8601,0.8601,0.8601,0.8601,1500,0
2015-01-27,18:30:00,0.88,0.88,0.88,0.88,1300,0
2015-01-27,18:40:00,0.8849,0.8849,0.8849,0.8849,370,0
2015-01-27,19:10:00,0.89,0.89,0.89,0.89,300,0
2015-01-27,19:20:00,0.89,0.89,0.89,0.89,300,0
2015-01-27,20:15:00,0.8899,0.89,0.8899,0.89,2500,0
2015-01-27,20:50:00,0.9,0.9,0.8999,0.8999,5782,0
2015-01-27,21:30:00,0.89,0.89,0.89,0.89,213,0
2015-01-27,21:35:00,0.8916,0.8916,0.8916,0.8916,300,0
2015-01-27,21:40:00,0.8916,0.8916,0.8916,0.8916,100,0
2015-01-27,21:50:00,0.8916,0.8916,0.8916,0.8916,200,0
2015-01-27,21:55:00,0.8916,0.8916,0.8916,0.8916,100,0
2015-01-27,22:00:00,0.89,0.89,0.8899,0.8899,2000,0
2015-01-28,17:30:00,0.8999,0.8999,0.89,0.89,2280,0
2015-01-28,17:55:00,0.87,0.87,0.86,0.86,3600,0
2015-01-28,18:05:00,0.89,0.8999,0.86,0.865,4750,0
2015-01-28,18:10:00,0.8899,0.89,0.866,0.8899,4000,0
2015-01-28,18:15:00,0.884,0.9,0.884,0.9,2800,0
2015-01-28,18:20:00,0.9,0.9,0.9,0.9,3200,0
2015-01-28,20:45:00,0.84,0.84,0.84,0.84,900,0
2015-01-29,15:35:00,0.93,0.93,0.93,0.93,568,0
2015-01-29,17:20:00,0.8999,0.8999,0.8999,0.8999,280,0
2015-01-29,18:20:00,0.8401,0.8401,0.8401,0.8401,150,0
2015-01-30,17:30:00,0.85,0.85,0.845,0.845,800,0
2015-01-30,17:35:00,0.863,0.863,0.863,0.863,150,0
2015-01-30,21:45:00,0.845,0.845,0.8401,0.8401,8050,0
2015-02-02,17:35:00,0.84,0.8401,0.84,0.8401,1220,0
2015-02-02,18:40:00,0.8451,0.8451,0.8451,0.8451,1002,0
2015-02-02,19:20:00,0.8452,0.8452,0.8452,0.8452,150,0
2015-02-03,15:50:00,0.8451,0.8452,0.8451,0.8452,2040,0
2015-02-03,17:45:00,0.87,0.87,0.87,0.87,1337,0
2015-02-03,18:20:00,0.86,0.86,0.86,0.86,2326,0
2015-02-04,15:50:00,0.8648,0.8648,0.8648,0.8648,600,0
2015-02-04,16:50:00,0.865,0.865,0.865,0.865,2250,0
2015-02-04,17:50:00,0.868,0.868,0.865,0.865,2142,0
2015-02-04,19:00:00,0.87,0.87,0.87,0.87,1000,0
2015-02-05,16:25:00,0.8799,0.88,0.8799,0.88,3800,0
2015-02-05,16:35:00,0.87,0.87,0.87,0.87,5000,0
2015-02-05,16:40:00,0.87,0.8701,0.87,0.8701,2000,0
2015-02-05,17:50:00,0.8703,0.8703,0.8703,0.8703,350,0
2015-02-05,19:45:00,0.87,0.87,0.87,0.87,1585,0
2015-02-06,16:50:00,0.87,0.8735,0.87,0.8735,850,0
2015-02-06,17:10:00,0.8799,0.8799,0.8799,0.8799,100,0
2015-02-06,17:20:00,0.87,0.8702,0.87,0.8702,1000,0
2015-02-06,17:30:00,0.87,0.87,0.87,0.87,975,0
2015-02-09,17:45:00,0.87,0.87,0.87,0.87,8000,0
2015-02-09,17:50:00,0.87,0.87,0.87,0.87,5000,0
2015-02-09,19:05:00,0.87,0.87,0.87,0.87,1624,0
2015-02-09,19:10:00,0.87,0.87,0.87,0.87,4000,0
2015-02-09,22:00:00,0.87,0.87,0.87,0.87,103,0
2015-02-10,16:10:00,0.876,0.876,0.876,0.876,150,0
2015-02-10,16:15:00,0.8799,0.8799,0.8799,0.8799,150,0
2015-02-10,20:40:00,0.87,0.88,0.87,0.88,300,0
2015-02-10,21:15:00,0.8701,0.8701,0.87,0.87,900,0
2015-02-10,22:00:00,0.87,0.87,0.87,0.87,838,0
2015-02-11,16:15:00,0.87,0.87,0.87,0.87,100,0
2015-02-11,16:20:00,0.88,0.88,0.88,0.88,875,0
2015-02-11,17:20:00,0.87,0.87,0.87,0.87,2000,0
2015-02-11,19:00:00,0.87,0.87,0.87,0.87,12562,0
2015-02-11,19:25:00,0.845,0.845,0.845,0.845,100,0
2015-02-11,19:30:00,0.88,0.88,0.88,0.88,8750,0
2015-02-11,21:20:00,0.84,0.92,0.84,0.92,1365,0
2015-02-11,21:55:00,0.85,0.85,0.85,0.85,100,0
2015-02-12,17:20:00,0.8899,0.8899,0.8899,0.8899,340,0
2015-02-12,17:25:00,0.84,0.84,0.84,0.84,1500,0
2015-02-12,20:10:00,0.8899,0.8899,0.8899,0.8899,171,0
2015-02-13,19:40:00,0.821,0.828,0.821,0.828,859,0
2015-02-17,16:05:00,0.8201,0.8201,0.8201,0.8201,3000,0
2015-02-17,16:45:00,0.84,0.84,0.84,0.84,1950,0
2015-02-17,16:50:00,0.8401,0.8401,0.8401,0.8401,1000,0
2015-02-17,17:20:00,0.8401,0.8401,0.84,0.84,21400,0
2015-02-17,19:05:00,0.85,0.85,0.85,0.85,300,0
2015-02-17,21:15:00,0.8416,0.8416,0.8416,0.8416,200,0
2015-02-17,21:20:00,0.8416,0.8416,0.8416,0.8416,300,0
2015-02-17,21:30:00,0.8416,0.8416,0.8416,0.8416,100,0
2015-02-17,21:35:00,0.8416,0.8416,0.8416,0.8416,200,0
2015-02-18,17:15:00,0.8499,0.8499,0.8499,0.8499,288,0
2015-02-18,17:55:00,0.84,0.84,0.84,0.84,3900,0
2015-02-18,18:00:00,0.8499,0.8499,0.8499,0.8499,264,0
2015-02-18,18:05:00,0.84,0.84,0.8,0.8,5474,0
2015-02-18,20:10:00,0.8499,0.8499,0.8499,0.8499,4824,0
2015-02-19,16:50:00,0.7801,0.84,0.78,0.78,3700,0
2015-02-19,17:15:00,0.8399,0.8399,0.8399,0.8399,400,0
2015-02-19,20:15:00,0.8499,0.8499,0.8499,0.8499,642,0
2015-02-19,20:30:00,0.8399,0.8399,0.8399,0.8399,2650,0
2015-02-20,16:30:00,0.84,0.8401,0.84,0.8401,2000,0
2015-02-20,16:45:00,0.8401,0.8499,0.8401,0.8499,2200,0
2015-02-20,18:30:00,0.85,0.85,0.85,0.85,1000,0
2015-02-20,19:15:00,0.88,0.94,0.88,0.94,8400,0
2015-02-20,20:10:00,0.9299,0.9299,0.9299,0.9299,316,0
2015-02-20,21:30:00,0.9279,0.9279,0.9172,0.9172,1000,0
2015-02-20,22:00:00,0.806,0.8101,0.8,0.8,3100,0
2015-02-23,17:15:00,0.8221,0.8221,0.8221,0.8221,5591,0
2015-02-23,17:25:00,0.86,0.86,0.86,0.86,500,0
2015-02-23,18:05:00,0.822,0.822,0.822,0.822,300,0
2015-02-23,18:30:00,0.84,0.84,0.84,0.84,300,0
2015-02-23,19:55:00,0.84,0.8402,0.84,0.8402,992,0
2015-02-23,20:10:00,0.8401,0.8401,0.8401,0.8401,355,0
2015-02-23,21:25:00,0.8401,0.85,0.8401,0.85,2300,0
2015-02-23,21:50:00,0.86,0.86,0.86,0.86,200,0
2015-02-23,21:55:00,0.85,0.85,0.85,0.85,200,0
2015-02-23,22:00:00,0.86,0.86,0.86,0.86,2300,0
