Date,Time,Open,High,Low,Close,Volume,OpenInt
2015-02-03,16:45:00,29.740,29.760,29.640,29.640,3980,0
2015-02-03,16:50:00,29.66,29.7,29.6,29.69,11138,0
2015-02-03,16:55:00,29.6499,29.69,29.64,29.69,1970,0
2015-02-03,17:00:00,29.69,29.7,29.65,29.68,3650,0
2015-02-03,17:05:00,29.74,29.83,29.73,29.79,2400,0
2015-02-03,17:10:00,29.79,29.8518,29.75,29.8518,8320,0
2015-02-03,17:15:00,29.84,29.89,29.84,29.89,820,0
2015-02-03,17:20:00,29.89,29.91,29.88,29.9,18300,0
2015-02-03,17:25:00,29.9,29.92,29.89,29.9,7400,0
2015-02-03,17:30:00,29.93,29.93,29.89,29.9,6000,0
2015-02-03,17:35:00,29.91,29.92,29.89,29.9,2800,0
2015-02-03,17:40:00,29.89,29.95,29.89,29.93,3742,0
2015-02-03,17:45:00,29.9599,29.9599,29.91,29.93,2901,0
2015-02-03,17:50:00,29.94,29.94,29.88,29.89,1900,0
2015-02-03,17:55:00,29.87,29.88,29.85,29.865,7900,0
2015-02-03,18:00:00,29.86,29.86,29.85,29.85,6011,0
2015-02-03,18:05:00,29.85,29.865,29.85,29.86,7027,0
2015-02-03,18:10:00,29.86,29.865,29.81,29.83,11306,0
2015-02-03,18:15:00,29.82,29.92,29.82,29.92,3788,0
2015-02-03,18:20:00,29.89,29.9,29.872,29.9,1766,0
2015-02-03,18:25:00,29.9,29.94,29.86,29.86,3868,0
2015-02-03,18:30:00,29.85,29.86,29.85,29.86,500,0
2015-02-03,18:35:00,29.86,29.86,29.82,29.85,3800,0
2015-02-03,18:40:00,29.83,29.88,29.83,29.86,1200,0
2015-02-03,18:45:00,29.86,29.91,29.86,29.9,8300,0
2015-02-03,18:50:00,29.89,29.91,29.84,29.85,7154,0
2015-02-03,18:55:00,29.85,29.86,29.81,29.86,2880,0
2015-02-03,19:00:00,29.89,29.9,29.81,29.8301,3400,0
2015-02-03,19:05:00,29.87,29.9,29.87,29.88,1700,0
2015-02-03,19:10:00,29.83,29.855,29.82,29.8461,4400,0
2015-02-03,19:15:00,29.82,29.83,29.78,29.825,4185,0
2015-02-03,19:20:00,29.83,29.84,29.81,29.81,1381,0
2015-02-03,19:25:00,29.82,29.9,29.82,29.89,3548,0
2015-02-03,19:30:00,29.85,29.87,29.85,29.86,400,0
2015-02-03,19:35:00,29.88,29.91,29.88,29.9,3400,0
2015-02-03,19:40:00,29.9,29.91,29.88,29.88,2700,0
2015-02-03,19:45:00,29.83,29.84,29.81,29.81,3000,0
2015-02-03,19:50:00,29.83,29.89,29.83,29.89,3600,0
2015-02-03,19:55:00,29.87,29.92,29.86,29.91,2400,0
2015-02-03,20:00:00,29.905,29.915,29.88,29.89,3083,0
2015-02-03,20:05:00,29.9,29.91,29.86,29.86,10970,0
2015-02-03,20:10:00,29.87,29.88,29.83,29.83,6602,0
2015-02-03,20:15:00,29.83,29.835,29.8,29.81,2500,0
2015-02-03,20:20:00,29.81,29.81,29.75,29.76,21602,0
2015-02-03,20:25:00,29.76,29.81,29.75,29.77,4800,0
2015-02-03,20:30:00,29.75,29.75,29.64,29.66,6401,0
2015-02-03,20:35:00,29.66,29.81,29.66,29.81,6490,0
2015-02-03,20:40:00,29.76,29.78,29.75,29.77,3900,0
2015-02-03,20:45:00,29.77,29.78,29.75,29.78,5018,0
2015-02-03,20:50:00,29.81,29.83,29.8,29.83,2500,0
2015-02-03,20:55:00,29.85,29.9,29.84,29.86,6140,0
2015-02-03,21:00:00,29.87,29.89,29.85,29.88,6638,0
2015-02-03,21:05:00,29.9,29.91,29.85,29.86,8450,0
2015-02-03,21:10:00,29.85,29.86,29.805,29.81,13171,0
2015-02-03,21:15:00,29.81,29.83,29.7701,29.79,10710,0
2015-02-03,21:20:00,29.79,29.8195,29.7101,29.73,37815,0
2015-02-03,21:25:00,29.745,29.83,29.73,29.83,6500,0
2015-02-03,21:30:00,29.84,29.85,29.79,29.82,3100,0
2015-02-03,21:35:00,29.83,29.85,29.78,29.81,15563,0
2015-02-03,21:40:00,29.81,29.83,29.76,29.82,11225,0
2015-02-03,21:45:00,29.84,29.9,29.84,29.87,6945,0
2015-02-03,21:50:00,29.85,29.87,29.8,29.85,9987,0
2015-02-03,21:55:00,29.89,29.91,29.85,29.9,22151,0
2015-02-03,22:00:00,29.9,29.91,29.81,29.82,34709,0
2015-02-04,15:35:00,29.61,29.61,29.53,29.59,27976,0
2015-02-04,15:40:00,29.52,29.5865,29.5,29.5,2874,0
2015-02-04,15:45:00,29.59,29.75,29.59,29.74,2100,0
2015-02-04,15:50:00,29.71,29.83,29.7,29.8,6500,0
2015-02-04,15:55:00,29.82,29.9,29.76,29.76,2600,0
2015-02-04,16:00:00,29.8,29.88,29.77,29.77,4100,0
2015-02-04,16:05:00,29.76,29.935,29.76,29.92,13347,0
2015-02-04,16:10:00,29.8875,29.925,29.8875,29.925,3395,0
2015-02-04,16:15:00,29.89,29.94,29.85,29.85,3600,0
2015-02-04,16:20:00,29.82,29.82,29.82,29.82,200,0
2015-02-04,16:25:00,29.87,29.87,29.82,29.84,1975,0
2015-02-04,16:30:00,29.87,29.9,29.81,29.82,5000,0
2015-02-04,16:35:00,29.86,29.89,29.845,29.85,1000,0
2015-02-04,16:40:00,29.8,29.9475,29.74,29.9475,6000,0
2015-02-04,16:45:00,29.935,29.97,29.9,29.9,2700,0
2015-02-04,16:50:00,29.91,29.91,29.805,29.84,2524,0
2015-02-04,16:55:00,29.82,29.85,29.78,29.85,1400,0
2015-02-04,17:00:00,29.87,29.94,29.87,29.9,10838,0
2015-02-04,17:05:00,29.9,29.91,29.84,29.9,6600,0
2015-02-04,17:10:00,29.88,29.91,29.87,29.89,1500,0
2015-02-04,17:15:00,29.88,29.91,29.8672,29.9,4448,0
2015-02-04,17:20:00,29.88,29.9,29.87,29.89,1512,0
2015-02-04,17:25:00,29.9,29.91,29.87,29.87,3100,0
2015-02-04,17:30:00,29.88,29.9079,29.88,29.9079,1625,0
2015-02-04,17:35:00,29.9,29.92,29.88,29.92,9600,0
2015-02-04,17:40:00,29.91,29.92,29.84,29.87,3900,0
2015-02-04,17:45:00,29.86,29.88,29.85,29.88,1100,0
2015-02-04,17:50:00,29.85,29.89,29.85,29.88,2512,0
2015-02-04,17:55:00,29.875,29.88,29.8601,29.87,735,0
2015-02-04,18:00:00,29.87,29.87,29.84,29.87,2832,0
2015-02-04,18:05:00,29.88,29.88,29.86,29.87,1100,0
2015-02-04,18:10:00,29.88,29.9,29.87,29.9,2200,0
2015-02-04,18:15:00,29.9,29.91,29.9,29.91,4000,0
2015-02-04,18:20:00,29.91,29.91,29.88,29.89,2600,0
2015-02-04,18:25:00,29.89,29.9,29.88,29.9,1200,0
2015-02-04,18:30:00,29.9,29.9,29.82,29.83,3669,0
2015-02-04,18:35:00,29.79,29.81,29.79,29.81,2800,0
2015-02-04,18:40:00,29.85,29.85,29.82,29.84,2100,0
2015-02-04,18:45:00,29.85,29.87,29.75,29.75,7509,0
2015-02-04,18:50:00,29.75,29.8,29.72,29.75,18602,0
2015-02-04,18:55:00,29.7454,29.76,29.72,29.72,3500,0
2015-02-04,19:00:00,29.71,29.73,29.67,29.67,4600,0
2015-02-04,19:05:00,29.66,29.68,29.66,29.68,1000,0
2015-02-04,19:10:00,29.68,29.68,29.62,29.62,3900,0
2015-02-04,19:15:00,29.63,29.63,29.6,29.6,1600,0
2015-02-04,19:20:00,29.6,29.62,29.6,29.6,1700,0
2015-02-04,19:25:00,29.593,29.593,29.57,29.57,2700,0
2015-02-04,19:30:00,29.59,29.64,29.59,29.61,14660,0
2015-02-04,19:35:00,29.63,29.65,29.61,29.62,30600,0
2015-02-04,19:40:00,29.64,29.64,29.58,29.58,1200,0
2015-02-04,19:45:00,29.58,29.61,29.58,29.58,1600,0
2015-02-04,19:50:00,29.58,29.61,29.58,29.6,1200,0
2015-02-04,19:55:00,29.62,29.62,29.57,29.6,3200,0
2015-02-04,20:00:00,29.6,29.625,29.6,29.625,1700,0
2015-02-04,20:05:00,29.63,29.67,29.63,29.67,900,0
2015-02-04,20:10:00,29.68,29.68,29.64,29.67,2100,0
2015-02-04,20:15:00,29.66,29.71,29.66,29.67,10300,0
2015-02-04,20:20:00,29.66,29.7,29.64,29.7,11001,0
2015-02-04,20:25:00,29.66,29.71,29.66,29.71,4000,0
2015-02-04,20:30:00,29.69,29.74,29.69,29.7,6400,0
2015-02-04,20:35:00,29.72,29.72,29.68,29.71,4169,0
2015-02-04,20:40:00,29.69,29.73,29.69,29.7,14300,0
2015-02-04,20:45:00,29.69,29.695,29.66,29.66,2700,0
2015-02-04,20:50:00,29.68,29.72,29.68,29.72,2100,0
2015-02-04,20:55:00,29.72,29.73,29.7,29.73,3100,0
2015-02-04,21:00:00,29.71,29.73,29.69,29.69,2400,0
2015-02-04,21:05:00,29.7086,29.72,29.67,29.7,2700,0
2015-02-04,21:10:00,29.7,29.75,29.67,29.75,5915,0
2015-02-04,21:15:00,29.74,29.84,29.74,29.84,5611,0
2015-02-04,21:20:00,29.84,29.91,29.84,29.89,12900,0
2015-02-04,21:25:00,29.9,29.91,29.89,29.9,17595,0
2015-02-04,21:30:00,29.905,29.9061,29.86,29.9,14000,0
2015-02-04,21:35:00,29.91,29.91,29.89,29.895,103352,0
2015-02-04,21:40:00,29.9,29.9,29.85,29.85,11500,0
2015-02-04,21:45:00,29.85,29.86,29.74,29.74,12203,0
2015-02-04,21:50:00,29.73,29.76,29.69,29.745,8576,0
2015-02-04,21:55:00,29.75,29.75,29.6,29.65,19032,0
2015-02-04,22:00:00,29.61,29.74,29.58,29.72,34329,0
2015-02-05,15:35:00,29.69,29.82,29.69,29.82,6384,0
2015-02-05,15:40:00,29.93,30.296,29.9,30.29,8050,0
2015-02-05,15:45:00,30.21,30.2875,30.13,30.13,7820,0
2015-02-05,15:50:00,30.15,30.19,30.02,30.02,9250,0
2015-02-05,15:55:00,30.025,30.14,30.015,30.12,3400,0
2015-02-05,16:00:00,30.2,30.2,30.12,30.14,5900,0
2015-02-05,16:05:00,30.115,30.125,30.07,30.105,4550,0
2015-02-05,16:10:00,30.0801,30.12,30.02,30.04,6300,0
2015-02-05,16:15:00,30.01,30.015,30.0,30.01,2300,0
2015-02-05,16:20:00,30.0,30.08,29.92,29.96,6100,0
2015-02-05,16:25:00,29.93,29.955,29.93,29.93,500,0
2015-02-05,16:30:00,29.92,29.94,29.89,29.94,81000,0
2015-02-05,16:35:00,29.9,29.97,29.9,29.96,2200,0
2015-02-05,16:40:00,29.95,30.06,29.95,30.06,3419,0
2015-02-05,16:45:00,30.0401,30.1,30.0401,30.06,4900,0
2015-02-05,16:50:00,30.0501,30.14,30.0501,30.0601,7000,0
2015-02-05,16:55:00,30.12,30.12,30.06,30.065,4800,0
2015-02-05,17:00:00,30.08,30.08,30.03,30.055,9522,0
2015-02-05,17:05:00,30.06,30.11,30.04,30.09,12064,0
2015-02-05,17:10:00,30.105,30.14,30.05,30.1,21549,0
2015-02-05,17:15:00,30.17,30.27,30.17,30.25,1800,0
2015-02-05,17:20:00,30.21,30.4,30.21,30.4,4427,0
2015-02-05,17:25:00,30.44,30.44,30.35,30.35,3500,0
2015-02-05,17:30:00,30.4,30.4,30.31,30.31,5700,0
2015-02-05,17:35:00,30.35,30.35,30.28,30.28,12300,0
2015-02-05,17:40:00,30.28,30.31,30.18,30.29,5939,0
2015-02-05,17:45:00,30.28,30.35,30.27,30.34,8902,0
2015-02-05,17:50:00,30.38,30.5,30.38,30.46,2200,0
2015-02-05,17:55:00,30.46,30.4725,30.4,30.4,12999,0
2015-02-05,18:00:00,30.4,30.43,30.36,30.4075,113520,0
2015-02-05,18:05:00,30.405,30.41,30.245,30.25,13500,0
2015-02-05,18:10:00,30.26,30.27,30.125,30.14,7900,0
2015-02-05,18:15:00,30.175,30.175,30.15,30.15,700,0
2015-02-05,18:20:00,30.16,30.16,30.1001,30.1001,6200,0
2015-02-05,18:25:00,30.1,30.11,30.1,30.105,1700,0
2015-02-05,18:30:00,30.11,30.135,30.1,30.1001,2600,0
2015-02-05,18:35:00,30.12,30.16,30.12,30.125,2833,0
2015-02-05,18:40:00,30.1001,30.13,30.1,30.13,7600,0
2015-02-05,18:45:00,30.1201,30.165,30.08,30.15,4100,0
2015-02-05,18:50:00,30.165,30.165,30.08,30.08,8259,0
2015-02-05,18:55:00,30.0825,30.0825,30.01,30.05,15900,0
2015-02-05,19:00:00,30.06,30.15,30.06,30.07,4340,0
2015-02-05,19:05:00,30.1001,30.13,30.1,30.13,2600,0
2015-02-05,19:10:00,30.14,30.15,30.1,30.105,2600,0
2015-02-05,19:15:00,30.12,30.15,30.11,30.1401,2200,0
2015-02-05,19:20:00,30.14,30.1775,30.12,30.12,15100,0
2015-02-05,19:25:00,30.115,30.12,30.07,30.11,2300,0
2015-02-05,19:30:00,30.105,30.145,30.105,30.13,3900,0
2015-02-05,19:35:00,30.13,30.165,30.13,30.16,2500,0
2015-02-05,19:40:00,30.19,30.195,30.18,30.185,13736,0
2015-02-05,19:45:00,30.17,30.225,30.14,30.2,4000,0
2015-02-05,19:50:00,30.225,30.25,30.15,30.175,5900,0
2015-02-05,19:55:00,30.17,30.17,30.155,30.1625,700,0
2015-02-05,20:00:00,30.175,30.19,30.12,30.13,3700,0
2015-02-05,20:05:00,30.16,30.2,30.14,30.2,4100,0
2015-02-05,20:10:00,30.19,30.33,30.185,30.33,5417,0
2015-02-05,20:15:00,30.31,30.4,30.31,30.375,1700,0
2015-02-05,20:20:00,30.38,30.49,30.38,30.49,3700,0
2015-02-05,20:25:00,30.49,30.49,30.415,30.43,4496,0
2015-02-05,20:30:00,30.435,30.435,30.36,30.41,6755,0
2015-02-05,20:35:00,30.4,30.43,30.37,30.4,5900,0
2015-02-05,20:40:00,30.38,30.4,30.3701,30.4,1544,0
2015-02-05,20:45:00,30.41,30.41,30.39,30.4,3600,0
2015-02-05,20:50:00,30.4,30.41,30.38,30.4,8566,0
2015-02-05,20:55:00,30.4,30.415,30.39,30.4,7758,0
2015-02-05,21:00:00,30.4,30.41,30.395,30.395,3500,0
2015-02-05,21:05:00,30.395,30.41,30.28,30.35,21649,0
2015-02-05,21:10:00,30.36,30.39,30.35,30.39,2300,0
2015-02-05,21:15:00,30.395,30.395,30.35,30.37,8000,0
2015-02-05,21:20:00,30.36,30.36,30.315,30.34,8452,0
2015-02-05,21:25:00,30.32,30.335,30.22,30.23,9652,0
2015-02-05,21:30:00,30.22,30.27,30.2,30.26,15006,0
2015-02-05,21:35:00,30.25,30.27,30.24,30.245,33500,0
2015-02-05,21:40:00,30.245,30.32,30.19,30.32,32750,0
2015-02-05,21:45:00,30.32,30.335,30.27,30.28,18118,0
2015-02-05,21:50:00,30.285,30.285,30.245,30.26,100014,0
2015-02-05,21:55:00,30.26,30.45,30.26,30.45,9924,0
2015-02-05,22:00:00,30.445,30.45,30.27,30.37,44843,0
2015-02-06,15:35:00,30.345,30.6199,30.345,30.49,14510,0
2015-02-06,15:40:00,30.515,30.515,30.15,30.27,5272,0
2015-02-06,15:45:00,30.25,30.3,30.12,30.12,5990,0
2015-02-06,15:50:00,30.16,30.32,30.12,30.32,3216,0
2015-02-06,15:55:00,30.32,30.4402,30.32,30.42,2200,0
2015-02-06,16:00:00,30.4775,30.48,30.45,30.465,2700,0
2015-02-06,16:05:00,30.48,30.48,30.23,30.23,19103,0
2015-02-06,16:10:00,30.235,30.2499,30.19,30.21,2400,0
2015-02-06,16:15:00,30.1801,30.258,30.16,30.25,10000,0
2015-02-06,16:20:00,30.25,30.33,30.24,30.32,15600,0
2015-02-06,16:25:00,30.35,30.47,30.35,30.47,1700,0
2015-02-06,16:30:00,30.5,30.52,30.45,30.49,3900,0
2015-02-06,16:35:00,30.45,30.62,30.39,30.62,7860,0
2015-02-06,16:40:00,30.59,30.64,30.58,30.62,1900,0
2015-02-06,16:45:00,30.62,30.84,30.62,30.83,6747,0
2015-02-06,16:50:00,30.84,30.88,30.82,30.865,5764,0
2015-02-06,16:55:00,30.85,30.94,30.77,30.9,19100,0
2015-02-06,17:00:00,30.9,30.94,30.89,30.92,5100,0
2015-02-06,17:05:00,30.94,31.01,30.78,30.7875,22965,0
2015-02-06,17:10:00,30.81,30.85,30.7701,30.85,6150,0
2015-02-06,17:15:00,30.835,30.89,30.81,30.89,6400,0
2015-02-06,17:20:00,30.895,30.9,30.79,30.79,8000,0
2015-02-06,17:25:00,30.8,30.895,30.77,30.895,4900,0
2015-02-06,17:30:00,30.87,30.9,30.87,30.88,2000,0
2015-02-06,17:35:00,30.86,30.875,30.85,30.85,1200,0
2015-02-06,17:40:00,30.82,30.8399,30.76,30.76,3300,0
2015-02-06,17:45:00,30.77,30.8,30.76,30.78,4000,0
2015-02-06,17:50:00,30.78,30.78,30.74,30.75,1000,0
2015-02-06,17:55:00,30.74,30.74,30.69,30.69,600,0
2015-02-06,18:00:00,30.7,30.7,30.66,30.67,3300,0
2015-02-06,18:05:00,30.66,30.66,30.5601,30.5601,2980,0
2015-02-06,18:10:00,30.6,30.65,30.59,30.65,33695,0
2015-02-06,18:15:00,30.68,30.79,30.65,30.78,2700,0
2015-02-06,18:20:00,30.78,30.9,30.78,30.9,3500,0
2015-02-06,18:25:00,30.91,30.94,30.8501,30.8501,5100,0
2015-02-06,18:30:00,30.85,30.85,30.78,30.79,1100,0
2015-02-06,18:35:00,30.805,30.805,30.71,30.71,3872,0
2015-02-06,18:40:00,30.73,30.75,30.72,30.73,1300,0
2015-02-06,18:45:00,30.73,30.755,30.63,30.63,3997,0
2015-02-06,18:50:00,30.61,30.69,30.61,30.69,2100,0
2015-02-06,18:55:00,30.72,30.74,30.71,30.74,3600,0
2015-02-06,19:00:00,30.74,30.77,30.74,30.77,1900,0
2015-02-06,19:05:00,30.78,30.78,30.74,30.76,3601,0
2015-02-06,19:10:00,30.75,30.755,30.69,30.7,2200,0
2015-02-06,19:15:00,30.72,30.75,30.7,30.7,3400,0
2015-02-06,19:20:00,30.72,30.74,30.65,30.665,3640,0
2015-02-06,19:25:00,30.65,30.68,30.65,30.65,2000,0
2015-02-06,19:30:00,30.64,30.64,30.54,30.6,2552,0
2015-02-06,19:35:00,30.59,30.62,30.57,30.62,4700,0
2015-02-06,19:40:00,30.62,30.62,30.55,30.55,1300,0
2015-02-06,19:45:00,30.53,30.6,30.53,30.6,2300,0
2015-02-06,19:50:00,30.61,30.625,30.57,30.57,2200,0
2015-02-06,19:55:00,30.59,30.62,30.59,30.59,4730,0
2015-02-06,20:00:00,30.59,30.61,30.58,30.61,4548,0
2015-02-06,20:05:00,30.61,30.615,30.56,30.58,5800,0
2015-02-06,20:10:00,30.61,30.6299,30.58,30.58,3600,0
2015-02-06,20:15:00,30.58,30.69,30.58,30.69,3446,0
2015-02-06,20:20:00,30.67,30.72,30.67,30.72,5615,0
2015-02-06,20:25:00,30.72,30.73,30.7,30.71,3564,0
2015-02-06,20:30:00,30.72,30.725,30.71,30.71,6898,0
2015-02-06,20:35:00,30.72,30.84,30.71,30.81,5100,0
2015-02-06,20:40:00,30.82,30.84,30.78,30.79,5182,0
2015-02-06,20:45:00,30.79,30.805,30.77,30.795,5701,0
2015-02-06,20:50:00,30.8,30.86,30.8,30.85,7640,0
2015-02-06,20:55:00,30.84,30.8799,30.83,30.8351,5576,0
2015-02-06,21:00:00,30.835,30.85,30.8,30.805,6461,0
2015-02-06,21:05:00,30.81,30.82,30.75,30.75,5300,0
2015-02-06,21:10:00,30.75,30.76,30.74,30.745,6535,0
2015-02-06,21:15:00,30.73,30.75,30.705,30.72,3450,0
2015-02-06,21:20:00,30.71,30.75,30.66,30.66,9014,0
2015-02-06,21:25:00,30.67,30.72,30.66,30.71,6100,0
2015-02-06,21:30:00,30.71,30.71,30.67,30.69,5573,0
2015-02-06,21:35:00,30.68,30.72,30.67,30.7,6700,0
2015-02-06,21:40:00,30.7,30.71,30.675,30.71,7200,0
2015-02-06,21:45:00,30.7,30.71,30.64,30.65,7000,0
2015-02-06,21:50:00,30.65,30.66,30.63,30.65,11862,0
2015-02-06,21:55:00,30.68,30.83,30.65,30.82,23270,0
2015-02-06,22:00:00,30.83,30.89,30.77,30.87,48442,0
2015-02-09,15:35:00,30.8,31.0,30.52,31.0,4825,0
2015-02-09,15:40:00,30.99,30.99,30.73,30.74,4100,0
2015-02-09,15:45:00,30.77,30.81,30.53,30.53,7300,0
2015-02-09,15:50:00,30.605,30.64,30.51,30.6,20400,0
2015-02-09,15:55:00,30.64,30.81,30.64,30.65,6385,0
2015-02-09,16:00:00,30.67,30.67,30.6,30.625,2700,0
2015-02-09,16:05:00,30.62,30.65,30.62,30.65,15050,0
2015-02-09,16:10:00,30.63,30.69,30.63,30.68,12400,0
2015-02-09,16:15:00,30.685,30.82,30.685,30.82,17200,0
2015-02-09,16:20:00,30.79,30.79,30.69,30.74,10613,0
2015-02-09,16:25:00,30.73,30.82,30.66,30.7,16500,0
2015-02-09,16:30:00,30.67,30.7,30.66,30.69,4200,0
2015-02-09,16:35:00,30.68,30.72,30.67,30.7,10134,0
2015-02-09,16:40:00,30.685,30.7,30.67,30.67,8822,0
2015-02-09,16:45:00,30.67,30.7,30.67,30.675,3900,0
2015-02-09,16:50:00,30.67,30.72,30.66,30.72,3767,0
2015-02-09,16:55:00,30.71,30.73,30.67,30.714,6300,0
2015-02-09,17:00:00,30.74,30.74,30.67,30.67,3600,0
2015-02-09,17:05:00,30.685,30.71,30.67,30.71,3500,0
2015-02-09,17:10:00,30.71,30.74,30.7,30.74,1700,0
2015-02-09,17:15:00,30.72,30.75,30.68,30.68,2200,0
2015-02-09,17:20:00,30.67,30.73,30.67,30.73,3700,0
2015-02-09,17:25:00,30.75,30.8,30.75,30.78,3200,0
2015-02-09,17:30:00,30.78,30.78,30.76,30.78,2100,0
2015-02-09,17:35:00,30.785,30.785,30.69,30.69,12563,0
2015-02-09,17:40:00,30.695,30.695,30.67,30.675,11800,0
2015-02-09,17:45:00,30.67,30.69,30.66,30.68,28724,0
2015-02-09,17:50:00,30.69,30.71,30.69,30.71,1600,0
2015-02-09,17:55:00,30.71,30.71,30.65,30.7,40999,0
2015-02-09,18:00:00,30.69,30.7,30.67,30.68,55648,0
2015-02-09,18:05:00,30.69,30.69,30.67,30.69,5800,0
2015-02-09,18:10:00,30.68,30.7,30.67,30.7,1900,0
2015-02-09,18:15:00,30.71,30.71,30.67,30.68,2500,0
2015-02-09,18:20:00,30.67,30.69,30.64,30.675,25700,0
2015-02-09,18:25:00,30.68,30.68,30.67,30.675,13720,0
2015-02-09,18:30:00,30.675,30.69,30.67,30.69,5200,0
2015-02-09,18:35:00,30.71,30.71,30.71,30.71,1200,0
2015-02-09,18:40:00,30.71,30.71,30.7,30.71,600,0
2015-02-09,18:45:00,30.7,30.71,30.68,30.705,10300,0
2015-02-09,18:50:00,30.69,30.83,30.69,30.8,5900,0
2015-02-09,18:55:00,30.79,30.79,30.76,30.76,3200,0
2015-02-09,19:00:00,30.75,30.78,30.75,30.78,1300,0
2015-02-09,19:05:00,30.78,30.785,30.73,30.74,7300,0
2015-02-09,19:10:00,30.73,30.73,30.695,30.72,4600,0
2015-02-09,19:15:00,30.73,30.75,30.72,30.735,2160,0
2015-02-09,19:20:00,30.723,30.74,30.67,30.67,17415,0
2015-02-09,19:25:00,30.7,30.7,30.67,30.7,5249,0
2015-02-09,19:30:00,30.7,30.7,30.67,30.7,7366,0
2015-02-09,19:35:00,30.7,30.72,30.67,30.71,20520,0
2015-02-09,19:40:00,30.71,30.74,30.68,30.69,4200,0
2015-02-09,19:45:00,30.6837,30.75,30.68,30.69,5260,0
2015-02-09,19:50:00,30.69,30.78,30.69,30.78,4700,0
2015-02-09,19:55:00,30.76,30.765,30.74,30.74,3000,0
2015-02-09,20:00:00,30.77,30.77,30.73,30.75,7500,0
2015-02-09,20:05:00,30.73,30.73,30.69,30.71,8500,0
2015-02-09,20:10:00,30.72,30.74,30.69,30.73,9300,0
2015-02-09,20:15:00,30.74,30.78,30.69,30.725,11000,0
2015-02-09,20:20:00,30.72,30.78,30.68,30.71,9006,0
2015-02-09,20:25:00,30.71,30.7399,30.66,30.68,20291,0
2015-02-09,20:30:00,30.7,30.71,30.64,30.68,8300,0
2015-02-09,20:35:00,30.66,30.675,30.645,30.645,3341,0
2015-02-09,20:40:00,30.63,30.71,30.62,30.71,18063,0
2015-02-09,20:45:00,30.69,30.69,30.65,30.66,3100,0
2015-02-09,20:50:00,30.67,30.705,30.625,30.65,26623,0
2015-02-09,20:55:00,30.65,30.69,30.62,30.62,8300,0
2015-02-09,21:00:00,30.635,30.68,30.62,30.655,8500,0
2015-02-09,21:05:00,30.66,30.69,30.65,30.65,10000,0
2015-02-09,21:10:00,30.66,30.7,30.65,30.69,9953,0
2015-02-09,21:15:00,30.69,30.71,30.68,30.71,4961,0
2015-02-09,21:20:00,30.68,30.7,30.65,30.66,29175,0
2015-02-09,21:25:00,30.66,30.69,30.66,30.68,13653,0
2015-02-09,21:30:00,30.67,30.68,30.66,30.67,6576,0
2015-02-09,21:35:00,30.67,30.725,30.66,30.725,21700,0
2015-02-09,21:40:00,30.72,30.72,30.67,30.71,17021,0
2015-02-09,21:45:00,30.71,30.72,30.66,30.67,16870,0
2015-02-09,21:50:00,30.68,30.72,30.66,30.7,35439,0
2015-02-09,21:55:00,30.68,30.69,30.5,30.57,37814,0
2015-02-09,22:00:00,30.58,30.6,30.56,30.58,105647,0
2015-02-10,15:35:00,30.81,30.94,30.75,30.88,9352,0
2015-02-10,15:40:00,30.8,30.91,30.79,30.79,4900,0
2015-02-10,15:45:00,30.825,30.825,30.79,30.81,1600,0
2015-02-10,15:50:00,30.75,30.76,30.72,30.76,2300,0
2015-02-10,15:55:00,30.76,30.8,30.7,30.7,6200,0
2015-02-10,16:00:00,30.66,30.7158,30.6,30.6,1062,0
2015-02-10,16:05:00,30.6,30.7,30.51,30.51,3200,0
2015-02-10,16:10:00,30.57,30.6,30.55,30.55,1600,0
2015-02-10,16:15:00,30.6,30.66,30.59,30.59,3800,0
2015-02-10,16:20:00,30.61,30.61,30.5,30.5,2900,0
2015-02-10,16:25:00,30.5,30.505,30.23,30.35,8500,0
2015-02-10,16:30:00,30.4,30.46,30.38,30.405,4120,0
2015-02-10,16:35:00,30.41,30.44,30.26,30.29,4800,0
2015-02-10,16:40:00,30.25,30.25,30.18,30.18,2500,0
2015-02-10,16:45:00,30.21,30.27,30.2,30.2262,5050,0
2015-02-10,16:50:00,30.19,30.2,30.1,30.11,4700,0
2015-02-10,16:55:00,30.11,30.27,30.11,30.19,7900,0
2015-02-10,17:00:00,30.2,30.275,30.2,30.27,7725,0
2015-02-10,17:05:00,30.3,30.3,30.26,30.29,5998,0
2015-02-10,17:10:00,30.3,30.3,30.27,30.27,2670,0
2015-02-10,17:15:00,30.28,30.3,30.27,30.3,2900,0
2015-02-10,17:20:00,30.3,30.355,30.29,30.35,7390,0
2015-02-10,17:25:00,30.36,30.39,30.31,30.31,3900,0
2015-02-10,17:30:00,30.35,30.36,30.34,30.36,4000,0
2015-02-10,17:35:00,30.39,30.432,30.39,30.41,3600,0
2015-02-10,17:40:00,30.42,30.43,30.41,30.41,3600,0
2015-02-10,17:45:00,30.405,30.405,30.405,30.405,100,0
2015-02-10,17:50:00,30.4,30.4,30.37,30.39,4800,0
2015-02-10,17:55:00,30.39,30.395,30.36,30.37,5500,0
2015-02-10,18:00:00,30.37,30.41,30.35,30.38,18881,0
2015-02-10,18:05:00,30.4,30.4,30.39,30.395,4800,0
2015-02-10,18:10:00,30.4,30.42,30.3901,30.4,8000,0
2015-02-10,18:15:00,30.4,30.46,30.4,30.455,800,0
2015-02-10,18:20:00,30.48,30.54,30.44,30.54,9200,0
2015-02-10,18:25:00,30.56,30.56,30.4499,30.4499,4034,0
2015-02-10,18:30:00,30.43,30.43,30.395,30.4,1000,0
2015-02-10,18:35:00,30.38,30.38,30.34,30.36,2300,0
2015-02-10,18:40:00,30.37,30.45,30.37,30.45,3500,0
2015-02-10,18:45:00,30.43,30.45,30.39,30.4,9550,0
2015-02-10,18:50:00,30.38,30.435,30.38,30.425,6765,0
2015-02-10,18:55:00,30.435,30.45,30.42,30.43,1400,0
2015-02-10,19:00:00,30.4,30.465,30.38,30.465,4300,0
2015-02-10,19:05:00,30.46,30.49,30.45,30.455,4218,0
2015-02-10,19:10:00,30.45,30.47,30.445,30.46,6692,0
2015-02-10,19:15:00,30.465,30.52,30.465,30.52,2700,0
2015-02-10,19:20:00,30.48,30.51,30.475,30.51,4901,0
2015-02-10,19:25:00,30.47,30.49,30.445,30.45,5904,0
2015-02-10,19:30:00,30.46,30.47,30.4,30.4,7234,0
2015-02-10,19:35:00,30.4,30.41,30.4,30.41,600,0
2015-02-10,19:40:00,30.42,30.43,30.41,30.43,4400,0
2015-02-10,19:45:00,30.435,30.435,30.4,30.41,4000,0
2015-02-10,19:50:00,30.41,30.44,30.4,30.4,2800,0
2015-02-10,19:55:00,30.39,30.39,30.38,30.38,500,0
2015-02-10,20:00:00,30.38,30.38,30.29,30.3,10999,0
2015-02-10,20:05:00,30.31,30.39,30.31,30.39,7214,0
2015-02-10,20:10:00,30.395,30.41,30.32,30.35,5200,0
2015-02-10,20:15:00,30.35,30.355,30.33,30.35,1200,0
2015-02-10,20:20:00,30.35,30.42,30.345,30.42,10400,0
2015-02-10,20:25:00,30.44,30.45,30.39,30.4,7000,0
2015-02-10,20:30:00,30.4,30.41,30.37,30.37,2593,0
2015-02-10,20:35:00,30.37,30.39,30.365,30.39,5300,0
2015-02-10,20:40:00,30.46,30.46,30.395,30.46,3200,0
2015-02-10,20:45:00,30.45,30.45,30.355,30.355,2800,0
2015-02-10,20:50:00,30.3475,30.45,30.3425,30.45,5873,0
2015-02-10,20:55:00,30.39,30.43,30.36,30.37,2700,0
2015-02-10,21:00:00,30.39,30.46,30.39,30.43,3900,0
2015-02-10,21:05:00,30.42,30.47,30.41,30.41,6590,0
2015-02-10,21:10:00,30.415,30.4575,30.39,30.425,24150,0
2015-02-10,21:15:00,30.435,30.455,30.42,30.45,12009,0
2015-02-10,21:20:00,30.44,30.5,30.435,30.44,6300,0
2015-02-10,21:25:00,30.46,30.5,30.41,30.5,8300,0
2015-02-10,21:30:00,30.51,30.53,30.44,30.53,8351,0
2015-02-10,21:35:00,30.52,30.52,30.46,30.46,8498,0
2015-02-10,21:40:00,30.46,30.49,30.45,30.47,8926,0
2015-02-10,21:45:00,30.47,30.57,30.44,30.53,12740,0
2015-02-10,21:50:00,30.53,30.56,30.5,30.56,9200,0
2015-02-10,21:55:00,30.57,30.6,30.53,30.58,19962,0
2015-02-10,22:00:00,30.6,30.67,30.58,30.63,72824,0
2015-02-11,15:35:00,30.44,30.84,30.44,30.84,900,0
2015-02-11,15:40:00,30.78,30.83,30.61,30.795,2225,0
2015-02-11,15:45:00,30.85,31.0,30.85,30.86,8250,0
2015-02-11,15:50:00,30.87,30.96,30.84,30.93,9100,0
2015-02-11,15:55:00,30.94,30.94,30.86,30.86,1500,0
2015-02-11,16:00:00,30.86,30.86,30.81,30.86,2600,0
2015-02-11,16:05:00,30.85,30.94,30.81,30.81,21600,0
2015-02-11,16:10:00,30.75,30.75,30.64,30.705,6300,0
2015-02-11,16:15:00,30.705,30.82,30.66,30.75,8500,0
2015-02-11,16:20:00,30.71,30.77,30.7,30.77,7650,0
2015-02-11,16:25:00,30.83,30.87,30.76,30.77,5100,0
2015-02-11,16:30:00,30.75,30.82,30.69,30.69,14500,0
2015-02-11,16:35:00,30.665,30.81,30.665,30.795,8166,0
2015-02-11,16:40:00,30.805,30.825,30.77,30.78,7852,0
2015-02-11,16:45:00,30.77,30.82,30.77,30.8,2900,0
2015-02-11,16:50:00,30.82,30.83,30.8,30.8,1400,0
2015-02-11,16:55:00,30.86,30.875,30.82,30.82,5200,0
2015-02-11,17:00:00,30.78,30.82,30.74,30.77,22999,0
2015-02-11,17:05:00,30.735,30.83,30.71,30.78,13622,0
2015-02-11,17:10:00,30.83,30.8495,30.79,30.79,3600,0
2015-02-11,17:15:00,30.78,30.82,30.75,30.79,7513,0
2015-02-11,17:20:00,30.7799,30.87,30.7799,30.87,3830,0
2015-02-11,17:25:00,30.865,30.9,30.82,30.84,7521,0
2015-02-11,17:30:00,30.85,30.99,30.85,30.94,7694,0
2015-02-11,17:35:00,30.96,31.06,30.92,31.06,18552,0
2015-02-11,17:40:00,31.045,31.32,31.045,31.29,37600,0
2015-02-11,17:45:00,31.3,31.46,31.29,31.42,17361,0
2015-02-11,17:50:00,31.445,31.45,31.35,31.4228,9618,0
2015-02-11,17:55:00,31.4,31.5,31.4,31.45,6350,0
2015-02-11,18:00:00,31.44,31.46,31.43,31.45,2700,0
2015-02-11,18:05:00,31.44,31.47,31.42,31.46,6800,0
2015-02-11,18:10:00,31.45,31.46,31.44,31.46,1700,0
2015-02-11,18:15:00,31.43,31.495,31.4,31.49,16404,0
2015-02-11,18:20:00,31.48,31.49,31.43,31.43,4600,0
2015-02-11,18:25:00,31.45,31.6,31.45,31.55,7900,0
2015-02-11,18:30:00,31.56,31.59,31.52,31.56,7300,0
2015-02-11,18:35:00,31.57,31.59,31.53,31.56,3900,0
2015-02-11,18:40:00,31.56,31.6,31.55,31.59,4200,0
2015-02-11,18:45:00,31.5442,31.66,31.5442,31.66,18791,0
2015-02-11,18:50:00,31.65,31.65,31.6,31.6,6258,0
2015-02-11,18:55:00,31.6,31.6,31.55,31.58,3500,0
2015-02-11,19:00:00,31.54,31.56,31.47,31.52,10189,0
2015-02-11,19:05:00,31.49,31.49,31.4,31.42,2200,0
2015-02-11,19:10:00,31.4,31.4,31.3,31.3,3500,0
2015-02-11,19:15:00,31.29,31.29,31.145,31.145,2400,0
2015-02-11,19:20:00,31.145,31.145,31.04,31.12,5700,0
2015-02-11,19:25:00,31.12,31.2,31.12,31.2,7000,0
2015-02-11,19:30:00,31.2,31.22,31.17,31.2,1200,0
2015-02-11,19:35:00,31.19,31.21,31.14,31.2,8300,0
2015-02-11,19:40:00,31.18,31.22,31.17,31.22,4404,0
2015-02-11,19:45:00,31.23,31.3,31.195,31.25,12880,0
2015-02-11,19:50:00,31.25,31.25,31.22,31.22,1600,0
2015-02-11,19:55:00,31.23,31.23,31.2,31.22,3700,0
2015-02-11,20:00:00,31.24,31.38,31.24,31.34,9017,0
2015-02-11,20:05:00,31.38,31.38,31.32,31.32,1800,0
2015-02-11,20:10:00,31.31,31.38,31.31,31.38,2930,0
2015-02-11,20:15:00,31.38,31.38,31.33,31.35,5380,0
2015-02-11,20:20:00,31.33,31.38,31.31,31.38,10616,0
2015-02-11,20:25:00,31.37,31.37,31.36,31.36,2100,0
2015-02-11,20:30:00,31.34,31.39,31.32,31.385,3220,0
2015-02-11,20:35:00,31.375,31.41,31.35,31.41,3000,0
2015-02-11,20:40:00,31.42,31.46,31.4,31.46,9632,0
2015-02-11,20:45:00,31.47,31.47,31.45,31.45,4300,0
2015-02-11,20:50:00,31.46,31.46,31.42,31.43,5864,0
2015-02-11,20:55:00,31.4301,31.48,31.4301,31.47,11925,0
2015-02-11,21:00:00,31.45,31.46,31.36,31.4,19670,0
2015-02-11,21:05:00,31.4001,31.435,31.4001,31.42,29800,0
2015-02-11,21:10:00,31.425,31.425,31.3,31.31,5300,0
2015-02-11,21:15:00,31.3,31.35,31.3,31.33,2582,0
2015-02-11,21:20:00,31.32,31.365,31.295,31.3,11465,0
2015-02-11,21:25:00,31.29,31.345,31.29,31.32,6004,0
2015-02-11,21:30:00,31.31,31.41,31.27,31.29,11700,0
2015-02-11,21:35:00,31.28,31.34,31.26,31.31,8300,0
2015-02-11,21:40:00,31.32,31.415,31.32,31.4,23820,0
2015-02-11,21:45:00,31.395,31.47,31.395,31.425,12954,0
2015-02-11,21:50:00,31.42,31.48,31.39,31.44,26301,0
2015-02-11,21:55:00,31.36,31.45,31.31,31.44,59266,0
2015-02-11,22:00:00,31.44,31.45,31.4,31.45,82719,0
2015-02-12,15:35:00,31.39,31.58,31.19,31.44,2700,0
2015-02-12,15:40:00,31.45,31.46,31.3,31.3,2550,0
2015-02-12,15:45:00,31.26,31.26,31.02,31.02,3118,0
2015-02-12,15:50:00,31.05,31.23,31.03,31.22,7600,0
2015-02-12,15:55:00,31.26,31.47,31.26,31.33,3800,0
2015-02-12,16:00:00,31.35,31.36,31.28,31.36,2421,0
2015-02-12,16:05:00,31.3,31.51,31.24,31.51,11418,0
2015-02-12,16:10:00,31.63,31.65,31.56,31.65,3100,0
2015-02-12,16:15:00,31.615,31.7,31.615,31.7,4500,0
2015-02-12,16:20:00,31.69,31.69,31.35,31.35,16100,0
2015-02-12,16:25:00,31.29,31.38,31.29,31.305,8850,0
2015-02-12,16:30:00,31.3,31.53,31.29,31.49,20264,0
2015-02-12,16:35:00,31.53,31.55,31.44,31.46,10649,0
2015-02-12,16:40:00,31.46,31.475,31.38,31.47,7506,0
2015-02-12,16:45:00,31.47,31.49,31.4,31.42,6700,0
2015-02-12,16:50:00,31.445,31.61,31.43,31.4599,13131,0
2015-02-12,16:55:00,31.44,31.44,31.38,31.39,4760,0
2015-02-12,17:00:00,31.39,31.42,31.31,31.32,21072,0
2015-02-12,17:05:00,31.325,31.41,31.325,31.4,5800,0
2015-02-12,17:10:00,31.39,31.4,31.37,31.39,9900,0
2015-02-12,17:15:00,31.38,31.42,31.33,31.33,14620,0
2015-02-12,17:20:00,31.34,31.405,31.31,31.37,19839,0
2015-02-12,17:25:00,31.38,31.44,31.37,31.37,27021,0
2015-02-12,17:30:00,31.36,31.39,31.32,31.34,19800,0
2015-02-12,17:35:00,31.335,31.36,31.15,31.15,38669,0
2015-02-12,17:40:00,31.13,31.21,31.07,31.21,12511,0
2015-02-12,17:45:00,31.19,31.19,31.13,31.155,7066,0
2015-02-12,17:50:00,31.13,31.25,31.13,31.16,11138,0
2015-02-12,17:55:00,31.16,31.255,31.14,31.255,5900,0
2015-02-12,18:00:00,31.24,31.27,31.22,31.26,2300,0
2015-02-12,18:05:00,31.26,31.31,31.24,31.31,8690,0
2015-02-12,18:10:00,31.31,31.33,31.29,31.32,4400,0
2015-02-12,18:15:00,31.34,31.41,31.34,31.41,2000,0
2015-02-12,18:20:00,31.45,31.45,31.36,31.36,5300,0
2015-02-12,18:25:00,31.35,31.35,31.35,31.35,600,0
2015-02-12,18:30:00,31.32,31.33,31.25,31.25,2700,0
2015-02-12,18:35:00,31.25,31.315,31.25,31.3105,9100,0
2015-02-12,18:40:00,31.33,31.33,31.26,31.265,4300,0
2015-02-12,18:45:00,31.26,31.3,31.26,31.3,9300,0
2015-02-12,18:50:00,31.31,31.37,31.31,31.35,1547,0
2015-02-12,18:55:00,31.3604,31.4,31.335,31.335,3400,0
2015-02-12,19:00:00,31.34,31.38,31.335,31.38,2900,0
2015-02-12,19:05:00,31.37,31.43,31.355,31.4,5500,0
2015-02-12,19:10:00,31.4,31.44,31.39,31.41,6100,0
2015-02-12,19:15:00,31.38,31.41,31.38,31.4,4000,0
2015-02-12,19:20:00,31.375,31.4,31.32,31.32,4300,0
2015-02-12,19:25:00,31.325,31.37,31.32,31.37,8430,0
2015-02-12,19:30:00,31.375,31.46,31.375,31.4464,9802,0
2015-02-12,19:35:00,31.44,31.53,31.44,31.53,2500,0
2015-02-12,19:40:00,31.535,31.56,31.52,31.56,3313,0
2015-02-12,19:45:00,31.58,31.7,31.58,31.7,3000,0
2015-02-12,19:50:00,31.6635,31.81,31.6635,31.81,6598,0
2015-02-12,19:55:00,31.76,31.77,31.69,31.69,5153,0
2015-02-12,20:00:00,31.7,31.78,31.7,31.751,7149,0
2015-02-12,20:05:00,31.75,31.83,31.75,31.82,8420,0
2015-02-12,20:10:00,31.82,31.85,31.81,31.81,10351,0
2015-02-12,20:15:00,31.83,31.83,31.79,31.8,4800,0
2015-02-12,20:20:00,31.8,31.88,31.795,31.85,11000,0
2015-02-12,20:25:00,31.86,31.91,31.86,31.9,4900,0
2015-02-12,20:30:00,31.9,31.9,31.86,31.875,12566,0
2015-02-12,20:35:00,31.87,31.89,31.87,31.885,4416,0
2015-02-12,20:40:00,31.88,31.96,31.88,31.955,16007,0
2015-02-12,20:45:00,31.95,32.1,31.95,32.06,26359,0
2015-02-12,20:50:00,32.06,32.065,31.99,31.99,9364,0
2015-02-12,20:55:00,31.98,31.98,31.9,31.91,8200,0
2015-02-12,21:00:00,31.91,31.95,31.9,31.92,12131,0
2015-02-12,21:05:00,31.91,31.97,31.86,31.93,13900,0
2015-02-12,21:10:00,31.94,32.0,31.93,31.97,13000,0
2015-02-12,21:15:00,31.96,32.07,31.96,32.04,9600,0
2015-02-12,21:20:00,32.06,32.075,32.04,32.05,9216,0
2015-02-12,21:25:00,32.04,32.07,31.98,32.0,14202,0
2015-02-12,21:30:00,32.0,32.055,32.0,32.05,10200,0
2015-02-12,21:35:00,32.06,32.07,32.05,32.06,14161,0
2015-02-12,21:40:00,32.055,32.105,32.055,32.09,15603,0
2015-02-12,21:45:00,32.095,32.095,32.08,32.08,12376,0
2015-02-12,21:50:00,32.08,32.1,32.08,32.09,22176,0
2015-02-12,21:55:00,32.09,32.1,32.05,32.07,34309,0
2015-02-12,22:00:00,32.07,32.11,32.06,32.07,84750,0
2015-02-13,15:35:00,31.945,32.09,31.9,31.9,6400,0
2015-02-13,15:40:00,32.0,32.21,31.99,32.21,12860,0
2015-02-13,15:45:00,32.21,32.255,32.21,32.255,700,0
2015-02-13,15:50:00,32.19,32.19,32.19,32.19,700,0
2015-02-13,15:55:00,32.11,32.12,32.03,32.06,5208,0
2015-02-13,16:00:00,32.05,32.05,32.05,32.05,300,0
2015-02-13,16:05:00,32.025,32.08,31.95,32.0,32760,0
2015-02-13,16:10:00,31.99,32.0,31.87,31.92,6987,0
2015-02-13,16:15:00,31.885,32.04,31.8842,32.0,7735,0
2015-02-13,16:20:00,31.975,32.02,31.88,31.88,15031,0
2015-02-13,16:25:00,31.86,31.86,31.65,31.71,4416,0
2015-02-13,16:30:00,31.74,31.82,31.74,31.82,1400,0
2015-02-13,16:35:00,31.83,31.87,31.82,31.87,3000,0
2015-02-13,16:40:00,31.85,31.93,31.85,31.925,15200,0
2015-02-13,16:45:00,31.93,31.99,31.87,31.89,7400,0
2015-02-13,16:50:00,31.89,31.89,31.86,31.86,2800,0
2015-02-13,16:55:00,31.84,31.895,31.84,31.89,2055,0
2015-02-13,17:00:00,31.87,31.9,31.865,31.9,2016,0
2015-02-13,17:05:00,31.9,31.9,31.82,31.82,3300,0
2015-02-13,17:10:00,31.84,31.85,31.795,31.83,4500,0
2015-02-13,17:15:00,31.83,31.92,31.82,31.92,3800,0
2015-02-13,17:20:00,31.95,31.98,31.945,31.95,2470,0
2015-02-13,17:25:00,31.97,31.99,31.97,31.97,2715,0
2015-02-13,17:30:00,31.975,32.05,31.97,32.05,17547,0
2015-02-13,17:35:00,32.05,32.145,32.05,32.145,3930,0
2015-02-13,17:40:00,32.13,32.18,32.13,32.17,3300,0
2015-02-13,17:45:00,32.175,32.23,32.15,32.23,10802,0
2015-02-13,17:50:00,32.22,32.36,32.22,32.31,6524,0
2015-02-13,17:55:00,32.31,32.31,32.27,32.27,2400,0
2015-02-13,18:00:00,32.2,32.28,32.2,32.22,5600,0
2015-02-13,18:05:00,32.2159,32.24,32.19,32.22,5300,0
2015-02-13,18:10:00,32.215,32.215,32.2,32.21,300,0
2015-02-13,18:15:00,32.2,32.2,32.15,32.165,3300,0
2015-02-13,18:20:00,32.21,32.25,32.21,32.23,2700,0
2015-02-13,18:25:00,32.23,32.23,32.22,32.22,2100,0
2015-02-13,18:30:00,32.15,32.15,32.11,32.11,700,0
2015-02-13,18:35:00,32.08,32.1,32.01,32.1,2600,0
2015-02-13,18:40:00,32.05,32.05,32.0102,32.03,5100,0
2015-02-13,18:45:00,32.05,32.05,32.05,32.05,300,0
2015-02-13,18:50:00,32.02,32.06,31.98,32.0,10100,0
2015-02-13,18:55:00,31.99,32.12,31.99,32.06,4400,0
2015-02-13,19:00:00,32.02,32.08,32.02,32.05,3900,0
2015-02-13,19:05:00,32.06,32.1,32.01,32.05,12279,0
2015-02-13,19:10:00,32.05,32.05,32.0,32.015,1300,0
2015-02-13,19:15:00,31.98,31.98,31.95,31.96,800,0
2015-02-13,19:20:00,31.99,31.99,31.95,31.95,10500,0
2015-02-13,19:25:00,31.95,31.98,31.74,31.805,25800,0
2015-02-13,19:30:00,31.79,31.93,31.79,31.92,17600,0
2015-02-13,19:35:00,31.915,32.015,31.915,31.995,22800,0
2015-02-13,19:40:00,32.0,32.02,31.95,32.01,18608,0
2015-02-13,19:45:00,32.02,32.03,31.95,31.97,15997,0
2015-02-13,19:50:00,31.99,31.99,31.97,31.98,3766,0
2015-02-13,19:55:00,32.0,32.01,31.98,31.98,1100,0
2015-02-13,20:00:00,31.97,32.0,31.95,32.0,7600,0
2015-02-13,20:05:00,31.99,31.99,31.975,31.975,2600,0
2015-02-13,20:10:00,31.975,32.0,31.975,31.99,8983,0
2015-02-13,20:15:00,31.98,32.0,31.98,31.99,8593,0
2015-02-13,20:20:00,31.98,32.0,31.98,31.99,1600,0
2015-02-13,20:25:00,31.98,32.0,31.98,31.99,3000,0
2015-02-13,20:30:00,32.0,32.0,31.94,31.945,14285,0
2015-02-13,20:35:00,31.94,31.945,31.91,31.9299,4700,0
2015-02-13,20:40:00,31.94,31.95,31.92,31.94,5300,0
2015-02-13,20:45:00,31.935,32.02,31.935,32.015,8700,0
2015-02-13,20:50:00,32.015,32.065,31.99,31.99,14234,0
2015-02-13,20:55:00,31.99,32.01,31.99,32.01,4470,0
2015-02-13,21:00:00,32.0001,32.015,31.97,31.97,3100,0
2015-02-13,21:05:00,31.98,32.02,31.978,32.0,7300,0
2015-02-13,21:10:00,32.03,32.105,32.03,32.1,2100,0
2015-02-13,21:15:00,32.09,32.1,32.07,32.07,5500,0
2015-02-13,21:20:00,32.07,32.07,32.02,32.02,8825,0
2015-02-13,21:25:00,32.01,32.01,31.96,31.99,2704,0
2015-02-13,21:30:00,31.99,32.01,31.98,31.98,4125,0
2015-02-13,21:35:00,31.98,32.01,31.97,32.01,5271,0
2015-02-13,21:40:00,32.01,32.11,31.99,32.0,16377,0
2015-02-13,21:45:00,32.0,32.0,31.9675,31.975,16028,0
2015-02-13,21:50:00,31.975,31.99,31.97,31.985,8932,0
2015-02-13,21:55:00,31.95,32.02,31.95,32.0,26466,0
2015-02-13,22:00:00,31.995,32.0,31.98,32.0,64448,0
2015-02-17,15:35:00,31.86,32,31.64,31.65,19620,0
2015-02-17,15:40:00,31.67,31.68,31.53,31.53,3000,0
2015-02-17,15:45:00,31.49,31.58,31.39,31.39,10358,0
2015-02-17,15:50:00,31.4,31.46,31.39,31.42,5902,0
2015-02-17,15:55:00,31.38,31.39,31.32,31.39,4100,0
2015-02-17,16:00:00,31.35,31.4099,31.35,31.4099,1800,0
2015-02-17,16:05:00,31.37,31.52,31.36,31.51,16365,0
2015-02-17,16:10:00,31.51,31.73,31.51,31.73,4500,0
2015-02-17,16:15:00,31.72,31.8,31.69,31.79,8326,0
2015-02-17,16:20:00,31.77,31.77,31.63,31.71,6750,0
2015-02-17,16:25:00,31.71,31.76,31.64,31.68,14914,0
2015-02-17,16:30:00,31.7,31.73,31.65,31.69,21858,0
2015-02-17,16:35:00,31.68,31.77,31.68,31.73,9046,0
2015-02-17,16:40:00,31.74,31.815,31.74,31.8,3458,0
2015-02-17,16:45:00,31.83,31.92,31.81,31.91,3300,0
2015-02-17,16:50:00,31.92,31.92,31.82,31.9,5985,0
2015-02-17,16:55:00,31.9,31.9,31.69,31.73,8757,0
2015-02-17,17:00:00,31.7,31.72,31.66,31.66,3100,0
2015-02-17,17:05:00,31.64,31.7,31.64,31.7,3850,0
2015-02-17,17:10:00,31.73,31.8,31.73,31.79,2380,0
2015-02-17,17:15:00,31.77,31.85,31.77,31.81,5666,0
2015-02-17,17:20:00,31.81,31.95,31.81,31.95,7058,0
2015-02-17,17:25:00,31.96,32,31.96,31.97,6000,0
2015-02-17,17:30:00,31.98,31.98,31.9304,31.9447,2550,0
2015-02-17,17:35:00,31.949,31.949,31.91,31.91,1900,0
2015-02-17,17:40:00,31.91,31.91,31.9,31.9,1100,0
2015-02-17,17:45:00,31.87,31.92,31.87,31.9,8897,0
2015-02-17,17:50:00,31.89,31.91,31.84,31.84,4400,0
2015-02-17,17:55:00,31.82,31.82,31.8,31.8,1600,0
2015-02-17,18:00:00,31.8,31.8,31.7,31.7,4403,0
2015-02-17,18:05:00,31.7,31.75,31.7,31.74,3869,0
2015-02-17,18:10:00,31.75,31.75,31.71,31.71,3200,0
2015-02-17,18:15:00,31.71,31.75,31.7,31.75,2800,0
2015-02-17,18:20:00,31.75,31.83,31.75,31.79,6225,0
2015-02-17,18:25:00,31.82,31.98,31.82,31.97,8059,0
2015-02-17,18:30:00,31.97,32.03,31.95,32,1850,0
2015-02-17,18:35:00,32,32.06,32,32.01,3700,0
2015-02-17,18:40:00,32.0299,32.08,32.0299,32.08,1740,0
2015-02-17,18:45:00,32.07,32.08,32.07,32.08,900,0
2015-02-17,18:50:00,32.1,32.15,32.08,32.14,900,0
2015-02-17,18:55:00,32.17,32.19,32.15,32.17,1100,0
2015-02-17,19:00:00,32.17,32.17,32.15,32.15,600,0
2015-02-17,19:05:00,32.14,32.15,32.14,32.15,2500,0
2015-02-17,19:10:00,32.18,32.24,32.18,32.2,1700,0
2015-02-17,19:15:00,32.21,32.21,32.21,32.21,200,0
2015-02-17,19:20:00,32.22,32.22,32.1,32.11,5037,0
2015-02-17,19:25:00,32.11,32.11,32.1,32.1,3050,0
2015-02-17,19:30:00,32.11,32.13,32.11,32.12,900,0
2015-02-17,19:35:00,32.13,32.15,32.13,32.14,3700,0
2015-02-17,19:40:00,32.13,32.15,32.105,32.15,6263,0
2015-02-17,19:45:00,32.15,32.15,32.12,32.15,3600,0
2015-02-17,19:50:00,32.12,32.15,32.11,32.15,4300,0
2015-02-17,19:55:00,32.12,32.15,32.12,32.15,744,0
2015-02-17,20:00:00,32.11,32.12,32.05,32.06,2000,0
2015-02-17,20:05:00,32.06,32.08,32.06,32.07,1100,0
2015-02-17,20:10:00,32.08,32.09,32.07,32.08,900,0
2015-02-17,20:15:00,32.09,32.15,32.09,32.145,7900,0
2015-02-17,20:20:00,32.15,32.15,32.15,32.15,3000,0
2015-02-17,20:25:00,32.14,32.15,32.14,32.15,6716,0
2015-02-17,20:30:00,32.14,32.15,32.121,32.15,7500,0
2015-02-17,20:35:00,32.15,32.15,32.14,32.14,1700,0
2015-02-17,20:40:00,32.14,32.14,32.13,32.13,3083,0
2015-02-17,20:45:00,32.13,32.13,32.12,32.125,3403,0
2015-02-17,20:50:00,32.13,32.13,32.11,32.13,3496,0
2015-02-17,20:55:00,32.12,32.12,31.92,31.923,10870,0
2015-02-17,21:00:00,31.92,31.93,31.89,31.9,10435,0
2015-02-17,21:05:00,31.9,31.91,31.83,31.83,20883,0
2015-02-17,21:10:00,31.84,31.85,31.83,31.85,25144,0
2015-02-17,21:15:00,31.86,31.86,31.85,31.86,5612,0
2015-02-17,21:20:00,31.85,32,31.84,31.96,59411,0
2015-02-17,21:25:00,31.96,32.1,31.95,32.09,31555,0
2015-02-17,21:30:00,32.1,32.14,32.09,32.14,3400,0
2015-02-17,21:35:00,32.13,32.15,32.13,32.14,12129,0
2015-02-17,21:40:00,32.15,32.15,32.14,32.15,13856,0
2015-02-17,21:45:00,32.14,32.2,32.14,32.2,16800,0
2015-02-17,21:50:00,32.2,32.25,32.19,32.22,8900,0
2015-02-17,21:55:00,32.23,32.33,32.22,32.32,20783,0
2015-02-17,22:00:00,32.32,32.42,32.31,32.41,40009,0
2015-02-18,15:35:00,31.46,31.815,31.414,31.49,28723,0
2015-02-18,15:40:00,31.55,31.55,31.23,31.43,30946,0
2015-02-18,15:45:00,31.4204,31.5,31.42,31.5,18600,0
2015-02-18,15:50:00,31.5,31.5,31.39,31.39,11800,0
2015-02-18,15:55:00,31.38,31.55,31.38,31.48,156516,0
2015-02-18,16:00:00,31.48,31.49,31.38,31.39,39854,0
2015-02-18,16:05:00,31.39,31.405,31.1,31.1,6350,0
2015-02-18,16:10:00,31.1,31.1,30.94,30.9501,12365,0
2015-02-18,16:15:00,30.95,31.04,30.95,31.04,9935,0
2015-02-18,16:20:00,31.01,31.12,31.01,31.08,5000,0
2015-02-18,16:25:00,31.06,31.06,30.96,31,63748,0
2015-02-18,16:30:00,31,31.28,31,31.28,16715,0
2015-02-18,16:35:00,31.29,31.46,31.29,31.46,7000,0
2015-02-18,16:40:00,31.47,31.52,31.46,31.46,9420,0
2015-02-18,16:45:00,31.47,31.51,31.42,31.42,58700,0
2015-02-18,16:50:00,31.41,31.41,31.29,31.29,6400,0
2015-02-18,16:55:00,31.29,31.29,31.21,31.24,8544,0
2015-02-18,17:00:00,31.25,31.26,31.15,31.22,34644,0
2015-02-18,17:05:00,31.24,31.3,31.24,31.3,1600,0
2015-02-18,17:10:00,31.28,31.3,31.1,31.1,8304,0
2015-02-18,17:15:00,31.1,31.12,30.98,31.01,10900,0
2015-02-18,17:20:00,31.01,31.06,31,31.06,3600,0
2015-02-18,17:25:00,31.076,31.076,31,31,7393,0
2015-02-18,17:30:00,31,31.01,30.99,31.01,8900,0
2015-02-18,17:35:00,31.02,31.03,30.99,31,3400,0
2015-02-18,17:40:00,30.99,31.03,30.96,30.996,14242,0
2015-02-18,17:45:00,30.985,30.985,30.93,30.93,7760,0
2015-02-18,17:50:00,30.93,30.93,30.88,30.89,4746,0
2015-02-18,17:55:00,30.885,30.94,30.881,30.935,4138,0
2015-02-18,18:00:00,30.935,30.935,30.74,30.74,21784,0
2015-02-18,18:05:00,30.74,30.76,30.62,30.67,8084,0
2015-02-18,18:10:00,30.66,30.67,30.6,30.6,3200,0
2015-02-18,18:15:00,30.6,30.6,30.53,30.53,6297,0
2015-02-18,18:20:00,30.54,30.64,30.535,30.64,6889,0
2015-02-18,18:25:00,30.647,30.77,30.647,30.73,9850,0
2015-02-18,18:30:00,30.74,30.8,30.731,30.8,6300,0
2015-02-18,18:35:00,30.8,30.92,30.79,30.85,47000,0
2015-02-18,18:40:00,30.85,30.85,30.735,30.83,14950,0
2015-02-18,18:45:00,30.83,30.89,30.83,30.855,15990,0
2015-02-18,18:50:00,30.895,30.8975,30.895,30.8975,300,0
2015-02-18,18:55:00,30.91,30.965,30.91,30.965,3400,0
2015-02-18,19:00:00,30.955,31.03,30.93,31,32970,0
2015-02-18,19:05:00,31,31.01,31,31.005,4293,0
2015-02-18,19:10:00,31.0003,31.005,30.99,31,5220,0
2015-02-18,19:15:00,31.01,31.03,30.99,31.02,11230,0
2015-02-18,19:20:00,31.04,31.13,31.04,31.13,5334,0
2015-02-18,19:25:00,31.13,31.13,31.09,31.11,4800,0
2015-02-18,19:30:00,31.12,31.22,31.11,31.21,10500,0
2015-02-18,19:35:00,31.2,31.22,31.14,31.14,4900,0
2015-02-18,19:40:00,31.14,31.14,31.07,31.11,4700,0
2015-02-18,19:45:00,31.1,31.12,30.98,30.98,4700,0
2015-02-18,19:50:00,30.995,31,30.94,30.96,12760,0
2015-02-18,19:55:00,30.94,30.96,30.8925,30.905,26841,0
2015-02-18,20:00:00,30.9,30.92,30.9,30.91,5620,0
2015-02-18,20:05:00,30.915,30.94,30.9,30.9,11773,0
2015-02-18,20:10:00,30.9,30.94,30.9,30.94,8000,0
2015-02-18,20:15:00,30.965,30.98,30.91,30.95,4203,0
2015-02-18,20:20:00,30.97,30.98,30.955,30.98,3617,0
2015-02-18,20:25:00,31.01,31.12,31,31.12,2300,0
2015-02-18,20:30:00,31.145,31.19,31.145,31.18,7300,0
2015-02-18,20:35:00,31.18,31.19,31.17,31.18,3017,0
2015-02-18,20:40:00,31.19,31.34,31.185,31.34,9200,0
2015-02-18,20:45:00,31.35,31.43,31.35,31.38,8288,0
2015-02-18,20:50:00,31.38,31.41,31.37,31.39,7100,0
2015-02-18,20:55:00,31.4,31.44,31.4,31.43,64358,0
2015-02-18,21:00:00,31.42,31.43,31.42,31.43,5105,0
2015-02-18,21:05:00,31.42,31.46,31.42,31.45,21861,0
2015-02-18,21:10:00,31.47,31.5,31.465,31.49,3385,0
2015-02-18,21:15:00,31.51,31.52,31.501,31.515,4652,0
2015-02-18,21:20:00,31.52,31.65,31.52,31.63,7400,0
2015-02-18,21:25:00,31.635,31.68,31.63,31.675,8350,0
2015-02-18,21:30:00,31.675,31.68,31.66,31.66,5700,0
2015-02-18,21:35:00,31.66,31.66,31.59,31.61,16000,0
2015-02-18,21:40:00,31.6,31.6,31.56,31.575,8800,0
2015-02-18,21:45:00,31.57,31.57,31.53,31.53,7971,0
2015-02-18,21:50:00,31.51,31.51,31.42,31.42,10610,0
2015-02-18,21:55:00,31.42,31.44,31.39,31.39,25034,0
2015-02-18,22:00:00,31.39,31.46,31.36,31.46,39163,0
2015-02-19,15:35:00,31.35,31.48,31.16,31.16,5600,0
2015-02-19,15:40:00,31.42,31.42,31.42,31.42,100,0
2015-02-19,15:45:00,31.3,31.4386,31.3,31.43,1800,0
2015-02-19,15:50:00,31.43,31.46,31.36,31.36,6620,0
2015-02-19,15:55:00,31.35,31.35,31.23,31.23,2698,0
2015-02-19,16:00:00,31.31,31.38,31.28,31.38,4874,0
2015-02-19,16:05:00,31.42,31.64,31.28,31.64,12700,0
2015-02-19,16:10:00,31.59,31.8,31.59,31.74,9914,0
2015-02-19,16:15:00,31.69,31.71,31.56,31.62,16503,0
2015-02-19,16:20:00,31.65,31.8,31.6,31.8,9252,0
2015-02-19,16:25:00,31.78,31.93,31.78,31.82,5400,0
2015-02-19,16:30:00,31.8,32.09,31.77,31.98,20464,0
2015-02-19,16:35:00,31.97,32,31.97,31.985,5000,0
2015-02-19,16:40:00,31.985,32.03,31.92,31.96,6500,0
2015-02-19,16:45:00,31.92,31.93,31.755,31.79,7224,0
2015-02-19,16:50:00,31.8,31.85,31.8,31.83,6700,0
2015-02-19,16:55:00,31.8,31.81,31.76,31.8,10600,0
2015-02-19,17:00:00,31.7994,31.85,31.76,31.85,17583,0
2015-02-19,17:05:00,31.85,31.89,31.83,31.89,4100,0
2015-02-19,17:10:00,31.88,31.92,31.87,31.89,27200,0
2015-02-19,17:15:00,31.87,31.92,31.82,31.89,10200,0
2015-02-19,17:20:00,31.87,31.91,31.74,31.91,35596,0
2015-02-19,17:25:00,31.89,31.895,31.79,31.83,5800,0
2015-02-19,17:30:00,31.82,31.84,31.78,31.81,6500,0
2015-02-19,17:35:00,31.81,31.8433,31.75,31.75,5800,0
2015-02-19,17:40:00,31.73,31.73,31.58,31.62,3490,0
2015-02-19,17:45:00,31.63,31.7,31.59,31.67,6900,0
2015-02-19,17:50:00,31.7,31.72,31.59,31.59,16500,0
2015-02-19,17:55:00,31.59,31.61,31.58,31.58,1300,0
2015-02-19,18:00:00,31.55,31.63,31.55,31.63,2200,0
2015-02-19,18:05:00,31.62,31.63,31.58,31.58,2502,0
2015-02-19,18:10:00,31.61,31.73,31.585,31.7,15353,0
2015-02-19,18:15:00,31.7,31.79,31.7,31.79,5103,0
2015-02-19,18:20:00,31.76,31.76,31.67,31.695,4400,0
2015-02-19,18:25:00,31.695,31.79,31.695,31.79,1800,0
2015-02-19,18:30:00,31.79,31.79,31.74,31.75,3100,0
2015-02-19,18:35:00,31.74,31.78,31.73,31.74,3100,0
2015-02-19,18:40:00,31.73,31.77,31.705,31.74,5984,0
2015-02-19,18:45:00,31.745,31.745,31.62,31.69,8400,0
2015-02-19,18:50:00,31.69,31.725,31.69,31.725,2800,0
2015-02-19,18:55:00,31.72,31.73,31.68,31.68,1600,0
2015-02-19,19:00:00,31.66,31.72,31.66,31.665,5400,0
2015-02-19,19:05:00,31.68,31.68,31.58,31.59,5100,0
2015-02-19,19:10:00,31.58,31.62,31.55,31.58,6800,0
2015-02-19,19:15:00,31.61,31.63,31.51,31.5699,7667,0
2015-02-19,19:20:00,31.54,31.56,31.52,31.55,6771,0
2015-02-19,19:25:00,31.57,31.66,31.565,31.66,9900,0
2015-02-19,19:30:00,31.655,31.77,31.655,31.77,3600,0
2015-02-19,19:35:00,31.74,31.8,31.74,31.79,7316,0
2015-02-19,19:40:00,31.79,31.8,31.79,31.79,2800,0
2015-02-19,19:45:00,31.795,31.82,31.78,31.8,23104,0
2015-02-19,19:50:00,31.79,31.82,31.78,31.82,4401,0
2015-02-19,19:55:00,31.805,31.869,31.805,31.869,3500,0
2015-02-19,20:00:00,31.89,31.97,31.89,31.93,7100,0
2015-02-19,20:05:00,31.935,31.95,31.93,31.95,1600,0
2015-02-19,20:10:00,31.95,31.95,31.93,31.935,8400,0
2015-02-19,20:15:00,31.935,31.99,31.935,31.99,7841,0
2015-02-19,20:20:00,31.98,31.98,31.95,31.97,4500,0
2015-02-19,20:25:00,31.965,31.99,31.965,31.98,6196,0
2015-02-19,20:30:00,31.98,32,31.96,31.96,5152,0
2015-02-19,20:35:00,31.965,31.99,31.955,31.99,4498,0
2015-02-19,20:40:00,31.99,31.99,31.835,31.88,8273,0
2015-02-19,20:45:00,31.88,31.89,31.8,31.82,8023,0
2015-02-19,20:50:00,31.85,31.9,31.835,31.9,5695,0
2015-02-19,20:55:00,31.9,31.99,31.9,31.975,4526,0
2015-02-19,21:00:00,31.97,31.98,31.88,31.91,10150,0
2015-02-19,21:05:00,31.905,31.93,31.905,31.92,3711,0
2015-02-19,21:10:00,31.9295,31.93,31.87,31.88,8250,0
2015-02-19,21:15:00,31.86,31.88,31.8,31.8,9396,0
2015-02-19,21:20:00,31.785,31.85,31.785,31.825,5764,0
2015-02-19,21:25:00,31.84,31.87,31.825,31.84,3700,0
2015-02-19,21:30:00,31.83,31.83,31.8,31.8,1900,0
2015-02-19,21:35:00,31.815,31.84,31.8,31.84,10050,0
2015-02-19,21:40:00,31.835,31.91,31.835,31.91,9986,0
2015-02-19,21:45:00,31.8972,31.8972,31.84,31.84,6313,0
2015-02-19,21:50:00,31.84,31.84,31.78,31.79,14493,0
2015-02-19,21:55:00,31.79,31.84,31.77,31.83,18019,0
2015-02-19,22:00:00,31.85,31.95,31.83,31.89,23517,0
2015-02-20,15:35:00,31.86,31.97,31.86,31.97,13261,0
2015-02-20,15:40:00,31.82,31.82,31.69,31.755,1200,0
2015-02-20,15:45:00,31.745,31.745,31.6,31.6,3200,0
2015-02-20,15:50:00,31.67,31.73,31.61,31.63,10856,0
2015-02-20,15:55:00,31.65,31.65,31.56,31.65,4500,0
2015-02-20,16:00:00,31.7,31.77,31.65,31.74,2500,0
2015-02-20,16:05:00,31.68,31.71,31.65,31.67,5100,0
2015-02-20,16:10:00,31.71,31.81,31.7,31.8,6572,0
2015-02-20,16:15:00,31.8,31.82,31.79,31.81,3000,0
2015-02-20,16:20:00,31.78,31.83,31.78,31.79,4500,0
2015-02-20,16:25:00,31.7765,31.8,31.7765,31.79,1500,0
2015-02-20,16:30:00,31.79,31.8,31.71,31.71,8374,0
2015-02-20,16:35:00,31.69,31.74,31.68,31.71,2000,0
2015-02-20,16:40:00,31.75,31.75,31.67,31.72,8825,0
2015-02-20,16:45:00,31.75,31.75,31.7,31.7,9375,0
2015-02-20,16:50:00,31.72,31.75,31.68,31.69,18100,0
2015-02-20,16:55:00,31.7,31.7,31.68,31.69,4850,0
2015-02-20,17:00:00,31.7,31.73,31.7,31.73,3093,0
2015-02-20,17:05:00,31.73,31.74,31.72,31.725,5532,0
2015-02-20,17:10:00,31.73,31.76,31.7,31.7,5400,0
2015-02-20,17:20:00,31.71,31.74,31.7,31.71,2600,0
2015-02-20,17:25:00,31.73,31.76,31.71,31.74,4900,0
2015-02-20,17:30:00,31.75,31.75,31.73,31.74,2300,0
2015-02-20,17:35:00,31.73,31.76,31.72,31.75,6000,0
2015-02-20,17:40:00,31.75,31.77,31.73,31.76,5300,0
2015-02-20,17:45:00,31.76,31.87,31.75,31.87,6100,0
2015-02-20,17:50:00,31.865,31.93,31.86,31.92,3600,0
2015-02-20,17:55:00,31.93,32.05,31.92,32.02,8400,0
2015-02-20,18:00:00,32.02,32.08,32.02,32.07,5200,0
2015-02-20,18:05:00,32.085,32.14,32.07,32.13,12200,0
2015-02-20,18:10:00,32.13,32.13,32.1,32.11,15010,0
2015-02-20,18:15:00,32.11,32.1537,32.11,32.14,2350,0
2015-02-20,18:20:00,32.16,32.25,32.15,32.22,10400,0
2015-02-20,18:25:00,32.22,32.25,32.21,32.25,9000,0
2015-02-20,18:30:00,32.27,32.29,32.26,32.27,3100,0
2015-02-20,18:35:00,32.28,32.28,32.2372,32.26,7100,0
2015-02-20,18:40:00,32.26,32.31,32.18,32.18,4300,0
2015-02-20,18:45:00,32.18,32.185,32.07,32.115,8404,0
2015-02-20,18:50:00,32.08,32.18,32.08,32.15,3000,0
2015-02-20,18:55:00,32.18,32.19,32.17,32.19,3500,0
2015-02-20,19:00:00,32.19,32.21,32.17,32.2,2700,0
2015-02-20,19:05:00,32.19,32.23,32.19,32.22,2400,0
2015-02-20,19:10:00,32.23,32.26,32.22,32.26,2900,0
2015-02-20,19:15:00,32.27,32.28,32.23,32.236,1700,0
2015-02-20,19:20:00,32.2185,32.23,32.2,32.2,670,0
2015-02-20,19:25:00,32.19,32.22,32.18,32.19,2100,0
2015-02-20,19:30:00,32.18,32.2,32.135,32.16,1500,0
2015-02-20,19:35:00,32.16,32.17,32.15,32.15,2700,0
2015-02-20,19:40:00,32.165,32.165,32.15,32.16,2200,0
2015-02-20,19:45:00,32.13,32.13,32.09,32.11,900,0
2015-02-20,19:50:00,32.09,32.09,32.06,32.08,1700,0
2015-02-20,19:55:00,32.075,32.08,32.05,32.06,4994,0
2015-02-20,20:00:00,32.05,32.05,32.05,32.05,400,0
2015-02-20,20:05:00,32.04,32.09,32.04,32.085,4200,0
2015-02-20,20:10:00,32.1,32.1,32.07,32.08,3300,0
2015-02-20,20:15:00,32.08,32.1,32.07,32.09,3100,0
2015-02-20,20:20:00,32.1,32.1,32.07,32.1,5200,0
2015-02-20,20:25:00,32.09,32.1,32.09,32.1,2400,0
2015-02-20,20:30:00,32.09,32.09,32.03,32.06,7300,0
2015-02-20,20:35:00,32.02,32.02,31.97,31.985,7892,0
2015-02-20,20:40:00,31.985,31.985,31.93,31.95,6747,0
2015-02-20,20:45:00,31.95,31.95,31.86,31.86,3604,0
2015-02-20,20:50:00,31.84,31.89,31.82,31.87,11850,0
2015-02-20,20:55:00,31.86,31.91,31.86,31.885,4500,0
2015-02-20,21:00:00,31.87,31.87,31.85,31.85,1900,0
2015-02-20,21:05:00,31.84,31.89,31.82,31.88,7500,0
2015-02-20,21:10:00,31.885,31.98,31.88,31.98,7500,0
2015-02-20,21:15:00,31.98,32,31.97,31.99,3900,0
2015-02-20,21:20:00,31.98,31.98,31.96,31.97,1700,0
2015-02-20,21:25:00,31.96,31.99,31.94,31.99,4000,0
2015-02-20,21:30:00,31.99,32,31.96,31.963,3700,0
2015-02-20,21:35:00,31.98,32.01,31.97,32.01,4400,0
2015-02-20,21:40:00,32,32.05,32,32.02,8380,0
2015-02-20,21:45:00,32.01,32.02,31.97,31.99,9727,0
2015-02-20,21:50:00,31.97,31.99,31.94,31.94,14512,0
2015-02-20,21:55:00,31.93,31.95,31.91,31.915,9423,0
2015-02-20,22:00:00,31.92,31.99,31.92,31.99,43199,0
2015-02-23,15:35:00,32.03,32.174,32.03,32.16,7820,0
2015-02-23,15:40:00,32.29,32.35,32.21,32.3,12850,0
2015-02-23,15:45:00,32.31,32.38,32.29,32.3,8600,0
2015-02-23,15:50:00,32.29,32.29,32.05,32.13,9412,0
2015-02-23,15:55:00,32.2,32.2,32.12,32.2,3100,0
2015-02-23,16:00:00,32.15,32.21,32.07,32.205,4437,0
2015-02-23,16:05:00,32.21,32.28,32.15,32.22,5290,0
2015-02-23,16:10:00,32.22,32.22,32.131,32.18,2000,0
2015-02-23,16:15:00,32.17,32.17,32.1,32.1,5100,0
2015-02-23,16:20:00,32.095,32.1,31.99,32.03,4500,0
2015-02-23,16:25:00,32.03,32.03,31.995,32,600,0
2015-02-23,16:30:00,32,32.08,31.94,32.08,9601,0
2015-02-23,16:35:00,32.1,32.19,32.1,32.15,59302,0
2015-02-23,16:40:00,32.14,32.18,32.14,32.15,6000,0
2015-02-23,16:45:00,32.16,32.17,32.14,32.14,6271,0
2015-02-23,16:50:00,32.1,32.1,32.1,32.1,700,0
2015-02-23,16:55:00,32.09,32.1,32.03,32.1,4700,0
2015-02-23,17:00:00,32.1,32.1,32.01,32.038,1200,0
2015-02-23,17:05:00,32,32.12,32,32.07,3601,0
2015-02-23,17:10:00,32.05,32.06,32.03,32.04,1200,0
2015-02-23,17:15:00,32.04,32.05,32.0101,32.0101,1648,0
2015-02-23,17:20:00,32.03,32.07,32.01,32.07,2900,0
2015-02-23,17:25:00,32.08,32.12,32.08,32.1,11804,0
2015-02-23,17:30:00,32.1,32.11,32.07,32.07,3600,0
2015-02-23,17:35:00,32.07,32.12,32.06,32.08,7200,0
2015-02-23,17:40:00,32.06,32.13,32.06,32.1114,2900,0
2015-02-23,17:45:00,32.115,32.12,32.1,32.11,2800,0
2015-02-23,17:50:00,32.1,32.11,32.08,32.09,3925,0
2015-02-23,17:55:00,32.1,32.13,32.1,32.1,2100,0
2015-02-23,18:00:00,32.11,32.11,32.07,32.07,1400,0
2015-02-23,18:05:00,32.11,32.1625,32.1,32.15,4800,0
2015-02-23,18:10:00,32.16,32.18,32.14,32.15,13100,0
2015-02-23,18:15:00,32.15,32.17,32.13,32.13,3225,0
2015-02-23,18:20:00,32.13,32.25,32.12,32.25,18832,0
2015-02-23,18:25:00,32.24,32.33,32.24,32.33,62468,0
2015-02-23,18:30:00,32.35,32.37,32.33,32.35,6419,0
2015-02-23,18:35:00,32.35,32.365,32.35,32.35,2000,0
2015-02-23,18:40:00,32.35,32.36,32.28,32.29,9700,0
2015-02-23,18:45:00,32.31,32.32,32.3,32.31,900,0
2015-02-23,18:50:00,32.31,32.36,32.31,32.33,2900,0
2015-02-23,18:55:00,32.35,32.35,32.35,32.35,300,0
2015-02-23,19:00:00,32.37,32.38,32.36,32.37,1625,0
2015-02-23,19:05:00,32.37,32.38,32.35,32.35,900,0
2015-02-23,19:10:00,32.34,32.3698,32.3,32.32,6100,0
2015-02-23,19:15:00,32.31,32.31,32.29,32.29,2786,0
2015-02-23,19:20:00,32.27,32.27,32.2,32.2,1200,0
2015-02-23,19:25:00,32.22,32.22,32.21,32.21,500,0
2015-02-23,19:30:00,32.2,32.21,32.19,32.2,800,0
2015-02-23,19:35:00,32.18,32.22,32.175,32.18,3800,0
2015-02-23,19:45:00,32.18,32.18,32.17,32.17,2300,0
2015-02-23,19:50:00,32.15,32.15,32.14,32.14,2000,0
2015-02-23,19:55:00,32.15,32.155,32.14,32.155,13028,0
2015-02-23,20:00:00,32.16,32.16,32.13,32.13,1000,0
2015-02-23,20:05:00,32.11,32.13,32.08,32.08,2200,0
2015-02-23,20:10:00,32.08,32.11,32.07,32.07,5250,0
2015-02-23,20:15:00,32.06,32.12,32.06,32.1,4000,0
2015-02-23,20:20:00,32.1,32.12,32.1,32.11,5215,0
2015-02-23,20:25:00,32.1,32.11,32.1,32.106,3470,0
2015-02-23,20:30:00,32.1,32.15,32.1,32.15,2210,0
2015-02-23,20:35:00,32.14,32.15,32.1,32.14,3500,0
2015-02-23,20:40:00,32.12,32.13,32.1,32.1,3873,0
2015-02-23,20:45:00,32.1,32.14,32.1,32.11,1748,0
2015-02-23,20:50:00,32.14,32.207,32.13,32.19,5200,0
2015-02-23,20:55:00,32.19,32.19,32.19,32.19,2172,0
2015-02-23,21:00:00,32.18,32.18,32.09,32.13,9600,0
2015-02-23,21:05:00,32.13,32.13,32.11,32.11,1700,0
2015-02-23,21:10:00,32.09,32.09,32.02,32.0484,1296,0
2015-02-23,21:15:00,32.03,32.04,32.03,32.03,1771,0
2015-02-23,21:20:00,32.02,32.03,31.98,32.009,9916,0
2015-02-23,21:25:00,32.01,32.02,32,32.01,5000,0
2015-02-23,21:30:00,32,32.05,32,32.05,4700,0
2015-02-23,21:35:00,32.04,32.09,32.04,32.09,7203,0
2015-02-23,21:40:00,32.05,32.07,32.02,32.04,1900,0
2015-02-23,21:45:00,32.025,32.035,32,32,7900,0
2015-02-23,21:50:00,32,32,31.95,31.95,12652,0
2015-02-23,21:55:00,31.96,32.07,31.96,32.03,19517,0
2015-02-23,22:00:00,32.03,32.06,32,32.05,27286,0
