Date,Time,Open,High,Low,Close,Volume,OpenInt
2014-10-07,21:05:00,22.615,22.615,22.615,22.615,201,0
2014-10-07,21:15:00,22.556,22.556,22.556,22.556,201,0
2014-10-07,21:25:00,22.556,22.556,22.556,22.556,201,0
2014-10-07,21:35:00,22.586,22.586,22.586,22.586,201,0
2014-10-07,21:45:00,22.566,22.576,22.566,22.576,201,0
2014-10-07,21:55:00,22.546,22.556,22.546,22.556,201,0
2014-10-07,22:00:00,22.556,22.556,22.526,22.536,602,0
2014-10-08,17:40:00,22.406,22.406,22.406,22.406,100,0
2014-10-08,18:50:00,22.406,22.406,22.406,22.406,1003,0
2014-10-08,19:45:00,22.483,22.483,22.456,22.456,953,0
2014-10-08,20:25:00,22.675,22.904,22.675,22.904,14036,0
2014-10-08,20:35:00,22.825,22.825,22.765,22.815,4716,0
2014-10-08,21:30:00,22.885,22.885,22.885,22.885,201,0
2014-10-09,15:35:00,22.685,22.685,22.685,22.685,110,0
2014-10-09,16:20:00,22.565,22.565,22.565,22.565,301,0
2014-10-09,16:40:00,22.366,22.366,22.366,22.366,100,0
2014-10-09,17:15:00,22.436,22.436,22.436,22.436,100,0
2014-10-09,17:35:00,22.625,22.625,22.615,22.615,482,0
2014-10-09,17:50:00,22.486,22.486,22.476,22.486,351,0
2014-10-09,18:10:00,22.389,22.389,22.389,22.389,602,0
2014-10-09,18:20:00,22.328,22.389,22.328,22.389,201,0
2014-10-09,19:15:00,22.336,22.336,22.336,22.336,201,0
2014-10-09,19:35:00,22.257,22.266,22.247,22.247,903,0
2014-10-09,21:15:00,22.166,22.166,22.166,22.166,1104,0
2014-10-09,21:45:00,22.237,22.237,22.237,22.237,150,0
2014-10-09,21:55:00,22.33,22.33,22.33,22.33,100,0
2014-10-10,15:40:00,22.037,22.037,22.037,22.037,251,0
2014-10-10,15:45:00,22.047,22.067,22.037,22.037,1108,0
2014-10-10,16:20:00,21.814,21.814,21.814,21.814,201,0
2014-10-10,16:25:00,21.778,21.778,21.708,21.708,1003,0
2014-10-10,16:55:00,21.728,21.728,21.728,21.728,100,0
2014-10-10,17:20:00,21.678,21.678,21.678,21.678,602,0
2014-10-10,17:40:00,21.679,21.679,21.679,21.679,100,0
2014-10-10,17:45:00,21.689,21.689,21.689,21.689,201,0
2014-10-10,17:55:00,21.738,21.738,21.738,21.738,201,0
2014-10-10,18:05:00,21.768,21.768,21.768,21.768,201,0
2014-10-10,18:10:00,21.807,21.807,21.807,21.807,251,0
2014-10-10,18:15:00,21.828,21.828,21.828,21.828,401,0
2014-10-10,19:30:00,21.883,21.883,21.883,21.883,1279,0
2014-10-10,20:25:00,21.718,21.718,21.718,21.718,301,0
2014-10-10,20:55:00,21.657,21.657,21.657,21.657,128,0
2014-10-10,21:25:00,21.589,21.589,21.589,21.589,401,0
2014-10-13,15:35:00,21.479,21.61,21.479,21.61,1615,0
2014-10-13,15:45:00,21.589,21.589,21.579,21.579,602,0
2014-10-13,15:55:00,21.409,21.409,21.389,21.389,1003,0
2014-10-13,16:05:00,21.479,21.479,21.459,21.459,1204,0
2014-10-13,16:15:00,21.449,21.449,21.439,21.439,1003,0
2014-10-13,16:20:00,21.379,21.379,21.379,21.379,1405,0
2014-10-13,16:25:00,21.379,21.379,21.379,21.379,1906,0
2014-10-13,16:35:00,21.31,21.31,21.3,21.3,1304,0
2014-10-13,16:45:00,21.29,21.29,21.265,21.265,2809,0
2014-10-13,16:50:00,21.25,21.25,21.25,21.25,100,0
2014-10-13,16:55:00,21.28,21.28,21.28,21.28,1003,0
2014-10-13,17:00:00,21.343,21.343,21.343,21.343,140,0
2014-10-13,17:05:00,21.31,21.389,21.31,21.389,502,0
2014-10-13,17:10:00,21.389,21.39,21.389,21.39,803,0
2014-10-13,17:15:00,21.379,21.379,21.37,21.37,301,0
2014-10-13,17:25:00,21.31,21.31,21.3,21.3,602,0
2014-10-13,17:35:00,21.379,21.379,21.36,21.36,602,0
2014-10-13,17:45:00,21.37,21.379,21.361,21.37,1104,0
2014-10-13,17:50:00,21.386,21.386,21.386,21.386,301,0
2014-10-13,17:55:00,21.479,21.479,21.429,21.429,602,0
2014-10-13,18:05:00,21.409,21.443,21.389,21.443,752,0
2014-10-13,18:15:00,21.419,21.419,21.419,21.419,201,0
2014-10-13,18:25:00,21.459,21.459,21.449,21.449,502,0
2014-10-13,18:35:00,21.539,21.559,21.539,21.559,903,0
2014-10-13,18:40:00,21.569,21.569,21.569,21.569,301,0
2014-10-13,18:45:00,21.569,21.579,21.569,21.579,301,0
2014-10-13,18:55:00,21.549,21.549,21.549,21.549,100,0
2014-10-13,19:05:00,21.559,21.559,21.559,21.559,401,0
2014-10-13,19:15:00,21.539,21.682,21.539,21.682,789,0
2014-10-13,19:25:00,21.439,21.439,21.429,21.429,502,0
2014-10-13,19:30:00,21.499,21.499,21.489,21.489,502,0
2014-10-13,19:40:00,21.509,21.509,21.509,21.509,502,0
2014-10-13,19:50:00,21.459,21.459,21.449,21.449,502,0
2014-10-13,20:00:00,21.419,21.419,21.409,21.419,602,0
2014-10-13,20:10:00,21.469,21.469,21.459,21.459,502,0
2014-10-13,20:20:00,21.439,21.439,21.419,21.439,602,0
2014-10-13,20:25:00,21.419,21.419,21.419,21.419,201,0
2014-10-13,20:30:00,21.449,21.449,21.439,21.439,602,0
2014-10-13,20:40:00,21.419,21.419,21.399,21.419,602,0
2014-10-13,20:50:00,21.379,21.379,21.36,21.36,702,0
2014-10-13,21:00:00,21.405,21.405,21.36,21.36,854,0
2014-10-13,21:10:00,21.325,21.325,21.325,21.325,1405,0
2014-10-13,21:35:00,21.33,21.33,21.33,21.33,401,0
2014-10-13,21:40:00,21.215,21.215,21.215,21.215,100,0
2014-10-13,21:50:00,21.145,21.145,21.145,21.145,1003,0
2014-10-13,21:55:00,21.19,21.19,21.19,21.19,261,0
2014-10-13,22:00:00,21.113,21.15,21.11,21.12,5488,0
2014-10-14,15:35:00,21.35,21.35,21.35,21.35,823,0
2014-10-14,15:45:00,21.17,21.17,21.17,21.17,401,0
2014-10-14,15:55:00,21.1,21.1,21.08,21.08,702,0
2014-10-14,16:00:00,21.021,21.021,21.021,21.021,201,0
2014-10-14,16:05:00,21.021,21.021,20.951,20.968,1053,0
2014-10-14,16:15:00,21.036,21.09,21.036,21.09,2809,0
2014-10-14,16:35:00,21.006,21.006,21.006,21.006,502,0
2014-10-14,16:45:00,21.066,21.066,21.066,21.066,502,0
2014-10-14,16:55:00,21.13,21.13,21.13,21.13,401,0
2014-10-14,17:05:00,21.12,21.12,21.12,21.12,502,0
2014-10-14,17:15:00,21.14,21.14,21.14,21.14,602,0
2014-10-14,17:25:00,21.26,21.26,21.26,21.26,803,0
2014-10-14,17:35:00,21.24,21.24,21.23,21.23,401,0
2014-10-14,17:40:00,21.23,21.23,21.22,21.22,401,0
2014-10-14,17:50:00,21.32,21.32,21.32,21.32,201,0
2014-10-14,17:55:00,21.429,21.429,21.31,21.31,201,0
2014-10-14,18:00:00,21.32,21.32,21.32,21.32,301,0
2014-10-14,18:10:00,21.36,21.36,21.36,21.36,301,0
2014-10-14,18:20:00,21.35,21.35,21.34,21.34,301,0
2014-10-14,18:25:00,21.455,21.455,21.427,21.427,1143,0
2014-10-14,18:30:00,21.31,21.31,21.31,21.31,401,0
2014-10-14,18:40:00,21.31,21.31,21.31,21.31,301,0
2014-10-14,18:50:00,21.31,21.31,21.3,21.3,301,0
2014-10-14,19:00:00,21.34,21.34,21.34,21.34,201,0
2014-10-14,19:10:00,21.31,21.31,21.3,21.3,301,0
2014-10-14,19:20:00,21.31,21.31,21.3,21.3,401,0
2014-10-14,19:30:00,21.3,21.3,21.29,21.29,201,0
2014-10-14,19:35:00,21.3,21.3,21.29,21.29,301,0
2014-10-14,19:45:00,21.25,21.25,21.25,21.25,301,0
2014-10-14,19:55:00,21.23,21.23,21.22,21.22,301,0
2014-10-14,20:05:00,21.27,21.27,21.26,21.26,301,0
2014-10-14,20:15:00,21.27,21.27,21.27,21.27,201,0
2014-10-14,20:20:00,21.245,21.245,21.245,21.245,100,0
2014-10-14,20:30:00,21.125,21.125,21.125,21.125,100,0
2014-10-14,20:40:00,21.095,21.095,21.095,21.095,301,0
2014-10-14,20:45:00,21.18,21.18,21.18,21.18,602,0
2014-10-14,20:55:00,21.16,21.16,21.16,21.16,201,0
2014-10-14,21:00:00,21.166,21.166,21.166,21.166,502,0
2014-10-14,21:05:00,21.16,21.16,21.15,21.15,702,0
2014-10-14,21:15:00,21.095,21.095,21.095,21.095,401,0
2014-10-14,21:20:00,21.16,21.16,21.16,21.16,201,0
2014-10-14,21:25:00,21.066,21.066,21.066,21.066,803,0
2014-10-14,21:35:00,21.11,21.11,21.11,21.11,2408,0
2014-10-14,21:40:00,21.16,21.16,21.11,21.11,1272,0
2014-10-14,21:55:00,21.16,21.16,21.16,21.16,401,0
2014-10-14,22:00:00,21.18,21.18,21.13,21.13,1204,0
2014-10-15,15:45:00,20.931,20.95,20.931,20.95,672,0
2014-10-15,16:55:00,21.29,21.29,20.931,20.931,1505,0
2014-10-15,19:15:00,21.1,21.1,21.1,21.1,401,0
2014-10-15,19:45:00,21.001,21.001,20.981,21,1304,0
2014-10-15,20:00:00,21.11,21.11,21.11,21.11,100,0
2014-10-15,20:20:00,21.14,21.14,21.14,21.14,602,0
2014-10-15,20:25:00,21.16,21.16,21.16,21.16,301,0
2014-10-15,20:40:00,21.33,21.33,21.33,21.33,261,0
2014-10-15,21:00:00,21.33,21.33,21.33,21.33,602,0
2014-10-15,21:20:00,21.261,21.261,21.261,21.261,401,0
2014-10-15,21:45:00,21.469,21.469,21.469,21.469,502,0
2014-10-16,15:35:00,20.801,20.801,20.801,20.801,416,0
2014-10-16,16:00:00,21.327,21.327,21.327,21.327,100,0
2014-10-16,16:15:00,21.3,21.32,21.295,21.295,1003,0
2014-10-16,16:20:00,21.11,21.295,21.11,21.295,602,0
2014-10-16,17:40:00,21.459,21.459,21.439,21.439,823,0
2014-10-16,18:50:00,21.439,21.439,21.439,21.439,100,0
2014-10-16,19:30:00,21.609,21.778,21.599,21.599,2498,0
2014-10-16,19:35:00,21.605,21.627,21.605,21.627,4214,0
2014-10-16,20:10:00,21.519,21.629,21.509,21.509,1204,0
2014-10-16,21:20:00,21.519,21.519,21.519,21.519,301,0
2014-10-16,22:00:00,21.509,21.509,21.509,21.509,100,0
2014-10-17,15:35:00,22.017,22.017,21.698,21.698,2078,0
2014-10-17,15:40:00,21.808,21.808,21.808,21.808,100,0
2014-10-17,15:45:00,21.673,21.673,21.673,21.673,201,0
2014-10-17,16:00:00,21.908,21.908,21.908,21.908,235,0
2014-10-17,16:05:00,21.888,21.888,21.758,21.758,417,0
2014-10-17,16:10:00,21.823,21.823,21.823,21.823,451,0
2014-10-17,16:35:00,21.87,21.87,21.87,21.87,803,0
2014-10-17,16:40:00,21.828,21.838,21.808,21.838,1871,0
2014-10-17,18:00:00,21.868,21.868,21.868,21.868,201,0
2014-10-17,18:45:00,21.769,21.769,21.769,21.769,142,0
2014-10-17,19:10:00,21.808,21.808,21.808,21.808,100,0
2014-10-17,19:15:00,21.798,21.798,21.798,21.798,1405,0
2014-10-17,20:40:00,21.693,21.693,21.693,21.693,100,0
2014-10-17,22:00:00,21.738,21.738,21.738,21.738,462,0
2014-10-20,15:35:00,21.758,21.758,21.758,21.758,293,0
2014-10-20,18:05:00,21.881,21.881,21.881,21.881,502,0
2014-10-20,18:35:00,21.838,21.838,21.838,21.838,301,0
2014-10-20,20:45:00,21.859,21.859,21.859,21.859,120,0
2014-10-21,15:35:00,22.037,22.277,22.037,22.253,8749,0
2014-10-21,16:45:00,22.19,22.19,22.19,22.19,502,0
2014-10-21,16:55:00,22.177,22.177,22.177,22.177,702,0
2014-10-21,17:10:00,22.177,22.177,22.177,22.177,100,0
2014-10-21,17:15:00,22.315,22.315,22.315,22.315,201,0
2014-10-21,17:50:00,22.316,22.351,22.307,22.351,401,0
2014-10-21,18:00:00,22.316,22.316,22.316,22.316,903,0
2014-10-21,19:25:00,22.207,22.207,22.207,22.207,858,0
2014-10-21,19:45:00,22.147,22.147,22.147,22.147,1003,0
2014-10-21,20:30:00,22.187,22.187,22.187,22.187,1204,0
2014-10-21,20:45:00,22.356,22.356,22.356,22.356,1003,0
2014-10-21,20:50:00,22.356,22.356,22.356,22.356,562,0
2014-10-21,21:40:00,22.243,22.257,22.243,22.257,4046,0
2014-10-21,21:45:00,22.227,22.227,22.227,22.227,201,0
2014-10-22,16:55:00,22.476,22.476,22.476,22.476,100,0
2014-10-22,18:40:00,22.436,22.436,22.436,22.436,201,0
2014-10-22,18:45:00,22.436,22.436,22.436,22.436,201,0
2014-10-22,18:55:00,22.446,22.446,22.441,22.441,602,0
2014-10-22,19:25:00,22.426,22.426,22.426,22.426,602,0
2014-10-22,19:35:00,22.426,22.426,22.426,22.426,100,0
2014-10-22,21:00:00,22.396,22.396,22.396,22.396,201,0
2014-10-22,21:10:00,22.372,22.372,22.372,22.372,502,0
2014-10-22,22:00:00,22.306,22.306,22.306,22.306,100,0
2014-10-23,16:45:00,22.402,22.406,22.402,22.406,891,0
2014-10-23,19:10:00,22.406,22.406,22.406,22.406,752,0
2014-10-23,20:15:00,22.52,22.52,22.52,22.52,111,0
2014-10-23,20:30:00,22.625,22.625,22.625,22.625,1003,0
2014-10-23,20:55:00,22.605,22.605,22.595,22.605,3311,0
2014-10-23,21:10:00,22.516,22.546,22.516,22.546,3512,0
2014-10-24,15:35:00,22.526,22.526,22.526,22.526,351,0
2014-10-24,20:55:00,22.597,22.597,22.597,22.597,916,0
2014-10-24,21:55:00,22.577,22.577,22.577,22.577,201,0
2014-10-27,14:35:00,22.486,22.486,22.486,22.486,367,0
2014-10-27,14:45:00,22.426,22.426,22.426,22.426,201,0
2014-10-27,15:35:00,22.303,22.303,22.303,22.303,903,0
2014-10-27,17:00:00,22.183,22.183,22.183,22.183,201,0
2014-10-27,17:40:00,22.196,22.196,22.196,22.196,181,0
2014-10-27,17:45:00,22.241,22.241,22.241,22.241,401,0
2014-10-27,18:00:00,22.336,22.336,22.336,22.336,201,0
2014-10-27,21:00:00,22.286,22.286,22.286,22.286,100,0
2014-10-28,14:50:00,22.396,22.396,22.396,22.396,100,0
2014-10-28,16:05:00,22.675,22.675,22.625,22.675,1956,0
2014-10-28,16:25:00,22.784,22.784,22.775,22.775,201,0
2014-10-28,17:10:00,22.795,22.795,22.795,22.795,2007,0
2014-10-28,18:35:00,22.665,22.665,22.665,22.665,138,0
2014-10-28,19:25:00,22.715,22.715,22.715,22.715,318,0
2014-10-28,20:05:00,22.82,22.82,22.805,22.805,803,0
2014-10-29,16:55:00,22.617,22.617,22.617,22.617,201,0
2014-10-30,15:55:00,22.786,22.786,22.786,22.786,401,0
2014-10-30,16:05:00,22.824,22.824,22.824,22.824,903,0
2014-10-30,17:00:00,22.775,22.775,22.775,22.775,100,0
2014-10-30,17:25:00,22.825,22.825,22.825,22.825,401,0
2014-10-30,17:30:00,22.825,22.825,22.825,22.825,1053,0
2014-10-30,18:15:00,22.875,22.875,22.875,22.875,475,0
2014-10-30,19:05:00,22.924,22.924,22.924,22.924,100,0
2014-10-31,15:40:00,23.393,23.393,23.393,23.393,254,0
2014-10-31,16:00:00,23.393,23.393,23.393,23.393,100,0
2014-10-31,16:10:00,23.327,23.333,23.327,23.333,201,0
2014-10-31,16:15:00,23.323,23.327,23.323,23.323,3634,0
2014-10-31,16:30:00,23.358,23.363,23.358,23.363,301,0
2014-10-31,16:45:00,23.343,23.343,23.333,23.333,903,0
2014-10-31,17:25:00,23.392,23.392,23.392,23.392,502,0
2014-10-31,18:45:00,23.343,23.359,23.323,23.359,4013,0
2014-10-31,19:15:00,23.362,23.363,23.356,23.356,1505,0
2014-10-31,19:35:00,23.363,23.363,23.363,23.363,401,0
2014-10-31,20:20:00,23.356,23.356,23.356,23.356,1003,0
2014-10-31,20:40:00,23.369,23.369,23.369,23.369,502,0
2014-10-31,20:55:00,23.343,23.343,23.333,23.333,1204,0
2014-10-31,21:00:00,23.353,23.353,23.353,23.353,301,0
2014-11-03,15:35:00,23.423,23.423,23.064,23.064,1165,0
2014-11-03,15:45:00,23.174,23.174,23.174,23.174,201,0
2014-11-03,17:00:00,23.283,23.291,23.283,23.291,1003,0
2014-11-03,17:05:00,23.323,23.323,23.323,23.323,100,0
2014-11-03,17:10:00,23.413,23.413,23.413,23.413,100,0
2014-11-03,17:15:00,23.333,23.333,23.333,23.333,100,0
2014-11-03,17:50:00,23.283,23.283,23.283,23.283,100,0
2014-11-03,18:25:00,23.233,23.233,23.233,23.233,100,0
2014-11-03,19:30:00,23.333,23.333,23.333,23.333,100,0
2014-11-03,19:45:00,23.363,23.363,23.363,23.363,2910,0
2014-11-04,19:40:00,23.174,23.174,23.174,23.174,301,0
2014-11-04,20:25:00,23.223,23.226,23.223,23.226,1003,0
2014-11-04,20:45:00,23.323,23.323,23.323,23.323,281,0
2014-11-05,16:35:00,23.104,23.104,23.104,23.104,201,0
2014-11-05,17:00:00,23.323,23.323,23.323,23.323,100,0
2014-11-05,18:15:00,23.188,23.188,23.188,23.188,595,0
2014-11-05,18:55:00,23.165,23.241,23.154,23.237,7364,0
2014-11-05,19:40:00,23.252,23.253,23.252,23.253,903,0
2014-11-05,20:30:00,23.114,23.114,23.114,23.114,401,0
2014-11-05,21:35:00,23.046,23.046,23.046,23.046,301,0
2014-11-05,22:00:00,23.1,23.1,23.064,23.064,401,0
2014-11-06,15:35:00,23.064,23.064,23.064,23.064,301,0
2014-11-06,16:00:00,23.063,23.063,23.063,23.063,100,0
2014-11-06,16:05:00,23.024,23.024,23.024,23.024,502,0
2014-11-06,16:20:00,22.875,22.875,22.875,22.875,201,0
2014-11-06,17:10:00,23.013,23.013,23.013,23.013,917,0
2014-11-06,18:35:00,22.934,22.994,22.934,22.994,321,0
2014-11-06,19:55:00,22.974,22.974,22.974,22.974,100,0
2014-11-06,20:05:00,22.988,22.988,22.988,22.988,100,0
2014-11-06,20:20:00,22.981,22.981,22.981,22.981,100,0
2014-11-06,21:20:00,22.977,22.977,22.977,22.977,602,0
2014-11-06,22:00:00,22.984,22.984,22.984,22.984,201,0
2014-11-07,15:35:00,22.934,22.934,22.934,22.934,502,0
2014-11-07,15:40:00,22.934,22.934,22.934,22.934,201,0
2014-11-07,15:45:00,22.934,22.934,22.835,22.835,702,0
2014-11-07,15:50:00,22.87,22.875,22.87,22.875,201,0
2014-11-07,15:55:00,22.875,22.875,22.87,22.87,201,0
2014-11-07,16:00:00,22.865,22.865,22.86,22.86,201,0
2014-11-07,16:05:00,22.86,22.86,22.825,22.825,201,0
2014-11-07,16:10:00,22.825,22.825,22.825,22.825,502,0
2014-11-07,16:15:00,22.825,22.825,22.825,22.825,100,0
2014-11-07,16:20:00,22.82,22.82,22.82,22.82,201,0
2014-11-07,16:25:00,22.82,22.825,22.82,22.825,201,0
2014-11-07,16:30:00,22.825,22.825,22.825,22.825,100,0
2014-11-07,16:35:00,22.825,22.825,22.825,22.825,201,0
2014-11-07,16:40:00,22.815,22.815,22.815,22.815,201,0
2014-11-07,16:45:00,22.815,22.815,22.815,22.815,100,0
2014-11-07,16:50:00,22.815,22.815,22.815,22.815,301,0
2014-11-07,16:55:00,22.825,22.825,22.825,22.825,301,0
2014-11-07,17:50:00,22.855,22.855,22.855,22.855,301,0
2014-11-07,19:15:00,22.884,22.885,22.805,22.805,1766,0
2014-11-07,19:25:00,22.815,22.85,22.806,22.85,1304,0
2014-11-07,19:40:00,22.86,22.914,22.86,22.914,301,0
2014-11-07,20:25:00,22.904,22.904,22.904,22.904,301,0
2014-11-07,20:30:00,22.875,22.875,22.875,22.875,100,0
2014-11-07,20:35:00,22.865,22.865,22.865,22.865,100,0
2014-11-07,21:20:00,22.875,22.875,22.875,22.875,1104,0
2014-11-10,15:35:00,23.014,23.243,22.994,23.243,1906,0
2014-11-10,15:40:00,23.272,23.272,23.272,23.272,100,0
2014-11-10,15:45:00,23.144,23.144,23.134,23.134,3505,0
2014-11-10,15:50:00,23.188,23.188,23.188,23.188,1498,0
2014-11-10,15:55:00,23.26,23.26,23.26,23.26,2007,0
2014-11-10,16:20:00,23.286,23.324,23.286,23.324,502,0
2014-11-10,16:25:00,23.283,23.283,23.283,23.283,100,0
2014-11-10,16:30:00,23.298,23.298,23.298,23.298,401,0
2014-11-10,16:50:00,23.343,23.343,23.274,23.274,401,0
2014-11-10,17:00:00,23.303,23.303,23.303,23.303,100,0
2014-11-10,17:05:00,23.303,23.303,23.263,23.263,602,0
2014-11-10,17:10:00,23.263,23.361,23.263,23.322,903,0
2014-11-10,17:30:00,23.323,23.323,23.283,23.283,2308,0
2014-11-10,17:35:00,23.293,23.293,23.293,23.293,401,0
2014-11-10,17:40:00,23.293,23.313,23.293,23.293,301,0
2014-11-10,17:45:00,23.293,23.293,23.293,23.293,401,0
2014-11-10,18:00:00,23.313,23.323,23.313,23.321,803,0
2014-11-10,18:05:00,23.311,23.311,23.311,23.311,100,0
2014-11-10,18:20:00,23.296,23.296,23.296,23.296,1003,0
2014-11-10,19:30:00,23.283,23.283,23.283,23.283,401,0
2014-11-10,19:35:00,23.319,23.319,23.319,23.319,213,0
2014-11-10,20:15:00,23.322,23.322,23.319,23.319,1706,0
2014-11-10,20:25:00,23.283,23.283,23.283,23.283,301,0
2014-11-10,20:35:00,23.311,23.311,23.311,23.311,301,0
2014-11-10,20:55:00,23.323,23.323,23.323,23.323,1003,0
2014-11-10,21:00:00,23.319,23.319,23.319,23.319,201,0
2014-11-10,21:20:00,23.32,23.323,23.32,23.323,301,0
2014-11-10,21:30:00,23.283,23.283,23.283,23.283,201,0
2014-11-10,22:00:00,23.323,23.323,23.323,23.323,301,0
2014-11-11,15:35:00,23.396,23.396,23.396,23.396,376,0
2014-11-11,16:00:00,23.36,23.36,23.36,23.36,502,0
2014-11-11,16:05:00,23.409,23.413,23.409,23.413,683,0
2014-11-11,16:35:00,23.423,23.423,23.423,23.423,502,0
2014-11-11,16:45:00,23.417,23.421,23.417,23.421,207,0
2014-11-11,16:55:00,23.363,23.363,23.363,23.363,1003,0
2014-11-11,17:10:00,23.354,23.354,23.353,23.353,401,0
2014-11-11,18:00:00,23.362,23.362,23.362,23.362,401,0
2014-11-11,18:25:00,23.353,23.353,23.353,23.353,702,0
2014-11-11,18:35:00,23.283,23.283,23.283,23.283,100,0
2014-11-11,18:40:00,23.283,23.283,23.283,23.283,301,0
2014-11-11,19:10:00,23.296,23.296,23.296,23.296,229,0
2014-11-11,19:25:00,23.273,23.273,23.273,23.273,201,0
2014-11-11,21:45:00,23.353,23.353,23.353,23.353,1104,0
2014-11-12,16:10:00,23.423,23.423,23.423,23.423,1704,0
2014-11-12,16:55:00,23.502,23.502,23.423,23.423,1130,0
2014-11-12,17:30:00,23.393,23.393,23.393,23.393,502,0
2014-11-12,17:55:00,23.353,23.353,23.353,23.353,201,0
2014-11-12,18:00:00,23.406,23.406,23.403,23.406,1380,0
2014-11-12,21:20:00,23.512,23.512,23.512,23.512,351,0
2014-11-13,16:20:00,23.732,23.732,23.722,23.722,552,0
2014-11-13,16:30:00,23.722,23.722,23.721,23.721,201,0
2014-11-13,16:35:00,23.572,23.572,23.562,23.562,325,0
2014-11-13,16:40:00,23.702,23.702,23.702,23.702,1003,0
2014-11-13,16:45:00,23.642,23.642,23.642,23.642,201,0
2014-11-13,17:05:00,23.631,23.632,23.631,23.631,702,0
2014-11-13,17:45:00,23.582,23.582,23.512,23.562,903,0
2014-11-13,17:50:00,23.512,23.562,23.51,23.562,1405,0
2014-11-14,16:15:00,24.001,24.001,24,24,301,0
2014-11-14,17:10:00,23.931,23.939,23.931,23.939,1304,0
2014-11-14,17:50:00,23.953,23.953,23.953,23.953,634,0
2014-11-14,18:05:00,23.921,23.921,23.921,23.921,1068,0
2014-11-14,18:45:00,24.021,24.021,24.021,24.021,1460,0
2014-11-14,19:20:00,24.16,24.16,24.16,24.16,150,0
2014-11-14,19:30:00,24.147,24.147,24.147,24.147,100,0
2014-11-14,20:10:00,24.146,24.146,24.146,24.146,1003,0
2014-11-14,20:15:00,24.159,24.159,24.159,24.159,2007,0
2014-11-14,21:00:00,24.15,24.15,24.15,24.15,201,0
2014-11-14,21:35:00,24.071,24.077,24.061,24.077,1906,0
2014-11-14,21:50:00,24.14,24.14,24.062,24.062,351,0
2014-11-14,21:55:00,24.11,24.11,24.11,24.11,2558,0
2014-11-14,22:00:00,24.16,24.16,24.16,24.16,502,0
2014-11-17,15:35:00,23.851,23.851,23.668,23.668,1004,0
2014-11-17,15:50:00,23.761,23.761,23.761,23.761,100,0
2014-11-17,16:50:00,23.622,23.622,23.622,23.622,100,0
2014-11-17,17:10:00,23.513,23.513,23.512,23.512,1956,0
2014-11-17,18:15:00,23.483,23.487,23.483,23.487,602,0
2014-11-17,19:45:00,23.582,23.582,23.548,23.548,443,0
2014-11-17,20:20:00,23.572,23.572,23.555,23.555,804,0
2014-11-17,22:00:00,23.572,23.572,23.572,23.572,201,0
2014-11-18,15:35:00,23.542,23.542,23.542,23.542,993,0
2014-11-18,16:00:00,23.493,23.493,23.483,23.492,883,0
2014-11-18,16:30:00,23.433,23.433,23.433,23.433,602,0
2014-11-18,16:50:00,23.443,23.443,23.443,23.443,301,0
2014-11-18,16:55:00,23.423,23.423,23.423,23.423,229,0
2014-11-18,17:30:00,23.28,23.28,23.28,23.28,502,0
2014-11-18,18:30:00,23.323,23.323,23.323,23.323,532,0
2014-11-18,19:20:00,23.323,23.323,23.323,23.323,451,0
2014-11-18,19:50:00,23.294,23.294,23.294,23.294,792,0
2014-11-18,20:10:00,23.333,23.333,23.333,23.333,803,0
2014-11-18,21:35:00,23.316,23.316,23.316,23.316,401,0
2014-11-18,21:55:00,23.273,23.273,23.273,23.273,401,0
2014-11-19,15:35:00,23.423,23.423,23.423,23.423,2408,0
2014-11-19,16:15:00,23.175,23.175,23.175,23.175,1405,0
2014-11-19,16:35:00,23.24,23.24,23.24,23.24,251,0
2014-11-19,16:50:00,23.154,23.154,23.154,23.154,1204,0
2014-11-19,17:30:00,23.144,23.144,23.144,23.144,472,0
2014-11-19,18:20:00,23.223,23.223,23.223,23.223,401,0
2014-11-19,19:50:00,23.273,23.273,23.273,23.273,401,0
2014-11-19,20:35:00,23.331,23.331,23.331,23.331,401,0
2014-11-20,15:40:00,22.943,22.943,22.943,22.943,211,0
2014-11-20,17:20:00,23.127,23.127,23.127,23.127,401,0
2014-11-20,17:30:00,23.243,23.243,23.243,23.243,171,0
2014-11-20,18:00:00,23.144,23.144,23.144,23.144,301,0
2014-11-20,19:15:00,23.213,23.213,23.213,23.213,100,0
2014-11-20,19:20:00,23.223,23.223,23.223,23.223,401,0
2014-11-20,19:40:00,23.194,23.194,23.194,23.194,903,0
2014-11-20,19:50:00,23.124,23.124,23.124,23.124,201,0
2014-11-20,20:45:00,23.181,23.181,23.181,23.181,858,0
2014-11-20,21:10:00,23.201,23.201,23.201,23.201,1504,0
2014-11-20,21:45:00,23.176,23.176,23.176,23.176,1504,0
2014-11-21,19:50:00,23.732,23.732,23.732,23.732,301,0
2014-11-21,20:25:00,23.732,23.732,23.732,23.732,301,0
2014-11-24,15:35:00,23.542,23.542,23.393,23.463,903,0
2014-11-24,15:45:00,23.393,23.393,23.273,23.273,502,0
2014-11-24,15:50:00,23.403,23.403,23.403,23.403,100,0
2014-11-24,16:15:00,23.257,23.257,23.257,23.257,100,0
2014-11-24,16:30:00,23.301,23.301,23.301,23.301,201,0
2014-11-24,16:55:00,23.323,23.323,23.323,23.323,1023,0
2014-11-24,18:35:00,23.333,23.343,23.333,23.343,903,0
2014-11-24,18:50:00,23.237,23.237,23.237,23.237,216,0
2014-11-24,19:30:00,23.223,23.223,23.223,23.223,100,0
2014-11-24,19:40:00,23.273,23.273,23.273,23.273,100,0
2014-11-24,20:30:00,23.275,23.275,23.275,23.275,522,0
2014-11-25,16:10:00,23.343,23.343,23.343,23.343,301,0
2014-11-25,16:20:00,23.363,23.365,23.354,23.365,2143,0
2014-11-25,17:15:00,23.461,23.461,23.461,23.461,682,0
2014-11-25,18:40:00,23.463,23.463,23.463,23.463,201,0
2014-11-25,19:35:00,23.447,23.447,23.447,23.447,186,0
2014-11-25,19:40:00,23.447,23.447,23.447,23.447,150,0
2014-11-25,20:00:00,23.463,23.532,23.463,23.532,3762,0
2014-11-25,20:30:00,23.467,23.467,23.386,23.386,381,0
2014-11-25,21:10:00,23.418,23.418,23.418,23.418,1066,0
2014-11-25,21:55:00,23.443,23.443,23.443,23.443,602,0
2014-11-25,22:00:00,23.433,23.433,23.433,23.433,1605,0
2014-11-26,17:30:00,23.539,23.539,23.539,23.539,100,0
2014-11-26,19:55:00,23.514,23.514,23.514,23.514,617,0
2014-11-26,21:05:00,23.463,23.463,23.463,23.463,201,0
2014-11-26,21:15:00,23.582,23.582,23.557,23.582,2458,0
2014-11-26,21:30:00,23.57,23.57,23.57,23.57,1003,0
2014-11-26,21:35:00,23.53,23.53,23.494,23.494,702,0
2014-11-26,21:45:00,23.581,23.581,23.581,23.581,100,0
2014-11-28,15:35:00,23.602,23.602,23.602,23.602,682,0
2014-11-28,15:45:00,23.532,23.542,23.532,23.532,301,0
2014-11-28,16:15:00,23.383,23.383,23.383,23.383,301,0
2014-11-28,16:20:00,23.349,23.349,23.349,23.349,170,0
2014-11-28,16:25:00,23.373,23.373,23.373,23.373,301,0
2014-11-28,18:35:00,23.25,23.25,23.25,23.25,301,0
2014-12-01,15:35:00,23.174,23.174,23.042,23.042,1827,0
2014-12-01,20:05:00,22.77,22.77,22.77,22.77,128,0
2014-12-01,20:10:00,22.736,22.736,22.736,22.736,4880,0
2014-12-01,20:55:00,22.755,22.755,22.755,22.755,201,0
2014-12-01,21:00:00,22.685,22.685,22.685,22.685,401,0
2014-12-01,21:50:00,22.768,22.768,22.768,22.768,251,0
2014-12-02,16:05:00,22.795,22.795,22.795,22.795,816,0
2014-12-02,16:10:00,22.785,22.785,22.785,22.785,401,0
2014-12-02,17:20:00,22.755,22.755,22.755,22.755,1003,0
2014-12-02,19:05:00,22.685,22.685,22.685,22.685,512,0
2014-12-02,20:30:00,22.775,22.775,22.775,22.775,100,0
2014-12-02,20:35:00,22.775,22.775,22.775,22.775,301,0
2014-12-02,21:40:00,22.698,22.698,22.698,22.698,161,0
2014-12-02,21:45:00,22.686,22.686,22.686,22.686,451,0
2014-12-03,15:35:00,22.665,22.665,22.665,22.665,409,0
2014-12-03,15:50:00,22.603,22.603,22.553,22.553,351,0
2014-12-03,15:55:00,22.521,22.521,22.521,22.521,552,0
2014-12-03,16:15:00,22.486,22.486,22.486,22.486,201,0
2014-12-03,16:20:00,22.468,22.468,22.468,22.468,100,0
2014-12-03,16:25:00,22.436,22.436,22.436,22.436,100,0
2014-12-03,16:45:00,22.452,22.486,22.446,22.456,1405,0
2014-12-03,16:55:00,22.585,22.585,22.585,22.585,201,0
2014-12-03,17:10:00,22.473,22.473,22.473,22.473,451,0
2014-12-03,18:55:00,22.506,22.506,22.506,22.506,301,0
2014-12-03,20:05:00,22.496,22.496,22.496,22.496,652,0
2014-12-03,21:25:00,22.497,22.497,22.497,22.497,201,0
2014-12-03,21:45:00,22.477,22.477,22.477,22.477,301,0
2014-12-04,15:40:00,22.446,22.446,22.436,22.436,1505,0
2014-12-04,15:55:00,22.466,22.466,22.466,22.466,401,0
2014-12-04,16:00:00,22.466,22.466,22.436,22.436,1354,0
2014-12-04,16:10:00,22.486,22.486,22.456,22.456,502,0
2014-12-04,16:15:00,22.456,22.456,22.456,22.456,803,0
2014-12-04,16:30:00,22.426,22.426,22.426,22.426,100,0
2014-12-04,16:45:00,22.426,22.426,22.426,22.426,100,0
2014-12-04,17:00:00,22.356,22.356,22.356,22.356,201,0
2014-12-04,17:20:00,22.356,22.356,22.356,22.356,301,0
2014-12-04,17:30:00,22.346,22.346,22.346,22.346,552,0
2014-12-04,17:45:00,22.336,22.336,22.336,22.336,803,0
2014-12-04,18:35:00,22.341,22.341,22.341,22.341,1204,0
2014-12-04,18:40:00,22.341,22.341,22.341,22.341,602,0
2014-12-04,18:45:00,22.341,22.341,22.341,22.341,100,0
2014-12-04,18:50:00,22.341,22.341,22.341,22.341,602,0
2014-12-04,19:20:00,22.336,22.336,22.336,22.336,803,0
2014-12-04,19:40:00,22.356,22.356,22.336,22.336,1164,0
2014-12-04,20:25:00,22.337,22.337,22.337,22.337,1003,0
2014-12-04,21:10:00,22.337,22.406,22.337,22.405,1487,0
2014-12-05,15:35:00,22.277,22.277,22.277,22.277,605,0
2014-12-05,16:20:00,22.219,22.219,22.219,22.219,459,0
2014-12-05,16:25:00,22.197,22.197,22.197,22.197,1003,0
2014-12-05,16:55:00,22.316,22.316,22.316,22.316,947,0
2014-12-05,17:25:00,22.228,22.228,22.228,22.228,5016,0
2014-12-05,18:10:00,22.257,22.257,22.257,22.257,401,0
2014-12-05,19:15:00,22.278,22.278,22.278,22.278,502,0
2014-12-05,19:40:00,22.277,22.282,22.267,22.267,3010,0
2014-12-05,21:25:00,22.345,22.345,22.277,22.304,5117,0
2014-12-05,21:35:00,22.277,22.277,22.277,22.277,100,0
2014-12-05,21:50:00,22.316,22.375,22.312,22.375,1003,0
2014-12-05,21:55:00,22.321,22.321,22.321,22.321,2007,0
2014-12-08,15:35:00,22.127,22.127,22.127,22.127,2508,0
2014-12-08,15:55:00,22.077,22.077,22.077,22.077,803,0
2014-12-08,16:00:00,21.965,21.965,21.965,21.965,100,0
2014-12-08,17:05:00,21.928,21.928,21.818,21.818,602,0
2014-12-08,17:20:00,21.888,21.898,21.888,21.898,451,0
2014-12-08,17:50:00,21.828,21.828,21.828,21.828,301,0
2014-12-08,18:15:00,21.828,21.828,21.828,21.828,201,0
2014-12-08,18:20:00,21.7,21.798,21.681,21.798,2380,0
2014-12-08,18:30:00,21.718,21.718,21.718,21.718,201,0
2014-12-08,19:10:00,21.748,21.748,21.748,21.748,903,0
2014-12-08,19:25:00,21.628,21.628,21.628,21.628,201,0
2014-12-08,20:05:00,21.499,21.499,21.499,21.499,128,0
2014-12-08,20:20:00,21.489,21.489,21.489,21.489,100,0
2014-12-08,20:30:00,21.514,21.649,21.509,21.509,2308,0
2014-12-08,21:20:00,21.559,21.559,21.559,21.559,201,0
2014-12-08,21:25:00,21.637,21.639,21.637,21.639,301,0
2014-12-09,15:35:00,21.429,21.429,21.23,21.23,4248,0
2014-12-09,15:50:00,21.172,21.172,21.172,21.172,201,0
2014-12-09,16:10:00,21.28,21.28,21.17,21.17,301,0
2014-12-09,16:55:00,21.32,21.32,21.17,21.17,602,0
2014-12-09,18:05:00,21.36,21.36,21.36,21.36,602,0
2014-12-09,19:00:00,21.429,21.469,21.429,21.469,2709,0
2014-12-09,21:55:00,21.601,21.601,21.601,21.601,502,0
2014-12-10,15:35:00,21.579,21.579,21.569,21.569,3143,0
2014-12-10,15:55:00,21.719,21.719,21.719,21.719,1003,0
2014-12-10,16:25:00,21.898,21.898,21.898,21.898,150,0
2014-12-10,16:35:00,21.808,21.808,21.808,21.808,301,0
2014-12-10,17:20:00,21.772,21.772,21.772,21.772,261,0
2014-12-10,17:35:00,21.768,21.768,21.768,21.768,201,0
2014-12-10,18:30:00,21.748,21.748,21.726,21.726,675,0
2014-12-10,19:35:00,21.715,21.715,21.715,21.715,819,0
2014-12-10,21:50:00,21.477,21.477,21.477,21.477,100,0
2014-12-11,15:35:00,21.479,21.479,21.479,21.479,1086,0
2014-12-11,16:10:00,21.818,21.818,21.818,21.818,201,0
2014-12-11,16:50:00,21.964,21.964,21.964,21.964,100,0
2014-12-11,17:05:00,21.793,21.793,21.793,21.793,845,0
2014-12-11,18:25:00,21.968,21.968,21.968,21.968,602,0
2014-12-11,20:40:00,21.868,21.868,21.868,21.868,100,0
2014-12-11,20:45:00,21.858,21.867,21.858,21.867,201,0
2014-12-11,21:55:00,21.659,21.659,21.659,21.659,201,0
2014-12-12,15:35:00,21.858,21.858,21.858,21.858,139,0
2014-12-12,15:40:00,21.858,21.858,21.818,21.818,1605,0
2014-12-12,17:20:00,21.758,21.758,21.758,21.758,301,0
2014-12-12,18:10:00,21.649,21.649,21.649,21.649,100,0
2014-12-12,18:25:00,21.649,21.683,21.649,21.683,358,0
2014-12-12,18:45:00,21.772,21.772,21.772,21.772,1003,0
2014-12-15,15:35:00,21.815,21.815,21.815,21.815,1003,0
2014-12-15,17:05:00,21.539,21.539,21.519,21.529,301,0
2014-12-15,17:30:00,21.471,21.471,21.471,21.471,251,0
2014-12-15,17:50:00,21.444,21.444,21.439,21.439,1229,0
2014-12-15,20:55:00,21.519,21.519,21.519,21.519,2007,0
2014-12-16,16:10:00,21.389,21.389,21.389,21.389,430,0
2014-12-16,16:45:00,21.181,21.252,21.181,21.252,401,0
2014-12-16,17:35:00,21.419,21.424,21.419,21.424,488,0
2014-12-16,17:55:00,21.454,21.454,21.454,21.454,201,0
2014-12-16,18:15:00,21.459,21.459,21.459,21.459,201,0
2014-12-16,18:50:00,21.429,21.429,21.429,21.429,100,0
2014-12-16,19:35:00,21.401,21.401,21.401,21.401,289,0
2014-12-16,19:45:00,21.36,21.36,21.36,21.36,2952,0
2014-12-16,20:05:00,21.388,21.388,21.388,21.388,1405,0
2014-12-16,20:40:00,21.34,21.34,21.34,21.34,201,0
2014-12-17,16:00:00,21.022,21.158,21.022,21.158,1003,0
2014-12-17,16:10:00,21.041,21.041,21.041,21.041,421,0
2014-12-17,18:00:00,21.28,21.28,21.28,21.28,251,0
2014-12-17,18:05:00,21.28,21.28,21.27,21.27,1405,0
2014-12-17,18:10:00,21.26,21.26,21.26,21.26,2809,0
2014-12-17,18:15:00,21.261,21.261,21.261,21.261,1505,0
2014-12-17,19:45:00,21.23,21.23,21.23,21.23,627,0
2014-12-17,20:20:00,21.367,21.367,21.367,21.367,2408,0
2014-12-17,20:45:00,21.271,21.271,21.271,21.271,401,0
2014-12-17,21:35:00,21.36,21.409,21.36,21.409,640,0
2014-12-17,21:50:00,21.4,21.4,21.399,21.399,702,0
2014-12-18,15:35:00,21.399,21.399,21.399,21.399,401,0
2014-12-18,15:50:00,21.36,21.497,21.36,21.497,4214,0
2014-12-18,16:10:00,21.439,21.439,21.439,21.439,201,0
2014-12-18,16:25:00,21.509,21.509,21.499,21.499,803,0
2014-12-18,17:00:00,21.444,21.444,21.439,21.439,401,0
2014-12-18,20:05:00,21.429,21.495,21.429,21.495,1324,0
2014-12-18,21:10:00,21.419,21.419,21.419,21.419,100,0
2014-12-19,15:35:00,20.423,21.25,20.423,21.25,3512,0
2014-12-19,15:40:00,21.25,21.25,21.25,21.25,100,0
2014-12-19,15:50:00,21.302,21.31,21.295,21.295,3110,0
2014-12-19,15:55:00,21.31,21.31,21.31,21.31,301,0
2014-12-19,16:10:00,21.366,21.366,21.33,21.33,301,0
2014-12-19,16:45:00,21.434,21.434,21.434,21.434,112,0
2014-12-19,17:30:00,21.654,21.654,21.654,21.654,201,0
2014-12-19,18:20:00,21.51,21.533,21.51,21.51,1226,0
2014-12-19,18:45:00,21.519,21.519,21.519,21.519,2007,0
2014-12-19,21:45:00,21.569,21.569,21.569,21.569,371,0
2014-12-22,15:35:00,21.688,21.688,21.688,21.688,228,0
2014-12-22,15:45:00,21.569,21.569,21.35,21.35,903,0
2014-12-22,16:45:00,21.495,21.512,21.491,21.512,1104,0
2014-12-22,19:45:00,21.529,21.529,21.529,21.529,401,0
2014-12-22,20:25:00,21.529,21.529,21.529,21.529,702,0
2014-12-22,20:40:00,21.499,21.499,21.499,21.499,401,0
2014-12-22,21:50:00,21.439,21.439,21.439,21.439,763,0
2014-12-23,15:35:00,21.439,21.439,21.439,21.439,10966,0
2014-12-23,16:10:00,21.449,21.449,21.449,21.449,301,0
2014-12-23,17:15:00,21.459,21.459,21.439,21.451,5317,0
2014-12-23,17:35:00,21.439,21.439,21.439,21.439,100,0
2014-12-23,18:00:00,21.519,21.519,21.469,21.469,1129,0
2014-12-23,18:05:00,21.469,21.469,21.409,21.459,4212,0
2014-12-23,18:10:00,21.45,21.45,21.45,21.45,100,0
2014-12-23,18:20:00,21.45,21.45,21.45,21.45,201,0
2014-12-23,18:35:00,21.475,21.475,21.475,21.475,191,0
2014-12-23,18:55:00,21.449,21.449,21.449,21.449,233,0
2014-12-23,20:25:00,21.409,21.409,21.409,21.409,1204,0
2014-12-24,16:00:00,21.399,21.409,21.399,21.409,552,0
2014-12-24,16:30:00,21.429,21.429,21.429,21.429,201,0
2014-12-24,17:05:00,21.494,21.494,21.494,21.494,501,0
2014-12-26,15:35:00,21.718,21.758,21.718,21.758,803,0
2014-12-26,15:40:00,21.873,21.873,21.873,21.873,201,0
2014-12-26,15:50:00,21.778,21.778,21.778,21.778,300,0
2014-12-26,17:00:00,21.868,21.868,21.868,21.868,400,0
2014-12-26,17:20:00,21.877,21.877,21.877,21.877,457,0
2014-12-26,18:55:00,21.868,21.878,21.868,21.878,2104,0
2014-12-26,19:45:00,21.823,21.823,21.823,21.823,401,0
2014-12-26,20:55:00,21.838,21.838,21.838,21.838,300,0
2014-12-26,21:35:00,21.798,21.798,21.798,21.798,431,0
2014-12-26,22:00:00,21.838,21.838,21.838,21.838,1204,0
2014-12-29,15:35:00,21.84,21.84,21.84,21.84,1000,0
2014-12-29,15:50:00,21.481,21.481,21.481,21.481,100,0
2014-12-29,16:45:00,21.5956,21.5956,21.5956,21.5956,300,0
2014-12-29,17:15:00,21.6099,21.6099,21.6099,21.6099,500,0
2014-12-29,17:25:00,21.5216,21.5216,21.48,21.48,1700,0
2014-12-29,19:20:00,21.4062,21.4062,21.4062,21.4062,2000,0
2014-12-29,19:35:00,21.4,21.4682,21.4,21.4682,500,0
2014-12-29,19:40:00,21.37,21.39,21.31,21.31,15100,0
2014-12-29,20:35:00,21.315,21.55,21.31,21.55,600,0
2014-12-29,21:20:00,21.4,21.4,21.4,21.4,100,0
2014-12-30,15:35:00,21.33,21.33,20.9,20.9,915,0
2014-12-30,15:50:00,21.16,21.16,21.15,21.15,481,0
2014-12-30,16:00:00,21.356,21.356,21.23,21.23,350,0
2014-12-30,16:25:00,21.19,21.19,21.18,21.19,900,0
2014-12-30,16:55:00,21.13,21.13,21.13,21.13,1100,0
2014-12-30,17:50:00,21.02,21.18,21.02,21.18,1650,0
2014-12-30,18:00:00,21.0604,21.0604,21.0604,21.0604,400,0
2014-12-30,18:20:00,21.02,21.02,21.01,21.01,956,0
2014-12-30,18:50:00,21.09,21.09,21.08,21.09,7614,0
2014-12-30,19:20:00,21.02,21.02,21.01,21.01,600,0
2014-12-30,19:25:00,21.02,21.02,21.01,21.0125,3000,0
2014-12-30,19:30:00,21.0,21.0,21.0,21.0,500,0
2014-12-30,22:00:00,21.22,21.22,21.22,21.22,150,0
2014-12-31,15:50:00,21.2692,21.2692,21.2692,21.2692,115,0
2014-12-31,16:40:00,21.34,21.34,21.34,21.34,1500,0
2014-12-31,18:15:00,21.13,21.13,21.121,21.13,501,0
2014-12-31,19:00:00,21.1183,21.1183,21.1183,21.1183,600,0
2014-12-31,21:30:00,21.148,21.148,21.148,21.148,200,0
2014-12-31,21:40:00,21.11,21.11,21.11,21.11,200,0
2014-12-31,22:00:00,21.11,21.11,21.11,21.11,200,0
2015-01-02,15:35:00,21.1,21.1,21.1,21.1,1213,0
2015-01-02,17:05:00,21.05,21.05,21.04,21.04,250,0
2015-01-02,18:10:00,21.1,21.1,21.1,21.1,100,0
2015-01-02,18:15:00,21.1,21.1,21.0905,21.0905,1660,0
2015-01-02,20:45:00,21.09,21.09,21.09,21.09,1500,0
2015-01-02,22:00:00,21.1,21.1,21.1,21.1,750,0
2015-01-05,15:35:00,21.17,21.17,21.17,21.17,1081,0
2015-01-05,15:55:00,21.17,21.17,21.162,21.162,1100,0
2015-01-05,17:25:00,21.18,21.18,21.18,21.18,604,0
2015-01-05,18:10:00,21.2699,21.2699,21.15,21.15,350,0
2015-01-05,18:45:00,21.2,21.2,21.2,21.2,600,0
2015-01-06,15:35:00,21.28,21.28,21.28,21.28,100,0
2015-01-06,15:45:00,21.42,21.42,21.42,21.42,477,0
2015-01-06,17:10:00,21.1773,21.1773,21.1773,21.1773,654,0
2015-01-06,18:45:00,21.05,21.11,21.05,21.11,2500,0
2015-01-06,20:05:00,21.07,21.07,21.07,21.07,400,0
2015-01-06,20:15:00,21.0843,21.0843,21.0843,21.0843,1626,0
2015-01-06,21:25:00,21.3,21.3,21.3,21.3,400,0
2015-01-06,22:00:00,21.17,21.17,21.17,21.17,400,0
2015-01-07,15:35:00,21.5,21.5,21.5,21.5,100,0
2015-01-07,18:10:00,21.6,21.6,21.6,21.6,133,0
2015-01-07,19:10:00,21.7,21.7,21.7,21.7,600,0
2015-01-07,21:15:00,21.613,21.613,21.613,21.613,100,0
2015-01-08,15:35:00,21.9699,21.9699,21.9699,21.9699,200,0
2015-01-08,16:10:00,21.78,21.78,21.78,21.78,400,0
2015-01-08,16:30:00,21.8401,21.8401,21.8401,21.8401,300,0
2015-01-08,16:50:00,21.9,21.9,21.89,21.89,600,0
2015-01-08,20:35:00,22.066,22.066,22.066,22.066,800,0
2015-01-09,15:55:00,22.059,22.059,22.059,22.059,2000,0
2015-01-09,16:05:00,22.079,22.08,22.079,22.08,402,0
2015-01-09,17:25:00,21.7301,21.7301,21.73,21.73,200,0
2015-01-09,17:55:00,21.7601,21.7601,21.7601,21.7601,200,0
2015-01-09,18:55:00,21.8,21.8,21.8,21.8,300,0
2015-01-09,20:45:00,21.85,21.85,21.85,21.85,400,0
2015-01-09,20:55:00,21.8565,21.8599,21.8565,21.8599,1260,0
2015-01-12,15:35:00,21.59,21.59,21.59,21.59,7978,0
2015-01-12,16:40:00,21.51,21.51,21.51,21.51,400,0
2015-01-12,16:45:00,21.51,21.51,21.5001,21.5001,2180,0
2015-01-12,17:15:00,21.6131,21.6131,21.54,21.542,815,0
2015-01-12,20:35:00,21.502,21.51,21.5,21.5,2385,0
2015-01-12,21:10:00,21.422,21.422,21.422,21.422,100,0
2015-01-13,15:35:00,21.7728,21.7728,21.77,21.77,464,0
2015-01-13,17:20:00,21.802,21.802,21.802,21.802,200,0
2015-01-13,18:10:00,21.87,21.87,21.87,21.87,200,0
2015-01-13,18:20:00,21.8999,21.8999,21.8999,21.8999,100,0
2015-01-13,20:05:00,21.4821,21.4821,21.482,21.482,200,0
2015-01-13,20:50:00,21.552,21.552,21.552,21.552,200,0
2015-01-13,21:35:00,21.59,21.59,21.59,21.59,1332,0
2015-01-13,21:40:00,21.59,21.62,21.59,21.62,800,0
2015-01-14,16:10:00,21.52,21.52,21.52,21.52,200,0
2015-01-14,16:20:00,21.6788,21.6788,21.6788,21.6788,200,0
2015-01-14,16:35:00,21.63,21.63,21.63,21.63,1000,0
2015-01-14,16:45:00,21.673,21.673,21.67,21.673,2500,0
2015-01-14,19:55:00,21.516,21.516,21.516,21.516,500,0
2015-01-14,20:05:00,21.38,21.38,21.38,21.38,400,0
2015-01-14,20:15:00,21.53,21.54,21.53,21.53,728,0
2015-01-14,20:40:00,21.68,21.73,21.68,21.73,400,0
2015-01-15,16:35:00,21.63,21.64,21.63,21.64,900,0
2015-01-15,17:25:00,21.589,21.589,21.589,21.589,100,0
2015-01-16,15:35:00,21.34,21.34,21.34,21.34,407,0
2015-01-16,15:55:00,21.326,21.326,21.326,21.326,200,0
2015-01-16,17:25:00,21.5399,21.5399,21.5399,21.5399,500,0
2015-01-16,21:25:00,21.35,21.35,21.35,21.35,500,0
2015-01-16,21:35:00,21.35,21.35,21.35,21.35,2300,0
2015-01-16,21:55:00,21.38,21.39,21.38,21.39,1200,0
2015-01-16,22:00:00,21.4,21.43,21.4,21.43,1768,0
2015-01-20,15:35:00,21.3,21.45,21.3,21.45,1826,0
2015-01-20,15:40:00,21.33,21.3888,21.33,21.3887,2396,0
2015-01-20,16:05:00,21.41,21.41,21.41,21.41,1500,0
2015-01-20,17:05:00,21.45,21.45,21.45,21.45,700,0
2015-01-20,20:25:00,21.47,21.47,21.47,21.47,600,0
2015-01-20,20:50:00,21.57,21.57,21.57,21.57,100,0
2015-01-20,21:15:00,21.579,21.579,21.579,21.579,460,0
2015-01-20,21:35:00,21.511,21.511,21.51,21.5101,300,0
2015-01-21,15:35:00,21.6,21.66,21.6,21.66,201,0
2015-01-21,15:55:00,21.84,21.84,21.84,21.84,100,0
2015-01-21,16:50:00,21.79,21.79,21.7661,21.7888,4004,0
2015-01-21,17:00:00,21.859,21.93,21.852,21.93,1124,0
2015-01-21,17:45:00,21.9299,21.9299,21.9299,21.9299,200,0
2015-01-21,17:50:00,21.92,21.92,21.92,21.92,100,0
2015-01-21,18:50:00,21.89,21.89,21.89,21.89,100,0
2015-01-21,19:40:00,21.89,21.89,21.89,21.89,100,0
2015-01-21,20:30:00,21.88,21.88,21.88,21.88,100,0
2015-01-21,20:50:00,21.89,21.89,21.89,21.89,200,0
2015-01-21,21:20:00,21.9,21.9,21.9,21.9,300,0
2015-01-21,22:00:00,21.99,21.99,21.99,21.99,100,0
2015-01-22,15:35:00,22.0,22.0,22.0,22.0,200,0
2015-01-22,18:10:00,21.86,21.86,21.86,21.86,900,0
2015-01-22,18:15:00,21.82,21.94,21.82,21.94,2000,0
2015-01-22,18:55:00,21.94,21.9816,21.94,21.9816,556,0
2015-01-22,21:00:00,22.0,22.0,21.99,22.0,1905,0
2015-01-22,21:30:00,22.0,22.0,22.0,22.0,2000,0
2015-01-22,21:40:00,22.0,22.0,22.0,22.0,500,0
2015-01-23,15:45:00,21.8801,21.8801,21.8801,21.8801,600,0
2015-01-23,15:55:00,21.962,21.962,21.962,21.962,144,0
2015-01-23,16:00:00,21.98,22.0,21.98,22.0,1585,0
2015-01-23,16:50:00,22.0001,22.0001,22.0001,22.0001,1500,0
2015-01-23,19:10:00,22.149,22.149,22.149,22.149,400,0
2015-01-23,20:20:00,22.0801,22.0801,22.0801,22.0801,914,0
2015-01-23,20:45:00,22.08,22.1141,22.08,22.1141,300,0
2015-01-23,21:10:00,22.1804,22.1804,22.1804,22.1804,226,0
2015-01-23,22:00:00,22.06,22.06,22.06,22.06,585,0
2015-01-26,15:35:00,22.37,22.37,22.37,22.37,2086,0
2015-01-26,19:25:00,22.296,22.296,22.296,22.296,500,0
2015-01-26,20:10:00,22.3224,22.3224,22.3224,22.3224,200,0
2015-01-27,16:15:00,22.03,22.09,22.03,22.09,1900,0
2015-01-27,16:35:00,22.015,22.015,22.01,22.01,300,0
2015-01-27,16:40:00,21.995,21.995,21.995,21.995,300,0
2015-01-27,16:45:00,21.995,21.995,21.995,21.995,100,0
2015-01-27,16:50:00,21.995,21.995,21.995,21.995,300,0
2015-01-27,17:10:00,21.9731,21.9731,21.9731,21.9731,900,0
2015-01-27,17:15:00,22.0,22.07,22.0,22.07,580,0
2015-01-27,17:40:00,21.9708,21.9708,21.9708,21.9708,900,0
2015-01-27,18:25:00,21.9701,21.9701,21.9701,21.9701,426,0
2015-01-27,18:50:00,22.119,22.119,22.119,22.119,400,0
2015-01-27,20:15:00,22.0912,22.0912,22.0912,22.0912,1200,0
2015-01-27,20:50:00,22.06,22.07,22.06,22.07,300,0
2015-01-27,20:55:00,22.08,22.08,22.08,22.08,300,0
2015-01-27,21:30:00,22.081,22.081,22.081,22.081,300,0
2015-01-28,15:35:00,22.07,22.07,22.07,22.07,200,0
2015-01-28,16:00:00,22.002,22.002,22.0,22.0,1100,0
2015-01-28,17:15:00,21.98,21.98,21.98,21.98,200,0
2015-01-28,19:20:00,21.96,21.96,21.96,21.96,400,0
2015-01-29,15:55:00,21.838,21.838,21.838,21.838,100,0
2015-01-29,16:10:00,21.8001,21.8001,21.8001,21.8001,750,0
2015-01-29,16:55:00,21.83,21.83,21.82,21.82,300,0
2015-01-29,17:45:00,21.81,21.81,21.81,21.81,200,0
2015-01-29,18:30:00,21.84,21.84,21.84,21.84,100,0
2015-01-29,19:45:00,21.81,21.81,21.81,21.81,100,0
2015-01-29,20:10:00,21.84,21.84,21.84,21.84,200,0
2015-01-29,21:00:00,21.85,21.85,21.85,21.85,100,0
2015-01-29,21:30:00,21.97,21.97,21.97,21.97,100,0
2015-01-29,21:45:00,21.9407,21.9407,21.9407,21.9407,1130,0
2015-01-29,21:50:00,21.989,21.989,21.94,21.94,427,0
2015-01-29,22:00:00,21.94,21.94,21.94,21.94,100,0
2015-01-30,16:45:00,21.63,21.6301,21.63,21.6301,1800,0
2015-01-30,18:20:00,21.56,21.56,21.56,21.56,300,0
2015-01-30,21:05:00,21.54,21.5986,21.54,21.5986,500,0
2015-02-02,17:10:00,21.63,21.63,21.63,21.63,400,0
2015-02-02,18:10:00,21.8199,21.82,21.755,21.7705,8445,0
2015-02-02,18:15:00,21.7705,21.7705,21.7601,21.7601,1700,0
2015-02-02,18:35:00,21.68,21.68,21.68,21.68,200,0
2015-02-02,18:50:00,21.69,21.69,21.69,21.69,200,0
2015-02-02,19:00:00,21.68,21.68,21.68,21.68,100,0
2015-02-02,19:05:00,21.67,21.67,21.67,21.67,100,0
2015-02-02,19:15:00,21.67,21.67,21.67,21.67,100,0
2015-02-02,19:25:00,21.63,21.63,21.63,21.63,100,0
2015-02-02,19:35:00,21.62,21.62,21.62,21.62,100,0
2015-02-02,19:40:00,21.62,21.62,21.62,21.62,100,0
2015-02-02,19:50:00,21.59,21.59,21.59,21.59,100,0
2015-02-02,20:00:00,21.59,21.59,21.59,21.59,100,0
2015-02-02,20:05:00,21.57,21.57,21.57,21.57,100,0
2015-02-02,20:15:00,21.57,21.57,21.57,21.57,100,0
2015-02-02,20:25:00,21.61,21.61,21.61,21.61,200,0
2015-02-02,20:30:00,21.61,21.61,21.61,21.61,100,0
2015-02-02,20:40:00,21.61,21.61,21.61,21.61,100,0
2015-02-02,20:45:00,21.61,21.61,21.61,21.61,100,0
2015-02-02,20:55:00,21.61,21.61,21.61,21.61,100,0
2015-02-02,21:00:00,21.61,21.61,21.61,21.61,100,0
2015-02-02,21:10:00,21.61,21.61,21.61,21.61,100,0
2015-02-02,21:15:00,21.64,21.64,21.64,21.64,100,0
2015-02-02,21:25:00,21.64,21.64,21.64,21.64,100,0
2015-02-02,21:30:00,21.66,21.66,21.66,21.66,200,0
2015-02-02,21:35:00,21.66,21.675,21.66,21.675,1100,0
2015-02-02,21:40:00,21.7272,21.73,21.7,21.73,597,0
2015-02-02,21:45:00,21.73,21.73,21.73,21.73,100,0
2015-02-02,21:50:00,21.77,21.77,21.77,21.77,100,0
2015-02-02,21:55:00,21.73,21.73,21.71,21.71,200,0
2015-02-02,22:00:00,21.71,21.71,21.71,21.71,200,0
2015-02-03,15:35:00,21.88,21.88,21.88,21.88,495,0
2015-02-03,15:55:00,22.0,22.055,22.0,22.055,800,0
2015-02-03,16:05:00,22.0401,22.0401,22.0401,22.0401,1500,0
2015-02-03,20:15:00,22.18,22.19,22.18,22.18,9000,0
2015-02-03,21:05:00,22.21,22.21,22.21,22.21,100,0
2015-02-03,21:30:00,22.2199,22.2199,22.2199,22.2199,250,0
2015-02-03,21:40:00,22.21,22.21,22.21,22.21,583,0
2015-02-04,15:35:00,22.41,22.41,22.41,22.41,1200,0
2015-02-04,15:50:00,22.6,22.6,22.6,22.6,100,0
2015-02-04,16:10:00,22.58,22.58,22.58,22.58,200,0
2015-02-04,16:15:00,22.6,22.6,22.6,22.6,100,0
2015-02-04,16:20:00,22.6,22.71,22.6,22.71,650,0
2015-02-04,16:30:00,22.68,22.68,22.68,22.68,500,0
2015-02-04,17:20:00,22.6436,22.6436,22.6436,22.6436,1500,0
2015-02-04,18:30:00,22.63,22.63,22.63,22.63,700,0
2015-02-04,20:15:00,22.6899,22.6899,22.6899,22.6899,100,0
2015-02-04,20:20:00,22.6,22.6,22.58,22.58,1500,0
2015-02-04,21:45:00,22.52,22.52,22.52,22.52,400,0
2015-02-05,16:10:00,22.24,22.24,22.24,22.24,200,0
2015-02-05,16:35:00,22.38,22.3899,22.38,22.3899,454,0
2015-02-05,17:50:00,22.32,22.32,22.32,22.32,200,0
2015-02-05,19:35:00,22.37,22.37,22.36,22.36,1000,0
2015-02-05,19:45:00,22.36,22.36,22.36,22.36,100,0
2015-02-05,19:50:00,22.3972,22.4,22.3972,22.4,400,0
2015-02-05,21:45:00,22.39,22.41,22.39,22.41,600,0
2015-02-06,15:35:00,22.4,22.4,22.35,22.35,1300,0
2015-02-06,19:15:00,22.3,22.3,22.3,22.3,800,0
2015-02-09,16:35:00,21.974,21.974,21.974,21.974,500,0
2015-02-09,17:00:00,21.91,21.92,21.89,21.89,3300,0
2015-02-09,17:50:00,21.93,21.93,21.93,21.93,500,0
2015-02-09,17:55:00,21.92,21.92,21.92,21.92,200,0
2015-02-09,19:45:00,21.95,21.95,21.95,21.95,225,0
2015-02-09,20:10:00,21.95,21.95,21.95,21.95,400,0
2015-02-09,20:40:00,21.882,21.885,21.88,21.885,1100,0
2015-02-09,21:10:00,21.92,21.92,21.92,21.92,100,0
2015-02-09,21:15:00,21.93,21.93,21.93,21.93,100,0
2015-02-09,21:20:00,21.93,21.93,21.93,21.93,200,0
2015-02-09,21:25:00,21.9299,21.9299,21.9299,21.9299,200,0
2015-02-10,15:35:00,22.04,22.04,22.04,22.04,500,0
2015-02-10,17:55:00,22.01,22.012,22.01,22.012,600,0
2015-02-10,18:15:00,22.03,22.03,22.03,22.03,300,0
2015-02-10,20:30:00,22.14,22.14,22.14,22.14,100,0
2015-02-10,20:45:00,22.17,22.17,22.17,22.17,700,0
2015-02-11,15:45:00,22.0925,22.0925,22.0925,22.0925,2700,0
2015-02-11,16:40:00,22.07,22.07,22.07,22.07,100,0
2015-02-11,16:50:00,22.07,22.07,22.07,22.07,100,0
2015-02-11,16:55:00,22.08,22.08,22.08,22.08,100,0
2015-02-11,17:00:00,22.06,22.06,22.06,22.06,100,0
2015-02-11,17:05:00,22.08,22.08,22.08,22.08,100,0
2015-02-11,17:15:00,22.07,22.07,22.07,22.07,100,0
2015-02-11,17:20:00,22.06,22.06,22.06,22.06,300,0
2015-02-11,17:35:00,22.09,22.09,22.09,22.09,100,0
2015-02-11,17:40:00,22.08,22.08,22.08,22.08,100,0
2015-02-11,17:50:00,22.08,22.08,22.08,22.08,100,0
2015-02-11,17:55:00,22.08,22.08,22.08,22.08,100,0
2015-02-11,18:05:00,22.1101,22.115,22.1,22.1,450,0
2015-02-11,18:10:00,22.12,22.12,22.12,22.12,100,0
2015-02-11,18:20:00,22.11,22.11,22.11,22.11,100,0
2015-02-11,18:30:00,22.11,22.11,22.11,22.11,100,0
2015-02-11,18:40:00,22.11,22.11,22.11,22.11,100,0
2015-02-11,18:45:00,22.09,22.09,22.09,22.09,100,0
2015-02-11,18:55:00,22.09,22.09,22.09,22.09,100,0
2015-02-11,19:05:00,22.09,22.09,22.09,22.09,100,0
2015-02-11,19:15:00,22.08,22.08,22.08,22.08,100,0
2015-02-11,19:25:00,22.07,22.07,22.07,22.07,100,0
2015-02-11,19:35:00,22.08,22.08,22.08,22.08,100,0
2015-02-11,19:40:00,22.08,22.08,22.08,22.08,100,0
2015-02-11,19:50:00,22.07,22.07,22.07,22.07,300,0
2015-02-11,20:00:00,22.07,22.07,22.07,22.07,100,0
2015-02-11,20:05:00,22.11,22.11,22.11,22.11,100,0
2015-02-11,20:15:00,22.11,22.11,22.11,22.11,100,0
2015-02-11,20:25:00,22.11,22.11,22.11,22.11,100,0
2015-02-11,20:30:00,22.11,22.11,22.11,22.11,100,0
2015-02-11,20:40:00,22.11,22.11,22.11,22.11,100,0
2015-02-11,20:45:00,22.11,22.11,22.11,22.11,100,0
2015-02-11,20:55:00,22.15,22.15,22.15,22.15,100,0
2015-02-11,21:00:00,22.14,22.14,22.14,22.14,100,0
2015-02-11,21:10:00,22.14,22.14,22.14,22.14,100,0
2015-02-11,21:15:00,22.14,22.14,22.14,22.14,100,0
2015-02-11,21:20:00,22.14,22.14,22.14,22.14,200,0
2015-02-11,21:25:00,22.14,22.14,22.14,22.14,100,0
2015-02-11,21:30:00,22.17,22.17,22.17,22.17,100,0
2015-02-11,21:35:00,22.17,22.17,22.17,22.17,100,0
2015-02-11,21:40:00,22.17,22.17,22.17,22.17,100,0
2015-02-11,21:45:00,22.17,22.17,22.17,22.17,100,0
2015-02-11,21:50:00,22.17,22.17,22.17,22.17,100,0
2015-02-11,21:55:00,22.17,22.17,22.17,22.17,400,0
2015-02-12,15:35:00,22.1,22.1,22.1,22.1,947,0
2015-02-12,16:00:00,22.1,22.1,22.05,22.05,430,0
2015-02-12,16:35:00,22.1799,22.1799,22.1799,22.1799,1000,0
2015-02-12,17:35:00,22.08,22.08,22.08,22.08,100,0
2015-02-12,17:40:00,22.0,22.0,22.0,22.0,100,0
2015-02-12,17:45:00,22.08,22.08,22.08,22.08,100,0
2015-02-12,17:50:00,22.08,22.1,22.08,22.1,400,0
2015-02-12,17:55:00,22.09,22.09,22.09,22.09,100,0
2015-02-12,18:00:00,22.07,22.07,22.07,22.07,200,0
2015-02-12,18:05:00,22.06,22.06,22.06,22.06,100,0
2015-02-12,18:10:00,22.06,22.06,22.06,22.06,100,0
2015-02-12,18:15:00,22.05,22.05,22.05,22.05,100,0
2015-02-12,18:20:00,22.08,22.08,22.08,22.08,100,0
2015-02-12,18:25:00,22.06,22.06,22.06,22.06,100,0
2015-02-12,18:30:00,22.06,22.06,22.06,22.06,100,0
2015-02-12,18:40:00,22.05,22.05,22.05,22.05,100,0
2015-02-12,18:45:00,22.05,22.05,22.05,22.05,100,0
2015-02-12,18:50:00,22.05,22.05,22.05,22.05,100,0
2015-02-12,18:55:00,22.04,22.04,22.04,22.04,200,0
2015-02-12,19:00:00,22.03,22.03,22.03,22.03,100,0
2015-02-12,19:05:00,22.03,22.03,22.03,22.03,100,0
2015-02-12,19:10:00,22.02,22.02,22.02,22.02,100,0
2015-02-12,19:15:00,22.05,22.05,22.05,22.05,100,0
2015-02-12,19:20:00,22.05,22.05,22.05,22.05,100,0
2015-02-12,19:25:00,22.07,22.07,22.07,22.07,100,0
2015-02-12,19:30:00,22.07,22.12,22.07,22.12,448,0
2015-02-12,19:35:00,22.1,22.1,22.1,22.1,100,0
2015-02-12,19:40:00,22.1,22.1,22.1,22.1,100,0
2015-02-12,19:45:00,22.1,22.1,22.1,22.1,100,0
2015-02-12,19:50:00,22.1,22.1,22.1,22.1,300,0
2015-02-12,19:55:00,22.1,22.1,22.1,22.1,100,0
2015-02-12,20:00:00,22.09,22.1,22.08,22.1,3713,0
2015-02-12,20:05:00,22.09,22.09,22.09,22.09,100,0
2015-02-12,20:10:00,22.09,22.09,22.09,22.09,500,0
2015-02-12,20:15:00,22.08,22.08,22.08,22.08,100,0
2015-02-12,20:20:00,22.06,22.06,22.06,22.06,100,0
2015-02-12,20:25:00,22.03,22.03,22.03,22.03,100,0
2015-02-12,20:30:00,22.03,22.03,22.03,22.03,100,0
2015-02-12,20:35:00,22.03,22.03,22.03,22.03,100,0
2015-02-12,20:40:00,22.04,22.04,22.04,22.04,100,0
2015-02-12,20:45:00,22.03,22.03,22.03,22.03,100,0
2015-02-12,20:50:00,22.03,22.03,22.03,22.03,100,0
2015-02-12,20:55:00,22.03,22.03,22.03,22.03,300,0
2015-02-12,21:00:00,22.03,22.03,22.03,22.03,100,0
2015-02-12,21:05:00,22.03,22.03,22.03,22.03,100,0
2015-02-12,21:10:00,22.03,22.03,22.03,22.03,100,0
2015-02-12,21:15:00,22.03,22.03,22.03,22.03,100,0
2015-02-12,21:20:00,22.03,22.03,22.03,22.03,200,0
2015-02-12,21:25:00,22.03,22.03,22.03,22.03,100,0
2015-02-12,21:30:00,22.03,22.03,22.03,22.03,100,0
2015-02-12,21:35:00,22.03,22.03,22.03,22.03,200,0
2015-02-12,21:40:00,22.03,22.03,22.03,22.03,100,0
2015-02-12,21:45:00,22.03,22.03,22.03,22.03,200,0
2015-02-12,21:50:00,22.03,22.03,22.03,22.03,200,0
2015-02-12,21:55:00,22.03,22.05,22.03,22.03,421,0
2015-02-12,22:00:00,22.03,22.03,22.03,22.03,400,0
2015-02-13,15:40:00,21.9401,22.05,21.9401,22.05,2574,0
2015-02-13,17:45:00,22.2065,22.2065,22.2,22.2,510,0
2015-02-13,20:50:00,22.23,22.23,22.23,22.23,300,0
2015-02-13,21:25:00,22.202,22.25,22.2,22.205,1505,0
2015-02-17,15:50:00,22.192,22.192,22.192,22.192,200,0
2015-02-17,17:20:00,22.081,22.081,22.081,22.081,136,0
2015-02-17,17:25:00,22.15,22.18,22.15,22.18,900,0
2015-02-17,17:55:00,22.18,22.18,22.18,22.18,500,0
2015-02-17,18:30:00,22.18,22.19,22.18,22.19,533,0
2015-02-17,18:35:00,22.2,22.24,22.2,22.24,500,0
2015-02-17,19:25:00,22.25,22.25,22.25,22.25,1250,0
2015-02-17,19:45:00,22.21,22.36,22.2001,22.36,400,0
2015-02-18,16:00:00,22.0339,22.0339,22.0339,22.0339,247,0
2015-02-18,16:40:00,22.01,22.01,22.01,22.01,300,0
2015-02-18,19:35:00,21.99,21.99,21.99,21.99,1470,0
2015-02-18,21:10:00,21.98,21.98,21.98,21.98,300,0
2015-02-19,15:35:00,21.93,21.93,21.93,21.93,104,0
2015-02-19,15:55:00,21.92,21.92,21.92,21.92,200,0
2015-02-19,17:00:00,21.95,21.95,21.95,21.95,550,0
2015-02-19,19:15:00,21.9,21.9,21.832,21.9,850,0
2015-02-19,21:10:00,21.8462,21.8462,21.8462,21.8462,1200,0
2015-02-20,16:10:00,21.72,21.72,21.72,21.72,100,0
2015-02-20,17:00:00,21.74,21.74,21.74,21.74,100,0
2015-02-20,17:20:00,21.74,21.74,21.74,21.74,100,0
2015-02-20,17:25:00,21.7733,21.7733,21.7733,21.7733,100,0
2015-02-20,18:45:00,21.81,21.81,21.81,21.81,400,0
2015-02-20,20:05:00,21.79,21.79,21.79,21.79,800,0
2015-02-20,20:20:00,21.839,21.839,21.839,21.839,250,0
2015-02-20,20:35:00,21.832,21.832,21.832,21.832,400,0
2015-02-20,20:55:00,21.79,21.79,21.79,21.79,600,0
2015-02-20,21:10:00,21.79,21.79,21.79,21.79,100,0
2015-02-23,15:35:00,21.91,21.91,21.91,21.91,741,0
2015-02-23,15:50:00,21.9101,21.9101,21.91,21.91,400,0
2015-02-23,18:00:00,21.856,21.856,21.856,21.856,150,0
2015-02-23,18:45:00,21.92,21.92,21.9108,21.9108,500,0
2015-02-23,19:40:00,21.81,21.81,21.81,21.81,500,0
