Date,Time,Open,High,Low,Close,Volume,OpenInt
2015-02-03,16:50:00,27.980,27.980,27.930,27.980,6123,0
2015-02-03,16:55:00,27.98,28.0,27.96,27.995,11521,0
2015-02-03,17:00:00,28.0,28.0,27.96,27.975,6900,0
2015-02-03,17:05:00,27.97,28.01,27.96,27.97,15567,0
2015-02-03,17:10:00,27.96,27.99,27.93,27.99,5100,0
2015-02-03,17:15:00,27.99,28.0,27.96,27.99,8649,0
2015-02-03,17:20:00,27.99,28.0,27.975,27.98,13021,0
2015-02-03,17:25:00,27.98,27.99,27.97,27.99,7980,0
2015-02-03,17:30:00,27.985,28.0,27.96,27.97,10243,0
2015-02-03,17:35:00,27.97,28.0,27.965,27.975,16122,0
2015-02-03,17:40:00,27.97,28.0,27.95,27.99,12700,0
2015-02-03,17:45:00,27.99,28.02,27.97,28.02,16100,0
2015-02-03,17:50:00,28.02,28.02,27.96,28.0,9700,0
2015-02-03,17:55:00,27.995,28.0,27.95,27.95,11695,0
2015-02-03,18:00:00,27.95,27.99,27.935,27.97,7361,0
2015-02-03,18:05:00,27.96,27.97,27.94,27.97,8915,0
2015-02-03,18:10:00,27.975,28.01,27.975,28.0,7513,0
2015-02-03,18:15:00,28.005,28.02,28.0,28.02,8220,0
2015-02-03,18:20:00,28.01,28.01,27.99,27.99,18100,0
2015-02-03,18:25:00,27.9961,28.0,27.96,27.98,16623,0
2015-02-03,18:30:00,27.975,28.0,27.97,27.97,11665,0
2015-02-03,18:35:00,27.98,27.9823,27.96,27.96,6400,0
2015-02-03,18:40:00,27.96,27.98,27.94,27.98,12581,0
2015-02-03,18:45:00,27.99,28.0,27.98,28.0,16368,0
2015-02-03,18:50:00,28.0,28.01,27.975,28.0,30480,0
2015-02-03,18:55:00,27.995,27.995,27.94,27.97,16915,0
2015-02-03,19:00:00,27.98,27.98,27.92,27.93,12600,0
2015-02-03,19:05:00,27.93,27.955,27.925,27.95,13247,0
2015-02-03,19:10:00,27.95,27.95,27.935,27.95,8200,0
2015-02-03,19:15:00,27.945,27.96,27.93,27.95,17000,0
2015-02-03,19:20:00,27.935,27.95,27.935,27.94,8400,0
2015-02-03,19:25:00,27.944,27.96,27.92,27.93,42309,0
2015-02-03,19:30:00,27.93,27.94,27.915,27.94,6850,0
2015-02-03,19:35:00,27.935,27.95,27.91,27.9249,22400,0
2015-02-03,19:40:00,27.93,27.95,27.92,27.92,14371,0
2015-02-03,19:45:00,27.92,27.94,27.91,27.93,10712,0
2015-02-03,19:50:00,27.93,27.94,27.91,27.91,12590,0
2015-02-03,19:55:00,27.92,27.93,27.89,27.925,13600,0
2015-02-03,20:00:00,27.93,27.935,27.9,27.92,14400,0
2015-02-03,20:05:00,27.92,27.95,27.91,27.91,30788,0
2015-02-03,20:10:00,27.92,27.93,27.88,27.88,25774,0
2015-02-03,20:15:00,27.89,27.92,27.87,27.875,17092,0
2015-02-03,20:20:00,27.87,27.9,27.87,27.87,21552,0
2015-02-03,20:25:00,27.86,27.88,27.8224,27.8224,24583,0
2015-02-03,20:30:00,27.82,27.83,27.78,27.78,20889,0
2015-02-03,20:35:00,27.78,27.835,27.78,27.83,23681,0
2015-02-03,20:40:00,27.84,27.88,27.81,27.88,16446,0
2015-02-03,20:45:00,27.87,27.89,27.87,27.89,14719,0
2015-02-03,20:50:00,27.9,27.91,27.89,27.89,18467,0
2015-02-03,20:55:00,27.9,27.92,27.895,27.91,19358,0
2015-02-03,21:00:00,27.91,27.93,27.9,27.91,21902,0
2015-02-03,21:05:00,27.92,27.93,27.9,27.91,19896,0
2015-02-03,21:10:00,27.915,27.95,27.915,27.95,20974,0
2015-02-03,21:15:00,27.94,27.96,27.895,27.92,20754,0
2015-02-03,21:20:00,27.93,27.93,27.88,27.89,31545,0
2015-02-03,21:25:00,27.89,27.91,27.86,27.905,36402,0
2015-02-03,21:30:00,27.91,27.91,27.88,27.89,26281,0
2015-02-03,21:35:00,27.9,27.91,27.86,27.86,26922,0
2015-02-03,21:40:00,27.87,27.9,27.87,27.89,22243,0
2015-02-03,21:45:00,27.88,27.91,27.88,27.89,45144,0
2015-02-03,21:50:00,27.895,27.92,27.87,27.89,52174,0
2015-02-03,21:55:00,27.895,27.97,27.86,27.89,219820,0
2015-02-03,22:00:00,27.89,27.9,27.79,27.86,315176,0
2015-02-04,15:35:00,27.85,27.88,27.6,27.62,70345,0
2015-02-04,15:40:00,27.63,27.73,27.49,27.49,54866,0
2015-02-04,15:45:00,27.49,27.57,27.45,27.45,39816,0
2015-02-04,15:50:00,27.47,27.57,27.47,27.5,48973,0
2015-02-04,15:55:00,27.49,27.51,27.4401,27.4925,77811,0
2015-02-04,16:00:00,27.485,27.485,27.43,27.43,18297,0
2015-02-04,16:05:00,27.45,27.505,27.45,27.45,35365,0
2015-02-04,16:10:00,27.44,27.44,27.41,27.42,20859,0
2015-02-04,16:15:00,27.41,27.45,27.4,27.42,30119,0
2015-02-04,16:20:00,27.43,27.43,27.38,27.41,18330,0
2015-02-04,16:25:00,27.42,27.45,27.4,27.45,55388,0
2015-02-04,16:30:00,27.45,27.48,27.45,27.48,18983,0
2015-02-04,16:35:00,27.48,27.51,27.47,27.49,36102,0
2015-02-04,16:40:00,27.49,27.5,27.455,27.495,31831,0
2015-02-04,16:45:00,27.495,27.51,27.485,27.495,46632,0
2015-02-04,16:50:00,27.5,27.505,27.49,27.5,41750,0
2015-02-04,16:55:00,27.5,27.5,27.48,27.5,33027,0
2015-02-04,17:00:00,27.5,27.505,27.5,27.5,133577,0
2015-02-04,17:05:00,27.5,27.51,27.49,27.5,24760,0
2015-02-04,17:10:00,27.5,27.5,27.49,27.5,27192,0
2015-02-04,17:15:00,27.5,27.5,27.49,27.5,21859,0
2015-02-04,17:20:00,27.5,27.5,27.49,27.5,26200,0
2015-02-04,17:25:00,27.5,27.55,27.49,27.55,130447,0
2015-02-04,17:30:00,27.55,27.58,27.54,27.58,48885,0
2015-02-04,17:35:00,27.6,27.62,27.58,27.62,64426,0
2015-02-04,17:40:00,27.63,27.65,27.62,27.62,22062,0
2015-02-04,17:45:00,27.62,27.64,27.565,27.57,38896,0
2015-02-04,17:50:00,27.57,27.57,27.51,27.53,56777,0
2015-02-04,17:55:00,27.54,27.545,27.51,27.525,17943,0
2015-02-04,18:00:00,27.54,27.565,27.54,27.54,24963,0
2015-02-04,18:05:00,27.54,27.56,27.51,27.54,47343,0
2015-02-04,18:10:00,27.54,27.55,27.505,27.55,35802,0
2015-02-04,18:15:00,27.545,27.55,27.505,27.54,44190,0
2015-02-04,18:20:00,27.55,27.55,27.54,27.55,20781,0
2015-02-04,18:25:00,27.55,27.57,27.55,27.57,12100,0
2015-02-04,18:30:00,27.58,27.6,27.54,27.54,17473,0
2015-02-04,18:35:00,27.53,27.555,27.52,27.55,34894,0
2015-02-04,18:40:00,27.55,27.59,27.54,27.59,15853,0
2015-02-04,18:45:00,27.59,27.595,27.585,27.59,6000,0
2015-02-04,18:50:00,27.6,27.6,27.59,27.59,13589,0
2015-02-04,18:55:00,27.6,27.6,27.59,27.595,37766,0
2015-02-04,19:00:00,27.595,27.6,27.59,27.59,9647,0
2015-02-04,19:05:00,27.595,27.6,27.56,27.565,20740,0
2015-02-04,19:10:00,27.565,27.6,27.565,27.59,10700,0
2015-02-04,19:15:00,27.58,27.59,27.56,27.57,10770,0
2015-02-04,19:20:00,27.57,27.6,27.56,27.6,23912,0
2015-02-04,19:25:00,27.6,27.6,27.59,27.6,5490,0
2015-02-04,19:30:00,27.6,27.63,27.59,27.63,35238,0
2015-02-04,19:35:00,27.64,27.66,27.63,27.65,25824,0
2015-02-04,19:40:00,27.6551,27.66,27.64,27.64,11239,0
2015-02-04,19:45:00,27.65,27.65,27.645,27.65,18087,0
2015-02-04,19:50:00,27.65,27.65,27.635,27.645,58844,0
2015-02-04,19:55:00,27.645,27.65,27.61,27.63,41428,0
2015-02-04,20:00:00,27.65,27.65,27.6,27.6,21302,0
2015-02-04,20:05:00,27.6,27.615,27.59,27.59,44290,0
2015-02-04,20:10:00,27.59,27.6,27.56,27.56,16506,0
2015-02-04,20:15:00,27.57,27.58,27.55,27.55,15431,0
2015-02-04,20:20:00,27.55,27.58,27.51,27.51,19050,0
2015-02-04,20:25:00,27.52,27.565,27.515,27.55,28082,0
2015-02-04,20:30:00,27.55,27.55,27.5407,27.55,20347,0
2015-02-04,20:35:00,27.55,27.56,27.52,27.535,39430,0
2015-02-04,20:40:00,27.54,27.555,27.54,27.55,34992,0
2015-02-04,20:45:00,27.55,27.55,27.53,27.545,16935,0
2015-02-04,20:50:00,27.55,27.55,27.505,27.55,92888,0
2015-02-04,20:55:00,27.54,27.55,27.54,27.55,69938,0
2015-02-04,21:00:00,27.55,27.555,27.545,27.55,19346,0
2015-02-04,21:05:00,27.56,27.57,27.53,27.55,22647,0
2015-02-04,21:10:00,27.55,27.66,27.55,27.65,829394,0
2015-02-04,21:15:00,27.65,27.72,27.65,27.72,41544,0
2015-02-04,21:20:00,27.72,27.8,27.72,27.8,63000,0
2015-02-04,21:25:00,27.8,27.85,27.79,27.84,27059,0
2015-02-04,21:30:00,27.84,27.85,27.8,27.82,89833,0
2015-02-04,21:35:00,27.83,27.87,27.8,27.83,24799,0
2015-02-04,21:40:00,27.829,27.83,27.75,27.75,35691,0
2015-02-04,21:45:00,27.749,27.75,27.66,27.665,56909,0
2015-02-04,21:50:00,27.66,27.66,27.56,27.62,54596,0
2015-02-04,21:55:00,27.67,27.69,27.62,27.65,60123,0
2015-02-04,22:00:00,27.64,27.7,27.62,27.69,140524,0
2015-02-05,15:35:00,27.78,28.0,27.71,27.97,25796,0
2015-02-05,15:40:00,27.96,28.0,27.83,28.0,21675,0
2015-02-05,15:45:00,27.96,28.03,27.93,27.94,19030,0
2015-02-05,15:50:00,27.95,27.95,27.86,27.87,20385,0
2015-02-05,15:55:00,27.88,27.91,27.77,27.8,22223,0
2015-02-05,16:00:00,27.81,27.85,27.77,27.8,16435,0
2015-02-05,16:05:00,27.8,27.8,27.72,27.76,24994,0
2015-02-05,16:10:00,27.77,27.77,27.67,27.67,33590,0
2015-02-05,16:15:00,27.66,27.68,27.61,27.65,23775,0
2015-02-05,16:20:00,27.65,27.66,27.52,27.52,43494,0
2015-02-05,16:25:00,27.525,27.53,27.45,27.505,25934,0
2015-02-05,16:30:00,27.51,27.58,27.51,27.58,32999,0
2015-02-05,16:35:00,27.59,27.64,27.58,27.63,9515,0
2015-02-05,16:40:00,27.6306,27.68,27.63,27.68,12811,0
2015-02-05,16:45:00,27.68,27.69,27.65,27.65,13568,0
2015-02-05,16:50:00,27.655,27.66,27.64,27.66,15426,0
2015-02-05,16:55:00,27.66,27.66,27.64,27.64,11160,0
2015-02-05,17:00:00,27.64,27.65,27.62,27.62,10471,0
2015-02-05,17:05:00,27.61,27.61,27.59,27.6,12310,0
2015-02-05,17:10:00,27.6,27.62,27.59,27.62,26309,0
2015-02-05,17:15:00,27.62,27.66,27.6,27.65,30117,0
2015-02-05,17:20:00,27.655,27.67,27.65,27.67,22189,0
2015-02-05,17:25:00,27.68,27.73,27.68,27.73,11414,0
2015-02-05,17:30:00,27.73,27.785,27.72,27.78,14683,0
2015-02-05,17:35:00,27.78,27.8,27.76,27.76,17026,0
2015-02-05,17:40:00,27.77,27.81,27.77,27.8,11200,0
2015-02-05,17:45:00,27.8,27.8032,27.76,27.787,24438,0
2015-02-05,17:50:00,27.79,27.815,27.79,27.8,37443,0
2015-02-05,17:55:00,27.8,27.825,27.78,27.82,9900,0
2015-02-05,18:00:00,27.82,27.85,27.82,27.83,8066,0
2015-02-05,18:05:00,27.83,27.86,27.83,27.85,8085,0
2015-02-05,18:10:00,27.84,27.86,27.84,27.86,10592,0
2015-02-05,18:15:00,27.85,27.875,27.85,27.875,9800,0
2015-02-05,18:20:00,27.87,27.88,27.84,27.85,9736,0
2015-02-05,18:25:00,27.85,27.855,27.84,27.84,7259,0
2015-02-05,18:30:00,27.85,27.85,27.83,27.85,10723,0
2015-02-05,18:35:00,27.84,27.865,27.84,27.85,18700,0
2015-02-05,18:40:00,27.85,27.855,27.8399,27.84,11173,0
2015-02-05,18:45:00,27.85,27.87,27.84,27.87,7430,0
2015-02-05,18:50:00,27.86,27.88,27.84,27.84,9934,0
2015-02-05,18:55:00,27.85,27.85,27.81,27.81,6400,0
2015-02-05,19:00:00,27.8033,27.845,27.8033,27.845,19221,0
2015-02-05,19:05:00,27.85,27.9,27.85,27.895,13469,0
2015-02-05,19:10:00,27.9,27.905,27.87,27.88,13449,0
2015-02-05,19:15:00,27.88,27.89,27.87,27.89,5253,0
2015-02-05,19:20:00,27.9,27.905,27.89,27.89,14421,0
2015-02-05,19:25:00,27.89,27.9,27.87,27.89,10742,0
2015-02-05,19:30:00,27.88,27.91,27.88,27.9,12434,0
2015-02-05,19:35:00,27.9,27.905,27.88,27.88,7174,0
2015-02-05,19:40:00,27.88,27.9,27.88,27.89,6400,0
2015-02-05,19:45:00,27.8956,27.9,27.89,27.9,17538,0
2015-02-05,19:50:00,27.9,27.92,27.9,27.92,15485,0
2015-02-05,19:55:00,27.93,27.95,27.93,27.94,10700,0
2015-02-05,20:00:00,27.94,27.94,27.93,27.93,3391,0
2015-02-05,20:05:00,27.93,27.93,27.9,27.9,10600,0
2015-02-05,20:10:00,27.905,27.91,27.86,27.91,39950,0
2015-02-05,20:15:00,27.92,27.93,27.92,27.92,18470,0
2015-02-05,20:20:00,27.92,27.94,27.92,27.94,9919,0
2015-02-05,20:25:00,27.94,27.94,27.9,27.91,19914,0
2015-02-05,20:30:00,27.91,27.92,27.9,27.9179,11572,0
2015-02-05,20:35:00,27.9199,27.928,27.91,27.91,23154,0
2015-02-05,20:40:00,27.9,27.95,27.9,27.94,16115,0
2015-02-05,20:45:00,27.95,27.95,27.91,27.92,13400,0
2015-02-05,20:50:00,27.91,27.94,27.91,27.94,3750,0
2015-02-05,20:55:00,27.94,27.94,27.915,27.93,10195,0
2015-02-05,21:00:00,27.94,27.945,27.91,27.93,34319,0
2015-02-05,21:05:00,27.93,27.93,27.9,27.93,15211,0
2015-02-05,21:10:00,27.921,27.94,27.92,27.94,14152,0
2015-02-05,21:15:00,27.94,27.95,27.93,27.93,32299,0
2015-02-05,21:20:00,27.935,27.94,27.91,27.92,35178,0
2015-02-05,21:25:00,27.925,27.97,27.92,27.95,20400,0
2015-02-05,21:30:00,27.96,28.005,27.96,27.98,26443,0
2015-02-05,21:35:00,27.98,28.01,27.98,28.0,45409,0
2015-02-05,21:40:00,28.0,28.0,27.99,28.0,30575,0
2015-02-05,21:45:00,28.0,28.0,27.975,27.98,36856,0
2015-02-05,21:50:00,27.98,27.98,27.94,27.94,33528,0
2015-02-05,21:55:00,27.945,27.95,27.89,27.8975,81876,0
2015-02-05,22:00:00,27.9,27.9,27.85,27.87,339567,0
2015-02-06,15:35:00,27.88,28.14,27.88,28.08,18258,0
2015-02-06,15:40:00,28.1,28.12,28.0,28.09,152160,0
2015-02-06,15:45:00,28.1,28.1,28.0,28.01,18729,0
2015-02-06,15:50:00,28.0,28.09,28.0,28.04,22448,0
2015-02-06,15:55:00,28.03,28.09,28.0,28.04,12664,0
2015-02-06,16:00:00,28.06,28.11,28.03,28.11,7600,0
2015-02-06,16:05:00,28.11,28.19,28.1,28.19,24556,0
2015-02-06,16:10:00,28.19,28.29,28.17,28.27,21837,0
2015-02-06,16:15:00,28.272,28.31,28.27,28.3,12638,0
2015-02-06,16:20:00,28.3,28.37,28.3,28.35,21300,0
2015-02-06,16:25:00,28.35,28.39,28.35,28.38,23727,0
2015-02-06,16:30:00,28.38,28.38,28.28,28.28,10465,0
2015-02-06,16:35:00,28.28,28.31,28.27,28.29,44560,0
2015-02-06,16:40:00,28.28,28.28,28.23,28.28,17854,0
2015-02-06,16:45:00,28.27,28.3,28.25,28.3,19758,0
2015-02-06,16:50:00,28.29,28.35,28.285,28.35,17000,0
2015-02-06,16:55:00,28.34,28.37,28.33,28.36,20083,0
2015-02-06,17:00:00,28.35,28.37,28.34,28.35,11494,0
2015-02-06,17:05:00,28.35,28.38,28.3499,28.37,16716,0
2015-02-06,17:10:00,28.39,28.4,28.37,28.39,9268,0
2015-02-06,17:15:00,28.39,28.42,28.39,28.4,43243,0
2015-02-06,17:20:00,28.39,28.4,28.37,28.39,9199,0
2015-02-06,17:25:00,28.395,28.4,28.37,28.4,13378,0
2015-02-06,17:30:00,28.4,28.43,28.4,28.41,11925,0
2015-02-06,17:35:00,28.41,28.41,28.39,28.41,12903,0
2015-02-06,17:40:00,28.4,28.4,28.37,28.39,9804,0
2015-02-06,17:45:00,28.4,28.42,28.4,28.41,5172,0
2015-02-06,17:50:00,28.42,28.45,28.41,28.45,9248,0
2015-02-06,17:55:00,28.44,28.46,28.43,28.44,21916,0
2015-02-06,18:00:00,28.43,28.43,28.4,28.41,5200,0
2015-02-06,18:05:00,28.42,28.43,28.4,28.41,9689,0
2015-02-06,18:10:00,28.41,28.41,28.37,28.39,10601,0
2015-02-06,18:15:00,28.39,28.39,28.36,28.37,8912,0
2015-02-06,18:20:00,28.3799,28.38,28.35,28.37,16309,0
2015-02-06,18:25:00,28.37,28.41,28.37,28.41,13012,0
2015-02-06,18:30:00,28.42,28.42,28.38,28.38,16067,0
2015-02-06,18:35:00,28.39,28.42,28.38,28.39,9283,0
2015-02-06,18:40:00,28.38,28.38,28.35,28.35,11416,0
2015-02-06,18:45:00,28.35,28.35,28.31,28.31,21217,0
2015-02-06,18:50:00,28.31,28.32,28.29,28.32,11482,0
2015-02-06,18:55:00,28.32,28.32,28.2999,28.3,35131,0
2015-02-06,19:00:00,28.3,28.36,28.3,28.35,18420,0
2015-02-06,19:05:00,28.35,28.3507,28.32,28.32,7380,0
2015-02-06,19:10:00,28.32,28.33,28.29,28.29,105023,0
2015-02-06,19:15:00,28.28,28.29,28.24,28.25,20798,0
2015-02-06,19:20:00,28.24,28.26,28.22,28.22,14629,0
2015-02-06,19:25:00,28.22,28.235,28.19,28.19,13957,0
2015-02-06,19:30:00,28.19,28.19,28.15,28.18,12738,0
2015-02-06,19:35:00,28.17,28.2,28.17,28.2,8457,0
2015-02-06,19:40:00,28.2,28.21,28.15,28.17,22048,0
2015-02-06,19:45:00,28.17,28.23,28.17,28.23,11038,0
2015-02-06,19:50:00,28.2225,28.24,28.22,28.24,18845,0
2015-02-06,19:55:00,28.24,28.28,28.24,28.28,24159,0
2015-02-06,20:00:00,28.28,28.29,28.27,28.28,9441,0
2015-02-06,20:05:00,28.27,28.29,28.25,28.29,18366,0
2015-02-06,20:10:00,28.2868,28.29,28.27,28.27,8691,0
2015-02-06,20:15:00,28.265,28.29,28.26,28.285,11193,0
2015-02-06,20:20:00,28.285,28.3,28.25,28.25,16770,0
2015-02-06,20:25:00,28.245,28.26,28.21,28.22,30083,0
2015-02-06,20:30:00,28.23,28.24,28.2,28.2,14754,0
2015-02-06,20:35:00,28.2,28.21,28.2,28.21,4738,0
2015-02-06,20:40:00,28.22,28.24,28.19,28.2,19522,0
2015-02-06,20:45:00,28.2,28.21,28.19,28.19,4400,0
2015-02-06,20:50:00,28.19,28.19,28.14,28.15,21423,0
2015-02-06,20:55:00,28.14,28.16,28.12,28.12,26966,0
2015-02-06,21:00:00,28.12,28.12,28.1075,28.11,10838,0
2015-02-06,21:05:00,28.11,28.12,28.03,28.04,44032,0
2015-02-06,21:10:00,28.04,28.11,28.04,28.095,32334,0
2015-02-06,21:15:00,28.09,28.13,28.08,28.09,27841,0
2015-02-06,21:20:00,28.08,28.095,28.05,28.05,22499,0
2015-02-06,21:25:00,28.04,28.09,28.01,28.09,15603,0
2015-02-06,21:30:00,28.1,28.11,28.04,28.04,24401,0
2015-02-06,21:35:00,28.04,28.09,28.025,28.06,28666,0
2015-02-06,21:40:00,28.06,28.07,28.025,28.05,30988,0
2015-02-06,21:45:00,28.055,28.06,28.01,28.01,46358,0
2015-02-06,21:50:00,28.0,28.01,27.99,27.99,31411,0
2015-02-06,21:55:00,27.99,28.04,27.96,28.01,88114,0
2015-02-06,22:00:00,28.01,28.04,27.99,27.99,228054,0
2015-02-09,15:35:00,27.98,28.06,27.9699,28.03,1900,0
2015-02-09,15:40:00,28.01,28.09,27.99,28.0744,32943,0
2015-02-09,15:45:00,28.075,28.15,28.05,28.06,44500,0
2015-02-09,15:50:00,28.06,28.06,28.02,28.05,14551,0
2015-02-09,15:55:00,28.05,28.09,28.0,28.02,17649,0
2015-02-09,16:00:00,28.02,28.04,28.0,28.02,21401,0
2015-02-09,16:05:00,28.03,28.04,28.01,28.01,6400,0
2015-02-09,16:10:00,28.0,28.04,28.0,28.04,10400,0
2015-02-09,16:15:00,28.04,28.09,28.04,28.09,15005,0
2015-02-09,16:20:00,28.09,28.15,28.09,28.14,9900,0
2015-02-09,16:25:00,28.14,28.15,28.1,28.11,55085,0
2015-02-09,16:30:00,28.11,28.125,28.09,28.09,13900,0
2015-02-09,16:35:00,28.08,28.1,28.06,28.1,11800,0
2015-02-09,16:40:00,28.11,28.13,28.1,28.11,16718,0
2015-02-09,16:45:00,28.115,28.12,28.05,28.11,16802,0
2015-02-09,16:50:00,28.1,28.14,28.07,28.12,13260,0
2015-02-09,16:55:00,28.12,28.17,28.11,28.17,11475,0
2015-02-09,17:00:00,28.18,28.18,28.16,28.17,11650,0
2015-02-09,17:05:00,28.17,28.19,28.135,28.15,20700,0
2015-02-09,17:10:00,28.17,28.2,28.16,28.19,13800,0
2015-02-09,17:15:00,28.1905,28.21,28.13,28.19,52828,0
2015-02-09,17:20:00,28.18,28.22,28.18,28.22,8035,0
2015-02-09,17:25:00,28.22,28.25,28.22,28.24,8230,0
2015-02-09,17:30:00,28.2399,28.26,28.23,28.26,7751,0
2015-02-09,17:35:00,28.26,28.285,28.26,28.28,12098,0
2015-02-09,17:40:00,28.275,28.3,28.26,28.27,16167,0
2015-02-09,17:45:00,28.25,28.27,28.25,28.2674,3811,0
2015-02-09,17:50:00,28.26,28.27,28.25,28.25,9467,0
2015-02-09,17:55:00,28.25,28.25,28.22,28.22,12525,0
2015-02-09,18:00:00,28.22,28.23,28.19,28.19,8100,0
2015-02-09,18:05:00,28.19,28.21,28.14,28.16,5910,0
2015-02-09,18:10:00,28.16,28.1899,28.15,28.18,6066,0
2015-02-09,18:15:00,28.18,28.18,28.17,28.17,4041,0
2015-02-09,18:20:00,28.17,28.18,28.16,28.17,9282,0
2015-02-09,18:25:00,28.17,28.2,28.17,28.19,11163,0
2015-02-09,18:30:00,28.191,28.21,28.17,28.21,7152,0
2015-02-09,18:35:00,28.21,28.26,28.21,28.25,6602,0
2015-02-09,18:40:00,28.25,28.26,28.23,28.24,5200,0
2015-02-09,18:45:00,28.2459,28.25,28.24,28.245,6400,0
2015-02-09,18:50:00,28.25,28.27,28.24,28.26,9929,0
2015-02-09,18:55:00,28.26,28.26,28.24,28.24,5236,0
2015-02-09,19:00:00,28.24,28.241,28.23,28.23,3500,0
2015-02-09,19:05:00,28.24,28.25,28.2,28.2,16482,0
2015-02-09,19:10:00,28.21,28.22,28.205,28.205,6000,0
2015-02-09,19:15:00,28.21,28.24,28.21,28.24,6200,0
2015-02-09,19:20:00,28.24,28.28,28.23,28.26,11111,0
2015-02-09,19:25:00,28.27,28.27,28.24,28.26,4900,0
2015-02-09,19:30:00,28.26,28.27,28.24,28.25,8700,0
2015-02-09,19:35:00,28.25,28.25,28.24,28.25,16661,0
2015-02-09,19:40:00,28.25,28.25,28.23,28.25,12289,0
2015-02-09,19:45:00,28.245,28.25,28.22,28.22,10908,0
2015-02-09,19:50:00,28.22,28.26,28.21,28.21,13614,0
2015-02-09,19:55:00,28.22,28.27,28.22,28.27,7961,0
2015-02-09,20:00:00,28.27,28.27,28.24,28.24,13634,0
2015-02-09,20:05:00,28.24,28.26,28.21,28.26,12498,0
2015-02-09,20:10:00,28.26,28.27,28.23,28.23,14311,0
2015-02-09,20:15:00,28.24,28.24,28.22,28.24,14375,0
2015-02-09,20:20:00,28.24,28.24,28.201,28.21,12700,0
2015-02-09,20:25:00,28.21,28.24,28.2,28.24,7400,0
2015-02-09,20:30:00,28.24,28.26,28.24,28.24,41987,0
2015-02-09,20:35:00,28.25,28.26,28.24,28.25,14783,0
2015-02-09,20:40:00,28.25,28.26,28.235,28.25,33431,0
2015-02-09,20:45:00,28.25,28.25,28.2351,28.24,17802,0
2015-02-09,20:50:00,28.235,28.24,28.21,28.23,18105,0
2015-02-09,20:55:00,28.23,28.24,28.22,28.23,13302,0
2015-02-09,21:00:00,28.22,28.24,28.21,28.21,16646,0
2015-02-09,21:05:00,28.2,28.22,28.19,28.19,20439,0
2015-02-09,21:10:00,28.19,28.2,28.17,28.2,10755,0
2015-02-09,21:15:00,28.2,28.24,28.19,28.22,20923,0
2015-02-09,21:20:00,28.22,28.22,28.2,28.2,20386,0
2015-02-09,21:25:00,28.19,28.23,28.19,28.22,15767,0
2015-02-09,21:30:00,28.22,28.25,28.22,28.25,22595,0
2015-02-09,21:35:00,28.25,28.25,28.22,28.235,27125,0
2015-02-09,21:40:00,28.23,28.25,28.21,28.244,22513,0
2015-02-09,21:45:00,28.25,28.28,28.24,28.255,53469,0
2015-02-09,21:50:00,28.26,28.32,28.255,28.3,30864,0
2015-02-09,21:55:00,28.29,28.3,28.27,28.27,40576,0
2015-02-09,22:00:00,28.2775,28.29,28.22,28.22,91332,0
2015-02-10,15:35:00,28.36,28.46,28.14,28.14,11777,0
2015-02-10,15:40:00,28.21,28.35,28.2,28.3,21328,0
2015-02-10,15:45:00,28.29,28.33,28.27,28.29,6254,0
2015-02-10,15:50:00,28.32,28.35,28.28,28.29,22885,0
2015-02-10,15:55:00,28.3,28.31,28.14,28.16,16490,0
2015-02-10,16:00:00,28.18,28.26,28.18,28.23,8400,0
2015-02-10,16:05:00,28.26,28.26,28.23,28.23,6100,0
2015-02-10,16:10:00,28.23,28.27,28.23,28.24,6200,0
2015-02-10,16:15:00,28.26,28.31,28.25,28.3094,6559,0
2015-02-10,16:20:00,28.3,28.31,28.26,28.26,10694,0
2015-02-10,16:25:00,28.26,28.26,28.21,28.23,6096,0
2015-02-10,16:30:00,28.22,28.241,28.21,28.21,8340,0
2015-02-10,16:35:00,28.21,28.23,28.19,28.22,9443,0
2015-02-10,16:40:00,28.23,28.25,28.21,28.25,13292,0
2015-02-10,16:45:00,28.26,28.28,28.26,28.27,9200,0
2015-02-10,16:50:00,28.26,28.265,28.2,28.22,18020,0
2015-02-10,16:55:00,28.23,28.28,28.23,28.28,16907,0
2015-02-10,17:00:00,28.28,28.33,28.28,28.33,13500,0
2015-02-10,17:05:00,28.33,28.38,28.31,28.38,17839,0
2015-02-10,17:10:00,28.38,28.41,28.37,28.41,15300,0
2015-02-10,17:15:00,28.41,28.43,28.41,28.42,9800,0
2015-02-10,17:20:00,28.42,28.47,28.41,28.47,11900,0
2015-02-10,17:25:00,28.47,28.54,28.45,28.54,30685,0
2015-02-10,17:30:00,28.54,28.57,28.53,28.54,26170,0
2015-02-10,17:35:00,28.545,28.57,28.53,28.57,13472,0
2015-02-10,17:40:00,28.57,28.58,28.555,28.565,19325,0
2015-02-10,17:45:00,28.57,28.58,28.55,28.56,14600,0
2015-02-10,17:50:00,28.56,28.6,28.56,28.6,16170,0
2015-02-10,17:55:00,28.59,28.6,28.57,28.6,17930,0
2015-02-10,18:00:00,28.595,28.61,28.59,28.61,17700,0
2015-02-10,18:05:00,28.61,28.61,28.53,28.56,46826,0
2015-02-10,18:10:00,28.56,28.58,28.55,28.58,29214,0
2015-02-10,18:15:00,28.59,28.63,28.59,28.62,21984,0
2015-02-10,18:20:00,28.63,28.64,28.61,28.64,12000,0
2015-02-10,18:25:00,28.64,28.67,28.63,28.64,22200,0
2015-02-10,18:30:00,28.64,28.65,28.63,28.63,7503,0
2015-02-10,18:35:00,28.64,28.64,28.6,28.6,15993,0
2015-02-10,18:40:00,28.59,28.59,28.56,28.59,11700,0
2015-02-10,18:45:00,28.6,28.6,28.58,28.6,9468,0
2015-02-10,18:50:00,28.61,28.62,28.6,28.61,8500,0
2015-02-10,18:55:00,28.603,28.61,28.6,28.6,6101,0
2015-02-10,19:00:00,28.61,28.61,28.57,28.6,8424,0
2015-02-10,19:05:00,28.6,28.6,28.56,28.56,8000,0
2015-02-10,19:10:00,28.57,28.57,28.53,28.54,13400,0
2015-02-10,19:15:00,28.55,28.55,28.52,28.52,9052,0
2015-02-10,19:20:00,28.53,28.53,28.52,28.525,4023,0
2015-02-10,19:25:00,28.525,28.525,28.48,28.49,13058,0
2015-02-10,19:30:00,28.4983,28.535,28.49,28.53,14716,0
2015-02-10,19:35:00,28.53,28.54,28.52,28.54,8488,0
2015-02-10,19:40:00,28.54,28.56,28.53,28.55,7700,0
2015-02-10,19:45:00,28.57,28.57,28.55,28.56,6808,0
2015-02-10,19:50:00,28.56,28.59,28.55,28.55,18564,0
2015-02-10,19:55:00,28.56,28.64,28.56,28.63,11601,0
2015-02-10,20:00:00,28.64,28.64,28.61,28.61,13714,0
2015-02-10,20:05:00,28.61,28.67,28.61,28.67,17375,0
2015-02-10,20:10:00,28.67,28.69,28.66,28.68,23349,0
2015-02-10,20:15:00,28.69,28.72,28.68,28.7155,16947,0
2015-02-10,20:20:00,28.72,28.72,28.7,28.72,13544,0
2015-02-10,20:25:00,28.72,28.75,28.72,28.75,22523,0
2015-02-10,20:30:00,28.75,28.79,28.75,28.78,10300,0
2015-02-10,20:35:00,28.78,28.805,28.77,28.79,25677,0
2015-02-10,20:40:00,28.79,28.82,28.79,28.82,15512,0
2015-02-10,20:45:00,28.82,28.82,28.8,28.8,12602,0
2015-02-10,20:50:00,28.81,28.81,28.79,28.79,8221,0
2015-02-10,20:55:00,28.8,28.8,28.75,28.77,19934,0
2015-02-10,21:00:00,28.765,28.8,28.765,28.79,12024,0
2015-02-10,21:05:00,28.79,28.8,28.77,28.78,13000,0
2015-02-10,21:10:00,28.77,28.77,28.75,28.765,18003,0
2015-02-10,21:15:00,28.7601,28.77,28.75,28.755,18789,0
2015-02-10,21:20:00,28.755,28.77,28.75,28.77,15070,0
2015-02-10,21:25:00,28.76,28.78,28.75,28.78,13500,0
2015-02-10,21:30:00,28.78,28.81,28.76,28.81,18340,0
2015-02-10,21:35:00,28.81,28.82,28.79,28.82,20769,0
2015-02-10,21:40:00,28.82,28.85,28.81,28.85,34128,0
2015-02-10,21:45:00,28.85,28.85,28.84,28.85,20391,0
2015-02-10,21:50:00,28.845,28.85,28.81,28.81,26184,0
2015-02-10,21:55:00,28.82,28.87,28.815,28.84,81926,0
2015-02-10,22:00:00,28.85,28.86,28.82,28.85,148683,0
2015-02-11,15:35:00,28.96,28.96,28.91,28.93,1205,0
2015-02-11,15:40:00,28.94,28.99,28.92,28.95,6604,0
2015-02-11,15:45:00,28.95,28.98,28.89,28.9,8586,0
2015-02-11,15:50:00,28.9,28.93,28.88,28.88,4322,0
2015-02-11,15:55:00,28.8899,28.9,28.83,28.83,5500,0
2015-02-11,16:00:00,28.83,28.89,28.81,28.81,6100,0
2015-02-11,16:05:00,28.81,28.81,28.76,28.76,2112,0
2015-02-11,16:10:00,28.77,28.82,28.76,28.82,12700,0
2015-02-11,16:15:00,28.81,28.81,28.79,28.8,9060,0
2015-02-11,16:20:00,28.81,28.85,28.81,28.83,7500,0
2015-02-11,16:25:00,28.82,28.83,28.8,28.82,7523,0
2015-02-11,16:30:00,28.82,28.83,28.81,28.81,3915,0
2015-02-11,16:35:00,28.81,28.86,28.8,28.86,12981,0
2015-02-11,16:40:00,28.86,28.86,28.83,28.84,12553,0
2015-02-11,16:45:00,28.84,28.87,28.82,28.83,15980,0
2015-02-11,16:50:00,28.83,28.85,28.8,28.8,20336,0
2015-02-11,16:55:00,28.81,28.84,28.805,28.81,9598,0
2015-02-11,17:00:00,28.81,28.84,28.8,28.84,8781,0
2015-02-11,17:05:00,28.85,28.9125,28.84,28.9125,9789,0
2015-02-11,17:10:00,28.91,28.92,28.87,28.87,5897,0
2015-02-11,17:15:00,28.87,28.885,28.85,28.85,3294,0
2015-02-11,17:20:00,28.86,28.865,28.85,28.86,6194,0
2015-02-11,17:25:00,28.86,28.865,28.82,28.84,11935,0
2015-02-11,17:30:00,28.85,28.88,28.84,28.88,8300,0
2015-02-11,17:35:00,28.875,28.875,28.84,28.86,10920,0
2015-02-11,17:40:00,28.87,28.87,28.85,28.86,8191,0
2015-02-11,17:45:00,28.86,28.86,28.81,28.81,14061,0
2015-02-11,17:50:00,28.81,28.83,28.81,28.83,4900,0
2015-02-11,17:55:00,28.82,28.825,28.82,28.82,4800,0
2015-02-11,18:00:00,28.83,28.88,28.83,28.88,6208,0
2015-02-11,18:05:00,28.87,28.875,28.84,28.87,7550,0
2015-02-11,18:10:00,28.88,28.905,28.87,28.905,5400,0
2015-02-11,18:15:00,28.905,28.905,28.87,28.87,134304,0
2015-02-11,18:20:00,28.87,28.87,28.85,28.85,12278,0
2015-02-11,18:25:00,28.845,28.87,28.84,28.84,5900,0
2015-02-11,18:30:00,28.84,28.84,28.8,28.8,4326,0
2015-02-11,18:35:00,28.8,28.805,28.78,28.8,43324,0
2015-02-11,18:40:00,28.79,28.79,28.77,28.79,1800,0
2015-02-11,18:45:00,28.79,28.79,28.75,28.77,4763,0
2015-02-11,18:50:00,28.77,28.78,28.76,28.76,2900,0
2015-02-11,18:55:00,28.77,28.7812,28.76,28.76,4500,0
2015-02-11,19:00:00,28.755,28.76,28.755,28.76,5299,0
2015-02-11,19:05:00,28.76,28.7657,28.76,28.76,3302,0
2015-02-11,19:10:00,28.76,28.76,28.75,28.76,13144,0
2015-02-11,19:15:00,28.76,28.76,28.75,28.76,12477,0
2015-02-11,19:20:00,28.75,28.765,28.75,28.76,15109,0
2015-02-11,19:25:00,28.76,28.76,28.72,28.76,43131,0
2015-02-11,19:30:00,28.76,28.76,28.72,28.72,13985,0
2015-02-11,19:35:00,28.73,28.735,28.69,28.7,9434,0
2015-02-11,19:40:00,28.71,28.71,28.7,28.71,6712,0
2015-02-11,19:45:00,28.705,28.72,28.705,28.715,5429,0
2015-02-11,19:50:00,28.7156,28.72,28.71,28.71,11622,0
2015-02-11,19:55:00,28.71,28.715,28.71,28.71,2508,0
2015-02-11,20:00:00,28.71,28.76,28.685,28.72,27647,0
2015-02-11,20:05:00,28.73,28.75,28.715,28.73,21159,0
2015-02-11,20:10:00,28.73,28.74,28.725,28.74,21234,0
2015-02-11,20:15:00,28.74,28.74,28.72,28.73,17061,0
2015-02-11,20:20:00,28.725,28.772,28.72,28.772,53660,0
2015-02-11,20:25:00,28.77,28.82,28.77,28.82,3800,0
2015-02-11,20:30:00,28.82,28.82,28.79,28.79,7533,0
2015-02-11,20:35:00,28.79,28.85,28.79,28.85,8917,0
2015-02-11,20:40:00,28.85,28.86,28.835,28.86,11671,0
2015-02-11,20:45:00,28.865,28.88,28.86,28.8601,6967,0
2015-02-11,20:50:00,28.87,28.88,28.855,28.86,16243,0
2015-02-11,20:55:00,28.86,28.86,28.855,28.855,8148,0
2015-02-11,21:00:00,28.855,28.86,28.84,28.86,15116,0
2015-02-11,21:05:00,28.86,28.87,28.86,28.87,3118,0
2015-02-11,21:10:00,28.865,28.88,28.86,28.87,20158,0
2015-02-11,21:15:00,28.865,28.875,28.855,28.87,14119,0
2015-02-11,21:20:00,28.87,28.875,28.85,28.855,16390,0
2015-02-11,21:25:00,28.85,28.89,28.85,28.88,40098,0
2015-02-11,21:30:00,28.88,28.92,28.88,28.89,19843,0
2015-02-11,21:35:00,28.895,28.905,28.89,28.8999,29195,0
2015-02-11,21:40:00,28.9,28.94,28.9,28.93,30574,0
2015-02-11,21:45:00,28.935,28.945,28.93,28.93,18000,0
2015-02-11,21:50:00,28.935,28.94,28.91,28.91,59508,0
2015-02-11,21:55:00,28.92,28.99,28.905,28.91,119558,0
2015-02-11,22:00:00,28.91,28.9225,28.85,28.87,152140,0
2015-02-12,15:35:00,28.89,29.06,28.77,28.86,4063,0
2015-02-12,15:40:00,28.86,28.96,28.86,28.93,4300,0
2015-02-12,15:45:00,28.89,28.9,28.86,28.86,2100,0
2015-02-12,15:50:00,28.87,28.9,28.87,28.89,2300,0
2015-02-12,15:55:00,28.881,28.91,28.881,28.9,6054,0
2015-02-12,16:00:00,28.89,28.94,28.88,28.93,5421,0
2015-02-12,16:05:00,28.94,28.98,28.94,28.96,2400,0
2015-02-12,16:10:00,28.97,29.06,28.97,29.06,4775,0
2015-02-12,16:15:00,29.06,29.06,29.01,29.06,10687,0
2015-02-12,16:20:00,29.06,29.08,29.06,29.08,1600,0
2015-02-12,16:25:00,29.08,29.09,29.01,29.01,8788,0
2015-02-12,16:30:00,29.02,29.03,29.013,29.013,926,0
2015-02-12,16:35:00,29.0,29.0,28.96,28.97,10032,0
2015-02-12,16:40:00,28.97,29.0,28.97,29.0,3200,0
2015-02-12,16:45:00,29.0,29.0,28.99,28.99,2400,0
2015-02-12,16:50:00,29.0,29.015,28.99,28.99,6129,0
2015-02-12,16:55:00,29.0,29.0,28.97,28.97,6908,0
2015-02-12,17:00:00,28.98,28.98,28.95,28.95,6119,0
2015-02-12,17:05:00,28.96,28.96,28.95,28.95,3008,0
2015-02-12,17:10:00,28.95,28.98,28.95,28.96,6812,0
2015-02-12,17:15:00,28.96,29.0,28.96,28.99,3056,0
2015-02-12,17:20:00,28.99,28.99,28.96,28.98,5650,0
2015-02-12,17:25:00,28.985,29.0,28.97,28.995,4975,0
2015-02-12,17:30:00,28.99,28.99,28.99,28.99,1800,0
2015-02-12,17:35:00,29.0,29.04,28.98,29.01,33900,0
2015-02-12,17:40:00,29.02,29.05,29.02,29.05,2400,0
2015-02-12,17:45:00,29.05,29.07,29.05,29.07,3400,0
2015-02-12,17:50:00,29.07,29.12,29.07,29.12,8432,0
2015-02-12,17:55:00,29.11,29.11,29.08,29.08,4143,0
2015-02-12,18:00:00,29.08,29.11,29.08,29.11,5236,0
2015-02-12,18:05:00,29.11,29.11,29.09,29.09,5069,0
2015-02-12,18:10:00,29.09,29.1,29.07,29.08,8280,0
2015-02-12,18:15:00,29.08,29.09,29.07,29.09,3015,0
2015-02-12,18:20:00,29.08,29.08,29.06,29.07,2200,0
2015-02-12,18:25:00,29.07,29.07,29.03,29.03,5700,0
2015-02-12,18:30:00,29.03,29.0361,29.02,29.03,2894,0
2015-02-12,18:35:00,29.03,29.04,29.025,29.03,6058,0
2015-02-12,18:40:00,29.02,29.04,29.01,29.03,7915,0
2015-02-12,18:45:00,29.03,29.03,29.015,29.0297,6123,0
2015-02-12,18:50:00,29.02,29.02,29.0,29.0,6786,0
2015-02-12,18:55:00,28.99,29.0,28.99,29.0,3800,0
2015-02-12,19:00:00,29.01,29.01,29.0,29.01,2816,0
2015-02-12,19:05:00,29.0,29.04,29.0,29.03,4900,0
2015-02-12,19:10:00,29.03,29.04,29.01,29.01,7100,0
2015-02-12,19:15:00,29.02,29.0399,29.02,29.03,16436,0
2015-02-12,19:20:00,29.035,29.05,29.03,29.05,10225,0
2015-02-12,19:25:00,29.05,29.07,29.04,29.05,10291,0
2015-02-12,19:30:00,29.05,29.07,29.05,29.07,2600,0
2015-02-12,19:35:00,29.07,29.09,29.06,29.09,9103,0
2015-02-12,19:40:00,29.09,29.1,29.08,29.1,5675,0
2015-02-12,19:45:00,29.095,29.11,29.09,29.11,13618,0
2015-02-12,19:50:00,29.11,29.11,29.09,29.09,2590,0
2015-02-12,19:55:00,29.09,29.12,29.089,29.11,7600,0
2015-02-12,20:00:00,29.11,29.12,29.1,29.12,5539,0
2015-02-12,20:05:00,29.11,29.11,29.08,29.09,12265,0
2015-02-12,20:10:00,29.08,29.11,29.08,29.1099,4750,0
2015-02-12,20:15:00,29.1,29.1196,29.085,29.1099,5607,0
2015-02-12,20:20:00,29.1001,29.1001,29.07,29.0799,10799,0
2015-02-12,20:25:00,29.08,29.1,29.07,29.1,6669,0
2015-02-12,20:30:00,29.11,29.11,29.105,29.11,4000,0
2015-02-12,20:35:00,29.1,29.1,29.075,29.08,9289,0
2015-02-12,20:40:00,29.08,29.086,29.075,29.086,5591,0
2015-02-12,20:45:00,29.08,29.11,29.07,29.11,7208,0
2015-02-12,20:50:00,29.1099,29.1167,29.1,29.1,8167,0
2015-02-12,20:55:00,29.1,29.105,29.095,29.1,10500,0
2015-02-12,21:00:00,29.105,29.105,29.095,29.1,7114,0
2015-02-12,21:05:00,29.1,29.13,29.1,29.11,14379,0
2015-02-12,21:10:00,29.11,29.11,29.105,29.105,2675,0
2015-02-12,21:15:00,29.105,29.11,29.095,29.11,16170,0
2015-02-12,21:20:00,29.11,29.11,29.075,29.075,34364,0
2015-02-12,21:25:00,29.08,29.08,29.05,29.055,16708,0
2015-02-12,21:30:00,29.06,29.07,29.05,29.055,13605,0
2015-02-12,21:35:00,29.05,29.05,29.03,29.03,10900,0
2015-02-12,21:40:00,29.03,29.06,29.03,29.06,14477,0
2015-02-12,21:45:00,29.05,29.08,29.04,29.05,25482,0
2015-02-12,21:50:00,29.06,29.07,29.04,29.04,21885,0
2015-02-12,21:55:00,29.04,29.05,29.03,29.03,30386,0
2015-02-12,22:00:00,29.02,29.06,29.02,29.05,50470,0
2015-02-13,15:35:00,29.0524,29.24,29.05,29.24,5521,0
2015-02-13,15:40:00,29.28,29.28,29.15,29.16,8500,0
2015-02-13,15:45:00,29.2,29.26,29.19,29.24,3405,0
2015-02-13,15:50:00,29.23,29.23,29.18,29.21,7800,0
2015-02-13,15:55:00,29.2,29.21,29.11,29.12,4400,0
2015-02-13,16:00:00,29.14,29.15,29.09,29.094,5557,0
2015-02-13,16:05:00,29.11,29.16,29.1,29.13,6550,0
2015-02-13,16:10:00,29.12,29.17,29.115,29.135,3700,0
2015-02-13,16:15:00,29.16,29.17,29.08,29.15,7100,0
2015-02-13,16:20:00,29.16,29.22,29.14,29.19,11770,0
2015-02-13,16:25:00,29.19,29.22,29.18,29.21,195111,0
2015-02-13,16:30:00,29.23,29.285,29.23,29.28,8361,0
2015-02-13,16:35:00,29.28,29.365,29.28,29.32,14839,0
2015-02-13,16:40:00,29.3,29.31,29.295,29.305,5900,0
2015-02-13,16:45:00,29.3,29.33,29.21,29.21,15499,0
2015-02-13,16:50:00,29.22,29.23,29.18,29.2,11760,0
2015-02-13,16:55:00,29.2,29.2,29.161,29.171,5160,0
2015-02-13,17:00:00,29.17,29.18,29.15,29.16,7142,0
2015-02-13,17:05:00,29.14,29.17,29.135,29.14,16593,0
2015-02-13,17:10:00,29.14,29.18,29.12,29.16,24303,0
2015-02-13,17:15:00,29.16,29.1772,29.151,29.17,7727,0
2015-02-13,17:20:00,29.17,29.175,29.14,29.14,4897,0
2015-02-13,17:25:00,29.14,29.145,29.11,29.12,14478,0
2015-02-13,17:30:00,29.12,29.17,29.115,29.16,20047,0
2015-02-13,17:35:00,29.17,29.17,29.141,29.151,8200,0
2015-02-13,17:40:00,29.15,29.16,29.115,29.155,11083,0
2015-02-13,17:45:00,29.151,29.2,29.15,29.2,5432,0
2015-02-13,17:50:00,29.205,29.21,29.18,29.19,12250,0
2015-02-13,17:55:00,29.2,29.22,29.2,29.215,4682,0
2015-02-13,18:00:00,29.215,29.24,29.2,29.24,6523,0
2015-02-13,18:05:00,29.235,29.24,29.215,29.235,10148,0
2015-02-13,18:10:00,29.235,29.245,29.215,29.2425,13400,0
2015-02-13,18:15:00,29.24,29.2499,29.235,29.235,4185,0
2015-02-13,18:20:00,29.235,29.235,29.22,29.23,6935,0
2015-02-13,18:25:00,29.22,29.225,29.19,29.22,9878,0
2015-02-13,18:30:00,29.21,29.215,29.195,29.2,5300,0
2015-02-13,18:35:00,29.2,29.205,29.175,29.205,7221,0
2015-02-13,18:40:00,29.21,29.24,29.205,29.235,15067,0
2015-02-13,18:45:00,29.235,29.245,29.21,29.245,8800,0
2015-02-13,18:50:00,29.245,29.255,29.24,29.245,5607,0
2015-02-13,18:55:00,29.241,29.28,29.241,29.26,7988,0
2015-02-13,19:00:00,29.25,29.265,29.245,29.265,6720,0
2015-02-13,19:05:00,29.27,29.29,29.27,29.28,4800,0
2015-02-13,19:10:00,29.29,29.2977,29.28,29.285,5723,0
2015-02-13,19:15:00,29.28,29.28,29.235,29.235,6738,0
2015-02-13,19:20:00,29.24,29.265,29.24,29.265,4616,0
2015-02-13,19:25:00,29.265,29.265,29.23,29.23,6879,0
2015-02-13,19:30:00,29.235,29.235,29.21,29.21,4697,0
2015-02-13,19:35:00,29.215,29.215,29.185,29.185,8532,0
2015-02-13,19:40:00,29.18,29.18,29.145,29.16,8649,0
2015-02-13,19:45:00,29.155,29.16,29.12,29.135,14698,0
2015-02-13,19:50:00,29.131,29.131,29.115,29.125,8617,0
2015-02-13,19:55:00,29.12,29.1362,29.12,29.12,11383,0
2015-02-13,20:00:00,29.12,29.14,29.12,29.12,8218,0
2015-02-13,20:05:00,29.12,29.18,29.12,29.175,12002,0
2015-02-13,20:10:00,29.18,29.24,29.175,29.225,7543,0
2015-02-13,20:15:00,29.225,29.23,29.2,29.21,15027,0
2015-02-13,20:20:00,29.22,29.23,29.21,29.225,6150,0
2015-02-13,20:25:00,29.22,29.231,29.21,29.21,9620,0
2015-02-13,20:30:00,29.22,29.25,29.2,29.2,11591,0
2015-02-13,20:35:00,29.2,29.26,29.2,29.255,19499,0
2015-02-13,20:40:00,29.25,29.25,29.23,29.23,7140,0
2015-02-13,20:45:00,29.23,29.25,29.2201,29.25,11425,0
2015-02-13,20:50:00,29.245,29.26,29.235,29.25,14770,0
2015-02-13,20:55:00,29.25,29.255,29.24,29.241,4960,0
2015-02-13,21:00:00,29.24,29.27,29.24,29.2501,17403,0
2015-02-13,21:05:00,29.26,29.27,29.245,29.27,13605,0
2015-02-13,21:10:00,29.27,29.3,29.27,29.28,15554,0
2015-02-13,21:15:00,29.285,29.3,29.26,29.3,14900,0
2015-02-13,21:20:00,29.295,29.3,29.275,29.295,12427,0
2015-02-13,21:25:00,29.29,29.3,29.27,29.28,17538,0
2015-02-13,21:30:00,29.28,29.3,29.275,29.29,22745,0
2015-02-13,21:35:00,29.285,29.31,29.285,29.3,27417,0
2015-02-13,21:40:00,29.291,29.34,29.29,29.34,16735,0
2015-02-13,21:45:00,29.34,29.37,29.33,29.37,30445,0
2015-02-13,21:50:00,29.37,29.39,29.37,29.39,21083,0
2015-02-13,21:55:00,29.39,29.43,29.39,29.425,40196,0
2015-02-13,22:00:00,29.425,29.49,29.42,29.47,140252,0
2015-02-17,15:35:00,29.35,29.537,29.35,29.46,4943,0
2015-02-17,15:40:00,29.45,29.47,29.36,29.42,8900,0
2015-02-17,15:45:00,29.43,29.44,29.34,29.37,11104,0
2015-02-17,15:50:00,29.35,29.42,29.33,29.34,5744,0
2015-02-17,15:55:00,29.33,29.4,29.303,29.4,33229,0
2015-02-17,16:00:00,29.39,29.39,29.25,29.29,17140,0
2015-02-17,16:05:00,29.3,29.34,29.23,29.24,7700,0
2015-02-17,16:10:00,29.25,29.3,29.24,29.25,9220,0
2015-02-17,16:15:00,29.24,29.32,29.21,29.291,15913,0
2015-02-17,16:20:00,29.29,29.36,29.29,29.321,52912,0
2015-02-17,16:25:00,29.33,29.33,29.28,29.295,8784,0
2015-02-17,16:30:00,29.29,29.29,29.22,29.27,7971,0
2015-02-17,16:35:00,29.27,29.2784,29.24,29.264,4671,0
2015-02-17,16:40:00,29.25,29.275,29.19,29.21,17700,0
2015-02-17,16:45:00,29.211,29.27,29.21,29.255,12062,0
2015-02-17,16:50:00,29.27,29.37,29.26,29.3694,38679,0
2015-02-17,16:55:00,29.37,29.38,29.33,29.34,10500,0
2015-02-17,17:00:00,29.33,29.355,29.32,29.35,11765,0
2015-02-17,17:05:00,29.3401,29.36,29.33,29.35,7602,0
2015-02-17,17:10:00,29.34,29.41,29.33,29.41,21808,0
2015-02-17,17:15:00,29.41,29.411,29.38,29.41,11440,0
2015-02-17,17:20:00,29.4,29.41,29.4,29.401,5095,0
2015-02-17,17:25:00,29.4,29.46,29.4,29.44,13256,0
2015-02-17,17:30:00,29.455,29.48,29.44,29.45,18436,0
2015-02-17,17:35:00,29.4501,29.5,29.4501,29.49,21551,0
2015-02-17,17:40:00,29.49,29.495,29.475,29.48,10400,0
2015-02-17,17:45:00,29.48,29.49,29.445,29.45,4800,0
2015-02-17,17:50:00,29.445,29.47,29.43,29.43,7973,0
2015-02-17,17:55:00,29.431,29.5,29.43,29.48,17285,0
2015-02-17,18:00:00,29.48,29.5,29.475,29.475,7048,0
2015-02-17,18:05:00,29.48,29.52,29.48,29.5,13032,0
2015-02-17,18:10:00,29.5,29.51,29.469,29.47,10300,0
2015-02-17,18:15:00,29.47,29.47,29.46,29.47,5300,0
2015-02-17,18:20:00,29.47,29.5,29.465,29.49,9142,0
2015-02-17,18:25:00,29.49,29.5,29.471,29.5,5910,0
2015-02-17,18:30:00,29.5,29.5,29.48,29.5,6728,0
2015-02-17,18:35:00,29.5001,29.52,29.5,29.51,16527,0
2015-02-17,18:40:00,29.503,29.52,29.5,29.52,6137,0
2015-02-17,18:45:00,29.51,29.52,29.505,29.51,5519,0
2015-02-17,18:50:00,29.51,29.52,29.5,29.515,3400,0
2015-02-17,18:55:00,29.5,29.515,29.5,29.51,7655,0
2015-02-17,19:00:00,29.51,29.51,29.49,29.495,6626,0
2015-02-17,19:05:00,29.5,29.54,29.5,29.53,10831,0
2015-02-17,19:10:00,29.53,29.54,29.52,29.52,8352,0
2015-02-17,19:15:00,29.5,29.52,29.49,29.52,11498,0
2015-02-17,19:20:00,29.51,29.53,29.505,29.53,9800,0
2015-02-17,19:25:00,29.52,29.54,29.5,29.52,9334,0
2015-02-17,19:30:00,29.5199,29.5199,29.49,29.49,99374,0
2015-02-17,19:35:00,29.5,29.52,29.495,29.505,12094,0
2015-02-17,19:40:00,29.505,29.52,29.48,29.48,21854,0
2015-02-17,19:45:00,29.485,29.5,29.48,29.48,7461,0
2015-02-17,19:50:00,29.48,29.5,29.47,29.49,15154,0
2015-02-17,19:55:00,29.5,29.5,29.46,29.48,11694,0
2015-02-17,20:00:00,29.48,29.4825,29.45,29.47,9658,0
2015-02-17,20:05:00,29.465,29.47,29.43,29.45,16716,0
2015-02-17,20:10:00,29.46,29.46,29.425,29.44,9100,0
2015-02-17,20:15:00,29.435,29.44,29.41,29.425,10968,0
2015-02-17,20:20:00,29.42,29.44,29.41,29.44,10021,0
2015-02-17,20:25:00,29.44,29.44,29.405,29.41,389368,0
2015-02-17,20:30:00,29.405,29.42,29.395,29.42,29587,0
2015-02-17,20:35:00,29.4165,29.46,29.4165,29.4572,19240,0
2015-02-17,20:40:00,29.455,29.46,29.42,29.42,15200,0
2015-02-17,20:45:00,29.42,29.43,29.4,29.42,14485,0
2015-02-17,20:50:00,29.42,29.43,29.41,29.415,378463,0
2015-02-17,20:55:00,29.43,29.43,29.405,29.415,11743,0
2015-02-17,21:00:00,29.415,29.43,29.41,29.42,11000,0
2015-02-17,21:05:00,29.415,29.45,29.41,29.43,15605,0
2015-02-17,21:10:00,29.43,29.5,29.41,29.48,59842,0
2015-02-17,21:15:00,29.48,29.48,29.44,29.45,15076,0
2015-02-17,21:20:00,29.45,29.45,29.43,29.44,16917,0
2015-02-17,21:25:00,29.44,29.5,29.44,29.48,22047,0
2015-02-17,21:30:00,29.48,29.5,29.46,29.5,20937,0
2015-02-17,21:35:00,29.5,29.55,29.48,29.49,33335,0
2015-02-17,21:40:00,29.495,29.52,29.49,29.5149,18321,0
2015-02-17,21:45:00,29.515,29.52,29.51,29.52,6447,0
2015-02-17,21:50:00,29.5,29.5,29.475,29.49,25921,0
2015-02-17,21:55:00,29.5,29.52,29.47,29.51,32878,0
2015-02-17,22:00:00,29.52,29.56,29.5,29.56,72631,0
2015-02-18,15:35:00,29.42,29.56,29.29,29.325,25397,0
2015-02-18,15:40:00,29.3,29.49,29.25,29.38,28622,0
2015-02-18,15:45:00,29.4,29.4,29.25,29.32,21994,0
2015-02-18,15:50:00,29.34,29.45,29.34,29.45,7600,0
2015-02-18,15:55:00,29.44,29.44,29.375,29.38,3400,0
2015-02-18,16:00:00,29.38,29.45,29.38,29.44,4800,0
2015-02-18,16:05:00,29.42,29.47,29.41,29.44,9450,0
2015-02-18,16:10:00,29.46,29.46,29.4,29.42,143950,0
2015-02-18,16:15:00,29.42,29.48,29.41,29.45,8644,0
2015-02-18,16:20:00,29.48,29.51,29.45,29.51,10200,0
2015-02-18,16:25:00,29.51,29.54,29.5,29.51,6100,0
2015-02-18,16:30:00,29.5,29.5,29.47,29.49,7896,0
2015-02-18,16:35:00,29.5,29.59,29.5,29.565,9829,0
2015-02-18,16:40:00,29.56,29.56,29.54,29.54,5100,0
2015-02-18,16:45:00,29.55,29.57,29.54,29.54,3000,0
2015-02-18,16:50:00,29.54,29.55,29.53,29.55,5300,0
2015-02-18,16:55:00,29.56,29.57,29.555,29.56,3700,0
2015-02-18,17:00:00,29.56,29.59,29.55,29.566,9924,0
2015-02-18,17:05:00,29.56,29.56,29.55,29.56,4500,0
2015-02-18,17:10:00,29.56,29.57,29.555,29.5699,2198,0
2015-02-18,17:15:00,29.57,29.59,29.56,29.585,11928,0
2015-02-18,17:20:00,29.58,29.59,29.53,29.54,27207,0
2015-02-18,17:25:00,29.53,29.54,29.48,29.5,20353,0
2015-02-18,17:30:00,29.5,29.5,29.49,29.4951,17002,0
2015-02-18,17:35:00,29.5,29.51,29.45,29.45,14305,0
2015-02-18,17:40:00,29.455,29.51,29.455,29.49,18861,0
2015-02-18,17:45:00,29.5,29.5,29.48,29.49,7571,0
2015-02-18,17:50:00,29.48,29.485,29.44,29.46,12150,0
2015-02-18,17:55:00,29.46,29.47,29.44,29.45,17520,0
2015-02-18,18:00:00,29.45,29.52,29.44,29.44,11686,0
2015-02-18,18:05:00,29.44,29.45,29.41,29.42,14085,0
2015-02-18,18:10:00,29.42,29.425,29.42,29.42,4100,0
2015-02-18,18:15:00,29.41,29.41,29.381,29.39,23790,0
2015-02-18,18:20:00,29.39,29.43,29.39,29.42,583632,0
2015-02-18,18:25:00,29.43,29.46,29.43,29.43,16425,0
2015-02-18,18:30:00,29.43,29.44,29.42,29.435,7651,0
2015-02-18,18:35:00,29.43,29.44,29.43,29.43,7347,0
2015-02-18,18:40:00,29.4376,29.44,29.41,29.42,24233,0
2015-02-18,18:45:00,29.42,29.42,29.38,29.41,4100,0
2015-02-18,18:50:00,29.41,29.41,29.38,29.39,4000,0
2015-02-18,18:55:00,29.39,29.425,29.385,29.42,35507,0
2015-02-18,19:00:00,29.425,29.435,29.415,29.43,39357,0
2015-02-18,19:05:00,29.43,29.44,29.42,29.44,15600,0
2015-02-18,19:10:00,29.43,29.44,29.41,29.44,18486,0
2015-02-18,19:15:00,29.44,29.44,29.435,29.44,6979,0
2015-02-18,19:20:00,29.44,29.44,29.41,29.41,16866,0
2015-02-18,19:25:00,29.42,29.42,29.4,29.4,3374,0
2015-02-18,19:30:00,29.4097,29.4097,29.39,29.4,10479,0
2015-02-18,19:35:00,29.3999,29.41,29.39,29.4,7408,0
2015-02-18,19:40:00,29.4,29.4,29.39,29.39,3200,0
2015-02-18,19:45:00,29.4,29.4,29.39,29.395,3566,0
2015-02-18,19:50:00,29.4,29.4103,29.36,29.36,23760,0
2015-02-18,19:55:00,29.36,29.39,29.36,29.38,6032,0
2015-02-18,20:00:00,29.385,29.39,29.37,29.39,10624,0
2015-02-18,20:05:00,29.39,29.43,29.39,29.41,27807,0
2015-02-18,20:10:00,29.41,29.425,29.39,29.4,10379,0
2015-02-18,20:15:00,29.3995,29.43,29.3995,29.4,10346,0
2015-02-18,20:20:00,29.4192,29.42,29.37,29.37,5836,0
2015-02-18,20:25:00,29.37,29.37,29.34,29.35,6592,0
2015-02-18,20:30:00,29.3424,29.3424,29.33,29.33,5602,0
2015-02-18,20:35:00,29.34,29.34,29.29,29.305,29549,0
2015-02-18,20:40:00,29.3057,29.33,29.28,29.32,17272,0
2015-02-18,20:45:00,29.31,29.37,29.3,29.365,15203,0
2015-02-18,20:50:00,29.365,29.365,29.33,29.34,11581,0
2015-02-18,20:55:00,29.34,29.35,29.34,29.35,5945,0
2015-02-18,21:00:00,29.345,29.35,29.34,29.34,7979,0
2015-02-18,21:05:00,29.35,29.38,29.345,29.36,16316,0
2015-02-18,21:10:00,29.37,29.4,29.361,29.385,9300,0
2015-02-18,21:15:00,29.385,29.39,29.365,29.37,7979,0
2015-02-18,21:20:00,29.37,29.39,29.36,29.39,20557,0
2015-02-18,21:25:00,29.385,29.39,29.37,29.38,9498,0
2015-02-18,21:30:00,29.39,29.39,29.37,29.38,13000,0
2015-02-18,21:35:00,29.36,29.38,29.32,29.325,57856,0
2015-02-18,21:40:00,29.33,29.35,29.315,29.34,21200,0
2015-02-18,21:45:00,29.34,29.36,29.32,29.34,27491,0
2015-02-18,21:50:00,29.33,29.335,29.28,29.28,50403,0
2015-02-18,21:55:00,29.29,29.37,29.285,29.37,32800,0
2015-02-18,22:00:00,29.37,29.4,29.35,29.37,124371,0
2015-02-19,15:35:00,29.2901,29.45,29.2901,29.45,1902,0
2015-02-19,15:40:00,29.34,29.35,29.27,29.35,7812,0
2015-02-19,15:45:00,29.36,29.43,29.34,29.43,6600,0
2015-02-19,15:50:00,29.33,29.33,29.3,29.3,1500,0
2015-02-19,15:55:00,29.34,29.35,29.29,29.33,8828,0
2015-02-19,16:00:00,29.37,29.37,29.32,29.32,6800,0
2015-02-19,16:05:00,29.35,29.38,29.28,29.38,5572,0
2015-02-19,16:10:00,29.37,29.43,29.37,29.37,10198,0
2015-02-19,16:15:00,29.37,29.42,29.36,29.39,9213,0
2015-02-19,16:20:00,29.4,29.4,29.36,29.38,6021,0
2015-02-19,16:25:00,29.39,29.41,29.36,29.39,26586,0
2015-02-19,16:30:00,29.38,29.4,29.37,29.375,9425,0
2015-02-19,16:35:00,29.38,29.385,29.375,29.38,3200,0
2015-02-19,16:40:00,29.38,29.41,29.38,29.405,11956,0
2015-02-19,16:45:00,29.41,29.415,29.4,29.4,9312,0
2015-02-19,16:50:00,29.405,29.41,29.4,29.4,3022,0
2015-02-19,16:55:00,29.41,29.42,29.39,29.39,8443,0
2015-02-19,17:00:00,29.39,29.4,29.38,29.39,11785,0
2015-02-19,17:05:00,29.39,29.4,29.38,29.39,9162,0
2015-02-19,17:10:00,29.39,29.39,29.39,29.39,300,0
2015-02-19,17:15:00,29.39,29.405,29.385,29.4,9671,0
2015-02-19,17:20:00,29.39,29.411,29.385,29.411,9593,0
2015-02-19,17:25:00,29.41,29.41,29.4,29.4,12474,0
2015-02-19,17:30:00,29.4,29.41,29.37,29.38,11122,0
2015-02-19,17:35:00,29.38,29.4,29.38,29.4,7010,0
2015-02-19,17:40:00,29.4,29.405,29.39,29.39,5341,0
2015-02-19,17:45:00,29.39,29.4,29.39,29.4,6276,0
2015-02-19,17:50:00,29.4,29.4,29.39,29.4,4361,0
2015-02-19,17:55:00,29.39,29.41,29.39,29.395,6400,0
2015-02-19,18:00:00,29.41,29.42,29.4,29.4,8816,0
2015-02-19,18:05:00,29.41,29.42,29.4,29.42,15897,0
2015-02-19,18:10:00,29.42,29.42,29.41,29.41,8000,0
2015-02-19,18:15:00,29.42,29.42,29.41,29.42,5200,0
2015-02-19,18:20:00,29.42,29.42,29.41,29.41,11266,0
2015-02-19,18:25:00,29.41,29.42,29.41,29.41,6585,0
2015-02-19,18:30:00,29.415,29.4186,29.41,29.415,2552,0
2015-02-19,18:35:00,29.42,29.42,29.405,29.41,24350,0
2015-02-19,18:40:00,29.4,29.4,29.39,29.4,6735,0
2015-02-19,18:45:00,29.4,29.41,29.4,29.405,5100,0
2015-02-19,18:50:00,29.41,29.41,29.38,29.38,6085,0
2015-02-19,18:55:00,29.39,29.4,29.39,29.4,4872,0
2015-02-19,19:00:00,29.39,29.4,29.39,29.3901,2332,0
2015-02-19,19:05:00,29.4,29.4,29.37,29.38,6223,0
2015-02-19,19:10:00,29.37,29.39,29.36,29.385,7300,0
2015-02-19,19:15:00,29.385,29.3899,29.37,29.37,3500,0
2015-02-19,19:20:00,29.375,29.385,29.36,29.38,7065,0
2015-02-19,19:25:00,29.38,29.39,29.36,29.36,7182,0
2015-02-19,19:30:00,29.36,29.37,29.356,29.37,4723,0
2015-02-19,19:35:00,29.38,29.38,29.38,29.38,1902,0
2015-02-19,19:40:00,29.37,29.38,29.37,29.37,1363,0
2015-02-19,19:45:00,29.38,29.38,29.355,29.36,10199,0
2015-02-19,19:50:00,29.365,29.37,29.36,29.3686,3484,0
2015-02-19,19:55:00,29.36,29.38,29.36,29.38,9101,0
2015-02-19,20:00:00,29.375,29.38,29.37,29.375,8385,0
2015-02-19,20:05:00,29.37,29.37,29.35,29.35,14083,0
2015-02-19,20:10:00,29.35,29.35,29.28,29.28,37499,0
2015-02-19,20:15:00,29.28,29.285,29.28,29.285,1100,0
2015-02-19,20:20:00,29.28,29.29,29.28,29.285,2500,0
2015-02-19,20:25:00,29.28,29.29,29.28,29.29,2854,0
2015-02-19,20:30:00,29.29,29.29,29.28,29.28,2367,0
2015-02-19,20:35:00,29.285,29.3,29.285,29.295,7282,0
2015-02-19,20:40:00,29.295,29.3,29.26,29.26,11010,0
2015-02-19,20:45:00,29.27,29.29,29.26,29.285,6943,0
2015-02-19,20:50:00,29.29,29.31,29.29,29.295,10300,0
2015-02-19,20:55:00,29.295,29.305,29.28,29.285,25816,0
2015-02-19,21:00:00,29.29,29.29,29.28,29.29,11933,0
2015-02-19,21:05:00,29.2801,29.3,29.28,29.29,13369,0
2015-02-19,21:10:00,29.285,29.3,29.28,29.29,15133,0
2015-02-19,21:15:00,29.2975,29.3,29.2901,29.3,4000,0
2015-02-19,21:20:00,29.29,29.3,29.29,29.29,8517,0
2015-02-19,21:25:00,29.2988,29.3,29.29,29.295,5562,0
2015-02-19,21:30:00,29.295,29.3,29.26,29.26,28115,0
2015-02-19,21:35:00,29.2675,29.27,29.23,29.254,47992,0
2015-02-19,21:40:00,29.25,29.26,29.24,29.25,39273,0
2015-02-19,21:45:00,29.25,29.25,29.24,29.25,8234,0
2015-02-19,21:50:00,29.25,29.25,29.215,29.225,26585,0
2015-02-19,21:55:00,29.23,29.25,29.165,29.25,65785,0
2015-02-19,22:00:00,29.25,29.25,29.24,29.24,233220,0
2015-02-20,15:35:00,29.4,29.4,29.29,29.29,927253,0
2015-02-20,15:40:00,29.29,29.29,29.05,29.05,4107,0
2015-02-20,15:45:00,29.07,29.17,29.03,29.15,10500,0
2015-02-20,15:50:00,29.13,29.16,29.07,29.12,11914,0
2015-02-20,15:55:00,29.12,29.16,29.09,29.16,10243,0
2015-02-20,16:00:00,29.15,29.16,29.12,29.13,5270,0
2015-02-20,16:05:00,29.13,29.15,29.09,29.15,5953,0
2015-02-20,16:10:00,29.15,29.18,29.12,29.15,10100,0
2015-02-20,16:15:00,29.155,29.23,29.155,29.23,6558,0
2015-02-20,16:20:00,29.2274,29.3077,29.2274,29.3077,9640,0
2015-02-20,16:25:00,29.28,29.28,29.24,29.24,5200,0
2015-02-20,16:30:00,29.24,29.25,29.23,29.23,5300,0
2015-02-20,16:35:00,29.22,29.24,29.2,29.24,7500,0
2015-02-20,16:40:00,29.26,29.305,29.25,29.305,11200,0
2015-02-20,16:45:00,29.3,29.305,29.26,29.27,13049,0
2015-02-20,16:50:00,29.27,29.3,29.25,29.25,10872,0
2015-02-20,16:55:00,29.25,29.27,29.245,29.25,4500,0
2015-02-20,17:00:00,29.25,29.29,29.24,29.24,9835,0
2015-02-20,17:05:00,29.25,29.27,29.24,29.24,4500,0
2015-02-20,17:10:00,29.25,29.26,29.235,29.25,6800,0
2015-02-20,17:15:00,29.25,29.25,29.23,29.24,6023,0
2015-02-20,17:20:00,29.235,29.25,29.23,29.23,5000,0
2015-02-20,17:25:00,29.22,29.23,29.22,29.23,4989,0
2015-02-20,17:30:00,29.23,29.23,29.21,29.22,5100,0
2015-02-20,17:35:00,29.22,29.23,29.22,29.2222,7658,0
2015-02-20,17:40:00,29.23,29.24,29.23,29.23,7900,0
2015-02-20,17:45:00,29.24,29.24,29.23,29.23,1000,0
2015-02-20,17:50:00,29.24,29.24,29.215,29.23,9921,0
2015-02-20,17:55:00,29.23,29.23,29.22,29.23,3906,0
2015-02-20,18:00:00,29.23,29.23,29.22,29.22,3700,0
2015-02-20,18:05:00,29.22,29.23,29.22,29.22,9836,0
2015-02-20,18:10:00,29.22,29.24,29.21,29.2399,6455,0
2015-02-20,18:15:00,29.231,29.235,29.19,29.19,26741,0
2015-02-20,18:20:00,29.19,29.21,29.19,29.19,8981,0
2015-02-20,18:25:00,29.2099,29.2099,29.2,29.2,5195,0
2015-02-20,18:30:00,29.21,29.21,29.18,29.18,7592,0
2015-02-20,18:35:00,29.18,29.18,29.15,29.16,6007,0
2015-02-20,18:40:00,29.16,29.21,29.155,29.195,17086,0
2015-02-20,18:45:00,29.19,29.23,29.17,29.17,17384,0
2015-02-20,18:50:00,29.17,29.22,29.17,29.21,9249,0
2015-02-20,18:55:00,29.22,29.22,29.19,29.19,6403,0
2015-02-20,19:00:00,29.2,29.2,29.18,29.18,15664,0
2015-02-20,19:05:00,29.19,29.19,29.16,29.16,14415,0
2015-02-20,19:10:00,29.16,29.1651,29.15,29.16,7617,0
2015-02-20,19:15:00,29.17,29.2,29.17,29.19,7022,0
2015-02-20,19:20:00,29.19,29.1961,29.19,29.19,3600,0
2015-02-20,19:25:00,29.19,29.21,29.19,29.2,5151,0
2015-02-20,19:30:00,29.2,29.23,29.2,29.22,19716,0
2015-02-20,19:35:00,29.22,29.23,29.22,29.23,3218,0
2015-02-20,19:40:00,29.23,29.23,29.22,29.22,20275,0
2015-02-20,19:45:00,29.23,29.23,29.215,29.23,7080,0
2015-02-20,19:50:00,29.23,29.23,29.22,29.22,3100,0
2015-02-20,19:55:00,29.2272,29.2272,29.21,29.21,5998,0
2015-02-20,20:00:00,29.21,29.23,29.21,29.22,9940,0
2015-02-20,20:05:00,29.225,29.23,29.205,29.205,9952,0
2015-02-20,20:10:00,29.21,29.22,29.17,29.17,12781,0
2015-02-20,20:15:00,29.17,29.18,29.17,29.17,15117,0
2015-02-20,20:20:00,29.17,29.17,29.15,29.16,20626,0
2015-02-20,20:25:00,29.16,29.17,29.16,29.17,6180,0
2015-02-20,20:30:00,29.17,29.19,29.165,29.19,11982,0
2015-02-20,20:35:00,29.18,29.23,29.18,29.225,14605,0
2015-02-20,20:40:00,29.22,29.23,29.19,29.19,16184,0
2015-02-20,20:45:00,29.19,29.2,29.18,29.19,8452,0
2015-02-20,20:50:00,29.1972,29.1972,29.18,29.185,12301,0
2015-02-20,20:55:00,29.19,29.21,29.19,29.19,16130,0
2015-02-20,21:00:00,29.194,29.21,29.19,29.2,18628,0
2015-02-20,21:05:00,29.195,29.23,29.19,29.22,16148,0
2015-02-20,21:10:00,29.22,29.24,29.22,29.23,12860,0
2015-02-20,21:15:00,29.23,29.235,29.23,29.23,7933,0
2015-02-20,21:20:00,29.23,29.23,29.19,29.205,15113,0
2015-02-20,21:25:00,29.205,29.21,29.2,29.205,12092,0
2015-02-20,21:30:00,29.205,29.21,29.195,29.195,19969,0
2015-02-20,21:35:00,29.2,29.2,29.19,29.2,24397,0
2015-02-20,21:40:00,29.21,29.24,29.2,29.235,20130,0
2015-02-20,21:45:00,29.24,29.24,29.22,29.22,20519,0
2015-02-20,21:50:00,29.21,29.22,29.18,29.18,28650,0
2015-02-20,21:55:00,29.19,29.255,29.19,29.225,65638,0
2015-02-20,22:00:00,29.23,29.23,29.2,29.23,190748,0
2015-02-23,15:35:00,29.11,29.27,29.11,29.26,13145,0
2015-02-23,15:40:00,29.25,29.27,29.2,29.22,6486,0
2015-02-23,15:45:00,29.25,29.28,29.22,29.28,8037,0
2015-02-23,15:50:00,29.29,29.37,29.29,29.36,17691,0
2015-02-23,15:55:00,29.36,29.4,29.35,29.395,20932,0
2015-02-23,16:00:00,29.39,29.405,29.34,29.37,13474,0
2015-02-23,16:05:00,29.39,29.39,29.36,29.37,12200,0
2015-02-23,16:10:00,29.372,29.38,29.31,29.31,10880,0
2015-02-23,16:15:00,29.31,29.31,29.28,29.28,5344,0
2015-02-23,16:20:00,29.28,29.3,29.25,29.29,6152,0
2015-02-23,16:25:00,29.3,29.31,29.29,29.31,3388,0
2015-02-23,16:30:00,29.31,29.315,29.26,29.2682,8939,0
2015-02-23,16:35:00,29.26,29.28,29.26,29.27,6896,0
2015-02-23,16:40:00,29.27,29.28,29.23,29.23,12370,0
2015-02-23,16:45:00,29.22,29.32,29.21,29.32,14075,0
2015-02-23,16:50:00,29.3,29.32,29.3,29.3,10503,0
2015-02-23,16:55:00,29.31,29.31,29.29,29.3,8100,0
2015-02-23,17:00:00,29.31,29.31,29.28,29.28,7212,0
2015-02-23,17:05:00,29.28,29.3,29.26,29.26,17600,0
2015-02-23,17:10:00,29.26,29.28,29.26,29.27,8907,0
2015-02-23,17:15:00,29.27,29.27,29.26,29.26,1847,0
2015-02-23,17:20:00,29.27,29.28,29.22,29.22,28006,0
2015-02-23,17:25:00,29.23,29.24,29.22,29.24,4864,0
2015-02-23,17:30:00,29.24,29.25,29.21,29.22,24266,0
2015-02-23,17:35:00,29.22,29.22,29.2,29.22,7228,0
2015-02-23,17:40:00,29.22,29.23,29.21,29.225,10828,0
2015-02-23,17:45:00,29.23,29.23,29.21,29.22,5432,0
2015-02-23,17:50:00,29.23,29.25,29.2299,29.2299,10139,0
2015-02-23,17:55:00,29.225,29.23,29.21,29.23,11996,0
2015-02-23,18:00:00,29.235,29.245,29.22,29.23,7691,0
2015-02-23,18:05:00,29.24,29.25,29.17,29.18,26121,0
2015-02-23,18:10:00,29.18,29.19,29.17,29.17,15211,0
2015-02-23,18:15:00,29.17,29.21,29.17,29.21,5266,0
2015-02-23,18:20:00,29.2,29.2,29.17,29.17,3920,0
2015-02-23,18:25:00,29.17,29.19,29.155,29.18,7000,0
2015-02-23,18:30:00,29.18,29.21,29.18,29.2,5424,0
2015-02-23,18:35:00,29.1925,29.2,29.16,29.17,6470,0
2015-02-23,18:40:00,29.165,29.18,29.16,29.16,7420,0
2015-02-23,18:45:00,29.15,29.16,29.145,29.15,4800,0
2015-02-23,18:50:00,29.15,29.15,29.12,29.14,10605,0
2015-02-23,18:55:00,29.14,29.15,29.14,29.15,5105,0
2015-02-23,19:00:00,29.15,29.16,29.14,29.14,3200,0
2015-02-23,19:05:00,29.15,29.165,29.15,29.16,8802,0
2015-02-23,19:10:00,29.16,29.171,29.16,29.17,4700,0
2015-02-23,19:15:00,29.1761,29.18,29.16,29.18,11626,0
2015-02-23,19:20:00,29.17,29.19,29.17,29.185,4551,0
2015-02-23,19:25:00,29.18,29.19,29.17,29.18,7686,0
2015-02-23,19:30:00,29.17,29.19,29.17,29.18,7384,0
2015-02-23,19:35:00,29.18,29.2,29.17,29.17,9500,0
2015-02-23,19:40:00,29.18,29.2,29.18,29.195,6631,0
2015-02-23,19:45:00,29.19,29.19,29.16,29.16,10077,0
2015-02-23,19:50:00,29.17,29.175,29.16,29.16,8737,0
2015-02-23,19:55:00,29.16,29.18,29.16,29.175,3803,0
2015-02-23,20:00:00,29.18,29.18,29.175,29.18,2200,0
2015-02-23,20:05:00,29.175,29.18,29.17,29.175,3786,0
2015-02-23,20:10:00,29.175,29.19,29.17,29.18,7369,0
2015-02-23,20:15:00,29.185,29.19,29.15,29.15,7984,0
2015-02-23,20:20:00,29.16,29.19,29.155,29.185,6616,0
2015-02-23,20:25:00,29.19,29.19,29.18,29.18,8200,0
2015-02-23,20:30:00,29.18,29.19,29.17,29.18,9186,0
2015-02-23,20:35:00,29.18,29.185,29.165,29.17,8400,0
2015-02-23,20:40:00,29.17,29.18,29.16,29.16,3000,0
2015-02-23,20:45:00,29.16,29.165,29.15,29.159,10893,0
2015-02-23,20:50:00,29.16,29.165,29.16,29.165,4439,0
2015-02-23,20:55:00,29.17,29.17,29.16,29.17,4969,0
2015-02-23,21:00:00,29.17,29.18,29.16,29.17,7652,0
2015-02-23,21:05:00,29.18,29.18,29.14,29.145,4000,0
2015-02-23,21:10:00,29.14,29.16,29.14,29.14,9727,0
2015-02-23,21:15:00,29.14,29.15,29.11,29.14,8962,0
2015-02-23,21:20:00,29.15,29.16,29.13,29.15,12659,0
2015-02-23,21:25:00,29.15,29.16,29.15,29.15,85635,0
2015-02-23,21:30:00,29.16,29.17,29.15,29.17,19808,0
2015-02-23,21:35:00,29.17,29.18,29.1601,29.165,24496,0
2015-02-23,21:40:00,29.165,29.17,29.16,29.17,10587,0
2015-02-23,21:45:00,29.16,29.18,29.16,29.18,15356,0
2015-02-23,21:50:00,29.18,29.2,29.18,29.195,22797,0
2015-02-23,21:55:00,29.2,29.2,29.19,29.195,40105,0
2015-02-23,22:00:00,29.19,29.2,29.16,29.18,343619,0
