Date,Time,Open,High,Low,Close,Volume,OpenInt
2015-02-03,16:50:00,31.06,31.07,30.96,30.99,22508,0
2015-02-03,16:55:00,30.98,31.0,30.96,30.99,14100,0
2015-02-03,17:00:00,31.0,31.13,31.0,31.04,18012,0
2015-02-03,17:05:00,30.98,31.0,30.96,31.0,10332,0
2015-02-03,17:10:00,30.96,31.05,30.95,31.05,17535,0
2015-02-03,17:15:00,31.05,31.05,30.99,31.0,26285,0
2015-02-03,17:20:00,31.0,31.01,30.97,30.98,8797,0
2015-02-03,17:25:00,30.975,30.975,30.9,30.903,8900,0
2015-02-03,17:30:00,30.91,30.93,30.88,30.9,17607,0
2015-02-03,17:35:00,30.94,31.01,30.94,30.99,7100,0
2015-02-03,17:40:00,30.9899,30.99,30.9,30.9,11193,0
2015-02-03,17:45:00,30.9,31.01,30.89,31.0,11459,0
2015-02-03,17:50:00,31.0,31.01,30.92,30.98,6900,0
2015-02-03,17:55:00,30.98,30.99,30.93,30.95,8150,0
2015-02-03,18:00:00,30.95,30.98,30.92,30.96,8300,0
2015-02-03,18:05:00,30.94,30.98,30.91,30.97,16200,0
2015-02-03,18:10:00,30.98,30.98,30.93,30.94,10105,0
2015-02-03,18:15:00,30.97,31.03,30.91,31.02,9144,0
2015-02-03,18:20:00,31.0,31.0,30.92,30.92,4302,0
2015-02-03,18:25:00,30.95,30.96,30.91,30.94,7200,0
2015-02-03,18:30:00,30.93,30.97,30.9,30.94,6000,0
2015-02-03,18:35:00,30.92,30.98,30.92,30.97,4400,0
2015-02-03,18:40:00,30.98,30.99,30.92,30.98,4897,0
2015-02-03,18:45:00,30.97,30.98,30.93,30.94,12700,0
2015-02-03,18:50:00,30.96,31.03,30.94,31.0,20306,0
2015-02-03,18:55:00,31.02,31.03,30.99,31.0,17357,0
2015-02-03,19:00:00,31.01,31.015,30.96,31.0,10058,0
2015-02-03,19:05:00,31.0,31.025,30.985,31.0,5966,0
2015-02-03,19:10:00,31.03,31.03,30.98,30.99,3400,0
2015-02-03,19:15:00,31.0,31.03,30.97,31.0,6700,0
2015-02-03,19:20:00,31.0,31.01,30.99,31.0,10612,0
2015-02-03,19:25:00,31.0,31.01,30.98,30.99,6700,0
2015-02-03,19:30:00,31.0,31.01,30.99,31.0,4100,0
2015-02-03,19:35:00,31.0,31.1,30.98,31.1,27662,0
2015-02-03,19:40:00,31.08,31.08,30.99,31.0,85554,0
2015-02-03,19:45:00,31.0,31.04,30.99,31.03,5200,0
2015-02-03,19:50:00,31.03,31.07,31.03,31.04,3000,0
2015-02-03,19:55:00,31.03,31.04,30.99,31.04,5200,0
2015-02-03,20:00:00,31.04,31.07,31.03,31.05,3900,0
2015-02-03,20:05:00,31.05,31.07,31.02,31.07,4582,0
2015-02-03,20:10:00,31.05,31.06,30.98,31.01,6876,0
2015-02-03,20:15:00,31.02,31.02,30.98,31.0,8100,0
2015-02-03,20:20:00,31.0,31.01,30.98,30.995,7422,0
2015-02-03,20:25:00,30.99,31.01,30.98,30.995,9900,0
2015-02-03,20:30:00,30.98,31.01,30.93,30.93,13916,0
2015-02-03,20:35:00,30.95,30.96,30.89,30.89,11200,0
2015-02-03,20:40:00,30.87,30.89,30.81,30.89,8340,0
2015-02-03,20:45:00,30.9,30.95,30.9,30.95,4272,0
2015-02-03,20:50:00,30.93,30.96,30.89,30.96,5350,0
2015-02-03,20:55:00,30.93,30.99,30.92,30.98,5992,0
2015-02-03,21:00:00,30.98,31.03,30.98,31.02,5000,0
2015-02-03,21:05:00,31.01,31.02,30.97,30.99,6300,0
2015-02-03,21:10:00,31.0,31.0,30.94,30.96,14900,0
2015-02-03,21:15:00,30.96,30.97,30.87,30.94,7008,0
2015-02-03,21:20:00,30.94,30.94,30.83,30.83,5600,0
2015-02-03,21:25:00,30.83,30.84,30.82,30.84,8900,0
2015-02-03,21:30:00,30.84,30.87,30.805,30.82,7081,0
2015-02-03,21:35:00,30.83,30.89,30.83,30.86,10744,0
2015-02-03,21:40:00,30.86,30.95,30.85,30.95,10032,0
2015-02-03,21:45:00,30.96,31.01,30.93,30.963,9132,0
2015-02-03,21:50:00,30.96,31.01,30.95,30.99,11317,0
2015-02-03,21:55:00,31.01,31.08,31.01,31.08,16757,0
2015-02-03,22:00:00,31.07,31.08,31.02,31.08,146827,0
2015-02-04,15:35:00,30.96,31.04,30.804,31.0,3800,0
2015-02-04,15:40:00,31.04,31.424,31.03,31.395,11032,0
2015-02-04,15:45:00,31.39,31.41,31.341,31.36,10093,0
2015-02-04,15:50:00,31.35,31.4,31.275,31.3,5030,0
2015-02-04,15:55:00,31.37,31.58,31.37,31.57,14270,0
2015-02-04,16:00:00,31.56,31.76,31.5,31.75,47149,0
2015-02-04,16:05:00,31.75,31.91,31.63,31.78,52936,0
2015-02-04,16:10:00,31.72,31.86,31.647,31.74,12304,0
2015-02-04,16:15:00,31.67,31.68,31.5,31.55,34709,0
2015-02-04,16:20:00,31.6,31.66,31.6,31.63,29000,0
2015-02-04,16:25:00,31.63,31.65,31.51,31.55,20116,0
2015-02-04,16:30:00,31.6,31.66,31.58,31.66,33718,0
2015-02-04,16:35:00,31.64,31.74,31.62,31.64,13396,0
2015-02-04,16:40:00,31.64,31.9,31.61,31.83,14693,0
2015-02-04,16:45:00,31.85,31.89,31.7,31.815,20095,0
2015-02-04,16:50:00,31.81,31.92,31.77,31.785,11000,0
2015-02-04,16:55:00,31.77,31.83,31.71,31.81,12300,0
2015-02-04,17:00:00,31.82,31.86,31.74,31.82,30533,0
2015-02-04,17:05:00,31.82,31.99,31.79,31.975,22800,0
2015-02-04,17:10:00,31.978,32.05,31.89,32.05,62303,0
2015-02-04,17:15:00,32.04,32.04,31.85,31.99,16755,0
2015-02-04,17:20:00,31.99,31.99,31.85,31.92,7410,0
2015-02-04,17:25:00,31.94,32.05,31.93,32.0,9700,0
2015-02-04,17:30:00,32.0,32.12,31.98,32.06,10771,0
2015-02-04,17:35:00,32.04,32.06,31.97,32.06,9644,0
2015-02-04,17:40:00,32.07,32.07,31.93,31.94,6500,0
2015-02-04,17:45:00,31.93,31.93,31.84,31.885,8171,0
2015-02-04,17:50:00,31.87,31.97,31.86,31.96,12455,0
2015-02-04,17:55:00,31.94,31.96,31.75,31.75,15695,0
2015-02-04,18:00:00,31.755,31.81,31.74,31.81,17600,0
2015-02-04,18:05:00,31.82,31.98,31.82,31.98,9362,0
2015-02-04,18:10:00,31.98,32.13,31.96,32.03,16394,0
2015-02-04,18:15:00,32.01,32.01,31.88,31.96,7200,0
2015-02-04,18:20:00,31.96,31.97,31.9001,31.955,8700,0
2015-02-04,18:25:00,31.95,32.08,31.93,32.05,6100,0
2015-02-04,18:30:00,32.08,32.08,31.9,31.94,9285,0
2015-02-04,18:35:00,31.9,31.99,31.9,31.95,9500,0
2015-02-04,18:40:00,31.955,32.07,31.95,32.07,13500,0
2015-02-04,18:45:00,32.07,32.07,31.984,32.06,11900,0
2015-02-04,18:50:00,32.06,32.07,31.98,32.0,32192,0
2015-02-04,18:55:00,32.0,32.07,32.0,32.03,11796,0
2015-02-04,19:00:00,32.02,32.05,31.93,31.98,79866,0
2015-02-04,19:05:00,31.99,31.996,31.94,31.97,6022,0
2015-02-04,19:10:00,31.97,31.97,31.9,31.95,110187,0
2015-02-04,19:15:00,31.945,31.95,31.91,31.95,9927,0
2015-02-04,19:20:00,31.95,32.12,31.94,32.11,11245,0
2015-02-04,19:25:00,32.13,32.2,32.12,32.136,14778,0
2015-02-04,19:30:00,32.13,32.19,32.1204,32.15,9740,0
2015-02-04,19:35:00,32.15,32.16,32.07,32.12,10760,0
2015-02-04,19:40:00,32.12,32.14,32.09,32.13,7550,0
2015-02-04,19:45:00,32.1,32.15,32.015,32.06,12908,0
2015-02-04,19:50:00,32.09,32.09,31.945,32.01,7063,0
2015-02-04,19:55:00,32.0,32.03,31.99,32.0,3600,0
2015-02-04,20:00:00,32.0,32.06,31.95,32.06,14711,0
2015-02-04,20:05:00,32.06,32.25,32.06,32.23,51552,0
2015-02-04,20:10:00,32.23,32.24,32.18,32.18,5400,0
2015-02-04,20:15:00,32.15,32.16,32.13,32.13,20730,0
2015-02-04,20:20:00,32.14,32.16,32.115,32.12,5000,0
2015-02-04,20:25:00,32.1101,32.17,32.1101,32.16,12200,0
2015-02-04,20:30:00,32.17,32.325,32.17,32.325,13000,0
2015-02-04,20:35:00,32.325,32.3255,32.25,32.25,14271,0
2015-02-04,20:40:00,32.25,32.255,32.19,32.19,4708,0
2015-02-04,20:45:00,32.18,32.19,32.07,32.1,13866,0
2015-02-04,20:50:00,32.1,32.12,32.06,32.12,14400,0
2015-02-04,20:55:00,32.11,32.26,32.1,32.24,32725,0
2015-02-04,21:00:00,32.25,32.34,32.23,32.325,66744,0
2015-02-04,21:05:00,32.32,32.5,32.3,32.4399,122967,0
2015-02-04,21:10:00,32.43,32.465,32.3903,32.44,21862,0
2015-02-04,21:15:00,32.46,32.5039,32.42,32.49,34285,0
2015-02-04,21:20:00,32.495,32.495,32.44,32.47,19550,0
2015-02-04,21:25:00,32.47,32.65,32.47,32.59,40694,0
2015-02-04,21:30:00,32.62,32.62,32.57,32.6,20573,0
2015-02-04,21:35:00,32.63,32.65,32.51,32.54,48969,0
2015-02-04,21:40:00,32.54,32.58,32.44,32.44,19807,0
2015-02-04,21:45:00,32.44,32.46,32.24,32.31,56556,0
2015-02-04,21:50:00,32.32,32.32,32.03,32.07,59131,0
2015-02-04,21:55:00,32.08,32.15,32.04,32.1165,47633,0
2015-02-04,22:00:00,32.1,32.109,31.93,31.94,152265,0
2015-02-05,15:35:00,32.3,32.31,31.915,31.95,14352,0
2015-02-05,15:40:00,31.94,32.11,31.91,32.09,9310,0
2015-02-05,15:45:00,32.07,32.185,32.045,32.1,8400,0
2015-02-05,15:50:00,32.08,32.27,32.0,32.25,13856,0
2015-02-05,15:55:00,32.23,32.24,32.14,32.17,5615,0
2015-02-05,16:00:00,32.19,32.27,32.13,32.14,11720,0
2015-02-05,16:05:00,32.14,32.295,32.14,32.21,11796,0
2015-02-05,16:10:00,32.18,32.345,32.18,32.26,10600,0
2015-02-05,16:15:00,32.285,32.285,32.18,32.21,10100,0
2015-02-05,16:20:00,32.23,32.27,32.17,32.2599,14243,0
2015-02-05,16:25:00,32.23,32.26,32.14,32.26,11586,0
2015-02-05,16:30:00,32.26,32.28,32.21,32.23,7500,0
2015-02-05,16:35:00,32.21,32.21,32.09,32.12,8350,0
2015-02-05,16:40:00,32.09,32.11,32.04,32.09,19863,0
2015-02-05,16:45:00,32.1,32.12,32.03,32.03,10000,0
2015-02-05,16:50:00,32.03,32.169,31.98,32.169,12985,0
2015-02-05,16:55:00,32.17,32.18,32.1,32.1,7532,0
2015-02-05,17:00:00,32.11,32.11,31.95,31.95,7200,0
2015-02-05,17:05:00,31.95,32.0,31.89,31.9546,18425,0
2015-02-05,17:10:00,31.95,31.95,31.87,31.9,10329,0
2015-02-05,17:15:00,31.87,31.934,31.87,31.9,8059,0
2015-02-05,17:20:00,31.88,31.89,31.76,31.81,34500,0
2015-02-05,17:25:00,31.83,31.88,31.72,31.8201,12182,0
2015-02-05,17:30:00,31.82,31.82,31.67,31.68,8500,0
2015-02-05,17:35:00,31.68,31.72,31.41,31.48,54548,0
2015-02-05,17:40:00,31.495,31.57,31.48,31.57,5600,0
2015-02-05,17:45:00,31.56,31.56,31.38,31.45,14961,0
2015-02-05,17:50:00,31.47,31.55,31.47,31.515,5667,0
2015-02-05,17:55:00,31.52,31.59,31.49,31.58,8190,0
2015-02-05,18:00:00,31.58,31.62,31.58,31.62,1800,0
2015-02-05,18:05:00,31.62,31.62,31.495,31.54,8875,0
2015-02-05,18:10:00,31.52,31.52,31.4878,31.4878,3000,0
2015-02-05,18:15:00,31.49,31.5,31.42,31.42,9722,0
2015-02-05,18:20:00,31.4,31.47,31.39,31.4,8916,0
2015-02-05,18:25:00,31.4,31.438,31.4,31.42,4694,0
2015-02-05,18:30:00,31.41,31.41,31.35,31.36,5788,0
2015-02-05,18:35:00,31.39,31.4,31.34,31.37,3917,0
2015-02-05,18:40:00,31.4,31.4,31.27,31.288,7960,0
2015-02-05,18:45:00,31.28,31.34,31.27,31.34,3525,0
2015-02-05,18:50:00,31.35,31.35,31.21,31.21,4900,0
2015-02-05,18:55:00,31.23,31.2401,31.18,31.19,4368,0
2015-02-05,19:00:00,31.2,31.26,31.2,31.26,3800,0
2015-02-05,19:05:00,31.26,31.26,31.16,31.23,11125,0
2015-02-05,19:10:00,31.2396,31.34,31.21,31.34,8100,0
2015-02-05,19:15:00,31.32,31.33,31.18,31.18,6962,0
2015-02-05,19:20:00,31.18,31.3,31.18,31.26,12821,0
2015-02-05,19:25:00,31.27,31.315,31.2,31.22,11806,0
2015-02-05,19:30:00,31.22,31.27,31.22,31.27,4700,0
2015-02-05,19:35:00,31.27,31.27,31.21,31.23,6797,0
2015-02-05,19:40:00,31.26,31.35,31.23,31.34,12470,0
2015-02-05,19:45:00,31.33,31.35,31.33,31.35,1800,0
2015-02-05,19:50:00,31.345,31.39,31.33,31.39,5200,0
2015-02-05,19:55:00,31.4,31.51,31.4,31.5,3400,0
2015-02-05,20:00:00,31.51,31.51,31.47,31.47,5100,0
2015-02-05,20:05:00,31.47,31.49,31.44,31.46,5564,0
2015-02-05,20:10:00,31.48,31.57,31.48,31.55,6600,0
2015-02-05,20:15:00,31.55,31.64,31.55,31.59,5576,0
2015-02-05,20:20:00,31.59,31.59,31.55,31.59,5400,0
2015-02-05,20:25:00,31.59,31.6,31.53,31.53,3700,0
2015-02-05,20:30:00,31.52,31.52,31.37,31.38,8000,0
2015-02-05,20:35:00,31.4,31.45,31.39,31.45,4600,0
2015-02-05,20:40:00,31.49,31.49,31.445,31.46,3700,0
2015-02-05,20:45:00,31.46,31.46,31.41,31.41,5000,0
2015-02-05,20:50:00,31.4352,31.45,31.4,31.45,6680,0
2015-02-05,20:55:00,31.44,31.45,31.42,31.45,5904,0
2015-02-05,21:00:00,31.457,31.4768,31.43,31.47,4720,0
2015-02-05,21:05:00,31.45,31.455,31.41,31.41,2900,0
2015-02-05,21:10:00,31.41,31.44,31.39,31.42,5200,0
2015-02-05,21:15:00,31.42,31.43,31.415,31.43,2380,0
2015-02-05,21:20:00,31.42,31.43,31.41,31.42,3600,0
2015-02-05,21:25:00,31.42,31.42,31.4,31.405,4850,0
2015-02-05,21:30:00,31.4,31.45,31.4,31.45,8400,0
2015-02-05,21:35:00,31.46,31.46,31.43,31.45,9481,0
2015-02-05,21:40:00,31.45,31.46,31.42,31.45,7111,0
2015-02-05,21:45:00,31.46,31.5,31.45,31.5,9598,0
2015-02-05,21:50:00,31.5,31.52,31.42,31.42,18247,0
2015-02-05,21:55:00,31.43,31.58,31.43,31.56,29076,0
2015-02-05,22:00:00,31.56,31.6,31.46,31.55,61734,0
2015-02-06,15:35:00,31.27,31.3,31.0,31.27,19311,0
2015-02-06,15:40:00,31.2776,31.66,31.23,31.48,11075,0
2015-02-06,15:45:00,31.52,31.6,31.46,31.5299,6350,0
2015-02-06,15:50:00,31.49,31.49,31.25,31.25,5800,0
2015-02-06,15:55:00,31.29,31.3399,31.25,31.31,3299,0
2015-02-06,16:00:00,31.31,31.39,31.31,31.39,5700,0
2015-02-06,16:05:00,31.4,31.41,31.35,31.36,7324,0
2015-02-06,16:10:00,31.3658,31.38,31.36,31.38,2600,0
2015-02-06,16:15:00,31.41,31.52,31.41,31.46,5400,0
2015-02-06,16:20:00,31.41,31.41,31.3,31.33,3100,0
2015-02-06,16:25:00,31.33,31.4617,31.33,31.4617,3100,0
2015-02-06,16:30:00,31.48,31.52,31.46,31.46,5000,0
2015-02-06,16:35:00,31.45,31.495,31.42,31.49,5000,0
2015-02-06,16:40:00,31.4295,31.44,31.32,31.43,5008,0
2015-02-06,16:45:00,31.37,31.47,31.37,31.46,3500,0
2015-02-06,16:50:00,31.48,31.56,31.43,31.44,15052,0
2015-02-06,16:55:00,31.43,31.49,31.41,31.44,21819,0
2015-02-06,17:00:00,31.46,31.46,31.27,31.27,8450,0
2015-02-06,17:05:00,31.29,31.33,31.29,31.32,3950,0
2015-02-06,17:10:00,31.32,31.36,31.29,31.35,7550,0
2015-02-06,17:15:00,31.35,31.42,31.35,31.41,4400,0
2015-02-06,17:20:00,31.415,31.45,31.415,31.44,5400,0
2015-02-06,17:25:00,31.42,31.43,31.38,31.38,2825,0
2015-02-06,17:30:00,31.42,31.46,31.42,31.46,5100,0
2015-02-06,17:35:00,31.46,31.46,31.4,31.4,7970,0
2015-02-06,17:40:00,31.38,31.4,31.38,31.4,2800,0
2015-02-06,17:45:00,31.4,31.41,31.4,31.4,1500,0
2015-02-06,17:50:00,31.42,31.43,31.395,31.395,3600,0
2015-02-06,17:55:00,31.39,31.4,31.3,31.315,4790,0
2015-02-06,18:00:00,31.31,31.34,31.31,31.34,2800,0
2015-02-06,18:05:00,31.33,31.33,31.24,31.25,5362,0
2015-02-06,18:10:00,31.24,31.25,31.21,31.22,4100,0
2015-02-06,18:15:00,31.22,31.225,31.13,31.165,11850,0
2015-02-06,18:20:00,31.18,31.18,31.16,31.18,4000,0
2015-02-06,18:25:00,31.18,31.255,31.18,31.25,6300,0
2015-02-06,18:30:00,31.24,31.255,31.24,31.25,4000,0
2015-02-06,18:35:00,31.24,31.26,31.24,31.24,4300,0
2015-02-06,18:40:00,31.23,31.24,31.2,31.225,7360,0
2015-02-06,18:45:00,31.23,31.23,31.14,31.14,3400,0
2015-02-06,18:50:00,31.16,31.18,31.15,31.15,6578,0
2015-02-06,18:55:00,31.16,31.16,31.11,31.13,2100,0
2015-02-06,19:00:00,31.12,31.185,31.12,31.17,5800,0
2015-02-06,19:05:00,31.16,31.19,31.14,31.1899,4800,0
2015-02-06,19:10:00,31.18,31.185,31.17,31.175,2800,0
2015-02-06,19:15:00,31.175,31.175,31.09,31.09,11200,0
2015-02-06,19:20:00,31.12,31.14,31.11,31.11,4500,0
2015-02-06,19:25:00,31.11,31.12,31.1,31.11,5000,0
2015-02-06,19:30:00,31.105,31.12,31.095,31.12,3700,0
2015-02-06,19:35:00,31.1,31.115,31.08,31.08,4700,0
2015-02-06,19:40:00,31.07,31.08,31.01,31.03,5500,0
2015-02-06,19:45:00,31.03,31.05,31.01,31.03,4800,0
2015-02-06,19:50:00,31.02,31.05,31.02,31.03,4500,0
2015-02-06,19:55:00,31.04,31.13,31.035,31.13,9416,0
2015-02-06,20:00:00,31.13,31.19,31.13,31.16,3750,0
2015-02-06,20:05:00,31.16,31.16,31.11,31.15,6405,0
2015-02-06,20:10:00,31.17,31.2,31.16,31.16,6147,0
2015-02-06,20:15:00,31.15,31.27,31.15,31.27,5760,0
2015-02-06,20:20:00,31.25,31.31,31.25,31.3,4868,0
2015-02-06,20:25:00,31.28,31.28,31.2,31.2,3900,0
2015-02-06,20:30:00,31.21,31.28,31.21,31.26,5384,0
2015-02-06,20:35:00,31.25,31.43,31.2435,31.42,47395,0
2015-02-06,20:40:00,31.44,31.46,31.42,31.45,4800,0
2015-02-06,20:45:00,31.44,31.47,31.43,31.45,6500,0
2015-02-06,20:50:00,31.45,31.48,31.42,31.45,5035,0
2015-02-06,20:55:00,31.47,31.49,31.42,31.48,7300,0
2015-02-06,21:00:00,31.48,31.57,31.48,31.56,9225,0
2015-02-06,21:05:00,31.57,31.58,31.425,31.45,10203,0
2015-02-06,21:10:00,31.44,31.44,31.35,31.35,2400,0
2015-02-06,21:15:00,31.34,31.3425,31.29,31.3,8650,0
2015-02-06,21:20:00,31.3,31.38,31.3,31.36,13080,0
2015-02-06,21:25:00,31.36,31.46,31.34,31.46,9100,0
2015-02-06,21:30:00,31.46,31.47,31.42,31.47,13114,0
2015-02-06,21:35:00,31.455,31.49,31.44,31.472,9000,0
2015-02-06,21:40:00,31.49,31.5,31.46,31.47,8900,0
2015-02-06,21:45:00,31.46,31.465,31.39,31.41,9510,0
2015-02-06,21:50:00,31.39,31.4,31.28,31.29,12440,0
2015-02-06,21:55:00,31.29,31.45,31.29,31.45,19564,0
2015-02-06,22:00:00,31.43,31.52,31.41,31.52,44300,0
2015-02-09,15:35:00,31.45,31.46,31.22,31.45,13659,0
2015-02-09,15:40:00,31.47,31.5,31.23,31.46,13240,0
2015-02-09,15:45:00,31.49,31.5,31.31,31.31,17248,0
2015-02-09,15:50:00,31.3,31.5,31.3,31.35,5200,0
2015-02-09,15:55:00,31.35,31.5,31.33,31.4,11600,0
2015-02-09,16:00:00,31.42,31.5,31.42,31.49,11647,0
2015-02-09,16:05:00,31.5,31.5,31.33,31.34,27579,0
2015-02-09,16:10:00,31.39,31.39,31.28,31.29,49720,0
2015-02-09,16:15:00,31.295,31.43,31.29,31.42,14050,0
2015-02-09,16:20:00,31.41,31.46,31.39,31.45,45268,0
2015-02-09,16:25:00,31.45,31.49,31.41,31.47,40407,0
2015-02-09,16:30:00,31.48,31.5,31.4201,31.47,20176,0
2015-02-09,16:35:00,31.48,31.48,31.4,31.45,30643,0
2015-02-09,16:40:00,31.43,31.46,31.41,31.43,14600,0
2015-02-09,16:45:00,31.43,31.44,31.37,31.37,13400,0
2015-02-09,16:50:00,31.33,31.4,31.1901,31.4,19746,0
2015-02-09,16:55:00,31.43,31.45,31.37,31.4,10692,0
2015-02-09,17:00:00,31.395,31.42,31.3401,31.41,11897,0
2015-02-09,17:05:00,31.41,31.41,31.2101,31.235,6818,0
2015-02-09,17:10:00,31.23,31.27,31.2,31.27,5200,0
2015-02-09,17:15:00,31.29,31.29,31.16,31.17,6100,0
2015-02-09,17:20:00,31.15,31.18,31.11,31.11,11375,0
2015-02-09,17:25:00,31.1,31.1,30.97,30.99,23675,0
2015-02-09,17:30:00,30.99,31.07,30.99,31.0601,10500,0
2015-02-09,17:35:00,31.09,31.09,30.95,30.95,4700,0
2015-02-09,17:40:00,30.955,30.99,30.86,30.86,94381,0
2015-02-09,17:45:00,30.85,30.93,30.8,30.93,31563,0
2015-02-09,17:50:00,30.95,30.98,30.92,30.98,6500,0
2015-02-09,17:55:00,30.97,31.1,30.97,31.08,19000,0
2015-02-09,18:00:00,31.06,31.06,30.98,31.0,9598,0
2015-02-09,18:05:00,31.008,31.09,30.99,31.08,9895,0
2015-02-09,18:10:00,31.08,31.09,31.06,31.09,4400,0
2015-02-09,18:15:00,31.07,31.07,30.91,30.91,26196,0
2015-02-09,18:20:00,30.91,30.925,30.72,30.75,21022,0
2015-02-09,18:25:00,30.74,30.76,30.64,30.67,13550,0
2015-02-09,18:30:00,30.68,30.97,30.68,30.97,8561,0
2015-02-09,18:35:00,30.98,31.02,30.96,30.985,6450,0
2015-02-09,18:40:00,30.985,30.985,30.92,30.93,6665,0
2015-02-09,18:45:00,30.95,31.01,30.93,31.01,14152,0
2015-02-09,18:50:00,31.03,31.11,31.025,31.07,6300,0
2015-02-09,18:55:00,31.07,31.09,31.05,31.0899,4800,0
2015-02-09,19:00:00,31.075,31.075,30.95,31.03,38059,0
2015-02-09,19:05:00,31.04,31.04,30.9701,31.0,7690,0
2015-02-09,19:10:00,31.0,31.04,31.0,31.04,3935,0
2015-02-09,19:15:00,31.0205,31.03,30.98,31.01,11100,0
2015-02-09,19:20:00,31.05,31.09,31.0,31.0,16300,0
2015-02-09,19:25:00,30.98,30.98,30.73,30.73,11635,0
2015-02-09,19:30:00,30.74,30.83,30.74,30.74,9300,0
2015-02-09,19:35:00,30.73,30.76,30.69,30.76,35200,0
2015-02-09,19:40:00,30.77,30.88,30.77,30.82,3700,0
2015-02-09,19:45:00,30.8,30.82,30.73,30.75,3700,0
2015-02-09,19:50:00,30.745,30.86,30.74,30.82,6500,0
2015-02-09,19:55:00,30.83,30.91,30.83,30.91,3600,0
2015-02-09,20:00:00,30.95,30.99,30.9,30.97,35800,0
2015-02-09,20:05:00,31.0,31.01,30.96,31.0,17909,0
2015-02-09,20:10:00,31.0023,31.0199,30.99,31.0,10153,0
2015-02-09,20:15:00,31.02,31.04,31.0,31.035,5334,0
2015-02-09,20:20:00,31.05,31.1,30.97,30.99,15200,0
2015-02-09,20:25:00,30.97,30.98,30.82,30.82,13550,0
2015-02-09,20:30:00,30.79,30.81,30.63,30.64,16138,0
2015-02-09,20:35:00,30.63,30.63,30.57,30.61,14457,0
2015-02-09,20:40:00,30.6,30.84,30.57,30.84,8131,0
2015-02-09,20:45:00,30.84,30.84,30.56,30.64,17808,0
2015-02-09,20:50:00,30.65,30.66,30.53,30.587,7838,0
2015-02-09,20:55:00,30.62,30.66,30.58,30.58,4700,0
2015-02-09,21:00:00,30.57,30.68,30.57,30.65,9475,0
2015-02-09,21:05:00,30.66,30.66,30.56,30.582,10000,0
2015-02-09,21:10:00,30.58,30.73,30.57,30.67,7695,0
2015-02-09,21:15:00,30.68,30.865,30.68,30.85,19352,0
2015-02-09,21:20:00,30.84,30.85,30.75,30.757,16228,0
2015-02-09,21:25:00,30.7475,30.91,30.7475,30.88,13008,0
2015-02-09,21:30:00,30.88,30.885,30.79,30.86,18242,0
2015-02-09,21:35:00,30.86,30.94,30.86,30.94,17625,0
2015-02-09,21:40:00,30.93,30.93,30.88,30.9,16626,0
2015-02-09,21:45:00,30.89,30.96,30.88,30.93,18724,0
2015-02-09,21:50:00,30.94,30.95,30.86,30.92,25700,0
2015-02-09,21:55:00,30.9,30.93,30.88,30.91,28142,0
2015-02-09,22:00:00,30.89,30.93,30.74,30.74,66446,0
2015-02-10,15:35:00,30.94,30.94,30.75,30.76,11105,0
2015-02-10,15:40:00,30.74,30.75,30.7,30.75,6100,0
2015-02-10,15:45:00,30.75,30.8,30.72,30.73,8350,0
2015-02-10,15:50:00,30.745,30.75,30.65,30.69,19210,0
2015-02-10,15:55:00,30.685,30.84,30.685,30.81,11800,0
2015-02-10,16:00:00,30.7871,30.79,30.75,30.75,3679,0
2015-02-10,16:05:00,30.78,30.84,30.76,30.78,23851,0
2015-02-10,16:10:00,30.77,30.79,30.74,30.79,8600,0
2015-02-10,16:15:00,30.79,30.85,30.77,30.83,46405,0
2015-02-10,16:20:00,30.82,30.89,30.81,30.83,10300,0
2015-02-10,16:25:00,30.81,30.82,30.77,30.77,4400,0
2015-02-10,16:30:00,30.76,30.76,30.64,30.645,11600,0
2015-02-10,16:35:00,30.651,30.83,30.638,30.8,6650,0
2015-02-10,16:40:00,30.795,30.795,30.7,30.72,5665,0
2015-02-10,16:45:00,30.715,30.8,30.68,30.78,8625,0
2015-02-10,16:50:00,30.78,30.785,30.67,30.67,10200,0
2015-02-10,16:55:00,30.69,30.74,30.69,30.74,6300,0
2015-02-10,17:00:00,30.74,30.89,30.73,30.89,23000,0
2015-02-10,17:05:00,30.89,30.89,30.8,30.8199,5044,0
2015-02-10,17:10:00,30.82,30.85,30.82,30.85,5600,0
2015-02-10,17:15:00,30.84,30.88,30.84,30.87,4290,0
2015-02-10,17:20:00,30.88,30.96,30.88,30.95,9500,0
2015-02-10,17:25:00,30.96,30.98,30.88,30.92,9700,0
2015-02-10,17:30:00,30.97,30.98,30.94,30.94,5100,0
2015-02-10,17:35:00,30.95,30.97,30.91,30.95,6700,0
2015-02-10,17:40:00,30.96,30.97,30.9,30.9,3000,0
2015-02-10,17:45:00,30.93,30.93,30.89,30.89,4550,0
2015-02-10,17:50:00,30.88,30.89,30.84,30.86,5700,0
2015-02-10,17:55:00,30.85,30.86,30.83,30.85,3800,0
2015-02-10,18:00:00,30.86,30.92,30.85,30.92,3900,0
2015-02-10,18:05:00,30.91,30.917,30.8,30.83,5800,0
2015-02-10,18:10:00,30.84,30.93,30.84,30.93,7579,0
2015-02-10,18:15:00,30.94,31.0,30.94,31.0,6264,0
2015-02-10,18:20:00,31.01,31.08,31.0,31.075,7664,0
2015-02-10,18:25:00,31.075,31.075,31.02,31.02,10200,0
2015-02-10,18:30:00,31.03,31.03,30.93,30.94,10700,0
2015-02-10,18:35:00,30.94,30.95,30.9,30.95,7500,0
2015-02-10,18:40:00,30.95,30.95,30.92,30.94,8100,0
2015-02-10,18:45:00,30.94,30.94,30.91,30.93,4600,0
2015-02-10,18:50:00,30.93,30.93,30.845,30.845,20500,0
2015-02-10,18:55:00,30.84,30.89,30.83,30.875,14239,0
2015-02-10,19:00:00,30.87,30.9,30.87,30.9,5097,0
2015-02-10,19:05:00,30.9,30.92,30.88,30.92,5500,0
2015-02-10,19:10:00,30.91,30.98,30.91,30.98,5400,0
2015-02-10,19:15:00,30.98,30.99,30.96,30.99,3807,0
2015-02-10,19:20:00,30.96,30.99,30.95,30.95,6000,0
2015-02-10,19:25:00,30.965,30.965,30.91,30.93,5100,0
2015-02-10,19:30:00,30.93,31.08,30.91,31.08,30706,0
2015-02-10,19:35:00,31.08,31.09,31.055,31.09,14400,0
2015-02-10,19:40:00,31.07,31.07,30.95,30.96,11248,0
2015-02-10,19:45:00,30.96,30.96,30.89,30.9,10320,0
2015-02-10,19:50:00,30.9,30.93,30.89,30.915,11200,0
2015-02-10,19:55:00,30.92,30.96,30.9,30.96,7497,0
2015-02-10,20:00:00,30.97,31.07,30.97,31.01,6800,0
2015-02-10,20:05:00,31.03,31.11,31.02,31.07,4100,0
2015-02-10,20:10:00,31.09,31.0914,31.01,31.01,5500,0
2015-02-10,20:15:00,31.01,31.02,30.9499,30.9499,13338,0
2015-02-10,20:20:00,30.945,30.95,30.9,30.915,9300,0
2015-02-10,20:25:00,30.92,30.92,30.86,30.88,12941,0
2015-02-10,20:30:00,30.88,30.96,30.875,30.96,29634,0
2015-02-10,20:35:00,30.96,31.08,30.96,31.07,7620,0
2015-02-10,20:40:00,31.06,31.06,30.99,31.05,16988,0
2015-02-10,20:45:00,31.03,31.06,31.02,31.03,20700,0
2015-02-10,20:50:00,31.03,31.18,31.02,31.18,12562,0
2015-02-10,20:55:00,31.19,31.35,31.19,31.33,15200,0
2015-02-10,21:00:00,31.35,31.43,31.28,31.43,21945,0
2015-02-10,21:05:00,31.39,31.43,31.32,31.32,15682,0
2015-02-10,21:10:00,31.325,31.325,31.25,31.28,13329,0
2015-02-10,21:15:00,31.279,31.3,31.2,31.225,17140,0
2015-02-10,21:20:00,31.225,31.225,31.06,31.09,11600,0
2015-02-10,21:25:00,31.09,31.09,31.04,31.06,12414,0
2015-02-10,21:30:00,31.07,31.07,31.01,31.04,18627,0
2015-02-10,21:35:00,31.04,31.16,31.02,31.06,24300,0
2015-02-10,21:40:00,31.07,31.2,31.06,31.14,52699,0
2015-02-10,21:45:00,31.16,31.35,31.14,31.34,31988,0
2015-02-10,21:50:00,31.34,31.37,31.17,31.18,42157,0
2015-02-10,21:55:00,31.16,31.17,31.09,31.13,154987,0
2015-02-10,22:00:00,31.135,31.14,31.06,31.09,271638,0
2015-02-11,15:35:00,30.99,31.17,30.87,30.98,15597,0
2015-02-11,15:40:00,30.97,31.07,30.97,31.05,5800,0
2015-02-11,15:45:00,31.045,31.045,30.9,31.02,15632,0
2015-02-11,15:50:00,30.98,30.9999,30.81,30.85,21005,0
2015-02-11,15:55:00,30.86,30.94,30.83,30.92,110338,0
2015-02-11,16:00:00,30.93,31.11,30.92,31.105,25063,0
2015-02-11,16:05:00,31.09,31.09,30.93,30.97,24064,0
2015-02-11,16:10:00,30.97,31.04,30.97,31.03,33368,0
2015-02-11,16:15:00,31.04,31.12,31.005,31.045,27300,0
2015-02-11,16:20:00,31.04,31.06,31.01,31.05,18769,0
2015-02-11,16:25:00,31.05,31.1,30.975,30.98,14086,0
2015-02-11,16:30:00,30.96,31.04,30.88,31.02,39033,0
2015-02-11,16:35:00,31.01,31.07,30.96,31.03,21926,0
2015-02-11,16:40:00,31.02,31.025,30.79,30.85,78075,0
2015-02-11,16:45:00,30.84,30.905,30.79,30.79,62062,0
2015-02-11,16:50:00,30.8,30.845,30.8,30.84,7400,0
2015-02-11,16:55:00,30.8375,30.99,30.83,30.92,37205,0
2015-02-11,17:00:00,30.94,30.98,30.94,30.97,10744,0
2015-02-11,17:05:00,30.965,30.98,30.9,30.94,22252,0
2015-02-11,17:10:00,30.93,30.955,30.89,30.89,9972,0
2015-02-11,17:15:00,30.8999,30.91,30.85,30.87,8890,0
2015-02-11,17:20:00,30.86,30.865,30.76,30.77,13100,0
2015-02-11,17:25:00,30.77,30.84,30.69,30.84,20306,0
2015-02-11,17:30:00,30.86,30.895,30.85,30.88,32918,0
2015-02-11,17:35:00,30.85,30.85,30.76,30.78,11800,0
2015-02-11,17:40:00,30.8,30.8,30.69,30.69,19052,0
2015-02-11,17:45:00,30.69,30.7,30.58,30.63,26536,0
2015-02-11,17:50:00,30.64,30.66,30.6,30.6,9954,0
2015-02-11,17:55:00,30.61,30.63,30.5,30.55,19121,0
2015-02-11,18:00:00,30.55,30.62,30.52,30.62,9100,0
2015-02-11,18:05:00,30.63,30.73,30.63,30.73,15684,0
2015-02-11,18:10:00,30.73,30.74,30.66,30.69,11801,0
2015-02-11,18:15:00,30.69,30.69,30.63,30.66,12890,0
2015-02-11,18:20:00,30.66,30.66,30.63,30.64,7400,0
2015-02-11,18:25:00,30.65,30.66,30.63,30.64,13156,0
2015-02-11,18:30:00,30.65,30.65,30.54,30.57,16811,0
2015-02-11,18:35:00,30.58,30.62,30.58,30.62,9764,0
2015-02-11,18:40:00,30.63,30.65,30.58,30.58,18109,0
2015-02-11,18:45:00,30.5976,30.6,30.53,30.57,15721,0
2015-02-11,18:50:00,30.56,30.62,30.52,30.62,35695,0
2015-02-11,18:55:00,30.62,30.73,30.62,30.73,14307,0
2015-02-11,19:00:00,30.72,30.77,30.69,30.73,15948,0
2015-02-11,19:05:00,30.725,30.77,30.67,30.7,21780,0
2015-02-11,19:10:00,30.71,30.77,30.71,30.76,8900,0
2015-02-11,19:15:00,30.75,30.78,30.66,30.705,10934,0
2015-02-11,19:20:00,30.705,30.705,30.65,30.685,12244,0
2015-02-11,19:25:00,30.67,30.68,30.63,30.68,9700,0
2015-02-11,19:30:00,30.68,30.69,30.6554,30.66,12160,0
2015-02-11,19:35:00,30.66,30.68,30.625,30.675,10950,0
2015-02-11,19:40:00,30.665,30.665,30.63,30.63,9500,0
2015-02-11,19:45:00,30.63,30.67,30.62,30.64,15501,0
2015-02-11,19:50:00,30.64,30.645,30.62,30.635,7800,0
2015-02-11,19:55:00,30.635,30.65,30.605,30.605,13162,0
2015-02-11,20:00:00,30.605,30.68,30.59,30.64,14800,0
2015-02-11,20:05:00,30.65,30.655,30.62,30.63,13676,0
2015-02-11,20:10:00,30.635,30.65,30.61,30.64,15772,0
2015-02-11,20:15:00,30.63,30.65,30.59,30.59,14935,0
2015-02-11,20:20:00,30.59,30.59,30.55,30.59,12298,0
2015-02-11,20:25:00,30.585,30.64,30.575,30.64,9400,0
2015-02-11,20:30:00,30.66,30.735,30.63,30.735,30691,0
2015-02-11,20:35:00,30.735,30.81,30.72,30.79,17098,0
2015-02-11,20:40:00,30.78,30.87,30.78,30.87,48211,0
2015-02-11,20:45:00,30.87,31.15,30.87,31.13,58694,0
2015-02-11,20:50:00,31.13,31.21,31.11,31.155,39525,0
2015-02-11,20:55:00,31.155,31.31,31.155,31.31,47365,0
2015-02-11,21:00:00,31.29,31.295,31.15,31.215,36045,0
2015-02-11,21:05:00,31.21,31.53,31.21,31.53,249224,0
2015-02-11,21:10:00,31.52,31.87,31.51,31.81,133053,0
2015-02-11,21:15:00,31.81,31.81,31.52,31.54,106990,0
2015-02-11,21:20:00,31.56,31.61,31.47,31.484,109360,0
2015-02-11,21:25:00,31.48,31.71,31.47,31.71,78038,0
2015-02-11,21:30:00,31.71,31.95,31.71,31.86,95080,0
2015-02-11,21:35:00,31.86,31.86,31.74,31.75,95760,0
2015-02-11,21:40:00,31.745,31.93,31.74,31.92,52485,0
2015-02-11,21:45:00,31.93,31.97,31.82,31.8355,96422,0
2015-02-11,21:50:00,31.83,31.9,31.74,31.89,104095,0
2015-02-11,21:55:00,31.89,31.94,31.79,31.87,150870,0
2015-02-11,22:00:00,31.865,32.11,31.85,31.96,958162,0
2015-02-12,15:35:00,32.29,32.95,31.85,32.0001,173095,0
2015-02-12,15:40:00,32.0,32.05,31.28,31.9,164036,0
2015-02-12,15:45:00,31.91,32.12,31.88,31.92,146111,0
2015-02-12,15:50:00,31.875,31.98,31.59,31.92,83999,0
2015-02-12,15:55:00,31.92,32.0,31.76,31.91,39768,0
2015-02-12,16:00:00,31.91,31.97,31.4,31.4,109542,0
2015-02-12,16:05:00,31.44,31.515,31.32,31.41,54071,0
2015-02-12,16:10:00,31.41,31.5,30.88,31.14,115039,0
2015-02-12,16:15:00,31.115,31.15,30.85,31.1499,96131,0
2015-02-12,16:20:00,31.08,31.08,31.0,31.03,27881,0
2015-02-12,16:25:00,31.01,31.24,31.01,31.1885,32921,0
2015-02-12,16:30:00,31.19,31.31,31.16,31.24,52970,0
2015-02-12,16:35:00,31.27,31.27,31.04,31.04,47704,0
2015-02-12,16:40:00,31.03,31.07,30.78,30.89,71153,0
2015-02-12,16:45:00,30.92,31.17,30.9001,31.17,37952,0
2015-02-12,16:50:00,31.12,31.2,31.09,31.2,18000,0
2015-02-12,16:55:00,31.2,31.22,31.13,31.16,26861,0
2015-02-12,17:00:00,31.15,31.24,31.13,31.21,23255,0
2015-02-12,17:05:00,31.19,31.23,31.06,31.08,21189,0
2015-02-12,17:10:00,31.07,31.105,31.04,31.07,22678,0
2015-02-12,17:15:00,31.07,31.22,31.07,31.19,23602,0
2015-02-12,17:20:00,31.19,31.22,31.09,31.22,25272,0
2015-02-12,17:25:00,31.2397,31.2397,31.155,31.202,18600,0
2015-02-12,17:30:00,31.22,31.235,31.19,31.215,15443,0
2015-02-12,17:35:00,31.23,31.3,31.2,31.27,33447,0
2015-02-12,17:40:00,31.27,31.42,31.27,31.39,36296,0
2015-02-12,17:45:00,31.4,31.5,31.39,31.4701,42493,0
2015-02-12,17:50:00,31.47,31.51,31.43,31.43,25107,0
2015-02-12,17:55:00,31.44,31.4999,31.32,31.415,36541,0
2015-02-12,18:00:00,31.42,31.45,31.3304,31.3304,20834,0
2015-02-12,18:05:00,31.35,31.42,31.35,31.41,17700,0
2015-02-12,18:10:00,31.422,31.49,31.38,31.48,18323,0
2015-02-12,18:15:00,31.48,31.53,31.46,31.53,67933,0
2015-02-12,18:20:00,31.53,31.67,31.52,31.61,53041,0
2015-02-12,18:25:00,31.62,31.69,31.61,31.642,21800,0
2015-02-12,18:30:00,31.66,31.69,31.66,31.68,9600,0
2015-02-12,18:35:00,31.69,31.76,31.69,31.75,35615,0
2015-02-12,18:40:00,31.75,31.81,31.75,31.79,26630,0
2015-02-12,18:45:00,31.8,31.84,31.8,31.83,20915,0
2015-02-12,18:50:00,31.83,31.84,31.83,31.83,9100,0
2015-02-12,18:55:00,31.83,31.83,31.71,31.79,28612,0
2015-02-12,19:00:00,31.79,31.79,31.74,31.77,29965,0
2015-02-12,19:05:00,31.77,31.79,31.73,31.77,17938,0
2015-02-12,19:10:00,31.77,31.775,31.58,31.6,34982,0
2015-02-12,19:15:00,31.6,31.64,31.5,31.5,37514,0
2015-02-12,19:20:00,31.5102,31.55,31.48,31.485,13480,0
2015-02-12,19:25:00,31.485,31.52,31.48,31.49,16760,0
2015-02-12,19:30:00,31.48,31.51,31.45,31.4604,19886,0
2015-02-12,19:35:00,31.4604,31.47,31.32,31.35,14198,0
2015-02-12,19:40:00,31.35,31.4,31.35,31.38,11612,0
2015-02-12,19:45:00,31.37,31.38,31.31,31.36,15618,0
2015-02-12,19:50:00,31.35,31.37,31.31,31.36,24515,0
2015-02-12,19:55:00,31.37,31.57,31.35,31.57,26300,0
2015-02-12,20:00:00,31.575,31.78,31.57,31.77,22196,0
2015-02-12,20:05:00,31.76,31.7701,31.72,31.76,39607,0
2015-02-12,20:10:00,31.76,31.93,31.724,31.9,33375,0
2015-02-12,20:15:00,31.9,32.0,31.9,32.0,15618,0
2015-02-12,20:20:00,31.98,32.01,31.97,32.0,40398,0
2015-02-12,20:25:00,32.0,32.04,31.99,32.01,56513,0
2015-02-12,20:30:00,32.015,32.14,31.9,32.09,109982,0
2015-02-12,20:35:00,32.08,32.2,32.08,32.195,30911,0
2015-02-12,20:40:00,32.195,32.26,32.19,32.24,143235,0
2015-02-12,20:45:00,32.24,32.3,32.18,32.22,64457,0
2015-02-12,20:50:00,32.21,32.24,32.13,32.24,52857,0
2015-02-12,20:55:00,32.24,32.56,32.24,32.555,35882,0
2015-02-12,21:00:00,32.55,32.56,32.21,32.27,114987,0
2015-02-12,21:05:00,32.27,32.27,32.11,32.25,35400,0
2015-02-12,21:10:00,32.245,32.34,32.245,32.29,51060,0
2015-02-12,21:15:00,32.28,32.285,32.195,32.22,29619,0
2015-02-12,21:20:00,32.22,32.22,32.07,32.09,41450,0
2015-02-12,21:25:00,32.095,32.14,32.03,32.03,52746,0
2015-02-12,21:30:00,32.02,32.05,31.99,32.01,45520,0
2015-02-12,21:35:00,32.01,32.015,31.995,32.01,60244,0
2015-02-12,21:40:00,32.005,32.01,31.97,32.0,75348,0
2015-02-12,21:45:00,32.005,32.05,31.98,32.01,47839,0
2015-02-12,21:50:00,32.02,32.02,31.82,31.84,132769,0
2015-02-12,21:55:00,31.82,31.87,31.74,31.76,99463,0
2015-02-12,22:00:00,31.755,31.76,31.7,31.71,118331,0
2015-02-13,15:35:00,31.782,32.46,31.75,32.335,46306,0
2015-02-13,15:40:00,32.31,32.488,32.2,32.34,20550,0
2015-02-13,15:45:00,32.335,32.335,32.09,32.18,21940,0
2015-02-13,15:50:00,32.18,32.33,32.18,32.28,17836,0
2015-02-13,15:55:00,32.28,32.32,32.19,32.19,13304,0
2015-02-13,16:00:00,32.185,32.36,32.185,32.32,15752,0
2015-02-13,16:05:00,32.32,32.4,32.06,32.18,65884,0
2015-02-13,16:10:00,32.19,32.3,32.19,32.28,7100,0
2015-02-13,16:15:00,32.27,32.39,32.27,32.35,22198,0
2015-02-13,16:20:00,32.37,32.4,32.29,32.32,25228,0
2015-02-13,16:25:00,32.3,32.35,32.27,32.33,19994,0
2015-02-13,16:30:00,32.35,32.39,32.28,32.29,10694,0
2015-02-13,16:35:00,32.3,32.39,32.29,32.38,8850,0
2015-02-13,16:40:00,32.36,32.37,32.25,32.265,16090,0
2015-02-13,16:45:00,32.27,32.295,32.13,32.22,11398,0
2015-02-13,16:50:00,32.2,32.27,32.2,32.24,8000,0
2015-02-13,16:55:00,32.25,32.31,32.25,32.31,4500,0
2015-02-13,17:00:00,32.33,32.36,32.26,32.26,13333,0
2015-02-13,17:05:00,32.26,32.39,32.26,32.39,8464,0
2015-02-13,17:10:00,32.37,32.45,32.37,32.42,9500,0
2015-02-13,17:15:00,32.4,32.4,32.33,32.33,9743,0
2015-02-13,17:20:00,32.36,32.41,32.33,32.4,1200,0
2015-02-13,17:25:00,32.4,32.4,32.32,32.32,8000,0
2015-02-13,17:30:00,32.305,32.32,32.24,32.3,10000,0
2015-02-13,17:35:00,32.2925,32.2925,32.22,32.22,6000,0
2015-02-13,17:40:00,32.2,32.31,32.2,32.3,11430,0
2015-02-13,17:45:00,32.31,32.38,32.27,32.38,4475,0
2015-02-13,17:50:00,32.3899,32.49,32.355,32.36,33742,0
2015-02-13,17:55:00,32.36,32.36,32.31,32.31,12444,0
2015-02-13,18:00:00,32.32,32.45,32.32,32.45,8000,0
2015-02-13,18:05:00,32.45,32.48,32.4,32.48,12846,0
2015-02-13,18:10:00,32.47,32.55,32.47,32.5001,19707,0
2015-02-13,18:15:00,32.51,32.65,32.51,32.65,11546,0
2015-02-13,18:20:00,32.65,32.68,32.63,32.679,9000,0
2015-02-13,18:25:00,32.66,32.66,32.57,32.6,13565,0
2015-02-13,18:30:00,32.59,32.59,32.465,32.52,9230,0
2015-02-13,18:35:00,32.515,32.515,32.44,32.4472,20000,0
2015-02-13,18:40:00,32.45,32.49,32.35,32.41,27668,0
2015-02-13,18:45:00,32.4,32.46,32.4,32.46,2750,0
2015-02-13,18:50:00,32.4201,32.49,32.41,32.42,10700,0
2015-02-13,18:55:00,32.43,32.49,32.43,32.46,10433,0
2015-02-13,19:00:00,32.46,32.47,32.42,32.42,10043,0
2015-02-13,19:05:00,32.42,32.49,32.4,32.4,12924,0
2015-02-13,19:10:00,32.4001,32.4001,32.33,32.3346,10750,0
2015-02-13,19:15:00,32.3324,32.39,32.3,32.39,4760,0
2015-02-13,19:20:00,32.39,32.49,32.39,32.45,13478,0
2015-02-13,19:25:00,32.47,32.5,32.44,32.44,11000,0
2015-02-13,19:30:00,32.43,32.44,32.13,32.13,22350,0
2015-02-13,19:35:00,32.18,32.29,32.18,32.29,7352,0
2015-02-13,19:40:00,32.29,32.39,32.29,32.39,5900,0
2015-02-13,19:45:00,32.36,32.42,32.18,32.188,19821,0
2015-02-13,19:50:00,32.19,32.29,32.19,32.29,5570,0
2015-02-13,19:55:00,32.29,32.35,32.26,32.35,4850,0
2015-02-13,20:00:00,32.34,32.43,32.295,32.31,17090,0
2015-02-13,20:05:00,32.3,32.31,32.24,32.28,6776,0
2015-02-13,20:10:00,32.27,32.41,32.27,32.28,11300,0
2015-02-13,20:15:00,32.28,32.33,32.28,32.3,7909,0
2015-02-13,20:20:00,32.3,32.4,32.29,32.4,6100,0
2015-02-13,20:25:00,32.38,32.4,32.3,32.33,12346,0
2015-02-13,20:30:00,32.33,32.38,32.28,32.32,14505,0
2015-02-13,20:35:00,32.31,32.355,32.31,32.355,4900,0
2015-02-13,20:40:00,32.36,32.38,32.3501,32.37,12400,0
2015-02-13,20:45:00,32.355,32.37,32.32,32.37,7900,0
2015-02-13,20:50:00,32.36,32.37,32.33,32.33,11973,0
2015-02-13,20:55:00,32.33,32.33,32.29,32.31,9852,0
2015-02-13,21:00:00,32.33,32.37,32.32,32.33,10315,0
2015-02-13,21:05:00,32.35,32.37,32.335,32.35,16555,0
2015-02-13,21:10:00,32.36,32.36,32.3,32.31,15200,0
2015-02-13,21:15:00,32.3099,32.355,32.3099,32.35,10680,0
2015-02-13,21:20:00,32.33,32.345,32.31,32.33,12350,0
2015-02-13,21:25:00,32.32,32.34,32.26,32.29,27337,0
2015-02-13,21:30:00,32.29,32.32,32.29,32.32,24497,0
2015-02-13,21:35:00,32.325,32.36,32.32,32.34,20160,0
2015-02-13,21:40:00,32.345,32.35,32.27,32.3,26213,0
2015-02-13,21:45:00,32.3,32.305,32.26,32.28,29963,0
2015-02-13,21:50:00,32.27,32.28,32.23,32.25,77196,0
2015-02-13,21:55:00,32.25,32.26,32.15,32.19,114788,0
2015-02-13,22:00:00,32.19,32.19,32.12,32.14,105330,0
2015-02-17,15:35:00,32.14,32.29,32.01,32.07,11538,0
2015-02-17,15:40:00,32.135,32.15,32,32.04,11563,0
2015-02-17,15:45:00,32.05,32.05,31.81,31.81,11635,0
2015-02-17,15:50:00,31.83,31.9,31.8,31.82,5000,0
2015-02-17,15:55:00,31.83,31.83,31.78,31.82,2871,0
2015-02-17,16:00:00,31.81,31.9,31.79,31.81,4103,0
2015-02-17,16:05:00,31.84,32.09,31.84,32.07,10178,0
2015-02-17,16:10:00,32.11,32.11,31.89,31.89,9518,0
2015-02-17,16:15:00,31.87,32.01,31.87,32.01,2900,0
2015-02-17,16:20:00,32.04,32.04,31.89,31.89,2900,0
2015-02-17,16:25:00,31.926,31.926,31.81,31.81,4880,0
2015-02-17,16:30:00,31.8,31.94,31.8,31.92,5098,0
2015-02-17,16:35:00,31.97,32.02,31.95,31.97,9142,0
2015-02-17,16:40:00,31.96,32.0001,31.96,31.98,3000,0
2015-02-17,16:45:00,31.99,32.02,31.97,31.98,2400,0
2015-02-17,16:50:00,31.98,32,31.92,31.92,5379,0
2015-02-17,16:55:00,31.94,31.94,31.83,31.86,11382,0
2015-02-17,17:00:00,31.86,31.87,31.8,31.87,8060,0
2015-02-17,17:05:00,31.9,32,31.881,32,7500,0
2015-02-17,17:10:00,32.02,32.09,32.02,32.065,3900,0
2015-02-17,17:15:00,32.09,32.09,31.98,32,7430,0
2015-02-17,17:20:00,32.03,32.08,32.025,32.07,3976,0
2015-02-17,17:25:00,32.06,32.18,32.06,32.15,10250,0
2015-02-17,17:30:00,32.18,32.22,32.12,32.15,7300,0
2015-02-17,17:35:00,32.14,32.18,32.13,32.18,7700,0
2015-02-17,17:40:00,32.17,32.2,32.13,32.13,3500,0
2015-02-17,17:45:00,32.16,32.18,32.16,32.17,2200,0
2015-02-17,17:50:00,32.15,32.16,32.05,32.05,12600,0
2015-02-17,17:55:00,32.0699,32.09,32.04,32.08,4806,0
2015-02-17,18:00:00,32.08,32.09,32,32.055,7600,0
2015-02-17,18:05:00,32.055,32.14,32.055,32.13,2768,0
2015-02-17,18:10:00,32.14,32.15,32.095,32.1,4800,0
2015-02-17,18:15:00,32.09,32.11,32.08,32.081,2150,0
2015-02-17,18:20:00,32.095,32.15,32.07,32.0801,4735,0
2015-02-17,18:25:00,32.1,32.16,32.1,32.14,5451,0
2015-02-17,18:30:00,32.15,32.19,32.14,32.17,3146,0
2015-02-17,18:35:00,32.165,32.2,32.165,32.18,2099,0
2015-02-17,18:40:00,32.1855,32.21,32.17,32.2,3000,0
2015-02-17,18:45:00,32.19,32.22,32.11,32.18,8600,0
2015-02-17,18:50:00,32.18,32.32,32.16,32.32,11582,0
2015-02-17,18:55:00,32.3199,32.34,32.29,32.31,13100,0
2015-02-17,19:00:00,32.32,32.39,32.3,32.38,8010,0
2015-02-17,19:05:00,32.38,32.45,32.38,32.41,6234,0
2015-02-17,19:10:00,32.43,32.47,32.38,32.38,5300,0
2015-02-17,19:15:00,32.39,32.39,32.295,32.31,4600,0
2015-02-17,19:20:00,32.34,32.37,32.31,32.32,4100,0
2015-02-17,19:25:00,32.33,32.36,32.31,32.31,6400,0
2015-02-17,19:30:00,32.31,32.31,32.285,32.2976,3400,0
2015-02-17,19:35:00,32.31,32.36,32.26,32.26,6201,0
2015-02-17,19:40:00,32.27,32.27,32.22,32.24,7895,0
2015-02-17,19:45:00,32.22,32.25,32.21,32.235,3300,0
2015-02-17,19:50:00,32.25,32.34,32.25,32.33,4672,0
2015-02-17,19:55:00,32.34,32.36,32.2666,32.275,5709,0
2015-02-17,20:00:00,32.29,32.29,32.21,32.22,3500,0
2015-02-17,20:05:00,32.22,32.25,32.13,32.145,12944,0
2015-02-17,20:10:00,32.17,32.21,32.15,32.17,4100,0
2015-02-17,20:15:00,32.17,32.23,32.164,32.21,4390,0
2015-02-17,20:20:00,32.21,32.21,32.13,32.16,5900,0
2015-02-17,20:25:00,32.16,32.2,32.16,32.2,4032,0
2015-02-17,20:30:00,32.185,32.19,32.135,32.18,6109,0
2015-02-17,20:35:00,32.175,32.225,32.165,32.225,5066,0
2015-02-17,20:40:00,32.24,32.24,32.17,32.2,5200,0
2015-02-17,20:45:00,32.17,32.175,32.13,32.16,5000,0
2015-02-17,20:50:00,32.15,32.19,32.15,32.19,8000,0
2015-02-17,20:55:00,32.185,32.2,32.1,32.125,5300,0
2015-02-17,21:00:00,32.15,32.15,32.05,32.09,15927,0
2015-02-17,21:05:00,32.0904,32.16,32.0904,32.16,7832,0
2015-02-17,21:10:00,32.17,32.29,32.17,32.29,10767,0
2015-02-17,21:15:00,32.29,32.29,32.23,32.25,9110,0
2015-02-17,21:20:00,32.24,32.25,32.2004,32.24,11556,0
2015-02-17,21:25:00,32.24,32.32,32.235,32.32,8100,0
2015-02-17,21:30:00,32.29,32.29,32.22,32.23,5984,0
2015-02-17,21:35:00,32.24,32.25,32.2,32.23,16208,0
2015-02-17,21:40:00,32.25,32.29,32.22,32.24,8276,0
2015-02-17,21:45:00,32.25,32.25,32.17,32.19,25800,0
2015-02-17,21:50:00,32.18,32.25,32.16,32.23,10788,0
2015-02-17,21:55:00,32.2,32.2,32.16,32.2,17690,0
2015-02-17,22:00:00,32.2,32.22,32.18,32.2,42756,0
2015-02-18,15:35:00,32.08,32.18,32.05,32.062,9286,0
2015-02-18,15:40:00,32.06,32.135,32.06,32.11,2300,0
2015-02-18,15:45:00,32.125,32.2,32.11,32.14,6400,0
2015-02-18,15:50:00,32.1266,32.14,32.1,32.14,1900,0
2015-02-18,15:55:00,32.13,32.16,32.12,32.155,2600,0
2015-02-18,16:00:00,32.15,32.15,32.08,32.08,2500,0
2015-02-18,16:05:00,32.07,32.09,32.05,32.09,5011,0
2015-02-18,16:10:00,32.12,32.17,32.09,32.09,4400,0
2015-02-18,16:15:00,32.06,32.09,32.01,32.02,4260,0
2015-02-18,16:20:00,32.07,32.08,32.07,32.08,500,0
2015-02-18,16:25:00,32.04,32.1,32.01,32.01,6401,0
2015-02-18,16:30:00,32,32.02,31.87,31.87,13006,0
2015-02-18,16:35:00,31.88,31.98,31.88,31.93,3700,0
2015-02-18,16:40:00,31.93,31.93,31.91,31.92,2500,0
2015-02-18,16:45:00,31.91,31.94,31.91,31.94,3113,0
2015-02-18,16:50:00,31.95,31.97,31.95,31.96,2000,0
2015-02-18,16:55:00,31.96,31.97,31.93,31.97,4700,0
2015-02-18,17:00:00,31.98,31.99,31.96,31.98,2500,0
2015-02-18,17:05:00,31.95,31.95,31.89,31.89,6700,0
2015-02-18,17:10:00,31.86,31.9,31.86,31.88,3982,0
2015-02-18,17:15:00,31.89,31.96,31.89,31.96,3928,0
2015-02-18,17:20:00,31.97,31.975,31.95,31.95,4400,0
2015-02-18,17:25:00,31.93,31.93,31.88,31.91,1800,0
2015-02-18,17:30:00,31.89,31.91,31.86,31.89,7360,0
2015-02-18,17:35:00,31.88,31.92,31.88,31.92,2900,0
2015-02-18,17:40:00,31.94,32.05,31.94,32.02,9280,0
2015-02-18,17:45:00,32.02,32.02,32.02,32.02,900,0
2015-02-18,17:50:00,32.02,32.02,31.96,31.98,4000,0
2015-02-18,17:55:00,32.01,32.01,32,32.01,500,0
2015-02-18,18:00:00,31.99,32.02,31.98,31.99,3178,0
2015-02-18,18:05:00,32.01,32.03,32.01,32.02,2000,0
2015-02-18,18:10:00,32,32.01,31.9,31.9,5650,0
2015-02-18,18:15:00,31.87,31.88,31.84,31.88,2500,0
2015-02-18,18:20:00,31.9,31.97,31.89,31.97,2200,0
2015-02-18,18:25:00,31.95,31.98,31.93,31.93,4170,0
2015-02-18,18:30:00,31.9,31.93,31.9,31.93,1300,0
2015-02-18,18:35:00,31.92,31.98,31.911,31.98,3670,0
2015-02-18,18:40:00,31.99,32.01,31.9,31.9,8311,0
2015-02-18,18:45:00,31.87,31.88,31.86,31.86,1400,0
2015-02-18,18:50:00,31.91,31.93,31.91,31.93,2000,0
2015-02-18,18:55:00,31.95,32.02,31.95,32,4850,0
2015-02-18,19:00:00,31.97,32,31.95,31.95,2507,0
2015-02-18,19:05:00,31.96,32.02,31.96,32.01,4500,0
2015-02-18,19:10:00,32.02,32.05,32.01,32.05,1550,0
2015-02-18,19:15:00,32.05,32.07,32.04,32.05,5450,0
2015-02-18,19:20:00,32.06,32.07,32.05,32.05,13196,0
2015-02-18,19:25:00,32.04,32.04,31.995,32,4500,0
2015-02-18,19:30:00,31.995,32.01,31.99,32.01,3200,0
2015-02-18,19:35:00,32,32.07,32,32.06,8774,0
2015-02-18,19:40:00,32.06,32.06,32.04,32.06,6550,0
2015-02-18,19:45:00,32.06,32.11,32.06,32.11,15840,0
2015-02-18,19:50:00,32.11,32.14,32.11,32.121,5765,0
2015-02-18,19:55:00,32.12,32.13,32.1,32.1,3500,0
2015-02-18,20:00:00,32.1,32.1,32.06,32.065,14260,0
2015-02-18,20:05:00,32.07,32.1,32.03,32.03,23953,0
2015-02-18,20:10:00,32.05,32.07,32.02,32.06,15456,0
2015-02-18,20:15:00,32.04,32.08,32.04,32.04,2300,0
2015-02-18,20:20:00,32.05,32.05,32.03,32.04,4610,0
2015-02-18,20:25:00,32.04,32.04,32.02,32.03,2200,0
2015-02-18,20:30:00,32.03,32.03,31.93,31.93,6870,0
2015-02-18,20:35:00,31.93,32,31.93,31.99,4650,0
2015-02-18,20:40:00,31.98,31.98,31.95,31.96,6645,0
2015-02-18,20:45:00,31.96,31.96,31.94,31.96,4119,0
2015-02-18,20:50:00,31.96,31.97,31.94,31.97,5381,0
2015-02-18,20:55:00,31.9656,32.02,31.9656,32.01,4947,0
2015-02-18,21:00:00,32.0101,32.04,31.96,31.99,13800,0
2015-02-18,21:05:00,32,32,31.91,31.93,6800,0
2015-02-18,21:10:00,31.928,31.97,31.928,31.97,6406,0
2015-02-18,21:15:00,31.97,31.975,31.97,31.97,1100,0
2015-02-18,21:20:00,31.99,31.99,31.95,31.98,10401,0
2015-02-18,21:25:00,31.97,31.98,31.94,31.94,6501,0
2015-02-18,21:30:00,31.94,31.99,31.94,31.98,8875,0
2015-02-18,21:35:00,31.98,32.03,31.97,32.02,8968,0
2015-02-18,21:40:00,32.02,32.03,32.01,32.02,14740,0
2015-02-18,21:45:00,32.01,32.01,31.99,31.995,6580,0
2015-02-18,21:50:00,32,32,31.95,31.95,9956,0
2015-02-18,21:55:00,31.96,31.98,31.89,31.89,45335,0
2015-02-18,22:00:00,31.9,31.94,31.87,31.94,53645,0
2015-02-19,15:35:00,31.97,31.98,31.93,31.95,3300,0
2015-02-19,15:40:00,31.98,32.03,31.98,32.01,7605,0
2015-02-19,15:45:00,32.1,32.1,31.99,32.01,5509,0
2015-02-19,15:50:00,31.97,32,31.96,31.99,3400,0
2015-02-19,15:55:00,32.04,32.04,32.01,32.02,1500,0
2015-02-19,16:00:00,31.99,32,31.87,31.87,7028,0
2015-02-19,16:05:00,31.85,31.98,31.81,31.94,5468,0
2015-02-19,16:10:00,31.98,32.02,31.96,32,2800,0
2015-02-19,16:15:00,31.9905,31.9905,31.92,31.955,4300,0
2015-02-19,16:20:00,31.9304,31.97,31.9304,31.95,2000,0
2015-02-19,16:25:00,31.98,31.99,31.93,31.96,3500,0
2015-02-19,16:30:00,31.98,31.99,31.86,31.9,4600,0
2015-02-19,16:35:00,31.9,31.92,31.85,31.85,3500,0
2015-02-19,16:40:00,31.82,31.86,31.82,31.84,5000,0
2015-02-19,16:45:00,31.82,31.87,31.81,31.86,2400,0
2015-02-19,16:50:00,31.9,31.9,31.88,31.88,300,0
2015-02-19,16:55:00,31.88,31.92,31.88,31.9,1850,0
2015-02-19,17:00:00,31.89,31.95,31.89,31.94,1100,0
2015-02-19,17:05:00,31.94,31.96,31.84,31.88,8000,0
2015-02-19,17:10:00,31.855,31.9,31.83,31.83,2200,0
2015-02-19,17:15:00,31.82,31.82,31.76,31.82,5702,0
2015-02-19,17:20:00,31.8,31.81,31.75,31.75,4212,0
2015-02-19,17:25:00,31.74,31.76,31.69,31.69,8385,0
2015-02-19,17:30:00,31.69,31.7,31.62,31.68,7900,0
2015-02-19,17:35:00,31.69,31.75,31.685,31.72,9888,0
2015-02-19,17:40:00,31.7,31.71,31.7,31.7,1100,0
2015-02-19,17:45:00,31.71,31.71,31.67,31.7,5900,0
2015-02-19,17:50:00,31.7,31.71,31.685,31.7,4100,0
2015-02-19,17:55:00,31.7,31.71,31.675,31.69,3600,0
2015-02-19,18:00:00,31.69,31.7,31.68,31.68,43900,0
2015-02-19,18:05:00,31.67,31.67,31.605,31.605,8286,0
2015-02-19,18:10:00,31.62,31.68,31.61,31.67,4159,0
2015-02-19,18:15:00,31.68,31.73,31.67,31.73,6400,0
2015-02-19,18:20:00,31.74,31.76,31.71,31.73,5100,0
2015-02-19,18:25:00,31.75,31.9,31.74,31.8868,7364,0
2015-02-19,18:30:00,31.9,31.9,31.79,31.79,6826,0
2015-02-19,18:35:00,31.8,31.84,31.8,31.82,4000,0
2015-02-19,18:40:00,31.78,31.86,31.78,31.86,10100,0
2015-02-19,18:45:00,31.88,31.88,31.86,31.86,600,0
2015-02-19,18:50:00,31.89,31.91,31.89,31.91,3200,0
2015-02-19,18:55:00,31.94,31.96,31.93,31.96,2000,0
2015-02-19,19:00:00,31.96,31.99,31.96,31.98,2700,0
2015-02-19,19:05:00,31.99,31.99,31.9674,31.97,2898,0
2015-02-19,19:10:00,31.96,31.96,31.89,31.9,2415,0
2015-02-19,19:15:00,31.91,31.91,31.89,31.89,400,0
2015-02-19,19:20:00,31.89,31.89,31.88,31.89,3398,0
2015-02-19,19:25:00,31.89,31.91,31.87,31.87,4600,0
2015-02-19,19:30:00,31.87,31.88,31.865,31.88,1400,0
2015-02-19,19:35:00,31.89,31.95,31.89,31.95,1600,0
2015-02-19,19:40:00,31.96,31.97,31.92,31.92,4100,0
2015-02-19,19:45:00,31.92,31.96,31.91,31.96,2900,0
2015-02-19,19:50:00,31.95,31.96,31.85,31.8554,20244,0
2015-02-19,19:55:00,31.85,31.85,31.78,31.85,7206,0
2015-02-19,20:00:00,31.88,31.88,31.88,31.88,200,0
2015-02-19,20:05:00,31.88,31.88,31.85,31.87,10064,0
2015-02-19,20:10:00,31.85,31.87,31.79,31.79,7900,0
2015-02-19,20:15:00,31.78,31.79,31.6901,31.6901,4981,0
2015-02-19,20:20:00,31.691,31.74,31.69,31.71,8750,0
2015-02-19,20:25:00,31.69,31.71,31.6592,31.6592,6382,0
2015-02-19,20:30:00,31.67,31.67,31.6442,31.65,3200,0
2015-02-19,20:35:00,31.65,31.66,31.62,31.65,8700,0
2015-02-19,20:40:00,31.65,31.65,31.54,31.54,13408,0
2015-02-19,20:45:00,31.55,31.55,31.46,31.49,13577,0
2015-02-19,20:50:00,31.49,31.53,31.46,31.48,9300,0
2015-02-19,20:55:00,31.48,31.57,31.48,31.57,6600,0
2015-02-19,21:00:00,31.56,31.62,31.54,31.54,22100,0
2015-02-19,21:05:00,31.54,31.55,31.44,31.45,40815,0
2015-02-19,21:10:00,31.45,31.46,31.39,31.4,48220,0
2015-02-19,21:15:00,31.4,31.4,31.33,31.375,27625,0
2015-02-19,21:20:00,31.37,31.39,31.26,31.29,47419,0
2015-02-19,21:25:00,31.3,31.3475,31.295,31.32,30394,0
2015-02-19,21:30:00,31.3,31.39,31.25,31.39,12363,0
2015-02-19,21:35:00,31.39,31.47,31.37,31.47,35408,0
2015-02-19,21:40:00,31.47,31.55,31.465,31.51,16479,0
2015-02-19,21:45:00,31.51,31.59,31.51,31.53,15358,0
2015-02-19,21:50:00,31.53,31.56,31.51,31.53,15942,0
2015-02-19,21:55:00,31.55,31.57,31.51,31.54,28461,0
2015-02-19,22:00:00,31.55,31.58,31.52,31.54,42498,0
2015-02-20,15:35:00,31.65,31.99,31.574,31.99,25635,0
2015-02-20,15:40:00,31.97,31.98,31.62,31.62,8624,0
2015-02-20,15:45:00,31.59,31.65,31.51,31.51,11170,0
2015-02-20,15:50:00,31.51,31.51,31.22,31.28,31637,0
2015-02-20,15:55:00,31.28,31.44,31.28,31.44,6957,0
2015-02-20,16:00:00,31.46,31.46,31.34,31.37,6200,0
2015-02-20,16:05:00,31.33,31.42,31.33,31.42,7000,0
2015-02-20,16:10:00,31.42,31.52,31.42,31.43,5078,0
2015-02-20,16:15:00,31.43,31.44,31.37,31.43,4800,0
2015-02-20,16:20:00,31.42,31.465,31.415,31.43,5700,0
2015-02-20,16:25:00,31.43,31.47,31.43,31.4501,2100,0
2015-02-20,16:30:00,31.45,31.47,31.42,31.42,7150,0
2015-02-20,16:35:00,31.46,31.55,31.46,31.55,3000,0
2015-02-20,16:40:00,31.56,31.64,31.56,31.6,15640,0
2015-02-20,16:45:00,31.605,31.61,31.59,31.59,5100,0
2015-02-20,16:50:00,31.6,31.61,31.58,31.59,6418,0
2015-02-20,16:55:00,31.6,31.6,31.5,31.51,6800,0
2015-02-20,17:00:00,31.53,31.56,31.51,31.52,16529,0
2015-02-20,17:05:00,31.55,31.56,31.53,31.53,12700,0
2015-02-20,17:10:00,31.52,31.55,31.49,31.49,9900,0
2015-02-20,17:15:00,31.47,31.5,31.47,31.5,28316,0
2015-02-20,17:20:00,31.5,31.56,31.495,31.545,13486,0
2015-02-20,17:25:00,31.54,31.55,31.525,31.53,5540,0
2015-02-20,17:30:00,31.535,31.535,31.485,31.485,8300,0
2015-02-20,17:35:00,31.4916,31.5,31.4916,31.5,1690,0
2015-02-20,17:40:00,31.5,31.51,31.49,31.51,5900,0
2015-02-20,17:45:00,31.51,31.51,31.49,31.49,6357,0
2015-02-20,17:50:00,31.47,31.49,31.47,31.49,1800,0
2015-02-20,17:55:00,31.5,31.515,31.48,31.48,6400,0
2015-02-20,18:00:00,31.49,31.49,31.49,31.49,800,0
2015-02-20,18:05:00,31.48,31.5,31.47,31.5,5100,0
2015-02-20,18:10:00,31.49,31.49,31.46,31.49,4000,0
2015-02-20,18:15:00,31.5,31.5,31.5,31.5,1500,0
2015-02-20,18:20:00,31.49,31.5,31.48,31.48,3000,0
2015-02-20,18:25:00,31.47,31.49,31.455,31.47,3700,0
2015-02-20,18:30:00,31.46,31.47,31.45,31.45,2800,0
2015-02-20,18:35:00,31.45,31.46,31.42,31.43,4504,0
2015-02-20,18:40:00,31.43,31.48,31.4,31.44,36200,0
2015-02-20,18:45:00,31.45,31.475,31.4,31.4,5700,0
2015-02-20,18:50:00,31.4,31.4,31.389,31.39,3400,0
2015-02-20,18:55:00,31.38,31.4,31.38,31.39,4400,0
2015-02-20,19:00:00,31.39,31.41,31.38,31.4,6400,0
2015-02-20,19:05:00,31.41,31.41,31.38,31.38,4210,0
2015-02-20,19:10:00,31.3801,31.39,31.32,31.34,10259,0
2015-02-20,19:15:00,31.3301,31.365,31.33,31.33,8723,0
2015-02-20,19:20:00,31.33,31.34,31.28,31.3,5355,0
2015-02-20,19:25:00,31.31,31.36,31.31,31.33,4000,0
2015-02-20,19:30:00,31.34,31.37,31.33,31.35,3725,0
2015-02-20,19:35:00,31.3517,31.36,31.32,31.32,5400,0
2015-02-20,19:40:00,31.32,31.35,31.3,31.35,2700,0
2015-02-20,19:45:00,31.33,31.33,31.295,31.31,5151,0
2015-02-20,19:50:00,31.31,31.32,31.3,31.315,900,0
2015-02-20,19:55:00,31.32,31.32,31.26,31.27,6747,0
2015-02-20,20:00:00,31.2728,31.29,31.27,31.29,3541,0
2015-02-20,20:05:00,31.31,31.32,31.3,31.3,4400,0
2015-02-20,20:10:00,31.31,31.39,31.3,31.36,3298,0
2015-02-20,20:15:00,31.36,31.39,31.35,31.35,4618,0
2015-02-20,20:20:00,31.341,31.35,31.33,31.33,4550,0
2015-02-20,20:25:00,31.33,31.35,31.33,31.34,2600,0
2015-02-20,20:30:00,31.34,31.35,31.32,31.33,4121,0
2015-02-20,20:35:00,31.33,31.33,31.3,31.31,6485,0
2015-02-20,20:40:00,31.32,31.32,31.3,31.32,2771,0
2015-02-20,20:45:00,31.31,31.33,31.28,31.28,9782,0
2015-02-20,20:50:00,31.2828,31.31,31.28,31.3,6851,0
2015-02-20,20:55:00,31.3,31.31,31.28,31.28,3451,0
2015-02-20,21:00:00,31.28,31.32,31.28,31.3,5000,0
2015-02-20,21:05:00,31.3,31.39,31.3,31.385,7819,0
2015-02-20,21:10:00,31.4,31.47,31.39,31.47,5787,0
2015-02-20,21:15:00,31.45,31.45,31.42,31.45,8849,0
2015-02-20,21:20:00,31.44,31.44,31.35,31.38,9768,0
2015-02-20,21:25:00,31.38,31.4,31.38,31.4,2685,0
2015-02-20,21:30:00,31.42,31.43,31.37,31.43,24681,0
2015-02-20,21:35:00,31.41,31.49,31.41,31.48,5739,0
2015-02-20,21:40:00,31.48,31.5,31.41,31.41,18658,0
2015-02-20,21:45:00,31.39,31.42,31.375,31.38,12409,0
2015-02-20,21:50:00,31.39,31.4,31.33,31.33,13650,0
2015-02-20,21:55:00,31.35,31.36,31.27,31.27,18296,0
2015-02-20,22:00:00,31.29,31.34,31.29,31.32,45560,0
2015-02-23,15:35:00,31.37,31.5991,31.362,31.52,3962,0
2015-02-23,15:40:00,31.52,31.52,31.35,31.35,4400,0
2015-02-23,15:45:00,31.33,31.34,31.28,31.28,2200,0
2015-02-23,15:50:00,31.26,31.33,31.06,31.1,12700,0
2015-02-23,15:55:00,31.08,31.09,30.94,31.06,23700,0
2015-02-23,16:00:00,31.02,31.11,31,31.1,16500,0
2015-02-23,16:05:00,31.1,31.1,30.98,31.01,12549,0
2015-02-23,16:10:00,31.01,31.04,30.97,31,11117,0
2015-02-23,16:15:00,31.02,31.05,31,31.01,12562,0
2015-02-23,16:20:00,31.01,31.01,30.97,31,8437,0
2015-02-23,16:25:00,31.02,31.17,31.01,31.17,12617,0
2015-02-23,16:30:00,31.18,31.22,31.18,31.22,85048,0
2015-02-23,16:35:00,31.22,31.34,31.22,31.34,10450,0
2015-02-23,16:40:00,31.36,31.38,31.305,31.3304,9926,0
2015-02-23,16:45:00,31.35,31.37,31.3,31.37,9480,0
2015-02-23,16:50:00,31.37,31.37,31.3,31.3,6825,0
2015-02-23,16:55:00,31.33,31.34,31.25,31.25,6000,0
2015-02-23,17:00:00,31.24,31.24,31.14,31.16,8612,0
2015-02-23,17:05:00,31.13,31.2,31.13,31.2,6100,0
2015-02-23,17:10:00,31.2,31.21,31.16,31.18,6200,0
2015-02-23,17:15:00,31.18,31.18,31.11,31.13,6000,0
2015-02-23,17:20:00,31.16,31.22,31.16,31.22,6419,0
2015-02-23,17:25:00,31.2,31.22,31.18,31.18,7700,0
2015-02-23,17:30:00,31.16,31.2,31.16,31.19,4700,0
2015-02-23,17:35:00,31.2,31.26,31.17,31.24,11450,0
2015-02-23,17:40:00,31.255,31.28,31.16,31.16,10100,0
2015-02-23,17:45:00,31.16,31.18,31.085,31.1,31796,0
2015-02-23,17:50:00,31.09,31.265,31.09,31.22,8625,0
2015-02-23,17:55:00,31.25,31.27,31.22,31.22,8378,0
2015-02-23,18:00:00,31.24,31.25,31.22,31.25,5400,0
2015-02-23,18:05:00,31.25,31.27,31.22,31.26,6600,0
2015-02-23,18:10:00,31.27,31.33,31.265,31.3,12324,0
2015-02-23,18:15:00,31.29,31.41,31.29,31.355,32865,0
2015-02-23,18:20:00,31.36,31.37,31.3401,31.355,2232,0
2015-02-23,18:25:00,31.34,31.35,31.3,31.31,14060,0
2015-02-23,18:30:00,31.31,31.32,31.3,31.32,3100,0
2015-02-23,18:35:00,31.32,31.37,31.31,31.31,7500,0
2015-02-23,18:40:00,31.31,31.34,31.31,31.32,5900,0
2015-02-23,18:45:00,31.31,31.32,31.26,31.26,5708,0
2015-02-23,18:50:00,31.27,31.29,31.26,31.29,5740,0
2015-02-23,18:55:00,31.29,31.29,31.24,31.26,6020,0
2015-02-23,19:00:00,31.26,31.27,31.22,31.23,7942,0
2015-02-23,19:05:00,31.23,31.29,31.23,31.29,3000,0
2015-02-23,19:10:00,31.29,31.35,31.29,31.31,14900,0
2015-02-23,19:15:00,31.315,31.32,31.305,31.32,3874,0
2015-02-23,19:20:00,31.33,31.335,31.31,31.32,4700,0
2015-02-23,19:25:00,31.34,31.38,31.33,31.38,2992,0
2015-02-23,19:30:00,31.37,31.42,31.355,31.42,153700,0
2015-02-23,19:35:00,31.44,31.44,31.4,31.42,5600,0
2015-02-23,19:40:00,31.43,31.47,31.43,31.46,6376,0
2015-02-23,19:45:00,31.44,31.45,31.38,31.39,8000,0
2015-02-23,19:50:00,31.4,31.4,31.37,31.4,6400,0
2015-02-23,19:55:00,31.39,31.4,31.365,31.37,4000,0
2015-02-23,20:00:00,31.37,31.46,31.37,31.46,3700,0
2015-02-23,20:05:00,31.455,31.455,31.39,31.39,4300,0
2015-02-23,20:10:00,31.4,31.43,31.4,31.425,6300,0
2015-02-23,20:15:00,31.44,31.52,31.44,31.52,8800,0
2015-02-23,20:20:00,31.51,31.51,31.49,31.49,5402,0
2015-02-23,20:25:00,31.47,31.49,31.45,31.45,5900,0
2015-02-23,20:30:00,31.425,31.43,31.4,31.425,4904,0
2015-02-23,20:35:00,31.43,31.48,31.42,31.47,19976,0
2015-02-23,20:40:00,31.5,31.56,31.5,31.56,3100,0
2015-02-23,20:45:00,31.56,31.56,31.54,31.56,2203,0
2015-02-23,20:50:00,31.57,31.62,31.57,31.61,5973,0
2015-02-23,20:55:00,31.6,31.6,31.51,31.51,7400,0
2015-02-23,21:00:00,31.53,31.54,31.46,31.46,8800,0
2015-02-23,21:05:00,31.44,31.51,31.44,31.495,17892,0
2015-02-23,21:10:00,31.49,31.51,31.475,31.51,18620,0
2015-02-23,21:15:00,31.53,31.59,31.48,31.58,23162,0
2015-02-23,21:20:00,31.59,31.63,31.59,31.63,5300,0
2015-02-23,21:25:00,31.63,31.67,31.61,31.61,12492,0
2015-02-23,21:30:00,31.65,31.66,31.62,31.65,9177,0
2015-02-23,21:35:00,31.64,31.64,31.57,31.6,15296,0
2015-02-23,21:40:00,31.59,31.62,31.53,31.545,13800,0
2015-02-23,21:45:00,31.54,31.55,31.5,31.51,22784,0
2015-02-23,21:50:00,31.51,31.53,31.48,31.52,20362,0
2015-02-23,21:55:00,31.515,31.53,31.44,31.46,62760,0
2015-02-23,22:00:00,31.46,31.51,31.44,31.51,74832,0
