Date,Time,Open,High,Low,Close,Volume,OpenInt
2015-01-30,20:25:00,0.5389,0.5389,0.5389,0.5389,400,0
2015-01-30,20:30:00,0.5388,0.5388,0.5388,0.5388,200,0
2015-01-30,20:35:00,0.5389,0.5389,0.5389,0.5389,100,0
2015-01-30,20:40:00,0.5389,0.5409,0.5389,0.5409,3000,0
2015-01-30,20:45:00,0.541,0.5585,0.5409,0.5502,16230,0
2015-01-30,20:50:00,0.5501,0.5508,0.5499,0.5508,19804,0
2015-01-30,20:55:00,0.55,0.5508,0.55,0.55,3000,0
2015-01-30,21:00:00,0.5497,0.5497,0.5497,0.5497,200,0
2015-01-30,21:10:00,0.5469,0.5486,0.5374,0.547,7000,0
2015-01-30,21:15:00,0.54,0.5412,0.537,0.538,6900,0
2015-01-30,21:20:00,0.538,0.538,0.531,0.531,15000,0
2015-01-30,21:25:00,0.531,0.5311,0.5258,0.5258,35978,0
2015-01-30,21:30:00,0.527,0.53,0.5252,0.53,4800,0
2015-01-30,21:35:00,0.5299,0.5299,0.5251,0.5251,7300,0
2015-01-30,21:40:00,0.5251,0.53,0.5251,0.5253,42562,0
2015-01-30,21:45:00,0.5253,0.53,0.5251,0.5251,51925,0
2015-01-30,21:50:00,0.5251,0.529,0.5251,0.5251,500,0
2015-01-30,21:55:00,0.5251,0.529,0.5218,0.5218,10894,0
2015-01-30,22:00:00,0.5255,0.53,0.52,0.5299,18142,0
2015-02-02,15:35:00,0.5715,0.5715,0.55,0.5504,26720,0
2015-02-02,15:40:00,0.5505,0.553,0.544,0.5499,20286,0
2015-02-02,15:45:00,0.5488,0.5488,0.542,0.542,5100,0
2015-02-02,15:50:00,0.5406,0.5406,0.53,0.5364,12776,0
2015-02-02,16:00:00,0.5305,0.5311,0.53,0.53,4700,0
2015-02-02,16:05:00,0.53,0.53,0.53,0.53,516,0
2015-02-02,16:10:00,0.529,0.529,0.529,0.529,200,0
2015-02-02,16:15:00,0.529,0.529,0.5284,0.5284,6448,0
2015-02-02,16:20:00,0.529,0.545,0.529,0.545,7487,0
2015-02-02,16:30:00,0.5401,0.5401,0.5401,0.5401,100,0
2015-02-02,16:35:00,0.54,0.54,0.54,0.54,3216,0
2015-02-02,16:45:00,0.5392,0.5392,0.5392,0.5392,100,0
2015-02-02,16:50:00,0.539,0.539,0.531,0.5316,13521,0
2015-02-02,16:55:00,0.5319,0.5389,0.531,0.5389,2048,0
2015-02-02,17:00:00,0.5378,0.5378,0.5378,0.5378,710,0
2015-02-02,17:05:00,0.5369,0.54,0.5359,0.5399,6700,0
2015-02-02,17:10:00,0.54,0.54,0.54,0.54,100,0
2015-02-02,17:15:00,0.5399,0.54,0.5399,0.54,500,0
2015-02-02,17:20:00,0.54,0.54,0.54,0.54,1600,0
2015-02-02,17:25:00,0.54,0.54,0.54,0.54,600,0
2015-02-02,17:30:00,0.538,0.5381,0.538,0.538,4390,0
2015-02-02,17:45:00,0.538,0.538,0.538,0.538,200,0
2015-02-02,17:50:00,0.5353,0.5353,0.535,0.535,600,0
2015-02-02,17:55:00,0.535,0.5381,0.5327,0.5327,4852,0
2015-02-02,18:00:00,0.5327,0.5327,0.5325,0.5325,991,0
2015-02-02,18:05:00,0.5351,0.538,0.5351,0.538,400,0
2015-02-02,18:25:00,0.5379,0.5379,0.5379,0.5379,100,0
2015-02-02,18:30:00,0.537,0.537,0.537,0.537,1200,0
2015-02-02,18:45:00,0.537,0.537,0.537,0.537,200,0
2015-02-02,18:50:00,0.537,0.537,0.537,0.537,100,0
2015-02-02,19:05:00,0.537,0.537,0.537,0.537,100,0
2015-02-02,19:20:00,0.5361,0.5361,0.5361,0.5361,1074,0
2015-02-02,19:25:00,0.536,0.536,0.5351,0.5359,3500,0
2015-02-02,19:30:00,0.535,0.535,0.535,0.535,2000,0
2015-02-02,19:35:00,0.535,0.54,0.5325,0.54,23526,0
2015-02-02,19:50:00,0.5328,0.54,0.5325,0.54,15500,0
2015-02-02,19:55:00,0.5335,0.5335,0.531,0.532,19500,0
2015-02-02,20:00:00,0.5319,0.532,0.5319,0.532,300,0
2015-02-02,20:05:00,0.532,0.532,0.532,0.532,100,0
2015-02-02,20:10:00,0.532,0.532,0.532,0.532,100,0
2015-02-02,20:15:00,0.532,0.532,0.532,0.532,500,0
2015-02-02,20:25:00,0.5319,0.5319,0.5319,0.5319,400,0
2015-02-02,20:30:00,0.5319,0.5319,0.531,0.5319,1200,0
2015-02-02,20:35:00,0.532,0.532,0.532,0.532,100,0
2015-02-02,20:40:00,0.5319,0.532,0.531,0.531,2600,0
2015-02-02,20:50:00,0.5319,0.5319,0.531,0.531,2000,0
2015-02-02,21:00:00,0.532,0.532,0.532,0.532,100,0
2015-02-02,21:10:00,0.5319,0.5319,0.5319,0.5319,200,0
2015-02-02,21:15:00,0.5311,0.5311,0.531,0.531,200,0
2015-02-02,21:20:00,0.531,0.54,0.531,0.5324,10846,0
2015-02-02,21:25:00,0.5324,0.5324,0.5324,0.5324,200,0
2015-02-02,21:30:00,0.5399,0.5399,0.5399,0.5399,1100,0
2015-02-02,21:40:00,0.535,0.535,0.535,0.535,2100,0
2015-02-02,21:45:00,0.535,0.535,0.534,0.534,566,0
2015-02-02,21:50:00,0.534,0.54,0.534,0.54,16192,0
2015-02-02,21:55:00,0.5501,0.56,0.55,0.56,25012,0
2015-02-02,22:00:00,0.56,0.5699,0.56,0.5638,29700,0
2015-02-03,15:40:00,0.565,0.565,0.565,0.565,3000,0
2015-02-03,15:45:00,0.5699,0.5718,0.5603,0.57,8500,0
2015-02-03,15:50:00,0.5652,0.5998,0.5647,0.5843,57774,0
2015-02-03,15:55:00,0.597,0.5997,0.58,0.58,21361,0
2015-02-03,16:00:00,0.5803,0.59,0.58,0.58,30447,0
2015-02-03,16:05:00,0.5818,0.582,0.58,0.582,9300,0
2015-02-03,16:10:00,0.5816,0.5816,0.5816,0.5816,500,0
2015-02-03,16:15:00,0.5817,0.585,0.5817,0.585,10500,0
2015-02-03,16:20:00,0.5802,0.5802,0.5801,0.5801,1100,0
2015-02-03,16:25:00,0.5817,0.5817,0.5817,0.5817,508,0
2015-02-03,16:30:00,0.5802,0.5802,0.5801,0.5802,1300,0
2015-02-03,16:35:00,0.5802,0.5818,0.5801,0.5801,2900,0
2015-02-03,16:45:00,0.5815,0.585,0.5815,0.584,11000,0
2015-02-03,16:50:00,0.5805,0.585,0.58,0.58,10075,0
2015-02-03,16:55:00,0.5801,0.5801,0.5801,0.5801,100,0
2015-02-03,17:00:00,0.5802,0.5802,0.5802,0.5802,200,0
2015-02-03,17:05:00,0.5802,0.5805,0.58,0.5801,4100,0
2015-02-03,17:10:00,0.5846,0.5846,0.5801,0.5846,800,0
2015-02-03,17:15:00,0.5803,0.5804,0.5803,0.5804,1100,0
2015-02-03,17:20:00,0.5846,0.5846,0.5801,0.5801,11800,0
2015-02-03,17:25:00,0.5802,0.5803,0.5802,0.5803,2761,0
2015-02-03,17:30:00,0.5845,0.5845,0.5845,0.5845,300,0
2015-02-03,17:35:00,0.5845,0.5845,0.5845,0.5845,200,0
2015-02-03,17:40:00,0.5844,0.5845,0.5831,0.5845,1100,0
2015-02-03,17:45:00,0.5845,0.5846,0.5813,0.5813,7132,0
2015-02-03,17:50:00,0.5833,0.5833,0.5813,0.5814,2300,0
2015-02-03,17:55:00,0.5816,0.5823,0.5816,0.5823,5500,0
2015-02-03,18:00:00,0.5813,0.5831,0.5813,0.5831,969,0
2015-02-03,18:05:00,0.5801,0.5801,0.5801,0.5801,10000,0
2015-02-03,18:10:00,0.5835,0.5839,0.5802,0.5802,500,0
2015-02-03,18:15:00,0.5802,0.5812,0.57,0.58,25632,0
2015-02-03,18:20:00,0.57,0.5801,0.57,0.57,24200,0
2015-02-03,18:25:00,0.57,0.5712,0.57,0.5712,13900,0
2015-02-03,18:30:00,0.5798,0.58,0.5798,0.58,6630,0
2015-02-03,18:35:00,0.5801,0.5801,0.57,0.57,9570,0
2015-02-03,18:40:00,0.5701,0.5799,0.57,0.5751,60425,0
2015-02-03,18:45:00,0.575,0.575,0.575,0.575,300,0
2015-02-03,18:50:00,0.575,0.575,0.575,0.575,400,0
2015-02-03,18:55:00,0.5768,0.58,0.57,0.57,35800,0
2015-02-03,19:00:00,0.5602,0.5603,0.5602,0.5603,1500,0
2015-02-03,19:05:00,0.562,0.57,0.56,0.5612,20386,0
2015-02-03,19:10:00,0.5602,0.566,0.5602,0.566,2200,0
2015-02-03,19:15:00,0.5657,0.5657,0.5611,0.5611,1100,0
2015-02-03,19:20:00,0.5657,0.5657,0.5611,0.5611,1200,0
2015-02-03,19:25:00,0.5621,0.5621,0.5613,0.5614,2700,0
2015-02-03,19:30:00,0.5613,0.5613,0.56,0.5601,7500,0
2015-02-03,19:35:00,0.5601,0.5601,0.5601,0.5601,1100,0
2015-02-03,19:40:00,0.56,0.5601,0.555,0.5551,54655,0
2015-02-03,19:45:00,0.5591,0.5591,0.5591,0.5591,200,0
2015-02-03,19:50:00,0.5629,0.5629,0.5629,0.5629,206,0
2015-02-03,20:05:00,0.5644,0.57,0.5614,0.5614,25803,0
2015-02-03,20:10:00,0.568,0.568,0.568,0.568,200,0
2015-02-03,20:15:00,0.57,0.57,0.5699,0.5699,5976,0
2015-02-03,20:25:00,0.57,0.57,0.57,0.57,1376,0
2015-02-03,20:30:00,0.57,0.579,0.57,0.5709,17824,0
2015-02-03,20:45:00,0.5751,0.5752,0.5751,0.5752,689,0
2015-02-03,20:50:00,0.5789,0.58,0.5785,0.58,10500,0
2015-02-03,20:55:00,0.579,0.58,0.5776,0.58,7200,0
2015-02-03,21:00:00,0.58,0.58,0.58,0.58,100,0
2015-02-03,21:05:00,0.58,0.58,0.579,0.5799,25618,0
2015-02-03,21:10:00,0.5799,0.5799,0.565,0.565,22232,0
2015-02-03,21:15:00,0.5799,0.5799,0.5789,0.5799,20162,0
2015-02-03,21:20:00,0.5799,0.5799,0.5799,0.5799,500,0
2015-02-03,21:25:00,0.5796,0.5799,0.5716,0.5784,11669,0
2015-02-03,21:30:00,0.5799,0.5799,0.5799,0.5799,962,0
2015-02-03,21:40:00,0.5767,0.5799,0.5748,0.576,12248,0
2015-02-03,21:45:00,0.5799,0.5799,0.5799,0.5799,600,0
2015-02-03,21:50:00,0.5799,0.58,0.5768,0.58,17932,0
2015-02-03,21:55:00,0.58,0.58,0.5799,0.5799,3158,0
2015-02-03,22:00:00,0.58,0.5846,0.58,0.5841,49575,0
2015-02-04,15:35:00,0.5896,0.5896,0.588,0.588,2400,0
2015-02-04,15:40:00,0.588,0.588,0.5837,0.5838,16642,0
2015-02-04,15:45:00,0.5839,0.595,0.5839,0.595,3207,0
2015-02-04,15:50:00,0.5901,0.5938,0.59,0.5938,12234,0
2015-02-04,15:55:00,0.5901,0.595,0.5901,0.595,19385,0
2015-02-04,16:00:00,0.595,0.62,0.5949,0.62,22942,0
2015-02-04,16:05:00,0.6199,0.63,0.6199,0.63,16462,0
2015-02-04,16:10:00,0.63,0.64,0.6201,0.64,17390,0
2015-02-04,16:15:00,0.64,0.6499,0.6158,0.62,43730,0
2015-02-04,16:20:00,0.6116,0.62,0.6115,0.62,26750,0
2015-02-04,16:25:00,0.62,0.62,0.615,0.6198,10227,0
2015-02-04,16:30:00,0.6198,0.6199,0.6198,0.6199,17487,0
2015-02-04,16:35:00,0.6198,0.6198,0.6198,0.6198,1000,0
2015-02-04,16:40:00,0.6198,0.62,0.6198,0.62,13302,0
2015-02-04,16:45:00,0.62,0.62,0.62,0.62,150,0
2015-02-04,16:50:00,0.6199,0.6199,0.6198,0.6198,3140,0
2015-02-04,16:55:00,0.6198,0.6207,0.6151,0.6207,14114,0
2015-02-04,17:00:00,0.621,0.6397,0.621,0.6309,22250,0
2015-02-04,17:05:00,0.6394,0.64,0.6394,0.64,29540,0
2015-02-04,17:10:00,0.64,0.6849,0.64,0.68,111618,0
2015-02-04,17:15:00,0.6795,0.6848,0.6628,0.67,90089,0
2015-02-04,17:20:00,0.67,0.673,0.66,0.6625,31188,0
2015-02-04,17:25:00,0.6697,0.67,0.6582,0.67,25490,0
2015-02-04,17:30:00,0.6699,0.67,0.651,0.6598,7745,0
2015-02-04,17:35:00,0.6598,0.6598,0.6516,0.6598,9250,0
2015-02-04,17:40:00,0.6597,0.6598,0.6516,0.6516,4150,0
2015-02-04,17:45:00,0.6598,0.6598,0.6586,0.6598,1700,0
2015-02-04,17:50:00,0.6597,0.6598,0.6516,0.6523,8000,0
2015-02-04,17:55:00,0.6595,0.6595,0.64,0.6486,45638,0
2015-02-04,18:00:00,0.6486,0.6486,0.64,0.6486,14156,0
2015-02-04,18:05:00,0.64,0.64,0.64,0.64,250,0
2015-02-04,18:10:00,0.64,0.64,0.6282,0.64,10968,0
2015-02-04,18:15:00,0.6325,0.64,0.63,0.6397,11900,0
2015-02-04,18:20:00,0.6398,0.64,0.6398,0.64,9200,0
2015-02-04,18:25:00,0.6429,0.6496,0.6429,0.6492,14090,0
2015-02-04,18:30:00,0.6493,0.6493,0.646,0.646,11400,0
2015-02-04,18:35:00,0.6459,0.6459,0.6447,0.6447,11000,0
2015-02-04,18:40:00,0.6405,0.6447,0.621,0.6398,15316,0
2015-02-04,18:45:00,0.6398,0.6398,0.6359,0.6359,2056,0
2015-02-04,18:50:00,0.6359,0.64,0.6359,0.6398,4940,0
2015-02-04,18:55:00,0.6398,0.645,0.629,0.6374,111550,0
2015-02-04,19:00:00,0.6211,0.63,0.62,0.6297,19864,0
2015-02-04,19:05:00,0.6296,0.6296,0.59,0.59,38133,0
2015-02-04,19:10:00,0.5941,0.6075,0.5941,0.6075,2890,0
2015-02-04,19:15:00,0.6074,0.6199,0.6074,0.6198,9022,0
2015-02-04,19:20:00,0.6199,0.6199,0.6188,0.6199,17850,0
2015-02-04,19:30:00,0.6199,0.6199,0.6199,0.6199,600,0
2015-02-04,19:35:00,0.616,0.6366,0.616,0.6366,5000,0
2015-02-04,19:40:00,0.6367,0.6368,0.6367,0.6368,5790,0
2015-02-04,19:45:00,0.6367,0.6367,0.6367,0.6367,900,0
2015-02-04,19:50:00,0.6367,0.6367,0.62,0.63,6695,0
2015-02-04,19:55:00,0.63,0.6366,0.63,0.6301,4245,0
2015-02-04,20:00:00,0.6299,0.6367,0.6296,0.634,10000,0
2015-02-04,20:05:00,0.624,0.638,0.62,0.638,11379,0
2015-02-04,20:10:00,0.6368,0.64,0.6368,0.64,10200,0
2015-02-04,20:15:00,0.6399,0.65,0.6399,0.6454,27400,0
2015-02-04,20:20:00,0.65,0.65,0.6498,0.6499,2600,0
2015-02-04,20:25:00,0.6438,0.6488,0.64,0.6444,1800,0
2015-02-04,20:30:00,0.6485,0.6485,0.6475,0.6484,2350,0
2015-02-04,20:40:00,0.6485,0.6485,0.6411,0.6411,1200,0
2015-02-04,20:45:00,0.6411,0.6411,0.6411,0.6411,2000,0
2015-02-04,20:50:00,0.6439,0.6484,0.638,0.638,47700,0
2015-02-04,20:55:00,0.6398,0.6398,0.6398,0.6398,100,0
2015-02-04,21:00:00,0.6396,0.6396,0.6396,0.6396,500,0
2015-02-04,21:05:00,0.6397,0.64,0.638,0.6388,19439,0
2015-02-04,21:10:00,0.6387,0.6387,0.638,0.6383,1100,0
2015-02-04,21:15:00,0.639,0.6403,0.63,0.6308,14547,0
2015-02-04,21:20:00,0.631,0.6347,0.631,0.6347,10192,0
2015-02-04,21:25:00,0.631,0.6345,0.631,0.6344,8800,0
2015-02-04,21:30:00,0.631,0.6411,0.62,0.62,31142,0
2015-02-04,21:35:00,0.6201,0.6398,0.62,0.62,13300,0
2015-02-04,21:40:00,0.6398,0.6398,0.62,0.6377,8100,0
2015-02-04,21:45:00,0.6397,0.6397,0.62,0.621,900,0
2015-02-04,21:50:00,0.621,0.6257,0.621,0.621,1618,0
2015-02-04,21:55:00,0.621,0.6298,0.62,0.621,6700,0
2015-02-04,22:00:00,0.6395,0.6397,0.62,0.62,32681,0
2015-02-05,15:35:00,0.62,0.6298,0.62,0.62,11000,0
2015-02-05,15:40:00,0.6299,0.6299,0.6299,0.6299,100,0
2015-02-05,15:45:00,0.6203,0.6203,0.6203,0.6203,200,0
2015-02-05,15:50:00,0.629,0.629,0.6201,0.629,3000,0
2015-02-05,15:55:00,0.6231,0.629,0.6231,0.629,1300,0
2015-02-05,16:00:00,0.624,0.629,0.6205,0.629,2300,0
2015-02-05,16:05:00,0.6244,0.6299,0.6244,0.6299,5800,0
2015-02-05,16:10:00,0.6299,0.6299,0.6253,0.6253,400,0
2015-02-05,16:15:00,0.625,0.6295,0.621,0.6295,14500,0
2015-02-05,16:20:00,0.6252,0.6252,0.6252,0.6252,700,0
2015-02-05,16:25:00,0.6224,0.6241,0.6224,0.6241,1900,0
2015-02-05,16:30:00,0.6214,0.6299,0.6211,0.6229,3000,0
2015-02-05,16:35:00,0.6299,0.6299,0.6289,0.6299,3400,0
2015-02-05,16:45:00,0.623,0.623,0.623,0.623,100,0
2015-02-05,16:50:00,0.6238,0.6238,0.6238,0.6238,500,0
2015-02-05,17:00:00,0.6245,0.6245,0.6244,0.6244,200,0
2015-02-05,17:05:00,0.6214,0.6299,0.6213,0.6299,5700,0
2015-02-05,17:10:00,0.6298,0.6298,0.6298,0.6298,494,0
2015-02-05,17:15:00,0.623,0.6246,0.623,0.6246,200,0
2015-02-05,17:25:00,0.6247,0.6247,0.6247,0.6247,300,0
2015-02-05,17:30:00,0.6217,0.6299,0.6217,0.6291,5300,0
2015-02-05,17:35:00,0.6291,0.6299,0.6291,0.6299,20597,0
2015-02-05,17:40:00,0.6299,0.6299,0.6299,0.6299,900,0
2015-02-05,17:45:00,0.6299,0.6303,0.6298,0.6301,12700,0
2015-02-05,17:55:00,0.6368,0.6368,0.6301,0.6313,700,0
2015-02-05,18:05:00,0.6313,0.6401,0.6302,0.6401,27100,0
2015-02-05,18:10:00,0.6499,0.6501,0.6381,0.6501,4800,0
2015-02-05,18:15:00,0.6501,0.6501,0.6501,0.6501,300,0
2015-02-05,18:20:00,0.6501,0.6538,0.6501,0.6538,1200,0
2015-02-05,18:25:00,0.654,0.66,0.65,0.65,56071,0
2015-02-05,18:30:00,0.6548,0.6548,0.64,0.64,1100,0
2015-02-05,18:35:00,0.64,0.6525,0.64,0.6525,1100,0
2015-02-05,18:40:00,0.6501,0.6501,0.6501,0.6501,20100,0
2015-02-05,18:45:00,0.6501,0.6502,0.6501,0.6502,2400,0
2015-02-05,18:50:00,0.6533,0.655,0.6533,0.655,1500,0
2015-02-05,18:55:00,0.655,0.6552,0.655,0.6552,3600,0
2015-02-05,19:00:00,0.6552,0.6572,0.6552,0.6571,10600,0
2015-02-05,19:05:00,0.6571,0.6571,0.6571,0.6571,2300,0
2015-02-05,19:10:00,0.6572,0.6572,0.6572,0.6572,2400,0
2015-02-05,19:15:00,0.6571,0.6571,0.64,0.6437,33089,0
2015-02-05,19:25:00,0.6419,0.642,0.6419,0.642,315,0
2015-02-05,19:30:00,0.6427,0.6501,0.6426,0.6501,800,0
2015-02-05,19:35:00,0.65,0.658,0.65,0.658,19600,0
2015-02-05,19:40:00,0.655,0.655,0.6402,0.6402,1000,0
2015-02-05,19:55:00,0.6439,0.6439,0.6411,0.6411,476,0
2015-02-05,20:00:00,0.6498,0.6498,0.6498,0.6498,200,0
2015-02-05,20:05:00,0.6411,0.6436,0.6402,0.6402,1575,0
2015-02-05,20:10:00,0.6402,0.6432,0.6402,0.6432,8500,0
2015-02-05,20:15:00,0.6402,0.6402,0.6402,0.6402,800,0
2015-02-05,20:20:00,0.6402,0.6498,0.6402,0.6498,10900,0
2015-02-05,20:25:00,0.6404,0.6497,0.6404,0.6404,1846,0
2015-02-05,20:35:00,0.6402,0.6406,0.6402,0.6402,19600,0
2015-02-05,20:40:00,0.6483,0.6483,0.6407,0.6407,500,0
2015-02-05,20:45:00,0.6407,0.6481,0.6407,0.6481,900,0
2015-02-05,20:50:00,0.6408,0.6445,0.6408,0.6445,2100,0
2015-02-05,20:55:00,0.6403,0.6423,0.6402,0.641,1700,0
2015-02-05,21:00:00,0.6403,0.6408,0.6403,0.6403,900,0
2015-02-05,21:05:00,0.6424,0.6445,0.6402,0.6402,3900,0
2015-02-05,21:10:00,0.6402,0.6445,0.6402,0.6402,900,0
2015-02-05,21:15:00,0.6402,0.6402,0.63,0.63,11020,0
2015-02-05,21:20:00,0.63,0.6331,0.63,0.6322,5828,0
2015-02-05,21:25:00,0.6323,0.6332,0.6323,0.6323,7900,0
2015-02-05,21:30:00,0.6324,0.6332,0.6324,0.6332,7024,0
2015-02-05,21:35:00,0.6332,0.6332,0.6326,0.6332,2000,0
2015-02-05,21:40:00,0.6328,0.633,0.6322,0.6323,10000,0
2015-02-05,21:45:00,0.6327,0.6333,0.6323,0.6333,11424,0
2015-02-05,21:50:00,0.6333,0.6333,0.6328,0.6331,2400,0
2015-02-05,21:55:00,0.6331,0.6333,0.633,0.633,14553,0
2015-02-05,22:00:00,0.633,0.6401,0.63,0.63,62553,0
2015-02-06,15:40:00,0.65,0.65,0.65,0.65,264,0
2015-02-06,15:45:00,0.6356,0.6363,0.6356,0.6363,11000,0
2015-02-06,15:50:00,0.6499,0.6499,0.6363,0.6368,6330,0
2015-02-06,15:55:00,0.6449,0.6449,0.6448,0.6448,1520,0
2015-02-06,16:00:00,0.6449,0.6449,0.6443,0.6449,2405,0
2015-02-06,16:10:00,0.6449,0.6449,0.6389,0.6389,400,0
2015-02-06,16:20:00,0.6377,0.6377,0.6356,0.6356,16200,0
2015-02-06,16:25:00,0.6378,0.6382,0.6378,0.6379,6800,0
2015-02-06,16:30:00,0.6379,0.6379,0.6369,0.6369,2100,0
2015-02-06,16:35:00,0.6369,0.6369,0.631,0.631,8100,0
2015-02-06,16:40:00,0.6341,0.6341,0.6298,0.6298,3369,0
2015-02-06,16:50:00,0.624,0.6258,0.6239,0.6239,5530,0
2015-02-06,16:55:00,0.6239,0.6297,0.62,0.6297,24848,0
2015-02-06,17:00:00,0.6219,0.6292,0.62,0.6292,36116,0
2015-02-06,17:10:00,0.6255,0.6255,0.6255,0.6255,1000,0
2015-02-06,17:15:00,0.625,0.625,0.62,0.62,23300,0
2015-02-06,17:25:00,0.6292,0.6292,0.6292,0.6292,200,0
2015-02-06,17:30:00,0.6203,0.6211,0.6201,0.6211,5300,0
2015-02-06,17:35:00,0.6201,0.6201,0.6201,0.6201,400,0
2015-02-06,17:40:00,0.6269,0.6269,0.6269,0.6269,100,0
2015-02-06,17:50:00,0.6201,0.6209,0.6201,0.6208,6700,0
2015-02-06,17:55:00,0.6264,0.6264,0.6264,0.6264,150,0
2015-02-06,18:05:00,0.6264,0.6264,0.6264,0.6264,1373,0
2015-02-06,18:10:00,0.6264,0.6276,0.6264,0.6276,5000,0
2015-02-06,18:20:00,0.6205,0.6263,0.6205,0.6262,3225,0
2015-02-06,18:25:00,0.6262,0.64,0.6205,0.6261,56646,0
2015-02-06,18:35:00,0.6379,0.6379,0.6379,0.6379,250,0
2015-02-06,18:45:00,0.638,0.638,0.638,0.638,100,0
2015-02-06,18:50:00,0.638,0.639,0.638,0.639,1200,0
2015-02-06,18:55:00,0.639,0.639,0.639,0.639,100,0
2015-02-06,19:00:00,0.639,0.639,0.639,0.639,200,0
2015-02-06,19:05:00,0.6359,0.6359,0.6359,0.6359,600,0
2015-02-06,19:15:00,0.6359,0.6359,0.6325,0.6326,1117,0
2015-02-06,19:20:00,0.6359,0.6359,0.6359,0.6359,100,0
2015-02-06,19:25:00,0.6358,0.6358,0.6328,0.6328,2600,0
2015-02-06,19:30:00,0.6344,0.6344,0.6336,0.6344,300,0
2015-02-06,19:35:00,0.6344,0.6395,0.6328,0.6328,3643,0
2015-02-06,19:40:00,0.6385,0.64,0.6328,0.6328,3000,0
2015-02-06,19:45:00,0.6427,0.65,0.64,0.6402,18800,0
2015-02-06,19:50:00,0.6403,0.66,0.6403,0.66,12486,0
2015-02-06,19:55:00,0.655,0.655,0.6501,0.6501,4630,0
2015-02-06,20:05:00,0.65,0.65,0.6483,0.65,4784,0
2015-02-06,20:10:00,0.6467,0.6467,0.64,0.64,7044,0
2015-02-06,20:15:00,0.6486,0.65,0.64,0.6499,19604,0
2015-02-06,20:20:00,0.64,0.6401,0.64,0.6401,2625,0
2015-02-06,20:25:00,0.6401,0.65,0.64,0.64,19100,0
2015-02-06,20:30:00,0.64,0.6401,0.64,0.6401,12400,0
2015-02-06,20:35:00,0.64,0.6401,0.64,0.64,5400,0
2015-02-06,20:40:00,0.64,0.6401,0.64,0.64,1800,0
2015-02-06,20:45:00,0.644,0.6444,0.64,0.64,3895,0
2015-02-06,20:50:00,0.64,0.6401,0.64,0.64,1200,0
2015-02-06,20:55:00,0.64,0.6402,0.64,0.6402,700,0
2015-02-06,21:00:00,0.6402,0.6402,0.6401,0.6401,1100,0
2015-02-06,21:05:00,0.6402,0.65,0.6401,0.6401,10700,0
2015-02-06,21:10:00,0.6402,0.6402,0.64,0.6401,3386,0
2015-02-06,21:15:00,0.64,0.64,0.64,0.64,200,0
2015-02-06,21:20:00,0.64,0.6401,0.64,0.64,2660,0
2015-02-06,21:25:00,0.64,0.64,0.6206,0.6206,22993,0
2015-02-06,21:30:00,0.627,0.627,0.62,0.62,12300,0
2015-02-06,21:35:00,0.62,0.62,0.62,0.62,6300,0
2015-02-06,21:40:00,0.62,0.629,0.62,0.6241,1300,0
2015-02-06,21:45:00,0.6241,0.6289,0.6241,0.6246,1400,0
2015-02-06,21:50:00,0.6247,0.6287,0.6241,0.6241,1300,0
2015-02-06,21:55:00,0.6241,0.6242,0.624,0.624,7554,0
2015-02-06,22:00:00,0.624,0.63,0.62,0.62,52490,0
2015-02-09,15:35:00,0.647,0.6501,0.64,0.65,33208,0
2015-02-09,15:40:00,0.6452,0.65,0.6398,0.6399,15000,0
2015-02-09,15:50:00,0.6311,0.639,0.6311,0.639,5775,0
2015-02-09,15:55:00,0.64,0.64,0.64,0.64,1100,0
2015-02-09,16:00:00,0.6401,0.6557,0.6401,0.6557,16243,0
2015-02-09,16:05:00,0.6501,0.6501,0.6436,0.6477,9075,0
2015-02-09,16:10:00,0.644,0.6478,0.6401,0.6478,9800,0
2015-02-09,16:20:00,0.65,0.65,0.6491,0.65,2200,0
2015-02-09,16:25:00,0.65,0.65,0.65,0.65,1000,0
2015-02-09,16:30:00,0.65,0.65,0.6492,0.65,1500,0
2015-02-09,16:35:00,0.65,0.65,0.65,0.65,2000,0
2015-02-09,16:45:00,0.6506,0.6506,0.65,0.65,3256,0
2015-02-09,16:50:00,0.6481,0.6537,0.6445,0.6537,5320,0
2015-02-09,16:55:00,0.65,0.65,0.65,0.65,600,0
2015-02-09,17:00:00,0.6499,0.65,0.6499,0.65,11310,0
2015-02-09,17:10:00,0.65,0.65,0.65,0.65,2535,0
2015-02-09,17:15:00,0.65,0.65,0.64,0.65,36204,0
2015-02-09,17:25:00,0.6301,0.6301,0.6301,0.6301,500,0
2015-02-09,17:30:00,0.6389,0.6389,0.6303,0.6303,3500,0
2015-02-09,17:35:00,0.64,0.64,0.6306,0.6306,2153,0
2015-02-09,17:40:00,0.64,0.64,0.6306,0.6306,1400,0
2015-02-09,17:45:00,0.64,0.64,0.6306,0.6306,39527,0
2015-02-09,17:50:00,0.6311,0.6311,0.6311,0.6311,4300,0
2015-02-09,18:05:00,0.64,0.64,0.64,0.64,400,0
2015-02-09,18:20:00,0.6312,0.6312,0.6312,0.6312,2000,0
2015-02-09,18:25:00,0.64,0.64,0.64,0.64,200,0
2015-02-09,18:30:00,0.64,0.64,0.64,0.64,100,0
2015-02-09,18:35:00,0.64,0.64,0.6399,0.6399,6423,0
2015-02-09,18:40:00,0.64,0.64,0.6399,0.6399,4100,0
2015-02-09,18:50:00,0.64,0.64,0.64,0.64,3000,0
2015-02-09,19:00:00,0.6357,0.6357,0.6357,0.6357,280,0
2015-02-09,19:10:00,0.6353,0.6401,0.6353,0.6401,1000,0
2015-02-09,19:15:00,0.6401,0.6406,0.6401,0.6406,900,0
2015-02-09,19:35:00,0.65,0.65,0.65,0.65,100,0
2015-02-09,19:50:00,0.6461,0.6461,0.6461,0.6461,200,0
2015-02-09,19:55:00,0.647,0.647,0.6422,0.6423,15242,0
2015-02-09,20:00:00,0.6423,0.6423,0.6412,0.6423,19443,0
2015-02-09,20:10:00,0.6423,0.643,0.6406,0.643,5838,0
2015-02-09,20:15:00,0.6407,0.6407,0.6407,0.6407,3800,0
2015-02-09,20:20:00,0.6403,0.6403,0.6403,0.6403,1400,0
2015-02-09,20:25:00,0.6403,0.6403,0.6403,0.6403,100,0
2015-02-09,20:35:00,0.641,0.641,0.641,0.641,2200,0
2015-02-09,20:40:00,0.641,0.65,0.641,0.65,14200,0
2015-02-09,20:45:00,0.6429,0.66,0.6408,0.6408,38076,0
2015-02-09,20:50:00,0.6512,0.6551,0.6501,0.6543,6750,0
2015-02-09,20:55:00,0.65,0.653,0.65,0.6505,2600,0
2015-02-09,21:00:00,0.6504,0.653,0.6501,0.653,900,0
2015-02-09,21:05:00,0.66,0.6647,0.6549,0.6549,6290,0
2015-02-09,21:10:00,0.66,0.665,0.653,0.662,41680,0
2015-02-09,21:15:00,0.6531,0.66,0.6531,0.6599,14420,0
2015-02-09,21:20:00,0.66,0.685,0.6542,0.68,74225,0
2015-02-09,21:25:00,0.68,0.699,0.6752,0.699,99280,0
2015-02-09,21:30:00,0.695,0.7,0.68,0.6993,53831,0
2015-02-09,21:35:00,0.7,0.75,0.6999,0.75,197622,0
2015-02-09,21:40:00,0.7401,0.75,0.73,0.737,195287,0
2015-02-09,21:45:00,0.737,0.768,0.7354,0.74,213311,0
2015-02-09,21:50:00,0.74,0.77,0.74,0.7698,117870,0
2015-02-09,21:55:00,0.774,0.8275,0.764,0.8,286207,0
2015-02-09,22:00:00,0.7901,0.81,0.771,0.8098,285753,0
2015-02-10,15:35:00,0.95,0.98,0.8701,0.908,499612,0
2015-02-10,15:40:00,0.905,0.948,0.9,0.927,289942,0
2015-02-10,15:45:00,0.927,0.93,0.91,0.9105,142592,0
2015-02-10,15:50:00,0.9198,0.92,0.9,0.9149,145308,0
2015-02-10,15:55:00,0.9195,0.9195,0.8901,0.8901,98923,0
2015-02-10,16:00:00,0.89,0.9,0.8718,0.8988,104689,0
2015-02-10,16:05:00,0.89,0.89,0.8815,0.8815,29896,0
2015-02-10,16:10:00,0.883,0.8878,0.87,0.88,75424,0
2015-02-10,16:15:00,0.8888,0.909,0.8888,0.8981,152392,0
2015-02-10,16:20:00,0.9,0.9,0.89,0.8965,52954,0
2015-02-10,16:25:00,0.8902,0.9,0.89,0.8904,47377,0
2015-02-10,16:30:00,0.892,0.9099,0.891,0.9073,74350,0
2015-02-10,16:35:00,0.9099,0.9194,0.9001,0.91,56284,0
2015-02-10,16:40:00,0.911,0.9144,0.893,0.897,89818,0
2015-02-10,16:45:00,0.899,0.9194,0.899,0.9062,55060,0
2015-02-10,16:50:00,0.914,0.9299,0.9047,0.924,94616,0
2015-02-10,16:55:00,0.9243,0.9265,0.9031,0.9145,47720,0
2015-02-10,17:00:00,0.9189,0.9197,0.91,0.9196,33200,0
2015-02-10,17:05:00,0.9174,0.93,0.915,0.93,14750,0
2015-02-10,17:10:00,0.9264,0.9296,0.92,0.9294,27092,0
2015-02-10,17:15:00,0.9207,0.93,0.9201,0.9211,19018,0
2015-02-10,17:20:00,0.921,0.9339,0.9201,0.933,51537,0
2015-02-10,17:25:00,0.9305,0.94,0.9305,0.94,69653,0
2015-02-10,17:30:00,0.9398,0.975,0.9395,0.9695,219021,0
2015-02-10,17:35:00,0.9739,0.9796,0.952,0.961,268919,0
2015-02-10,17:40:00,0.96,0.9752,0.9522,0.963,146632,0
2015-02-10,17:45:00,0.9621,0.9686,0.9445,0.9513,129796,0
2015-02-10,17:50:00,0.96,0.9684,0.9511,0.9511,51400,0
2015-02-10,17:55:00,0.9519,0.952,0.914,0.9289,184699,0
2015-02-10,18:00:00,0.923,0.9394,0.92,0.939,80068,0
2015-02-10,18:05:00,0.9394,0.9394,0.93,0.9389,55410,0
2015-02-10,18:10:00,0.936,0.9579,0.936,0.9499,94320,0
2015-02-10,18:15:00,0.95,0.959,0.9499,0.95,90010,0
2015-02-10,18:20:00,0.95,0.958,0.945,0.9499,56816,0
2015-02-10,18:25:00,0.95,0.9568,0.95,0.9568,24100,0
2015-02-10,18:30:00,0.9533,0.957,0.95,0.95,20364,0
2015-02-10,18:35:00,0.955,0.9569,0.935,0.9449,68358,0
2015-02-10,18:40:00,0.9414,0.9449,0.9301,0.9399,46650,0
2015-02-10,18:45:00,0.915,0.94,0.822,0.86,380915,0
2015-02-10,18:50:00,0.86,0.897,0.86,0.894,154256,0
2015-02-10,18:55:00,0.894,0.91,0.89,0.89,74250,0
2015-02-10,19:00:00,0.8998,0.8999,0.8901,0.8908,32770,0
2015-02-10,19:05:00,0.8905,0.9106,0.8903,0.91,52748,0
2015-02-10,19:10:00,0.9196,0.9196,0.892,0.9094,52296,0
2015-02-10,19:15:00,0.9,0.9,0.8602,0.87,95675,0
2015-02-10,19:20:00,0.875,0.8999,0.875,0.88,19700,0
2015-02-10,19:25:00,0.885,0.885,0.885,0.885,300,0
2015-02-10,19:30:00,0.89,0.8948,0.875,0.8859,21071,0
2015-02-10,19:35:00,0.8704,0.884,0.8704,0.8821,2950,0
2015-02-10,19:40:00,0.8849,0.885,0.871,0.871,9100,0
2015-02-10,19:45:00,0.875,0.8849,0.872,0.8777,31320,0
2015-02-10,19:50:00,0.872,0.872,0.8583,0.8583,40263,0
2015-02-10,19:55:00,0.859,0.8599,0.85,0.8599,70598,0
2015-02-10,20:00:00,0.851,0.8567,0.8336,0.8351,41400,0
2015-02-10,20:05:00,0.84,0.8665,0.84,0.861,36638,0
2015-02-10,20:10:00,0.8605,0.8644,0.8573,0.8573,27384,0
2015-02-10,20:15:00,0.8561,0.8599,0.85,0.855,20396,0
2015-02-10,20:20:00,0.8588,0.865,0.8503,0.865,13300,0
2015-02-10,20:25:00,0.8696,0.9,0.861,0.8699,43360,0
2015-02-10,20:30:00,0.8698,0.89,0.8698,0.89,9150,0
2015-02-10,20:35:00,0.8701,0.88,0.87,0.88,4450,0
2015-02-10,20:40:00,0.88,0.88,0.88,0.88,2500,0
2015-02-10,20:45:00,0.88,0.88,0.8603,0.8648,21182,0
2015-02-10,20:50:00,0.8603,0.8649,0.8601,0.8649,3750,0
2015-02-10,20:55:00,0.8614,0.8625,0.855,0.855,26099,0
2015-02-10,21:00:00,0.8575,0.8649,0.8575,0.8649,16269,0
2015-02-10,21:05:00,0.867,0.87,0.8666,0.87,23799,0
2015-02-10,21:10:00,0.87,0.9,0.8698,0.895,64419,0
2015-02-10,21:15:00,0.8947,0.898,0.88,0.8836,3577,0
2015-02-10,21:20:00,0.8836,0.9,0.8836,0.8932,18678,0
2015-02-10,21:25:00,0.898,0.91,0.881,0.91,82558,0
2015-02-10,21:30:00,0.9099,0.92,0.9099,0.9169,34711,0
2015-02-10,21:35:00,0.9169,0.92,0.9,0.9029,42000,0
2015-02-10,21:40:00,0.9087,0.9089,0.9001,0.9077,26016,0
2015-02-10,21:45:00,0.9088,0.9088,0.908,0.9088,5835,0
2015-02-10,21:50:00,0.9088,0.9189,0.9036,0.906,28965,0
2015-02-10,21:55:00,0.906,0.91,0.896,0.9055,71056,0
2015-02-10,22:00:00,0.9055,0.9055,0.896,0.9002,95350,0
2015-02-11,15:35:00,0.94,0.9453,0.91,0.91,167608,0
2015-02-11,15:40:00,0.91,0.925,0.9,0.9038,58521,0
2015-02-11,15:45:00,0.905,0.92,0.905,0.914,71796,0
2015-02-11,15:50:00,0.915,0.94,0.915,0.93,96020,0
2015-02-11,15:55:00,0.93,0.935,0.9021,0.903,55217,0
2015-02-11,16:00:00,0.9051,0.9299,0.9,0.9001,22531,0
2015-02-11,16:05:00,0.9,0.918,0.9,0.91,33800,0
2015-02-11,16:10:00,0.91,0.91,0.9,0.9,50282,0
2015-02-11,16:15:00,0.9,0.91,0.9,0.9031,94235,0
2015-02-11,16:20:00,0.9035,0.9096,0.9001,0.9001,35450,0
2015-02-11,16:25:00,0.9093,0.9093,0.9001,0.9003,19807,0
2015-02-11,16:30:00,0.9003,0.9038,0.9,0.9,84890,0
2015-02-11,16:35:00,0.9,0.9001,0.9,0.9,60121,0
2015-02-11,16:40:00,0.9,0.9001,0.8854,0.8976,99705,0
2015-02-11,16:45:00,0.8906,0.8906,0.8833,0.8865,13289,0
2015-02-11,16:50:00,0.8812,0.8933,0.8812,0.891,38442,0
2015-02-11,16:55:00,0.8899,0.8899,0.8823,0.885,8350,0
2015-02-11,17:00:00,0.8835,0.885,0.8822,0.884,6355,0
2015-02-11,17:05:00,0.8868,0.905,0.8823,0.8982,28892,0
2015-02-11,17:10:00,0.8982,0.8999,0.89,0.89,35327,0
2015-02-11,17:15:00,0.885,0.886,0.8821,0.8836,11882,0
2015-02-11,17:20:00,0.8835,0.886,0.8835,0.886,800,0
2015-02-11,17:25:00,0.8878,0.89,0.886,0.8882,7300,0
2015-02-11,17:30:00,0.886,0.89,0.8835,0.89,9470,0
2015-02-11,17:35:00,0.8939,0.8939,0.8901,0.8901,7100,0
2015-02-11,17:40:00,0.8901,0.9,0.8901,0.8901,21900,0
2015-02-11,17:45:00,0.891,0.891,0.885,0.8887,18994,0
2015-02-11,17:50:00,0.8868,0.8874,0.885,0.886,4800,0
2015-02-11,17:55:00,0.8831,0.8973,0.88,0.8801,13778,0
2015-02-11,18:00:00,0.883,0.883,0.87,0.87,46334,0
2015-02-11,18:05:00,0.87,0.87,0.8606,0.8606,45270,0
2015-02-11,18:10:00,0.8612,0.8799,0.8606,0.869,8500,0
2015-02-11,18:15:00,0.869,0.8697,0.8606,0.8648,21459,0
2015-02-11,18:20:00,0.8621,0.8621,0.8606,0.8606,6500,0
2015-02-11,18:25:00,0.8606,0.8624,0.852,0.8527,28406,0
2015-02-11,18:30:00,0.8599,0.8599,0.824,0.84,49746,0
2015-02-11,18:35:00,0.8272,0.84,0.75,0.7999,165195,0
2015-02-11,18:40:00,0.7901,0.8098,0.78,0.8,43400,0
2015-02-11,18:45:00,0.8,0.8098,0.7901,0.7901,82135,0
2015-02-11,18:50:00,0.7801,0.8,0.78,0.78,84030,0
2015-02-11,18:55:00,0.78,0.7998,0.78,0.7998,33849,0
2015-02-11,19:00:00,0.7998,0.82,0.795,0.8,71067,0
2015-02-11,19:05:00,0.81,0.81,0.795,0.7952,34940,0
2015-02-11,19:10:00,0.7952,0.8,0.795,0.8,13100,0
2015-02-11,19:15:00,0.795,0.795,0.792,0.7921,3000,0
2015-02-11,19:20:00,0.7991,0.8019,0.7925,0.8019,52214,0
2015-02-11,19:25:00,0.7976,0.8,0.79,0.7945,32134,0
2015-02-11,19:30:00,0.7945,0.7951,0.79,0.7901,13652,0
2015-02-11,19:35:00,0.7904,0.7912,0.7901,0.7903,2700,0
2015-02-11,19:40:00,0.7903,0.796,0.78,0.78,45600,0
2015-02-11,19:45:00,0.7801,0.7996,0.78,0.7801,36127,0
2015-02-11,19:50:00,0.7899,0.7899,0.7802,0.7805,3630,0
2015-02-11,19:55:00,0.7804,0.79,0.7802,0.7899,12535,0
2015-02-11,20:00:00,0.7812,0.7894,0.7802,0.7802,10262,0
2015-02-11,20:05:00,0.7802,0.7898,0.7802,0.785,3500,0
2015-02-11,20:10:00,0.788,0.788,0.788,0.788,300,0
2015-02-11,20:15:00,0.7875,0.7875,0.7851,0.7851,1800,0
2015-02-11,20:20:00,0.7851,0.7988,0.7851,0.7988,12430,0
2015-02-11,20:25:00,0.8,0.8,0.7879,0.7879,9650,0
2015-02-11,20:30:00,0.7939,0.8,0.7939,0.8,10089,0
2015-02-11,20:35:00,0.7939,0.7964,0.7939,0.7939,10000,0
2015-02-11,20:40:00,0.7939,0.794,0.7812,0.7828,21700,0
2015-02-11,20:45:00,0.7851,0.7999,0.7851,0.79,38300,0
2015-02-11,20:50:00,0.788,0.7988,0.783,0.783,25591,0
2015-02-11,20:55:00,0.783,0.79,0.7812,0.79,20500,0
2015-02-11,21:00:00,0.79,0.7915,0.79,0.7915,3900,0
2015-02-11,21:05:00,0.7915,0.7956,0.7912,0.7912,4855,0
2015-02-11,21:10:00,0.7913,0.7913,0.785,0.785,7875,0
2015-02-11,21:15:00,0.785,0.79,0.782,0.7821,5125,0
2015-02-11,21:20:00,0.7821,0.785,0.7818,0.7818,7000,0
2015-02-11,21:25:00,0.7819,0.7897,0.7819,0.7823,16650,0
2015-02-11,21:30:00,0.783,0.789,0.78,0.78,45645,0
2015-02-11,21:35:00,0.7801,0.7825,0.7798,0.7801,54400,0
2015-02-11,21:40:00,0.78,0.7851,0.78,0.7851,4912,0
2015-02-11,21:45:00,0.7899,0.8,0.7899,0.8,17876,0
2015-02-11,21:50:00,0.8,0.8051,0.8,0.8024,10071,0
2015-02-11,21:55:00,0.8025,0.8025,0.78,0.7828,60522,0
2015-02-11,22:00:00,0.7853,0.8,0.7849,0.79,15139,0
2015-02-12,15:35:00,0.8375,0.8375,0.79,0.8,21089,0
2015-02-12,15:40:00,0.8298,0.8298,0.8,0.8294,4325,0
2015-02-12,15:45:00,0.8289,0.8289,0.8005,0.8005,23772,0
2015-02-12,15:50:00,0.8089,0.8089,0.8005,0.8087,7920,0
2015-02-12,15:55:00,0.8007,0.8087,0.8007,0.8087,2350,0
2015-02-12,16:00:00,0.8085,0.8089,0.8085,0.8089,6781,0
2015-02-12,16:05:00,0.8005,0.8016,0.8,0.8015,4600,0
2015-02-12,16:10:00,0.8008,0.8089,0.8008,0.8089,1494,0
2015-02-12,16:15:00,0.8019,0.8089,0.8,0.8,51468,0
2015-02-12,16:20:00,0.8001,0.8001,0.78,0.79,59728,0
2015-02-12,16:25:00,0.79,0.8,0.7874,0.79,26789,0
2015-02-12,16:30:00,0.7994,0.7998,0.7994,0.7998,2211,0
2015-02-12,16:35:00,0.7971,0.8036,0.7961,0.8036,15019,0
2015-02-12,16:40:00,0.8036,0.8165,0.8019,0.8165,26015,0
2015-02-12,16:45:00,0.8156,0.8176,0.8156,0.8176,1300,0
2015-02-12,16:50:00,0.8151,0.8151,0.8101,0.8101,5825,0
2015-02-12,16:55:00,0.8101,0.8101,0.8101,0.8101,2800,0
2015-02-12,17:00:00,0.8101,0.8101,0.81,0.8101,16100,0
2015-02-12,17:05:00,0.81,0.8183,0.81,0.8183,6900,0
2015-02-12,17:10:00,0.8153,0.8153,0.8144,0.8144,9200,0
2015-02-12,17:15:00,0.8156,0.83,0.8156,0.83,8323,0
2015-02-12,17:20:00,0.82,0.8228,0.82,0.8206,8428,0
2015-02-12,17:25:00,0.8205,0.8226,0.82,0.8217,9630,0
2015-02-12,17:30:00,0.8203,0.83,0.82,0.82,21700,0
2015-02-12,17:35:00,0.8299,0.8299,0.82,0.8225,11600,0
2015-02-12,17:45:00,0.82,0.82,0.819,0.819,13800,0
2015-02-12,17:50:00,0.8101,0.8101,0.81,0.81,2300,0
2015-02-12,17:55:00,0.8001,0.8053,0.8001,0.8005,3967,0
2015-02-12,18:00:00,0.8002,0.8002,0.8002,0.8002,800,0
2015-02-12,18:05:00,0.8057,0.82,0.8057,0.82,51500,0
2015-02-12,18:10:00,0.8198,0.8198,0.8198,0.8198,225,0
2015-02-12,18:15:00,0.814,0.8198,0.814,0.8198,5150,0
2015-02-12,18:25:00,0.8101,0.8101,0.8028,0.8029,3400,0
2015-02-12,18:35:00,0.8098,0.8098,0.8002,0.8005,3600,0
2015-02-12,18:40:00,0.8005,0.8005,0.8001,0.8002,4500,0
2015-02-12,18:45:00,0.8001,0.8001,0.795,0.795,33628,0
2015-02-12,18:50:00,0.7951,0.7959,0.795,0.7959,4946,0
2015-02-12,18:55:00,0.7943,0.7943,0.78,0.782,19460,0
2015-02-12,19:00:00,0.7831,0.786,0.7831,0.7847,9800,0
2015-02-12,19:05:00,0.7859,0.79,0.7859,0.79,3000,0
2015-02-12,19:10:00,0.7938,0.7989,0.7938,0.7989,400,0
2015-02-12,19:15:00,0.7938,0.7938,0.7938,0.7938,277,0
2015-02-12,19:20:00,0.7938,0.7938,0.7938,0.7938,7000,0
2015-02-12,19:25:00,0.7938,0.7938,0.7927,0.7927,800,0
2015-02-12,19:30:00,0.7921,0.7921,0.7915,0.7915,2400,0
2015-02-12,19:35:00,0.7911,0.7911,0.7907,0.7908,2020,0
2015-02-12,19:45:00,0.7908,0.7908,0.7907,0.7907,2800,0
2015-02-12,19:50:00,0.7904,0.7905,0.7904,0.7905,1200,0
2015-02-12,19:55:00,0.79,0.79,0.7893,0.7893,900,0
2015-02-12,20:00:00,0.7893,0.7893,0.7889,0.789,652,0
2015-02-12,20:10:00,0.7889,0.7889,0.7889,0.7889,100,0
2015-02-12,20:15:00,0.787,0.7872,0.7863,0.7863,5600,0
2015-02-12,20:20:00,0.7859,0.7859,0.7859,0.7859,2800,0
2015-02-12,20:25:00,0.7859,0.786,0.7859,0.786,4300,0
2015-02-12,20:30:00,0.786,0.786,0.786,0.786,2300,0
2015-02-12,20:35:00,0.786,0.786,0.786,0.786,1400,0
2015-02-12,20:40:00,0.7873,0.7882,0.7873,0.7882,1600,0
2015-02-12,20:45:00,0.7872,0.7872,0.7859,0.7859,15700,0
2015-02-12,20:50:00,0.7859,0.786,0.7859,0.786,12032,0
2015-02-12,21:00:00,0.7859,0.786,0.7859,0.786,8500,0
2015-02-12,21:05:00,0.786,0.7914,0.786,0.79,10417,0
2015-02-12,21:10:00,0.7901,0.7949,0.7901,0.7922,1200,0
2015-02-12,21:15:00,0.7918,0.7918,0.79,0.79,1200,0
2015-02-12,21:20:00,0.7901,0.7901,0.7871,0.7871,30305,0
2015-02-12,21:25:00,0.787,0.787,0.787,0.787,400,0
2015-02-12,21:30:00,0.7869,0.7869,0.7865,0.7865,1600,0
2015-02-12,21:35:00,0.7866,0.7871,0.7865,0.7865,10310,0
2015-02-12,21:40:00,0.7869,0.7897,0.7869,0.7872,5334,0
2015-02-12,21:45:00,0.7897,0.7899,0.7872,0.7899,2100,0
2015-02-12,21:50:00,0.7872,0.7894,0.7872,0.7894,400,0
2015-02-12,21:55:00,0.7895,0.7895,0.7891,0.7891,600,0
2015-02-12,22:00:00,0.7872,0.8,0.787,0.8,55280,0
2015-02-13,15:35:00,0.7871,0.7997,0.78,0.7985,24428,0
2015-02-13,15:40:00,0.79,0.79,0.79,0.79,4618,0
2015-02-13,15:45:00,0.784,0.7873,0.78,0.7872,13400,0
2015-02-13,15:50:00,0.78,0.7821,0.77,0.78,7750,0
2015-02-13,15:55:00,0.7701,0.789,0.77,0.7787,56608,0
2015-02-13,16:00:00,0.78,0.785,0.7715,0.785,2870,0
2015-02-13,16:05:00,0.7717,0.778,0.7717,0.772,3556,0
2015-02-13,16:10:00,0.7798,0.7798,0.7717,0.7717,6915,0
2015-02-13,16:15:00,0.7717,0.775,0.765,0.765,65627,0
2015-02-13,16:20:00,0.762,0.762,0.75,0.7598,24140,0
2015-02-13,16:25:00,0.77,0.7789,0.7651,0.7789,12190,0
2015-02-13,16:30:00,0.7742,0.775,0.76,0.76,6415,0
2015-02-13,16:35:00,0.7606,0.7649,0.75,0.76,32188,0
2015-02-13,16:40:00,0.75,0.77,0.75,0.77,14300,0
2015-02-13,16:45:00,0.7671,0.7695,0.7671,0.7695,302,0
2015-02-13,16:50:00,0.7696,0.77,0.7521,0.7652,8300,0
2015-02-13,16:55:00,0.7652,0.7652,0.76,0.76,3000,0
2015-02-13,17:00:00,0.77,0.77,0.77,0.77,100,0
2015-02-13,17:05:00,0.769,0.77,0.7615,0.7615,4200,0
2015-02-13,17:10:00,0.7608,0.77,0.7608,0.77,5059,0
2015-02-13,17:15:00,0.77,0.77,0.762,0.77,49187,0
2015-02-13,17:20:00,0.7726,0.7726,0.7715,0.7716,6456,0
2015-02-13,17:25:00,0.7726,0.7799,0.7716,0.777,1408,0
2015-02-13,17:30:00,0.7799,0.78,0.7775,0.78,49700,0
2015-02-13,17:35:00,0.7849,0.7849,0.7801,0.7801,7600,0
2015-02-13,17:40:00,0.784,0.7849,0.7801,0.7844,6320,0
2015-02-13,17:45:00,0.7849,0.7849,0.7802,0.7802,3900,0
2015-02-13,17:55:00,0.7812,0.7849,0.781,0.7848,15350,0
2015-02-13,18:00:00,0.7849,0.7849,0.7833,0.7833,10999,0
2015-02-13,18:05:00,0.782,0.785,0.782,0.785,4535,0
2015-02-13,18:10:00,0.785,0.785,0.7819,0.785,6665,0
2015-02-13,18:15:00,0.782,0.782,0.782,0.782,1260,0
2015-02-13,18:20:00,0.7835,0.785,0.7835,0.785,4500,0
2015-02-13,18:25:00,0.7822,0.7822,0.7822,0.7822,200,0
2015-02-13,18:30:00,0.7823,0.7823,0.7823,0.7823,100,0
2015-02-13,18:40:00,0.7824,0.7826,0.7824,0.7826,2580,0
2015-02-13,18:45:00,0.7832,0.7832,0.7826,0.7831,3880,0
2015-02-13,18:50:00,0.7831,0.79,0.7831,0.79,4617,0
2015-02-13,18:55:00,0.785,0.7851,0.785,0.7851,700,0
2015-02-13,19:00:00,0.7852,0.7852,0.7852,0.7852,1500,0
2015-02-13,19:05:00,0.7851,0.7854,0.7851,0.7853,5400,0
2015-02-13,19:10:00,0.7852,0.7873,0.7832,0.785,8200,0
2015-02-13,19:15:00,0.7834,0.7834,0.7833,0.7833,500,0
2015-02-13,19:25:00,0.7833,0.7834,0.7833,0.7833,2400,0
2015-02-13,19:35:00,0.7833,0.79,0.7832,0.7832,9660,0
2015-02-13,19:50:00,0.7834,0.7834,0.7827,0.7827,3500,0
2015-02-13,19:55:00,0.7834,0.788,0.7824,0.788,13300,0
2015-02-13,20:10:00,0.7879,0.788,0.7819,0.788,15071,0
2015-02-13,20:15:00,0.79,0.7902,0.79,0.7902,10733,0
2015-02-13,20:25:00,0.7949,0.797,0.7949,0.797,2310,0
2015-02-13,20:35:00,0.7971,0.7973,0.7971,0.7973,900,0
2015-02-13,20:40:00,0.7971,0.7971,0.7971,0.7971,1650,0
2015-02-13,20:45:00,0.7971,0.7972,0.7971,0.7972,200,0
2015-02-13,20:50:00,0.7971,0.7971,0.7971,0.7971,900,0
2015-02-13,20:55:00,0.7971,0.7971,0.7971,0.7971,1000,0
2015-02-13,21:00:00,0.7971,0.7972,0.7971,0.7972,3700,0
2015-02-13,21:05:00,0.7971,0.7972,0.7971,0.7972,1000,0
2015-02-13,21:10:00,0.7972,0.8102,0.7972,0.8102,75200,0
2015-02-13,21:15:00,0.811,0.83,0.8102,0.83,13590,0
2015-02-13,21:20:00,0.8234,0.8234,0.8142,0.8198,1100,0
2015-02-13,21:25:00,0.8102,0.8116,0.8102,0.8102,4050,0
2015-02-13,21:30:00,0.8102,0.811,0.8102,0.8102,1500,0
2015-02-13,21:35:00,0.819,0.819,0.8102,0.814,9200,0
2015-02-13,21:40:00,0.814,0.8189,0.8102,0.8102,20968,0
2015-02-13,21:45:00,0.8102,0.8176,0.8102,0.8102,3550,0
2015-02-13,21:50:00,0.8102,0.8157,0.8102,0.8157,9400,0
2015-02-13,21:55:00,0.8155,0.8156,0.8102,0.8102,14765,0
2015-02-13,22:00:00,0.8102,0.8141,0.81,0.8135,64843,0
2015-02-17,15:35:00,0.8192,0.8192,0.8,0.8034,54761,0
2015-02-17,15:40:00,0.802,0.802,0.8,0.8,7323,0
2015-02-17,15:45:00,0.8007,0.8008,0.7985,0.7985,132200,0
2015-02-17,15:50:00,0.7881,0.7908,0.783,0.783,20905,0
2015-02-17,15:55:00,0.7834,0.81,0.78,0.79,4653,0
2015-02-17,16:00:00,0.78,0.7931,0.78,0.7931,500,0
2015-02-17,16:05:00,0.7874,0.81,0.7874,0.79,2300,0
2015-02-17,16:10:00,0.7904,0.7926,0.7904,0.7921,2654,0
2015-02-17,16:15:00,0.7931,0.794,0.7931,0.794,300,0
2015-02-17,16:20:00,0.795,0.795,0.795,0.795,400,0
2015-02-17,16:25:00,0.795,0.8099,0.795,0.8001,4542,0
2015-02-17,16:30:00,0.8016,0.8016,0.801,0.801,1700,0
2015-02-17,16:35:00,0.801,0.801,0.8,0.801,1350,0
2015-02-17,16:40:00,0.8,0.8001,0.8,0.8001,5100,0
2015-02-17,16:45:00,0.8029,0.8199,0.8015,0.8199,2411,0
2015-02-17,16:50:00,0.802,0.8059,0.802,0.802,625,0
2015-02-17,16:55:00,0.802,0.8058,0.802,0.8058,1300,0
2015-02-17,17:00:00,0.802,0.8046,0.802,0.8045,1888,0
2015-02-17,17:10:00,0.8072,0.8072,0.8067,0.8067,5920,0
2015-02-17,17:15:00,0.8044,0.8044,0.8044,0.8044,200,0
2015-02-17,17:20:00,0.8046,0.8046,0.8,0.801,2697,0
2015-02-17,17:25:00,0.8024,0.8099,0.8,0.8,3238,0
2015-02-17,17:30:00,0.8035,0.8035,0.8,0.8,5000,0
2015-02-17,17:35:00,0.8095,0.8095,0.8018,0.8025,2225,0
2015-02-17,17:40:00,0.801,0.803,0.8,0.8,20100,0
2015-02-17,17:50:00,0.8091,0.8094,0.8091,0.8094,3400,0
2015-02-17,17:55:00,0.8091,0.8091,0.8091,0.8091,5835,0
2015-02-17,18:00:00,0.8093,0.8093,0.8091,0.8091,6000,0
2015-02-17,18:05:00,0.809,0.81,0.8001,0.8001,7260,0
2015-02-17,18:20:00,0.8013,0.8013,0.8003,0.8003,3200,0
2015-02-17,18:25:00,0.8003,0.8003,0.8003,0.8003,600,0
2015-02-17,18:30:00,0.8003,0.8003,0.8003,0.8003,600,0
2015-02-17,18:35:00,0.8003,0.8017,0.8,0.8017,3200,0
2015-02-17,18:40:00,0.8017,0.8024,0.8,0.8,1000,0
2015-02-17,18:45:00,0.8008,0.8008,0.8008,0.8008,800,0
2015-02-17,18:50:00,0.8008,0.8015,0.8008,0.8015,2050,0
2015-02-17,18:55:00,0.8015,0.8015,0.801,0.801,5650,0
2015-02-17,19:00:00,0.8,0.8,0.794,0.7952,11500,0
2015-02-17,19:05:00,0.7952,0.8098,0.7952,0.8051,6100,0
2015-02-17,19:10:00,0.8051,0.81,0.8051,0.8051,14700,0
2015-02-17,19:15:00,0.8056,0.8056,0.8051,0.8051,300,0
2015-02-17,19:20:00,0.8051,0.8058,0.791,0.7963,20900,0
2015-02-17,19:25:00,0.7963,0.7966,0.7963,0.7963,2800,0
2015-02-17,19:30:00,0.791,0.8057,0.791,0.8,1000,0
2015-02-17,19:35:00,0.8,0.8,0.8,0.8,1700,0
2015-02-17,19:40:00,0.8,0.8,0.7963,0.7963,1500,0
2015-02-17,19:45:00,0.7963,0.7963,0.791,0.791,600,0
2015-02-17,19:50:00,0.791,0.791,0.791,0.791,600,0
2015-02-17,19:55:00,0.791,0.7962,0.791,0.791,2000,0
2015-02-17,20:00:00,0.791,0.7988,0.791,0.791,2600,0
2015-02-17,20:05:00,0.791,0.7975,0.791,0.7974,1700,0
2015-02-17,20:10:00,0.7998,0.8061,0.7998,0.806,11379,0
2015-02-17,20:15:00,0.806,0.806,0.806,0.806,200,0
2015-02-17,20:20:00,0.806,0.806,0.806,0.806,1000,0
2015-02-17,20:25:00,0.806,0.8094,0.8,0.8,1100,0
2015-02-17,20:30:00,0.8,0.8,0.7974,0.7974,1800,0
2015-02-17,20:35:00,0.7974,0.7992,0.7974,0.7974,1618,0
2015-02-17,20:40:00,0.7974,0.7992,0.791,0.7949,5900,0
2015-02-17,20:45:00,0.7949,0.7992,0.791,0.791,1699,0
2015-02-17,20:50:00,0.791,0.7992,0.791,0.791,900,0
2015-02-17,20:55:00,0.791,0.7992,0.791,0.791,1925,0
2015-02-17,21:00:00,0.791,0.799,0.791,0.791,800,0
2015-02-17,21:05:00,0.791,0.791,0.791,0.791,900,0
2015-02-17,21:10:00,0.791,0.7911,0.791,0.791,1025,0
2015-02-17,21:15:00,0.791,0.7988,0.791,0.7988,4900,0
2015-02-17,21:20:00,0.791,0.8,0.791,0.794,20100,0
2015-02-17,21:25:00,0.794,0.794,0.794,0.794,100,0
2015-02-17,21:30:00,0.7965,0.7965,0.794,0.794,1200,0
2015-02-17,21:35:00,0.7974,0.7995,0.794,0.7975,3100,0
2015-02-17,21:40:00,0.7975,0.8092,0.794,0.8,5300,0
2015-02-17,21:45:00,0.8,0.8015,0.794,0.7945,2400,0
2015-02-17,21:50:00,0.7945,0.7973,0.7945,0.795,2200,0
2015-02-17,21:55:00,0.795,0.8,0.795,0.8,5400,0
2015-02-17,22:00:00,0.8,0.8038,0.8,0.8001,28904,0
2015-02-18,15:35:00,0.8,0.8,0.795,0.795,7289,0
2015-02-18,15:40:00,0.79,0.7996,0.79,0.79,1300,0
2015-02-18,15:45:00,0.79,0.7901,0.79,0.7901,3600,0
2015-02-18,15:50:00,0.79,0.79,0.78,0.781,14318,0
2015-02-18,15:55:00,0.781,0.7814,0.78,0.78,6100,0
2015-02-18,16:00:00,0.78,0.78,0.75,0.7501,30409,0
2015-02-18,16:05:00,0.7501,0.7559,0.7501,0.7506,5000,0
2015-02-18,16:10:00,0.7506,0.7559,0.7506,0.7559,8942,0
2015-02-18,16:15:00,0.7559,0.7559,0.7546,0.7546,4766,0
2015-02-18,16:20:00,0.76,0.7601,0.7566,0.7601,4098,0
2015-02-18,16:25:00,0.77,0.77,0.7694,0.7695,10300,0
2015-02-18,16:30:00,0.7712,0.7712,0.7701,0.7708,1520,0
2015-02-18,16:35:00,0.7715,0.7715,0.7709,0.7711,5066,0
2015-02-18,16:40:00,0.7711,0.7717,0.7711,0.7711,3380,0
2015-02-18,16:45:00,0.7711,0.7711,0.7706,0.7707,2500,0
2015-02-18,16:50:00,0.7707,0.7709,0.7707,0.7707,2200,0
2015-02-18,16:55:00,0.7707,0.771,0.7707,0.771,2600,0
2015-02-18,17:00:00,0.7712,0.779,0.7712,0.779,1300,0
2015-02-18,17:05:00,0.7715,0.7715,0.7715,0.7715,200,0
2015-02-18,17:10:00,0.7716,0.7744,0.7716,0.7716,4900,0
2015-02-18,17:15:00,0.7717,0.7744,0.7717,0.7744,4050,0
2015-02-18,17:20:00,0.7748,0.7748,0.7748,0.7748,1995,0
2015-02-18,17:25:00,0.7747,0.7747,0.7711,0.7712,800,0
2015-02-18,17:30:00,0.7712,0.7748,0.7711,0.7711,5115,0
2015-02-18,17:35:00,0.7711,0.7886,0.7711,0.7886,8806,0
2015-02-18,17:40:00,0.79,0.79,0.7856,0.7859,800,0
2015-02-18,17:45:00,0.7878,0.7878,0.7818,0.7818,700,0
2015-02-18,17:50:00,0.7818,0.7818,0.772,0.772,25552,0
2015-02-18,17:55:00,0.772,0.786,0.772,0.7748,2132,0
2015-02-18,18:05:00,0.7858,0.7858,0.78,0.78,1070,0
2015-02-18,18:10:00,0.78,0.78,0.772,0.772,8368,0
2015-02-18,18:15:00,0.772,0.772,0.772,0.772,600,0
2015-02-18,18:20:00,0.772,0.772,0.772,0.772,700,0
2015-02-18,18:25:00,0.772,0.772,0.771,0.771,700,0
2015-02-18,18:30:00,0.771,0.7711,0.771,0.771,1200,0
2015-02-18,18:35:00,0.771,0.771,0.77,0.77,4800,0
2015-02-18,18:40:00,0.77,0.77,0.77,0.77,900,0
2015-02-18,18:45:00,0.77,0.77,0.77,0.77,500,0
2015-02-18,18:50:00,0.77,0.77,0.7674,0.7674,1100,0
2015-02-18,18:55:00,0.7674,0.7674,0.76,0.76,10500,0
2015-02-18,19:00:00,0.7601,0.769,0.7601,0.7601,800,0
2015-02-18,19:05:00,0.76,0.7611,0.76,0.761,5500,0
2015-02-18,19:10:00,0.761,0.7612,0.761,0.7612,600,0
2015-02-18,19:15:00,0.7612,0.7651,0.7611,0.7651,600,0
2015-02-18,19:20:00,0.7612,0.7612,0.7611,0.7612,600,0
2015-02-18,19:25:00,0.7611,0.7611,0.7611,0.7611,800,0
2015-02-18,19:30:00,0.7651,0.7651,0.7611,0.7612,6370,0
2015-02-18,19:35:00,0.7612,0.7612,0.7611,0.7612,5086,0
2015-02-18,19:40:00,0.7612,0.7612,0.7612,0.7612,100,0
2015-02-18,19:45:00,0.7612,0.7668,0.7612,0.7612,1700,0
2015-02-18,19:50:00,0.7612,0.7612,0.7612,0.7612,500,0
2015-02-18,19:55:00,0.7612,0.7667,0.7612,0.7612,1100,0
2015-02-18,20:00:00,0.7612,0.7621,0.7612,0.7612,1100,0
2015-02-18,20:05:00,0.7612,0.7699,0.7611,0.7611,1400,0
2015-02-18,20:10:00,0.7611,0.7611,0.7611,0.7611,900,0
2015-02-18,20:15:00,0.7611,0.7611,0.7611,0.7611,600,0
2015-02-18,20:20:00,0.7611,0.7695,0.76,0.76,10302,0
2015-02-18,20:25:00,0.76,0.76,0.76,0.76,600,0
2015-02-18,20:30:00,0.76,0.76,0.76,0.76,700,0
2015-02-18,20:35:00,0.76,0.76,0.76,0.76,800,0
2015-02-18,20:40:00,0.7618,0.7618,0.76,0.76,5022,0
2015-02-18,20:45:00,0.76,0.76,0.76,0.76,900,0
2015-02-18,20:50:00,0.76,0.7601,0.76,0.76,4170,0
2015-02-18,20:55:00,0.76,0.7601,0.76,0.76,2768,0
2015-02-18,21:00:00,0.76,0.7601,0.76,0.7601,4920,0
2015-02-18,21:05:00,0.7601,0.7601,0.76,0.76,2200,0
2015-02-18,21:10:00,0.76,0.76,0.76,0.76,2800,0
2015-02-18,21:15:00,0.76,0.76,0.76,0.76,900,0
2015-02-18,21:20:00,0.76,0.7601,0.76,0.76,4237,0
2015-02-18,21:25:00,0.76,0.76,0.76,0.76,1400,0
2015-02-18,21:30:00,0.76,0.76,0.76,0.76,2300,0
2015-02-18,21:35:00,0.76,0.76,0.76,0.76,1739,0
2015-02-18,21:40:00,0.76,0.7601,0.76,0.76,1400,0
2015-02-18,21:45:00,0.76,0.76,0.76,0.76,1000,0
2015-02-18,21:50:00,0.76,0.7601,0.76,0.76,3934,0
2015-02-18,21:55:00,0.76,0.76,0.76,0.76,7767,0
2015-02-18,22:00:00,0.7601,0.7603,0.76,0.76,18495,0
2015-02-19,15:35:00,0.76,0.76,0.76,0.76,15405,0
2015-02-19,15:45:00,0.7668,0.7668,0.7668,0.7668,700,0
2015-02-19,15:55:00,0.7602,0.7602,0.7602,0.7602,2000,0
2015-02-19,16:00:00,0.7601,0.7654,0.7601,0.7654,566,0
2015-02-19,16:05:00,0.7654,0.7654,0.75,0.75,29876,0
2015-02-19,16:10:00,0.75,0.7549,0.75,0.7549,25731,0
2015-02-19,16:15:00,0.75,0.75,0.75,0.75,6000,0
2015-02-19,16:20:00,0.7495,0.7495,0.731,0.731,33151,0
2015-02-19,16:25:00,0.731,0.742,0.731,0.7368,34535,0
2015-02-19,16:30:00,0.73,0.73,0.72,0.72,9812,0
2015-02-19,16:35:00,0.7223,0.7345,0.7223,0.7345,14334,0
2015-02-19,16:40:00,0.7345,0.7398,0.7345,0.735,12468,0
2015-02-19,16:45:00,0.7351,0.7351,0.7202,0.735,25979,0
2015-02-19,16:50:00,0.73,0.7306,0.73,0.73,5500,0
2015-02-19,16:55:00,0.73,0.7343,0.73,0.7343,10000,0
2015-02-19,17:00:00,0.7338,0.7348,0.7338,0.7348,10000,0
2015-02-19,17:05:00,0.73,0.73,0.73,0.73,12038,0
2015-02-19,17:10:00,0.728,0.7321,0.7202,0.727,23600,0
2015-02-19,17:15:00,0.7297,0.7297,0.701,0.7011,63854,0
2015-02-19,17:20:00,0.7011,0.7043,0.69,0.7,46916,0
2015-02-19,17:25:00,0.6999,0.7522,0.6902,0.7522,43025,0
2015-02-19,17:30:00,0.752,0.752,0.746,0.7499,11400,0
2015-02-19,17:35:00,0.7256,0.7256,0.7256,0.7256,100,0
2015-02-19,17:40:00,0.72,0.7201,0.72,0.72,600,0
2015-02-19,17:45:00,0.72,0.7233,0.71,0.713,3300,0
2015-02-19,17:50:00,0.713,0.726,0.713,0.72,13800,0
2015-02-19,17:55:00,0.7201,0.73,0.7201,0.7211,5700,0
2015-02-19,18:00:00,0.7211,0.7269,0.7211,0.7214,2500,0
2015-02-19,18:05:00,0.7214,0.7238,0.721,0.7211,2900,0
2015-02-19,18:10:00,0.7211,0.7211,0.7211,0.7211,600,0
2015-02-19,18:15:00,0.7211,0.7239,0.7211,0.7211,800,0
2015-02-19,18:20:00,0.7211,0.7211,0.7211,0.7211,600,0
2015-02-19,18:25:00,0.7215,0.7216,0.7215,0.7216,3282,0
2015-02-19,18:30:00,0.7214,0.7214,0.71,0.7159,9560,0
2015-02-19,18:35:00,0.7102,0.7104,0.7102,0.7104,500,0
2015-02-19,18:40:00,0.7179,0.7179,0.7105,0.711,4200,0
2015-02-19,18:45:00,0.7111,0.7175,0.7111,0.7113,1200,0
2015-02-19,18:50:00,0.7113,0.7176,0.7113,0.7113,11840,0
2015-02-19,18:55:00,0.7119,0.7176,0.711,0.7111,9600,0
2015-02-19,19:00:00,0.7111,0.7111,0.7101,0.7101,25728,0
2015-02-19,19:05:00,0.7101,0.7132,0.7101,0.7132,15998,0
2015-02-19,19:10:00,0.7185,0.7185,0.7182,0.7182,3503,0
2015-02-19,19:15:00,0.7199,0.72,0.7198,0.7198,17000,0
2015-02-19,19:20:00,0.7189,0.7199,0.7189,0.7199,6321,0
2015-02-19,19:25:00,0.7199,0.7199,0.718,0.718,19312,0
2015-02-19,19:30:00,0.7183,0.7183,0.7177,0.7178,2600,0
2015-02-19,19:35:00,0.7177,0.7178,0.7177,0.7178,800,0
2015-02-19,19:40:00,0.7178,0.7178,0.7177,0.7178,2600,0
2015-02-19,19:45:00,0.7178,0.7187,0.7177,0.7177,2200,0
2015-02-19,19:50:00,0.7178,0.7196,0.7177,0.7178,6466,0
2015-02-19,19:55:00,0.7177,0.7178,0.7155,0.7155,7200,0
2015-02-19,20:00:00,0.7155,0.7155,0.7151,0.7151,700,0
2015-02-19,20:05:00,0.7149,0.7149,0.7148,0.7148,500,0
2015-02-19,20:10:00,0.7148,0.7148,0.7111,0.7113,600,0
2015-02-19,20:15:00,0.7113,0.7115,0.7113,0.7115,600,0
2015-02-19,20:20:00,0.7116,0.7177,0.711,0.711,6370,0
2015-02-19,20:25:00,0.7171,0.7178,0.7018,0.7059,31099,0
2015-02-19,20:30:00,0.7019,0.7021,0.7019,0.7021,700,0
2015-02-19,20:35:00,0.7059,0.71,0.7011,0.7011,8000,0
2015-02-19,20:40:00,0.7047,0.7047,0.68,0.68,81544,0
2015-02-19,20:45:00,0.6801,0.6869,0.68,0.68,31290,0
2015-02-19,20:50:00,0.687,0.687,0.6819,0.6819,5000,0
2015-02-19,20:55:00,0.69,0.69,0.6876,0.69,7353,0
2015-02-19,21:00:00,0.6995,0.6995,0.6902,0.6902,1700,0
2015-02-19,21:05:00,0.6965,0.6994,0.6949,0.6994,2400,0
2015-02-19,21:10:00,0.6993,0.6993,0.6909,0.6921,4350,0
2015-02-19,21:15:00,0.6911,0.6911,0.6911,0.6911,550,0
2015-02-19,21:20:00,0.6928,0.699,0.69,0.6902,29625,0
2015-02-19,21:25:00,0.6902,0.6902,0.6902,0.6902,100,0
2015-02-19,21:30:00,0.6903,0.6903,0.6902,0.6903,1270,0
2015-02-19,21:35:00,0.6903,0.6903,0.6819,0.6846,10488,0
2015-02-19,21:40:00,0.69,0.6994,0.6876,0.6876,6600,0
2015-02-19,21:45:00,0.6853,0.6901,0.6852,0.6901,24500,0
2015-02-19,21:50:00,0.6903,0.6903,0.6883,0.6896,19100,0
2015-02-19,21:55:00,0.69,0.6901,0.69,0.6901,18666,0
2015-02-19,22:00:00,0.69,0.691,0.69,0.6902,13603,0
2015-02-20,15:35:00,0.7041,0.7041,0.7041,0.7041,1000,0
2015-02-20,15:40:00,0.725,0.725,0.7121,0.7184,2088,0
2015-02-20,15:45:00,0.7201,0.7201,0.7201,0.7201,200,0
2015-02-20,15:50:00,0.7097,0.7099,0.704,0.704,3900,0
2015-02-20,15:55:00,0.7039,0.7039,0.7039,0.7039,4900,0
2015-02-20,16:00:00,0.7039,0.704,0.7039,0.704,2220,0
2015-02-20,16:05:00,0.7039,0.704,0.7039,0.704,800,0
2015-02-20,16:15:00,0.7039,0.71,0.7039,0.7098,17620,0
2015-02-20,16:25:00,0.7051,0.7094,0.705,0.7094,1850,0
2015-02-20,16:30:00,0.7061,0.7084,0.7061,0.7084,1991,0
2015-02-20,16:35:00,0.7084,0.71,0.7082,0.7082,4370,0
2015-02-20,16:40:00,0.7085,0.7085,0.7085,0.7085,200,0
2015-02-20,16:45:00,0.7084,0.7085,0.7084,0.7085,1015,0
2015-02-20,16:55:00,0.7095,0.7095,0.7084,0.7085,3200,0
2015-02-20,17:00:00,0.7096,0.7096,0.7085,0.7085,3350,0
2015-02-20,17:10:00,0.7098,0.7098,0.7098,0.7098,200,0
2015-02-20,17:15:00,0.7084,0.7084,0.7084,0.7084,342,0
2015-02-20,17:25:00,0.7098,0.7099,0.7085,0.7085,1700,0
2015-02-20,17:30:00,0.7085,0.71,0.7085,0.7085,1822,0
2015-02-20,17:35:00,0.7099,0.71,0.7099,0.71,2600,0
2015-02-20,17:50:00,0.7084,0.7084,0.704,0.7041,6600,0
2015-02-20,18:05:00,0.7041,0.7041,0.7041,0.7041,3650,0
2015-02-20,18:15:00,0.704,0.7041,0.7039,0.7039,10250,0
2015-02-20,18:20:00,0.7039,0.704,0.7039,0.704,300,0
2015-02-20,18:25:00,0.7039,0.7039,0.7039,0.7039,2800,0
2015-02-20,18:30:00,0.7039,0.704,0.7039,0.7039,2250,0
2015-02-20,18:35:00,0.7039,0.7039,0.7039,0.7039,800,0
2015-02-20,18:40:00,0.7001,0.7031,0.7001,0.7001,12316,0
2015-02-20,18:45:00,0.7001,0.7001,0.7001,0.7001,100,0
2015-02-20,18:50:00,0.7,0.7,0.7,0.7,1000,0
2015-02-20,19:05:00,0.7001,0.7002,0.7001,0.7002,4900,0
2015-02-20,19:10:00,0.7002,0.7002,0.7001,0.7002,2450,0
2015-02-20,19:15:00,0.7002,0.7002,0.7002,0.7002,300,0
2015-02-20,19:20:00,0.7002,0.7002,0.691,0.691,22958,0
2015-02-20,19:25:00,0.6911,0.6913,0.6911,0.6913,7300,0
2015-02-20,19:35:00,0.6914,0.6934,0.6914,0.6934,3300,0
2015-02-20,19:40:00,0.6934,0.6936,0.6934,0.6936,1300,0
2015-02-20,19:45:00,0.6981,0.6981,0.697,0.697,700,0
2015-02-20,19:50:00,0.6953,0.6953,0.6931,0.6931,600,0
2015-02-20,19:55:00,0.6931,0.6939,0.6921,0.6928,1200,0
2015-02-20,20:00:00,0.6928,0.6928,0.6921,0.6926,400,0
2015-02-20,20:05:00,0.6916,0.6917,0.6916,0.6917,6035,0
2015-02-20,20:15:00,0.6915,0.6916,0.6915,0.6916,747,0
2015-02-20,20:20:00,0.6916,0.6916,0.6916,0.6916,200,0
2015-02-20,20:30:00,0.6916,0.6916,0.6916,0.6916,4500,0
2015-02-20,20:40:00,0.6915,0.6916,0.68,0.68,46032,0
2015-02-20,20:45:00,0.6801,0.69,0.6801,0.69,8100,0
2015-02-20,20:50:00,0.6887,0.6887,0.6887,0.6887,2000,0
2015-02-20,20:55:00,0.6854,0.6854,0.6854,0.6854,100,0
2015-02-20,21:00:00,0.683,0.683,0.6821,0.6829,3900,0
2015-02-20,21:05:00,0.682,0.6829,0.682,0.6829,1100,0
2015-02-20,21:10:00,0.6821,0.6878,0.6821,0.6845,7800,0
2015-02-20,21:20:00,0.6822,0.6822,0.6802,0.6802,4817,0
2015-02-20,21:25:00,0.6803,0.6807,0.6802,0.6803,14505,0
2015-02-20,21:30:00,0.6802,0.6802,0.6802,0.6802,1500,0
2015-02-20,21:35:00,0.6803,0.6803,0.6802,0.6803,4700,0
2015-02-20,21:40:00,0.6803,0.6803,0.6802,0.6803,1000,0
2015-02-20,21:45:00,0.6803,0.6803,0.6803,0.6803,5768,0
2015-02-20,21:50:00,0.6803,0.6809,0.6802,0.6802,2400,0
2015-02-20,21:55:00,0.6811,0.684,0.6802,0.684,3300,0
2015-02-20,22:00:00,0.6852,0.6994,0.6852,0.6901,26765,0
2015-02-23,15:35:00,0.68,0.7,0.68,0.6812,7900,0
2015-02-23,15:40:00,0.6802,0.7,0.6802,0.7,31870,0
2015-02-23,15:45:00,0.7149,0.7149,0.7103,0.7103,800,0
2015-02-23,15:50:00,0.7148,0.7149,0.695,0.695,4235,0
2015-02-23,15:55:00,0.7023,0.7081,0.695,0.7081,2100,0
2015-02-23,16:00:00,0.7,0.7,0.695,0.695,1700,0
2015-02-23,16:05:00,0.692,0.6996,0.692,0.6962,11000,0
2015-02-23,16:10:00,0.6995,0.6995,0.698,0.698,2142,0
2015-02-23,16:15:00,0.6988,0.6988,0.6988,0.6988,250,0
2015-02-23,16:20:00,0.691,0.6911,0.691,0.6911,460,0
2015-02-23,16:30:00,0.6913,0.6913,0.69,0.69,10368,0
2015-02-23,16:35:00,0.69,0.69,0.681,0.681,39093,0
2015-02-23,16:40:00,0.6898,0.6898,0.6898,0.6898,712,0
2015-02-23,16:45:00,0.6899,0.6899,0.6898,0.6898,7900,0
2015-02-23,16:50:00,0.6897,0.6897,0.6897,0.6897,1400,0
2015-02-23,16:55:00,0.6811,0.69,0.6811,0.69,10694,0
2015-02-23,17:00:00,0.681,0.685,0.681,0.685,1900,0
2015-02-23,17:10:00,0.685,0.685,0.681,0.6811,800,0
2015-02-23,17:15:00,0.6811,0.685,0.6811,0.685,500,0
2015-02-23,17:20:00,0.6849,0.685,0.6811,0.685,9130,0
2015-02-23,17:25:00,0.685,0.685,0.685,0.685,200,0
2015-02-23,17:30:00,0.681,0.681,0.681,0.681,4000,0
2015-02-23,17:40:00,0.681,0.69,0.681,0.6825,6107,0
2015-02-23,17:45:00,0.681,0.681,0.681,0.681,100,0
2015-02-23,17:50:00,0.6811,0.6811,0.6811,0.6811,7000,0
2015-02-23,17:55:00,0.6897,0.6897,0.6897,0.6897,100,0
2015-02-23,18:10:00,0.681,0.6894,0.681,0.6894,279,0
2015-02-23,18:25:00,0.6894,0.6894,0.6894,0.6894,300,0
2015-02-23,18:40:00,0.6893,0.69,0.6892,0.69,4199,0
2015-02-23,18:45:00,0.681,0.681,0.681,0.681,200,0
2015-02-23,18:50:00,0.6829,0.6853,0.6829,0.6853,925,0
2015-02-23,19:05:00,0.681,0.681,0.681,0.681,140,0
2015-02-23,19:10:00,0.6894,0.6894,0.6894,0.6894,100,0
2015-02-23,19:15:00,0.6891,0.6898,0.6888,0.6898,3450,0
2015-02-23,19:20:00,0.6819,0.6819,0.681,0.681,800,0
2015-02-23,19:30:00,0.6887,0.6887,0.6882,0.6882,200,0
2015-02-23,19:40:00,0.6813,0.6813,0.6813,0.6813,4300,0
2015-02-23,19:45:00,0.6817,0.6817,0.681,0.681,2200,0
2015-02-23,19:50:00,0.681,0.681,0.681,0.681,8900,0
2015-02-23,19:55:00,0.681,0.681,0.681,0.681,4140,0
2015-02-23,20:00:00,0.681,0.6811,0.681,0.681,5500,0
2015-02-23,20:05:00,0.681,0.681,0.6737,0.68,22898,0
2015-02-23,20:15:00,0.68,0.68,0.68,0.68,1000,0
2015-02-23,20:25:00,0.6801,0.6831,0.6801,0.6831,10400,0
2015-02-23,20:30:00,0.6801,0.6801,0.6801,0.6801,200,0
2015-02-23,20:45:00,0.681,0.681,0.6802,0.681,3931,0
2015-02-23,20:50:00,0.6802,0.6802,0.671,0.6755,78153,0
2015-02-23,21:00:00,0.6757,0.6757,0.6757,0.6757,1000,0
2015-02-23,21:10:00,0.6799,0.6815,0.6799,0.6815,1700,0
2015-02-23,21:15:00,0.68,0.6899,0.68,0.6899,390,0
2015-02-23,21:20:00,0.6899,0.69,0.6814,0.6814,10411,0
2015-02-23,21:25:00,0.6826,0.6899,0.6826,0.6856,18137,0
2015-02-23,21:30:00,0.6899,0.69,0.6827,0.6827,29876,0
2015-02-23,21:35:00,0.69,0.69,0.6829,0.69,2200,0
2015-02-23,21:40:00,0.69,0.69,0.682,0.682,10100,0
2015-02-23,21:45:00,0.6831,0.69,0.6831,0.6833,400,0
2015-02-23,21:50:00,0.69,0.69,0.6824,0.6863,26500,0
2015-02-23,21:55:00,0.6864,0.69,0.6842,0.6867,1700,0
2015-02-23,22:00:00,0.6836,0.69,0.6836,0.69,3410,0
