Date,Time,Open,High,Low,Close,Volume,OpenInt
2014-06-05,21:45:00,4.1501,4.1501,4.1501,4.1501,1000,0
2014-06-06,15:55:00,4.258,4.258,4.258,4.258,480,0
2014-06-06,21:55:00,4.23,4.23,4.23,4.23,200,0
2014-06-09,16:30:00,4.14,4.14,4.14,4.14,200,0
2014-06-09,17:05:00,4.14,4.15,4.14,4.15,1200,0
2014-06-09,17:30:00,4.2,4.2,4.2,4.2,2000,0
2014-06-09,18:20:00,4.25,4.27,4.25,4.27,5482,0
2014-06-09,18:45:00,4.27,4.27,4.27,4.27,1000,0
2014-06-09,18:50:00,4.2699,4.2699,4.2699,4.2699,500,0
2014-06-09,19:05:00,4.27,4.27,4.27,4.27,300,0
2014-06-09,19:10:00,4.27,4.27,4.27,4.27,2000,0
2014-06-09,21:05:00,4.2,4.2,4.12,4.15,10000,0
2014-06-09,21:10:00,4.1,4.1,4.081,4.081,1800,0
2014-06-09,21:45:00,4.1,4.1,4.1,4.1,1600,0
2014-06-10,18:10:00,4.26,4.26,4.26,4.26,100,0
2014-06-10,18:30:00,4.26,4.26,4.26,4.26,100,0
2014-06-10,19:05:00,4.22,4.22,4.22,4.22,200,0
2014-06-10,19:10:00,4.242,4.242,4.242,4.242,1200,0
2014-06-10,20:30:00,4.25,4.25,4.25,4.25,100,0
2014-06-11,18:00:00,4.1731,4.1731,4.1731,4.1731,100,0
2014-06-11,18:45:00,4.1999,4.1999,4.1999,4.1999,1000,0
2014-06-11,18:55:00,4.1999,4.1999,4.1999,4.1999,1000,0
2014-06-11,19:05:00,4.18,4.2,4.18,4.18,3100,0
2014-06-12,15:35:00,4.21,4.21,4.21,4.21,100,0
2014-06-12,16:50:00,4.1611,4.1611,4.1611,4.1611,300,0
2014-06-12,17:10:00,4.171,4.171,4.171,4.171,368,0
2014-06-12,17:45:00,4.259,4.259,4.259,4.259,200,0
2014-06-12,18:25:00,4.26,4.3,4.26,4.3,3976,0
2014-06-12,21:55:00,4.47,4.47,4.47,4.47,200,0
2014-06-13,16:00:00,4.35,4.35,4.35,4.35,100,0
2014-06-13,16:25:00,4.485,4.485,4.485,4.485,1335,0
2014-06-13,18:40:00,4.4999,4.5,4.47,4.5,3700,0
2014-06-13,18:50:00,4.4918,4.4983,4.4918,4.4983,2127,0
2014-06-13,18:55:00,4.49,4.49,4.49,4.49,100,0
2014-06-13,19:00:00,4.5,4.5,4.5,4.5,600,0
2014-06-13,19:25:00,4.5,4.5,4.5,4.5,500,0
2014-06-13,19:45:00,4.5,4.5,4.5,4.5,667,0
2014-06-13,19:55:00,4.5,4.5,4.5,4.5,500,0
2014-06-13,20:10:00,4.5,4.5,4.5,4.5,2960,0
2014-06-13,20:15:00,4.5999,4.5999,4.5999,4.5999,1100,0
2014-06-13,21:45:00,4.59,4.6,4.59,4.6,1660,0
2014-06-13,21:55:00,4.5901,4.5901,4.5901,4.5901,200,0
2014-06-13,22:00:00,4.6,4.79,4.6,4.79,1509,0
2014-06-16,15:40:00,4.8336,4.8336,4.8336,4.8336,1000,0
2014-06-16,15:45:00,4.8499,4.85,4.8499,4.85,2986,0
2014-06-16,15:55:00,4.8401,4.99,4.8401,4.988,8474,0
2014-06-16,16:00:00,4.99,5.45,4.99,5.45,12300,0
2014-06-16,16:05:00,5.3,5.82,5.3,5.4,4632,0
2014-06-16,16:10:00,5.3,5.4799,5.3,5.4799,5100,0
2014-06-16,16:15:00,5.45,5.45,5.3,5.45,1200,0
2014-06-16,16:20:00,5.3,5.31,5.3,5.3,1223,0
2014-06-16,16:25:00,5.2694,5.2694,5.2694,5.2694,100,0
2014-06-16,16:35:00,5.244,5.244,5.244,5.244,125,0
2014-06-16,16:50:00,5.1001,5.1001,5.1001,5.1001,150,0
2014-06-16,17:10:00,4.97,4.9702,4.97,4.9702,300,0
2014-06-16,17:30:00,5.0101,5.0101,5.0101,5.0101,100,0
2014-06-16,17:50:00,5.2,5.22,5.2,5.22,600,0
2014-06-16,18:00:00,5.35,5.35,5.3,5.3,700,0
2014-06-16,18:05:00,5.02,5.08,5.02,5.08,1020,0
2014-06-16,18:15:00,5.3,5.3,5.3,5.3,200,0
2014-06-16,19:05:00,5.1005,5.35,5.1005,5.35,3050,0
2014-06-16,19:25:00,5.35,5.35,5.35,5.35,701,0
2014-06-16,19:45:00,5.3001,5.3001,5.3001,5.3001,200,0
2014-06-16,21:05:00,5.44,5.44,5.44,5.44,100,0
2014-06-16,21:15:00,5.3,5.3,5.3,5.3,800,0
2014-06-16,21:20:00,5.4304,5.4304,5.4304,5.4304,300,0
2014-06-16,21:35:00,5.4139,5.4139,5.41,5.41,900,0
2014-06-17,16:00:00,5.5215,5.55,5.4642,5.549,5198,0
2014-06-17,16:05:00,5.55,5.55,5.55,5.55,3900,0
2014-06-17,16:10:00,5.61,5.61,5.61,5.61,200,0
2014-06-17,16:15:00,5.39,5.39,5.39,5.39,100,0
2014-06-17,16:55:00,5.4,5.4,5.4,5.4,300,0
2014-06-17,17:00:00,5.4,5.4,5.4,5.4,600,0
2014-06-17,17:10:00,5.4,5.4,5.4,5.4,198,0
2014-06-17,17:30:00,5.2,5.2,5.2,5.2,200,0
2014-06-17,18:00:00,5.4799,5.4799,5.4799,5.4799,500,0
2014-06-17,18:10:00,5.426,5.426,5.426,5.426,600,0
2014-06-17,18:15:00,5.4773,5.4773,5.4773,5.4773,600,0
2014-06-17,18:25:00,5.45,5.48,5.45,5.4799,2900,0
2014-06-17,18:45:00,5.48,5.48,5.48,5.48,3100,0
2014-06-17,18:55:00,5.6599,5.6599,5.6599,5.6599,150,0
2014-06-17,19:00:00,5.66,5.66,5.605,5.605,3886,0
2014-06-17,19:25:00,5.599,5.599,5.599,5.599,200,0
2014-06-17,19:35:00,5.5,5.5,5.5,5.5,1100,0
2014-06-17,20:15:00,5.5,5.5,5.5,5.5,1000,0
2014-06-17,21:40:00,5.509,5.509,5.509,5.509,500,0
2014-06-17,21:55:00,5.55,5.55,5.55,5.55,1000,0
2014-06-17,22:00:00,5.5999,5.6,5.59,5.59,600,0
2014-06-18,15:35:00,5.72,5.72,5.72,5.72,494,0
2014-06-18,15:50:00,5.73,5.73,5.73,5.73,900,0
2014-06-18,16:00:00,5.85,5.85,5.85,5.85,200,0
2014-06-18,16:05:00,5.72,5.72,5.72,5.72,200,0
2014-06-18,16:10:00,5.85,5.85,5.85,5.85,100,0
2014-06-18,16:20:00,5.7201,5.7201,5.7201,5.7201,101,0
2014-06-18,16:40:00,5.7201,5.7201,5.7201,5.7201,800,0
2014-06-18,17:00:00,5.7201,5.7201,5.7201,5.7201,300,0
2014-06-18,17:10:00,5.8,5.8,5.8,5.8,400,0
2014-06-18,17:25:00,5.7201,5.7201,5.7201,5.7201,5000,0
2014-06-18,17:40:00,5.76,5.76,5.76,5.76,300,0
2014-06-18,18:00:00,5.73,5.73,5.73,5.73,300,0
2014-06-18,19:25:00,5.68,5.7,5.68,5.7,3200,0
2014-06-18,21:45:00,5.5118,5.5118,5.5118,5.5118,600,0
2014-06-18,21:50:00,5.6395,5.6395,5.5101,5.5101,1200,0
2014-06-18,21:55:00,5.67,5.67,5.67,5.67,200,0
2014-06-18,22:00:00,5.53,5.53,5.5,5.5,6630,0
2014-06-19,15:55:00,5.5001,5.5001,5.5001,5.5001,2000,0
2014-06-19,16:15:00,5.52,5.52,5.5,5.503,1695,0
2014-06-19,17:20:00,5.5,5.5,5.5,5.5,1000,0
2014-06-19,18:20:00,5.5,5.52,5.5,5.5,4754,0
2014-06-19,18:30:00,5.6,5.6,5.6,5.6,500,0
2014-06-19,18:55:00,5.5001,5.5001,5.5001,5.5001,500,0
2014-06-19,19:10:00,5.5276,5.53,5.5276,5.53,2700,0
2014-06-19,20:10:00,5.51,5.51,5.51,5.51,200,0
2014-06-19,20:20:00,5.5181,5.5181,5.508,5.508,200,0
2014-06-19,20:45:00,5.5,5.5,5.5,5.5,200,0
2014-06-19,20:55:00,5.5,5.5,5.5,5.5,200,0
2014-06-19,21:40:00,5.55,5.55,5.55,5.55,600,0
2014-06-19,22:00:00,5.5001,5.5001,5.5,5.5,200,0
2014-06-20,15:50:00,5.8,5.8,5.8,5.8,530,0
2014-06-20,17:00:00,5.4,5.4,5.4,5.4,300,0
2014-06-20,18:10:00,5.4875,5.4875,5.4,5.4,1100,0
2014-06-20,19:20:00,5.49,5.49,5.49,5.49,100,0
2014-06-20,19:25:00,5.48,5.48,5.48,5.48,100,0
2014-06-20,19:55:00,5.4,5.4,5.4,5.4,1200,0
2014-06-20,22:00:00,5.4001,5.4001,5.4001,5.4001,800,0
2014-06-23,15:35:00,5.4,5.4,5.4,5.4,421,0
2014-06-23,15:45:00,5.07,5.07,5.03,5.03,3300,0
2014-06-23,15:50:00,5.0201,5.0201,5.0201,5.0201,2189,0
2014-06-23,15:55:00,5.021,5.021,5.02,5.02,3100,0
2014-06-23,16:05:00,5.02,5.02,5.02,5.02,328,0
2014-06-23,16:25:00,5.07,5.08,5.02,5.02,4348,0
2014-06-23,16:30:00,5.0,5.0,4.82,4.95,3725,0
2014-06-23,16:35:00,4.861,4.88,4.86,4.861,1540,0
2014-06-23,17:05:00,4.8701,4.8701,4.7901,4.7901,1100,0
2014-06-23,17:20:00,4.94,5.0,4.94,5.0,400,0
2014-06-23,17:30:00,5.0,5.0,5.0,5.0,100,0
2014-06-23,17:40:00,4.83,4.83,4.83,4.83,100,0
2014-06-23,18:05:00,4.95,4.95,4.95,4.95,1700,0
2014-06-23,18:20:00,4.95,5.0,4.95,5.0,2200,0
2014-06-24,15:35:00,4.5,4.5,4.5,4.5,12560,0
2014-06-24,15:50:00,4.6,4.6,4.6,4.6,100,0
2014-06-24,16:10:00,4.65,4.69,4.65,4.69,500,0
2014-06-24,16:15:00,4.6113,4.6113,4.6113,4.6113,2000,0
2014-06-24,16:45:00,4.69,4.69,4.69,4.69,100,0
2014-06-24,16:50:00,4.6,4.65,4.6,4.65,600,0
2014-06-24,17:05:00,4.69,4.7,4.69,4.7,500,0
2014-06-24,17:40:00,4.8,4.8,4.8,4.8,210,0
2014-06-24,18:20:00,4.795,4.795,4.795,4.795,200,0
2014-06-24,18:45:00,4.79,4.8,4.79,4.8,500,0
2014-06-24,19:50:00,4.75,4.776,4.75,4.776,3000,0
2014-06-24,20:00:00,4.75,4.75,4.75,4.75,1133,0
2014-06-24,20:05:00,4.8,4.8,4.79,4.8,1660,0
2014-06-24,20:50:00,4.8,4.8,4.8,4.8,200,0
2014-06-24,21:30:00,4.7501,4.7501,4.7501,4.7501,200,0
2014-06-25,16:05:00,4.68,4.68,4.68,4.68,300,0
2014-06-25,17:20:00,4.69,4.69,4.69,4.69,400,0
2014-06-25,17:35:00,4.69,4.69,4.68,4.68,1300,0
2014-06-25,17:50:00,4.75,4.75,4.75,4.75,2800,0
2014-06-25,18:00:00,4.75,4.75,4.75,4.75,200,0
2014-06-25,18:25:00,4.78,4.78,4.78,4.78,100,0
2014-06-25,19:45:00,4.78,4.8,4.7799,4.8,1908,0
2014-06-25,20:05:00,4.78,4.8,4.78,4.8,2000,0
2014-06-25,20:10:00,4.78,4.78,4.78,4.78,100,0
2014-06-25,21:20:00,4.82,4.82,4.8001,4.8001,500,0
2014-06-25,21:25:00,4.8019,4.8019,4.8019,4.8019,348,0
2014-06-25,21:35:00,4.97,4.97,4.97,4.97,100,0
2014-06-26,15:35:00,4.97,4.97,4.97,4.97,150,0
2014-06-26,16:05:00,4.8,4.82,4.8,4.82,500,0
2014-06-26,16:45:00,4.8,4.8,4.8,4.8,300,0
2014-06-26,20:25:00,4.93,4.94,4.92,4.94,12788,0
2014-06-26,20:40:00,4.7,4.7,4.7,4.7,300,0
2014-06-26,21:15:00,4.72,4.72,4.72,4.72,1400,0
2014-06-26,22:00:00,4.92,4.94,4.89,4.89,935,0
2014-06-27,15:50:00,4.896,4.896,4.896,4.896,1230,0
2014-06-27,16:30:00,4.92,4.92,4.92,4.92,100,0
2014-06-27,18:35:00,4.68,4.68,4.68,4.68,300,0
2014-06-27,18:45:00,4.86,4.86,4.86,4.86,100,0
2014-06-27,19:45:00,4.63,4.66,4.58,4.58,1375,0
2014-06-27,20:20:00,4.6075,4.6075,4.6075,4.6075,100,0
2014-06-27,20:50:00,4.8412,4.8412,4.8412,4.8412,100,0
2014-06-27,21:10:00,4.65,4.65,4.65,4.65,100,0
2014-06-27,21:25:00,4.53,4.53,4.5001,4.53,550,0
2014-06-27,21:50:00,4.55,4.55,4.53,4.53,300,0
2014-06-27,22:00:00,4.65,4.65,4.65,4.65,600,0
2014-06-30,16:20:00,4.76,4.76,4.76,4.76,300,0
2014-06-30,17:20:00,4.51,4.51,4.51,4.51,1080,0
2014-06-30,17:25:00,4.53,4.5649,4.53,4.5649,770,0
2014-06-30,19:05:00,4.69,4.69,4.69,4.69,1000,0
2014-06-30,19:15:00,4.6899,4.6899,4.6899,4.6899,1000,0
2014-06-30,19:30:00,4.69,4.69,4.69,4.69,500,0
2014-06-30,21:10:00,4.68,4.68,4.68,4.68,100,0
2014-07-01,16:10:00,4.5,4.5,4.5,4.5,400,0
2014-07-01,16:30:00,4.5548,4.5548,4.5548,4.5548,600,0
2014-07-01,17:10:00,4.5956,4.5956,4.5956,4.5956,1500,0
2014-07-01,19:45:00,4.5802,4.5802,4.58,4.58,5400,0
2014-07-02,15:35:00,4.64,4.64,4.64,4.64,732,0
2014-07-02,19:50:00,4.5,4.5,4.5,4.5,300,0
2014-07-02,20:55:00,4.23,4.23,4.23,4.23,400,0
2014-07-02,21:45:00,4.36,4.36,4.36,4.36,150,0
2014-07-02,21:55:00,4.53,4.59,4.53,4.59,821,0
2014-07-02,22:00:00,4.59,4.59,4.59,4.59,100,0
2014-07-03,16:55:00,4.28,4.28,4.28,4.28,600,0
2014-07-03,17:20:00,4.25,4.25,4.25,4.25,100,0
2014-07-03,17:30:00,4.514,4.514,4.514,4.514,200,0
2014-07-03,17:35:00,4.26,4.26,4.26,4.26,100,0
2014-07-03,17:55:00,4.2501,4.2501,4.25,4.25,200,0
2014-07-03,18:55:00,4.2601,4.2601,4.2601,4.2601,1000,0
2014-07-07,15:35:00,4.24,4.24,4.24,4.24,300,0
2014-07-07,15:45:00,4.2401,4.29,4.2401,4.29,900,0
2014-07-07,15:55:00,4.37,4.37,4.37,4.37,100,0
2014-07-07,16:25:00,4.37,4.37,4.37,4.37,100,0
2014-07-07,18:20:00,4.36,4.36,4.35,4.36,1000,0
2014-07-07,18:40:00,4.28,4.28,4.28,4.28,100,0
2014-07-07,19:20:00,4.28,4.28,4.28,4.28,100,0
2014-07-07,19:25:00,4.36,4.36,4.36,4.36,100,0
2014-07-07,20:10:00,4.28,4.28,4.28,4.28,100,0
2014-07-07,20:25:00,4.28,4.28,4.28,4.28,100,0
2014-07-08,15:50:00,4.14,4.14,4.14,4.14,200,0
2014-07-08,15:55:00,4.03,4.03,4.03,4.03,1500,0
2014-07-08,16:00:00,4.32,4.58,4.32,4.57,600,0
2014-07-08,16:15:00,4.05,4.24,4.05,4.24,1557,0
2014-07-08,18:05:00,4.11,4.11,4.11,4.11,300,0
2014-07-08,20:10:00,4.25,4.25,4.25,4.25,300,0
2014-07-08,21:55:00,4.28,4.28,4.26,4.26,281,0
2014-07-08,22:00:00,4.28,4.28,4.28,4.28,200,0
2014-07-09,17:30:00,4.13,4.13,4.13,4.13,500,0
2014-07-09,17:50:00,4.508,4.508,4.508,4.508,100,0
2014-07-09,22:00:00,4.39,4.39,4.24,4.24,3000,0
2014-07-10,15:35:00,4.31,4.31,4.31,4.31,278,0
2014-07-10,17:40:00,4.0,4.0,4.0,4.0,300,0
2014-07-10,17:50:00,3.78,3.78,3.78,3.78,204,0
2014-07-10,18:45:00,4.41,4.41,4.41,4.41,600,0
2014-07-10,20:35:00,4.44,4.45,4.44,4.45,429,0
2014-07-10,21:30:00,4.41,4.41,4.41,4.41,100,0
2014-07-11,15:35:00,4.42,4.42,4.42,4.42,250,0
2014-07-11,18:35:00,4.4199,4.42,4.4,4.4,850,0
2014-07-14,15:35:00,4.4,4.4,4.4,4.4,200,0
2014-07-14,16:20:00,4.11,4.15,4.11,4.15,900,0
2014-07-15,18:20:00,4.36,4.36,4.36,4.36,100,0
2014-07-15,18:35:00,4.21,4.21,4.21,4.21,108,0
2014-07-15,20:10:00,4.35,4.35,4.35,4.35,100,0
2014-07-15,20:35:00,4.1722,4.1722,4.1722,4.1722,500,0
2014-07-15,21:55:00,4.36,4.36,4.35,4.35,338,0
2014-07-17,19:00:00,4.292,4.292,4.292,4.292,600,0
2014-07-17,20:40:00,4.089,4.089,4.089,4.089,439,0
2014-07-18,20:05:00,4.1101,4.2,4.1101,4.2,525,0
2014-07-18,20:35:00,4.12,4.2,4.1,4.2,1200,0
2014-07-18,21:20:00,4.14,4.14,4.14,4.14,200,0
2014-07-21,17:50:00,4.12,4.2,4.12,4.2,2425,0
2014-07-21,20:00:00,4.13,4.18,4.12,4.125,1926,0
2014-07-21,21:55:00,4.09,4.09,4.09,4.09,900,0
2014-07-22,18:25:00,4.1,4.12,4.07,4.07,1300,0
2014-07-22,18:55:00,4.0791,4.0791,4.0791,4.0791,100,0
2014-07-22,19:15:00,4.096,4.096,4.096,4.096,1200,0
2014-07-23,15:35:00,4.07,4.07,4.07,4.07,1200,0
2014-07-23,16:15:00,4.14,4.14,4.14,4.14,100,0
2014-07-23,17:15:00,4.0315,4.0315,4.0315,4.0315,111,0
2014-07-23,20:35:00,4.15,4.25,4.14,4.22,1481,0
2014-07-24,17:20:00,4.29,4.29,4.2899,4.29,1000,0
2014-07-24,22:00:00,4.16,4.16,4.16,4.16,100,0
2014-07-25,16:05:00,4.24,4.24,4.15,4.19,900,0
2014-07-25,18:35:00,4.173,4.173,4.173,4.173,100,0
2014-07-28,16:05:00,4.06,4.06,4.06,4.06,300,0
2014-07-28,20:10:00,4.14,4.14,4.11,4.12,300,0
2014-07-28,20:15:00,4.1,4.13,4.1,4.1,1600,0
2014-07-28,20:20:00,4.14,4.14,4.07,4.07,1200,0
2014-07-29,15:35:00,4.1,4.1,4.1,4.1,100,0
2014-07-29,16:20:00,4.08,4.08,4.08,4.08,210,0
2014-07-29,16:25:00,4.1,4.13,4.08,4.09,1700,0
2014-07-29,18:25:00,4.19,4.19,4.11,4.13,2400,0
2014-07-29,19:40:00,4.14,4.16,4.14,4.16,500,0
2014-07-29,20:45:00,4.1899,4.19,4.1899,4.19,500,0
2014-07-30,16:00:00,4.19,4.19,4.19,4.19,254,0
2014-07-30,16:50:00,4.0839,4.0839,4.0839,4.0839,1600,0
2014-07-31,15:40:00,4.08,4.12,4.07,4.12,1000,0
2014-07-31,16:35:00,4.07,4.07,4.07,4.07,720,0
2014-07-31,16:55:00,4.06,4.06,4.06,4.06,1500,0
2014-07-31,19:50:00,3.9,3.9,3.9,3.9,100,0
2014-07-31,20:30:00,3.91,3.91,3.91,3.91,100,0
2014-07-31,22:00:00,4.0476,4.0476,4.0476,4.0476,790,0
2014-08-01,17:45:00,4.1399,4.1399,4.1399,4.1399,384,0
2014-08-05,16:10:00,3.95,3.99,3.95,3.99,1698,0
2014-08-05,16:30:00,3.99,3.99,3.99,3.99,400,0
2014-08-05,16:40:00,4.0,4.0,4.0,4.0,4000,0
2014-08-05,16:45:00,4.12,4.224,4.12,4.2,2424,0
2014-08-05,16:50:00,4.1,4.1,4.1,4.1,100,0
2014-08-05,16:55:00,4.09,4.09,4.09,4.09,100,0
2014-08-05,17:00:00,4.07,4.07,4.07,4.07,300,0
2014-08-05,17:05:00,4.07,4.07,4.07,4.07,200,0
2014-08-05,17:20:00,4.06,4.09,4.06,4.07,1200,0
2014-08-05,18:30:00,4.03,4.03,3.99,3.99,286,0
2014-08-06,20:05:00,3.75,3.75,3.75,3.75,500,0
2014-08-06,20:10:00,3.76,3.94,3.76,3.93,1200,0
2014-08-06,20:15:00,3.97,4.304,3.97,4.036,1800,0
2014-08-06,20:20:00,4.304,4.31,3.996,3.996,300,0
2014-08-06,20:25:00,4.13,4.13,4.06,4.06,400,0
2014-08-06,20:35:00,4.2,4.2,4.2,4.2,580,0
2014-08-06,20:40:00,4.1,4.3,4.1,4.3,1500,0
2014-08-06,20:45:00,4.3,4.35,4.05,4.35,5570,0
2014-08-06,20:50:00,4.38,4.38,4.04,4.08,2900,0
2014-08-08,20:20:00,4.014,4.02,4.0,4.0001,800,0
2014-08-11,17:40:00,4.2,4.3665,4.2,4.3665,1000,0
2014-08-11,18:50:00,4.2,4.2,4.2,4.2,300,0
2014-08-12,16:55:00,4.2,4.2,4.2,4.2,200,0
2014-08-12,17:15:00,4.2,4.2,4.2,4.2,200,0
2014-08-13,17:05:00,4.006,4.0283,4.0,4.0283,400,0
2014-08-13,17:30:00,4.315,4.315,4.0,4.0,800,0
2014-08-13,18:05:00,4.315,4.315,4.315,4.315,100,0
2014-08-13,18:35:00,4.01,4.01,4.01,4.01,400,0
2014-08-13,21:10:00,4.0,4.3036,4.0,4.3036,1070,0
2014-08-13,21:40:00,4.15,4.15,3.9222,3.96,2993,0
2014-08-13,21:50:00,3.95,3.95,3.95,3.95,600,0
2014-08-13,21:55:00,3.77,3.77,3.77,3.77,498,0
2014-08-13,22:00:00,3.98,3.98,3.77,3.77,600,0
2014-08-14,15:35:00,4.276,4.276,4.276,4.276,100,0
2014-08-14,16:10:00,4.16,4.16,3.77,3.82,2615,0
2014-08-14,16:15:00,3.78,3.9,3.7499,3.9,7098,0
2014-08-14,16:30:00,3.88,3.88,3.88,3.88,200,0
2014-08-14,18:10:00,4.1048,4.1048,4.1048,4.1048,100,0
2014-08-14,18:50:00,3.93,3.93,3.93,3.93,137,0
2014-08-14,19:00:00,4.0949,4.0949,4.0949,4.0949,100,0
2014-08-14,21:40:00,3.88,3.88,3.88,3.88,1506,0
2014-08-14,22:00:00,4.097,4.097,4.097,4.097,100,0
2014-08-15,15:35:00,4.1,4.1,4.1,4.1,100,0
2014-08-15,16:35:00,4.033,4.033,4.033,4.033,300,0
2014-08-15,17:55:00,4.23,4.23,4.2299,4.2299,200,0
2014-08-15,18:35:00,4.01,4.02,4.01,4.02,5800,0
2014-08-15,21:45:00,4.109,4.11,4.1,4.1,1000,0
2014-08-15,21:50:00,4.01,4.01,4.01,4.01,500,0
2014-08-15,22:00:00,4.0999,4.1,4.0999,4.1,200,0
2014-08-18,18:35:00,4.06,4.06,4.06,4.06,200,0
2014-08-18,18:45:00,4.06,4.06,4.06,4.06,100,0
2014-08-18,21:00:00,4.06,4.06,4.06,4.06,200,0
2014-08-18,21:55:00,4.02,4.02,4.01,4.01,5300,0
2014-08-19,16:20:00,4.1999,4.2,4.1999,4.2,300,0
2014-08-20,18:05:00,3.89,3.89,3.89,3.89,800,0
2014-08-20,19:00:00,4.18,4.18,4.18,4.18,200,0
2014-08-20,20:55:00,4.0,4.0,4.0,4.0,200,0
2014-08-20,21:40:00,4.15,4.15,4.15,4.15,100,0
2014-08-21,16:10:00,3.95,3.95,3.95,3.95,100,0
2014-08-21,16:50:00,4.1799,4.1799,4.1799,4.1799,100,0
2014-08-25,16:05:00,3.95,3.95,3.95,3.95,100,0
2014-08-25,16:15:00,4.1899,4.1899,4.1899,4.1899,100,0
2014-08-25,20:20:00,4.0,4.0,4.0,4.0,200,0
2014-08-25,21:00:00,3.9717,3.9717,3.9717,3.9717,250,0
2014-08-25,21:45:00,3.9916,3.9916,3.9916,3.9916,1000,0
2014-08-26,15:45:00,4.1899,4.1899,4.14,4.14,1200,0
2014-08-26,15:55:00,4.17,4.19,4.17,4.19,1239,0
2014-08-26,16:10:00,4.17,4.19,4.17,4.19,1000,0
2014-08-26,16:25:00,4.1,4.2,4.1,4.1375,1400,0
2014-08-26,16:55:00,4.19,4.2,4.19,4.2,1874,0
2014-08-26,17:20:00,4.25,4.25,4.25,4.25,1296,0
2014-08-26,22:00:00,4.09,4.09,4.09,4.09,100,0
2014-08-27,15:55:00,3.9501,3.9501,3.95,3.95,4696,0
2014-08-27,16:15:00,4.12,4.12,4.12,4.12,100,0
2014-08-28,15:50:00,4.012,4.012,4.012,4.012,100,0
2014-08-28,16:15:00,4.2135,4.2135,4.2135,4.2135,100,0
2014-08-28,20:40:00,4.21,4.2199,4.1868,4.1868,1089,0
2014-08-28,20:50:00,4.2299,4.25,4.2299,4.25,1103,0
2014-08-28,20:55:00,4.25,4.3504,4.244,4.3504,4600,0
2014-08-28,21:00:00,4.39,4.39,4.0,4.0,4450,0
2014-08-28,21:05:00,4.0,4.0,3.95,3.95,1923,0
2014-08-28,21:10:00,4.0,4.0,4.0,4.0,1100,0
2014-08-28,21:15:00,4.0,4.45,3.9999,4.45,2516,0
2014-08-28,21:20:00,4.335,4.3499,4.325,4.3499,400,0
2014-08-28,21:30:00,4.349,4.35,4.329,4.329,2100,0
2014-08-28,21:40:00,4.07,4.35,4.04,4.3129,1102,0
2014-08-29,15:35:00,4.33,4.33,4.33,4.33,100,0
2014-08-29,15:45:00,4.32,4.33,4.304,4.304,1130,0
2014-08-29,15:50:00,4.329,4.33,4.329,4.33,600,0
2014-08-29,16:55:00,4.1018,4.1018,4.1018,4.1018,272,0
2014-08-29,17:05:00,4.09,4.09,4.0805,4.0805,200,0
2014-08-29,17:25:00,4.32,4.32,4.2929,4.32,2000,0
2014-08-29,19:55:00,4.3,4.3,4.3,4.3,100,0
2014-08-29,20:00:00,4.3,4.3,4.3,4.3,175,0
2014-08-29,20:35:00,4.32,4.32,4.32,4.32,235,0
2014-08-29,20:50:00,4.32,4.32,4.32,4.32,381,0
2014-08-29,20:55:00,4.33,4.555,4.33,4.555,5900,0
2014-08-29,21:00:00,4.584,4.584,4.584,4.584,200,0
2014-08-29,21:20:00,4.307,4.307,4.307,4.307,800,0
2014-09-02,16:15:00,4.3,4.3,4.3,4.3,100,0
2014-09-02,16:20:00,4.25,4.25,4.25,4.25,500,0
2014-09-02,16:30:00,4.49,4.49,4.49,4.49,1430,0
2014-09-02,18:20:00,4.475,4.475,4.475,4.475,100,0
2014-09-02,20:15:00,4.4499,4.4499,4.4499,4.4499,100,0
2014-09-02,21:25:00,4.45,4.5,4.45,4.5,4600,0
2014-09-02,21:40:00,4.41,4.4498,4.4,4.4498,1500,0
2014-09-02,22:00:00,4.5,4.52,4.5,4.51,1568,0
2014-09-03,15:35:00,4.45,4.45,4.45,4.45,1454,0
2014-09-03,15:40:00,4.42,4.45,4.41,4.45,1473,0
2014-09-03,15:50:00,4.56,4.6,4.56,4.6,3550,0
2014-09-03,17:10:00,4.65,4.67,4.65,4.67,1000,0
2014-09-03,17:15:00,4.651,4.651,4.651,4.651,1500,0
2014-09-03,17:35:00,4.74,4.75,4.74,4.75,678,0
2014-09-03,17:50:00,4.749,4.75,4.74,4.74,2578,0
2014-09-03,17:55:00,4.7501,4.7565,4.7501,4.7565,300,0
2014-09-03,18:05:00,4.8137,4.8137,4.8137,4.8137,150,0
2014-09-03,18:15:00,4.8172,4.8172,4.81,4.81,550,0
2014-09-03,18:30:00,4.7501,4.7501,4.7501,4.7501,507,0
2014-09-03,18:35:00,4.76,4.76,4.75,4.75,1700,0
2014-09-03,19:55:00,4.82,4.82,4.82,4.82,100,0
2014-09-03,20:30:00,4.7775,4.7775,4.7775,4.7775,145,0
2014-09-03,20:55:00,4.8185,4.8185,4.8185,4.8185,100,0
2014-09-03,21:20:00,4.81,4.85,4.81,4.85,4440,0
2014-09-03,21:25:00,5.0,5.0,5.0,5.0,1100,0
2014-09-04,16:00:00,5.0,5.0,5.0,5.0,400,0
2014-09-04,16:45:00,5.0,5.05,4.86,5.05,2099,0
2014-09-04,17:25:00,5.05,5.05,5.05,5.05,180,0
2014-09-04,17:35:00,5.05,5.05,5.05,5.05,600,0
2014-09-04,17:55:00,5.05,5.05,5.05,5.05,300,0
2014-09-04,18:20:00,5.01,5.01,5.01,5.01,237,0
2014-09-04,21:10:00,4.96,4.96,4.9505,4.9569,2360,0
2014-09-05,15:50:00,5.0,5.0,5.0,5.0,400,0
2014-09-05,15:55:00,5.01,5.01,5.01,5.01,5400,0
2014-09-05,16:00:00,5.01,5.01,5.01,5.01,300,0
2014-09-05,16:05:00,5.01,5.01,5.01,5.01,3960,0
2014-09-05,16:25:00,5.0,5.01,5.0,5.0005,1892,0
2014-09-05,17:25:00,5.05,5.05,5.05,5.05,1270,0
2014-09-05,17:30:00,5.05,5.05,5.05,5.05,2660,0
2014-09-05,17:45:00,5.05,5.05,5.05,5.05,300,0
2014-09-05,18:00:00,5.05,5.05,5.05,5.05,100,0
2014-09-05,18:50:00,5.05,5.05,5.05,5.05,100,0
2014-09-05,19:00:00,5.05,5.05,5.05,5.05,100,0
2014-09-05,19:10:00,5.04,5.04,5.04,5.04,550,0
2014-09-05,21:45:00,5.05,5.05,5.05,5.05,3380,0
2014-09-05,21:50:00,5.1,5.1,5.1,5.1,100,0
2014-09-08,15:35:00,5.15,5.15,5.15,5.15,500,0
2014-09-08,15:40:00,5.1,5.1,5.095,5.1,2700,0
2014-09-08,15:55:00,5.1,5.1,5.1,5.1,900,0
2014-09-08,20:10:00,5.0601,5.0601,5.0601,5.0601,250,0
2014-09-08,21:25:00,5.06,5.06,5.05,5.05,3500,0
2014-09-09,15:35:00,5.04,5.04,5.04,5.04,180,0
2014-09-09,16:05:00,5.04,5.04,5.03,5.0301,2989,0
2014-09-09,16:30:00,5.03,5.03,5.03,5.03,100,0
2014-09-09,17:05:00,5.04,5.04,5.03,5.03,1400,0
2014-09-09,17:40:00,5.0301,5.0301,5.03,5.03,600,0
2014-09-09,18:30:00,5.0301,5.0301,5.0301,5.0301,258,0
2014-09-09,18:35:00,5.03,5.03,5.03,5.03,100,0
2014-09-09,18:40:00,5.03,5.03,5.03,5.03,2700,0
2014-09-09,18:55:00,5.06,5.07,5.06,5.07,200,0
2014-09-09,20:35:00,5.05,5.05,5.05,5.05,600,0
2014-09-09,21:05:00,5.1,5.1,5.1,5.1,100,0
2014-09-09,21:15:00,5.0191,5.0191,5.0191,5.0191,545,0
2014-09-10,16:10:00,5.09,5.09,5.05,5.05,200,0
2014-09-10,16:30:00,5.0234,5.0234,5.02,5.02,800,0
2014-09-10,20:00:00,5.034,5.034,5.034,5.034,300,0
2014-09-10,20:20:00,5.01,5.01,5.01,5.01,100,0
2014-09-10,22:00:00,5.0,5.0,5.0,5.0,200,0
2014-09-11,15:35:00,4.97,4.97,4.97,4.97,175,0
2014-09-11,17:00:00,5.0,5.0,4.9,4.9,400,0
2014-09-11,17:30:00,4.9899,4.9899,4.91,4.91,200,0
2014-09-11,18:30:00,5.04,5.04,5.04,5.04,200,0
2014-09-11,18:40:00,5.04,5.04,5.04,5.04,300,0
2014-09-12,15:35:00,4.94,4.94,4.94,4.94,363,0
2014-09-12,15:55:00,4.9178,4.9178,4.9178,4.9178,100,0
2014-09-12,16:15:00,4.87,4.911,4.86,4.911,1523,0
2014-09-12,16:40:00,4.9,4.9,4.9,4.9,200,0
2014-09-12,17:05:00,4.8601,4.8601,4.8601,4.8601,400,0
2014-09-12,17:55:00,4.9,4.9,4.9,4.9,200,0
2014-09-12,18:10:00,4.86,4.86,4.86,4.86,5744,0
2014-09-12,18:20:00,4.818,4.818,4.818,4.818,800,0
2014-09-12,19:10:00,4.91,4.91,4.91,4.91,100,0
2014-09-12,21:55:00,4.76,4.76,4.76,4.76,554,0
2014-09-12,22:00:00,5.05,5.05,5.0,5.0,1200,0
2014-09-15,16:00:00,5.05,5.05,5.05,5.05,300,0
2014-09-16,18:55:00,5.0009,5.0009,5.0009,5.0009,1000,0
2014-09-16,20:50:00,4.86,4.86,4.51,4.51,1000,0
2014-09-16,20:55:00,4.67,4.85,4.67,4.7,400,0
2014-09-16,21:05:00,4.999,4.999,4.999,4.999,400,0
2014-09-17,20:15:00,5.02,5.02,5.02,5.02,400,0
2014-09-18,15:35:00,4.7501,5.05,4.75,5.05,600,0
2014-09-18,22:00:00,5.04,5.04,5.04,5.04,300,0
2014-09-19,15:45:00,5.0025,5.0025,5.0025,5.0025,360,0
2014-09-19,16:05:00,4.78,4.78,4.78,4.78,100,0
2014-09-19,17:25:00,4.7801,4.7801,4.7801,4.7801,500,0
2014-09-19,17:35:00,4.7801,4.7801,4.7801,4.7801,600,0
2014-09-19,17:40:00,5.02,5.03,5.02,5.03,200,0
2014-09-19,17:45:00,4.78,4.78,4.78,4.78,750,0
2014-09-19,18:15:00,4.79,4.79,4.79,4.79,200,0
2014-09-19,20:05:00,4.8,4.8,4.8,4.8,837,0
2014-09-19,20:10:00,4.9,4.9,4.9,4.9,3348,0
2014-09-19,22:00:00,4.79,4.79,4.79,4.79,377,0
2014-09-22,16:20:00,4.85,4.85,4.85,4.85,100,0
2014-09-22,16:45:00,4.84,4.84,4.84,4.84,200,0
2014-09-22,19:05:00,4.7827,4.7827,4.78,4.78,700,0
2014-09-23,18:00:00,4.59,4.7,4.59,4.7,800,0
2014-09-23,18:05:00,4.72,4.72,4.65,4.68,700,0
2014-09-23,18:10:00,4.62,4.65,4.58,4.65,1400,0
2014-09-23,18:15:00,4.61,4.62,4.59,4.59,1300,0
2014-09-23,18:20:00,4.66,4.66,4.632,4.632,800,0
2014-09-23,18:25:00,4.65,4.65,4.55,4.55,800,0
2014-09-23,18:35:00,4.564,4.564,4.564,4.564,100,0
2014-09-23,20:50:00,4.7618,4.7618,4.7618,4.7618,104,0
2014-09-23,22:00:00,4.49,4.49,4.49,4.49,100,0
2014-09-24,15:35:00,4.49,4.49,4.49,4.49,125,0
2014-09-24,15:50:00,4.8199,4.8199,4.8199,4.8199,3600,0
2014-09-24,18:00:00,4.66,4.7,4.66,4.69,2300,0
2014-09-24,20:20:00,4.65,4.65,4.65,4.65,600,0
2014-09-24,20:35:00,4.53,4.53,4.53,4.53,2100,0
2014-09-24,20:40:00,4.7,4.7,4.68,4.68,500,0
2014-09-24,20:45:00,4.68,4.68,4.68,4.68,100,0
2014-09-24,22:00:00,4.77,4.77,4.77,4.77,100,0
2014-09-25,16:00:00,4.59,4.59,4.59,4.59,300,0
2014-09-25,16:25:00,4.57,4.57,4.55,4.55,1200,0
2014-09-25,16:50:00,4.53,4.55,4.49,4.55,1240,0
2014-09-25,17:55:00,4.5,4.5,4.5,4.5,100,0
2014-09-25,20:50:00,4.47,4.47,4.47,4.47,400,0
2014-09-25,21:40:00,4.46,4.46,4.46,4.46,1000,0
2014-09-26,16:05:00,4.46,4.47,4.46,4.47,200,0
2014-09-26,19:55:00,4.33,4.3999,4.33,4.3999,300,0
2014-09-26,20:35:00,4.44,4.44,4.44,4.44,100,0
2014-09-29,16:55:00,4.44,4.44,4.44,4.44,300,0
2014-09-29,17:45:00,4.4,4.4,4.4,4.4,1300,0
2014-09-29,17:50:00,4.44,4.69,4.44,4.61,3900,0
2014-09-29,21:45:00,4.54,4.54,4.54,4.54,200,0
2014-09-30,15:50:00,4.56,4.5795,4.56,4.5795,300,0
2014-09-30,15:55:00,4.5099,4.54,4.5,4.5,2000,0
2014-09-30,16:50:00,4.63,4.63,4.44,4.44,4700,0
2014-09-30,17:15:00,4.4301,4.4301,4.4301,4.4301,2070,0
2014-09-30,17:25:00,4.65,4.65,4.65,4.65,100,0
2014-09-30,19:00:00,4.4506,4.4506,4.4506,4.4506,234,0
2014-09-30,19:45:00,4.65,4.65,4.65,4.65,500,0
2014-09-30,21:30:00,4.54,4.54,4.5305,4.5305,200,0
2014-09-30,21:35:00,4.54,4.54,4.49,4.49,939,0
2014-09-30,21:40:00,4.54,4.54,4.54,4.54,200,0
2014-10-01,16:40:00,4.52,4.52,4.5,4.5,1500,0
2014-10-01,18:50:00,4.3576,4.3576,4.3576,4.3576,1000,0
2014-10-01,18:55:00,4.36,4.36,4.36,4.36,100,0
2014-10-01,19:30:00,4.2966,4.2966,4.29,4.29,800,0
2014-10-01,19:50:00,4.32,4.32,4.32,4.32,100,0
2014-10-01,19:55:00,4.29,4.29,4.29,4.29,300,0
2014-10-01,20:00:00,4.32,4.32,4.32,4.32,100,0
2014-10-01,20:10:00,4.5,4.5,4.5,4.5,100,0
2014-10-01,20:45:00,4.62,4.62,4.62,4.62,200,0
2014-10-01,22:00:00,4.6216,4.6216,4.6216,4.6216,250,0
2014-10-02,17:25:00,4.3801,4.3801,4.3801,4.3801,1200,0
2014-10-02,17:40:00,4.39,4.55,4.39,4.46,900,0
2014-10-02,17:45:00,4.44,4.5,4.44,4.45,400,0
2014-10-03,19:30:00,4.37,4.44,4.37,4.44,500,0
2014-10-03,19:35:00,4.49,4.55,4.44,4.44,1000,0
2014-10-03,20:15:00,4.35,4.37,4.35,4.37,1500,0
2014-10-06,17:55:00,4.482,4.482,4.482,4.482,300,0
2014-10-07,17:55:00,4.37,4.37,4.35,4.35,1410,0
2014-10-07,18:50:00,4.35,4.3501,4.35,4.3501,1200,0
2014-10-07,19:25:00,4.35,4.3501,4.35,4.3501,1000,0
2014-10-07,19:30:00,4.405,4.405,4.405,4.405,1000,0
2014-10-07,20:20:00,4.39,4.39,4.39,4.39,200,0
2014-10-07,21:55:00,4.35,4.35,4.35,4.35,398,0
2014-10-08,16:10:00,4.25,4.25,4.25,4.25,200,0
2014-10-08,16:50:00,4.5,4.5,4.5,4.5,100,0
2014-10-08,17:10:00,4.39,4.39,4.39,4.39,200,0
2014-10-08,21:15:00,4.4876,4.4876,4.4876,4.4876,200,0
2014-10-08,21:20:00,4.3,4.3,4.3,4.3,300,0
2014-10-08,21:25:00,4.3,4.3,4.3,4.3,100,0
2014-10-08,21:30:00,4.3,4.3,4.3,4.3,100,0
2014-10-09,15:35:00,4.24,4.24,4.24,4.24,645,0
2014-10-09,16:10:00,4.23,4.23,4.23,4.23,100,0
2014-10-09,16:20:00,4.11,4.11,4.11,4.11,1260,0
2014-10-09,16:40:00,4.4999,4.4999,4.4,4.4,1296,0
2014-10-09,17:00:00,4.24,4.24,4.24,4.24,1500,0
2014-10-09,20:30:00,4.233,4.233,4.233,4.233,400,0
2014-10-09,21:55:00,4.3986,4.3986,4.3986,4.3986,200,0
2014-10-10,16:20:00,4.1601,4.1601,4.16,4.16,452,0
2014-10-10,16:45:00,4.4139,4.4139,4.4139,4.4139,500,0
2014-10-10,20:55:00,4.3,4.3,4.3,4.3,400,0
2014-10-13,21:35:00,4.118,4.118,4.118,4.118,180,0
2014-10-13,21:40:00,4.2799,4.2799,4.2799,4.2799,400,0
2014-10-14,15:45:00,4.06,4.06,4.06,4.06,200,0
2014-10-14,16:00:00,4.25,4.25,4.25,4.25,200,0
2014-10-14,16:05:00,4.06,4.0601,4.06,4.0601,400,0
2014-10-14,16:20:00,4.36,4.36,4.36,4.36,100,0
2014-10-14,16:35:00,4.2101,4.2101,4.2101,4.2101,150,0
2014-10-14,16:40:00,4.34,4.3595,4.06,4.06,300,0
2014-10-14,19:50:00,4.25,4.25,4.24,4.25,700,0
2014-10-14,21:50:00,4.2,4.2,4.2,4.2,200,0
2014-10-14,22:00:00,4.18,4.18,4.18,4.18,300,0
2014-10-15,15:35:00,4.11,4.11,4.11,4.11,100,0
2014-10-15,16:25:00,4.25,4.25,4.25,4.25,100,0
2014-10-15,18:25:00,4.0702,4.0702,4.0702,4.0702,150,0
2014-10-15,18:30:00,4.23,4.2495,4.23,4.2495,200,0
2014-10-15,19:45:00,4.23,4.23,4.23,4.23,2000,0
2014-10-16,15:40:00,4.25,4.25,4.25,4.25,200,0
2014-10-16,17:30:00,4.12,4.12,4.12,4.12,200,0
2014-10-16,17:35:00,4.12,4.1295,4.12,4.1295,300,0
2014-10-16,17:50:00,4.1211,4.1211,4.1211,4.1211,400,0
2014-10-16,19:05:00,4.13,4.25,4.13,4.25,800,0
2014-10-16,22:00:00,4.22,4.22,4.22,4.22,300,0
2014-10-17,16:20:00,4.2399,4.2399,4.2399,4.2399,1300,0
2014-10-17,16:35:00,4.051,4.164,4.05,4.164,3620,0
2014-10-17,16:40:00,4.24,4.24,4.24,4.24,200,0
2014-10-17,22:00:00,4.17,4.17,4.17,4.17,1010,0
2014-10-20,20:15:00,4.192,4.192,4.192,4.192,1420,0
2014-10-20,21:40:00,4.2,4.31,4.2,4.31,2496,0
2014-10-20,22:00:00,4.2164,4.2164,4.2164,4.2164,762,0
2014-10-21,16:00:00,4.12,4.13,4.1,4.1,3400,0
2014-10-21,17:15:00,4.09,4.31,4.09,4.31,2200,0
2014-10-21,19:55:00,4.31,4.31,4.31,4.31,500,0
2014-10-22,15:35:00,4.19,4.33,4.19,4.33,400,0
2014-10-22,19:40:00,4.1,4.1,4.1,4.1,300,0
2014-10-22,19:50:00,4.33,4.33,4.33,4.33,100,0
2014-10-23,16:30:00,4.2399,4.2399,4.2399,4.2399,666,0
2014-10-23,17:05:00,4.3099,4.3099,4.3099,4.3099,800,0
2014-10-23,17:35:00,4.29,4.29,4.29,4.29,200,0
2014-10-23,17:40:00,4.12,4.12,4.12,4.12,200,0
2014-10-23,17:45:00,4.289,4.289,4.289,4.289,300,0
2014-10-23,19:20:00,4.26,4.26,4.26,4.26,100,0
2014-10-23,19:45:00,4.26,4.26,4.26,4.26,100,0
2014-10-24,16:05:00,4.2,4.2,4.2,4.2,200,0
2014-10-24,20:50:00,4.185,4.185,4.185,4.185,600,0
2014-10-27,15:05:00,4.15,4.15,4.15,4.15,200,0
2014-10-28,14:40:00,4.0001,4.12,4.0,4.0,1100,0
2014-10-28,14:45:00,4.13,4.14,4.13,4.1395,900,0
2014-10-28,20:50:00,4.11,4.1295,4.11,4.1295,200,0
2014-10-29,16:25:00,4.0101,4.0101,4.0101,4.0101,333,0
2014-10-29,16:50:00,4.129,4.129,4.129,4.129,300,0
2014-10-29,17:05:00,4.04,4.1,4.04,4.1,4200,0
2014-10-29,20:05:00,4.09,4.1,4.09,4.1,2000,0
2014-10-29,20:55:00,4.09,4.09,4.09,4.09,200,0
2014-10-30,14:45:00,4.09,4.09,4.09,4.09,2000,0
2014-10-30,15:20:00,4.04,4.04,4.025,4.03,2100,0
2014-10-30,19:20:00,4.04,4.04,4.04,4.04,600,0
2014-10-30,19:30:00,4.0899,4.14,4.0899,4.14,1351,0
2014-10-30,20:35:00,4.0201,4.0201,4.0201,4.0201,600,0
2014-10-30,20:45:00,4.0799,4.14,4.0799,4.14,350,0
2014-10-31,14:40:00,4.08,4.08,4.08,4.08,400,0
2014-10-31,16:35:00,4.1001,4.1001,4.1,4.1001,1400,0
2014-10-31,17:05:00,4.1,4.1,4.1,4.1,300,0
2014-10-31,17:40:00,4.1037,4.1037,4.1037,4.1037,234,0
2014-11-03,22:00:00,4.13,4.13,4.13,4.13,100,0
2014-11-04,15:45:00,4.05,4.13,4.05,4.13,600,0
2014-11-05,16:25:00,4.14,4.14,4.14,4.14,200,0
2014-11-05,18:30:00,4.14,4.14,4.14,4.14,100,0
2014-11-05,19:05:00,4.14,4.14,4.14,4.14,100,0
2014-11-05,20:05:00,4.0401,4.0401,4.0401,4.0401,365,0
2014-11-05,20:50:00,4.14,4.14,4.14,4.14,100,0
2014-11-07,18:00:00,4.12,4.12,4.12,4.12,400,0
2014-11-07,19:00:00,4.12,4.12,4.12,4.12,100,0
2014-11-07,19:05:00,4.12,4.12,4.12,4.12,365,0
2014-11-07,19:35:00,4.1199,4.1199,4.1199,4.1199,300,0
2014-11-07,20:15:00,4.12,4.12,4.12,4.12,405,0
2014-11-07,21:20:00,4.121,4.121,4.121,4.121,300,0
2014-11-07,21:25:00,4.12,4.12,4.12,4.12,200,0
2014-11-10,19:00:00,4.1324,4.1324,4.1324,4.1324,2100,0
2014-11-11,17:40:00,4.0999,4.0999,4.0999,4.0999,800,0
2014-11-11,21:30:00,4.0999,4.1,4.0999,4.1,2600,0
2014-11-11,21:50:00,4.05,4.1,4.05,4.1,654,0
2014-11-12,15:40:00,4.05,4.05,4.04,4.04,7600,0
2014-11-12,18:30:00,4.11,4.1395,4.11,4.1395,200,0
2014-11-12,21:40:00,3.97,3.97,3.9605,3.9605,400,0
2014-11-12,21:45:00,4.1,4.1,4.1,4.1,200,0
2014-11-13,16:10:00,4.11,4.11,4.07,4.07,600,0
2014-11-13,17:55:00,4.03,4.03,3.97,4.0,2700,0
2014-11-13,18:20:00,4.0,4.0,3.95,3.95,1585,0
2014-11-13,18:30:00,3.993,3.993,3.993,3.993,500,0
2014-11-13,18:45:00,3.95,3.95,3.95,3.95,200,0
2014-11-13,20:05:00,3.9501,3.9501,3.95,3.95,300,0
2014-11-13,21:15:00,3.95,3.95,3.95,3.95,100,0
2014-11-13,21:20:00,3.951,3.951,3.95,3.95,400,0
2014-11-13,21:55:00,3.9501,3.9501,3.95,3.95,600,0
2014-11-14,16:10:00,3.95,3.95,3.95,3.95,100,0
2014-11-14,16:55:00,3.9,3.9,3.9,3.9,200,0
2014-11-14,17:05:00,3.8814,3.8814,3.88,3.88,1294,0
2014-11-14,17:50:00,3.839,3.839,3.839,3.839,500,0
2014-11-14,19:05:00,3.7801,3.7801,3.7801,3.7801,100,0
2014-11-14,19:10:00,3.834,3.834,3.834,3.834,500,0
2014-11-14,20:35:00,3.8001,3.8001,3.8001,3.8001,1000,0
2014-11-14,22:00:00,3.8399,3.8399,3.8399,3.8399,2000,0
2014-11-17,15:35:00,3.8,3.8,3.8,3.8,100,0
2014-11-17,16:10:00,3.51,3.85,3.51,3.85,400,0
2014-11-17,16:15:00,3.56,3.56,3.56,3.56,400,0
2014-11-17,16:20:00,3.54,3.54,3.54,3.54,100,0
2014-11-17,16:25:00,3.8047,3.8047,3.8047,3.8047,200,0
2014-11-17,16:40:00,3.77,3.77,3.755,3.755,600,0
2014-11-17,18:40:00,3.69,3.7,3.69,3.7,2000,0
2014-11-17,19:00:00,3.7,3.7,3.7,3.7,200,0
2014-11-17,19:15:00,3.5613,3.5613,3.5613,3.5613,100,0
2014-11-17,19:45:00,3.6734,3.7,3.6734,3.7,200,0
2014-11-17,22:00:00,3.7,3.7,3.7,3.7,100,0
2014-11-18,16:00:00,3.68,3.68,3.68,3.68,2800,0
2014-11-18,19:35:00,3.68,3.6995,3.68,3.6995,300,0
2014-11-18,20:20:00,3.66,3.66,3.66,3.66,400,0
2014-11-18,21:25:00,3.5479,3.5479,3.5479,3.5479,100,0
2014-11-18,21:35:00,3.64,3.64,3.64,3.64,100,0
2014-11-18,21:40:00,3.64,3.96,3.64,3.66,2073,0
2014-11-18,22:00:00,3.66,3.66,3.66,3.66,100,0
2014-11-19,15:50:00,3.64,3.64,3.64,3.64,200,0
2014-11-19,22:00:00,3.6,3.9,3.595,3.9,4149,0
2014-11-20,20:20:00,3.93,3.93,3.93,3.93,200,0
2014-11-20,22:00:00,3.92,3.92,3.92,3.92,100,0
2014-11-21,15:45:00,3.9348,3.9348,3.9348,3.9348,300,0
2014-11-21,16:00:00,3.8,3.8,3.8,3.8,1000,0
2014-11-21,18:10:00,3.944,3.944,3.944,3.944,200,0
2014-11-21,20:20:00,3.81,3.81,3.634,3.634,2470,0
2014-11-21,20:50:00,3.949,3.949,3.949,3.949,150,0
2014-11-21,21:10:00,3.6336,3.6336,3.6336,3.6336,1000,0
2014-11-21,21:55:00,3.6601,3.6601,3.6601,3.6601,477,0
2014-11-24,15:40:00,3.6576,3.6576,3.6576,3.6576,200,0
2014-11-24,15:45:00,3.6599,3.6599,3.6599,3.6599,200,0
2014-11-24,17:20:00,3.6526,3.6526,3.6526,3.6526,100,0
2014-11-24,17:45:00,3.66,3.66,3.6501,3.6501,400,0
2014-11-24,18:45:00,3.86,3.86,3.86,3.86,100,0
2014-11-25,16:10:00,3.87,3.87,3.87,3.87,300,0
2014-11-25,20:25:00,3.7,3.7,3.7,3.7,400,0
2014-11-25,20:55:00,3.889,3.889,3.889,3.889,150,0
2014-11-26,18:10:00,3.9199,3.9199,3.9199,3.9199,150,0
2014-11-26,19:30:00,3.6501,3.6501,3.6501,3.6501,305,0
2014-11-26,19:40:00,3.91,3.91,3.91,3.91,200,0
2014-11-28,15:35:00,3.93,3.93,3.93,3.93,400,0
2014-12-01,15:35:00,3.65,3.65,3.65,3.65,180,0
2014-12-01,15:40:00,3.9,3.9165,3.9,3.9165,1050,0
2014-12-02,17:50:00,3.68,3.95,3.68,3.95,600,0
2014-12-02,21:30:00,3.8132,3.8132,3.8132,3.8132,400,0
2014-12-03,21:50:00,3.77,3.779,3.762,3.762,1000,0
2014-12-04,15:55:00,3.85,3.8795,3.85,3.8795,300,0
2014-12-04,21:35:00,3.651,3.652,3.651,3.652,350,0
2014-12-05,16:15:00,3.62,3.65,3.6,3.65,2980,0
2014-12-05,18:20:00,3.8283,3.8283,3.8283,3.8283,100,0
2014-12-05,21:05:00,3.6601,3.68,3.66,3.66,600,0
2014-12-05,22:00:00,3.65,3.65,3.65,3.65,100,0
2014-12-08,15:35:00,3.61,3.79,3.61,3.79,300,0
2014-12-08,16:45:00,3.61,3.61,3.6,3.6,1200,0
2014-12-08,18:40:00,3.6864,3.6864,3.6864,3.6864,200,0
2014-12-08,20:25:00,3.69,3.69,3.69,3.69,300,0
2014-12-08,21:45:00,3.61,3.67,3.6,3.67,400,0
2014-12-09,18:05:00,3.6001,3.6001,3.6001,3.6001,400,0
2014-12-09,18:20:00,3.77,3.77,3.77,3.77,100,0
2014-12-09,18:30:00,3.601,3.622,3.601,3.622,500,0
2014-12-09,19:15:00,3.71,3.71,3.71,3.71,100,0
2014-12-09,21:15:00,3.61,3.7,3.61,3.7,12280,0
2014-12-10,16:45:00,3.6,3.6,3.6,3.6,130,0
2014-12-10,18:15:00,3.689,3.689,3.689,3.689,134,0
2014-12-10,20:20:00,3.6001,3.6001,3.6001,3.6001,500,0
2014-12-10,21:30:00,3.7,3.7,3.7,3.7,200,0
2014-12-10,21:50:00,3.61,3.7,3.51,3.7,900,0
2014-12-11,15:35:00,3.61,3.61,3.61,3.61,300,0
2014-12-11,18:50:00,3.65,3.69,3.65,3.69,200,0
2014-12-11,22:00:00,3.69,3.69,3.69,3.69,200,0
2014-12-12,15:35:00,3.51,3.51,3.51,3.51,300,0
2014-12-12,16:10:00,3.52,3.52,3.52,3.52,100,0
2014-12-12,16:15:00,3.68,3.68,3.68,3.68,100,0
2014-12-12,16:20:00,3.62,3.68,3.62,3.68,200,0
2014-12-12,20:25:00,3.634,3.634,3.634,3.634,1043,0
2014-12-12,20:30:00,3.5501,3.5501,3.5501,3.5501,400,0
2014-12-12,20:35:00,3.62,3.68,3.62,3.68,200,0
2014-12-12,21:00:00,3.5501,3.5501,3.5501,3.5501,1120,0
2014-12-12,21:05:00,3.5501,3.5501,3.55,3.5501,2680,0
2014-12-12,21:45:00,3.69,3.69,3.69,3.69,100,0
2014-12-12,22:00:00,3.62,3.62,3.62,3.62,100,0
2014-12-15,16:10:00,3.68,3.68,3.68,3.68,100,0
2014-12-15,19:55:00,3.5401,3.5401,3.5401,3.5401,500,0
2014-12-15,20:15:00,3.69,3.69,3.69,3.69,400,0
2014-12-16,15:35:00,3.68,3.6895,3.68,3.6895,1600,0
2014-12-16,15:55:00,3.6501,3.6501,3.6501,3.6501,540,0
2014-12-16,20:30:00,3.6669,3.6669,3.6669,3.6669,200,0
2014-12-16,21:20:00,3.6899,3.6899,3.6899,3.6899,2000,0
2014-12-17,15:40:00,3.65,3.65,3.65,3.65,100,0
2014-12-17,15:45:00,3.61,3.61,3.61,3.61,200,0
2014-12-17,15:55:00,3.61,3.6101,3.6,3.6,1100,0
2014-12-17,16:15:00,3.6101,3.6101,3.6101,3.6101,423,0
2014-12-17,16:30:00,3.65,3.65,3.65,3.65,250,0
2014-12-17,16:35:00,3.63,3.63,3.62,3.62,1000,0
2014-12-17,17:30:00,3.71,3.71,3.62,3.62,900,0
2014-12-17,20:45:00,3.62,3.71,3.6,3.71,840,0
2014-12-17,20:50:00,3.6,3.71,3.541,3.71,6800,0
2014-12-17,21:55:00,3.64,3.71,3.64,3.71,300,0
2014-12-18,15:50:00,3.55,3.55,3.54,3.5405,400,0
2014-12-18,16:40:00,3.6662,3.6662,3.6662,3.6662,200,0
2014-12-18,20:45:00,3.5401,3.5401,3.5401,3.5401,892,0
2014-12-18,20:55:00,3.71,3.71,3.71,3.71,100,0
2014-12-19,15:35:00,3.56,3.56,3.56,3.56,100,0
2014-12-19,15:55:00,3.64,3.7095,3.64,3.7095,200,0
2014-12-19,17:20:00,3.59,3.59,3.59,3.59,350,0
2014-12-19,18:55:00,3.56,3.56,3.54,3.54,1910,0
2014-12-22,15:45:00,3.69,3.69,3.69,3.69,100,0
2014-12-22,16:50:00,3.6,3.69,3.6,3.69,300,0
2014-12-23,15:35:00,3.54,3.54,3.54,3.54,200,0
2014-12-23,16:25:00,3.52,3.5201,3.52,3.52,1193,0
2014-12-23,16:55:00,3.54,3.54,3.51,3.51,10000,0
2014-12-23,17:05:00,3.51,3.51,3.3,3.3,8782,0
2014-12-23,17:10:00,3.49,3.49,3.49,3.49,2000,0
2014-12-23,18:55:00,3.3001,3.3001,3.3001,3.3001,400,0
2014-12-23,19:00:00,3.3001,3.4999,3.3,3.31,1244,0
2014-12-23,19:45:00,3.462,3.462,3.46,3.46,900,0
2014-12-23,21:50:00,3.48,3.48,3.48,3.48,1400,0
2014-12-24,15:35:00,3.39,3.39,3.39,3.39,1900,0
2014-12-24,18:10:00,3.3899,3.3899,3.3899,3.3899,500,0
2014-12-26,15:35:00,3.4999,3.4999,3.4999,3.4999,200,0
2014-12-26,16:20:00,3.45,3.48,3.45,3.48,1000,0
2014-12-26,16:30:00,3.54,3.54,3.45,3.47,1408,0
2014-12-26,17:25:00,3.324,3.324,3.324,3.324,100,0
2014-12-26,20:00:00,3.3776,3.3776,3.3776,3.3776,600,0
2014-12-26,20:40:00,3.3431,3.3431,3.3431,3.3431,500,0
2014-12-26,22:00:00,3.4,3.4,3.4,3.4,100,0
2014-12-29,16:30:00,3.3,3.48,3.3,3.48,22637,0
2014-12-29,17:40:00,3.2701,3.29,3.26,3.27,2888,0
2014-12-29,18:00:00,3.26,3.26,3.26,3.26,100,0
2014-12-29,18:10:00,3.26,3.26,3.26,3.26,400,0
2014-12-29,19:55:00,3.05,3.26,3.03,3.26,4331,0
2014-12-29,20:50:00,3.2063,3.2063,3.2063,3.2063,450,0
2014-12-29,20:55:00,3.27,3.27,3.26,3.27,2073,0
2014-12-29,22:00:00,3.11,3.27,3.11,3.268,600,0
2014-12-30,15:35:00,3.2,3.2,3.2,3.2,100,0
2014-12-30,15:50:00,3.3,3.3,3.29,3.3,300,0
2014-12-30,16:10:00,3.301,3.301,3.301,3.301,150,0
2014-12-30,16:30:00,3.4296,3.4296,3.4296,3.4296,300,0
2014-12-30,16:40:00,3.3,3.3,3.3,3.3,100,0
2014-12-30,16:55:00,3.3,3.3001,3.3,3.3,1500,0
2014-12-30,17:20:00,3.26,3.26,3.2,3.2,425,0
2014-12-30,17:45:00,3.25,3.25,3.25,3.25,200,0
2014-12-30,18:15:00,3.2,3.2,3.2,3.2,1800,0
2014-12-30,18:20:00,3.2,3.2001,3.2,3.2001,600,0
2014-12-30,20:15:00,3.1663,3.1663,3.1663,3.1663,2095,0
2014-12-30,20:25:00,3.1975,3.1975,3.1975,3.1975,500,0
2014-12-30,20:35:00,3.192,3.192,3.192,3.192,2000,0
2014-12-30,21:00:00,3.15,3.15,3.02,3.02,1150,0
2014-12-30,21:20:00,3.1999,3.2,3.1999,3.2,200,0
2014-12-30,21:50:00,3.1,3.1,3.1,3.1,1000,0
2014-12-30,21:55:00,3.0999,3.0999,3.0999,3.0999,2000,0
2014-12-31,15:35:00,3.37,3.37,3.37,3.37,100,0
2014-12-31,16:35:00,3.1548,3.1548,3.1548,3.1548,750,0
2014-12-31,16:40:00,3.159,3.2,3.159,3.2,250,0
2014-12-31,16:45:00,3.1485,3.1485,3.1485,3.1485,1000,0
2014-12-31,16:50:00,3.24,3.24,3.24,3.24,200,0
2014-12-31,17:05:00,3.1667,3.1667,3.1667,3.1667,150,0
2014-12-31,17:25:00,3.19,3.19,3.19,3.19,200,0
2014-12-31,17:55:00,3.1343,3.1343,3.1343,3.1343,1200,0
2014-12-31,18:35:00,3.2,3.2,3.2,3.2,500,0
2014-12-31,20:50:00,3.19,3.19,3.19,3.19,100,0
2014-12-31,21:10:00,3.2,3.2,3.19,3.19,600,0
2014-12-31,21:15:00,3.1101,3.1101,3.1101,3.1101,600,0
2014-12-31,21:25:00,3.11,3.11,3.11,3.11,200,0
2014-12-31,21:35:00,3.1712,3.1712,3.1712,3.1712,1000,0
2015-01-02,15:50:00,3.3099,3.3099,3.3099,3.3099,100,0
2015-01-02,16:10:00,2.99,3.2895,2.96,3.2895,500,0
2015-01-02,20:55:00,3.22,3.24,3.22,3.235,604,0
2015-01-02,21:50:00,3.2499,3.2499,3.2499,3.2499,500,0
2015-01-05,15:55:00,3.28,3.28,3.28,3.28,200,0
2015-01-05,16:10:00,3.12,3.17,3.12,3.17,2200,0
2015-01-05,16:15:00,3.25,3.25,3.25,3.25,332,0
2015-01-05,17:30:00,3.1201,3.1201,3.1201,3.1201,500,0
2015-01-05,17:35:00,3.18,3.18,3.18,3.18,100,0
2015-01-05,19:00:00,3.2499,3.2499,3.2499,3.2499,100,0
2015-01-05,20:10:00,3.17,3.17,3.17,3.17,200,0
2015-01-05,22:00:00,3.236,3.236,3.236,3.236,100,0
2015-01-06,15:35:00,3.25,3.25,3.25,3.25,200,0
2015-01-06,16:10:00,3.15,3.15,3.15,3.15,100,0
2015-01-06,18:25:00,3.2001,3.2001,3.2001,3.2001,400,0
2015-01-06,19:05:00,3.2,3.2,3.2,3.2,100,0
2015-01-06,21:55:00,3.2999,3.2999,3.21,3.21,400,0
2015-01-07,15:35:00,3.28,3.32,3.28,3.32,1000,0
2015-01-07,16:10:00,2.98,3.25,2.98,3.25,300,0
2015-01-07,21:55:00,3.27,3.27,3.27,3.27,100,0
2015-01-08,15:35:00,3.32,3.32,3.32,3.32,200,0
2015-01-08,17:55:00,3.3,3.3,3.3,3.3,400,0
2015-01-08,19:40:00,3.3,3.3095,3.3,3.3095,750,0
2015-01-08,21:25:00,3.3,3.3,3.3,3.3,200,0
2015-01-09,15:35:00,3.37,3.37,3.37,3.37,200,0
2015-01-12,15:35:00,3.43,3.43,3.43,3.43,300,0
2015-01-13,15:35:00,3.43,3.43,3.4,3.4,4745,0
2015-01-13,15:50:00,3.5,3.5,3.5,3.5,200,0
2015-01-13,16:05:00,3.4,3.4,3.4,3.4,2285,0
2015-01-13,18:15:00,3.4968,3.4968,3.34,3.35,1500,0
2015-01-14,15:35:00,3.35,3.35,3.35,3.35,200,0
2015-01-15,15:40:00,3.29,3.29,3.29,3.29,100,0
2015-01-16,15:35:00,3.2,3.2,3.2,3.2,100,0
2015-01-16,16:10:00,3.15,3.15,3.15,3.15,330,0
2015-01-16,18:25:00,3.1999,3.1999,3.1999,3.1999,100,0
2015-01-16,21:50:00,3.2,3.2,3.2,3.2,230,0
2015-01-20,15:35:00,3.01,3.01,3.01,3.01,1000,0
2015-01-20,16:30:00,2.94,2.94,2.91,2.91,5300,0
2015-01-20,16:45:00,3.2,3.2,3.2,3.2,100,0
2015-01-20,16:50:00,2.91,3.16,2.91,3.16,4400,0
2015-01-20,18:45:00,2.95,2.95,2.95,2.95,200,0
2015-01-20,19:10:00,3.1375,3.1375,2.95,2.95,400,0
2015-01-20,19:15:00,2.95,3.2,2.95,3.2,4100,0
2015-01-20,19:20:00,2.95,3.18,2.93,3.18,300,0
2015-01-20,19:25:00,2.9,3.15,2.9,3.15,400,0
2015-01-20,19:30:00,2.92,2.92,2.92,2.92,100,0
2015-01-20,19:35:00,3.0,3.0,3.0,3.0,100,0
2015-01-20,19:40:00,2.93,2.93,2.9,2.9,300,0
2015-01-20,19:55:00,2.9,2.9,2.9,2.9,300,0
2015-01-20,20:00:00,2.91,2.91,2.9,2.9,200,0
2015-01-20,20:10:00,2.9,2.9,2.9,2.9,100,0
2015-01-20,20:15:00,2.9,2.93,2.9,2.93,400,0
2015-01-20,20:25:00,2.9,2.9,2.9,2.9,100,0
2015-01-20,20:30:00,2.9,2.9,2.9,2.9,500,0
2015-01-20,20:45:00,2.9,2.9,2.9,2.9,400,0
2015-01-20,20:50:00,2.9,2.9,2.9,2.9,200,0
2015-01-20,21:00:00,2.9,2.9,2.9,2.9,100,0
2015-01-20,21:05:00,2.9,2.9,2.9,2.9,500,0
2015-01-20,21:10:00,2.9,2.91,2.9,2.91,200,0
2015-01-20,21:15:00,2.91,3.15,2.91,3.02,5700,0
2015-01-20,21:20:00,2.93,2.93,2.93,2.93,300,0
2015-01-20,21:25:00,2.91,3.02,2.9,2.9605,3200,0
2015-01-20,21:55:00,3.0,3.0,3.0,3.0,100,0
2015-01-21,17:05:00,3.01,3.01,3.01,3.01,200,0
2015-01-21,18:55:00,2.99,2.99,2.99,2.99,500,0
2015-01-21,19:40:00,2.71,2.7496,2.59,2.6327,3200,0
2015-01-21,19:45:00,2.8,2.89,2.8,2.8895,1300,0
2015-01-21,21:45:00,2.8524,2.8524,2.8524,2.8524,600,0
2015-01-21,22:00:00,2.73,2.82,2.63,2.8,2100,0
2015-01-22,15:40:00,2.8352,2.95,2.8352,2.95,434,0
2015-01-22,16:25:00,2.9499,2.9499,2.9499,2.9499,1000,0
2015-01-22,17:50:00,2.8375,2.8375,2.8375,2.8375,18000,0
2015-01-22,18:55:00,2.93,2.9495,2.85,2.85,2230,0
2015-01-23,16:05:00,2.84,2.84,2.84,2.84,1100,0
2015-01-23,17:25:00,2.7501,2.7501,2.7501,2.7501,150,0
2015-01-23,17:50:00,2.835,2.835,2.835,2.835,500,0
2015-01-23,18:30:00,2.75,2.7501,2.75,2.75,1384,0
2015-01-23,18:55:00,2.83,2.8495,2.83,2.8495,200,0
2015-01-23,19:20:00,2.7501,2.8,2.7501,2.8,300,0
2015-01-23,22:00:00,2.849,2.849,2.849,2.849,100,0
2015-01-26,17:35:00,2.85,2.85,2.85,2.85,100,0
2015-01-26,22:00:00,2.75,2.75,2.75,2.75,300,0
2015-01-27,15:40:00,2.75,2.75,2.75,2.75,2862,0
2015-01-27,17:20:00,2.825,2.825,2.825,2.825,100,0
2015-01-27,17:55:00,2.849,2.85,2.849,2.85,2000,0
2015-01-27,18:15:00,2.8499,2.8499,2.8499,2.8499,2000,0
2015-01-29,18:40:00,2.76,2.76,2.76,2.76,100,0
2015-01-29,18:45:00,2.825,2.825,2.825,2.825,200,0
2015-01-30,16:20:00,2.75,2.75,2.75,2.75,200,0
2015-01-30,17:05:00,2.8499,2.8499,2.8499,2.8499,100,0
2015-02-02,18:15:00,2.8339,2.8339,2.8339,2.8339,290,0
2015-02-03,21:55:00,2.8024,2.8299,2.8024,2.8299,1200,0
2015-02-04,16:10:00,2.83,2.83,2.83,2.83,200,0
2015-02-05,15:45:00,2.8155,2.8155,2.8155,2.8155,250,0
2015-02-05,16:10:00,2.8499,2.8499,2.8499,2.8499,100,0
2015-02-05,16:55:00,2.7272,2.7272,2.7272,2.7272,150,0
2015-02-05,17:05:00,2.75,2.8495,2.75,2.8495,1306,0
2015-02-05,19:35:00,2.7,2.7001,2.7,2.7001,1486,0
2015-02-05,20:05:00,2.84,2.84,2.84,2.84,100,0
2015-02-05,22:00:00,2.84,2.84,2.84,2.84,100,0
2015-02-06,15:35:00,2.85,2.9,2.85,2.9,900,0
2015-02-06,17:20:00,2.84,2.85,2.84,2.85,2556,0
2015-02-06,17:25:00,2.85,2.9,2.85,2.9,929,0
2015-02-06,18:30:00,2.892,2.892,2.892,2.892,550,0
2015-02-06,18:35:00,2.85,2.85,2.85,2.85,100,0
2015-02-06,18:55:00,2.88,2.88,2.88,2.88,200,0
2015-02-06,20:10:00,2.88,2.88,2.88,2.88,100,0
2015-02-06,20:50:00,2.851,2.853,2.85,2.85,1300,0
2015-02-06,21:40:00,2.8752,2.8752,2.8752,2.8752,100,0
2015-02-06,22:00:00,2.8752,2.8752,2.85,2.8752,1100,0
2015-02-09,18:55:00,2.78,2.78,2.78,2.78,500,0
2015-02-09,19:00:00,2.78,2.78,2.62,2.71,2700,0
2015-02-09,19:25:00,2.73,2.73,2.7299,2.73,800,0
2015-02-09,19:30:00,2.75,2.8,2.75,2.8,600,0
2015-02-09,19:35:00,2.7,2.8,2.7,2.8,1700,0
2015-02-09,19:40:00,2.7799,2.7799,2.7799,2.7799,500,0
2015-02-09,21:10:00,2.8,2.8,2.8,2.8,300,0
2015-02-09,21:30:00,2.78,2.78,2.78,2.78,100,0
2015-02-09,21:45:00,2.75,2.75,2.75,2.75,300,0
2015-02-09,21:55:00,2.78,2.78,2.78,2.78,200,0
2015-02-09,22:00:00,2.78,2.87,2.78,2.87,11620,0
2015-02-10,15:50:00,2.744,2.84,2.7,2.84,1400,0
2015-02-10,18:10:00,2.7001,2.7001,2.7001,2.7001,200,0
2015-02-10,18:15:00,2.82,2.82,2.8199,2.8199,500,0
2015-02-10,18:50:00,2.85,2.85,2.85,2.85,200,0
2015-02-10,19:05:00,2.84,2.84,2.84,2.84,100,0
2015-02-10,22:00:00,2.87,3.1,2.87,3.1,3200,0
2015-02-11,16:10:00,3.098,3.1,3.098,3.1,200,0
2015-02-11,16:15:00,2.89,2.89,2.87,2.87,700,0
2015-02-11,16:20:00,2.8499,2.9,2.8499,2.88,900,0
2015-02-11,16:40:00,2.96,2.9695,2.96,2.9695,200,0
2015-02-11,16:45:00,2.97,3.1,2.97,3.1,3150,0
2015-02-11,16:55:00,3.12,3.18,3.1,3.14,1300,0
2015-02-11,17:00:00,3.24,3.3,3.19,3.3,1800,0
2015-02-11,17:05:00,3.3,3.3,3.3,3.3,600,0
2015-02-11,17:15:00,3.34,3.49,3.34,3.36,1800,0
2015-02-11,17:20:00,3.3501,3.49,3.25,3.32,2600,0
2015-02-11,17:25:00,3.46,3.46,3.3001,3.31,6280,0
2015-02-11,17:30:00,3.41,3.41,3.27,3.33,2400,0
2015-02-11,17:35:00,3.2,3.2001,3.16,3.16,1326,0
2015-02-11,17:40:00,3.28,3.28,3.28,3.28,426,0
2015-02-11,19:35:00,3.2,3.2,3.2,3.2,100,0
2015-02-11,20:05:00,3.2,3.2,3.2,3.2,174,0
2015-02-11,21:50:00,3.3299,3.3299,3.3299,3.3299,100,0
2015-02-11,22:00:00,3.18,3.18,3.18,3.18,300,0
2015-02-12,16:00:00,3.3,3.3,3.3,3.3,100,0
2015-02-13,17:10:00,3.0,3.0,3.0,3.0,200,0
2015-02-13,17:25:00,3.25,3.25,3.25,3.25,100,0
2015-02-13,19:20:00,3.49,3.49,3.49,3.49,500,0
2015-02-17,16:05:00,3.46,3.46,3.46,3.46,100,0
2015-02-17,16:10:00,3.46,3.46,3.46,3.46,200,0
2015-02-17,18:15:00,3.29,3.29,3.29,3.29,100,0
2015-02-17,20:05:00,3.479,3.479,3.479,3.479,100,0
2015-02-17,21:35:00,3.2,3.2,3.2,3.2,100,0
2015-02-17,21:45:00,3.4799,3.4799,3.4799,3.4799,100,0
2015-02-19,17:15:00,3.17,3.17,3.1,3.1,4300,0
2015-02-19,17:25:00,3.1774,3.1774,3.1774,3.1774,1200,0
2015-02-19,17:30:00,3.07,3.0799,3.07,3.0799,1768,0
2015-02-19,17:35:00,3.0706,3.0706,3.0706,3.0706,1000,0
2015-02-19,18:15:00,3.189,3.189,3.179,3.179,200,0
2015-02-19,19:30:00,3.189,3.189,3.189,3.189,200,0
2015-02-19,21:45:00,3.15,3.15,3.15,3.15,1568,0
2015-02-19,21:50:00,3.14,3.14,3.1,3.1,490,0
2015-02-19,21:55:00,3.229,3.229,3.1,3.1,200,0
2015-02-19,22:00:00,3.209,3.209,3.209,3.209,200,0
2015-02-20,17:40:00,3.05,3.05,3.05,3.05,400,0
2015-02-20,21:00:00,3.35,3.35,3.35,3.35,200,0
2015-02-23,17:15:00,3.02,3.0899,3.02,3.02,2910,0
2015-02-23,17:30:00,3.0799,3.09,3.02,3.02,1842,0
2015-02-23,18:10:00,3.0999,3.1,3.09,3.1,1200,0
2015-02-23,18:45:00,3.149,3.15,3.14,3.15,1000,0
2015-02-23,19:00:00,3.021,3.021,3.021,3.021,1000,0
2015-02-23,19:20:00,3.1399,3.14,3.09,3.1,1300,0
2015-02-23,19:25:00,3.0201,3.0201,3.0201,3.0201,225,0
2015-02-23,19:35:00,3.15,3.17,3.15,3.17,700,0
2015-02-23,22:00:00,3.25,3.25,3.25,3.25,100,0
