Date,Time,Open,High,Low,Close,Volume,OpenInt
2014-12-16,16:50:00,7.1606,7.1606,7.1606,7.1606,100,0
2014-12-16,17:05:00,7.2004,7.2004,7.2004,7.2004,100,0
2014-12-16,17:15:00,7.2004,7.2004,7.1805,7.1805,803,0
2014-12-16,17:20:00,7.1805,7.1805,7.1805,7.1805,100,0
2014-12-16,17:30:00,7.2104,7.2104,7.2104,7.2104,100,0
2014-12-16,17:35:00,7.2104,7.2104,7.2004,7.2004,301,0
2014-12-16,17:45:00,7.2004,7.2004,7.2004,7.2004,402,0
2014-12-16,17:50:00,7.1905,7.1905,7.1905,7.1905,100,0
2014-12-16,18:05:00,7.1805,7.1805,7.1805,7.1805,100,0
2014-12-16,18:15:00,7.2004,7.2004,7.2004,7.2004,201,0
2014-12-16,18:40:00,7.2004,7.2004,7.2004,7.2004,100,0
2014-12-16,18:45:00,7.2104,7.2104,7.2004,7.2004,2309,0
2014-12-16,18:50:00,7.2103,7.2103,7.2004,7.2004,565,0
2014-12-16,19:00:00,7.2004,7.2004,7.2004,7.2004,201,0
2014-12-16,19:05:00,7.2004,7.2004,7.2004,7.2004,100,0
2014-12-16,19:15:00,7.2004,7.2004,7.2004,7.2004,201,0
2014-12-16,19:20:00,7.1805,7.1805,7.1805,7.1805,100,0
2014-12-16,19:35:00,7.1805,7.1805,7.1805,7.1805,100,0
2014-12-16,19:50:00,7.2104,7.2104,7.2004,7.2004,1205,0
2014-12-16,19:55:00,7.2104,7.2104,7.2004,7.2004,703,0
2014-12-16,20:10:00,7.2004,7.2004,7.2004,7.2004,100,0
2014-12-16,20:15:00,7.2004,7.2004,7.2004,7.2004,301,0
2014-12-16,20:25:00,7.2004,7.2004,7.2004,7.2004,100,0
2014-12-16,20:35:00,7.2004,7.2004,7.2004,7.2004,100,0
2014-12-16,20:40:00,7.2004,7.2004,7.2004,7.2004,100,0
2014-12-16,20:45:00,7.2104,7.2104,7.2104,7.2104,301,0
2014-12-16,20:50:00,7.2068,7.2068,7.2068,7.2068,1088,0
2014-12-16,20:55:00,7.2004,7.2004,7.2004,7.2004,100,0
2014-12-16,21:00:00,7.2088,7.2088,7.2004,7.2004,402,0
2014-12-16,21:10:00,7.2004,7.2088,7.2004,7.2088,201,0
2014-12-16,21:20:00,7.2088,7.2088,7.2004,7.2004,201,0
2014-12-16,21:25:00,7.2004,7.2104,7.2004,7.2104,602,0
2014-12-16,21:30:00,7.2104,7.2104,7.2004,7.2104,899,0
2014-12-16,21:35:00,7.2004,7.2104,7.2004,7.2104,674,0
2014-12-16,21:40:00,7.2004,7.2104,7.2004,7.2004,301,0
2014-12-16,21:50:00,7.2004,7.2004,7.2004,7.2004,402,0
2014-12-16,21:55:00,7.2004,7.2104,7.2004,7.2104,502,0
2014-12-16,22:00:00,7.2104,7.2104,7.2004,7.2004,1595,0
2014-12-17,15:45:00,7.1905,7.1905,7.1905,7.1905,402,0
2014-12-17,15:55:00,7.1905,7.1905,7.1905,7.1905,502,0
2014-12-17,16:00:00,7.1952,7.1952,7.1952,7.1952,402,0
2014-12-17,16:05:00,7.1805,7.1805,7.1805,7.1805,100,0
2014-12-17,16:15:00,7.1805,7.1805,7.1805,7.1805,100,0
2014-12-17,16:45:00,7.1805,7.1805,7.1805,7.1805,201,0
2014-12-17,16:55:00,7.1805,7.1805,7.1805,7.1805,100,0
2014-12-17,17:05:00,7.1805,7.1805,7.1805,7.1805,602,0
2014-12-17,17:20:00,7.1905,7.2104,7.1705,7.1705,1667,0
2014-12-17,17:30:00,7.1705,7.1706,7.1705,7.1705,1165,0
2014-12-17,17:35:00,7.1805,7.1805,7.1805,7.1805,100,0
2014-12-17,17:50:00,7.1805,7.1805,7.1805,7.1805,100,0
2014-12-17,17:55:00,7.1805,7.1905,7.1705,7.1905,301,0
2014-12-17,18:05:00,7.1905,7.1905,7.1905,7.1905,100,0
2014-12-17,18:15:00,7.1705,7.1905,7.1705,7.1905,301,0
2014-12-17,18:20:00,7.2004,7.2004,7.2004,7.2004,301,0
2014-12-17,18:45:00,7.1905,7.1905,7.1905,7.1905,201,0
2014-12-17,18:50:00,7.1905,7.1905,7.1905,7.1905,100,0
2014-12-17,19:15:00,7.1905,7.1905,7.1905,7.1905,100,0
2014-12-17,19:35:00,7.2104,7.2104,7.2004,7.2004,1004,0
2014-12-17,19:50:00,7.2004,7.2004,7.2004,7.2004,602,0
2014-12-17,19:55:00,7.2004,7.2004,7.2004,7.2004,100,0
2014-12-17,20:05:00,7.2004,7.2004,7.2004,7.2004,301,0
2014-12-17,20:10:00,7.1805,7.1805,7.1805,7.1805,100,0
2014-12-17,20:15:00,7.1805,7.1805,7.1805,7.1805,104,0
2014-12-17,20:25:00,7.1805,7.1805,7.1805,7.1805,100,0
2014-12-17,20:35:00,7.1805,7.1805,7.1805,7.1805,100,0
2014-12-17,20:50:00,7.1805,7.1905,7.1705,7.1705,2209,0
2014-12-17,20:55:00,7.1705,7.1905,7.1705,7.1705,301,0
2014-12-17,21:00:00,7.1805,7.1805,7.1805,7.1805,100,0
2014-12-17,21:05:00,7.1705,7.1905,7.1705,7.1705,301,0
2014-12-17,21:10:00,7.1905,7.2004,7.1905,7.2004,402,0
2014-12-17,21:25:00,7.1805,7.1805,7.1805,7.1805,100,0
2014-12-17,21:30:00,7.1805,7.1805,7.1805,7.1805,201,0
2014-12-17,21:35:00,7.1805,7.1805,7.1805,7.1805,100,0
2014-12-17,21:45:00,7.1905,7.1905,7.1905,7.1905,100,0
2014-12-17,21:50:00,7.1705,7.1905,7.1705,7.1705,602,0
2014-12-17,21:55:00,7.1705,7.1805,7.1705,7.1705,51009,0
2014-12-17,22:00:00,7.1705,7.1805,7.1705,7.1805,2095,0
2014-12-18,15:35:00,7.1705,7.1705,7.1705,7.1705,7125,0
2014-12-18,15:50:00,7.2004,7.2004,7.2004,7.2004,402,0
2014-12-18,15:55:00,7.2104,7.2104,7.2104,7.2104,100,0
2014-12-18,16:00:00,7.2004,7.2104,7.2004,7.2104,301,0
2014-12-18,16:15:00,7.2104,7.2104,7.2104,7.2104,100,0
2014-12-18,16:20:00,7.2004,7.2004,7.1705,7.1705,3085,0
2014-12-18,16:25:00,7.1705,7.1705,7.1606,7.1705,49304,0
2014-12-18,16:45:00,7.1705,7.1705,7.1705,7.1705,100,0
2014-12-18,16:50:00,7.2004,7.2004,7.2004,7.2004,201,0
2014-12-18,16:55:00,7.1705,7.1705,7.1705,7.1705,100,0
2014-12-18,17:05:00,7.1855,7.1855,7.1855,7.1855,201,0
2014-12-18,17:25:00,7.1705,7.2004,7.1705,7.2003,645,0
2014-12-18,17:40:00,7.1705,7.1705,7.1705,7.1705,100,0
2014-12-18,18:00:00,7.1705,7.1903,7.1705,7.1705,703,0
2014-12-18,18:10:00,7.2004,7.2004,7.1905,7.1905,502,0
2014-12-18,18:20:00,7.1905,7.1905,7.1905,7.1905,100,0
2014-12-18,18:35:00,7.2104,7.2104,7.1905,7.1905,301,0
2014-12-18,18:40:00,7.1905,7.2104,7.1905,7.1905,402,0
2014-12-18,19:00:00,7.1905,7.1905,7.1905,7.1905,100,0
2014-12-18,19:15:00,7.2104,7.2104,7.2104,7.2104,100,0
2014-12-18,19:20:00,7.2104,7.2104,7.2104,7.2104,100,0
2014-12-18,19:25:00,7.1905,7.1905,7.1905,7.1905,201,0
2014-12-18,19:45:00,7.1905,7.1905,7.1905,7.1905,301,0
2014-12-18,20:00:00,7.2104,7.2104,7.2104,7.2104,301,0
2014-12-18,20:05:00,7.2104,7.2104,7.1905,7.2104,1004,0
2014-12-18,20:10:00,7.2104,7.2104,7.1905,7.1905,1405,0
2014-12-18,20:40:00,7.1805,7.1806,7.1805,7.1806,402,0
2014-12-18,20:45:00,7.1905,7.2004,7.1905,7.2004,301,0
2014-12-18,20:55:00,7.1954,7.2004,7.1954,7.2004,301,0
2014-12-18,21:05:00,7.2004,7.2004,7.1905,7.1905,938,0
2014-12-18,21:10:00,7.2004,7.2004,7.2004,7.2004,301,0
2014-12-18,21:15:00,7.2004,7.2004,7.1905,7.1905,301,0
2014-12-18,21:20:00,7.1988,7.2004,7.1988,7.2004,201,0
2014-12-18,21:25:00,7.2004,7.2004,7.1988,7.1988,201,0
2014-12-18,21:30:00,7.2004,7.2004,7.1905,7.1905,1004,0
2014-12-18,21:40:00,7.1905,7.1954,7.1905,7.1954,201,0
2014-12-18,21:50:00,7.1905,7.1905,7.1905,7.1905,502,0
2014-12-18,21:55:00,7.1905,7.2104,7.1905,7.2104,4117,0
2014-12-18,22:00:00,7.2104,7.2104,7.1905,7.1905,2625,0
2014-12-19,15:45:00,7.2104,7.2104,7.2104,7.2104,100,0
2014-12-19,15:55:00,7.2004,7.2004,7.2004,7.2004,201,0
2014-12-19,16:00:00,7.1805,7.1805,7.1705,7.1705,4336,0
2014-12-19,16:10:00,7.1606,7.1606,7.1606,7.1606,100,0
2014-12-19,16:20:00,7.1606,7.1606,7.1606,7.1606,100,0
2014-12-19,16:25:00,7.1606,7.1606,7.1606,7.1606,100,0
2014-12-19,16:35:00,7.1606,7.1606,7.1606,7.1606,100,0
2014-12-19,16:40:00,7.1606,7.1606,7.1606,7.1606,100,0
2014-12-19,16:50:00,7.1606,7.1606,7.1606,7.1606,301,0
2014-12-19,16:55:00,7.1506,7.1506,7.1506,7.1506,100,0
2014-12-19,17:05:00,7.1506,7.1506,7.1506,7.1506,100,0
2014-12-19,17:15:00,7.1506,7.1506,7.1506,7.1506,100,0
2014-12-19,17:25:00,7.1506,7.1506,7.1506,7.1506,100,0
2014-12-19,17:30:00,7.1506,7.1507,7.1408,7.1408,904,0
2014-12-19,17:35:00,7.1407,7.1407,7.1407,7.1407,201,0
2014-12-19,17:55:00,7.1407,7.1407,7.1407,7.1407,100,0
2014-12-19,18:05:00,7.1407,7.1407,7.1407,7.1407,100,0
2014-12-19,18:15:00,7.1506,7.1606,7.1456,7.1606,402,0
2014-12-19,18:20:00,7.1606,7.1705,7.1606,7.1705,703,0
2014-12-19,18:25:00,7.1705,7.1705,7.1705,7.1705,201,0
2014-12-19,18:30:00,7.1506,7.1705,7.1506,7.1705,703,0
2014-12-19,18:45:00,7.1705,7.1705,7.1606,7.1606,301,0
2014-12-19,18:50:00,7.1705,7.1705,7.1705,7.1705,100,0
2014-12-19,18:55:00,7.1705,7.1705,7.1705,7.1705,201,0
2014-12-19,19:00:00,7.1606,7.1705,7.1606,7.1705,201,0
2014-12-19,19:05:00,7.1705,7.1705,7.1705,7.1705,2309,0
2014-12-19,19:10:00,7.1705,7.1705,7.1606,7.1705,4217,0
2014-12-19,19:15:00,7.1705,7.1705,7.1705,7.1705,2309,0
2014-12-19,19:20:00,7.1705,7.1705,7.1506,7.1705,1105,0
2014-12-19,19:25:00,7.1705,7.1705,7.1705,7.1705,1105,0
2014-12-19,19:30:00,7.1705,7.1705,7.1506,7.1705,1607,0
2014-12-19,19:35:00,7.1705,7.1705,7.1705,7.1705,2309,0
2014-12-19,19:40:00,7.1705,7.1705,7.1705,7.1705,2410,0
2014-12-19,19:45:00,7.1705,7.1705,7.1705,7.1705,1607,0
2014-12-19,19:50:00,7.1705,7.1705,7.1705,7.1705,2209,0
2014-12-19,19:55:00,7.1705,7.1705,7.1705,7.1705,1807,0
2014-12-19,20:00:00,7.1705,7.1705,7.1705,7.1705,1406,0
2014-12-19,20:05:00,7.1705,7.1705,7.1705,7.1705,1406,0
2014-12-19,20:10:00,7.1705,7.1705,7.1646,7.1705,5322,0
2014-12-19,20:15:00,7.1705,7.1705,7.1705,7.1705,1506,0
2014-12-19,20:20:00,7.1705,7.1705,7.1705,7.1705,1807,0
2014-12-19,20:25:00,7.1705,7.1705,7.1705,7.1705,2209,0
2014-12-19,20:30:00,7.1805,7.1805,7.1705,7.1705,301,0
2014-12-19,20:35:00,7.1905,7.1905,7.1905,7.1905,201,0
2014-12-19,20:45:00,7.1805,7.1805,7.1805,7.1805,100,0
2014-12-19,20:55:00,7.1805,7.1905,7.1805,7.1905,502,0
2014-12-19,21:00:00,7.1905,7.1905,7.1905,7.1905,100,0
2014-12-19,21:05:00,7.1805,7.1855,7.1805,7.1855,703,0
2014-12-19,21:10:00,7.1905,7.1905,7.1905,7.1905,100,0
2014-12-19,21:15:00,7.1805,7.1815,7.1805,7.1805,402,0
2014-12-19,21:20:00,7.1905,7.1905,7.1905,7.1905,301,0
2014-12-19,21:30:00,7.1806,7.2104,7.1805,7.1805,2510,0
2014-12-19,21:35:00,7.1805,7.1805,7.1805,7.1805,402,0
2014-12-19,21:40:00,7.1805,7.1805,7.1805,7.1805,402,0
2014-12-19,21:45:00,7.1805,7.1805,7.1805,7.1805,301,0
2014-12-19,21:50:00,7.1705,7.2004,7.1705,7.1705,602,0
2014-12-19,21:55:00,7.1705,7.2004,7.1705,7.2004,803,0
2014-12-19,22:00:00,7.2004,7.2004,7.1705,7.1705,3345,0
2014-12-22,16:00:00,7.2004,7.2004,7.2004,7.2004,402,0
2014-12-22,16:20:00,7.1805,7.1805,7.1705,7.1805,502,0
2014-12-22,16:30:00,7.1805,7.1805,7.1805,7.1805,502,0
2014-12-22,16:35:00,7.1904,7.2104,7.1831,7.1954,18959,0
2014-12-22,16:40:00,7.2203,7.2203,7.2203,7.2203,100,0
2014-12-22,16:50:00,7.2303,7.2303,7.2303,7.2303,100,0
2014-12-22,17:05:00,7.2004,7.2004,7.2004,7.2004,201,0
2014-12-22,17:35:00,7.2203,7.2203,7.2005,7.2203,402,0
2014-12-22,18:25:00,7.2104,7.2104,7.2104,7.2104,602,0
2014-12-22,18:30:00,7.2104,7.2104,7.2104,7.2104,201,0
2014-12-22,18:55:00,7.2303,7.2303,7.2005,7.2303,912,0
2014-12-22,19:05:00,7.2303,7.2303,7.2303,7.2303,301,0
2014-12-22,19:10:00,7.2105,7.2105,7.2105,7.2105,201,0
2014-12-22,19:25:00,7.2303,7.2303,7.2303,7.2303,1693,0
2014-12-22,20:05:00,7.2104,7.2104,7.2104,7.2104,100,0
2014-12-22,20:10:00,7.2303,7.2303,7.2303,7.2303,100,0
2014-12-22,20:15:00,7.2203,7.2402,7.2203,7.2402,904,0
2014-12-22,20:25:00,7.2402,7.2402,7.2402,7.2402,100,0
2014-12-22,20:40:00,7.2402,7.2402,7.2402,7.2402,100,0
2014-12-22,21:00:00,7.2402,7.2402,7.2402,7.2402,502,0
2014-12-22,21:05:00,7.2303,7.2303,7.2303,7.2303,100,0
2014-12-22,21:20:00,7.2004,7.2005,7.2004,7.2005,201,0
2014-12-22,21:25:00,7.2004,7.2004,7.2004,7.2004,301,0
2014-12-22,21:30:00,7.2303,7.2303,7.1805,7.2005,5551,0
2014-12-22,21:35:00,7.2203,7.2303,7.2203,7.2303,201,0
2014-12-22,21:55:00,7.2303,7.2303,7.2303,7.2303,100,0
2014-12-22,22:00:00,7.2104,7.2104,7.1705,7.1705,5643,0
2014-12-23,16:00:00,7.2303,7.2303,7.2303,7.2303,100,0
2014-12-23,16:10:00,7.2004,7.2021,7.1905,7.2014,1217,0
2014-12-23,16:30:00,7.2303,7.2303,7.2303,7.2303,1004,0
2014-12-23,16:35:00,7.2303,7.2303,7.2303,7.2303,1105,0
2014-12-23,17:00:00,7.2203,7.2203,7.1905,7.1905,2309,0
2014-12-23,17:05:00,7.1705,7.2203,7.1506,7.2203,2410,0
2014-12-23,17:10:00,7.2203,7.2303,7.2203,7.2303,422,0
2014-12-23,17:15:00,7.2303,7.2303,7.2303,7.2303,657,0
2014-12-23,17:25:00,7.2104,7.2104,7.2104,7.2104,100,0
2014-12-23,17:30:00,7.2273,7.2273,7.2273,7.2273,1004,0
2014-12-23,17:50:00,7.2303,7.2303,7.2303,7.2303,201,0
2014-12-23,18:00:00,7.2303,7.2303,7.2303,7.2303,100,0
2014-12-23,18:05:00,7.2004,7.2004,7.2004,7.2004,100,0
2014-12-23,18:20:00,7.2203,7.2203,7.2203,7.2203,402,0
2014-12-23,18:30:00,7.2203,7.2203,7.2203,7.2203,1255,0
2014-12-23,18:35:00,7.2303,7.2303,7.2303,7.2303,100,0
2014-12-23,18:40:00,7.2402,7.2402,7.2203,7.2402,2718,0
2014-12-23,18:50:00,7.2402,7.2402,7.2402,7.2402,100,0
2014-12-23,19:00:00,7.2502,7.2502,7.2303,7.2303,1205,0
2014-12-23,19:25:00,7.2402,7.2402,7.2402,7.2402,100,0
2014-12-23,19:35:00,7.2502,7.2502,7.2502,7.2502,100,0
2014-12-23,19:40:00,7.2502,7.2502,7.2502,7.2502,301,0
2014-12-23,19:55:00,7.2203,7.2203,7.2203,7.2203,803,0
2014-12-23,20:00:00,7.2203,7.2203,7.2203,7.2203,100,0
2014-12-23,20:05:00,7.2004,7.2004,7.1705,7.1705,1127,0
2014-12-23,20:20:00,7.2502,7.2502,7.2502,7.2502,100,0
2014-12-23,20:40:00,7.2502,7.2502,7.2502,7.2502,201,0
2014-12-23,21:05:00,7.2602,7.2602,7.2502,7.2502,301,0
2014-12-23,21:35:00,7.2502,7.2502,7.2402,7.2502,1305,0
2014-12-23,21:45:00,7.2502,7.2502,7.2502,7.2502,100,0
2014-12-23,21:50:00,7.2602,7.2602,7.2602,7.2602,301,0
2014-12-23,22:00:00,7.2402,7.2402,7.2203,7.2203,1357,0
2014-12-24,15:40:00,7.2203,7.2243,7.2024,7.2024,1910,0
2014-12-24,16:00:00,7.2104,7.2104,7.2004,7.2004,502,0
2014-12-24,16:20:00,7.2502,7.2502,7.2502,7.2502,140,0
2014-12-24,16:30:00,7.2502,7.31,7.2502,7.31,3281,0
2014-12-24,17:15:00,7.29,7.29,7.29,7.29,201,0
2014-12-24,17:40:00,7.3,7.3,7.3,7.3,201,0
2014-12-24,17:50:00,7.31,7.31,7.31,7.31,201,0
2014-12-24,18:05:00,7.31,7.31,7.31,7.31,301,0
2014-12-24,18:10:00,7.3,7.3,7.2402,7.2402,1004,0
2014-12-24,18:20:00,7.2701,7.2701,7.2701,7.2701,100,0
2014-12-24,18:40:00,7.2602,7.2602,7.2602,7.2602,502,0
2014-12-24,18:50:00,7.2602,7.2602,7.2602,7.2602,100,0
2014-12-24,18:55:00,7.2602,7.2602,7.2602,7.2602,2109,0
2014-12-26,15:35:00,7.3398,7.3398,7.3398,7.3398,301,0
2014-12-26,16:10:00,7.31,7.31,7.31,7.31,402,0
2014-12-26,16:40:00,7.3398,7.3398,7.3398,7.3398,201,0
2014-12-26,16:45:00,7.31,7.31,7.31,7.31,402,0
2014-12-26,17:35:00,7.3598,7.3598,7.3598,7.3598,100,0
2014-12-26,18:35:00,7.295,7.295,7.2801,7.2801,201,0
2014-12-26,18:45:00,7.2592,7.2601,7.2303,7.2304,1735,0
2014-12-26,19:40:00,7.2801,7.2801,7.2801,7.2801,301,0
2014-12-26,20:15:00,7.2801,7.2801,7.28,7.28,1607,0
2014-12-26,20:40:00,7.2801,7.2801,7.2801,7.2801,100,0
2014-12-26,20:50:00,7.2801,7.299,7.2801,7.298,1105,0
2014-12-26,21:00:00,7.2801,7.2801,7.2801,7.2801,301,0
2014-12-26,21:15:00,7.31,7.31,7.31,7.31,201,0
2014-12-26,21:50:00,7.31,7.31,7.31,7.31,301,0
2014-12-26,21:55:00,7.2801,7.2801,7.2801,7.2801,402,0
2014-12-26,22:00:00,7.29,7.29,7.29,7.29,1004,0
2014-12-29,15:35:00,7.3,7.3,7.3,7.3,201,0
2014-12-29,15:55:00,7.31,7.31,7.31,7.31,201,0
2014-12-29,16:40:00,7.2903,7.2903,7.2903,7.2903,602,0
2014-12-29,16:55:00,7.3299,7.3398,7.3,7.31,2705,0
2014-12-29,17:00:00,7.3299,7.3299,7.2701,7.3299,1004,0
2014-12-29,17:05:00,7.3199,7.3199,7.3199,7.3199,100,0
2014-12-29,17:35:00,7.29,7.31,7.2701,7.31,602,0
2014-12-29,18:05:00,7.3,7.3,7.3,7.3,301,0
2014-12-29,18:30:00,7.3,7.3,7.3,7.3,301,0
2014-12-29,19:00:00,7.29,7.29,7.29,7.29,301,0
2014-12-29,19:25:00,7.2801,7.2801,7.2801,7.2801,100,0
2014-12-29,19:40:00,7.2801,7.2801,7.2801,7.2801,100,0
2014-12-29,19:45:00,7.29,7.29,7.29,7.29,100,0
2014-12-29,19:50:00,7.29,7.29,7.29,7.29,301,0
2014-12-29,20:10:00,7.29,7.29,7.29,7.29,100,0
2014-12-29,20:25:00,7.2801,7.2801,7.2701,7.2701,1205,0
2014-12-29,20:40:00,7.2701,7.2701,7.2701,7.2701,201,0
2014-12-29,21:00:00,7.2602,7.2602,7.2602,7.2602,703,0
2014-12-29,21:10:00,7.2701,7.2701,7.2701,7.2701,100,0
2014-12-29,21:30:00,7.2602,7.2602,7.2502,7.2502,602,0
2014-12-29,21:50:00,7.2502,7.2502,7.1905,7.2502,803,0
2014-12-30,16:00:00,7.2701,7.2701,7.2701,7.2701,201,0
2014-12-30,16:35:00,7.2701,7.2701,7.2701,7.2701,100,0
2014-12-30,16:45:00,7.2701,7.2701,7.2701,7.2701,402,0
2014-12-30,17:25:00,7.2701,7.2701,7.2701,7.2701,402,0
2014-12-30,19:05:00,7.2203,7.2203,7.2203,7.2203,490,0
2014-12-30,19:15:00,7.2402,7.2402,7.2203,7.2203,747,0
2014-12-30,19:20:00,7.2203,7.2602,7.2105,7.2602,1205,0
2014-12-30,19:25:00,7.2402,7.2602,7.2004,7.2602,2506,0
2014-12-30,19:30:00,7.2502,7.2502,7.2004,7.2004,703,0
2014-12-30,19:35:00,7.1805,7.1805,7.1805,7.1805,402,0
2014-12-30,19:40:00,7.1905,7.1905,7.1905,7.1905,3073,0
2014-12-30,19:45:00,7.1715,7.2004,7.1705,7.1705,4091,0
2014-12-30,19:50:00,7.1705,7.2004,7.1705,7.1705,4719,0
2014-12-30,19:55:00,7.1805,7.1805,7.1705,7.1705,3781,0
2014-12-30,20:00:00,7.1705,7.1705,7.1705,7.1705,4016,0
2014-12-30,20:05:00,7.1705,7.1705,7.1705,7.1705,5021,0
2014-12-30,20:10:00,7.1705,7.1715,7.1705,7.1705,6426,0
2014-12-30,20:15:00,7.1855,7.1855,7.1705,7.1705,5924,0
2014-12-30,20:20:00,7.1705,7.1705,7.1705,7.1705,100,0
2014-12-30,20:45:00,7.1905,7.1905,7.1905,7.1905,402,0
2014-12-30,21:00:00,7.2004,7.2004,7.2004,7.2004,100,0
2014-12-30,21:05:00,7.2004,7.2004,7.2004,7.2004,155938,0
2014-12-30,21:10:00,7.2153,7.2153,7.2153,7.2153,100,0
2014-12-30,21:20:00,7.2104,7.2303,7.2104,7.2303,201,0
2014-12-30,21:30:00,7.2402,7.2402,7.2402,7.2402,100,0
2014-12-30,21:35:00,7.2104,7.2104,7.2104,7.2104,201,0
2014-12-30,21:45:00,7.2203,7.2203,7.2203,7.2203,201,0
2014-12-30,21:50:00,7.2203,7.2203,7.2203,7.2203,301,0
2014-12-30,21:55:00,7.2402,7.2402,7.2104,7.2104,301,0
2014-12-30,22:00:00,7.2104,7.2104,7.2004,7.2004,301,0
2014-12-31,16:20:00,7.1905,7.1905,7.1905,7.1905,502,0
2014-12-31,16:35:00,7.1905,7.2203,7.1905,7.2203,1707,0
2014-12-31,16:55:00,7.2402,7.2502,7.2401,7.2502,3514,0
2014-12-31,17:05:00,7.2602,7.29,7.2601,7.29,2209,0
2014-12-31,17:20:00,7.29,7.29,7.2801,7.29,301,0
2014-12-31,17:25:00,7.2403,7.2403,7.2403,7.2403,803,0
2014-12-31,17:40:00,7.28,7.28,7.28,7.28,249,0
2014-12-31,17:50:00,7.2801,7.2801,7.2602,7.2602,301,0
2014-12-31,18:00:00,7.2701,7.2701,7.2701,7.2701,201,0
2014-12-31,18:25:00,7.2701,7.2701,7.2701,7.2701,502,0
2014-12-31,18:35:00,7.2502,7.2502,7.2502,7.2502,402,0
2014-12-31,18:45:00,7.2502,7.29,7.2502,7.29,201,0
2014-12-31,19:15:00,7.2502,7.2502,7.2402,7.2402,1305,0
2014-12-31,19:35:00,7.2601,7.2601,7.2601,7.2601,1004,0
2014-12-31,19:45:00,7.2303,7.2303,7.2303,7.2303,301,0
2014-12-31,19:50:00,7.2402,7.2502,7.2402,7.2502,402,0
2014-12-31,20:25:00,7.2402,7.2402,7.2402,7.2402,301,0
2014-12-31,21:05:00,7.2303,7.2303,7.2303,7.2303,301,0
2014-12-31,21:10:00,7.2303,7.2303,7.1905,7.2231,3916,0
2014-12-31,21:40:00,7.2104,7.2402,7.2104,7.2402,402,0
2014-12-31,21:50:00,7.2402,7.2402,7.2402,7.2402,602,0
2014-12-31,21:55:00,7.2402,7.2402,7.2203,7.2303,3314,0
2014-12-31,22:00:00,7.2303,7.2801,7.2303,7.2303,6600,0
2015-01-02,16:45:00,7.2701,7.2701,7.2004,7.2004,1004,0
2015-01-02,17:10:00,7.1705,7.1705,7.1705,7.1705,602,0
2015-01-02,17:15:00,7.1705,7.1705,7.1656,7.1656,3022,0
2015-01-02,17:20:00,7.1656,7.1656,7.1656,7.1656,100,0
2015-01-02,17:30:00,7.1606,7.1606,7.1606,7.1606,100,0
2015-01-02,17:35:00,7.1805,7.1805,7.1805,7.1805,201,0
2015-01-02,17:55:00,7.2104,7.2104,7.2104,7.2104,100,0
2015-01-02,18:20:00,7.1705,7.1735,7.1646,7.1646,2209,0
2015-01-02,18:25:00,7.1705,7.1705,7.1656,7.1705,703,0
2015-01-02,18:30:00,7.1705,7.1705,7.1705,7.1705,100,0
2015-01-02,18:45:00,7.1705,7.1705,7.1606,7.1656,301,0
2015-01-02,18:50:00,7.1656,7.1656,7.1656,7.1656,100,0
2015-01-02,18:55:00,7.1705,7.1705,7.1705,7.1705,301,0
2015-01-02,19:00:00,7.1656,7.1656,7.1656,7.1656,100,0
2015-01-02,19:05:00,7.1656,7.1656,7.1656,7.1656,100,0
2015-01-02,19:10:00,7.1606,7.1606,7.1606,7.1606,100,0
2015-01-02,19:15:00,7.1705,7.1705,7.1705,7.1705,100,0
2015-01-02,19:20:00,7.1606,7.1805,7.1606,7.1805,402,0
2015-01-02,19:30:00,7.1656,7.1805,7.1656,7.1805,402,0
2015-01-02,19:35:00,7.1656,7.1656,7.1656,7.1656,100,0
2015-01-02,19:40:00,7.1805,7.1805,7.1805,7.1805,402,0
2015-01-02,19:50:00,7.1606,7.1606,7.1606,7.1606,100,0
2015-01-02,19:55:00,7.1606,7.1606,7.1606,7.1606,201,0
2015-01-02,20:05:00,7.1656,7.1656,7.1656,7.1656,100,0
2015-01-02,20:10:00,7.1656,7.1656,7.1656,7.1656,100,0
2015-01-02,20:15:00,7.1805,7.1805,7.1656,7.1656,201,0
2015-01-02,20:20:00,7.1805,7.1805,7.1805,7.1805,301,0
2015-01-02,20:45:00,7.1805,7.1805,7.1805,7.1805,502,0
2015-01-02,20:50:00,7.1805,7.1805,7.1705,7.1805,703,0
2015-01-02,20:55:00,7.1805,7.1805,7.1805,7.1805,201,0
2015-01-02,21:10:00,7.1805,7.1805,7.1805,7.1805,301,0
2015-01-02,21:25:00,7.1705,7.1705,7.1705,7.1705,402,0
2015-01-02,21:30:00,7.1705,7.1705,7.1705,7.1705,100,0
2015-01-02,21:35:00,7.1705,7.1705,7.1705,7.1705,100,0
2015-01-02,21:40:00,7.1905,7.1905,7.1905,7.1905,301,0
2015-01-02,21:55:00,7.1805,7.2104,7.1805,7.2104,2611,0
2015-01-02,22:00:00,7.2104,7.2601,7.2104,7.2499,1807,0
2015-01-05,15:40:00,7.1805,7.1805,7.1805,7.1805,100,0
2015-01-05,15:45:00,7.1805,7.1805,7.1556,7.1556,402,0
2015-01-05,16:05:00,7.1705,7.1805,7.1606,7.1606,3113,0
2015-01-05,16:10:00,7.1805,7.1805,7.1805,7.1805,201,0
2015-01-05,16:15:00,7.1805,7.1805,7.1805,7.1805,201,0
2015-01-05,16:25:00,7.1805,7.1805,7.1805,7.1805,703,0
2015-01-05,17:45:00,7.1805,7.1805,7.1805,7.1805,100,0
2015-01-05,17:55:00,7.1805,7.1805,7.1805,7.1805,301,0
2015-01-05,18:00:00,7.1805,7.1805,7.1805,7.1805,1607,0
2015-01-05,18:40:00,7.1705,7.1705,7.1705,7.1705,904,0
2015-01-05,18:45:00,7.1705,7.1705,7.1705,7.1705,201,0
2015-01-05,18:55:00,7.1705,7.1705,7.1705,7.1705,100,0
2015-01-05,19:00:00,7.1705,7.1705,7.1705,7.1705,991,0
2015-01-05,19:05:00,7.1705,7.1705,7.1705,7.1705,201,0
2015-01-05,19:10:00,7.1805,7.1805,7.1805,7.1805,100,0
2015-01-05,19:15:00,7.1705,7.1705,7.1705,7.1705,100,0
2015-01-05,19:20:00,7.1705,7.1705,7.1705,7.1705,402,0
2015-01-05,19:30:00,7.1705,7.1705,7.1705,7.1705,1707,0
2015-01-05,19:35:00,7.1755,7.1805,7.1705,7.1705,3775,0
2015-01-05,20:00:00,7.1705,7.1705,7.1705,7.1705,100,0
2015-01-05,20:05:00,7.1755,7.1755,7.1755,7.1755,100,0
2015-01-05,20:10:00,7.1705,7.1705,7.1705,7.1705,201,0
2015-01-05,20:20:00,7.1705,7.1705,7.1705,7.1705,201,0
2015-01-05,20:25:00,7.1705,7.1705,7.1705,7.1705,301,0
2015-01-05,20:35:00,7.1705,7.1705,7.1705,7.1705,201,0
2015-01-05,20:40:00,7.1755,7.1805,7.1755,7.1805,201,0
2015-01-05,20:50:00,7.1705,7.1705,7.1705,7.1705,100,0
2015-01-05,20:55:00,7.1705,7.1705,7.1705,7.1705,100,0
2015-01-05,21:00:00,7.1705,7.1805,7.1705,7.1805,602,0
2015-01-05,21:05:00,7.1755,7.1755,7.1755,7.1755,100,0
2015-01-05,21:10:00,7.1705,7.1705,7.1705,7.1705,100,0
2015-01-05,21:15:00,7.1805,7.1805,7.1805,7.1805,201,0
2015-01-05,21:30:00,7.1705,7.1755,7.1705,7.1755,201,0
2015-01-05,21:40:00,7.1705,7.1705,7.1705,7.1705,100,0
2015-01-05,21:45:00,7.1805,7.1805,7.1805,7.1805,100,0
2015-01-05,21:50:00,7.1805,7.1805,7.1705,7.1705,703,0
2015-01-05,21:55:00,7.1705,7.1805,7.1705,7.1805,201,0
2015-01-05,22:00:00,7.1805,7.1805,7.1705,7.1705,2480,0
2015-01-06,15:40:00,7.1307,7.1705,7.1207,7.1705,3313,0
2015-01-06,15:50:00,7.1705,7.1705,7.1705,7.1705,100,0
2015-01-06,16:20:00,7.1705,7.1705,7.1705,7.1705,201,0
2015-01-06,16:50:00,7.1705,7.1705,7.1705,7.1705,402,0
2015-01-06,17:15:00,7.1705,7.1705,7.1407,7.1705,1406,0
2015-01-06,17:30:00,7.1624,7.1624,7.1624,7.1624,753,0
2015-01-06,17:35:00,7.1606,7.1656,7.1606,7.1656,301,0
2015-01-06,17:40:00,7.1805,7.1805,7.1805,7.1805,100,0
2015-01-06,17:50:00,7.1805,7.1805,7.1805,7.1805,100,0
2015-01-06,17:55:00,7.1606,7.1606,7.1606,7.1606,803,0
2015-01-06,18:05:00,7.1606,7.1705,7.1506,7.1705,4409,0
2015-01-06,18:30:00,7.1805,7.1805,7.1805,7.1805,100,0
2015-01-06,18:45:00,7.1656,7.1805,7.1507,7.1656,5980,0
2015-01-06,18:55:00,7.1705,7.1705,7.1705,7.1705,100,0
2015-01-06,19:05:00,7.1705,7.1705,7.1408,7.1456,2365,0
2015-01-06,19:10:00,7.1606,7.1705,7.1606,7.1606,1707,0
2015-01-06,19:20:00,7.1705,7.1705,7.1705,7.1705,201,0
2015-01-06,19:35:00,7.1805,7.1805,7.1805,7.1805,100,0
2015-01-06,19:50:00,7.1705,7.1705,7.1705,7.1705,100,0
2015-01-06,20:00:00,7.1606,7.1606,7.1606,7.1606,100,0
2015-01-06,20:05:00,7.1805,7.1805,7.1805,7.1805,301,0
2015-01-06,20:30:00,7.1506,7.1705,7.1417,7.1705,430,0
2015-01-06,20:40:00,7.1606,7.1705,7.1606,7.1705,502,0
2015-01-06,21:05:00,7.1705,7.1905,7.1705,7.1905,301,0
2015-01-06,21:20:00,7.2104,7.2104,7.2104,7.2104,100,0
2015-01-06,21:30:00,7.2104,7.2104,7.1905,7.1905,301,0
2015-01-06,21:35:00,7.2104,7.2104,7.2104,7.2104,100,0
2015-01-06,21:45:00,7.1805,7.2004,7.1606,7.1606,502,0
2015-01-06,21:50:00,7.1606,7.1606,7.1606,7.1606,301,0
2015-01-06,21:55:00,7.1606,7.1905,7.1606,7.1905,201,0
2015-01-06,22:00:00,7.1606,7.1905,7.1606,7.1606,1105,0
2015-01-07,15:35:00,7.2303,7.2303,7.2303,7.2303,803,0
2015-01-07,15:40:00,7.2701,7.2701,7.2701,7.2701,100,0
2015-01-07,15:45:00,7.2701,7.2701,7.2701,7.2701,100,0
2015-01-07,15:50:00,7.2203,7.2203,7.2203,7.2203,301,0
2015-01-07,16:15:00,7.1905,7.1905,7.1905,7.1905,201,0
2015-01-07,16:30:00,7.1805,7.1805,7.1606,7.1705,402,0
2015-01-07,16:35:00,7.1705,7.1705,7.1705,7.1705,301,0
2015-01-07,17:25:00,7.1607,7.1607,7.1606,7.1606,1452,0
2015-01-07,17:30:00,7.1705,7.1705,7.1705,7.1705,201,0
2015-01-07,17:45:00,7.1705,7.1705,7.1705,7.1705,301,0
2015-01-07,17:50:00,7.1705,7.2104,7.1705,7.2104,201,0
2015-01-07,18:35:00,7.2004,7.2004,7.2004,7.2004,100,0
2015-01-07,18:40:00,7.1805,7.1805,7.1805,7.1805,100,0
2015-01-07,18:50:00,7.1805,7.1805,7.1805,7.1805,201,0
2015-01-07,19:00:00,7.1705,7.1705,7.1705,7.1705,1105,0
2015-01-07,19:30:00,7.1705,7.1705,7.1705,7.1705,301,0
2015-01-07,20:15:00,7.2004,7.2004,7.2004,7.2004,100,0
2015-01-07,20:20:00,7.1905,7.2104,7.1705,7.1904,3113,0
2015-01-07,21:35:00,7.1805,7.1805,7.1805,7.1805,100,0
2015-01-07,21:40:00,7.2502,7.2502,7.1905,7.1905,803,0
2015-01-07,21:50:00,7.2104,7.2104,7.2004,7.2004,201,0
2015-01-07,21:55:00,7.2701,7.2701,7.2701,7.2701,100,0
2015-01-07,22:00:00,7.1805,7.1805,7.1805,7.1805,100,0
2015-01-08,15:35:00,7.2701,7.2701,7.2701,7.2701,301,0
2015-01-08,15:40:00,7.1905,7.1905,7.1905,7.1905,201,0
2015-01-08,16:20:00,7.2701,7.2701,7.2701,7.2701,502,0
2015-01-08,18:20:00,7.2203,7.2203,7.2203,7.2203,301,0
2015-01-08,18:25:00,7.2402,7.2402,7.2402,7.2402,201,0
2015-01-08,19:15:00,7.2701,7.2701,7.2701,7.2701,520,0
2015-01-08,19:25:00,7.2502,7.2502,7.2502,7.2502,100,0
2015-01-08,19:30:00,7.2502,7.2502,7.2502,7.2502,402,0
2015-01-08,20:40:00,7.2402,7.2402,7.2402,7.2402,100,0
2015-01-08,21:05:00,7.2701,7.2701,7.2701,7.2701,201,0
2015-01-08,21:55:00,7.2502,7.2701,7.2502,7.2502,1583,0
2015-01-08,22:00:00,7.2402,7.2402,7.2104,7.2104,552,0
2015-01-09,16:25:00,7.1606,7.1606,7.1606,7.1606,100,0
2015-01-09,16:35:00,7.1705,7.1705,7.1705,7.1705,100,0
2015-01-09,16:45:00,7.1805,7.1805,7.1805,7.1805,201,0
2015-01-09,16:55:00,7.1606,7.1606,7.1606,7.1606,201,0
2015-01-09,17:05:00,7.2701,7.2701,7.2701,7.2701,100,0
2015-01-09,17:25:00,7.2602,7.2602,7.1705,7.1705,301,0
2015-01-09,17:55:00,7.1705,7.1705,7.1705,7.1705,100,0
2015-01-09,18:00:00,7.1705,7.1705,7.1705,7.1705,201,0
2015-01-09,18:20:00,7.1705,7.1705,7.1705,7.1705,1539,0
2015-01-09,18:30:00,7.1705,7.1705,7.1705,7.1705,100,0
2015-01-09,18:35:00,7.1705,7.1705,7.1705,7.1705,100,0
2015-01-09,19:00:00,7.1805,7.1805,7.1705,7.1805,904,0
2015-01-09,19:05:00,7.1705,7.1805,7.1705,7.1805,201,0
2015-01-09,19:30:00,7.1705,7.1705,7.1705,7.1705,201,0
2015-01-09,19:50:00,7.1805,7.1805,7.1805,7.1805,201,0
2015-01-09,20:15:00,7.1805,7.1805,7.1805,7.1805,100,0
2015-01-09,20:35:00,7.1705,7.1705,7.1705,7.1705,535,0
2015-01-09,21:00:00,7.1705,7.1705,7.1705,7.1705,100,0
2015-01-09,21:15:00,7.1705,7.1705,7.1705,7.1705,301,0
2015-01-09,21:35:00,7.1805,7.2203,7.1705,7.2203,402,0
2015-01-09,21:55:00,7.1905,7.2004,7.1905,7.1905,402,0
2015-01-09,22:00:00,7.1805,7.2303,7.1606,7.1606,2912,0
2015-01-12,16:55:00,7.2203,7.2203,7.2203,7.2203,100,0
2015-01-12,17:10:00,7.2104,7.2104,7.1805,7.1805,301,0
2015-01-12,17:20:00,7.2104,7.2203,7.2104,7.2203,201,0
2015-01-12,17:35:00,7.1905,7.1905,7.1905,7.1905,201,0
2015-01-12,17:50:00,7.2203,7.2203,7.2203,7.2203,100,0
2015-01-12,18:30:00,7.1705,7.1705,7.1705,7.1705,100,0
2015-01-12,18:40:00,7.1506,7.2104,7.1506,7.2104,803,0
2015-01-12,19:30:00,7.1905,7.1905,7.1905,7.1905,301,0
2015-01-12,19:50:00,7.1905,7.2004,7.1905,7.2004,602,0
2015-01-12,20:50:00,7.1506,7.1556,7.1506,7.1556,506,0
2015-01-12,21:10:00,7.1506,7.1606,7.1407,7.1407,2648,0
2015-01-12,21:35:00,7.1606,7.1606,7.1506,7.1506,301,0
2015-01-12,21:55:00,7.1606,7.1705,7.1307,7.1606,25843,0
2015-01-12,22:00:00,7.1705,7.1705,7.1307,7.1307,8133,0
2015-01-13,16:15:00,7.2602,7.2602,7.2602,7.2602,703,0
2015-01-13,18:10:00,7.1705,7.1705,7.1705,7.1705,602,0
2015-01-13,18:15:00,7.1705,7.1705,7.1705,7.1705,1117,0
2015-01-13,18:25:00,7.1705,7.1705,7.1705,7.1705,2364,0
2015-01-13,18:50:00,7.2203,7.2203,7.2203,7.2203,100,0
2015-01-13,18:55:00,7.1805,7.1805,7.1805,7.1805,100,0
2015-01-13,19:30:00,7.1705,7.1705,7.1705,7.1705,1224,0
2015-01-13,19:50:00,7.1705,7.1706,7.1705,7.1706,930,0
2015-01-13,19:55:00,7.1705,7.1705,7.1705,7.1705,301,0
2015-01-13,20:00:00,7.2004,7.2004,7.1705,7.1705,301,0
2015-01-13,20:05:00,7.1705,7.1705,7.1705,7.1705,301,0
2015-01-13,20:10:00,7.1905,7.1905,7.1905,7.1905,100,0
2015-01-13,20:25:00,7.1905,7.1905,7.1905,7.1905,100,0
2015-01-13,20:55:00,7.1705,7.1705,7.1705,7.1705,841,0
2015-01-13,21:00:00,7.1705,7.1705,7.1705,7.1705,602,0
2015-01-13,21:10:00,7.1407,7.2203,7.1407,7.1705,1938,0
2015-01-13,21:15:00,7.1705,7.1805,7.1705,7.1805,201,0
2015-01-13,21:35:00,7.2303,7.2303,7.2303,7.2303,100,0
2015-01-13,21:45:00,7.1905,7.1905,7.1905,7.1905,3012,0
2015-01-13,21:55:00,7.1705,7.1705,7.1606,7.1606,301,0
2015-01-13,22:00:00,7.1606,7.1606,7.1407,7.1407,2926,0
2015-01-14,15:35:00,7.1705,7.1705,7.1705,7.1705,3093,0
2015-01-14,16:05:00,7.1556,7.1606,7.1556,7.1606,1851,0
2015-01-14,16:10:00,7.1705,7.2104,7.1705,7.2104,1597,0
2015-01-14,16:30:00,7.2303,7.2303,7.2303,7.2303,100,0
2015-01-14,16:45:00,7.2104,7.2104,7.2104,7.2104,201,0
2015-01-14,16:50:00,7.1805,7.1805,7.1705,7.1705,440,0
2015-01-14,17:10:00,7.1705,7.1705,7.1556,7.1556,341,0
2015-01-14,17:15:00,7.1606,7.1705,7.1606,7.1705,2458,0
2015-01-14,17:20:00,7.1607,7.1607,7.1607,7.1607,452,0
2015-01-14,17:30:00,7.1616,7.1705,7.1606,7.1705,2051,0
2015-01-14,17:35:00,7.1705,7.1705,7.1705,7.1705,100,0
2015-01-14,17:45:00,7.1705,7.1705,7.1705,7.1705,100,0
2015-01-14,17:55:00,7.1705,7.1705,7.1705,7.1705,100,0
2015-01-14,18:05:00,7.1705,7.1705,7.1705,7.1705,100,0
2015-01-14,18:15:00,7.1705,7.1705,7.1407,7.1705,3514,0
2015-01-14,18:20:00,7.1705,7.1705,7.1705,7.1705,100,0
2015-01-14,18:25:00,7.1705,7.1705,7.1705,7.1705,100,0
2015-01-14,18:35:00,7.1705,7.1705,7.1705,7.1705,201,0
2015-01-14,18:45:00,7.1705,7.1705,7.1705,7.1705,100,0
2015-01-14,18:50:00,7.1705,7.1705,7.1705,7.1705,100,0
2015-01-14,19:00:00,7.1705,7.1705,7.1705,7.1705,201,0
2015-01-14,19:10:00,7.1656,7.1656,7.1656,7.1656,100,0
2015-01-14,19:15:00,7.1606,7.1606,7.1606,7.1606,100,0
2015-01-14,19:20:00,7.1556,7.1556,7.1556,7.1556,100,0
2015-01-14,19:30:00,7.1606,7.1606,7.1606,7.1606,100,0
2015-01-14,19:45:00,7.1556,7.1556,7.1556,7.1556,100,0
2015-01-14,19:50:00,7.1506,7.1606,7.1506,7.1606,602,0
2015-01-14,20:05:00,7.1705,7.1705,7.1705,7.1705,602,0
2015-01-14,20:10:00,7.1705,7.1705,7.1705,7.1705,100,0
2015-01-14,20:20:00,7.1705,7.1705,7.1705,7.1705,201,0
2015-01-14,20:35:00,7.2303,7.2303,7.2303,7.2303,402,0
2015-01-14,20:40:00,7.2303,7.2303,7.2303,7.2303,649,0
2015-01-14,20:50:00,7.1905,7.1905,7.1905,7.1905,201,0
2015-01-14,21:00:00,7.1805,7.2104,7.1805,7.2104,502,0
2015-01-14,21:10:00,7.1805,7.1805,7.1805,7.1805,100,0
2015-01-14,21:15:00,7.2303,7.2303,7.2303,7.2303,100,0
2015-01-14,21:20:00,7.1905,7.1905,7.1905,7.1905,100,0
2015-01-14,21:25:00,7.1905,7.2303,7.1905,7.2303,402,0
2015-01-14,21:30:00,7.2004,7.2004,7.2004,7.2004,100,0
2015-01-14,21:35:00,7.2004,7.2004,7.2004,7.2004,100,0
2015-01-14,21:40:00,7.2004,7.2004,7.1506,7.1705,602,0
2015-01-14,21:45:00,7.1407,7.1407,7.1407,7.1407,100,0
2015-01-14,21:50:00,7.1407,7.1407,7.1407,7.1407,301,0
2015-01-14,21:55:00,7.1606,7.1606,7.1207,7.1207,1205,0
2015-01-14,22:00:00,7.1307,7.1506,7.1108,7.1207,3480,0
2015-01-15,16:15:00,7.1407,7.1678,7.1407,7.1678,502,0
2015-01-15,16:30:00,7.1805,7.1805,7.1805,7.1805,502,0
2015-01-15,16:50:00,7.1606,7.1606,7.1606,7.1606,100,0
2015-01-15,16:55:00,7.1407,7.1407,7.1407,7.1407,402,0
2015-01-15,17:40:00,7.1506,7.1506,7.1506,7.1506,502,0
2015-01-15,17:45:00,7.1505,7.1505,7.1505,7.1505,594,0
2015-01-15,17:55:00,7.1207,7.1207,7.1207,7.1207,502,0
2015-01-15,19:05:00,7.1307,7.1307,7.1307,7.1307,201,0
2015-01-15,19:20:00,7.1307,7.1307,7.1257,7.1307,602,0
2015-01-15,19:40:00,7.1606,7.1606,7.1606,7.1606,402,0
2015-01-15,19:45:00,7.1606,7.1606,7.1606,7.1606,301,0
2015-01-15,20:00:00,7.1207,7.1207,7.1207,7.1207,502,0
2015-01-15,20:15:00,7.1407,7.1605,7.1407,7.1506,973,0
2015-01-15,20:20:00,7.1506,7.1506,7.1506,7.1506,100,0
2015-01-15,20:35:00,7.1606,7.1705,7.1606,7.1606,402,0
2015-01-15,20:40:00,7.1606,7.1606,7.1606,7.1606,100,0
2015-01-15,20:45:00,7.1606,7.1606,7.1606,7.1606,100,0
2015-01-15,20:50:00,7.1606,7.1606,7.1606,7.1606,703,0
2015-01-15,21:35:00,7.1207,7.1307,7.1207,7.1307,4418,0
2015-01-15,21:40:00,7.1108,7.1108,7.1108,7.1108,201,0
2015-01-15,21:45:00,7.1008,7.1008,7.0909,7.1008,1506,0
2015-01-15,21:55:00,7.0909,7.0909,7.061,7.0709,5619,0
2015-01-15,22:00:00,7.061,7.1008,7.0411,7.1008,7424,0
2015-01-16,17:10:00,7.0909,7.0909,7.0909,7.0909,100,0
2015-01-16,17:15:00,7.1008,7.1232,7.0909,7.1232,402,0
2015-01-16,17:20:00,7.1407,7.1407,7.1407,7.1407,201,0
2015-01-16,17:25:00,7.1506,7.1506,7.1506,7.1506,201,0
2015-01-16,17:30:00,7.1207,7.1207,7.1207,7.1207,301,0
2015-01-16,17:35:00,7.1207,7.1207,7.1207,7.1207,2058,0
2015-01-16,17:40:00,7.1207,7.1207,7.1207,7.1207,100,0
2015-01-16,17:45:00,7.1207,7.1207,7.1207,7.1207,100,0
2015-01-16,17:50:00,7.1207,7.1207,7.1108,7.1108,301,0
2015-01-16,18:00:00,7.1207,7.1207,7.1207,7.1207,402,0
2015-01-16,18:05:00,7.1207,7.1207,7.1207,7.1207,201,0
2015-01-16,18:10:00,7.1207,7.1207,7.1207,7.1207,100,0
2015-01-16,18:15:00,7.1207,7.1207,7.1207,7.1207,100,0
2015-01-16,18:20:00,7.1207,7.1207,7.1207,7.1207,100,0
2015-01-16,18:25:00,7.1207,7.1207,7.1108,7.1108,502,0
2015-01-16,19:55:00,7.1207,7.1207,7.1207,7.1207,5527,0
2015-01-16,20:15:00,7.1506,7.1506,7.1307,7.1307,602,0
2015-01-16,20:30:00,7.1905,7.1905,7.1905,7.1905,100,0
2015-01-16,20:35:00,7.1606,7.1606,7.1606,7.1606,201,0
2015-01-16,20:40:00,7.1606,7.1606,7.1606,7.1606,301,0
2015-01-16,20:50:00,7.1606,7.1705,7.1606,7.1705,301,0
2015-01-16,20:55:00,7.1506,7.1656,7.1506,7.1656,301,0
2015-01-16,21:10:00,7.1531,7.1531,7.1531,7.1531,100,0
2015-01-16,21:55:00,7.1606,7.1905,7.1307,7.1606,502,0
2015-01-16,22:00:00,7.1805,7.2104,7.1207,7.1307,3477,0
2015-01-20,15:55:00,7.1905,7.2004,7.1905,7.2004,301,0
2015-01-20,16:00:00,7.1407,7.1407,7.1407,7.1407,301,0
2015-01-20,16:40:00,7.1706,7.1706,7.1705,7.1705,703,0
2015-01-20,16:55:00,7.1705,7.1705,7.1705,7.1705,100,0
2015-01-20,17:00:00,7.1705,7.1705,7.1705,7.1705,201,0
2015-01-20,17:10:00,7.1705,7.1705,7.1705,7.1705,100,0
2015-01-20,17:20:00,7.2104,7.2104,7.2104,7.2104,100,0
2015-01-20,17:45:00,7.1606,7.1606,7.1606,7.1606,201,0
2015-01-20,18:00:00,7.1606,7.1606,7.1606,7.1606,100,0
2015-01-20,18:05:00,7.1606,7.1606,7.1606,7.1606,100,0
2015-01-20,18:10:00,7.1606,7.1606,7.1606,7.1606,100,0
2015-01-20,18:15:00,7.2004,7.2004,7.2004,7.2004,100,0
2015-01-20,18:55:00,7.1606,7.1606,7.1606,7.1606,201,0
2015-01-20,19:10:00,7.1606,7.1606,7.1606,7.1606,402,0
2015-01-20,19:25:00,7.1407,7.1407,7.1407,7.1407,201,0
2015-01-20,19:30:00,7.1407,7.1407,7.1407,7.1407,100,0
2015-01-20,19:55:00,7.1407,7.1407,7.1407,7.1407,602,0
2015-01-20,20:25:00,7.1407,7.1506,7.1407,7.1506,803,0
2015-01-20,21:00:00,7.1606,7.1606,7.1506,7.1606,402,0
2015-01-20,21:25:00,7.1606,7.1606,7.1606,7.1606,100,0
2015-01-20,21:35:00,7.1556,7.1556,7.1556,7.1556,100,0
2015-01-20,21:40:00,7.1556,7.1556,7.1556,7.1556,100,0
2015-01-20,21:45:00,7.1522,7.1522,7.1522,7.1522,100,0
2015-01-20,21:50:00,7.1506,7.1506,7.1438,7.1438,703,0
2015-01-20,21:55:00,7.1506,7.1596,7.1307,7.1407,4217,0
2015-01-20,22:00:00,7.1407,7.1506,7.1307,7.1407,1406,0
2015-01-21,15:55:00,7.1108,7.1108,7.1108,7.1108,115,0
2015-01-21,16:00:00,7.1108,7.1108,7.1108,7.1108,1004,0
2015-01-21,17:30:00,7.1207,7.1207,7.1207,7.1207,100,0
2015-01-21,17:35:00,7.1207,7.1207,7.1207,7.1207,402,0
2015-01-21,18:55:00,7.1257,7.1257,7.1257,7.1257,100,0
2015-01-21,19:00:00,7.1805,7.1805,7.1805,7.1805,668,0
2015-01-21,19:05:00,7.1705,7.1705,7.1705,7.1705,301,0
2015-01-21,19:10:00,7.1705,7.1705,7.1705,7.1705,100,0
2015-01-21,19:15:00,7.1506,7.1506,7.1506,7.1506,301,0
2015-01-21,19:20:00,7.1506,7.1506,7.1506,7.1506,301,0
2015-01-21,20:00:00,7.1506,7.1506,7.1407,7.1407,1406,0
2015-01-21,21:15:00,7.1506,7.1506,7.1506,7.1506,1406,0
2015-01-21,21:25:00,7.1805,7.1805,7.1805,7.1805,100,0
2015-01-21,21:35:00,7.1705,7.1705,7.1307,7.1307,502,0
2015-01-21,22:00:00,7.1307,7.1407,7.1307,7.1407,7952,0
2015-01-22,17:00:00,7.1506,7.1506,7.1506,7.1506,5769,0
2015-01-22,18:05:00,7.1705,7.1705,7.1705,7.1705,100,0
2015-01-22,18:25:00,7.1805,7.1805,7.1805,7.1805,301,0
2015-01-22,19:35:00,7.2104,7.2104,7.2104,7.2104,100,0
2015-01-22,19:50:00,7.2203,7.2203,7.2203,7.2203,100,0
2015-01-22,20:05:00,7.2104,7.2104,7.2104,7.2104,100,0
2015-01-22,20:10:00,7.2203,7.2203,7.2104,7.2104,502,0
2015-01-22,20:25:00,7.2303,7.2303,7.2303,7.2303,1192,0
2015-01-22,20:35:00,7.2203,7.2303,7.2203,7.2303,1004,0
2015-01-22,21:00:00,7.2203,7.2203,7.2203,7.2203,396,0
2015-01-22,21:05:00,7.2203,7.2203,7.2104,7.2104,932,0
2015-01-22,21:15:00,7.2203,7.2203,7.2203,7.2203,201,0
2015-01-22,21:50:00,7.2203,7.2203,7.2203,7.2203,301,0
2015-01-23,15:45:00,7.2602,7.2602,7.2602,7.2602,335,0
2015-01-23,16:10:00,7.1705,7.1705,7.1705,7.1705,703,0
2015-01-23,18:25:00,7.2104,7.2104,7.2104,7.2104,201,0
2015-01-23,18:35:00,7.1705,7.1914,7.1705,7.1735,1807,0
2015-01-23,19:00:00,7.1705,7.1705,7.1705,7.1705,201,0
2015-01-23,19:25:00,7.1705,7.1705,7.1705,7.1705,803,0
2015-01-23,19:30:00,7.1705,7.1705,7.1705,7.1705,100,0
2015-01-23,19:55:00,7.1705,7.1705,7.1705,7.1705,100,0
2015-01-23,20:20:00,7.1705,7.1705,7.1705,7.1705,201,0
2015-01-23,20:55:00,7.1905,7.1905,7.1905,7.1905,201,0
2015-01-23,21:10:00,7.2104,7.2104,7.2104,7.2104,100,0
2015-01-23,21:25:00,7.1905,7.1905,7.1905,7.1905,100,0
2015-01-23,21:30:00,7.2203,7.2203,7.2203,7.2203,100,0
2015-01-23,21:35:00,7.2203,7.2203,7.2203,7.2203,301,0
2015-01-23,21:50:00,7.2104,7.2124,7.1885,7.2004,3178,0
2015-01-23,21:55:00,7.2104,7.2104,7.2104,7.2104,502,0
2015-01-23,22:00:00,7.2104,7.2203,7.2104,7.2203,1105,0
2015-01-26,15:40:00,7.1705,7.1705,7.1307,7.1307,226,0
2015-01-26,16:35:00,7.1307,7.1307,7.1307,7.1307,301,0
2015-01-26,18:00:00,7.1606,7.1606,7.1606,7.1606,402,0
2015-01-26,20:10:00,7.1805,7.1805,7.1805,7.1805,703,0
2015-01-26,21:05:00,7.2004,7.2004,7.1705,7.1705,2900,0
2015-01-26,21:10:00,7.1705,7.1705,7.1705,7.1705,803,0
2015-01-26,21:15:00,7.1705,7.1705,7.1705,7.1705,1004,0
2015-01-26,21:20:00,7.1705,7.1705,7.1705,7.1705,904,0
2015-01-26,21:25:00,7.1705,7.1705,7.1705,7.1705,803,0
2015-01-26,21:30:00,7.1805,7.1805,7.1805,7.1805,201,0
2015-01-26,21:40:00,7.2203,7.2203,7.2203,7.2203,100,0
2015-01-26,21:45:00,7.2203,7.2203,7.2203,7.2203,201,0
2015-01-26,21:50:00,7.2203,7.2203,7.2203,7.2203,201,0
2015-01-26,21:55:00,7.2203,7.2203,7.2203,7.2203,1607,0
2015-01-26,22:00:00,7.2203,7.2602,7.2203,7.2602,7793,0
2015-01-27,15:35:00,7.1805,7.1805,7.1805,7.1805,300,0
2015-01-27,16:20:00,7.1407,7.1407,7.1407,7.1407,100,0
2015-01-27,16:30:00,7.1506,7.1506,7.1506,7.1506,200,0
2015-01-27,16:35:00,7.1307,7.1407,7.1307,7.1407,2042,0
2015-01-27,17:20:00,7.1606,7.1606,7.1606,7.1606,400,0
2015-01-27,17:30:00,7.1805,7.1805,7.1805,7.1805,703,0
2015-01-27,18:15:00,7.2402,7.2402,7.2004,7.2402,300,0
2015-01-27,19:00:00,7.2204,7.2353,7.2203,7.2353,2027,0
2015-01-27,19:15:00,7.1905,7.1905,7.1905,7.1905,100,0
2015-01-27,19:55:00,7.1954,7.1954,7.1954,7.1954,600,0
2015-01-27,21:20:00,7.1805,7.2004,7.1805,7.2004,200,0
2015-01-27,21:35:00,7.1806,7.1806,7.1806,7.1806,437,0
2015-01-27,21:45:00,7.2104,7.2104,7.2104,7.2104,300,0
2015-01-27,21:55:00,7.1905,7.1905,7.1905,7.1905,501,0
2015-01-27,22:00:00,7.2203,7.2203,7.2203,7.2203,568,0
2015-01-28,16:05:00,7.1705,7.1705,7.1705,7.1705,200,0
2015-01-28,16:50:00,7.1705,7.1705,7.1705,7.1705,100,0
2015-01-28,16:55:00,7.1705,7.1705,7.1705,7.1705,600,0
2015-01-28,17:15:00,7.1805,7.1805,7.1805,7.1805,400,0
2015-01-28,17:55:00,7.172,7.172,7.1705,7.1705,1177,0
2015-01-28,18:00:00,7.1705,7.1705,7.1705,7.1705,200,0
2015-01-28,18:15:00,7.1705,7.1705,7.1705,7.1705,100,0
2015-01-28,18:20:00,7.1705,7.1805,7.1506,7.1506,1443,0
2015-01-28,19:05:00,7.1506,7.1506,7.1506,7.1506,600,0
2015-01-28,20:05:00,7.1705,7.1705,7.1705,7.1705,300,0
2015-01-28,20:20:00,7.1905,7.1905,7.1705,7.1705,611,0
2015-01-28,20:35:00,7.1506,7.1506,7.1506,7.1506,2822,0
2015-01-28,20:45:00,7.1606,7.1606,7.1606,7.1606,300,0
2015-01-28,20:50:00,7.1606,7.1606,7.1606,7.1606,300,0
2015-01-28,20:55:00,7.2303,7.2402,7.2303,7.2402,200,0
2015-01-28,21:00:00,7.2004,7.2004,7.2004,7.2004,200,0
2015-01-28,21:35:00,7.1606,7.1606,7.1606,7.1606,500,0
2015-01-28,21:45:00,7.1506,7.1506,7.1506,7.1506,200,0
2015-01-28,21:50:00,7.1506,7.2701,7.1407,7.2701,8933,0
2015-01-28,21:55:00,7.1506,7.1506,7.1307,7.1506,1900,0
2015-01-28,22:00:00,7.1307,7.1407,7.1307,7.1307,4597,0
2015-01-29,16:30:00,7.1606,7.2402,7.1307,7.1307,2096,0
2015-01-29,16:50:00,7.1307,7.1307,7.1307,7.1307,5822,0
2015-01-29,17:25:00,7.1904,7.1904,7.1904,7.1904,149,0
2015-01-29,17:55:00,7.1905,7.1905,7.1905,7.1905,200,0
2015-01-29,18:05:00,7.1705,7.1705,7.1705,7.1705,500,0
2015-01-29,19:05:00,7.1705,7.1705,7.1705,7.1705,200,0
2015-01-29,20:05:00,7.1705,7.1705,7.1705,7.1705,100,0
2015-01-29,20:15:00,7.1705,7.1705,7.1705,7.1705,100,0
2015-01-29,20:20:00,7.1905,7.1905,7.1905,7.1905,300,0
2015-01-29,20:35:00,7.2104,7.2104,7.1705,7.1705,300,0
2015-01-29,21:20:00,7.2104,7.2104,7.2104,7.2104,603,0
2015-01-29,21:25:00,7.2104,7.2104,7.2104,7.2104,300,0
2015-01-29,21:50:00,7.1905,7.1954,7.1905,7.1954,700,0
2015-01-29,22:00:00,7.1606,7.1606,7.1506,7.1506,807,0
2015-01-30,15:35:00,7.2104,7.2104,7.2104,7.2104,100,0
2015-01-30,16:00:00,7.2103,7.2104,7.2103,7.2104,702,0
2015-01-30,16:10:00,7.1606,7.1606,7.1606,7.1606,500,0
2015-01-30,16:20:00,7.1805,7.1805,7.1805,7.1805,100,0
2015-01-30,16:35:00,7.1705,7.1705,7.1705,7.1705,1201,0
2015-01-30,17:15:00,7.1705,7.1705,7.1705,7.1705,100,0
2015-01-30,17:25:00,7.1705,7.1705,7.1705,7.1705,100,0
2015-01-30,17:30:00,7.1705,7.1705,7.1705,7.1705,100,0
2015-01-30,17:35:00,7.1705,7.1705,7.1705,7.1705,300,0
2015-01-30,20:05:00,7.1705,7.1705,7.1705,7.1705,100,0
2015-01-30,20:25:00,7.2004,7.2004,7.1805,7.1805,400,0
2015-01-30,20:35:00,7.1805,7.1805,7.1805,7.1805,100,0
2015-01-30,20:55:00,7.1705,7.1705,7.1705,7.1705,200,0
2015-01-30,21:00:00,7.1705,7.2004,7.1705,7.2004,3813,0
2015-01-30,21:05:00,7.2203,7.2203,7.2203,7.2203,301,0
2015-01-30,21:10:00,7.2104,7.2104,7.1905,7.1905,200,0
2015-01-30,21:25:00,7.1705,7.1805,7.1705,7.1805,200,0
2015-01-30,21:35:00,7.2004,7.2004,7.1855,7.1855,200,0
2015-01-30,21:40:00,7.2004,7.2004,7.2004,7.2004,200,0
2015-01-30,21:50:00,7.2004,7.2004,7.2004,7.2004,200,0
2015-01-30,21:55:00,7.1855,7.1905,7.1805,7.1805,4616,0
2015-01-30,22:00:00,7.1905,7.2104,7.1805,7.2004,3000,0
2015-02-02,15:40:00,7.1705,7.1705,7.1705,7.1705,300,0
2015-02-02,15:55:00,7.1855,7.1885,7.1715,7.1885,1303,0
2015-02-02,16:05:00,7.1905,7.1905,7.1905,7.1905,200,0
2015-02-02,16:10:00,7.1855,7.1855,7.1855,7.1855,201,0
2015-02-02,16:20:00,7.1705,7.1705,7.1705,7.1705,100,0
2015-02-02,16:25:00,7.1905,7.1905,7.1905,7.1905,300,0
2015-02-02,16:30:00,7.1905,7.1905,7.1905,7.1905,200,0
2015-02-02,16:55:00,7.2104,7.2104,7.2104,7.2104,200,0
2015-02-02,17:05:00,7.1905,7.1905,7.1705,7.1705,1204,0
2015-02-02,17:25:00,7.1805,7.1805,7.1805,7.1805,201,0
2015-02-02,17:30:00,7.1905,7.1905,7.1905,7.1905,100,0
2015-02-02,18:35:00,7.1806,7.1806,7.1806,7.1806,100,0
2015-02-02,18:55:00,7.1905,7.1905,7.1905,7.1905,700,0
2015-02-02,19:20:00,7.2004,7.2004,7.2004,7.2004,100,0
2015-02-02,20:00:00,7.1984,7.1984,7.1805,7.1805,401,0
2015-02-02,20:10:00,7.1805,7.1805,7.1805,7.1805,200,0
2015-02-02,20:35:00,7.1905,7.1905,7.1705,7.1855,6569,0
2015-02-02,20:40:00,7.1805,7.1805,7.1805,7.1805,1716,0
2015-02-02,20:55:00,7.1805,7.1805,7.1805,7.1805,100,0
2015-02-02,21:00:00,7.1805,7.1805,7.1805,7.1805,3603,0
2015-02-02,21:05:00,7.1705,7.1705,7.1705,7.1705,200,0
2015-02-02,21:10:00,7.1805,7.1805,7.1705,7.1705,200,0
2015-02-02,21:20:00,7.1705,7.1705,7.1705,7.1705,100,0
2015-02-02,21:25:00,7.1805,7.1805,7.1805,7.1805,1104,0
2015-02-02,21:30:00,7.1705,7.1705,7.1705,7.1705,200,0
2015-02-02,21:40:00,7.1805,7.1805,7.1705,7.1705,300,0
2015-02-02,21:45:00,7.1805,7.2004,7.1805,7.2004,1241,0
2015-02-02,21:55:00,7.1905,7.1905,7.1905,7.1905,100,0
2015-02-02,22:00:00,7.1905,7.2004,7.1905,7.2004,1002,0
2015-02-03,15:35:00,7.1705,7.1705,7.1606,7.1606,300,0
2015-02-03,15:45:00,7.1705,7.1705,7.1705,7.1705,100,0
2015-02-03,16:00:00,7.1705,7.1705,7.1705,7.1705,100,0
2015-02-03,16:05:00,7.1705,7.1705,7.1705,7.1705,100,0
2015-02-03,16:15:00,7.1705,7.1705,7.1506,7.1506,502,0
2015-02-03,16:20:00,7.1506,7.1506,7.1407,7.1407,500,0
2015-02-03,16:55:00,7.1606,7.1705,7.1606,7.1606,2373,0
2015-02-03,17:00:00,7.1705,7.1705,7.1705,7.1705,1896,0
2015-02-03,17:35:00,7.1705,7.2004,7.1705,7.2004,500,0
2015-02-03,17:45:00,7.2203,7.2203,7.2203,7.2203,200,0
2015-02-03,17:55:00,7.2203,7.2203,7.2203,7.2203,3023,0
2015-02-03,18:15:00,7.2203,7.2203,7.2203,7.2203,669,0
2015-02-03,18:25:00,7.2104,7.2303,7.2104,7.2303,200,0
2015-02-03,18:45:00,7.2402,7.2402,7.2402,7.2402,700,0
2015-02-03,19:10:00,7.2701,7.2701,7.2701,7.2701,100,0
2015-02-03,19:25:00,7.2313,7.2313,7.2313,7.2313,1004,0
2015-02-03,19:35:00,7.2402,7.2801,7.2402,7.2801,600,0
2015-02-03,21:05:00,7.2801,7.2801,7.2801,7.2801,100,0
2015-02-03,21:25:00,7.2502,7.2502,7.2502,7.2502,100,0
2015-02-03,21:40:00,7.2502,7.2552,7.2502,7.2552,300,0
2015-02-03,21:50:00,7.2701,7.2801,7.2502,7.2502,2228,0
2015-02-03,22:00:00,7.2602,7.2602,7.2203,7.2203,600,0
2015-02-04,15:35:00,7.1407,7.2303,7.1407,7.2303,502,0
2015-02-04,15:50:00,7.2303,7.2303,7.2303,7.2303,300,0
2015-02-04,16:00:00,7.2303,7.2303,7.2303,7.2303,100,0
2015-02-04,16:05:00,7.2303,7.2303,7.2303,7.2303,100,0
2015-02-04,16:55:00,7.2203,7.2203,7.2203,7.2203,200,0
2015-02-04,17:05:00,7.2602,7.2701,7.2602,7.2701,2307,0
2015-02-04,17:10:00,7.2801,7.2801,7.2801,7.2801,100,0
2015-02-04,17:45:00,7.2701,7.2701,7.2701,7.2701,100,0
2015-02-04,18:30:00,7.2303,7.2303,7.2303,7.2303,100,0
2015-02-04,18:40:00,7.2701,7.2801,7.2701,7.2701,603,0
2015-02-04,18:55:00,7.2204,7.2204,7.2204,7.2204,2008,0
2015-02-04,19:10:00,7.2701,7.2701,7.2701,7.2701,100,0
2015-02-04,21:00:00,7.2502,7.2602,7.2502,7.2602,300,0
2015-02-04,21:20:00,7.2602,7.2602,7.2203,7.2203,200,0
2015-02-04,21:25:00,7.2402,7.2402,7.2402,7.2402,100,0
2015-02-04,21:35:00,7.2602,7.2602,7.2303,7.2303,720,0
2015-02-04,21:45:00,7.2602,7.2602,7.2602,7.2602,200,0
2015-02-04,22:00:00,7.2104,7.2104,7.2104,7.2104,200,0
2015-02-05,16:00:00,7.2701,7.2801,7.2701,7.2801,3641,0
2015-02-05,16:05:00,7.2502,7.2502,7.2502,7.2502,561,0
2015-02-05,16:50:00,7.2502,7.2502,7.2502,7.2502,100,0
2015-02-05,16:55:00,7.2402,7.2402,7.2402,7.2402,402,0
2015-02-05,17:30:00,7.2402,7.2402,7.2402,7.2402,301,0
2015-02-05,18:00:00,7.2502,7.2701,7.2502,7.2701,400,0
2015-02-05,18:25:00,7.2602,7.2602,7.2602,7.2602,100,0
2015-02-05,18:55:00,7.2801,7.2801,7.2801,7.2801,200,0
2015-02-05,20:25:00,7.2602,7.2602,7.2602,7.2602,200,0
2015-02-05,21:05:00,7.2602,7.2701,7.2602,7.2701,400,0
2015-02-05,21:55:00,7.2651,7.2651,7.2602,7.2602,700,0
2015-02-05,22:00:00,7.2402,7.2402,7.2402,7.2402,100,0
2015-02-06,15:40:00,7.2602,7.2602,7.2602,7.2602,300,0
2015-02-06,15:55:00,7.2602,7.2602,7.2602,7.2602,300,0
2015-02-06,16:10:00,7.3,7.3697,7.2999,7.3697,14524,0
2015-02-06,16:15:00,7.4394,7.4793,7.4295,7.4295,2207,0
2015-02-06,16:20:00,7.3897,7.3897,7.3299,7.3299,2201,0
2015-02-06,16:25:00,7.3398,7.3498,7.3299,7.3299,1100,0
2015-02-06,16:30:00,7.3,7.3,7.2402,7.2402,2100,0
2015-02-06,16:35:00,7.2402,7.2402,7.2303,7.2402,1545,0
2015-02-06,17:05:00,7.305,7.3249,7.29,7.29,300,0
2015-02-06,17:10:00,7.2801,7.2801,7.2801,7.2801,300,0
2015-02-06,17:15:00,7.3299,7.3299,7.3299,7.3299,200,0
2015-02-06,17:25:00,7.3,7.3,7.3,7.3,100,0
2015-02-06,17:35:00,7.2303,7.2303,7.2303,7.2303,100,0
2015-02-06,17:45:00,7.3,7.3,7.3,7.3,100,0
2015-02-06,18:05:00,7.2402,7.2402,7.2402,7.2402,100,0
2015-02-06,18:20:00,7.31,7.31,7.31,7.31,200,0
2015-02-06,18:30:00,7.31,7.31,7.31,7.31,451,0
2015-02-06,19:30:00,7.2603,7.2603,7.2603,7.2603,1038,0
2015-02-06,19:35:00,7.3,7.3,7.3,7.3,100,0
2015-02-06,19:55:00,7.3,7.3,7.2701,7.2701,400,0
2015-02-06,20:55:00,7.2412,7.2412,7.2402,7.2412,789,0
2015-02-06,21:00:00,7.2502,7.2502,7.2502,7.2502,200,0
2015-02-06,21:10:00,7.2602,7.2602,7.2602,7.2602,300,0
2015-02-06,21:20:00,7.2602,7.3,7.2601,7.2601,837,0
2015-02-06,21:45:00,7.3,7.3,7.3,7.3,300,0
2015-02-06,21:50:00,7.2802,7.3,7.2801,7.2801,4614,0
2015-02-06,21:55:00,7.31,7.3697,7.31,7.3398,2954,0
2015-02-06,22:00:00,7.3595,7.3697,7.3398,7.3398,4472,0
2015-02-09,15:45:00,7.31,7.31,7.31,7.31,400,0
2015-02-09,15:50:00,7.3398,7.4593,7.3299,7.4593,5816,0
2015-02-09,15:55:00,7.4195,7.4195,7.4195,7.4195,100,0
2015-02-09,16:00:00,7.3996,7.3996,7.3697,7.3697,500,0
2015-02-09,16:20:00,7.3697,7.3697,7.3697,7.3697,100,0
2015-02-09,16:55:00,7.31,7.31,7.29,7.29,1002,0
2015-02-09,17:15:00,7.3199,7.3398,7.3199,7.3398,2410,0
2015-02-09,17:25:00,7.3697,7.3697,7.3697,7.3697,400,0
2015-02-09,17:30:00,7.3697,7.4095,7.3697,7.4095,1003,0
2015-02-09,17:45:00,7.3697,7.3697,7.3697,7.3697,4257,0
2015-02-09,17:50:00,7.3697,7.3697,7.3697,7.3697,100,0
2015-02-09,18:40:00,7.3498,7.3498,7.3498,7.3498,400,0
2015-02-09,19:45:00,7.3598,7.3598,7.3598,7.3598,500,0
2015-02-09,21:00:00,7.3149,7.3149,7.3149,7.3149,200,0
2015-02-09,21:25:00,7.305,7.305,7.305,7.305,100,0
2015-02-09,21:35:00,7.3199,7.3398,7.3,7.3,1001,0
2015-02-09,21:50:00,7.2701,7.2701,7.2701,7.2701,500,0
2015-02-09,22:00:00,7.2701,7.2701,7.2602,7.2602,800,0
2015-02-10,16:50:00,7.3697,7.3697,7.2203,7.2203,400,0
2015-02-10,17:20:00,7.3697,7.3697,7.3697,7.3697,100,0
2015-02-10,17:40:00,7.3199,7.3199,7.3199,7.3199,200,0
2015-02-10,20:00:00,7.31,7.31,7.31,7.31,300,0
2015-02-10,21:25:00,7.3697,7.3697,7.3697,7.3697,500,0
2015-02-10,21:55:00,7.3,7.3,7.3,7.3,400,0
2015-02-10,22:00:00,7.3,7.3,7.3,7.3,1060,0
2015-02-11,15:35:00,7.34,7.34,7.23,7.23,600,0
2015-02-11,15:45:00,7.24,7.24,7.24,7.24,200,0
2015-02-11,18:00:00,7.37,7.37,7.37,7.37,154,0
2015-02-11,18:55:00,7.3,7.3,7.3,7.3,200,0
2015-02-11,19:15:00,7.33,7.33,7.33,7.33,100,0
2015-02-12,17:15:00,7.3,7.3,7.3,7.3,233,0
2015-02-12,17:30:00,7.3099,7.3099,7.3099,7.3099,411,0
2015-02-12,19:20:00,7.25,7.25,7.25,7.25,400,0
2015-02-12,19:25:00,7.27,7.35,7.27,7.35,300,0
2015-02-12,19:30:00,7.35,7.35,7.35,7.35,100,0
2015-02-12,20:10:00,7.36,7.4,7.36,7.4,910,0
2015-02-12,21:40:00,7.38,7.38,7.38,7.38,200,0
2015-02-12,21:45:00,7.38,7.38,7.38,7.38,300,0
2015-02-12,21:50:00,7.38,7.41,7.38,7.41,2100,0
2015-02-12,21:55:00,7.41,7.41,7.38,7.38,1500,0
2015-02-12,22:00:00,7.41,7.41,7.39,7.41,3170,0
2015-02-13,15:35:00,7.42,7.42,7.42,7.42,200,0
2015-02-13,16:15:00,7.32,7.32,7.2925,7.2925,700,0
2015-02-13,17:35:00,7.34,7.34,7.3,7.3,400,0
2015-02-13,18:20:00,7.33,7.33,7.33,7.33,100,0
2015-02-13,18:55:00,7.33,7.33,7.33,7.33,300,0
2015-02-13,19:20:00,7.3,7.3,7.3,7.3,200,0
2015-02-13,20:15:00,7.34,7.34,7.34,7.34,100,0
2015-02-13,20:25:00,7.35,7.35,7.35,7.35,100,0
2015-02-13,20:45:00,7.4,7.41,7.4,7.41,600,0
2015-02-13,21:55:00,7.4,7.4,7.4,7.4,700,0
2015-02-17,16:20:00,7.36,7.36,7.3101,7.3125,530,0
2015-02-17,16:40:00,7.31,7.31,7.31,7.31,400,0
2015-02-17,17:50:00,7.3,7.3,7.3,7.3,1000,0
2015-02-17,18:00:00,7.3,7.3,7.3,7.3,500,0
2015-02-17,19:10:00,7.3,7.3,7.3,7.3,783,0
2015-02-17,19:15:00,7.3,7.3,7.285,7.3,1000,0
2015-02-17,21:00:00,7.27,7.27,7.27,7.27,200,0
2015-02-17,21:15:00,7.31,7.31,7.31,7.31,200,0
2015-02-17,21:25:00,7.31,7.325,7.31,7.325,300,0
2015-02-17,21:35:00,7.33,7.33,7.33,7.33,100,0
2015-02-17,21:40:00,7.3,7.3,7.3,7.3,100,0
2015-02-17,21:45:00,7.3048,7.33,7.3048,7.33,500,0
2015-02-17,21:50:00,7.345,7.345,7.345,7.345,200,0
2015-02-17,21:55:00,7.35,7.35,7.31,7.35,2133,0
2015-02-17,22:00:00,7.36,7.4,7.32,7.395,5110,0
2015-02-18,15:35:00,7.42,7.42,7.42,7.42,200,0
2015-02-18,16:40:00,7.3544,7.3544,7.3544,7.3544,260,0
2015-02-18,18:30:00,7.345,7.351,7.345,7.351,1900,0
2015-02-18,18:35:00,7.3599,7.3599,7.3599,7.3599,100,0
2015-02-18,19:00:00,7.33,7.3599,7.33,7.3599,700,0
2015-02-18,19:10:00,7.345,7.345,7.345,7.345,100,0
2015-02-18,19:15:00,7.36,7.4099,7.33,7.3599,3750,0
2015-02-18,19:20:00,7.37,7.37,7.37,7.37,200,0
2015-02-18,19:25:00,7.35,7.3699,7.35,7.35,2191,0
2015-02-18,19:35:00,7.3599,7.3599,7.3599,7.3599,100,0
2015-02-18,19:55:00,7.36,7.36,7.36,7.36,100,0
2015-02-18,20:05:00,7.33,7.3699,7.33,7.3699,3601,0
2015-02-18,20:40:00,7.335,7.335,7.32,7.32,500,0
2015-02-18,21:05:00,7.35,7.35,7.35,7.35,100,0
2015-02-18,21:20:00,7.33,7.34,7.33,7.34,400,0
2015-02-18,21:25:00,7.3,7.3,7.3,7.3,200,0
2015-02-18,21:35:00,7.325,7.3499,7.3,7.3499,1200,0
2015-02-18,21:40:00,7.325,7.325,7.2999,7.31,7137,0
2015-02-18,21:50:00,7.34,7.34,7.31,7.315,500,0
2015-02-18,21:55:00,7.31,7.31,7.31,7.31,200,0
2015-02-18,22:00:00,7.33,7.33,7.33,7.33,100,0
2015-02-19,15:45:00,7.32,7.32,7.31,7.31,600,0
2015-02-19,16:00:00,7.3,7.3,7.3,7.3,100,0
2015-02-19,16:35:00,7.3,7.3,7.3,7.3,300,0
2015-02-19,21:10:00,7.2817,7.2817,7.26,7.26,800,0
2015-02-19,21:15:00,7.26,7.26,7.26,7.26,1000,0
2015-02-19,21:45:00,7.26,7.26,7.26,7.26,200,0
2015-02-19,21:55:00,7.26,7.26,7.26,7.26,600,0
2015-02-19,22:00:00,7.26,7.28,7.26,7.28,433,0
2015-02-20,15:35:00,7.25,7.25,7.25,7.25,606,0
2015-02-20,20:30:00,7.27,7.27,7.26,7.26,300,0
2015-02-20,21:05:00,7.25,7.25,7.25,7.25,400,0
2015-02-20,21:20:00,7.26,7.26,7.25,7.25,700,0
2015-02-20,21:25:00,7.24,7.24,7.24,7.24,100,0
2015-02-20,21:35:00,7.27,7.27,7.27,7.27,100,0
2015-02-20,21:40:00,7.25,7.25,7.25,7.25,100,0
2015-02-20,21:45:00,7.27,7.27,7.27,7.27,100,0
2015-02-20,21:55:00,7.25,7.25,7.25,7.25,300,0
2015-02-20,22:00:00,7.27,7.28,7.25,7.25,2000,0
2015-02-23,15:55:00,7.24,7.24,7.24,7.24,600,0
2015-02-23,16:55:00,7.22,7.22,7.22,7.22,800,0
2015-02-23,17:05:00,7.23,7.23,7.23,7.23,1200,0
2015-02-23,17:25:00,7.22,7.23,7.22,7.23,1600,0
2015-02-23,17:55:00,7.24,7.25,7.17,7.17,2000,0
2015-02-23,18:05:00,7.22,7.22,7.22,7.22,400,0
2015-02-23,19:00:00,7.255,7.255,7.255,7.255,600,0
2015-02-23,19:15:00,7.27,7.27,7.27,7.27,400,0
2015-02-23,20:50:00,7.24,7.24,7.22,7.22,500,0
2015-02-23,20:55:00,7.22,7.22,7.22,7.22,900,0
2015-02-23,21:05:00,7.26,7.26,7.26,7.26,500,0
2015-02-23,21:20:00,7.23,7.23,7.23,7.23,100,0
2015-02-23,21:25:00,7.245,7.245,7.22,7.22,600,0
2015-02-23,21:35:00,7.22,7.2201,7.22,7.2201,700,0
2015-02-23,21:40:00,7.2,7.2,7.2,7.2,100,0
2015-02-23,21:45:00,7.2,7.22,7.2,7.22,1400,0
2015-02-23,21:50:00,7.22,7.26,7.22,7.26,3600,0
2015-02-23,21:55:00,7.22,7.24,7.22,7.24,1900,0
2015-02-23,22:00:00,7.24,7.3,7.22,7.22,9683,0
