Date,Time,Open,High,Low,Close,Volume,OpenInt
2015-02-03,16:45:00,52.240,52.240,52.110,52.110,2500,0
2015-02-03,16:50:00,52.13,52.14,51.91,52.04,5381,0
2015-02-03,16:55:00,52.04,52.1085,52.025,52.1,2325,0
2015-02-03,17:00:00,52.11,52.13,51.92,51.98,4100,0
2015-02-03,17:05:00,52.01,52.09,52.01,52.09,1300,0
2015-02-03,17:10:00,52.06,52.12,52.03,52.0819,3100,0
2015-02-03,17:15:00,52.08,52.28,52.06,52.28,2910,0
2015-02-03,17:20:00,52.27,52.37,52.26,52.31,5400,0
2015-02-03,17:25:00,52.29,52.33,52.24,52.24,2700,0
2015-02-03,17:30:00,52.29,52.31,52.21,52.21,3000,0
2015-02-03,17:35:00,52.2,52.27,52.15,52.2,3100,0
2015-02-03,17:40:00,52.14,52.26,52.14,52.26,2299,0
2015-02-03,17:45:00,52.25,52.31,52.24,52.29,2970,0
2015-02-03,17:50:00,52.285,52.285,52.21,52.21,1700,0
2015-02-03,17:55:00,52.24,52.25,52.08,52.08,5854,0
2015-02-03,18:00:00,52.05,52.05,51.94,51.97,1200,0
2015-02-03,18:05:00,51.94,52.01,51.94,51.99,3200,0
2015-02-03,18:10:00,52.0,52.1,52.0,52.1,1600,0
2015-02-03,18:15:00,52.1279,52.1279,52.07,52.12,3904,0
2015-02-03,18:20:00,52.11,52.11,51.97,51.97,12900,0
2015-02-03,18:25:00,52.01,52.05,52.0,52.01,3147,0
2015-02-03,18:30:00,52.03,52.09,52.02,52.09,900,0
2015-02-03,18:35:00,52.04,52.04,51.92,51.92,1900,0
2015-02-03,18:40:00,51.9,51.92,51.895,51.895,1200,0
2015-02-03,18:45:00,51.92,51.99,51.92,51.98,2400,0
2015-02-03,18:50:00,51.98,51.98,51.91,51.91,1100,0
2015-02-03,18:55:00,51.89,51.89,51.745,51.83,15531,0
2015-02-03,19:00:00,51.84,51.875,51.8,51.805,2370,0
2015-02-03,19:05:00,51.78,51.82,51.78,51.8,1400,0
2015-02-03,19:10:00,51.74,51.83,51.74,51.8,2300,0
2015-02-03,19:15:00,51.78,51.93,51.77,51.91,2750,0
2015-02-03,19:20:00,51.93,51.93,51.93,51.93,500,0
2015-02-03,19:25:00,51.98,52.07,51.98,52.0401,3400,0
2015-02-03,19:30:00,52.065,52.1641,52.065,52.15,7900,0
2015-02-03,19:35:00,52.145,52.22,52.145,52.21,5100,0
2015-02-03,19:40:00,52.2001,52.245,52.0901,52.0901,2900,0
2015-02-03,19:45:00,52.115,52.15,52.115,52.15,1500,0
2015-02-03,19:50:00,52.1001,52.2,52.1,52.142,2800,0
2015-02-03,19:55:00,52.135,52.25,52.08,52.22,4700,0
2015-02-03,20:00:00,52.2,52.23,52.19,52.23,1500,0
2015-02-03,20:05:00,52.21,52.25,52.1,52.1,3975,0
2015-02-03,20:10:00,52.1,52.13,52.01,52.03,3800,0
2015-02-03,20:15:00,52.06,52.09,51.92,51.995,3600,0
2015-02-03,20:20:00,52.01,52.055,51.99,52.01,3400,0
2015-02-03,20:25:00,51.99,52.08,51.95,51.95,6000,0
2015-02-03,20:30:00,51.92,51.95,51.87,51.91,5990,0
2015-02-03,20:35:00,51.91,51.99,51.91,51.99,4800,0
2015-02-03,20:40:00,51.99,52.03,51.97,52.02,5100,0
2015-02-03,20:45:00,52.03,52.1,51.99,52.08,4200,0
2015-02-03,20:50:00,52.09,52.16,52.07,52.145,3200,0
2015-02-03,20:55:00,52.17,52.32,52.17,52.25,4840,0
2015-02-03,21:00:00,52.28,52.35,52.26,52.34,5714,0
2015-02-03,21:05:00,52.36,52.43,52.36,52.36,7000,0
2015-02-03,21:10:00,52.37,52.37,52.26,52.34,7200,0
2015-02-03,21:15:00,52.3301,52.36,52.27,52.315,5900,0
2015-02-03,21:20:00,52.33,52.33,52.24,52.24,2600,0
2015-02-03,21:25:00,52.24,52.38,52.225,52.36,6608,0
2015-02-03,21:30:00,52.36,52.38,52.3,52.335,5500,0
2015-02-03,21:35:00,52.34,52.375,52.3,52.3,9500,0
2015-02-03,21:40:00,52.3,52.33,52.28,52.3,13750,0
2015-02-03,21:45:00,52.29,52.32,52.255,52.255,9188,0
2015-02-03,21:50:00,52.255,52.31,52.25,52.2601,16835,0
2015-02-03,21:55:00,52.32,52.42,52.27,52.42,30004,0
2015-02-03,22:00:00,52.425,52.45,52.38,52.44,351746,0
2015-02-04,15:35:00,52.35,52.76,52.35,52.76,2900,0
2015-02-04,15:40:00,52.75,52.75,52.4,52.69,8951,0
2015-02-04,15:45:00,52.69,52.69,52.41,52.41,5971,0
2015-02-04,15:50:00,52.44,52.85,52.44,52.85,3975,0
2015-02-04,15:55:00,52.85,52.9,52.75,52.8,7266,0
2015-02-04,16:00:00,52.81,52.86,52.77,52.86,4882,0
2015-02-04,16:05:00,52.825,52.83,52.64,52.64,14447,0
2015-02-04,16:10:00,52.62,52.74,52.615,52.66,5300,0
2015-02-04,16:15:00,52.64,52.7,52.55,52.55,9344,0
2015-02-04,16:20:00,52.57,52.7,52.57,52.68,7675,0
2015-02-04,16:25:00,52.66,52.7,52.58,52.6,11458,0
2015-02-04,16:30:00,52.58,52.7,52.5,52.7,5575,0
2015-02-04,16:35:00,52.72,52.85,52.65,52.68,11738,0
2015-02-04,16:40:00,52.7,52.76,52.645,52.7,11651,0
2015-02-04,16:45:00,52.71,52.78,52.7,52.76,12394,0
2015-02-04,16:50:00,52.73,52.7412,52.64,52.73,10500,0
2015-02-04,16:55:00,52.77,52.89,52.745,52.79,10340,0
2015-02-04,17:00:00,52.78,52.78,52.71,52.77,8000,0
2015-02-04,17:05:00,52.76,52.85,52.74,52.85,2800,0
2015-02-04,17:10:00,52.85,52.86,52.8,52.82,5515,0
2015-02-04,17:15:00,52.825,52.835,52.76,52.8,6500,0
2015-02-04,17:20:00,52.825,52.83,52.75,52.75,3500,0
2015-02-04,17:25:00,52.76,52.81,52.76,52.78,3400,0
2015-02-04,17:30:00,52.77,52.81,52.76,52.81,8900,0
2015-02-04,17:35:00,52.82,52.95,52.81,52.95,4300,0
2015-02-04,17:40:00,52.98,53.07,52.98,53.0,4200,0
2015-02-04,17:45:00,52.99,52.99,52.91,52.91,900,0
2015-02-04,17:50:00,52.91,52.91,52.87,52.8908,4900,0
2015-02-04,17:55:00,52.88,52.88,52.86,52.87,1600,0
2015-02-04,18:00:00,52.87,52.95,52.85,52.86,11678,0
2015-02-04,18:05:00,52.86,53.02,52.85,52.97,14701,0
2015-02-04,18:10:00,52.99,53.03,52.97,53.03,3523,0
2015-02-04,18:15:00,53.05,53.085,53.035,53.05,6400,0
2015-02-04,18:20:00,53.05,53.05,52.98,52.98,1700,0
2015-02-04,18:25:00,52.94,52.94,52.925,52.93,1000,0
2015-02-04,18:30:00,52.97,52.97,52.93,52.95,1900,0
2015-02-04,18:35:00,52.93,52.94,52.87,52.94,2700,0
2015-02-04,18:40:00,52.935,52.935,52.875,52.875,1800,0
2015-02-04,18:45:00,52.85,52.85,52.745,52.745,2300,0
2015-02-04,18:50:00,52.745,52.84,52.745,52.84,2100,0
2015-02-04,18:55:00,52.86,52.9,52.85,52.86,4800,0
2015-02-04,19:00:00,52.86,52.87,52.85,52.86,2100,0
2015-02-04,19:05:00,52.85,52.898,52.79,52.8,6595,0
2015-02-04,19:10:00,52.76,52.78,52.74,52.78,3053,0
2015-02-04,19:15:00,52.785,52.82,52.73,52.73,2500,0
2015-02-04,19:20:00,52.74,52.81,52.74,52.79,11400,0
2015-02-04,19:25:00,52.8,52.82,52.78,52.785,1200,0
2015-02-04,19:30:00,52.8,52.84,52.8,52.84,3400,0
2015-02-04,19:35:00,52.84,52.9099,52.84,52.9099,2204,0
2015-02-04,19:40:00,52.892,52.8999,52.88,52.8999,3832,0
2015-02-04,19:45:00,52.9,53.01,52.9,53.0,11438,0
2015-02-04,19:50:00,53.0599,53.06,53.02,53.0399,2952,0
2015-02-04,19:55:00,53.05,53.08,53.05,53.08,1300,0
2015-02-04,20:00:00,53.1,53.1,53.025,53.06,5228,0
2015-02-04,20:05:00,53.06,53.11,53.02,53.11,4035,0
2015-02-04,20:10:00,53.12,53.14,53.01,53.02,7596,0
2015-02-04,20:15:00,52.99,52.99,52.89,52.89,3400,0
2015-02-04,20:20:00,52.93,53.0,52.93,52.97,2760,0
2015-02-04,20:25:00,52.98,53.1,52.98,53.1,1400,0
2015-02-04,20:30:00,53.09,53.13,53.09,53.09,4800,0
2015-02-04,20:35:00,53.08,53.09,53.05,53.09,1900,0
2015-02-04,20:40:00,53.09,53.13,53.09,53.13,3391,0
2015-02-04,20:45:00,53.15,53.19,53.12,53.16,8700,0
2015-02-04,20:50:00,53.17,53.26,53.17,53.256,4168,0
2015-02-04,20:55:00,53.22,53.22,53.19,53.21,1500,0
2015-02-04,21:00:00,53.23,53.23,53.2,53.2,1741,0
2015-02-04,21:05:00,53.2,53.2,53.11,53.11,2300,0
2015-02-04,21:10:00,53.105,53.13,53.09,53.1,3300,0
2015-02-04,21:15:00,53.1,53.1,53.05,53.05,5500,0
2015-02-04,21:20:00,53.06,53.08,52.98,52.98,5831,0
2015-02-04,21:25:00,52.96,52.98,52.94,52.97,3548,0
2015-02-04,21:30:00,53.019,53.07,53.01,53.07,6504,0
2015-02-04,21:35:00,53.07,53.09,53.02,53.08,6900,0
2015-02-04,21:40:00,53.09,53.11,52.97,52.97,9354,0
2015-02-04,21:45:00,52.99,53.0,52.82,52.82,9400,0
2015-02-04,21:50:00,52.81,52.83,52.7,52.82,8490,0
2015-02-04,21:55:00,52.83,52.96,52.825,52.93,32391,0
2015-02-04,22:00:00,52.95,53.06,52.91,53.06,54176,0
2015-02-05,15:35:00,53.06,53.09,52.74,53.01,6340,0
2015-02-05,15:40:00,53.11,53.3,53.06,53.3,5700,0
2015-02-05,15:45:00,53.23,53.3,53.12,53.29,7600,0
2015-02-05,15:50:00,53.3,53.4,53.16,53.3,11300,0
2015-02-05,15:55:00,53.35,53.4,53.15,53.15,9400,0
2015-02-05,16:00:00,53.128,53.2,52.98,53.1,15750,0
2015-02-05,16:05:00,53.12,53.14,53.05,53.14,3933,0
2015-02-05,16:10:00,53.18,53.18,53.01,53.04,12362,0
2015-02-05,16:15:00,53.01,53.07,52.95,53.005,15375,0
2015-02-05,16:20:00,53.0,53.14,53.0,53.1,6754,0
2015-02-05,16:25:00,53.1,53.1,53.09,53.1,1450,0
2015-02-05,16:30:00,53.115,53.25,53.115,53.235,1700,0
2015-02-05,16:35:00,53.21,53.21,53.19,53.2,2300,0
2015-02-05,16:40:00,53.16,53.24,53.16,53.19,1000,0
2015-02-05,16:45:00,53.29,53.37,53.29,53.33,9673,0
2015-02-05,16:50:00,53.34,53.4,53.31,53.4,3400,0
2015-02-05,16:55:00,53.4,53.4,53.28,53.28,4525,0
2015-02-05,17:00:00,53.35,53.35,53.34,53.34,900,0
2015-02-05,17:05:00,53.31,53.34,53.29,53.34,1000,0
2015-02-05,17:10:00,53.38,53.38,53.3313,53.3313,1428,0
2015-02-05,17:15:00,53.38,53.4,53.33,53.4,1950,0
2015-02-05,17:20:00,53.385,53.39,53.3,53.3699,4086,0
2015-02-05,17:25:00,53.35,53.35,53.31,53.31,1300,0
2015-02-05,17:30:00,53.31,53.31,53.31,53.31,400,0
2015-02-05,17:35:00,53.37,53.37,53.345,53.345,400,0
2015-02-05,17:40:00,53.37,53.4,53.24,53.24,7276,0
2015-02-05,17:45:00,53.23,53.3,53.23,53.29,2700,0
2015-02-05,17:50:00,53.288,53.288,53.288,53.288,600,0
2015-02-05,17:55:00,53.27,53.29,53.26,53.29,500,0
2015-02-05,18:00:00,53.3,53.31,53.26,53.26,1900,0
2015-02-05,18:05:00,53.31,53.31,53.26,53.26,1500,0
2015-02-05,18:10:00,53.26,53.28,53.19,53.23,9300,0
2015-02-05,18:15:00,53.19,53.22,53.07,53.07,5700,0
2015-02-05,18:20:00,53.11,53.17,53.06,53.16,12897,0
2015-02-05,18:25:00,53.13,53.18,53.0,53.0,7600,0
2015-02-05,18:30:00,53.0266,53.03,52.89,52.89,6600,0
2015-02-05,18:35:00,52.92,53.03,52.92,53.03,1500,0
2015-02-05,18:40:00,52.99,52.99,52.9,52.92,1100,0
2015-02-05,18:45:00,52.92,53.01,52.92,53.01,2207,0
2015-02-05,18:50:00,53.03,53.04,52.97,52.98,4700,0
2015-02-05,18:55:00,52.94,52.94,52.87,52.9,1000,0
2015-02-05,19:00:00,52.86,52.9,52.86,52.9,2100,0
2015-02-05,19:05:00,52.95,52.99,52.95,52.99,1200,0
2015-02-05,19:10:00,52.97,52.97,52.91,52.93,2900,0
2015-02-05,19:15:00,52.95,52.99,52.95,52.96,1900,0
2015-02-05,19:20:00,52.99,53.06,52.99,53.03,1300,0
2015-02-05,19:25:00,53.01,53.08,53.01,53.08,1600,0
2015-02-05,19:30:00,53.1,53.16,53.1,53.15,2300,0
2015-02-05,19:35:00,53.14,53.15,53.07,53.14,4000,0
2015-02-05,19:40:00,53.1499,53.19,53.1499,53.17,1900,0
2015-02-05,19:45:00,53.18,53.18,53.14,53.145,2700,0
2015-02-05,19:50:00,53.14,53.19,53.11,53.18,3100,0
2015-02-05,19:55:00,53.15,53.175,53.11,53.175,1000,0
2015-02-05,20:00:00,53.16,53.16,53.11,53.11,1480,0
2015-02-05,20:05:00,53.08,53.11,53.08,53.08,847,0
2015-02-05,20:10:00,53.13,53.17,53.12,53.17,3800,0
2015-02-05,20:15:00,53.21,53.25,53.21,53.23,3100,0
2015-02-05,20:20:00,53.22,53.31,53.22,53.31,3300,0
2015-02-05,20:25:00,53.29,53.3,53.22,53.22,2200,0
2015-02-05,20:30:00,53.22,53.25,53.19,53.25,2700,0
2015-02-05,20:35:00,53.26,53.26,53.25,53.26,1800,0
2015-02-05,20:40:00,53.23,53.28,53.23,53.28,1800,0
2015-02-05,20:45:00,53.26,53.3,53.24,53.3,1800,0
2015-02-05,20:50:00,53.32,53.32,53.26,53.27,3000,0
2015-02-05,20:55:00,53.25,53.29,53.25,53.28,2400,0
2015-02-05,21:00:00,53.27,53.27,53.15,53.15,5100,0
2015-02-05,21:05:00,53.15,53.215,53.15,53.2,4390,0
2015-02-05,21:10:00,53.2,53.26,53.2,53.25,6200,0
2015-02-05,21:15:00,53.24,53.26,53.23,53.25,4226,0
2015-02-05,21:20:00,53.26,53.28,53.22,53.22,2582,0
2015-02-05,21:25:00,53.24,53.25,53.2,53.25,6600,0
2015-02-05,21:30:00,53.22,53.26,53.22,53.25,4932,0
2015-02-05,21:35:00,53.25,53.25,53.23,53.25,8434,0
2015-02-05,21:40:00,53.25,53.27,53.25,53.27,6212,0
2015-02-05,21:45:00,53.26,53.26,53.22,53.23,5770,0
2015-02-05,21:50:00,53.23,53.23,53.16,53.17,4300,0
2015-02-05,21:55:00,53.22,53.23,53.19,53.23,12475,0
2015-02-05,22:00:00,53.24,53.26,53.13,53.14,34955,0
2015-02-06,15:35:00,53.34,53.34,53.1,53.1,3787,0
2015-02-06,15:40:00,52.97,53.19,52.96,53.11,5654,0
2015-02-06,15:45:00,53.12,53.22,52.93,52.97,10365,0
2015-02-06,15:50:00,52.93,52.97,52.82,52.92,2500,0
2015-02-06,15:55:00,52.91,53.15,52.895,53.11,15044,0
2015-02-06,16:00:00,53.07,53.07,52.925,53.05,10683,0
2015-02-06,16:05:00,53.07,53.15,53.07,53.12,3000,0
2015-02-06,16:10:00,53.185,53.22,53.135,53.19,3800,0
2015-02-06,16:15:00,53.2,53.3499,53.2,53.3499,11659,0
2015-02-06,16:20:00,53.338,53.4,53.295,53.32,9199,0
2015-02-06,16:25:00,53.3,53.3,53.14,53.23,2928,0
2015-02-06,16:30:00,53.2899,53.29,53.22,53.29,10599,0
2015-02-06,16:35:00,53.34,53.4,53.28,53.28,5000,0
2015-02-06,16:40:00,53.28,53.33,53.28,53.33,1500,0
2015-02-06,16:45:00,53.36,53.49,53.36,53.49,6200,0
2015-02-06,16:50:00,53.455,53.4799,53.455,53.4799,800,0
2015-02-06,16:55:00,53.4301,53.44,53.3,53.3,4374,0
2015-02-06,17:00:00,53.29,53.36,53.27,53.36,4113,0
2015-02-06,17:05:00,53.35,53.38,53.35,53.35,900,0
2015-02-06,17:10:00,53.39,53.44,53.39,53.405,1802,0
2015-02-06,17:15:00,53.46,53.46,53.4,53.415,1370,0
2015-02-06,17:20:00,53.4699,53.4999,53.46,53.46,2700,0
2015-02-06,17:25:00,53.46,53.46,53.43,53.43,1900,0
2015-02-06,17:30:00,53.49,53.5,53.4,53.4,4900,0
2015-02-06,17:35:00,53.4099,53.42,53.385,53.42,800,0
2015-02-06,17:40:00,53.43,53.5,53.39,53.5,2800,0
2015-02-06,17:45:00,53.5,53.5,53.39,53.44,4700,0
2015-02-06,17:50:00,53.44,53.44,53.38,53.41,4500,0
2015-02-06,17:55:00,53.41,53.445,53.33,53.33,3900,0
2015-02-06,18:00:00,53.33,53.33,53.26,53.295,1000,0
2015-02-06,18:05:00,53.33,53.37,53.32,53.37,2600,0
2015-02-06,18:10:00,53.355,53.44,53.355,53.36,1900,0
2015-02-06,18:15:00,53.37,53.3999,53.37,53.39,400,0
2015-02-06,18:20:00,53.4,53.46,53.39,53.4399,2500,0
2015-02-06,18:25:00,53.45,53.45,53.3,53.3,2890,0
2015-02-06,18:30:00,53.35,53.35,53.26,53.285,1300,0
2015-02-06,18:35:00,53.31,53.39,53.31,53.38,1700,0
2015-02-06,18:40:00,53.3395,53.3395,53.21,53.21,2100,0
2015-02-06,18:45:00,53.24,53.24,53.05,53.05,2200,0
2015-02-06,18:50:00,53.0,53.15,52.985,53.14,4118,0
2015-02-06,18:55:00,53.16,53.22,53.14,53.22,3200,0
2015-02-06,19:00:00,53.24,53.35,53.2,53.35,1100,0
2015-02-06,19:05:00,53.32,53.32,53.26,53.26,2700,0
2015-02-06,19:10:00,53.29,53.29,53.19,53.19,1200,0
2015-02-06,19:15:00,53.18,53.21,53.1,53.1,7102,0
2015-02-06,19:20:00,53.1,53.16,53.06,53.13,5428,0
2015-02-06,19:25:00,53.15,53.15,53.04,53.06,2000,0
2015-02-06,19:30:00,53.04,53.055,52.945,53.03,7300,0
2015-02-06,19:35:00,53.01,53.02,52.97,52.99,5600,0
2015-02-06,19:40:00,52.975,52.995,52.915,52.9675,11350,0
2015-02-06,19:45:00,52.975,53.095,52.975,53.05,2800,0
2015-02-06,19:50:00,53.065,53.07,52.995,52.995,3400,0
2015-02-06,19:55:00,52.995,53.05,52.97,53.02,3200,0
2015-02-06,20:00:00,53.02,53.12,53.02,53.08,2014,0
2015-02-06,20:05:00,53.04,53.04,52.9925,53.03,4000,0
2015-02-06,20:10:00,53.08,53.15,53.035,53.065,4649,0
2015-02-06,20:15:00,53.0787,53.11,53.03,53.085,14370,0
2015-02-06,20:20:00,53.09,53.14,53.08,53.13,1600,0
2015-02-06,20:25:00,53.15,53.15,53.1,53.13,57300,0
2015-02-06,20:30:00,53.14,53.2,53.14,53.15,26184,0
2015-02-06,20:35:00,53.165,53.23,53.14,53.205,4400,0
2015-02-06,20:40:00,53.3,53.3,53.265,53.28,1700,0
2015-02-06,20:45:00,53.28,53.34,53.28,53.3,2600,0
2015-02-06,20:50:00,53.29,53.29,53.26,53.26,2300,0
2015-02-06,20:55:00,53.27,53.27,53.1275,53.1275,3000,0
2015-02-06,21:00:00,53.135,53.15,53.0801,53.09,7635,0
2015-02-06,21:05:00,53.1,53.1,52.935,52.965,10800,0
2015-02-06,21:10:00,52.98,53.05,52.9301,52.96,8011,0
2015-02-06,21:15:00,52.91,52.97,52.89,52.89,5000,0
2015-02-06,21:20:00,52.92,52.92,52.77,52.8,8700,0
2015-02-06,21:25:00,52.78,52.91,52.755,52.86,19368,0
2015-02-06,21:30:00,52.87,52.92,52.83,52.84,14000,0
2015-02-06,21:35:00,52.84,52.95,52.8,52.86,13862,0
2015-02-06,21:40:00,52.88,52.88,52.79,52.84,13000,0
2015-02-06,21:45:00,52.835,52.88,52.76,52.88,18800,0
2015-02-06,21:50:00,52.875,52.93,52.84,52.88,16541,0
2015-02-06,21:55:00,52.95,53.01,52.87,52.97,38297,0
2015-02-06,22:00:00,52.98,53.03,52.86,53.0,61137,0
2015-02-09,15:35:00,52.75,52.76,52.62,52.63,2413,0
2015-02-09,15:40:00,52.68,52.73,52.4,52.511,8200,0
2015-02-09,15:45:00,52.575,52.76,52.32,52.32,37113,0
2015-02-09,15:50:00,52.25,52.48,52.18,52.48,6200,0
2015-02-09,15:55:00,52.57,52.75,52.525,52.695,2350,0
2015-02-09,16:00:00,52.73,52.73,52.62,52.648,3700,0
2015-02-09,16:05:00,52.675,52.81,52.66,52.79,12725,0
2015-02-09,16:10:00,52.8,52.82,52.68,52.725,3036,0
2015-02-09,16:15:00,52.7,52.71,52.6,52.62,4100,0
2015-02-09,16:20:00,52.62,52.645,52.565,52.6,5900,0
2015-02-09,16:25:00,52.585,52.63,52.375,52.375,16577,0
2015-02-09,16:30:00,52.38,52.41,52.36,52.36,3900,0
2015-02-09,16:35:00,52.35,52.42,52.32,52.42,3100,0
2015-02-09,16:40:00,52.4448,52.58,52.385,52.545,5845,0
2015-02-09,16:45:00,52.53,52.57,52.48,52.57,3400,0
2015-02-09,16:50:00,52.51,52.58,52.475,52.575,5984,0
2015-02-09,16:55:00,52.57,52.57,52.46,52.53,4790,0
2015-02-09,17:00:00,52.5,52.52,52.405,52.45,9122,0
2015-02-09,17:05:00,52.41,52.51,52.4,52.45,3709,0
2015-02-09,17:10:00,52.52,52.59,52.49,52.59,2699,0
2015-02-09,17:15:00,52.61,52.62,52.53,52.605,3852,0
2015-02-09,17:20:00,52.61,52.613,52.525,52.55,5599,0
2015-02-09,17:25:00,52.614,52.79,52.585,52.64,14804,0
2015-02-09,17:30:00,52.574,52.73,52.531,52.68,5717,0
2015-02-09,17:35:00,52.67,52.67,52.58,52.6,3334,0
2015-02-09,17:40:00,52.61,52.7,52.61,52.615,3900,0
2015-02-09,17:45:00,52.65,52.68,52.64,52.64,1700,0
2015-02-09,17:50:00,52.66,52.76,52.635,52.735,2400,0
2015-02-09,17:55:00,52.75,52.75,52.68,52.7,2500,0
2015-02-09,18:00:00,52.71,52.73,52.69,52.69,800,0
2015-02-09,18:05:00,52.68,52.68,52.65,52.65,1900,0
2015-02-09,18:10:00,52.65,52.72,52.64,52.72,1100,0
2015-02-09,18:15:00,52.735,52.775,52.705,52.705,2100,0
2015-02-09,18:20:00,52.705,52.76,52.67,52.72,9009,0
2015-02-09,18:25:00,52.705,52.78,52.69,52.77,5300,0
2015-02-09,18:30:00,52.78,52.8,52.74,52.75,3730,0
2015-02-09,18:35:00,52.8,52.83,52.77,52.83,2000,0
2015-02-09,18:40:00,52.85,52.85,52.76,52.76,2825,0
2015-02-09,18:45:00,52.675,52.675,52.65,52.65,400,0
2015-02-09,18:50:00,52.64,52.655,52.63,52.63,1400,0
2015-02-09,18:55:00,52.655,52.71,52.65,52.71,3900,0
2015-02-09,19:00:00,52.71,52.72,52.6,52.635,10820,0
2015-02-09,19:05:00,52.63,52.68,52.595,52.605,7100,0
2015-02-09,19:10:00,52.61,52.68,52.61,52.6625,2600,0
2015-02-09,19:15:00,52.68,52.76,52.68,52.76,1800,0
2015-02-09,19:20:00,52.75,52.79,52.74,52.78,1800,0
2015-02-09,19:25:00,52.73,52.76,52.68,52.71,2800,0
2015-02-09,19:30:00,52.66,52.67,52.64,52.65,2300,0
2015-02-09,19:35:00,52.63,52.71,52.63,52.655,3900,0
2015-02-09,19:40:00,52.65,52.7,52.58,52.58,17134,0
2015-02-09,19:45:00,52.6,52.625,52.53,52.56,12633,0
2015-02-09,19:50:00,52.54,52.55,52.42,52.425,6419,0
2015-02-09,19:55:00,52.4,52.47,52.4,52.46,4100,0
2015-02-09,20:00:00,52.5,52.5,52.38,52.44,6800,0
2015-02-09,20:05:00,52.42,52.44,52.38,52.43,5166,0
2015-02-09,20:10:00,52.45,52.5,52.44,52.46,3600,0
2015-02-09,20:15:00,52.4665,52.56,52.4,52.42,7763,0
2015-02-09,20:20:00,52.415,52.45,52.3901,52.43,4654,0
2015-02-09,20:25:00,52.44,52.54,52.44,52.54,5709,0
2015-02-09,20:30:00,52.55,52.59,52.525,52.5739,11645,0
2015-02-09,20:35:00,52.56,52.6,52.52,52.525,4058,0
2015-02-09,20:40:00,52.5424,52.64,52.505,52.64,4890,0
2015-02-09,20:45:00,52.64,52.64,52.58,52.62,2565,0
2015-02-09,20:50:00,52.64,52.64,52.4901,52.53,3964,0
2015-02-09,20:55:00,52.53,52.55,52.49,52.53,2900,0
2015-02-09,21:00:00,52.5339,52.65,52.515,52.57,5528,0
2015-02-09,21:05:00,52.58,52.6,52.51,52.51,3000,0
2015-02-09,21:10:00,52.515,52.55,52.49,52.51,3100,0
2015-02-09,21:15:00,52.5,52.59,52.49,52.58,3946,0
2015-02-09,21:20:00,52.57,52.6,52.54,52.54,7300,0
2015-02-09,21:25:00,52.52,52.67,52.52,52.66,3300,0
2015-02-09,21:30:00,52.67,52.69,52.62,52.67,3600,0
2015-02-09,21:35:00,52.68,52.68,52.59,52.61,4200,0
2015-02-09,21:40:00,52.6,52.62,52.56,52.62,6000,0
2015-02-09,21:45:00,52.65,52.73,52.64,52.73,4000,0
2015-02-09,21:50:00,52.72,52.72,52.6,52.72,5500,0
2015-02-09,21:55:00,52.73,52.78,52.7,52.71,9667,0
2015-02-09,22:00:00,52.71,52.74,52.645,52.68,34700,0
2015-02-10,15:35:00,52.84,52.98,52.634,52.84,5932,0
2015-02-10,15:40:00,52.9,53.08,52.88,53.08,6248,0
2015-02-10,15:45:00,53.1,53.25,53.0,53.22,5500,0
2015-02-10,15:50:00,53.26,53.39,53.17,53.33,6500,0
2015-02-10,15:55:00,53.42,53.5,53.37,53.39,15424,0
2015-02-10,16:00:00,53.39,53.39,53.25,53.3,5200,0
2015-02-10,16:05:00,53.286,53.4,53.21,53.27,8966,0
2015-02-10,16:10:00,53.21,53.3,53.18,53.21,4300,0
2015-02-10,16:15:00,53.23,53.32,53.17,53.32,5658,0
2015-02-10,16:20:00,53.34,53.4,53.2,53.2,18025,0
2015-02-10,16:25:00,53.3,53.37,53.23,53.31,11859,0
2015-02-10,16:30:00,53.33,53.39,53.33,53.38,3400,0
2015-02-10,16:35:00,53.34,53.38,53.25,53.25,30256,0
2015-02-10,16:40:00,53.27,53.32,53.21,53.29,12806,0
2015-02-10,16:45:00,53.29,53.29,53.16,53.28,8461,0
2015-02-10,16:50:00,53.275,53.29,53.19,53.21,5000,0
2015-02-10,16:55:00,53.2,53.2,53.05,53.075,4800,0
2015-02-10,17:00:00,53.1,53.14,52.97,53.09,22575,0
2015-02-10,17:05:00,53.1,53.27,53.1,53.26,6300,0
2015-02-10,17:10:00,53.29,53.45,53.29,53.43,5304,0
2015-02-10,17:15:00,53.46,53.5,53.32,53.35,18793,0
2015-02-10,17:20:00,53.35,53.355,53.333,53.35,2700,0
2015-02-10,17:25:00,53.34,53.36,53.32,53.35,7757,0
2015-02-10,17:30:00,53.32,53.4,53.3,53.37,3850,0
2015-02-10,17:35:00,53.4,53.42,53.37,53.38,5808,0
2015-02-10,17:40:00,53.35,53.37,53.32,53.35,3680,0
2015-02-10,17:45:00,53.35,53.369,53.32,53.32,2646,0
2015-02-10,17:50:00,53.35,53.355,53.32,53.33,5600,0
2015-02-10,17:55:00,53.33,53.38,53.33,53.35,2300,0
2015-02-10,18:00:00,53.341,53.358,53.2903,53.34,8534,0
2015-02-10,18:05:00,53.35,53.36,53.05,53.15,21613,0
2015-02-10,18:10:00,53.15,53.24,53.15,53.185,3300,0
2015-02-10,18:15:00,53.23,53.305,53.23,53.29,3600,0
2015-02-10,18:20:00,53.3,53.43,53.3,53.4,13628,0
2015-02-10,18:25:00,53.4,53.43,53.35,53.365,5254,0
2015-02-10,18:30:00,53.35,53.37,53.305,53.35,3652,0
2015-02-10,18:35:00,53.35,53.36,53.32,53.35,4400,0
2015-02-10,18:40:00,53.33,53.36,53.33,53.36,3591,0
2015-02-10,18:45:00,53.35,53.36,53.31,53.35,4504,0
2015-02-10,18:50:00,53.35,53.355,53.33,53.35,2971,0
2015-02-10,18:55:00,53.35,53.36,53.32,53.34,4400,0
2015-02-10,19:00:00,53.325,53.37,53.325,53.35,14085,0
2015-02-10,19:05:00,53.355,53.355,53.33,53.35,3607,0
2015-02-10,19:10:00,53.35,53.36,53.34,53.35,8450,0
2015-02-10,19:15:00,53.34,53.35,53.33,53.35,6400,0
2015-02-10,19:20:00,53.35,53.35,53.32,53.34,6100,0
2015-02-10,19:25:00,53.34,53.35,53.34,53.35,800,0
2015-02-10,19:30:00,53.33,53.35,53.32,53.35,2100,0
2015-02-10,19:35:00,53.335,53.4,53.335,53.39,6300,0
2015-02-10,19:40:00,53.4,53.4,53.36,53.36,7686,0
2015-02-10,19:45:00,53.355,53.41,53.355,53.4,6571,0
2015-02-10,19:50:00,53.4,53.405,53.35,53.37,11238,0
2015-02-10,19:55:00,53.35,53.39,53.35,53.38,8100,0
2015-02-10,20:00:00,53.38,53.82,53.36,53.77,88685,0
2015-02-10,20:05:00,53.8,53.9,53.75,53.865,36707,0
2015-02-10,20:10:00,53.88,53.9,53.84,53.85,19536,0
2015-02-10,20:15:00,53.82,53.835,53.66,53.68,16200,0
2015-02-10,20:20:00,53.68,53.75,53.63,53.7,6640,0
2015-02-10,20:25:00,53.7,53.7,53.54,53.61,12536,0
2015-02-10,20:30:00,53.62,53.77,53.62,53.77,13500,0
2015-02-10,20:35:00,53.73,53.87,53.71,53.87,48104,0
2015-02-10,20:40:00,53.88,53.9,53.86,53.9,17877,0
2015-02-10,20:45:00,53.9,53.9,53.82,53.855,11999,0
2015-02-10,20:50:00,53.81,53.88,53.81,53.88,5600,0
2015-02-10,20:55:00,53.88,53.88,53.82,53.85,8537,0
2015-02-10,21:00:00,53.84,53.92,53.82,53.9,15214,0
2015-02-10,21:05:00,53.9,54.0,53.89,53.99,21935,0
2015-02-10,21:10:00,53.99,54.04,53.86,53.88,36774,0
2015-02-10,21:15:00,53.88,53.92,53.87,53.91,22904,0
2015-02-10,21:20:00,53.915,53.915,53.72,53.8599,23794,0
2015-02-10,21:25:00,53.85,54.01,53.83,54.0,36788,0
2015-02-10,21:30:00,53.995,54.01,53.91,53.9301,33665,0
2015-02-10,21:35:00,53.95,54.06,53.94,54.06,33869,0
2015-02-10,21:40:00,54.06,54.12,54.05,54.06,35977,0
2015-02-10,21:45:00,54.06,54.2,54.05,54.2,30558,0
2015-02-10,21:50:00,54.17,54.2,53.985,53.99,26529,0
2015-02-10,21:55:00,53.96,53.98,53.77,53.81,22130,0
2015-02-10,22:00:00,53.795,54.09,53.78,53.96,151710,0
2015-02-11,15:35:00,54.0,54.1499,52.27,52.5,69405,0
2015-02-11,15:40:00,52.6934,52.78,50.68,50.95,70562,0
2015-02-11,15:45:00,51.025,52.33,50.62,52.32,32943,0
2015-02-11,15:50:00,52.3045,52.38,51.96,52.3,28300,0
2015-02-11,15:55:00,52.31,52.69,52.19,52.69,36188,0
2015-02-11,16:00:00,52.68,52.77,52.17,52.62,68160,0
2015-02-11,16:05:00,52.49,52.58,52.39,52.42,21500,0
2015-02-11,16:10:00,52.42,52.63,52.07,52.55,46711,0
2015-02-11,16:15:00,52.54,53.05,52.54,52.97,35437,0
2015-02-11,16:20:00,52.93,52.94,52.5,52.56,34100,0
2015-02-11,16:25:00,52.56,52.66,52.5,52.53,22274,0
2015-02-11,16:30:00,52.5075,52.7,52.5,52.5801,20399,0
2015-02-11,16:35:00,52.5801,52.97,52.58,52.92,11012,0
2015-02-11,16:40:00,52.825,52.97,52.825,52.91,11801,0
2015-02-11,16:45:00,52.89,53.24,52.89,53.23,17338,0
2015-02-11,16:50:00,53.13,53.1996,52.82,52.88,12651,0
2015-02-11,16:55:00,52.86,53.06,52.84,53.04,12339,0
2015-02-11,17:00:00,53.04,53.07,52.98,53.025,13362,0
2015-02-11,17:05:00,52.98,53.11,52.98,53.07,6900,0
2015-02-11,17:10:00,53.1,53.46,53.1,53.21,17801,0
2015-02-11,17:15:00,53.21,53.386,53.21,53.31,12364,0
2015-02-11,17:20:00,53.35,53.39,53.02,53.02,19385,0
2015-02-11,17:25:00,53.04,53.13,53.0,53.01,30750,0
2015-02-11,17:30:00,53.0,53.07,53.0,53.01,10310,0
2015-02-11,17:35:00,53.0,53.03,52.82,52.83,16827,0
2015-02-11,17:40:00,52.85,53.11,52.845,53.07,8500,0
2015-02-11,17:45:00,53.1,53.13,52.91,52.91,23282,0
2015-02-11,17:50:00,52.91,53.29,52.84,53.27,15024,0
2015-02-11,17:55:00,53.19,53.32,53.19,53.29,6950,0
2015-02-11,18:00:00,53.33,53.36,53.2,53.23,8800,0
2015-02-11,18:05:00,53.2,53.21,53.08,53.13,7023,0
2015-02-11,18:10:00,53.11,53.16,52.89,52.89,7276,0
2015-02-11,18:15:00,52.9,52.93,52.75,52.75,5600,0
2015-02-11,18:20:00,52.75,53.04,52.75,53.03,9065,0
2015-02-11,18:25:00,52.97,53.25,52.97,53.12,3921,0
2015-02-11,18:30:00,53.12,53.18,52.81,52.81,6600,0
2015-02-11,18:35:00,52.81,52.92,52.69,52.695,9600,0
2015-02-11,18:40:00,52.69,52.89,52.69,52.86,5200,0
2015-02-11,18:45:00,52.93,52.98,52.91,52.9201,8741,0
2015-02-11,18:50:00,52.9201,53.02,52.91,52.91,7650,0
2015-02-11,18:55:00,52.92,52.95,52.78,52.84,7600,0
2015-02-11,19:00:00,52.82,52.82,52.61,52.66,8200,0
2015-02-11,19:05:00,52.64,52.79,52.51,52.51,9498,0
2015-02-11,19:10:00,52.52,52.61,52.5,52.5,13904,0
2015-02-11,19:15:00,52.51,52.54,52.34,52.34,22319,0
2015-02-11,19:20:00,52.33,52.35,52.08,52.23,27000,0
2015-02-11,19:25:00,52.09,52.5275,52.09,52.44,17166,0
2015-02-11,19:30:00,52.43,52.48,52.2,52.2,6300,0
2015-02-11,19:35:00,52.26,52.26,52.11,52.15,22000,0
2015-02-11,19:40:00,52.14,52.15,52.06,52.12,7266,0
2015-02-11,19:45:00,52.11,52.26,52.07,52.18,34559,0
2015-02-11,19:50:00,52.12,52.179,52.105,52.125,10864,0
2015-02-11,19:55:00,52.13,52.27,52.13,52.18,19113,0
2015-02-11,20:00:00,52.15,52.4,52.15,52.35,6788,0
2015-02-11,20:05:00,52.35,52.6,52.34,52.57,12781,0
2015-02-11,20:10:00,52.56,52.62,52.51,52.51,9834,0
2015-02-11,20:15:00,52.38,52.8,52.38,52.59,23535,0
2015-02-11,20:20:00,52.65,52.65,52.51,52.59,9274,0
2015-02-11,20:25:00,52.55,52.58,52.45,52.55,8004,0
2015-02-11,20:30:00,52.55,52.75,52.51,52.5896,21324,0
2015-02-11,20:35:00,52.67,52.67,52.48,52.48,19310,0
2015-02-11,20:40:00,52.5,52.54,52.47,52.54,8897,0
2015-02-11,20:45:00,52.55,52.67,52.51,52.66,15649,0
2015-02-11,20:50:00,52.66,52.73,52.43,52.45,8983,0
2015-02-11,20:55:00,52.46,52.52,52.37,52.37,9872,0
2015-02-11,21:00:00,52.404,52.424,52.11,52.14,20290,0
2015-02-11,21:05:00,52.15,52.27,52.15,52.2,19338,0
2015-02-11,21:10:00,52.21,52.33,52.15,52.22,16363,0
2015-02-11,21:15:00,52.19,52.24,52.03,52.05,31025,0
2015-02-11,21:20:00,52.05,52.16,51.98,52.03,33592,0
2015-02-11,21:25:00,52.05,52.31,52.03,52.25,16500,0
2015-02-11,21:30:00,52.24,52.37,52.15,52.25,20005,0
2015-02-11,21:35:00,52.25,52.25,52.05,52.09,16390,0
2015-02-11,21:40:00,52.09,52.18,52.0,52.18,27114,0
2015-02-11,21:45:00,52.16,52.57,52.11,52.56,32953,0
2015-02-11,21:50:00,52.56,53.07,52.53,52.93,57413,0
2015-02-11,21:55:00,52.94,53.36,52.9,53.35,76203,0
2015-02-11,22:00:00,53.31,53.35,52.82,53.05,128956,0
2015-02-12,15:35:00,53.11,53.35,52.92,53.165,9427,0
2015-02-12,15:40:00,53.12,53.12,52.41,52.41,11401,0
2015-02-12,15:45:00,52.435,52.56,52.36,52.51,11250,0
2015-02-12,15:50:00,52.64,52.64,52.41,52.44,11700,0
2015-02-12,15:55:00,52.49,52.65,52.4,52.52,7600,0
2015-02-12,16:00:00,52.52,52.52,52.33,52.38,5932,0
2015-02-12,16:05:00,52.39,52.52,52.37,52.5,5000,0
2015-02-12,16:10:00,52.49,52.64,52.49,52.57,15609,0
2015-02-12,16:15:00,52.57,52.62,52.44,52.57,8550,0
2015-02-12,16:20:00,52.56,52.56,52.32,52.37,3850,0
2015-02-12,16:25:00,52.365,52.54,52.365,52.515,4845,0
2015-02-12,16:30:00,52.515,52.53,52.505,52.52,2735,0
2015-02-12,16:35:00,52.52,52.88,52.52,52.88,4590,0
2015-02-12,16:40:00,52.88,53.02,52.86,52.97,6494,0
2015-02-12,16:45:00,52.95,53.01,52.87,52.87,5576,0
2015-02-12,16:50:00,52.92,52.94,52.83,52.844,4200,0
2015-02-12,16:55:00,52.8,52.8,52.69,52.73,3900,0
2015-02-12,17:00:00,52.7,52.73,52.57,52.57,5000,0
2015-02-12,17:05:00,52.55,52.55,52.41,52.41,3900,0
2015-02-12,17:10:00,52.44,52.6,52.44,52.565,5100,0
2015-02-12,17:15:00,52.55,52.57,52.44,52.48,3522,0
2015-02-12,17:20:00,52.52,52.57,52.35,52.43,9688,0
2015-02-12,17:25:00,52.4,52.57,52.4,52.41,4300,0
2015-02-12,17:30:00,52.39,52.45,52.39,52.45,2547,0
2015-02-12,17:35:00,52.45,52.51,52.38,52.4,6100,0
2015-02-12,17:40:00,52.4,52.5,52.4,52.48,2900,0
2015-02-12,17:45:00,52.48,52.48,52.37,52.37,2900,0
2015-02-12,17:50:00,52.34,52.46,52.31,52.46,7424,0
2015-02-12,17:55:00,52.42,52.8128,52.42,52.8128,16360,0
2015-02-12,18:00:00,52.85,52.93,52.79,52.85,4400,0
2015-02-12,18:05:00,52.84,52.91,52.8,52.91,4300,0
2015-02-12,18:10:00,52.93,52.99,52.93,52.97,5230,0
2015-02-12,18:15:00,52.97,52.99,52.77,52.77,8200,0
2015-02-12,18:20:00,52.76,52.87,52.75,52.84,4975,0
2015-02-12,18:25:00,52.88,52.94,52.83,52.9101,7250,0
2015-02-12,18:30:00,52.94,52.99,52.94,52.95,3900,0
2015-02-12,18:35:00,52.95,53.04,52.94,52.96,4540,0
2015-02-12,18:40:00,52.94,52.95,52.87,52.9,2800,0
2015-02-12,18:45:00,52.89,52.895,52.82,52.85,3900,0
2015-02-12,18:50:00,52.85,52.89,52.71,52.71,4600,0
2015-02-12,18:55:00,52.69,52.94,52.69,52.94,7600,0
2015-02-12,19:00:00,52.905,52.94,52.88,52.93,4700,0
2015-02-12,19:05:00,52.92,53.06,52.9,52.97,8445,0
2015-02-12,19:10:00,52.952,52.97,52.88,52.88,4293,0
2015-02-12,19:15:00,52.9,52.91,52.73,52.76,12800,0
2015-02-12,19:20:00,52.77,52.88,52.72,52.83,8800,0
2015-02-12,19:25:00,52.87,52.95,52.82,52.84,4101,0
2015-02-12,19:30:00,52.87,52.91,52.85,52.87,6162,0
2015-02-12,19:35:00,52.88,52.96,52.88,52.96,9891,0
2015-02-12,19:40:00,52.98,53.06,52.98,53.03,4800,0
2015-02-12,19:45:00,53.025,53.025,52.96,52.99,3900,0
2015-02-12,19:50:00,53.0,53.02,52.95,52.95,5500,0
2015-02-12,19:55:00,52.96,52.99,52.92,52.99,6800,0
2015-02-12,20:00:00,53.03,53.11,53.03,53.06,3600,0
2015-02-12,20:05:00,53.04,53.04,52.91,52.94,3300,0
2015-02-12,20:10:00,52.93,52.98,52.92,52.9799,4067,0
2015-02-12,20:15:00,52.98,52.98,52.9,52.91,3200,0
2015-02-12,20:20:00,52.92,52.92,52.86,52.86,3530,0
2015-02-12,20:25:00,52.88,52.99,52.88,52.94,7800,0
2015-02-12,20:30:00,52.94,52.99,52.94,52.98,6400,0
2015-02-12,20:35:00,52.99,53.07,52.99,53.03,7000,0
2015-02-12,20:40:00,53.04,53.1,53.04,53.1,3500,0
2015-02-12,20:45:00,53.0801,53.1,53.04,53.09,7676,0
2015-02-12,20:50:00,53.08,53.17,53.05,53.11,12100,0
2015-02-12,20:55:00,53.1,53.23,53.1,53.19,4800,0
2015-02-12,21:00:00,53.205,53.29,53.17,53.17,7660,0
2015-02-12,21:05:00,53.19,53.2,53.145,53.15,9218,0
2015-02-12,21:10:00,53.14,53.23,53.12,53.23,7700,0
2015-02-12,21:15:00,53.2396,53.2396,53.13,53.19,10692,0
2015-02-12,21:20:00,53.205,53.22,53.166,53.22,8200,0
2015-02-12,21:25:00,53.24,53.24,53.12,53.14,8081,0
2015-02-12,21:30:00,53.13,53.15,53.03,53.08,10794,0
2015-02-12,21:35:00,53.075,53.12,53.05,53.09,9860,0
2015-02-12,21:40:00,53.09,53.16,53.04,53.04,19724,0
2015-02-12,21:45:00,53.04,53.07,53.01,53.02,23666,0
2015-02-12,21:50:00,53.02,53.1,52.99,53.0,19407,0
2015-02-12,21:55:00,53.01,53.05,52.99,52.99,32377,0
2015-02-12,22:00:00,53.0,53.05,52.99,53.01,162489,0
2015-02-13,15:35:00,52.98,52.985,52.84,52.84,3742,0
2015-02-13,15:40:00,52.82,52.855,52.59,52.64,6740,0
2015-02-13,15:45:00,52.72,52.77,52.68,52.73,4820,0
2015-02-13,15:50:00,52.72,52.88,52.63,52.77,7929,0
2015-02-13,15:55:00,52.83,52.83,52.45,52.45,15586,0
2015-02-13,16:00:00,52.45,52.5,52.41,52.4101,8583,0
2015-02-13,16:05:00,52.42,52.5,52.41,52.5,13060,0
2015-02-13,16:10:00,52.48,52.5,52.43,52.469,5760,0
2015-02-13,16:15:00,52.47,52.5,52.45,52.5,4200,0
2015-02-13,16:20:00,52.45,52.5,52.45,52.46,8700,0
2015-02-13,16:25:00,52.49,52.5,52.46,52.5,12700,0
2015-02-13,16:30:00,52.5,52.55,52.464,52.55,18466,0
2015-02-13,16:35:00,52.55,52.55,52.49,52.55,17692,0
2015-02-13,16:40:00,52.53,52.61,52.47,52.59,10500,0
2015-02-13,16:45:00,52.585,52.61,52.484,52.58,10002,0
2015-02-13,16:50:00,52.64,52.65,52.5801,52.61,7200,0
2015-02-13,16:55:00,52.59,52.65,52.58,52.623,13423,0
2015-02-13,17:00:00,52.65,52.65,52.603,52.64,14709,0
2015-02-13,17:05:00,52.65,52.65,52.55,52.605,15452,0
2015-02-13,17:10:00,52.64,52.65,52.56,52.56,5570,0
2015-02-13,17:15:00,52.54,52.56,52.4801,52.5,6065,0
2015-02-13,17:20:00,52.515,52.57,52.515,52.56,2200,0
2015-02-13,17:25:00,52.56,52.6,52.56,52.59,3100,0
2015-02-13,17:30:00,52.57,52.6,52.53,52.53,6335,0
2015-02-13,17:35:00,52.54,52.56,52.47,52.56,10708,0
2015-02-13,17:40:00,52.56,52.56,52.47,52.47,2600,0
2015-02-13,17:45:00,52.46,52.48,52.45,52.48,3700,0
2015-02-13,17:50:00,52.46,52.48,52.39,52.45,8452,0
2015-02-13,17:55:00,52.42,52.45,52.38,52.4,19429,0
2015-02-13,18:00:00,52.39,52.45,52.39,52.44,3400,0
2015-02-13,18:05:00,52.45,52.49,52.45,52.46,1400,0
2015-02-13,18:10:00,52.48,52.485,52.4045,52.4045,9322,0
2015-02-13,18:15:00,52.39,52.41,52.37,52.39,2600,0
2015-02-13,18:20:00,52.39,52.44,52.36,52.43,3743,0
2015-02-13,18:25:00,52.41,52.41,52.4,52.4,1000,0
2015-02-13,18:30:00,52.42,52.42,52.35,52.3599,1600,0
2015-02-13,18:35:00,52.36,52.36,52.32,52.35,5590,0
2015-02-13,18:40:00,52.35,52.36,52.32,52.35,7735,0
2015-02-13,18:45:00,52.34,52.36,52.34,52.35,2500,0
2015-02-13,18:50:00,52.35,52.38,52.34,52.345,5444,0
2015-02-13,18:55:00,52.37,52.39,52.35,52.35,6369,0
2015-02-13,19:00:00,52.35,52.36,52.33,52.34,5163,0
2015-02-13,19:05:00,52.35,52.38,52.26,52.37,9672,0
2015-02-13,19:10:00,52.37,52.385,52.34,52.385,1922,0
2015-02-13,19:15:00,52.3701,52.3701,52.27,52.27,5772,0
2015-02-13,19:20:00,52.27,52.32,52.26,52.28,4077,0
2015-02-13,19:25:00,52.26,52.26,52.21,52.21,2723,0
2015-02-13,19:30:00,52.24,52.3,52.24,52.27,4258,0
2015-02-13,19:35:00,52.25,52.25,52.1701,52.2,1700,0
2015-02-13,19:40:00,52.22,52.22,52.15,52.19,5300,0
2015-02-13,19:45:00,52.19,52.19,52.1,52.16,5528,0
2015-02-13,19:50:00,52.17,52.17,52.16,52.16,600,0
2015-02-13,19:55:00,52.17,52.2,52.17,52.2,2200,0
2015-02-13,20:00:00,52.21,52.25,52.21,52.25,2400,0
2015-02-13,20:05:00,52.28,52.37,52.28,52.37,12240,0
2015-02-13,20:10:00,52.38,52.4,52.37,52.4,3670,0
2015-02-13,20:15:00,52.44,52.49,52.41,52.415,7110,0
2015-02-13,20:20:00,52.43,52.45,52.39,52.44,7200,0
2015-02-13,20:25:00,52.44,52.51,52.44,52.51,2800,0
2015-02-13,20:30:00,52.56,52.56,52.54,52.54,1100,0
2015-02-13,20:35:00,52.5,52.5,52.44,52.465,2003,0
2015-02-13,20:40:00,52.455,52.455,52.37,52.37,2603,0
2015-02-13,20:45:00,52.39,52.51,52.39,52.51,15485,0
2015-02-13,20:50:00,52.52,52.53,52.52,52.52,1400,0
2015-02-13,20:55:00,52.495,52.54,52.495,52.51,2550,0
2015-02-13,21:00:00,52.5266,52.53,52.46,52.46,8858,0
2015-02-13,21:05:00,52.47,52.47,52.41,52.41,8177,0
2015-02-13,21:10:00,52.44,52.5,52.44,52.48,4000,0
2015-02-13,21:15:00,52.48,52.48,52.41,52.42,13248,0
2015-02-13,21:20:00,52.44,52.44,52.36,52.37,8250,0
2015-02-13,21:25:00,52.36,52.44,52.29,52.44,15483,0
2015-02-13,21:30:00,52.46,52.46,52.42,52.46,5600,0
2015-02-13,21:35:00,52.47,52.48,52.42,52.45,3030,0
2015-02-13,21:40:00,52.45,52.61,52.45,52.59,19606,0
2015-02-13,21:45:00,52.62,52.68,52.62,52.68,4013,0
2015-02-13,21:50:00,52.69,52.69,52.62,52.64,10431,0
2015-02-13,21:55:00,52.62,52.75,52.62,52.74,15951,0
2015-02-13,22:00:00,52.73,52.75,52.64,52.74,47465,0
2015-02-17,15:35:00,52.71,52.71,52.43,52.43,3300,0
2015-02-17,15:40:00,52.43,52.6,52.43,52.52,1500,0
2015-02-17,15:45:00,52.53,52.53,52.47,52.47,1996,0
2015-02-17,15:50:00,52.52,52.58,52.49,52.54,2400,0
2015-02-17,15:55:00,52.6,52.67,52.5701,52.63,3400,0
2015-02-17,16:00:00,52.71,52.85,52.69,52.73,7150,0
2015-02-17,16:05:00,52.78,52.83,52.74,52.74,1500,0
2015-02-17,16:10:00,52.74,52.82,52.73,52.82,4100,0
2015-02-17,16:15:00,52.78,52.8,52.77,52.79,4378,0
2015-02-17,16:20:00,52.77,52.91,52.77,52.87,3400,0
2015-02-17,16:25:00,52.87,52.965,52.87,52.9,8970,0
2015-02-17,16:30:00,52.9,52.9,52.85,52.86,2433,0
2015-02-17,16:35:00,52.85,52.88,52.76,52.76,4011,0
2015-02-17,16:40:00,52.74,52.77,52.67,52.67,4175,0
2015-02-17,16:45:00,52.65,52.69,52.64,52.69,3200,0
2015-02-17,16:50:00,52.66,52.69,52.5,52.53,3300,0
2015-02-17,16:55:00,52.51,52.52,52.3701,52.41,4815,0
2015-02-17,17:00:00,52.39,52.39,52.33,52.33,2704,0
2015-02-17,17:05:00,52.33,52.51,52.33,52.47,3600,0
2015-02-17,17:10:00,52.52,52.52,52.45,52.49,4500,0
2015-02-17,17:15:00,52.49,52.57,52.48,52.48,3100,0
2015-02-17,17:20:00,52.49,52.5195,52.42,52.46,4400,0
2015-02-17,17:25:00,52.43,52.51,52.43,52.49,2900,0
2015-02-17,17:30:00,52.54,52.63,52.54,52.6105,1900,0
2015-02-17,17:35:00,52.6,52.6538,52.54,52.57,3510,0
2015-02-17,17:40:00,52.53,52.53,52.44,52.47,2900,0
2015-02-17,17:45:00,52.465,52.465,52.36,52.37,5629,0
2015-02-17,17:50:00,52.4,52.52,52.38,52.5,2200,0
2015-02-17,17:55:00,52.54,52.62,52.53,52.6,1500,0
2015-02-17,18:00:00,52.59,52.64,52.59,52.62,2600,0
2015-02-17,18:05:00,52.63,52.74,52.63,52.68,2900,0
2015-02-17,18:10:00,52.67,52.67,52.62,52.62,1900,0
2015-02-17,18:15:00,52.61,52.63,52.52,52.52,2200,0
2015-02-17,18:20:00,52.49,52.53,52.48,52.53,6500,0
2015-02-17,18:25:00,52.53,52.62,52.53,52.6,6486,0
2015-02-17,18:30:00,52.614,52.635,52.59,52.62,1860,0
2015-02-17,18:35:00,52.65,52.74,52.65,52.73,2900,0
2015-02-17,18:40:00,52.71,52.72,52.67,52.67,1800,0
2015-02-17,18:45:00,52.66,52.66,52.62,52.66,2500,0
2015-02-17,18:50:00,52.68,52.72,52.68,52.7,2268,0
2015-02-17,18:55:00,52.7,52.7,52.66,52.67,2000,0
2015-02-17,19:00:00,52.65,52.65,52.53,52.58,3000,0
2015-02-17,19:05:00,52.6,52.64,52.56,52.62,2660,0
2015-02-17,19:10:00,52.61,52.63,52.59,52.59,2875,0
2015-02-17,19:15:00,52.62,52.69,52.61,52.66,3637,0
2015-02-17,19:20:00,52.63,52.63,52.535,52.55,2401,0
2015-02-17,19:25:00,52.5,52.56,52.47,52.51,4900,0
2015-02-17,19:30:00,52.495,52.51,52.42,52.46,4117,0
2015-02-17,19:35:00,52.47,52.56,52.47,52.53,3100,0
2015-02-17,19:40:00,52.52,52.57,52.49,52.56,3700,0
2015-02-17,19:45:00,52.59,52.6499,52.58,52.6,3600,0
2015-02-17,19:50:00,52.63,52.65,52.55,52.58,7115,0
2015-02-17,19:55:00,52.6,52.65,52.57,52.57,2700,0
2015-02-17,20:00:00,52.57,52.6,52.57,52.58,2000,0
2015-02-17,20:05:00,52.59,52.62,52.56,52.62,3700,0
2015-02-17,20:10:00,52.62,52.66,52.62,52.63,2000,0
2015-02-17,20:15:00,52.61,52.63,52.59,52.63,4250,0
2015-02-17,20:20:00,52.64,52.64,52.62,52.6301,4357,0
2015-02-17,20:25:00,52.65,52.69,52.65,52.689,4400,0
2015-02-17,20:30:00,52.68,52.75,52.68,52.7,4800,0
2015-02-17,20:35:00,52.7,52.73,52.7,52.73,4226,0
2015-02-17,20:40:00,52.77,52.77,52.7,52.75,9550,0
2015-02-17,20:45:00,52.72,52.77,52.72,52.73,2832,0
2015-02-17,20:50:00,52.72,52.74,52.7,52.73,2102,0
2015-02-17,20:55:00,52.73,52.735,52.53,52.53,7800,0
2015-02-17,21:00:00,52.51,52.53,52.49,52.49,2409,0
2015-02-17,21:05:00,52.46,52.58,52.46,52.58,5057,0
2015-02-17,21:10:00,52.59,52.61,52.561,52.5709,5966,0
2015-02-17,21:15:00,52.58,52.59,52.48,52.495,9409,0
2015-02-17,21:20:00,52.47,52.5,52.46,52.48,5109,0
2015-02-17,21:25:00,52.49,52.54,52.47,52.475,6028,0
2015-02-17,21:30:00,52.47,52.495,52.44,52.46,5169,0
2015-02-17,21:35:00,52.4625,52.47,52.36,52.4,9209,0
2015-02-17,21:40:00,52.4,52.47,52.375,52.46,6772,0
2015-02-17,21:45:00,52.49,52.54,52.47,52.51,7067,0
2015-02-17,21:50:00,52.48,52.48,52.435,52.45,6515,0
2015-02-17,21:55:00,52.47,52.57,52.46,52.56,8640,0
2015-02-17,22:00:00,52.5532,52.66,52.54,52.65,26258,0
2015-02-18,15:40:00,52.4201,52.59,52.4201,52.54,4513,0
2015-02-18,15:45:00,52.7099,52.7099,52.47,52.47,1756,0
2015-02-18,15:50:00,52.4,52.54,52.4,52.54,3100,0
2015-02-18,15:55:00,52.53,52.55,52.5,52.55,2700,0
2015-02-18,16:00:00,52.51,52.56,52.3,52.3,5602,0
2015-02-18,16:05:00,52.37,52.37,52.27,52.27,2300,0
2015-02-18,16:10:00,52.33,52.35,52.3,52.32,1300,0
2015-02-18,16:15:00,52.4,52.4,52.3,52.32,4800,0
2015-02-18,16:20:00,52.33,52.34,52.33,52.335,800,0
2015-02-18,16:25:00,52.37,52.37,52.18,52.23,5603,0
2015-02-18,16:30:00,52.19,52.25,52.17,52.2,4300,0
2015-02-18,16:35:00,52.21,52.25,52.21,52.24,7300,0
2015-02-18,16:40:00,52.25,52.34,52.23,52.34,3500,0
2015-02-18,16:45:00,52.36,52.38,52.36,52.36,3400,0
2015-02-18,16:50:00,52.34,52.38,52.34,52.37,1500,0
2015-02-18,16:55:00,52.37,52.44,52.36,52.44,1900,0
2015-02-18,17:00:00,52.44,52.51,52.44,52.51,2000,0
2015-02-18,17:05:00,52.52,52.56,52.5,52.56,1800,0
2015-02-18,17:10:00,52.52,52.53,52.43,52.45,7083,0
2015-02-18,17:15:00,52.45,52.46,52.37,52.39,3800,0
2015-02-18,17:20:00,52.3999,52.3999,52.32,52.32,1400,0
2015-02-18,17:25:00,52.3,52.3,52.22,52.25,3000,0
2015-02-18,17:30:00,52.22,52.25,52.19,52.21,7220,0
2015-02-18,17:35:00,52.21,52.21,52.16,52.16,3075,0
2015-02-18,17:40:00,52.14,52.16,52.08,52.09,5262,0
2015-02-18,17:45:00,52.12,52.25,52.12,52.25,7620,0
2015-02-18,17:50:00,52.25,52.26,52.2301,52.2301,4324,0
2015-02-18,17:55:00,52.27,52.38,52.27,52.38,1500,0
2015-02-18,18:00:00,52.39,52.412,52.37,52.3703,4499,0
2015-02-18,18:05:00,52.4099,52.43,52.4099,52.43,1300,0
2015-02-18,18:10:00,52.39,52.4,52.39,52.4,1900,0
2015-02-18,18:15:00,52.41,52.45,52.41,52.45,1100,0
2015-02-18,18:20:00,52.45,52.45,52.43,52.43,979,0
2015-02-18,18:25:00,52.43,52.43,52.35,52.36,5317,0
2015-02-18,18:30:00,52.2909,52.34,52.26,52.3,10257,0
2015-02-18,18:35:00,52.27,52.46,52.27,52.44,16719,0
2015-02-18,18:40:00,52.47,52.52,52.32,52.32,28034,0
2015-02-18,18:45:00,52.25,52.3,52.25,52.28,3399,0
2015-02-18,18:50:00,52.31,52.33,52.3,52.31,3200,0
2015-02-18,18:55:00,52.3047,52.35,52.3047,52.35,1680,0
2015-02-18,19:00:00,52.34,52.38,52.3323,52.38,1445,0
2015-02-18,19:05:00,52.39,52.42,52.39,52.42,2000,0
2015-02-18,19:10:00,52.37,52.37,52.33,52.34,3270,0
2015-02-18,19:15:00,52.311,52.35,52.31,52.31,1500,0
2015-02-18,19:20:00,52.33,52.39,52.33,52.39,1100,0
2015-02-18,19:25:00,52.3922,52.408,52.355,52.38,3000,0
2015-02-18,19:30:00,52.39,52.395,52.39,52.395,800,0
2015-02-18,19:35:00,52.43,52.53,52.43,52.52,3200,0
2015-02-18,19:40:00,52.49,52.494,52.41,52.43,2752,0
2015-02-18,19:45:00,52.43,52.46,52.36,52.405,3800,0
2015-02-18,19:50:00,52.4,52.44,52.39,52.42,2100,0
2015-02-18,19:55:00,52.38,52.42,52.3701,52.42,1449,0
2015-02-18,20:00:00,52.4,52.4,52.37,52.392,2400,0
2015-02-18,20:05:00,52.45,52.54,52.45,52.49,1600,0
2015-02-18,20:10:00,52.51,52.6,52.51,52.55,4100,0
2015-02-18,20:15:00,52.572,52.62,52.57,52.62,1800,0
2015-02-18,20:20:00,52.6,52.615,52.57,52.57,3300,0
2015-02-18,20:25:00,52.58,52.6,52.54,52.54,2300,0
2015-02-18,20:30:00,52.54,52.54,52.42,52.46,3300,0
2015-02-18,20:35:00,52.49,52.55,52.485,52.55,3300,0
2015-02-18,20:40:00,52.54,52.54,52.49,52.53,3000,0
2015-02-18,20:45:00,52.56,52.56,52.46,52.55,4300,0
2015-02-18,20:50:00,52.53,52.53,52.46,52.46,1023,0
2015-02-18,20:55:00,52.47,52.56,52.47,52.56,3800,0
2015-02-18,21:00:00,52.54,52.58,52.5,52.55,3200,0
2015-02-18,21:05:00,52.565,52.59,52.565,52.58,2600,0
2015-02-18,21:10:00,52.57,52.68,52.57,52.64,4500,0
2015-02-18,21:15:00,52.65,52.66,52.635,52.645,4200,0
2015-02-18,21:20:00,52.65,52.72,52.645,52.72,6096,0
2015-02-18,21:25:00,52.7,52.71,52.65,52.65,4681,0
2015-02-18,21:30:00,52.657,52.657,52.58,52.58,4799,0
2015-02-18,21:35:00,52.58,52.62,52.58,52.6,3100,0
2015-02-18,21:40:00,52.6,52.67,52.59,52.67,5306,0
2015-02-18,21:45:00,52.65,52.68,52.59,52.65,7500,0
2015-02-18,21:50:00,52.64,52.7,52.64,52.64,9070,0
2015-02-18,21:55:00,52.69,52.76,52.67,52.74,20408,0
2015-02-18,22:00:00,52.75,52.81,52.7,52.79,83397,0
2015-02-19,15:35:00,52.67,52.8,52.67,52.765,5685,0
2015-02-19,15:40:00,52.62,52.67,52.62,52.67,800,0
2015-02-19,15:45:00,52.69,52.76,52.64,52.71,2300,0
2015-02-19,15:50:00,52.73,52.73,52.5469,52.57,1900,0
2015-02-19,15:55:00,52.53,52.53,52.43,52.44,1650,0
2015-02-19,16:00:00,52.46,52.68,52.46,52.64,2300,0
2015-02-19,16:05:00,52.67,52.67,52.555,52.56,2600,0
2015-02-19,16:10:00,52.595,52.65,52.58,52.6,4325,0
2015-02-19,16:15:00,52.63,52.63,52.6,52.6,1600,0
2015-02-19,16:20:00,52.6,52.6,52.57,52.5703,1200,0
2015-02-19,16:25:00,52.6,52.655,52.6,52.65,1000,0
2015-02-19,16:30:00,52.65,52.66,52.59,52.6,2475,0
2015-02-19,16:35:00,52.58,52.58,52.5,52.52,3700,0
2015-02-19,16:40:00,52.54,52.59,52.51,52.52,2200,0
2015-02-19,16:45:00,52.54,52.54,52.48,52.53,2400,0
2015-02-19,16:50:00,52.55,52.6,52.54,52.6,6959,0
2015-02-19,16:55:00,52.61,52.63,52.53,52.53,4300,0
2015-02-19,17:00:00,52.56,52.595,52.54,52.595,3400,0
2015-02-19,17:05:00,52.59,52.59,52.55,52.565,2861,0
2015-02-19,17:10:00,52.57,52.59,52.555,52.59,1200,0
2015-02-19,17:15:00,52.59,52.65,52.59,52.65,2500,0
2015-02-19,17:20:00,52.6201,52.665,52.62,52.665,1087,0
2015-02-19,17:25:00,52.72,52.72,52.59,52.59,2200,0
2015-02-19,17:30:00,52.61,52.61,52.57,52.61,1700,0
2015-02-19,17:35:00,52.63,52.64,52.572,52.5826,2400,0
2015-02-19,17:40:00,52.53,52.53,52.46,52.46,1400,0
2015-02-19,17:45:00,52.46,52.4799,52.39,52.42,3900,0
2015-02-19,17:50:00,52.43,52.47,52.43,52.44,1800,0
2015-02-19,17:55:00,52.4,52.4,52.37,52.39,1900,0
2015-02-19,18:00:00,52.4,52.41,52.39,52.39,2100,0
2015-02-19,18:05:00,52.4,52.4,52.35,52.4,3000,0
2015-02-19,18:10:00,52.41,52.4199,52.41,52.4199,300,0
2015-02-19,18:15:00,52.4,52.4,52.36,52.36,1300,0
2015-02-19,18:20:00,52.36,52.36,52.3401,52.36,1100,0
2015-02-19,18:25:00,52.35,52.38,52.34,52.35,1400,0
2015-02-19,18:30:00,52.32,52.35,52.32,52.35,1044,0
2015-02-19,18:35:00,52.332,52.39,52.33,52.33,1900,0
2015-02-19,18:40:00,52.31,52.36,52.24,52.28,6600,0
2015-02-19,18:45:00,52.27,52.31,52.261,52.29,1444,0
2015-02-19,18:50:00,52.34,52.34,52.3,52.3,1100,0
2015-02-19,18:55:00,52.29,52.291,52.28,52.28,1000,0
2015-02-19,19:00:00,52.26,52.26,52.21,52.21,1000,0
2015-02-19,19:05:00,52.225,52.24,52.195,52.24,3400,0
2015-02-19,19:10:00,52.24,52.26,52.22,52.23,1100,0
2015-02-19,19:15:00,52.22,52.26,52.21,52.26,1200,0
2015-02-19,19:20:00,52.27,52.33,52.255,52.33,4372,0
2015-02-19,19:25:00,52.33,52.37,52.32,52.356,1800,0
2015-02-19,19:30:00,52.32,52.33,52.32,52.33,1700,0
2015-02-19,19:35:00,52.34,52.35,52.32,52.34,3100,0
2015-02-19,19:40:00,52.33,52.33,52.31,52.31,564,0
2015-02-19,19:45:00,52.3,52.31,52.25,52.31,3000,0
2015-02-19,19:50:00,52.3,52.37,52.29,52.37,2500,0
2015-02-19,19:55:00,52.35,52.36,52.35,52.36,1000,0
2015-02-19,20:00:00,52.395,52.4199,52.39,52.41,1600,0
2015-02-19,20:05:00,52.42,52.425,52.38,52.38,1100,0
2015-02-19,20:10:00,52.39,52.43,52.39,52.42,2600,0
2015-02-19,20:15:00,52.435,52.47,52.43,52.43,2400,0
2015-02-19,20:20:00,52.43,52.56,52.43,52.54,11762,0
2015-02-19,20:25:00,52.54,52.555,52.51,52.5428,2514,0
2015-02-19,20:30:00,52.53,52.53,52.5,52.5,3829,0
2015-02-19,20:35:00,52.49,52.53,52.49,52.52,3600,0
2015-02-19,20:40:00,52.53,52.55,52.48,52.48,3900,0
2015-02-19,20:45:00,52.5,52.52,52.5,52.5,2100,0
2015-02-19,20:50:00,52.5,52.51,52.47,52.47,1900,0
2015-02-19,20:55:00,52.48,52.55,52.48,52.55,3300,0
2015-02-19,21:00:00,52.56,52.59,52.555,52.57,2000,0
2015-02-19,21:05:00,52.555,52.6,52.54,52.57,3900,0
2015-02-19,21:10:00,52.58,52.64,52.58,52.61,5200,0
2015-02-19,21:15:00,52.58,52.6,52.54,52.54,1300,0
2015-02-19,21:20:00,52.52,52.55,52.5,52.51,5000,0
2015-02-19,21:25:00,52.51,52.51,52.48,52.5,2600,0
2015-02-19,21:30:00,52.49,52.49,52.43,52.47,2906,0
2015-02-19,21:35:00,52.48,52.49,52.44,52.44,5301,0
2015-02-19,21:40:00,52.44,52.45,52.35,52.38,5752,0
2015-02-19,21:45:00,52.38,52.38,52.35,52.37,4170,0
2015-02-19,21:50:00,52.36,52.37,52.31,52.31,5660,0
2015-02-19,21:55:00,52.315,52.35,52.3,52.33,11873,0
2015-02-19,22:00:00,52.33,52.39,52.31,52.37,21510,0
2015-02-20,15:35:00,52.24,52.38,52.24,52.38,11168,0
2015-02-20,15:40:00,52.37,52.42,52.31,52.3525,3100,0
2015-02-20,15:45:00,52.335,52.39,52.295,52.39,3200,0
2015-02-20,15:50:00,52.39,52.41,52.26,52.3,2100,0
2015-02-20,15:55:00,52.22,52.29,52.22,52.2348,2536,0
2015-02-20,16:00:00,52.2,52.23,52,52.04,9149,0
2015-02-20,16:05:00,52.04,52.09,52.04,52.07,2100,0
2015-02-20,16:10:00,52.0101,52.16,52.0101,52.16,1300,0
2015-02-20,16:15:00,52.19,52.19,52.16,52.19,2000,0
2015-02-20,16:20:00,52.23,52.23,52.18,52.2,3900,0
2015-02-20,16:25:00,52.25,52.28,52.25,52.2696,4854,0
2015-02-20,16:30:00,52.26,52.3,52.25,52.25,2300,0
2015-02-20,16:35:00,52.275,52.275,52.275,52.275,500,0
2015-02-20,16:40:00,52.28,52.46,52.27,52.46,4468,0
2015-02-20,16:45:00,52.48,52.48,52.45,52.46,500,0
2015-02-20,16:50:00,52.54,52.55,52.4985,52.4985,1200,0
2015-02-20,16:55:00,52.47,52.47,52.44,52.45,1800,0
2015-02-20,17:00:00,52.49,52.51,52.46,52.49,2000,0
2015-02-20,17:05:00,52.52,52.55,52.51,52.55,1300,0
2015-02-20,17:10:00,52.53,52.53,52.5,52.5,500,0
2015-02-20,17:15:00,52.5016,52.5016,52.48,52.48,1200,0
2015-02-20,17:20:00,52.47,52.52,52.46,52.51,3000,0
2015-02-20,17:25:00,52.46,52.5145,52.44,52.45,3150,0
2015-02-20,17:30:00,52.48,52.48,52.46,52.47,1200,0
2015-02-20,17:35:00,52.46,52.5,52.46,52.5,1300,0
2015-02-20,17:40:00,52.49,52.5334,52.49,52.505,2435,0
2015-02-20,17:45:00,52.52,52.6,52.52,52.59,1900,0
2015-02-20,17:50:00,52.555,52.62,52.53,52.605,6500,0
2015-02-20,17:55:00,52.605,52.605,52.56,52.57,1700,0
2015-02-20,18:00:00,52.56,52.58,52.54,52.56,4100,0
2015-02-20,18:05:00,52.57,52.6,52.565,52.6,3600,0
2015-02-20,18:10:00,52.6,52.62,52.575,52.6,5000,0
2015-02-20,18:15:00,52.61,52.61,52.55,52.55,5900,0
2015-02-20,18:20:00,52.54,52.61,52.54,52.61,3000,0
2015-02-20,18:25:00,52.605,52.62,52.58,52.59,2701,0
2015-02-20,18:30:00,52.56,52.61,52.56,52.595,3600,0
2015-02-20,18:35:00,52.59,52.59,52.57,52.58,3700,0
2015-02-20,18:40:00,52.57,52.61,52.53,52.58,4300,0
2015-02-20,18:45:00,52.59,52.65,52.59,52.61,4500,0
2015-02-20,18:50:00,52.61,52.71,52.61,52.71,7706,0
2015-02-20,18:55:00,52.7,52.72,52.7,52.71,4700,0
2015-02-20,19:00:00,52.7,52.7,52.68,52.69,2300,0
2015-02-20,19:05:00,52.71,52.71,52.64,52.64,5500,0
2015-02-20,19:10:00,52.66,52.66,52.645,52.66,3900,0
2015-02-20,19:15:00,52.67,52.7,52.63,52.7,6200,0
2015-02-20,19:20:00,52.71,52.78,52.69,52.77,6854,0
2015-02-20,19:25:00,52.78,52.81,52.77,52.77,2200,0
2015-02-20,19:30:00,52.79,52.81,52.74,52.74,3750,0
2015-02-20,19:35:00,52.75,52.77,52.74,52.75,2600,0
2015-02-20,19:40:00,52.74,52.74,52.71,52.71,2700,0
2015-02-20,19:45:00,52.724,52.75,52.71,52.73,4150,0
2015-02-20,19:50:00,52.74,52.76,52.73,52.76,1500,0
2015-02-20,19:55:00,52.75,52.77,52.75,52.77,2900,0
2015-02-20,20:00:00,52.77,52.85,52.7625,52.85,4240,0
2015-02-20,20:05:00,52.84,52.88,52.84,52.87,2000,0
2015-02-20,20:10:00,52.89,52.92,52.855,52.855,4380,0
2015-02-20,20:15:00,52.88,52.92,52.88,52.915,4940,0
2015-02-20,20:20:00,52.91,52.93,52.875,52.89,2428,0
2015-02-20,20:25:00,52.8801,52.91,52.87,52.89,2235,0
2015-02-20,20:30:00,52.9,52.98,52.9,52.95,3700,0
2015-02-20,20:35:00,53,53.03,52.97,53.03,4900,0
2015-02-20,20:40:00,53.04,53.05,53,53,2300,0
2015-02-20,20:45:00,53,53.01,53,53.01,1500,0
2015-02-20,20:50:00,53,53.06,52.995,53.051,5600,0
2015-02-20,20:55:00,53.07,53.09,53.06,53.07,4000,0
2015-02-20,21:00:00,53.04,53.04,53.01,53.025,2800,0
2015-02-20,21:05:00,53.04,53.13,53.04,53.09,1900,0
2015-02-20,21:10:00,53.09,53.15,53.07,53.14,4770,0
2015-02-20,21:15:00,53.1599,53.17,53.1,53.11,3976,0
2015-02-20,21:20:00,53.09,53.09,53.035,53.04,3700,0
2015-02-20,21:25:00,53.05,53.06,53.02,53.04,7851,0
2015-02-20,21:30:00,53.03,53.04,53.02,53.03,6298,0
2015-02-20,21:35:00,53.02,53.08,52.99,53.08,8200,0
2015-02-20,21:40:00,53.08,53.09,53.06,53.07,5116,0
2015-02-20,21:45:00,53.09,53.09,53.04,53.07,8200,0
2015-02-20,21:50:00,53.07,53.09,53.05,53.05,11900,0
2015-02-20,21:55:00,53.02,53.03,52.99,53.03,14400,0
2015-02-20,22:00:00,53.03,53.13,53.03,53.07,26101,0
2015-02-23,15:35:00,53.09,53.24,53.08,53.1,7015,0
2015-02-23,15:40:00,53.14,53.25,53.11,53.25,2400,0
2015-02-23,15:45:00,53.25,53.45,53.25,53.44,1400,0
2015-02-23,15:50:00,53.49,53.5,53.4,53.4,3500,0
2015-02-23,15:55:00,53.35,53.35,53.115,53.19,3071,0
2015-02-23,16:00:00,53.2,53.2,53.16,53.16,400,0
2015-02-23,16:05:00,53.15,53.21,53.095,53.11,10440,0
2015-02-23,16:10:00,53.13,53.28,53.13,53.27,7480,0
2015-02-23,16:15:00,53.29,53.3,53.29,53.3,1300,0
2015-02-23,16:20:00,53.32,53.34,53.285,53.34,3400,0
2015-02-23,16:25:00,53.29,53.31,53.28,53.29,1800,0
2015-02-23,16:30:00,53.29,53.33,53.28,53.31,2400,0
2015-02-23,16:35:00,53.32,53.34,53.28,53.3,6500,0
2015-02-23,16:40:00,53.31,53.3401,53.29,53.3401,2000,0
2015-02-23,16:45:00,53.34,53.34,53.26,53.26,3600,0
2015-02-23,16:50:00,53.29,53.33,53.27,53.33,1400,0
2015-02-23,16:55:00,53.3,53.3,53.26,53.28,2100,0
2015-02-23,17:00:00,53.285,53.3,53.23,53.24,5124,0
2015-02-23,17:05:00,53.23,53.27,53.23,53.27,800,0
2015-02-23,17:10:00,53.3,53.3,53.28,53.28,500,0
2015-02-23,17:15:00,53.3,53.3,53.2696,53.2696,400,0
2015-02-23,17:20:00,53.26,53.38,53.26,53.38,3200,0
2015-02-23,17:25:00,53.41,53.42,53.34,53.34,1000,0
2015-02-23,17:30:00,53.355,53.355,53.26,53.31,4060,0
2015-02-23,17:35:00,53.31,53.35,53.31,53.35,5700,0
2015-02-23,17:40:00,53.38,53.41,53.38,53.41,803,0
2015-02-23,17:45:00,53.415,53.45,53.415,53.45,670,0
2015-02-23,17:50:00,53.41,53.41,53.36,53.36,2600,0
2015-02-23,17:55:00,53.37,53.37,53.355,53.355,400,0
2015-02-23,18:00:00,53.38,53.38,53.38,53.38,100,0
2015-02-23,18:05:00,53.36,53.38,53.36,53.38,2100,0
2015-02-23,18:10:00,53.4,53.44,53.4,53.44,2200,0
2015-02-23,18:15:00,53.41,53.41,53.38,53.41,5310,0
2015-02-23,18:20:00,53.38,53.38,53.351,53.353,1500,0
2015-02-23,18:25:00,53.36,53.4,53.32,53.4,5104,0
2015-02-23,18:30:00,53.39,53.39,53.39,53.39,629,0
2015-02-23,18:35:00,53.36,53.36,53.36,53.36,700,0
2015-02-23,18:40:00,53.33,53.33,53.29,53.31,2100,0
2015-02-23,18:45:00,53.31,53.34,53.3,53.3,3100,0
2015-02-23,18:50:00,53.25,53.31,53.25,53.29,1000,0
2015-02-23,18:55:00,53.3098,53.3098,53.28,53.28,1180,0
2015-02-23,19:05:00,53.255,53.27,53.24,53.27,1500,0
2015-02-23,19:10:00,53.28,53.31,53.24,53.295,4800,0
2015-02-23,19:15:00,53.32,53.33,53.27,53.33,7170,0
2015-02-23,19:20:00,53.32,53.32,53.28,53.3,2200,0
2015-02-23,19:25:00,53.29,53.29,53.27,53.27,500,0
2015-02-23,19:30:00,53.26,53.26,53.26,53.26,600,0
2015-02-23,19:35:00,53.281,53.37,53.27,53.3,4900,0
2015-02-23,19:40:00,53.26,53.26,53.24,53.24,600,0
2015-02-23,19:45:00,53.24,53.24,53.22,53.22,1000,0
2015-02-23,19:50:00,53.22,53.25,53.2,53.23,1600,0
2015-02-23,19:55:00,53.24,53.26,53.24,53.24,1200,0
2015-02-23,20:00:00,53.22,53.24,53.2,53.2,2000,0
2015-02-23,20:05:00,53.21,53.24,53.18,53.18,1900,0
2015-02-23,20:10:00,53.17,53.17,53.17,53.17,100,0
2015-02-23,20:15:00,53.17,53.17,53.17,53.17,1100,0
2015-02-23,20:20:00,53.19,53.26,53.19,53.26,2200,0
2015-02-23,20:25:00,53.25,53.26,53.2,53.22,2500,0
2015-02-23,20:30:00,53.21,53.3261,53.2,53.325,1903,0
2015-02-23,20:35:00,53.2901,53.2901,53.2402,53.25,2015,0
2015-02-23,20:40:00,53.25,53.25,53.24,53.24,900,0
2015-02-23,20:45:00,53.22,53.27,53.22,53.2503,2035,0
2015-02-23,20:50:00,53.28,53.31,53.25,53.25,3200,0
2015-02-23,20:55:00,53.2699,53.2699,53.24,53.2599,1372,0
2015-02-23,21:00:00,53.22,53.24,53.2,53.24,1900,0
2015-02-23,21:05:00,53.26,53.27,53.22,53.22,3361,0
2015-02-23,21:10:00,53.23,53.23,53.2,53.22,1800,0
2015-02-23,21:15:00,53.23,53.26,53.23,53.25,2900,0
2015-02-23,21:20:00,53.26,53.29,53.26,53.27,2200,0
2015-02-23,21:25:00,53.29,53.34,53.29,53.32,3500,0
2015-02-23,21:30:00,53.3,53.32,53.2776,53.31,3505,0
2015-02-23,21:35:00,53.35,53.35,53.29,53.32,9040,0
2015-02-23,21:40:00,53.3,53.32,53.27,53.27,7686,0
2015-02-23,21:45:00,53.29,53.39,53.29,53.39,5425,0
2015-02-23,21:50:00,53.4,53.43,53.32,53.32,9425,0
2015-02-23,21:55:00,53.34,53.4,53.34,53.37,6220,0
2015-02-23,22:00:00,53.37,53.37,53.32,53.36,26615,0
