Date,Time,Open,High,Low,Close,Volume,OpenInt
2015-02-03,16:50:00,151.34,151.46,150.93,151.13,18309,0
2015-02-03,16:55:00,151.21,151.73,150.79,151.65,25175,0
2015-02-03,17:00:00,151.61,151.7,151.24,151.34,15585,0
2015-02-03,17:05:00,151.38,151.65,151.28,151.34,20302,0
2015-02-03,17:10:00,151.28,151.72,151.11,151.58,20602,0
2015-02-03,17:15:00,151.53,151.81,151.28,151.62,15599,0
2015-02-03,17:20:00,151.6,151.66,151.34,151.52,31701,0
2015-02-03,17:25:00,151.55,151.7,151.4,151.55,29570,0
2015-02-03,17:30:00,151.57,151.73,151.42,151.73,26533,0
2015-02-03,17:35:00,151.89,152.35,151.7,152.14,21513,0
2015-02-03,17:40:00,152.11,153.02,151.92,152.61,34755,0
2015-02-03,17:45:00,152.6,153.27,152.5,153.07,72838,0
2015-02-03,17:50:00,153.07,153.8,152.9,153.6,62599,0
2015-02-03,17:55:00,153.57,153.96,153.21,153.29,42045,0
2015-02-03,18:00:00,153.32,153.38,152.89,153.16,22633,0
2015-02-03,18:05:00,153.08,153.09,152.4,152.82,48824,0
2015-02-03,18:10:00,152.86,152.89,152.39,152.39,16356,0
2015-02-03,18:15:00,152.35,152.94,152.17,152.93,24860,0
2015-02-03,18:20:00,152.87,153.38,152.74,153.21,37109,0
2015-02-03,18:25:00,153.24,153.49,152.77,152.77,23981,0
2015-02-03,18:30:00,152.76,153.43,152.7,153.12,14039,0
2015-02-03,18:35:00,153.01,153.04,152.73,152.74,12120,0
2015-02-03,18:40:00,152.72,152.97,152.7,152.86,14039,0
2015-02-03,18:45:00,152.97,153,152.74,152.92,13924,0
2015-02-03,18:50:00,152.95,153.05,152.64,152.74,11160,0
2015-02-03,18:55:00,152.91,153.29,152.84,153.21,26048,0
2015-02-03,19:00:00,153.23,153.45,153.07,153.07,16671,0
2015-02-03,19:05:00,153.16,153.39,153.11,153.39,13635,0
2015-02-03,19:10:00,153.37,153.38,153.13,153.22,12414,0
2015-02-03,19:15:00,153.17,153.91,153.03,153.76,31299,0
2015-02-03,19:20:00,153.77,153.82,153.59,153.67,21984,0
2015-02-03,19:25:00,153.6,153.85,153.56,153.56,21120,0
2015-02-03,19:30:00,153.56,153.9,153.49,153.74,16953,0
2015-02-03,19:35:00,153.79,153.91,153.54,153.66,15155,0
2015-02-03,19:40:00,153.59,154.18,153.59,153.84,23472,0
2015-02-03,19:45:00,153.8,154.26,153.8,154.21,23025,0
2015-02-03,19:50:00,154.2,154.36,154.01,154.18,23055,0
2015-02-03,19:55:00,154.14,154.49,154,154.43,35632,0
2015-02-03,20:00:00,154.43,154.9,154.37,154.79,44845,0
2015-02-03,20:05:00,154.85,154.9,154.2,154.21,30850,0
2015-02-03,20:10:00,154.21,154.21,153.76,153.94,54736,0
2015-02-03,20:15:00,153.94,153.94,153.51,153.51,31334,0
2015-02-03,20:20:00,153.56,153.85,153.4,153.55,22697,0
2015-02-03,20:25:00,153.57,153.73,153.42,153.58,8383,0
2015-02-03,20:30:00,153.54,153.92,153.5,153.83,26643,0
2015-02-03,20:35:00,153.96,154.21,153.87,154.06,20455,0
2015-02-03,20:40:00,154.06,154.41,153.91,154.35,18330,0
2015-02-03,20:45:00,154.35,154.74,154.29,154.67,23558,0
2015-02-03,20:50:00,154.65,155.3,154.59,155.3,51240,0
2015-02-03,20:55:00,155.17,155.3,154.86,155.14,38095,0
2015-02-03,21:00:00,155.19,155.32,155.07,155.19,33575,0
2015-02-03,21:05:00,155.16,155.27,154.89,155.1,25067,0
2015-02-03,21:10:00,155.06,155.42,155.01,155.23,28530,0
2015-02-03,21:15:00,155.25,155.25,154.77,155.02,34023,0
2015-02-03,21:20:00,155.03,155.08,154.69,154.69,42865,0
2015-02-03,21:25:00,154.69,154.78,154.24,154.37,100983,0
2015-02-03,21:30:00,154.4,154.66,154.06,154.16,66716,0
2015-02-03,21:35:00,154.19,154.79,154.19,154.38,56747,0
2015-02-03,21:40:00,154.41,154.44,153.97,154.03,65668,0
2015-02-03,21:45:00,154.14,154.72,154.05,154.68,72088,0
2015-02-03,21:50:00,154.66,154.68,154.36,154.36,80455,0
2015-02-03,21:55:00,154.35,154.88,154.25,154.86,171487,0
2015-02-03,22:00:00,154.86,154.88,154.28,154.29,207778,0
2015-02-04,15:35:00,150.39,152.51,149.78,150,157287,0
2015-02-04,15:40:00,150.41,151.26,149.47,150.15,123040,0
2015-02-04,15:45:00,150.37,153.4,150.15,151.82,129497,0
2015-02-04,15:50:00,151.68,152.26,147.8,148.73,157080,0
2015-02-04,15:55:00,148.63,149.49,147.66,148.16,135585,0
2015-02-04,16:00:00,148.16,149.55,147.86,149.53,80824,0
2015-02-04,16:05:00,149.36,151.17,148.58,150.74,88019,0
2015-02-04,16:10:00,150.65,150.97,148.55,148.55,73934,0
2015-02-04,16:15:00,148.55,149.09,148.33,148.63,73098,0
2015-02-04,16:20:00,148.66,148.71,148.49,148.55,51836,0
2015-02-04,16:25:00,148.57,148.92,148.55,148.9,67846,0
2015-02-04,16:30:00,148.87,149.54,148.3,148.3,100202,0
2015-02-04,16:35:00,148.3,148.31,147.15,147.33,145165,0
2015-02-04,16:40:00,147.3,147.66,147.09,147.23,44116,0
2015-02-04,16:45:00,147.24,147.74,146.98,147.1,42987,0
2015-02-04,16:50:00,147.05,147.32,146.56,146.61,89288,0
2015-02-04,16:55:00,146.6,147.1,146.56,146.76,75760,0
2015-02-04,17:00:00,146.78,146.86,146.52,146.6,93545,0
2015-02-04,17:05:00,146.52,146.57,145.68,146.03,113404,0
2015-02-04,17:10:00,145.92,146.76,145.88,146.22,77728,0
2015-02-04,17:15:00,146.22,146.64,146.07,146.29,75997,0
2015-02-04,17:20:00,146.28,146.33,145.52,145.59,96292,0
2015-02-04,17:25:00,145.57,146.82,145.4,146.71,85547,0
2015-02-04,17:30:00,146.71,146.71,146.18,146.21,35304,0
2015-02-04,17:35:00,146.29,146.61,146.13,146.27,36870,0
2015-02-04,17:40:00,146.27,146.53,146.2,146.4,37965,0
2015-02-04,17:45:00,146.38,146.56,146.31,146.47,39146,0
2015-02-04,17:50:00,146.45,147.07,146.39,146.56,81621,0
2015-02-04,17:55:00,146.6,147.12,146.6,147.12,85599,0
2015-02-04,18:00:00,147.15,147.48,147.09,147.34,78482,0
2015-02-04,18:05:00,147.29,147.86,147.27,147.82,73403,0
2015-02-04,18:10:00,147.8,148.01,147.71,147.74,35545,0
2015-02-04,18:15:00,147.75,147.78,146.64,146.64,37315,0
2015-02-04,18:20:00,146.64,147.22,146.56,147.22,45814,0
2015-02-04,18:25:00,147.08,147.11,146.56,146.81,20503,0
2015-02-04,18:30:00,146.85,146.87,145.61,145.81,57581,0
2015-02-04,18:35:00,145.83,146.01,145.57,145.88,43067,0
2015-02-04,18:40:00,145.86,145.86,145.57,145.67,37498,0
2015-02-04,18:45:00,145.6,145.76,145.57,145.71,55080,0
2015-02-04,18:50:00,145.7,145.73,144.91,144.91,101412,0
2015-02-04,18:55:00,144.91,145.49,144.82,145.08,60199,0
2015-02-04,19:00:00,145.13,146,145.13,145.69,53457,0
2015-02-04,19:05:00,145.72,145.95,145.49,145.75,41044,0
2015-02-04,19:10:00,145.65,145.95,145.57,145.92,35907,0
2015-02-04,19:15:00,145.85,145.97,145.34,145.41,19155,0
2015-02-04,19:20:00,145.41,145.57,145.2,145.2,46034,0
2015-02-04,19:25:00,145.21,145.39,144.96,145.02,29590,0
2015-02-04,19:30:00,144.98,145.06,144.71,144.87,27999,0
2015-02-04,19:35:00,144.86,145.18,144.58,145.05,77572,0
2015-02-04,19:40:00,145.08,145.62,145.08,145.54,61203,0
2015-02-04,19:45:00,145.53,145.53,144.68,144.75,46364,0
2015-02-04,19:50:00,144.79,144.82,144.58,144.58,35016,0
2015-02-04,19:55:00,144.58,144.72,144.17,144.29,73289,0
2015-02-04,20:00:00,144.29,144.29,143.8,144.09,128611,0
2015-02-04,20:05:00,144.08,144.27,143.88,144.06,99995,0
2015-02-04,20:10:00,144.08,144.08,143.65,143.75,62286,0
2015-02-04,20:15:00,143.85,143.93,143.22,143.29,73770,0
2015-02-04,20:20:00,143.29,143.65,142.84,142.84,60815,0
2015-02-04,20:25:00,142.92,143.22,142.79,143.21,64379,0
2015-02-04,20:30:00,143.17,143.82,143.1,143.77,60148,0
2015-02-04,20:35:00,143.8,144.05,143.42,143.56,48563,0
2015-02-04,20:40:00,143.61,144,143.6,143.93,44685,0
2015-02-04,20:45:00,143.89,144.04,143.55,143.56,48442,0
2015-02-04,20:50:00,143.54,143.63,143.2,143.58,52241,0
2015-02-04,20:55:00,143.62,143.85,143.27,143.8,41996,0
2015-02-04,21:00:00,143.76,143.83,143.35,143.49,50861,0
2015-02-04,21:05:00,143.48,143.99,143.44,143.99,62553,0
2015-02-04,21:10:00,143.98,144.55,143.87,144.29,67988,0
2015-02-04,21:15:00,144.25,144.39,143.93,144.2,33563,0
2015-02-04,21:20:00,144.16,144.77,144.16,144.65,55563,0
2015-02-04,21:25:00,144.68,144.78,144.54,144.66,52143,0
2015-02-04,21:30:00,144.65,144.83,144.53,144.82,50937,0
2015-02-04,21:35:00,144.88,145.81,144.86,145.81,100122,0
2015-02-04,21:40:00,145.84,145.93,145.19,145.2,93250,0
2015-02-04,21:45:00,145.21,145.32,144.48,144.5,88393,0
2015-02-04,21:50:00,144.48,144.48,144,144.24,119491,0
2015-02-04,21:55:00,144.39,144.58,144.31,144.5,173614,0
2015-02-04,22:00:00,144.53,144.69,144.29,144.69,196833,0
2015-02-05,15:35:00,145.52,146.23,145.2,145.73,41914,0
2015-02-05,15:40:00,145.71,145.72,144.18,145.3,58841,0
2015-02-05,15:45:00,145.31,145.88,144.4,145.47,21311,0
2015-02-05,15:50:00,145.82,146.76,145.51,146.59,55711,0
2015-02-05,15:55:00,146.65,146.73,145.39,145.39,44155,0
2015-02-05,16:00:00,145.43,145.43,144.39,144.52,43870,0
2015-02-05,16:05:00,144.56,144.8,144.35,144.57,41761,0
2015-02-05,16:10:00,144.63,144.82,143.98,144.2,52665,0
2015-02-05,16:15:00,144.1,144.32,143.59,143.81,52387,0
2015-02-05,16:20:00,143.82,144.17,143.7,143.92,53712,0
2015-02-05,16:25:00,143.95,143.98,143.43,143.82,37385,0
2015-02-05,16:30:00,143.83,144.78,143.83,144.52,44617,0
2015-02-05,16:35:00,144.52,144.52,143.91,144.2,31186,0
2015-02-05,16:40:00,144.18,144.59,144.05,144.47,27216,0
2015-02-05,16:45:00,144.49,144.61,144.33,144.45,18786,0
2015-02-05,16:50:00,144.47,145.38,144.37,145.26,45605,0
2015-02-05,16:55:00,145.27,145.32,144.83,144.96,20717,0
2015-02-05,17:00:00,144.87,144.92,144.37,144.53,39086,0
2015-02-05,17:05:00,144.54,144.54,144.14,144.3,16342,0
2015-02-05,17:10:00,144.35,144.46,143.98,144.16,34884,0
2015-02-05,17:15:00,144.16,144.16,143.62,143.7,22291,0
2015-02-05,17:20:00,143.7,143.75,143.28,143.37,48156,0
2015-02-05,17:25:00,143.37,144.23,143.19,144.1,42224,0
2015-02-05,17:30:00,144.16,144.4,143.8,144.39,25422,0
2015-02-05,17:35:00,144.32,144.44,143.71,143.83,22280,0
2015-02-05,17:40:00,143.82,144.37,143.82,144.37,14750,0
2015-02-05,17:45:00,144.39,144.45,143.94,144,12402,0
2015-02-05,17:50:00,143.96,144.33,143.96,144.2,10384,0
2015-02-05,17:55:00,144.16,144.2,143.88,143.94,9051,0
2015-02-05,18:00:00,143.91,144.25,143.88,144.2,12352,0
2015-02-05,18:05:00,144.2,144.49,144.19,144.34,16261,0
2015-02-05,18:10:00,144.34,144.34,144.08,144.17,16969,0
2015-02-05,18:15:00,144.26,144.52,144.21,144.42,13648,0
2015-02-05,18:20:00,144.38,144.71,144.35,144.47,18001,0
2015-02-05,18:25:00,144.4,144.58,144.13,144.13,11261,0
2015-02-05,18:30:00,144.08,144.08,143.84,143.97,6541,0
2015-02-05,18:35:00,143.98,144.19,143.98,144.18,8453,0
2015-02-05,18:40:00,144.14,144.15,143.78,143.78,11414,0
2015-02-05,18:45:00,143.76,143.8,143.6,143.7,14847,0
2015-02-05,18:50:00,143.7,143.71,143.6,143.64,22320,0
2015-02-05,18:55:00,143.65,143.68,143.35,143.42,34267,0
2015-02-05,19:00:00,143.33,143.54,143.05,143.54,32600,0
2015-02-05,19:05:00,143.65,143.67,143.39,143.47,13455,0
2015-02-05,19:10:00,143.43,144.1,143.42,144.1,14618,0
2015-02-05,19:15:00,144.08,144.56,144.06,144.53,21254,0
2015-02-05,19:20:00,144.48,144.5,143.95,143.95,20688,0
2015-02-05,19:25:00,144.06,144.06,143.64,143.64,17233,0
2015-02-05,19:30:00,143.67,143.96,143.55,143.96,13421,0
2015-02-05,19:35:00,143.96,144.04,143.9,143.92,10743,0
2015-02-05,19:40:00,143.92,143.93,143.6,143.68,11636,0
2015-02-05,19:45:00,143.7,144.01,143.7,144.01,7070,0
2015-02-05,19:50:00,144.03,144.28,143.96,144.21,25524,0
2015-02-05,19:55:00,144.2,144.27,143.84,144.21,28319,0
2015-02-05,20:00:00,144.23,144.4,144.2,144.39,16783,0
2015-02-05,20:05:00,144.36,144.37,144.17,144.24,19027,0
2015-02-05,20:10:00,144.19,144.29,144.17,144.18,13258,0
2015-02-05,20:15:00,144.18,144.43,144.17,144.3,23179,0
2015-02-05,20:20:00,144.32,144.34,144.15,144.19,21008,0
2015-02-05,20:25:00,144.19,144.26,144.15,144.24,14838,0
2015-02-05,20:30:00,144.24,144.42,144.11,144.42,11311,0
2015-02-05,20:35:00,144.42,144.43,144.26,144.4,16268,0
2015-02-05,20:40:00,144.39,144.54,144.36,144.54,11111,0
2015-02-05,20:45:00,144.58,144.9,144.58,144.78,41291,0
2015-02-05,20:50:00,144.78,144.97,144.75,144.97,22256,0
2015-02-05,20:55:00,145.01,145.39,144.96,145.31,26316,0
2015-02-05,21:00:00,145.32,145.32,144.9,144.9,25457,0
2015-02-05,21:05:00,144.89,144.99,144.79,144.99,27152,0
2015-02-05,21:10:00,144.99,145.24,144.99,145.11,26604,0
2015-02-05,21:15:00,145.14,145.31,144.78,145.28,38218,0
2015-02-05,21:20:00,145.24,145.84,145.24,145.83,47066,0
2015-02-05,21:25:00,145.8,145.84,145.53,145.59,39679,0
2015-02-05,21:30:00,145.55,145.58,145.18,145.33,42485,0
2015-02-05,21:35:00,145.37,145.41,145.22,145.4,33420,0
2015-02-05,21:40:00,145.39,145.58,145.3,145.55,38309,0
2015-02-05,21:45:00,145.54,145.59,145.48,145.53,40558,0
2015-02-05,21:50:00,145.5,145.5,144.97,145.14,59342,0
2015-02-05,21:55:00,145.14,145.36,145.11,145.26,62888,0
2015-02-05,22:00:00,145.27,145.3,145.17,145.21,97740,0
2015-02-06,15:35:00,147.35,147.45,145.77,146.55,63745,0
2015-02-06,15:40:00,146.47,146.58,145.39,146.33,18493,0
2015-02-06,15:45:00,146.18,146.74,145.23,145.38,29704,0
2015-02-06,15:50:00,145.4,145.71,144.91,145.15,33344,0
2015-02-06,15:55:00,145.01,145.23,144.5,145.09,29177,0
2015-02-06,16:00:00,144.87,145.03,144.76,144.93,8665,0
2015-02-06,16:05:00,144.89,145.48,144.74,145.22,28832,0
2015-02-06,16:10:00,145.27,145.77,145.27,145.51,28902,0
2015-02-06,16:15:00,145.53,145.74,145.43,145.74,27178,0
2015-02-06,16:20:00,145.88,145.94,145.74,145.79,13979,0
2015-02-06,16:25:00,145.8,146.01,145.68,145.94,13693,0
2015-02-06,16:30:00,145.94,145.94,145.6,145.6,8908,0
2015-02-06,16:35:00,145.59,145.62,145.37,145.37,10444,0
2015-02-06,16:40:00,145.32,145.77,145.32,145.68,10912,0
2015-02-06,16:45:00,145.68,145.86,145.29,145.45,23283,0
2015-02-06,16:50:00,145.52,145.52,145.08,145.27,18551,0
2015-02-06,16:55:00,145.26,145.38,145.1,145.21,16434,0
2015-02-06,17:00:00,145.27,145.4,145.24,145.4,8565,0
2015-02-06,17:05:00,145.36,145.58,145.36,145.58,7310,0
2015-02-06,17:10:00,145.63,146.24,145.54,146.24,19294,0
2015-02-06,17:15:00,146.21,146.22,146.04,146.15,10658,0
2015-02-06,17:20:00,146.13,146.21,145.99,145.99,10561,0
2015-02-06,17:25:00,146.05,146.29,146.05,146.1,10983,0
2015-02-06,17:30:00,146.1,146.2,145.83,145.99,10452,0
2015-02-06,17:35:00,145.93,145.95,145.49,145.6,13435,0
2015-02-06,17:40:00,145.61,145.67,145.48,145.61,19728,0
2015-02-06,17:45:00,145.64,145.68,145.42,145.68,10010,0
2015-02-06,17:50:00,145.69,146.21,145.69,146.09,12493,0
2015-02-06,17:55:00,146.09,146.15,145.69,145.73,28762,0
2015-02-06,18:00:00,145.72,145.99,145.71,145.99,4035,0
2015-02-06,18:05:00,146.03,146.41,146.03,146.35,18703,0
2015-02-06,18:10:00,146.36,146.45,146.15,146.18,10616,0
2015-02-06,18:15:00,146.2,146.29,146.08,146.29,7395,0
2015-02-06,18:20:00,146.27,146.28,146.09,146.11,4848,0
2015-02-06,18:25:00,146.1,146.34,146.07,146.31,7827,0
2015-02-06,18:30:00,146.33,146.44,146.27,146.39,8786,0
2015-02-06,18:35:00,146.43,146.61,146.39,146.45,20335,0
2015-02-06,18:40:00,146.42,146.47,146.1,146.25,9616,0
2015-02-06,18:45:00,146.21,146.26,145.87,145.87,9696,0
2015-02-06,18:50:00,145.82,145.82,145.63,145.63,11877,0
2015-02-06,18:55:00,145.62,145.62,145.32,145.32,12423,0
2015-02-06,19:00:00,145.39,145.65,145.29,145.36,14306,0
2015-02-06,19:05:00,145.35,145.79,145.3,145.66,9730,0
2015-02-06,19:10:00,145.77,145.84,145.54,145.56,7870,0
2015-02-06,19:15:00,145.61,145.62,144.97,144.97,28474,0
2015-02-06,19:20:00,145.04,145.14,144.79,144.87,7926,0
2015-02-06,19:25:00,144.94,145.02,144.83,144.83,9842,0
2015-02-06,19:30:00,144.83,144.83,144.18,144.42,37242,0
2015-02-06,19:35:00,144.43,144.79,144.43,144.6,20784,0
2015-02-06,19:40:00,144.6,144.61,144.46,144.57,8079,0
2015-02-06,19:45:00,144.51,144.76,144.47,144.65,11134,0
2015-02-06,19:50:00,144.69,144.88,144.65,144.69,4734,0
2015-02-06,19:55:00,144.7,144.77,144.62,144.71,6161,0
2015-02-06,20:00:00,144.7,144.97,144.7,144.86,10430,0
2015-02-06,20:05:00,144.72,144.78,144.37,144.78,18447,0
2015-02-06,20:10:00,144.83,144.93,144.67,144.67,7375,0
2015-02-06,20:15:00,144.5,144.77,144.5,144.73,3131,0
2015-02-06,20:20:00,144.74,144.88,144.67,144.75,6499,0
2015-02-06,20:25:00,144.7,144.87,144.64,144.87,12349,0
2015-02-06,20:30:00,144.84,144.87,144.67,144.87,8533,0
2015-02-06,20:35:00,144.9,145.31,144.85,145.31,13976,0
2015-02-06,20:40:00,145.31,145.43,145.18,145.18,9787,0
2015-02-06,20:45:00,145.22,145.25,145.08,145.11,7589,0
2015-02-06,20:50:00,145.14,145.18,144.94,145.05,11313,0
2015-02-06,20:55:00,145.06,145.2,145.01,145.03,8728,0
2015-02-06,21:00:00,145.06,145.07,144.93,144.98,8787,0
2015-02-06,21:05:00,144.99,144.99,144.57,144.64,28572,0
2015-02-06,21:10:00,144.6,144.9,144.6,144.88,13130,0
2015-02-06,21:15:00,144.91,144.92,144.74,144.76,15632,0
2015-02-06,21:20:00,144.75,144.95,144.67,144.78,18619,0
2015-02-06,21:25:00,144.78,144.92,144.58,144.79,27164,0
2015-02-06,21:30:00,144.82,144.89,144.53,144.6,45298,0
2015-02-06,21:35:00,144.62,144.87,144.39,144.67,46010,0
2015-02-06,21:40:00,144.67,144.7,144.57,144.7,24209,0
2015-02-06,21:45:00,144.67,144.76,144.52,144.58,45230,0
2015-02-06,21:50:00,144.58,144.77,144.55,144.77,44841,0
2015-02-06,21:55:00,144.79,144.81,144.6,144.75,106593,0
2015-02-06,22:00:00,144.73,144.85,144.61,144.82,305822,0
2015-02-09,15:35:00,144.32,144.8,144.1,144.21,49386,0
2015-02-09,15:40:00,144.35,145.25,144.19,144.55,40729,0
2015-02-09,15:45:00,144.64,145.53,144.19,144.47,37146,0
2015-02-09,15:50:00,144.28,144.88,144.26,144.46,22492,0
2015-02-09,15:55:00,144.41,144.95,144.4,144.73,17516,0
2015-02-09,16:00:00,144.94,145.18,144.75,144.9,27628,0
2015-02-09,16:05:00,144.87,145.44,144.79,145.09,30806,0
2015-02-09,16:10:00,145.26,145.3,144.51,144.71,23864,0
2015-02-09,16:15:00,144.57,144.83,144.34,144.79,23747,0
2015-02-09,16:20:00,144.83,145.16,144.72,145.09,19498,0
2015-02-09,16:25:00,145.13,145.28,144.92,145.05,15972,0
2015-02-09,16:30:00,145.06,145.15,144.69,144.93,15730,0
2015-02-09,16:35:00,144.67,145.03,144.6,145.03,15681,0
2015-02-09,16:40:00,145.07,145.57,145.01,145.4,27191,0
2015-02-09,16:45:00,145.24,145.38,144.88,145.36,15909,0
2015-02-09,16:50:00,145.19,145.57,145.03,145.57,9344,0
2015-02-09,16:55:00,145.57,145.94,145.54,145.71,17335,0
2015-02-09,17:00:00,145.77,145.77,145.17,145.17,10199,0
2015-02-09,17:05:00,145.16,145.92,145.16,145.92,17437,0
2015-02-09,17:10:00,145.88,146.13,145.65,146.13,19484,0
2015-02-09,17:15:00,146.17,146.43,145.89,146.37,35634,0
2015-02-09,17:20:00,146.35,146.83,146.29,146.8,25225,0
2015-02-09,17:25:00,146.83,147.02,146.41,146.41,22606,0
2015-02-09,17:30:00,146.42,146.61,146.02,146.51,22447,0
2015-02-09,17:35:00,146.51,146.55,146.17,146.18,14644,0
2015-02-09,17:40:00,146.15,146.28,145.89,145.89,20120,0
2015-02-09,17:45:00,145.91,146.37,145.91,146.23,7741,0
2015-02-09,17:50:00,146.24,146.27,146.01,146.07,13210,0
2015-02-09,17:55:00,146.13,146.16,145.82,145.82,18040,0
2015-02-09,18:00:00,145.88,145.88,145.69,145.69,11883,0
2015-02-09,18:05:00,145.65,145.73,145.43,145.71,13934,0
2015-02-09,18:10:00,145.7,146.09,145.67,145.89,17106,0
2015-02-09,18:15:00,145.96,145.96,145.74,145.74,8643,0
2015-02-09,18:20:00,145.69,145.7,145.4,145.62,7823,0
2015-02-09,18:25:00,145.6,145.81,145.59,145.65,12053,0
2015-02-09,18:30:00,145.63,146.11,145.54,146.1,23803,0
2015-02-09,18:35:00,146.09,146.37,146.07,146.37,12958,0
2015-02-09,18:40:00,146.27,146.29,146.07,146.25,12465,0
2015-02-09,18:45:00,146.23,146.59,146.23,146.52,18256,0
2015-02-09,18:50:00,146.47,146.57,146.35,146.46,7474,0
2015-02-09,18:55:00,146.54,146.54,146.35,146.38,13688,0
2015-02-09,19:00:00,146.41,146.56,146.25,146.27,18397,0
2015-02-09,19:05:00,146.31,146.41,146.26,146.29,5959,0
2015-02-09,19:10:00,146.3,146.45,146.28,146.36,12940,0
2015-02-09,19:15:00,146.39,146.51,146.27,146.27,8994,0
2015-02-09,19:20:00,146.22,146.35,146.22,146.23,4896,0
2015-02-09,19:25:00,146.24,146.31,146.15,146.25,6631,0
2015-02-09,19:30:00,146.27,146.34,146.15,146.15,12451,0
2015-02-09,19:35:00,146.08,146.19,146.07,146.12,8524,0
2015-02-09,19:40:00,146.12,146.14,146.04,146.09,8598,0
2015-02-09,19:45:00,146.07,146.56,146.04,146.41,12793,0
2015-02-09,19:50:00,146.3,146.56,146.25,146.34,6886,0
2015-02-09,19:55:00,146.42,146.48,146.31,146.48,5866,0
2015-02-09,20:00:00,146.51,146.58,146.47,146.53,11430,0
2015-02-09,20:05:00,146.55,146.8,146.5,146.63,17181,0
2015-02-09,20:10:00,146.63,146.71,146.6,146.71,23941,0
2015-02-09,20:15:00,146.68,146.86,146.63,146.64,11211,0
2015-02-09,20:20:00,146.69,146.75,146.49,146.57,19880,0
2015-02-09,20:25:00,146.61,147.05,146.57,146.95,31032,0
2015-02-09,20:30:00,146.95,147.4,146.95,147.37,48177,0
2015-02-09,20:35:00,147.4,147.95,147.4,147.91,51492,0
2015-02-09,20:40:00,147.99,148.13,147.82,147.93,22957,0
2015-02-09,20:45:00,147.95,148,147.64,147.91,19840,0
2015-02-09,20:50:00,147.91,148.01,147.44,147.68,20588,0
2015-02-09,20:55:00,147.65,147.66,147.39,147.41,21209,0
2015-02-09,21:00:00,147.41,147.53,147.34,147.42,20098,0
2015-02-09,21:05:00,147.29,147.29,147.01,147.02,15815,0
2015-02-09,21:10:00,147.03,147.06,146.77,146.77,26711,0
2015-02-09,21:15:00,146.83,147.08,146.79,146.89,17384,0
2015-02-09,21:20:00,146.94,147,146.7,146.76,23009,0
2015-02-09,21:25:00,146.73,147.06,146.72,146.96,38994,0
2015-02-09,21:30:00,146.97,147.06,146.9,146.99,26544,0
2015-02-09,21:35:00,147,147.14,146.91,147.04,48409,0
2015-02-09,21:40:00,147.07,147.16,146.94,147.05,49881,0
2015-02-09,21:45:00,147.04,147.2,147.02,147.08,28512,0
2015-02-09,21:50:00,147.12,147.16,146.96,147.11,22787,0
2015-02-09,21:55:00,147.1,147.1,146.77,146.79,50431,0
2015-02-09,22:00:00,146.85,147.12,146.85,147.01,665204,0
2015-02-10,15:35:00,149.76,150.53,149.32,150.09,86750,0
2015-02-10,15:40:00,150.1,150.89,149.8,149.81,56189,0
2015-02-10,15:45:00,149.86,150.63,149.64,150.37,42576,0
2015-02-10,15:50:00,150.29,150.57,150.25,150.32,35349,0
2015-02-10,15:55:00,150.44,150.77,150.37,150.68,49072,0
2015-02-10,16:00:00,150.69,151.42,150.6,151.36,45605,0
2015-02-10,16:05:00,151.26,152.25,151.22,152.24,100123,0
2015-02-10,16:10:00,152.24,152.37,151.15,151.2,76201,0
2015-02-10,16:15:00,151.17,151.33,150.67,150.96,49093,0
2015-02-10,16:20:00,150.96,151.35,150.91,150.97,20170,0
2015-02-10,16:25:00,151.03,151.2,150.82,150.82,19120,0
2015-02-10,16:30:00,150.78,150.78,150.35,150.68,24447,0
2015-02-10,16:35:00,150.67,150.9,150.49,150.77,23300,0
2015-02-10,16:40:00,150.73,151.01,150.6,150.92,13045,0
2015-02-10,16:45:00,150.84,151.03,150.33,150.53,26798,0
2015-02-10,16:50:00,150.48,150.49,149.8,150.19,27899,0
2015-02-10,16:55:00,150.1,150.53,149.99,150.44,24764,0
2015-02-10,17:00:00,150.33,150.4,149.95,149.95,16432,0
2015-02-10,17:05:00,149.91,150.47,149.75,150.44,16103,0
2015-02-10,17:10:00,150.39,150.4,150.11,150.26,20020,0
2015-02-10,17:15:00,150.26,150.77,150.26,150.65,19530,0
2015-02-10,17:20:00,150.67,150.67,150.41,150.53,10821,0
2015-02-10,17:25:00,150.53,150.53,150.18,150.18,8909,0
2015-02-10,17:30:00,150.17,150.42,150.03,150.4,16362,0
2015-02-10,17:35:00,150.44,150.49,150.36,150.48,8080,0
2015-02-10,17:40:00,150.5,150.67,150.41,150.44,8697,0
2015-02-10,17:45:00,150.39,150.5,150.38,150.43,7461,0
2015-02-10,17:50:00,150.39,150.44,150.13,150.29,11938,0
2015-02-10,17:55:00,150.15,150.21,149.88,150.04,14869,0
2015-02-10,18:00:00,149.95,150.05,149.83,149.83,11536,0
2015-02-10,18:05:00,149.8,149.88,149.56,149.66,23369,0
2015-02-10,18:10:00,149.63,149.88,149.63,149.82,5446,0
2015-02-10,18:15:00,149.81,150.15,149.74,149.96,13786,0
2015-02-10,18:20:00,149.96,150.04,149.8,149.95,6323,0
2015-02-10,18:25:00,149.95,149.96,149.71,149.76,14283,0
2015-02-10,18:30:00,149.76,149.85,149.74,149.85,4428,0
2015-02-10,18:35:00,149.94,150.04,149.9,150.04,7352,0
2015-02-10,18:40:00,149.97,150.03,149.9,149.98,8559,0
2015-02-10,18:45:00,150.01,150.56,150.01,150.56,16938,0
2015-02-10,18:50:00,150.53,150.76,150.45,150.64,24795,0
2015-02-10,18:55:00,150.55,151.12,150.55,151.1,21608,0
2015-02-10,19:00:00,151,151.18,150.98,151.16,12808,0
2015-02-10,19:05:00,151.17,151.37,150.88,150.88,12529,0
2015-02-10,19:10:00,150.86,151.06,150.84,151.06,9343,0
2015-02-10,19:15:00,151.04,151.18,151.04,151.18,7803,0
2015-02-10,19:20:00,151.13,151.44,151.12,151.44,28455,0
2015-02-10,19:25:00,151.35,151.38,151.18,151.35,16431,0
2015-02-10,19:30:00,151.36,151.52,151.36,151.41,14261,0
2015-02-10,19:35:00,151.45,151.51,151.3,151.44,7709,0
2015-02-10,19:40:00,151.46,151.59,151.43,151.58,14357,0
2015-02-10,19:45:00,151.58,152.21,151.47,152.03,46704,0
2015-02-10,19:50:00,152.05,152.28,152.05,152.25,14807,0
2015-02-10,19:55:00,152.3,152.82,152.15,152.66,41295,0
2015-02-10,20:00:00,152.62,152.72,152.44,152.48,41326,0
2015-02-10,20:05:00,152.48,152.63,152.48,152.53,37236,0
2015-02-10,20:10:00,152.54,153.01,152.52,153.01,30042,0
2015-02-10,20:15:00,153.01,153.33,152.89,153.33,34991,0
2015-02-10,20:20:00,153.29,153.29,153.11,153.18,14836,0
2015-02-10,20:25:00,153.2,153.33,153,153.24,24088,0
2015-02-10,20:30:00,153.21,153.48,153.13,153.23,21598,0
2015-02-10,20:35:00,153.17,154.1,153.1,154.02,80201,0
2015-02-10,20:40:00,153.99,154.02,153.46,153.64,51261,0
2015-02-10,20:45:00,153.66,154.09,153.61,154.09,37913,0
2015-02-10,20:50:00,154.13,154.31,153.85,154.04,37105,0
2015-02-10,20:55:00,153.96,154.62,153.92,154.23,60252,0
2015-02-10,21:00:00,154.18,154.86,154.17,154.71,55452,0
2015-02-10,21:05:00,154.72,154.8,154.03,154.04,36092,0
2015-02-10,21:10:00,154.13,154.38,154.04,154.1,56528,0
2015-02-10,21:15:00,154.1,154.42,154.05,154.22,34694,0
2015-02-10,21:20:00,154.22,154.28,153.92,154.06,48016,0
2015-02-10,21:25:00,154.01,154.06,153.6,153.82,42923,0
2015-02-10,21:30:00,153.86,153.96,153.6,153.9,43167,0
2015-02-10,21:35:00,153.9,154.37,153.71,154.2,78814,0
2015-02-10,21:40:00,154.2,154.37,153.94,154.37,44106,0
2015-02-10,21:45:00,154.38,154.47,154.06,154.24,68318,0
2015-02-10,21:50:00,154.23,154.24,153.91,153.98,51975,0
2015-02-10,21:55:00,153.7,153.96,153.46,153.53,169962,0
2015-02-10,22:00:00,153.51,153.54,153.1,153.15,225544,0
2015-02-11,15:35:00,153.31,153.512,152.43,152.465,45038,0
2015-02-11,15:40:00,152.55,152.812,151.63,152.74,46373,0
2015-02-11,15:45:00,152.71,152.71,151.18,151.4,18541,0
2015-02-11,15:50:00,151.7,152.42,151.55,152.0,11050,0
2015-02-11,15:55:00,151.81,151.9,151.4418,151.76,13614,0
2015-02-11,16:00:00,151.8,151.94,151.64,151.715,14126,0
2015-02-11,16:05:00,151.655,151.911,150.67,150.67,42436,0
2015-02-11,16:10:00,150.81,151.728,150.81,151.728,10755,0
2015-02-11,16:15:00,151.72,151.95,151.67,151.85,9500,0
2015-02-11,16:20:00,151.83,151.83,151.15,151.54,12076,0
2015-02-11,16:25:00,151.44,151.55,151.32,151.4,12900,0
2015-02-11,16:30:00,151.35,151.35,151.11,151.282,5500,0
2015-02-11,16:35:00,151.31,151.31,150.855,151.01,26598,0
2015-02-11,16:40:00,150.9612,151.02,150.5,150.5,25538,0
2015-02-11,16:45:00,150.599,151.11,150.5,151.11,15008,0
2015-02-11,16:50:00,151.04,151.11,150.78,150.78,17172,0
2015-02-11,16:55:00,150.861,150.861,150.61,150.66,15306,0
2015-02-11,17:00:00,150.7,150.77,150.52,150.7,22623,0
2015-02-11,17:05:00,150.7,150.88,150.6601,150.83,14781,0
2015-02-11,17:10:00,150.86,151.02,150.763,150.87,16050,0
2015-02-11,17:15:00,150.835,151.13,150.81,151.02,18234,0
2015-02-11,17:20:00,150.95,151.05,150.93,151.05,17133,0
2015-02-11,17:25:00,151.048,151.13,150.93,151.13,12722,0
2015-02-11,17:30:00,151.1,151.16,150.99,151.0,24957,0
2015-02-11,17:35:00,151.02,151.15,150.9,151.03,28990,0
2015-02-11,17:40:00,151.02,151.11,150.92,151.01,9437,0
2015-02-11,17:45:00,151.01,151.08,150.91,151.03,10777,0
2015-02-11,17:50:00,151.1,151.32,151.1,151.32,17382,0
2015-02-11,17:55:00,151.32,151.611,151.32,151.52,15749,0
2015-02-11,18:00:00,151.59,151.91,151.46,151.59,43006,0
2015-02-11,18:05:00,151.55,151.588,151.32,151.525,23049,0
2015-02-11,18:10:00,151.4401,151.84,151.44,151.84,7654,0
2015-02-11,18:15:00,151.78,151.78,151.49,151.541,14508,0
2015-02-11,18:20:00,151.52,151.68,151.52,151.62,34326,0
2015-02-11,18:25:00,151.58,151.78,151.5,151.78,31215,0
2015-02-11,18:30:00,151.87,151.9,151.5801,151.768,20300,0
2015-02-11,18:35:00,151.71,151.79,151.67,151.7,8411,0
2015-02-11,18:40:00,151.79,151.85,151.7301,151.7301,10884,0
2015-02-11,18:45:00,151.78,151.78,151.26,151.34,20848,0
2015-02-11,18:50:00,151.44,151.56,151.44,151.47,5500,0
2015-02-11,18:55:00,151.43,151.43,151.2,151.2,11100,0
2015-02-11,19:00:00,151.17,151.275,151.07,151.12,11831,0
2015-02-11,19:05:00,151.14,151.21,150.91,150.9999,40732,0
2015-02-11,19:10:00,151.01,151.12,150.99,151.11,11442,0
2015-02-11,19:15:00,151.13,151.22,150.72,150.791,14813,0
2015-02-11,19:20:00,150.83,150.88,150.59,150.61,7600,0
2015-02-11,19:25:00,150.629,150.85,150.56,150.85,9000,0
2015-02-11,19:30:00,150.93,150.97,150.9,150.94,8007,0
2015-02-11,19:35:00,150.98,151.02,150.86,151.02,10034,0
2015-02-11,19:40:00,150.97,151.1,150.97,151.08,3600,0
2015-02-11,19:45:00,151.03,151.11,150.72,150.76,8320,0
2015-02-11,19:50:00,150.81,150.87,150.64,150.83,10318,0
2015-02-11,19:55:00,150.88,150.89,150.68,150.68,5336,0
2015-02-11,20:00:00,150.65,151.15,150.61,151.08,10778,0
2015-02-11,20:05:00,151.18,151.21,150.88,151.03,11442,0
2015-02-11,20:10:00,151.1,151.17,151.02,151.13,10740,0
2015-02-11,20:15:00,151.15,151.165,150.94,150.99,15700,0
2015-02-11,20:20:00,151.03,151.04,150.83,151.04,13423,0
2015-02-11,20:25:00,150.95,151.09,150.91,150.99,5900,0
2015-02-11,20:30:00,150.93,150.93,150.61,150.8,10848,0
2015-02-11,20:35:00,150.8199,150.99,150.8199,150.91,3789,0
2015-02-11,20:40:00,150.9,150.95,150.7,150.82,5500,0
2015-02-11,20:45:00,150.89,151.05,150.82,150.85,7548,0
2015-02-11,20:50:00,150.85,150.89,150.8,150.81,7484,0
2015-02-11,20:55:00,150.79,150.94,150.69,150.87,11450,0
2015-02-11,21:00:00,150.875,150.875,150.67,150.73,15748,0
2015-02-11,21:05:00,150.705,150.81,150.62,150.8,30538,0
2015-02-11,21:10:00,150.77,150.82,150.69,150.79,8092,0
2015-02-11,21:15:00,150.77,151.0,150.765,150.99,9502,0
2015-02-11,21:20:00,150.96,151.07,150.86,151.04,19762,0
2015-02-11,21:25:00,151.01,151.13,150.94,151.07,25043,0
2015-02-11,21:30:00,151.04,151.5121,151.03,151.295,31053,0
2015-02-11,21:35:00,151.31,151.37,150.9601,150.99,18285,0
2015-02-11,21:40:00,151.07,151.58,151.07,151.58,26234,0
2015-02-11,21:45:00,151.5799,151.65,151.35,151.4377,29847,0
2015-02-11,21:50:00,151.43,151.49,151.18,151.23,36434,0
2015-02-11,21:55:00,151.24,151.4,151.24,151.24,45482,0
2015-02-11,22:00:00,151.23,151.29,151.07,151.24,242707,0
2015-02-12,15:35:00,151.83,152.23,151.18,151.62,18076,0
2015-02-12,15:40:00,152.01,152.1237,150.64,151.1601,17513,0
2015-02-12,15:45:00,151.2,151.71,150.78,151.3,21883,0
2015-02-12,15:50:00,151.4,152.26,151.21,152.07,31830,0
2015-02-12,15:55:00,152.23,153.01,152.21,152.895,23588,0
2015-02-12,16:00:00,152.9887,153.0899,152.34,152.44,26505,0
2015-02-12,16:05:00,152.475,152.735,152.31,152.54,20405,0
2015-02-12,16:10:00,152.431,152.69,152.431,152.5,14105,0
2015-02-12,16:15:00,152.5,152.71,152.45,152.69,14996,0
2015-02-12,16:20:00,152.74,152.82,152.43,152.54,16703,0
2015-02-12,16:25:00,152.566,152.69,152.53,152.61,9566,0
2015-02-12,16:30:00,152.63,152.69,152.54,152.68,22257,0
2015-02-12,16:35:00,152.67,152.71,152.55,152.64,12200,0
2015-02-12,16:40:00,152.6296,152.78,152.6,152.78,18550,0
2015-02-12,16:45:00,152.78,154.0,152.69,153.895,64337,0
2015-02-12,16:50:00,153.76,153.9,153.6,153.6,10277,0
2015-02-12,16:55:00,153.58,153.58,153.4101,153.5,12196,0
2015-02-12,17:00:00,153.51,153.9899,153.5,153.9899,18986,0
2015-02-12,17:05:00,153.99,154.21,153.88,154.07,19270,0
2015-02-12,17:10:00,154.05,154.12,153.81,153.84,21501,0
2015-02-12,17:15:00,153.865,154.05,153.84,153.93,10900,0
2015-02-12,17:20:00,154.0,154.1699,153.95,154.08,13605,0
2015-02-12,17:25:00,154.08,154.08,153.7,153.81,16560,0
2015-02-12,17:30:00,153.73,153.74,153.22,153.36,38270,0
2015-02-12,17:35:00,153.36,153.9,153.34,153.75,60437,0
2015-02-12,17:40:00,153.81,154.06,153.57,153.9699,76075,0
2015-02-12,17:45:00,153.94,154.302,153.67,154.302,59100,0
2015-02-12,17:50:00,154.2301,154.51,154.11,154.2,21328,0
2015-02-12,17:55:00,154.19,154.235,153.875,154.05,26477,0
2015-02-12,18:00:00,154.08,154.25,154.08,154.14,6100,0
2015-02-12,18:05:00,154.1245,154.2,154.12,154.19,8350,0
2015-02-12,18:10:00,154.14,154.14,153.63,153.8625,32394,0
2015-02-12,18:15:00,153.885,154.08,153.84,153.91,27070,0
2015-02-12,18:20:00,153.94,154.0815,153.94,154.0,11169,0
2015-02-12,18:25:00,154.0,154.06,153.85,153.9642,19050,0
2015-02-12,18:30:00,153.98,154.05,153.89,153.98,7095,0
2015-02-12,18:35:00,154.03,154.18,153.94,153.962,17872,0
2015-02-12,18:40:00,153.9501,154.08,153.93,153.93,9831,0
2015-02-12,18:45:00,153.916,153.95,153.77,153.815,25628,0
2015-02-12,18:50:00,153.825,153.84,153.49,153.67,35494,0
2015-02-12,18:55:00,153.7,153.8,153.53,153.61,96538,0
2015-02-12,19:00:00,153.61,153.84,153.5,153.75,130669,0
2015-02-12,19:05:00,153.8,154.4699,153.8,154.25,38123,0
2015-02-12,19:10:00,154.35,154.36,153.96,154.0,103852,0
2015-02-12,19:15:00,154.0,154.4,153.92,154.26,48074,0
2015-02-12,19:20:00,154.27,154.35,154.1205,154.1205,20931,0
2015-02-12,19:25:00,154.18,154.18,153.82,154.005,32742,0
2015-02-12,19:30:00,154.05,154.0625,153.8605,154.04,19222,0
2015-02-12,19:35:00,154.06,154.25,153.97,154.15,46070,0
2015-02-12,19:40:00,154.15,154.23,154.0,154.08,66192,0
2015-02-12,19:45:00,154.1,154.33,154.0,154.15,30714,0
2015-02-12,19:50:00,154.16,154.25,154.0,154.05,42408,0
2015-02-12,19:55:00,154.03,154.19,154.0,154.13,23512,0
2015-02-12,20:00:00,154.13,154.26,154.0,154.16,31096,0
2015-02-12,20:05:00,154.12,154.21,154.04,154.075,21300,0
2015-02-12,20:10:00,154.1,154.24,154.05,154.13,55443,0
2015-02-12,20:15:00,154.12,154.17,154.04,154.13,18950,0
2015-02-12,20:20:00,154.03,154.07,153.65,153.69,46894,0
2015-02-12,20:25:00,153.75,153.89,153.55,153.68,40152,0
2015-02-12,20:30:00,153.65,153.77,153.43,153.47,152715,0
2015-02-12,20:35:00,153.57,153.59,153.45,153.53,11011,0
2015-02-12,20:40:00,153.57,153.62,153.45,153.55,41839,0
2015-02-12,20:45:00,153.54,153.67,153.38,153.59,17303,0
2015-02-12,20:50:00,153.62,153.65,153.48,153.56,80355,0
2015-02-12,20:55:00,153.55,153.64,153.47,153.57,46791,0
2015-02-12,21:00:00,153.56,153.62,153.47,153.55,49640,0
2015-02-12,21:05:00,153.55,153.85,153.52,153.79,95144,0
2015-02-12,21:10:00,153.76,154.205,153.56,154.205,79492,0
2015-02-12,21:15:00,154.27,154.36,154.03,154.315,101052,0
2015-02-12,21:20:00,154.33,154.57,154.25,154.54,33672,0
2015-02-12,21:25:00,154.52,154.98,154.51,154.98,56254,0
2015-02-12,21:30:00,154.99,154.99,154.71,154.87,63616,0
2015-02-12,21:35:00,154.82,154.89,154.54,154.59,37662,0
2015-02-12,21:40:00,154.62,154.77,154.57,154.64,51494,0
2015-02-12,21:45:00,154.66,154.95,154.66,154.88,30219,0
2015-02-12,21:50:00,154.89,154.9,154.71,154.77,49499,0
2015-02-12,21:55:00,154.79,154.84,154.63,154.67,84939,0
2015-02-12,22:00:00,154.65,154.8,154.61,154.72,371776,0
2015-02-13,15:35:00,155.48,156.92,154.75,156.705,57755,0
2015-02-13,15:40:00,156.62,157.45,155.77,157.33,46634,0
2015-02-13,15:45:00,157.3612,157.99,156.81,157.66,80984,0
2015-02-13,15:50:00,157.75,158.0,157.61,157.6701,44592,0
2015-02-13,15:55:00,157.765,158.5,157.68,157.95,61689,0
2015-02-13,16:00:00,157.871,158.29,157.75,158.15,38936,0
2015-02-13,16:05:00,158.13,158.63,157.955,158.63,31139,0
2015-02-13,16:10:00,158.53,159.7453,158.52,159.592,110572,0
2015-02-13,16:15:00,159.63,159.99,159.45,159.855,61040,0
2015-02-13,16:20:00,159.79,159.89,158.75,158.75,36565,0
2015-02-13,16:25:00,158.7725,159.08,158.29,158.53,57788,0
2015-02-13,16:30:00,158.67,158.86,158.19,158.36,37047,0
2015-02-13,16:35:00,158.34,158.62,158.31,158.45,27455,0
2015-02-13,16:40:00,158.51,158.68,158.35,158.38,14530,0
2015-02-13,16:45:00,158.35,158.395,157.96,158.26,36120,0
2015-02-13,16:50:00,158.2,158.26,157.7049,158.052,43025,0
2015-02-13,16:55:00,158.056,158.64,158.056,158.628,19700,0
2015-02-13,17:00:00,158.58,158.74,158.384,158.46,34651,0
2015-02-13,17:05:00,158.455,158.65,158.33,158.6,52447,0
2015-02-13,17:10:00,158.65,158.75,158.47,158.55,25460,0
2015-02-13,17:15:00,158.595,158.72,158.49,158.63,19708,0
2015-02-13,17:20:00,158.6,158.88,158.34,158.62,23647,0
2015-02-13,17:25:00,158.544,158.95,158.37,158.95,45114,0
2015-02-13,17:30:00,158.99,159.2625,158.69,159.117,28402,0
2015-02-13,17:35:00,159.2,159.28,159.02,159.21,24062,0
2015-02-13,17:40:00,159.2099,159.22,159.06,159.16,11802,0
2015-02-13,17:45:00,159.1255,159.47,159.06,159.42,12750,0
2015-02-13,17:50:00,159.37,159.37,158.84,158.86,21883,0
2015-02-13,17:55:00,158.89,158.94,158.4301,158.75,12289,0
2015-02-13,18:00:00,158.71,158.94,158.63,158.85,21296,0
2015-02-13,18:05:00,158.84,158.84,158.45,158.5,11958,0
2015-02-13,18:10:00,158.515,158.85,158.47,158.78,18145,0
2015-02-13,18:15:00,158.79,158.9399,158.72,158.785,6300,0
2015-02-13,18:20:00,158.8608,158.8608,158.55,158.71,19170,0
2015-02-13,18:25:00,158.64,158.78,158.5,158.7495,33619,0
2015-02-13,18:30:00,158.745,158.81,158.64,158.8,30262,0
2015-02-13,18:35:00,158.76,158.7799,158.68,158.7425,11940,0
2015-02-13,18:40:00,158.77,158.91,158.71,158.91,9400,0
2015-02-13,18:45:00,158.86,159.19,158.86,159.09,17789,0
2015-02-13,18:50:00,159.06,159.06,158.8,158.87,9074,0
2015-02-13,18:55:00,158.87,158.99,158.76,158.76,8500,0
2015-02-13,19:00:00,158.7988,158.83,158.7,158.78,10163,0
2015-02-13,19:05:00,158.8,158.87,158.57,158.774,18970,0
2015-02-13,19:10:00,158.74,158.77,158.59,158.64,12875,0
2015-02-13,19:15:00,158.61,158.6995,158.46,158.67,17817,0
2015-02-13,19:20:00,158.57,158.67,158.41,158.52,17863,0
2015-02-13,19:25:00,158.5,158.6295,158.37,158.45,25204,0
2015-02-13,19:30:00,158.43,158.4395,158.15,158.41,31317,0
2015-02-13,19:35:00,158.39,158.62,158.38,158.385,40053,0
2015-02-13,19:40:00,158.305,158.38,158.13,158.2725,15662,0
2015-02-13,19:45:00,158.245,158.41,158.13,158.35,28187,0
2015-02-13,19:50:00,158.34,158.53,158.25,158.5,18510,0
2015-02-13,19:55:00,158.52,158.89,158.52,158.89,17625,0
2015-02-13,20:00:00,158.82,158.83,158.7,158.74,11622,0
2015-02-13,20:05:00,158.6901,158.7999,158.63,158.68,11013,0
2015-02-13,20:10:00,158.73,159.26,158.73,159.23,23179,0
2015-02-13,20:15:00,159.23,159.35,159.12,159.28,12524,0
2015-02-13,20:20:00,159.28,159.79,159.27,159.79,20742,0
2015-02-13,20:25:00,159.76,159.9599,159.75,159.89,33534,0
2015-02-13,20:30:00,159.89,160.27,159.875,160.115,44055,0
2015-02-13,20:35:00,160.12,160.3995,160.04,160.32,33514,0
2015-02-13,20:40:00,160.31,160.41,160.13,160.17,16539,0
2015-02-13,20:45:00,160.19,160.28,159.95,159.95,19667,0
2015-02-13,20:50:00,159.921,160.17,159.85,159.91,24413,0
2015-02-13,20:55:00,159.91,159.95,159.78,159.9382,11660,0
2015-02-13,21:00:00,159.93,159.96,159.7,159.88,13978,0
2015-02-13,21:05:00,159.82,159.95,159.72,159.91,21939,0
2015-02-13,21:10:00,159.92,160.1,159.84,159.89,22123,0
2015-02-13,21:15:00,159.89,160.19,159.85,160.01,19836,0
2015-02-13,21:20:00,160.015,160.015,159.85,159.85,21459,0
2015-02-13,21:25:00,159.86,159.87,159.551,159.551,24828,0
2015-02-13,21:30:00,159.551,159.585,159.3,159.37,28956,0
2015-02-13,21:35:00,159.37,159.41,159.06,159.18,35214,0
2015-02-13,21:40:00,159.205,159.28,159.03,159.13,20751,0
2015-02-13,21:45:00,159.13,159.3,159.0,159.15,38501,0
2015-02-13,21:50:00,159.12,159.45,159.11,159.4,68388,0
2015-02-13,21:55:00,159.38,159.4,159.24,159.29,77155,0
2015-02-13,22:00:00,159.29,159.51,159.27,159.34,148191,0
2015-02-17,15:35:00,158.99,159,156.3,156.3,121957,0
2015-02-17,15:40:00,156.24,156.73,155.39,155.7,67806,0
2015-02-17,15:45:00,155.65,156.5899,155.47,155.86,51895,0
2015-02-17,15:50:00,155.68,156.5999,155.68,156.41,51541,0
2015-02-17,15:55:00,156.4,156.4,155.8201,156.062,24314,0
2015-02-17,16:00:00,156.164,156.164,155.79,155.8125,23375,0
2015-02-17,16:05:00,155.79,156.03,155.69,155.76,33398,0
2015-02-17,16:10:00,155.76,156.32,155.76,156.04,48948,0
2015-02-17,16:15:00,156.158,156.158,155.76,155.905,23637,0
2015-02-17,16:20:00,155.97,156.04,155.67,155.73,19946,0
2015-02-17,16:25:00,155.72,155.79,155.4101,155.6,34786,0
2015-02-17,16:30:00,155.55,155.56,155.1,155.17,30771,0
2015-02-17,16:35:00,155.135,155.84,154.82,155.67,39865,0
2015-02-17,16:40:00,155.62,156.25,155.62,156.25,22453,0
2015-02-17,16:45:00,156.18,156.6,156.16,156.39,52291,0
2015-02-17,16:50:00,156.44,156.49,156.11,156.45,30471,0
2015-02-17,16:55:00,156.508,156.51,155.69,155.77,24606,0
2015-02-17,17:00:00,155.84,156.179,155.6,156.042,31138,0
2015-02-17,17:05:00,156.166,156.1699,155.9046,156.02,13433,0
2015-02-17,17:10:00,156.03,156.085,155.15,155.178,26727,0
2015-02-17,17:15:00,155.22,156.339,155.2,156.33,37633,0
2015-02-17,17:20:00,156.34,156.8,156.25,156.51,42980,0
2015-02-17,17:25:00,156.45,156.75,156.45,156.61,11339,0
2015-02-17,17:30:00,156.63,156.75,156.5,156.68,30664,0
2015-02-17,17:35:00,156.6,156.85,156.58,156.705,16626,0
2015-02-17,17:40:00,156.58,156.58,156.09,156.09,16597,0
2015-02-17,17:45:00,156.16,156.63,156.06,156.55,12200,0
2015-02-17,17:50:00,156.58,157.1,156.51,157.1,28950,0
2015-02-17,17:55:00,157.0301,158.25,157.0301,158,64182,0
2015-02-17,18:00:00,158,158.43,157.77,158.0501,77401,0
2015-02-17,18:05:00,158.05,158.35,157.84,158.19,31346,0
2015-02-17,18:10:00,158.22,158.67,158.11,158.24,36672,0
2015-02-17,18:15:00,158.24,158.37,158.06,158.06,20190,0
2015-02-17,18:20:00,158.04,158.68,158,158.62,41172,0
2015-02-17,18:25:00,158.58,158.86,158.55,158.64,19904,0
2015-02-17,18:30:00,158.6087,158.67,158.4,158.61,18498,0
2015-02-17,18:35:00,158.61,158.95,158.59,158.76,23151,0
2015-02-17,18:40:00,158.77,158.88,158.69,158.73,23205,0
2015-02-17,18:45:00,158.72,159.21,158.68,159,46464,0
2015-02-17,18:50:00,158.93,158.93,158.58,158.63,15442,0
2015-02-17,18:55:00,158.61,158.66,158.46,158.46,10352,0
2015-02-17,19:00:00,158.44,158.5,158.26,158.41,16550,0
2015-02-17,19:05:00,158.34,158.55,158.2601,158.55,19606,0
2015-02-17,19:10:00,158.6,158.61,158.24,158.39,14300,0
2015-02-17,19:15:00,158.4,158.6,158.35,158.56,16505,0
2015-02-17,19:20:00,158.51,158.58,158.32,158.43,9571,0
2015-02-17,19:25:00,158.44,158.5,158.2,158.47,9050,0
2015-02-17,19:30:00,158.44,158.462,158.12,158.184,15300,0
2015-02-17,19:35:00,158.23,158.28,157.9,158.25,36426,0
2015-02-17,19:40:00,158.19,158.19,157.71,157.83,17981,0
2015-02-17,19:45:00,157.818,157.818,157.41,157.41,15835,0
2015-02-17,19:50:00,157.42,157.68,157.33,157.68,17100,0
2015-02-17,19:55:00,157.73,158.4,157.73,158.308,14000,0
2015-02-17,20:00:00,158.29,158.58,158.19,158.49,9000,0
2015-02-17,20:05:00,158.49,158.53,157.97,158.13,19584,0
2015-02-17,20:10:00,158.22,158.395,158.12,158.12,9200,0
2015-02-17,20:15:00,158.1,158.17,158,158.08,12700,0
2015-02-17,20:20:00,158.15,158.24,157.89,158.07,9375,0
2015-02-17,20:25:00,158.08,158.43,158.04,158.4,11923,0
2015-02-17,20:30:00,158.38,158.74,158.38,158.71,14651,0
2015-02-17,20:35:00,158.71,158.75,158.46,158.58,14950,0
2015-02-17,20:40:00,158.5844,158.629,158.14,158.17,10600,0
2015-02-17,20:45:00,158.17,158.3,158.01,158.16,19562,0
2015-02-17,20:50:00,158.11,158.23,158.08,158.1,5270,0
2015-02-17,20:55:00,158.061,158.061,157.68,157.7999,15201,0
2015-02-17,21:00:00,157.735,157.78,157.63,157.63,9688,0
2015-02-17,21:05:00,157.63,157.83,157.63,157.73,14250,0
2015-02-17,21:10:00,157.78,157.84,157.51,157.59,11500,0
2015-02-17,21:15:00,157.59,157.78,157.5101,157.54,20471,0
2015-02-17,21:20:00,157.55,157.68,157.37,157.38,23280,0
2015-02-17,21:25:00,157.3812,157.57,157.27,157.525,18200,0
2015-02-17,21:30:00,157.525,157.75,157.42,157.66,20909,0
2015-02-17,21:35:00,157.73,157.74,157.472,157.59,25569,0
2015-02-17,21:40:00,157.58,157.605,157.23,157.23,33102,0
2015-02-17,21:45:00,157.22,157.29,157.08,157.09,31367,0
2015-02-17,21:50:00,157.095,157.26,157.01,157.17,39387,0
2015-02-17,21:55:00,157.23,157.28,157.15,157.2,39554,0
2015-02-17,22:00:00,157.19,157.19,156.88,157,103082,0
2015-02-18,15:35:00,158.076,158.08,157.07,157.106,34535,0
2015-02-18,15:40:00,157.336,159.58,157.12,159.4325,71834,0
2015-02-18,15:45:00,159.4325,160.05,159.19,159.19,63193,0
2015-02-18,15:50:00,159.2457,159.4,159.05,159.26,22170,0
2015-02-18,15:55:00,159.44,159.44,158.5838,159.07,17638,0
2015-02-18,16:00:00,159.06,159.35,158.6101,158.6201,34733,0
2015-02-18,16:05:00,158.62,159.69,158.62,159.66,16000,0
2015-02-18,16:10:00,159.67,159.67,158.8,159.02,29665,0
2015-02-18,16:15:00,159.02,159.44,159,159.39,13589,0
2015-02-18,16:20:00,159.3708,159.77,159.37,159.512,12238,0
2015-02-18,16:25:00,159.46,159.56,159.24,159.55,11515,0
2015-02-18,16:30:00,159.57,159.64,159.32,159.32,10713,0
2015-02-18,16:35:00,159.39,159.51,159.22,159.31,13608,0
2015-02-18,16:40:00,159.29,159.48,159.2,159.27,22447,0
2015-02-18,16:45:00,159.23,159.28,158.871,158.97,14965,0
2015-02-18,16:50:00,158.97,159.3,158.935,159.29,7719,0
2015-02-18,16:55:00,159.25,159.38,159.2,159.29,15098,0
2015-02-18,17:00:00,159.3,159.3,158.732,158.732,14060,0
2015-02-18,17:05:00,158.79,158.8,158.41,158.53,25838,0
2015-02-18,17:10:00,158.48,158.64,158.43,158.58,10100,0
2015-02-18,17:15:00,158.425,158.56,158.36,158.55,9800,0
2015-02-18,17:20:00,158.56,158.79,158.55,158.64,8380,0
2015-02-18,17:25:00,158.55,158.55,158.38,158.405,5800,0
2015-02-18,17:30:00,158.35,158.3891,158.12,158.29,15069,0
2015-02-18,17:35:00,158.32,158.52,158.3,158.42,7001,0
2015-02-18,17:40:00,158.39,158.58,158.345,158.41,8300,0
2015-02-18,17:45:00,158.52,158.52,157.87,157.98,11527,0
2015-02-18,17:50:00,158.04,158.06,157.87,157.98,8600,0
2015-02-18,17:55:00,158.02,158.05,157.77,157.78,7700,0
2015-02-18,18:00:00,157.67,157.8,157.67,157.67,13250,0
2015-02-18,18:05:00,157.6637,157.81,157.6637,157.81,13572,0
2015-02-18,18:10:00,157.81,157.99,157.81,157.81,9800,0
2015-02-18,18:15:00,157.85,157.96,157.8,157.85,4300,0
2015-02-18,18:20:00,157.82,157.87,157.74,157.87,15601,0
2015-02-18,18:25:00,157.96,158.0128,157.8,157.8,7800,0
2015-02-18,18:30:00,157.8,157.91,157.8,157.83,4958,0
2015-02-18,18:35:00,157.85,158.3,157.85,158.22,12575,0
2015-02-18,18:40:00,158.18,158.24,157.83,157.87,11066,0
2015-02-18,18:45:00,157.84,157.91,157.755,157.91,5100,0
2015-02-18,18:50:00,157.86,158.05,157.75,157.82,6100,0
2015-02-18,18:55:00,157.84,157.93,157.75,157.75,9182,0
2015-02-18,19:00:00,157.71,157.88,157.67,157.88,10870,0
2015-02-18,19:05:00,157.88,157.93,157.73,157.73,15273,0
2015-02-18,19:10:00,157.72,157.76,157.6,157.6501,10531,0
2015-02-18,19:15:00,157.73,157.74,157.24,157.25,16325,0
2015-02-18,19:20:00,157.247,157.49,157.22,157.39,10995,0
2015-02-18,19:25:00,157.36,157.36,157.22,157.26,5170,0
2015-02-18,19:30:00,157.22,157.42,157.22,157.35,7700,0
2015-02-18,19:35:00,157.38,157.62,157.34,157.52,14909,0
2015-02-18,19:40:00,157.51,157.56,157.39,157.56,5200,0
2015-02-18,19:45:00,157.58,157.68,157.43,157.43,12575,0
2015-02-18,19:50:00,157.48,157.6199,157.44,157.52,7085,0
2015-02-18,19:55:00,157.48,157.55,157.3501,157.53,5400,0
2015-02-18,20:00:00,157.58,157.6236,157.46,157.515,4986,0
2015-02-18,20:05:00,157.57,157.76,157.435,157.49,20788,0
2015-02-18,20:10:00,157.44,157.75,157.43,157.56,11410,0
2015-02-18,20:15:00,157.65,157.695,157.58,157.67,10904,0
2015-02-18,20:20:00,157.67,157.7436,157.5201,157.58,7003,0
2015-02-18,20:25:00,157.62,157.66,157.47,157.47,7826,0
2015-02-18,20:30:00,157.46,157.4614,156.92,156.9744,20665,0
2015-02-18,20:35:00,156.975,157.34,156.975,157.265,9629,0
2015-02-18,20:40:00,157.23,157.27,157.1201,157.24,4600,0
2015-02-18,20:45:00,157.2,157.28,157.02,157.21,8815,0
2015-02-18,20:50:00,157.3,157.3987,157.27,157.33,8450,0
2015-02-18,20:55:00,157.33,157.42,157.3,157.3497,7334,0
2015-02-18,21:00:00,157.31,157.4,157.18,157.4,3800,0
2015-02-18,21:05:00,157.46,157.72,157.46,157.69,12012,0
2015-02-18,21:10:00,157.66,158.09,157.66,158.01,12422,0
2015-02-18,21:15:00,158.01,158.1,157.96,158.04,19517,0
2015-02-18,21:20:00,158.04,158.12,157.97,158.1,13114,0
2015-02-18,21:25:00,158.04,158.16,157.95,158.02,11624,0
2015-02-18,21:30:00,158,158.09,157.97,158.02,8587,0
2015-02-18,21:35:00,158.02,158.22,158.02,158.15,21200,0
2015-02-18,21:40:00,158.15,158.35,158.15,158.3,28921,0
2015-02-18,21:45:00,158.3,158.4,158.21,158.25,17918,0
2015-02-18,21:50:00,158.27,158.37,158.15,158.31,33804,0
2015-02-18,21:55:00,158.31,158.41,158.29,158.38,32394,0
2015-02-18,22:00:00,158.37,158.52,158.33,158.52,52273,0
2015-02-19,15:35:00,158.92,158.92,157.8,158.7,39745,0
2015-02-19,15:40:00,158.51,159.27,158,158.37,23484,0
2015-02-19,15:45:00,158.45,158.86,157.95,157.95,6807,0
2015-02-19,15:50:00,157.76,157.84,157.65,157.7,9433,0
2015-02-19,15:55:00,157.8,157.8,157.4001,157.59,12362,0
2015-02-19,16:00:00,157.66,157.67,157.46,157.66,15900,0
2015-02-19,16:05:00,157.72,157.9094,157.6,157.6,31303,0
2015-02-19,16:10:00,157.59,157.92,157.59,157.76,6350,0
2015-02-19,16:15:00,157.7101,158.33,157.7101,158.24,11200,0
2015-02-19,16:20:00,158.16,158.18,157.44,157.57,53195,0
2015-02-19,16:25:00,157.59,157.8,157.4,157.8,33404,0
2015-02-19,16:30:00,157.8,158.14,157.8,158.12,32700,0
2015-02-19,16:35:00,158.05,158.45,158.05,158.19,45800,0
2015-02-19,16:40:00,158.1,158.34,158.09,158.17,11511,0
2015-02-19,16:45:00,158.25,158.7,158.225,158.7,9950,0
2015-02-19,16:50:00,158.6039,158.605,158.41,158.41,5100,0
2015-02-19,16:55:00,158.432,158.5,158.35,158.44,8300,0
2015-02-19,17:00:00,158.49,158.6,158.4,158.54,7900,0
2015-02-19,17:05:00,158.482,158.7,158.4152,158.4152,10100,0
2015-02-19,17:10:00,158.47,158.57,158.4256,158.45,7620,0
2015-02-19,17:15:00,158.4,158.52,158.27,158.32,10309,0
2015-02-19,17:20:00,158.3,158.33,157.955,157.98,10866,0
2015-02-19,17:25:00,157.94,157.94,157.55,157.81,21949,0
2015-02-19,17:30:00,157.81,157.9684,157.81,157.91,12874,0
2015-02-19,17:35:00,157.965,158,157.86,157.95,5400,0
2015-02-19,17:40:00,157.96,157.99,157.8,157.8,6744,0
2015-02-19,17:45:00,157.805,157.805,157.56,157.675,8900,0
2015-02-19,17:50:00,157.69,158.33,157.69,158.33,13659,0
2015-02-19,17:55:00,158.325,158.535,158.28,158.535,14778,0
2015-02-19,18:00:00,158.51,158.565,158.41,158.49,14776,0
2015-02-19,18:05:00,158.48,158.79,158.48,158.645,32333,0
2015-02-19,18:10:00,158.65,158.66,158.475,158.495,10046,0
2015-02-19,18:15:00,158.4,158.67,158.26,158.67,27998,0
2015-02-19,18:20:00,158.665,158.8,158.58,158.71,22440,0
2015-02-19,18:25:00,158.71,158.8,158.68,158.75,9750,0
2015-02-19,18:30:00,158.75,158.83,158.74,158.78,4900,0
2015-02-19,18:35:00,158.7001,158.86,158.63,158.7,37431,0
2015-02-19,18:40:00,158.69,158.91,158.68,158.88,13115,0
2015-02-19,18:45:00,158.86,158.89,158.8,158.85,7687,0
2015-02-19,18:50:00,158.79,158.79,158.72,158.72,4000,0
2015-02-19,18:55:00,158.71,158.85,158.7,158.85,7644,0
2015-02-19,19:00:00,158.855,158.92,158.61,158.72,8610,0
2015-02-19,19:05:00,158.69,158.81,158.65,158.7,2500,0
2015-02-19,19:10:00,158.732,158.75,158.62,158.62,4305,0
2015-02-19,19:15:00,158.68,158.7,158.58,158.69,4400,0
2015-02-19,19:20:00,158.64,158.76,158.6,158.76,7400,0
2015-02-19,19:25:00,158.794,158.86,158.6401,158.6401,4800,0
2015-02-19,19:30:00,158.6701,158.72,158.61,158.65,6608,0
2015-02-19,19:35:00,158.76,158.83,158.6538,158.83,12100,0
2015-02-19,19:40:00,158.83,158.89,158.79,158.79,11627,0
2015-02-19,19:45:00,158.76,158.85,158.63,158.85,6749,0
2015-02-19,19:50:00,158.875,158.89,158.75,158.82,3100,0
2015-02-19,19:55:00,158.88,159.05,158.88,159.05,12366,0
2015-02-19,20:00:00,159.1,159.3,158.97,159.24,19229,0
2015-02-19,20:05:00,159.27,159.73,159.27,159.484,25935,0
2015-02-19,20:10:00,159.47,159.54,159.45,159.49,9850,0
2015-02-19,20:15:00,159.48,159.49,159.35,159.35,7085,0
2015-02-19,20:20:00,159.32,159.41,159.25,159.27,15149,0
2015-02-19,20:25:00,159.28,159.4,159.2,159.35,8202,0
2015-02-19,20:30:00,159.3,159.33,159.23,159.25,16058,0
2015-02-19,20:35:00,159.11,159.212,158.89,158.972,11845,0
2015-02-19,20:40:00,159,159,158.61,158.7,10713,0
2015-02-19,20:45:00,158.76,158.83,158.69,158.81,4530,0
2015-02-19,20:50:00,158.87,158.913,158.67,158.74,14594,0
2015-02-19,20:55:00,158.78,159.02,158.76,158.98,6084,0
2015-02-19,21:00:00,158.985,159.15,158.93,159.09,20830,0
2015-02-19,21:05:00,159.05,159.08,158.962,158.962,5600,0
2015-02-19,21:10:00,158.925,158.99,158.84,158.93,14285,0
2015-02-19,21:15:00,158.93,158.98,158.88,158.92,9032,0
2015-02-19,21:20:00,158.93,158.99,158.88,158.88,7201,0
2015-02-19,21:25:00,158.8815,158.8815,158.7,158.77,14400,0
2015-02-19,21:30:00,158.81,158.84,158.63,158.63,14231,0
2015-02-19,21:35:00,158.62,158.62,158.46,158.58,11204,0
2015-02-19,21:40:00,158.59,158.7099,158.59,158.68,13716,0
2015-02-19,21:45:00,158.67,158.67,158.45,158.46,12391,0
2015-02-19,21:50:00,158.44,158.58,158.3972,158.51,27859,0
2015-02-19,21:55:00,158.51,158.58,158.41,158.41,28987,0
2015-02-19,22:00:00,158.418,158.6,158.39,158.57,42451,0
2015-02-20,15:35:00,158.26,158.26,157.39,157.61,53621,0
2015-02-20,15:40:00,157.6103,158.045,157.2,157.75,13089,0
2015-02-20,15:45:00,157.59,157.735,156.86,156.86,17971,0
2015-02-20,15:50:00,156.87,157.378,156.864,157.15,17114,0
2015-02-20,15:55:00,157.06,157.06,156.58,156.6,9784,0
2015-02-20,16:00:00,156.601,156.745,156.25,156.71,15046,0
2015-02-20,16:05:00,156.625,156.92,156.48,156.92,19100,0
2015-02-20,16:10:00,156.97,157.2,156.8601,157.14,16457,0
2015-02-20,16:15:00,157.2,157.61,157.2,157.44,11700,0
2015-02-20,16:20:00,157.6,157.75,157.47,157.75,33773,0
2015-02-20,16:25:00,157.68,157.77,157.5,157.57,7400,0
2015-02-20,16:30:00,157.515,157.55,157.35,157.42,10199,0
2015-02-20,16:35:00,157.42,157.42,157.1,157.1,5808,0
2015-02-20,16:40:00,157.15,157.22,156.88,157.17,10224,0
2015-02-20,16:45:00,157.35,157.42,157.27,157.42,4600,0
2015-02-20,16:50:00,157.48,157.72,157.15,157.23,9280,0
2015-02-20,16:55:00,157.16,157.22,157,157.135,14565,0
2015-02-20,17:00:00,157.14,157.25,157,157.08,8000,0
2015-02-20,17:05:00,157.18,157.22,156.93,157.19,18308,0
2015-02-20,17:10:00,157.17,157.58,157.17,157.48,22288,0
2015-02-20,17:15:00,157.455,157.65,157.37,157.48,25263,0
2015-02-20,17:20:00,157.53,157.58,157.36,157.445,9100,0
2015-02-20,17:25:00,157.435,157.58,157.39,157.44,5000,0
2015-02-20,17:30:00,157.45,157.66,157.36,157.48,17599,0
2015-02-20,17:35:00,157.51,157.58,157.37,157.5,18509,0
2015-02-20,17:40:00,157.49,157.64,157.28,157.64,37707,0
2015-02-20,17:45:00,157.7,157.96,157.7,157.77,14591,0
2015-02-20,17:50:00,157.7,158.01,157.68,157.82,14225,0
2015-02-20,17:55:00,157.74,157.75,157.62,157.62,2100,0
2015-02-20,18:00:00,157.5334,157.73,157.5,157.73,3700,0
2015-02-20,18:05:00,157.725,157.82,157.57,157.66,4923,0
2015-02-20,18:10:00,157.6,157.71,157.53,157.55,3900,0
2015-02-20,18:15:00,157.635,157.9,157.635,157.89,9600,0
2015-02-20,18:20:00,157.85,157.91,157.7201,157.87,9881,0
2015-02-20,18:25:00,157.849,157.85,157.69,157.76,8434,0
2015-02-20,18:30:00,157.71,157.71,157.35,157.4,6300,0
2015-02-20,18:35:00,157.38,157.38,157.16,157.23,6318,0
2015-02-20,18:40:00,157.29,157.66,157.17,157.38,29000,0
2015-02-20,18:45:00,157.255,157.68,157.255,157.57,7900,0
2015-02-20,18:50:00,157.67,157.68,157.57,157.57,1200,0
2015-02-20,18:55:00,157.5,157.5,157.47,157.47,1256,0
2015-02-20,19:00:00,157.41,157.49,157.15,157.22,9290,0
2015-02-20,19:05:00,157.21,157.53,157.21,157.48,9934,0
2015-02-20,19:10:00,157.52,157.5676,157.39,157.39,6750,0
2015-02-20,19:15:00,157.48,157.65,157.4,157.55,9467,0
2015-02-20,19:20:00,157.59,157.59,157.23,157.38,13170,0
2015-02-20,19:25:00,157.44,157.47,157.12,157.25,7540,0
2015-02-20,19:30:00,157.36,157.38,157.16,157.24,4600,0
2015-02-20,19:35:00,157.26,157.47,157.26,157.39,4300,0
2015-02-20,19:40:00,157.39,157.58,157.3407,157.58,7400,0
2015-02-20,19:45:00,157.54,157.63,157.39,157.46,8720,0
2015-02-20,19:50:00,157.498,157.52,157.39,157.39,4616,0
2015-02-20,19:55:00,157.39,157.46,157.33,157.46,7300,0
2015-02-20,20:00:00,157.49,157.54,157.475,157.54,4591,0
2015-02-20,20:05:00,157.54,157.55,157.47,157.475,6396,0
2015-02-20,20:10:00,157.58,157.58,157.5,157.54,5550,0
2015-02-20,20:15:00,157.55,157.55,157.15,157.165,19055,0
2015-02-20,20:20:00,157.105,157.43,157.105,157.42,7163,0
2015-02-20,20:25:00,157.43,157.49,157.3805,157.465,4100,0
2015-02-20,20:30:00,157.46,157.5,157.395,157.49,10385,0
2015-02-20,20:35:00,157.49,157.5,157.45,157.47,9064,0
2015-02-20,20:40:00,157.435,157.89,157.37,157.735,52508,0
2015-02-20,20:45:00,157.7,157.7,157.46,157.49,5390,0
2015-02-20,20:50:00,157.485,157.64,157.4,157.46,5900,0
2015-02-20,20:55:00,157.455,157.51,157.43,157.51,6940,0
2015-02-20,21:00:00,157.425,157.54,157.425,157.54,3493,0
2015-02-20,21:05:00,157.53,157.68,157.5056,157.62,10423,0
2015-02-20,21:10:00,157.61,157.823,157.6,157.77,6077,0
2015-02-20,21:15:00,157.81,157.93,157.8,157.89,5050,0
2015-02-20,21:20:00,157.91,158.07,157.895,158.07,20471,0
2015-02-20,21:25:00,158.13,158.17,158.04,158.07,13682,0
2015-02-20,21:30:00,157.99,158.14,157.98,158.13,12724,0
2015-02-20,21:35:00,158.14,158.37,158.1025,158.22,13752,0
2015-02-20,21:40:00,158.19,158.25,158.03,158.04,11600,0
2015-02-20,21:45:00,158.035,158.07,157.95,158.03,17300,0
2015-02-20,21:50:00,158.02,158.06,157.95,158,37907,0
2015-02-20,21:55:00,158.03,158.23,158.03,158.14,29831,0
2015-02-20,22:00:00,158.15,158.49,158.15,158.48,78023,0
2015-02-23,15:35:00,155,156.42,153.22,156.2,151850,0
2015-02-23,15:40:00,156.02,156.23,154.336,154.584,146915,0
2015-02-23,15:45:00,154.625,155.33,153.79,155.22,74920,0
2015-02-23,15:50:00,155.2,155.54,154.71,155.44,36512,0
2015-02-23,15:55:00,155.44,155.44,154.72,155.2,35334,0
2015-02-23,16:00:00,155.26,155.98,155.011,155.7186,73446,0
2015-02-23,16:05:00,155.74,155.89,154.84,155.0199,41348,0
2015-02-23,16:10:00,154.86,155.15,154.7,154.88,47750,0
2015-02-23,16:15:00,154.75,154.75,153.77,154.469,56522,0
2015-02-23,16:20:00,154.36,154.36,153.97,154.05,36999,0
2015-02-23,16:25:00,154.025,154.5,153.98,154.487,16704,0
2015-02-23,16:30:00,154.43,154.5,154.29,154.5,18840,0
2015-02-23,16:35:00,154.498,154.64,154.45,154.5,16300,0
2015-02-23,16:40:00,154.465,154.54,154.165,154.29,34908,0
2015-02-23,16:45:00,154.29,154.63,154.29,154.61,14058,0
2015-02-23,16:50:00,154.62,154.67,154.33,154.55,26312,0
2015-02-23,16:55:00,154.56,154.67,154.41,154.59,24064,0
2015-02-23,17:00:00,154.55,154.55,153.63,153.699,29975,0
2015-02-23,17:05:00,153.7,154.23,153.61,154.2,25389,0
2015-02-23,17:10:00,154.24,154.5,154.22,154.448,25521,0
2015-02-23,17:15:00,154.45,154.45,153.95,153.9744,13105,0
2015-02-23,17:20:00,153.98,154.34,153.97,154.14,28058,0
2015-02-23,17:25:00,154.21,154.33,153.99,154.29,20617,0
2015-02-23,17:30:00,154.37,154.61,154.37,154.61,11350,0
2015-02-23,17:35:00,154.61,154.71,154.48,154.71,14606,0
2015-02-23,17:40:00,154.67,154.9,154.66,154.67,27830,0
2015-02-23,17:45:00,154.71,154.742,154.53,154.69,12818,0
2015-02-23,17:50:00,154.72,154.79,154.69,154.79,2100,0
2015-02-23,17:55:00,154.81,154.81,154.67,154.74,3600,0
2015-02-23,18:00:00,154.69,154.71,154.33,154.37,13125,0
2015-02-23,18:05:00,154.44,154.44,154.3,154.3,10550,0
2015-02-23,18:10:00,154.19,154.31,154.11,154.298,14948,0
2015-02-23,18:15:00,154.298,154.45,154.29,154.38,7406,0
2015-02-23,18:20:00,154.37,154.656,154.37,154.53,19128,0
2015-02-23,18:25:00,154.47,154.47,154.24,154.24,5100,0
2015-02-23,18:30:00,154.29,154.39,154.23,154.23,11530,0
2015-02-23,18:35:00,154.2,154.429,154.19,154.34,11917,0
2015-02-23,18:40:00,154.35,154.51,154.34,154.51,12400,0
2015-02-23,18:45:00,154.51,154.6199,154.42,154.6199,5207,0
2015-02-23,18:50:00,154.61,154.72,154.53,154.66,9144,0
2015-02-23,18:55:00,154.73,154.98,154.73,154.91,8896,0
2015-02-23,19:00:00,154.965,155.09,154.86,155.03,25186,0
2015-02-23,19:05:00,155.1,155.14,154.74,154.78,14349,0
2015-02-23,19:10:00,154.75,154.95,154.54,154.58,34598,0
2015-02-23,19:15:00,154.55,154.56,154.35,154.54,13689,0
2015-02-23,19:20:00,154.59,154.8699,154.54,154.81,16324,0
2015-02-23,19:25:00,154.81,155.2,154.8,155.11,11509,0
2015-02-23,19:30:00,155.07,155.07,154.81,154.835,5460,0
2015-02-23,19:35:00,154.91,155.22,154.89,154.89,10685,0
2015-02-23,19:40:00,154.99,155.23,154.95,155.23,5300,0
2015-02-23,19:45:00,155.21,155.33,155.13,155.13,9467,0
2015-02-23,19:50:00,155.19,155.23,154.8,154.81,10900,0
2015-02-23,19:55:00,154.84,154.939,154.52,154.55,12400,0
2015-02-23,20:00:00,154.5,154.63,154.46,154.5725,7016,0
2015-02-23,20:05:00,154.58,154.79,154.58,154.78,9000,0
2015-02-23,20:10:00,154.7445,154.85,154.7,154.75,5754,0
2015-02-23,20:15:00,154.71,154.76,154.54,154.58,6513,0
2015-02-23,20:20:00,154.565,154.67,154.03,154.03,21907,0
2015-02-23,20:25:00,154.065,154.33,154.06,154.33,13289,0
2015-02-23,20:30:00,154.33,154.35,154.08,154.08,6593,0
2015-02-23,20:35:00,154.03,154.05,153.51,153.58,29123,0
2015-02-23,20:40:00,153.58,153.71,153.43,153.6,19587,0
2015-02-23,20:45:00,153.46,153.65,153.46,153.65,8976,0
2015-02-23,20:50:00,153.71,153.89,153.672,153.672,12710,0
2015-02-23,20:55:00,153.64,153.64,153.4,153.46,33632,0
2015-02-23,21:00:00,153.46,153.49,153.25,153.306,24709,0
2015-02-23,21:05:00,153.27,153.5,153.121,153.15,28825,0
2015-02-23,21:10:00,153.14,153.27,153.05,153.05,22772,0
2015-02-23,21:15:00,153.06,153.11,153,153.0082,38033,0
2015-02-23,21:20:00,153,153.17,152.9,153.17,32411,0
2015-02-23,21:25:00,153.18,153.47,153.18,153.445,21701,0
2015-02-23,21:30:00,153.446,153.55,153.37,153.55,23460,0
2015-02-23,21:35:00,153.55,153.68,153.53,153.64,25630,0
2015-02-23,21:40:00,153.65,153.94,153.65,153.865,45005,0
2015-02-23,21:45:00,153.92,154.08,153.87,154.03,32100,0
2015-02-23,21:50:00,154.04,154.075,153.82,153.82,50777,0
2015-02-23,21:55:00,153.85,154.11,153.85,154.1,82533,0
2015-02-23,22:00:00,154.11,154.33,153.97,154.33,152539,0
