Date,Time,Open,High,Low,Close,Volume,OpenInt
2014-03-06,16:05:00,1.80,1.83,1.80,1.83,1045,0
2014-03-06,16:10:00,1.82,1.82,1.7,1.7,1225,0
2014-03-06,16:15:00,1.65,1.7,1.43,1.46,7600,0
2014-03-06,16:20:00,1.55,1.75,1.55,1.75,1700,0
2014-03-06,16:25:00,1.7499,1.82,1.7499,1.82,4200,0
2014-03-06,16:30:00,1.82,1.82,1.75,1.75,1300,0
2014-03-06,16:35:00,1.8,1.82,1.8,1.82,1250,0
2014-03-06,16:40:00,1.86,1.937,1.82,1.82,9300,0
2014-03-06,16:45:00,1.84,1.94,1.84,1.9399,3000,0
2014-03-06,16:55:00,1.89,1.89,1.8,1.8,3985,0
2014-03-06,17:00:00,1.8255,1.8255,1.76,1.76,3250,0
2014-03-06,17:05:00,1.661,1.661,1.661,1.661,800,0
2014-03-06,17:10:00,1.73,1.76,1.73,1.76,1100,0
2014-03-06,17:20:00,1.76,1.76,1.76,1.76,600,0
2014-03-06,17:25:00,1.7315,1.7315,1.7315,1.7315,200,0
2014-03-06,17:40:00,1.7,1.7,1.66,1.66,1000,0
2014-03-06,17:50:00,1.6744,1.6744,1.6744,1.6744,145,0
2014-03-06,17:55:00,1.75,1.75,1.75,1.75,300,0
2014-03-06,18:05:00,1.75,1.75,1.7499,1.75,500,0
2014-03-06,18:15:00,1.7,1.7,1.7,1.7,600,0
2014-03-06,18:20:00,1.74,1.74,1.7,1.7,1700,0
2014-03-06,18:30:00,1.74,1.74,1.74,1.74,1000,0
2014-03-06,18:40:00,1.74,1.75,1.74,1.75,10400,0
2014-03-06,18:45:00,1.78,1.78,1.7,1.7,8000,0
2014-03-06,18:50:00,1.75,1.8275,1.75,1.8275,8150,0
2014-03-06,18:55:00,1.8176,1.9,1.8176,1.85,14250,0
2014-03-06,19:00:00,1.9,1.9,1.9,1.9,8450,0
2014-03-06,19:10:00,1.9,1.9,1.9,1.9,129,0
2014-03-06,19:20:00,1.89,1.89,1.89,1.89,1800,0
2014-03-06,19:25:00,1.83,1.83,1.83,1.83,200,0
2014-03-06,19:45:00,1.75,1.75,1.75,1.75,700,0
2014-03-06,19:55:00,1.75,1.75,1.75,1.75,2412,0
2014-03-06,20:05:00,1.723,1.723,1.723,1.723,250,0
2014-03-06,20:10:00,1.7,1.7,1.6845,1.6984,3206,0
2014-03-06,20:45:00,1.7,1.7,1.7,1.7,200,0
2014-03-06,20:50:00,1.85,1.85,1.85,1.85,200,0
2014-03-06,21:20:00,1.8485,1.8485,1.8485,1.8485,300,0
2014-03-06,21:25:00,1.82,1.82,1.7,1.7,785,0
2014-03-06,21:45:00,1.78,1.78,1.78,1.78,100,0
2014-03-06,21:50:00,1.79,1.79,1.79,1.79,100,0
2014-03-06,22:00:00,1.7,1.7,1.7,1.7,600,0
2014-03-07,15:35:00,1.4,1.41,0.82,1.41,20800,0
2014-03-07,15:40:00,1.3999,1.598,1.3955,1.598,6820,0
2014-03-07,15:45:00,1.5,1.55,1.31,1.31,18100,0
2014-03-07,15:50:00,1.4999,1.5,1.4999,1.5,6800,0
2014-03-07,16:10:00,1.35,1.35,1.35,1.35,2300,0
2014-03-07,16:15:00,1.31,1.31,1.31,1.31,400,0
2014-03-07,16:40:00,1.35,1.35,1.3,1.35,6700,0
2014-03-07,16:45:00,1.25,1.25,1.2,1.2,6700,0
2014-03-07,16:55:00,1.21,1.21,1.21,1.21,2250,0
2014-03-07,17:15:00,1.21,1.21,1.15,1.192,2500,0
2014-03-07,17:20:00,1.2,1.21,1.15,1.15,2550,0
2014-03-07,17:25:00,1.1545,1.1545,1.1545,1.1545,944,0
2014-03-07,17:30:00,1.15,1.1685,1.15,1.1685,930,0
2014-03-07,17:50:00,1.22,1.25,1.22,1.25,200,0
2014-03-07,18:00:00,1.2499,1.25,1.2499,1.25,3300,0
2014-03-07,18:05:00,1.25,1.25,1.25,1.25,1000,0
2014-03-07,18:25:00,1.3,1.3,1.3,1.3,200,0
2014-03-07,18:35:00,1.3,1.4298,1.25,1.25,1600,0
2014-03-07,18:40:00,1.26,1.26,1.26,1.26,400,0
2014-03-07,18:45:00,1.2317,1.2317,1.21,1.21,400,0
2014-03-07,19:05:00,1.21,1.21,1.21,1.21,175,0
2014-03-07,19:25:00,1.211,1.215,1.21,1.21,400,0
2014-03-07,19:35:00,1.26,1.26,1.2599,1.2599,1600,0
2014-03-07,19:40:00,1.26,1.26,1.26,1.26,550,0
2014-03-07,19:45:00,1.26,1.26,1.2599,1.2599,1550,0
2014-03-07,20:05:00,1.35,1.35,1.35,1.35,1000,0
2014-03-07,20:20:00,1.28,1.28,1.28,1.28,100,0
2014-03-07,21:00:00,1.2835,1.3296,1.2835,1.3296,1100,0
2014-03-07,21:05:00,1.26,1.26,1.26,1.26,600,0
2014-03-07,21:15:00,1.26,1.26,1.26,1.26,600,0
2014-03-07,21:20:00,1.26,1.2601,1.26,1.2601,690,0
2014-03-07,21:25:00,1.26,1.26,1.26,1.26,500,0
2014-03-07,21:40:00,1.26,1.2628,1.26,1.2628,900,0
2014-03-07,21:45:00,1.28,1.28,1.28,1.28,100,0
2014-03-07,21:55:00,1.27,1.28,1.21,1.21,2365,0
2014-03-10,14:35:00,1.25,1.25,1.25,1.25,28460,0
2014-03-10,14:40:00,1.21,1.21,1.21,1.21,550,0
2014-03-10,15:55:00,1.21,1.21,1.21,1.21,500,0
2014-03-10,16:05:00,1.2101,1.2101,1.21,1.21,5872,0
2014-03-10,16:30:00,1.3,1.4,1.3,1.4,8700,0
2014-03-10,16:35:00,1.41,1.41,1.25,1.302,5881,0
2014-03-10,16:40:00,1.4,1.4,1.35,1.35,3370,0
2014-03-10,16:45:00,1.3756,1.378,1.3676,1.378,747,0
2014-03-10,17:00:00,1.3875,1.3964,1.3872,1.3964,1300,0
2014-03-10,17:45:00,1.31,1.31,1.31,1.31,700,0
2014-03-10,18:25:00,1.31,1.31,1.31,1.31,500,0
2014-03-10,18:30:00,1.31,1.31,1.31,1.31,200,0
2014-03-10,18:40:00,1.35,1.3748,1.35,1.3748,1900,0
2014-03-10,19:00:00,1.26,1.26,1.24,1.26,1600,0
2014-03-10,19:30:00,1.2654,1.2656,1.2654,1.2656,600,0
2014-03-10,19:35:00,1.35,1.35,1.35,1.35,565,0
2014-03-10,20:05:00,1.35,1.4,1.35,1.4,1400,0
2014-03-10,20:20:00,1.35,1.35,1.25,1.25,800,0
2014-03-10,20:35:00,1.3999,1.3999,1.3999,1.3999,155,0
2014-03-10,20:45:00,1.3712,1.3712,1.24,1.24,2180,0
2014-03-10,21:00:00,1.2501,1.4,1.25,1.4,3980,0
2014-03-11,14:35:00,2.0,2.0,1.95,1.95,1500,0
2014-03-11,14:45:00,1.8,1.8,1.6,1.6,500,0
2014-03-11,14:50:00,1.6,1.6,1.6,1.6,100,0
2014-03-11,14:55:00,1.41,1.65,1.41,1.594,4658,0
2014-03-11,15:10:00,1.47,1.4701,1.47,1.47,900,0
2014-03-11,15:25:00,1.47,1.47,1.47,1.47,400,0
2014-03-11,15:30:00,1.45,1.45,1.45,1.45,1000,0
2014-03-11,15:40:00,1.4515,1.4515,1.4515,1.4515,1000,0
2014-03-11,15:55:00,1.5,1.5001,1.45,1.45,1400,0
2014-03-11,16:00:00,1.4503,1.4503,1.4503,1.4503,1000,0
2014-03-11,16:05:00,1.45,1.45,1.45,1.45,1400,0
2014-03-11,16:10:00,1.4645,1.4645,1.45,1.45,2561,0
2014-03-11,16:20:00,1.45,1.45,1.45,1.45,1520,0
2014-03-11,16:55:00,1.41,1.41,1.41,1.41,700,0
2014-03-11,17:00:00,1.32,1.32,1.32,1.32,1000,0
2014-03-11,17:15:00,1.332,1.332,1.32,1.32,2000,0
2014-03-11,17:20:00,1.266,1.3,1.266,1.3,750,0
2014-03-11,17:30:00,1.2745,1.2745,1.2745,1.2745,300,0
2014-03-11,17:35:00,1.1223,1.1223,1.03,1.03,1200,0
2014-03-11,17:40:00,1.06,1.06,1.01,1.01,1300,0
2014-03-11,17:55:00,1.2,1.2,1.2,1.2,1500,0
2014-03-11,18:15:00,1.19,1.6,1.19,1.55,700,0
2014-03-11,18:25:00,1.225,1.225,1.225,1.225,500,0
2014-03-11,18:40:00,1.3746,1.3746,1.3467,1.3467,200,0
2014-03-11,19:10:00,1.2,1.2,1.1,1.1,1200,0
2014-03-11,19:20:00,1.2,1.2,1.1511,1.1511,700,0
2014-03-11,19:45:00,1.1,1.1,1.08,1.08,4550,0
2014-03-11,19:50:00,1.0993,1.1,1.0993,1.1,400,0
2014-03-11,20:05:00,1.0999,1.0999,1.0968,1.0996,418,0
2014-03-11,20:15:00,1.0999,1.1,1.0994,1.0994,544,0
2014-03-11,20:25:00,1.08,1.08,1.05,1.05,800,0
2014-03-11,20:40:00,1.1,1.1,1.0993,1.1,1700,0
2014-03-11,20:55:00,1.02,1.1,1.02,1.1,1200,0
2014-03-11,21:00:00,1.1,1.1,1.1,1.1,500,0
2014-03-12,14:35:00,1.2,1.2,1.1,1.1,3100,0
2014-03-12,14:50:00,1.051,1.055,1.05,1.055,800,0
2014-03-12,15:00:00,1.06,1.06,1.06,1.06,1000,0
2014-03-12,15:05:00,1.0993,1.1,1.0993,1.1,360,0
2014-03-12,15:15:00,1.06,1.0792,1.06,1.0792,1000,0
2014-03-12,15:20:00,1.1,1.1,1.1,1.1,1900,0
2014-03-12,15:30:00,1.08,1.08,1.08,1.08,1000,0
2014-03-12,15:35:00,1.05,1.05,1.05,1.05,2890,0
2014-03-12,16:50:00,1.02,1.02,1.0001,1.0001,4400,0
2014-03-12,16:55:00,1.0,1.02,0.9,0.97,3400,0
2014-03-12,17:00:00,0.9,0.95,0.9,0.9,3500,0
2014-03-12,17:20:00,0.95,0.95,0.95,0.95,600,0
2014-03-12,17:25:00,0.93,0.9308,0.93,0.9308,600,0
2014-03-12,17:50:00,0.93,0.93,0.93,0.93,600,0
2014-03-12,17:55:00,0.9242,0.9242,0.9242,0.9242,585,0
2014-03-12,18:00:00,0.92,0.92,0.9,0.9,5785,0
2014-03-12,18:20:00,0.8802,0.8802,0.8802,0.8802,100,0
2014-03-12,18:25:00,0.9345,0.9428,0.9345,0.9428,400,0
2014-03-12,18:30:00,0.905,0.905,0.905,0.905,100,0
2014-03-12,18:40:00,0.93,0.94,0.93,0.94,1200,0
2014-03-12,19:35:00,0.94,0.94,0.94,0.94,1200,0
2014-03-12,19:40:00,0.94,0.94,0.93,0.94,7600,0
2014-03-12,19:45:00,0.9796,1.0,0.9796,0.9989,3000,0
2014-03-12,20:15:00,0.91,0.91,0.905,0.905,2900,0
2014-03-12,20:20:00,0.88,0.88,0.63,0.66,26700,0
2014-03-12,20:25:00,0.8,1.0,0.8,1.0,13550,0
2014-03-12,20:40:00,1.0,1.0,0.99,0.99,20500,0
2014-03-12,20:45:00,1.0,1.0,0.98,0.98,2500,0
2014-03-12,20:50:00,0.9799,0.98,0.9799,0.98,3600,0
2014-03-12,20:55:00,0.996,0.996,0.996,0.996,1100,0
2014-03-12,21:00:00,0.84,0.84,0.71,0.8,22400,0
2014-03-13,14:35:00,1.15,1.15,1.15,1.15,15600,0
2014-03-13,14:45:00,0.94,0.94,0.94,0.94,100,0
2014-03-13,14:50:00,0.969,0.98,0.95,0.95,1500,0
2014-03-13,14:55:00,0.95,0.98,0.85,0.85,8245,0
2014-03-13,15:00:00,1.0955,1.13,1.0955,1.1119,1200,0
2014-03-13,15:25:00,0.95,0.95,0.95,0.95,1200,0
2014-03-13,15:30:00,1.0,1.0,1.0,1.0,1000,0
2014-03-13,15:35:00,0.9354,0.9354,0.9324,0.9324,320,0
2014-03-13,15:40:00,1.0,1.0,1.0,1.0,1000,0
2014-03-13,16:10:00,0.989,0.989,0.989,0.989,200,0
2014-03-13,16:15:00,0.999,0.999,0.989,0.989,2500,0
2014-03-13,17:10:00,0.99,0.99,0.9744,0.9744,500,0
2014-03-13,17:15:00,0.9874,0.995,0.9874,0.995,2100,0
2014-03-13,17:20:00,0.9982,0.9982,0.9982,0.9982,1000,0
2014-03-13,17:25:00,0.99,0.99,0.99,0.99,600,0
2014-03-13,17:40:00,0.93,0.93,0.92,0.92,2400,0
2014-03-13,17:45:00,0.93,0.93,0.92,0.92,1000,0
2014-03-13,17:55:00,0.98,0.99,0.98,0.99,4200,0
2014-03-13,18:05:00,1.0,1.0,1.0,1.0,900,0
2014-03-13,18:20:00,1.0,1.0,1.0,1.0,2600,0
2014-03-13,18:35:00,1.06,1.06,1.06,1.06,500,0
2014-03-13,18:45:00,1.06,1.06,1.06,1.06,800,0
2014-03-13,20:05:00,1.02,1.0201,1.02,1.02,1100,0
2014-03-13,20:30:00,1.0,1.0,0.9992,0.9992,1300,0
2014-03-13,20:50:00,1.0,1.0,1.0,1.0,100,0
2014-03-13,21:00:00,1.0,1.06,1.0,1.06,5608,0
2014-03-14,14:35:00,1.1,1.1,1.1,1.1,6049,0
2014-03-14,14:40:00,1.09,1.1,1.09,1.1,2350,0
2014-03-14,14:50:00,1.06,1.06,1.06,1.06,10000,0
2014-03-14,15:05:00,1.07,1.07,1.07,1.07,100,0
2014-03-14,15:10:00,1.079,1.079,1.079,1.079,100,0
2014-03-14,15:20:00,1.1115,1.1273,1.1115,1.1273,250,0
2014-03-14,15:30:00,1.13,1.13,1.08,1.1006,2000,0
2014-03-14,15:40:00,1.121,1.13,1.121,1.1299,1000,0
2014-03-14,15:50:00,1.1,1.12,1.07,1.07,50200,0
2014-03-14,16:15:00,1.0,1.0,1.0,1.0,700,0
2014-03-14,16:30:00,0.9,0.9,0.9,0.9,2600,0
2014-03-14,16:35:00,0.8416,0.8416,0.8415,0.8415,600,0
2014-03-14,17:25:00,0.9135,0.9135,0.9135,0.9135,250,0
2014-03-14,17:30:00,0.95,0.99,0.95,0.99,5000,0
2014-03-14,17:35:00,0.95,0.95,0.95,0.95,4000,0
2014-03-14,18:00:00,0.99,1.0,0.99,1.0,2958,0
2014-03-14,19:05:00,0.95,0.95,0.95,0.95,840,0
2014-03-14,19:10:00,0.95,0.95,0.95,0.95,760,0
2014-03-14,19:45:00,0.938,0.938,0.9312,0.9312,1000,0
2014-03-14,20:20:00,0.9882,0.9882,0.9882,0.9882,900,0
2014-03-14,21:00:00,1.14,1.14,1.14,1.14,200,0
2014-03-17,14:35:00,1.05,1.05,1.05,1.05,600,0
2014-03-17,15:00:00,0.98,0.98,0.98,0.98,3000,0
2014-03-17,15:20:00,0.98,0.98,0.98,0.98,3000,0
2014-03-17,15:40:00,0.998,1.0,0.998,1.0,3185,0
2014-03-17,15:50:00,0.99,0.99,0.99,0.99,400,0
2014-03-17,16:55:00,1.0015,1.0015,0.9851,0.9851,500,0
2014-03-17,18:50:00,1.0499,1.0499,1.0499,1.0499,100,0
2014-03-17,19:45:00,1.05,1.05,1.0286,1.0286,5000,0
2014-03-17,19:55:00,1.0,1.0,1.0,1.0,1000,0
2014-03-17,20:15:00,1.018,1.018,1.018,1.018,300,0
2014-03-17,20:40:00,1.018,1.018,1.018,1.018,300,0
2014-03-17,20:50:00,1.01,1.01,1.0,1.0,2760,0
2014-03-17,20:55:00,1.05,1.05,1.05,1.05,1000,0
2014-03-17,21:00:00,1.05,1.05,1.05,1.05,200,0
2014-03-18,15:00:00,1.05,1.19,1.05,1.19,1600,0
2014-03-18,15:05:00,1.1001,1.2,1.1,1.2,8600,0
2014-03-18,15:10:00,1.2,1.28,1.2,1.24,5200,0
2014-03-18,15:15:00,1.2,1.24,1.2,1.24,2000,0
2014-03-18,15:20:00,1.221,1.221,1.221,1.221,100,0
2014-03-18,15:25:00,1.2,1.2,1.1,1.1,500,0
2014-03-18,15:30:00,1.23,1.3134,1.23,1.25,5800,0
2014-03-18,15:35:00,1.34,1.34,1.325,1.325,1000,0
2014-03-18,15:40:00,1.2501,1.2501,1.25,1.25,500,0
2014-03-18,15:45:00,1.29,1.33,1.26,1.3156,4400,0
2014-03-18,15:50:00,1.2786,1.2786,1.25,1.2503,2480,0
2014-03-18,15:55:00,1.2709,1.2709,1.1209,1.1209,9100,0
2014-03-18,16:05:00,1.2255,1.234,1.2255,1.234,920,0
2014-03-18,16:10:00,1.25,1.34,1.25,1.34,10070,0
2014-03-18,16:15:00,1.3,1.3,1.3,1.3,1000,0
2014-03-18,16:20:00,1.3,1.3,1.3,1.3,1000,0
2014-03-18,16:25:00,1.27,1.27,1.2,1.2,1100,0
2014-03-18,16:30:00,1.2,1.2,1.2,1.2,849,0
2014-03-18,16:50:00,1.3,1.3,1.3,1.3,1000,0
2014-03-18,17:15:00,1.3,1.33,1.3,1.33,2560,0
2014-03-18,17:20:00,1.33,1.45,1.3299,1.4499,3440,0
2014-03-18,17:30:00,1.4,1.435,1.4,1.435,475,0
2014-03-18,17:45:00,1.4,1.43,1.4,1.43,1551,0
2014-03-18,17:50:00,1.43,1.43,1.35,1.35,4098,0
2014-03-18,18:15:00,1.3,1.3,1.3,1.3,3000,0
2014-03-18,18:20:00,1.3185,1.3185,1.3,1.3,450,0
2014-03-18,18:25:00,1.3,1.3,1.16,1.287,12800,0
2014-03-18,18:50:00,1.3,1.3,1.2534,1.2534,5000,0
2014-03-18,19:00:00,1.25,1.25,1.25,1.25,300,0
2014-03-18,19:20:00,1.26,1.26,1.26,1.26,600,0
2014-03-18,19:25:00,1.26,1.26,1.2,1.2,1651,0
2014-03-18,19:35:00,1.3046,1.3046,1.3046,1.3046,300,0
2014-03-18,19:40:00,1.3092,1.3092,1.3092,1.3092,300,0
2014-03-18,20:00:00,1.221,1.221,1.221,1.221,1000,0
2014-03-18,20:10:00,1.2,1.2,1.2,1.2,4600,0
2014-03-18,20:15:00,1.16,1.16,1.16,1.16,600,0
2014-03-18,20:20:00,1.16,1.2,1.16,1.2,1780,0
2014-03-18,20:55:00,1.25,1.25,1.25,1.25,1800,0
2014-03-19,14:40:00,1.074,1.1775,1.074,1.1775,500,0
2014-03-19,14:45:00,1.05,1.05,1.05,1.05,200,0
2014-03-19,14:55:00,1.05,1.071,1.05,1.071,2600,0
2014-03-19,15:00:00,1.05,1.05,1.05,1.05,300,0
2014-03-19,15:20:00,1.15,1.15,1.068,1.068,2900,0
2014-03-19,15:30:00,1.066,1.066,1.066,1.066,1100,0
2014-03-19,15:35:00,1.05,1.06,1.05,1.06,11249,0
2014-03-19,15:40:00,1.06,1.06,1.06,1.06,1400,0
2014-03-19,15:45:00,1.0664,1.0664,1.06,1.06,1100,0
2014-03-19,15:50:00,1.1,1.1,1.1,1.1,1100,0
2014-03-19,17:00:00,1.1,1.1,1.1,1.1,4300,0
2014-03-19,17:05:00,1.18,1.18,1.18,1.18,3000,0
2014-03-19,19:45:00,1.13,1.13,1.1,1.1,5640,0
2014-03-19,19:55:00,1.08,1.08,1.0499,1.0499,10000,0
2014-03-19,20:00:00,1.05,1.05,1.05,1.05,1248,0
2014-03-19,20:15:00,1.0792,1.0792,1.0765,1.0765,2116,0
2014-03-19,20:25:00,1.08,1.08,1.08,1.08,772,0
2014-03-20,15:00:00,1.0,1.0,0.97,0.97,1750,0
2014-03-20,15:05:00,0.95,1.15,0.95,1.15,2582,0
2014-03-20,15:10:00,1.0945,1.0945,1.0945,1.0945,300,0
2014-03-20,16:40:00,1.0225,1.0225,1.0225,1.0225,544,0
2014-03-20,17:40:00,1.05,1.05,1.05,1.05,400,0
2014-03-20,19:15:00,1.1255,1.134,1.1255,1.134,450,0
2014-03-20,19:40:00,1.15,1.15,1.15,1.15,550,0
2014-03-20,19:50:00,1.15,1.15,1.15,1.15,200,0
2014-03-20,20:25:00,1.0695,1.0695,1.0695,1.0695,230,0
2014-03-20,21:00:00,1.05,1.05,1.05,1.05,300,0
2014-03-21,15:00:00,0.9223,1.117,0.9223,1.117,608,0
2014-03-21,15:05:00,1.11,1.11,1.11,1.11,200,0
2014-03-21,18:10:00,1.0899,1.0899,1.0599,1.0599,6000,0
2014-03-21,18:15:00,1.06,1.06,1.06,1.06,100,0
2014-03-21,18:20:00,1.0599,1.0599,1.0599,1.0599,2000,0
2014-03-21,18:40:00,1.06,1.06,1.06,1.06,300,0
2014-03-21,19:15:00,1.08,1.11,1.08,1.11,3814,0
2014-03-21,19:40:00,1.1,1.11,1.1,1.11,800,0
2014-03-21,20:00:00,1.0938,1.11,1.0938,1.11,3400,0
2014-03-21,20:50:00,1.1,1.1,1.1,1.1,700,0
2014-03-21,21:00:00,1.1,1.1,1.1,1.1,600,0
2014-03-24,14:50:00,1.16,1.42,1.16,1.42,1900,0
2014-03-24,15:05:00,1.21,1.21,1.21,1.21,1000,0
2014-03-24,15:10:00,1.16,1.18,1.0,1.0,2900,0
2014-03-24,15:15:00,1.28,1.28,1.2478,1.2799,4400,0
2014-03-24,15:20:00,1.07,1.265,0.96,1.265,9645,0
2014-03-24,15:25:00,1.0023,1.23,1.0001,1.2,4196,0
2014-03-24,15:35:00,1.0792,1.0792,1.0792,1.0792,846,0
2014-03-24,16:00:00,1.08,1.08,1.08,1.08,500,0
2014-03-24,16:20:00,1.14,1.18,1.1256,1.1799,2000,0
2014-03-24,16:35:00,1.07,1.07,1.06,1.06,3000,0
2014-03-24,16:40:00,1.06,1.06,1.06,1.06,100,0
2014-03-24,16:45:00,1.06,1.06,1.06,1.06,2200,0
2014-03-24,16:50:00,1.05,1.05,1.03,1.03,1900,0
2014-03-24,18:10:00,1.047,1.047,1.047,1.047,111,0
2014-03-24,19:00:00,1.03,1.03,1.0,1.0,5100,0
2014-03-24,19:10:00,1.0,1.0,1.0,1.0,1178,0
2014-03-24,19:15:00,1.06,1.15,1.06,1.1321,5000,0
2014-03-24,19:25:00,1.01,1.02,1.01,1.02,2700,0
2014-03-24,19:35:00,1.0225,1.03,1.0225,1.03,400,0
2014-03-24,19:40:00,1.03,1.03,1.03,1.03,300,0
2014-03-24,20:30:00,1.01,1.01,1.0,1.0,7000,0
2014-03-24,20:55:00,1.0,1.0,0.9999,1.0,4000,0
2014-03-24,21:00:00,0.9999,1.0,0.99,0.99,6100,0
2014-03-26,14:35:00,1.1,1.1001,1.1,1.1,5700,0
2014-03-26,14:40:00,1.1,1.1,1.1,1.1,600,0
2014-03-26,15:55:00,1.05,1.06,1.05,1.06,65,0
2014-03-26,16:30:00,1.05,1.05,1.05,1.05,200,0
2014-03-26,16:50:00,1.062,1.062,1.062,1.062,1000,0
2014-03-26,16:55:00,1.08,1.08,1.08,1.08,400,0
2014-03-26,17:20:00,1.05,1.05,1.05,1.05,300,0
2014-03-26,17:25:00,1,1.04,1,1.04,700,0
2014-03-26,18:35:00,1.079,1.22,1.079,1.22,25000,0
2014-03-26,19:20:00,1,1,1,1,1000,0
2014-03-26,19:30:00,1.18,1.18,1.18,1.18,1000,0
2014-03-26,19:45:00,1.17,1.17,1.17,1.17,420,0
2014-03-26,20:00:00,1.06,1.06,1.06,1.06,500,0
2014-03-26,20:30:00,1.02,1.02,1.02,1.02,35,0
2014-03-27,15:15:00,1.02,1.02,1.02,1.02,4795,0
2014-03-27,15:55:00,1.02,1.0201,1.02,1.0201,200,0
2014-03-27,16:35:00,1.1,1.1,1.09,1.1,1000,0
2014-03-27,17:20:00,1.06,1.06,1.06,1.06,1000,0
2014-03-27,17:35:00,1.03,1.0601,1.02,1.03,7200,0
2014-03-27,19:05:00,1.04,1.04,1.04,1.04,300,0
2014-03-27,19:40:00,1.03,1.03,1.03,1.03,400,0
2014-03-27,21:00:00,1.03,1.03,1.03,1.03,100,0
2014-03-28,15:25:00,1.02,1.02,1.0,1.0,4294,0
2014-03-28,15:35:00,1.0,1.0,1.0,1.0,2363,0
2014-03-28,15:40:00,1.0,1.0,0.99,0.99,7340,0
2014-03-28,19:15:00,1.03,1.03,1.02,1.02,2600,0
2014-03-28,19:20:00,1.0,1.0,0.99,0.99,720,0
2014-03-28,19:30:00,1.05,1.05,1.0008,1.0008,3600,0
2014-03-28,20:10:00,1.0,1.009,1.0,1.0,4240,0
2014-03-28,20:20:00,1.0,1.003,1.0,1.003,1220,0
2014-03-28,20:55:00,1.0,1.0,0.99,0.99,1163,0
2014-03-28,21:00:00,0.99,0.99,0.99,0.99,1000,0
2014-03-31,17:25:00,1.0001,1.0001,1.0,1.0,2000,0
2014-03-31,19:35:00,1.0,1.0,1.0,1.0,200,0
2014-03-31,20:35:00,1.0,1.0,1.0,1.0,1000,0
2014-03-31,22:00:00,1.0,1.0,0.99,0.99,1899,0
2014-04-01,16:00:00,0.99,0.99,0.93,0.93,3301,0
2014-04-01,16:35:00,1.0,1.05,0.9999,1.05,2500,0
2014-04-01,19:55:00,0.9588,0.9588,0.9588,0.9588,126,0
2014-04-01,20:20:00,0.932,1.08,0.932,1.0494,5845,0
2014-04-01,20:30:00,0.95,1.0,0.95,1.0,4100,0
2014-04-01,20:45:00,0.93,0.9557,0.93,0.9557,4000,0
2014-04-02,15:35:00,1.08,1.08,1.08,1.08,809,0
2014-04-02,17:55:00,1.04,1.04,1.04,1.04,2000,0
2014-04-02,18:00:00,1.0399,1.04,1.0399,1.04,3000,0
2014-04-02,18:10:00,1.04,1.04,1.04,1.04,250,0
2014-04-02,18:20:00,1.04,1.04,1.0303,1.0303,500,0
2014-04-02,18:45:00,1.01,1.01,1.01,1.01,1000,0
2014-04-02,19:10:00,0.9915,0.9915,0.9812,0.9812,670,0
2014-04-02,21:05:00,0.9745,0.9745,0.9745,0.9745,100,0
2014-04-03,15:35:00,1.07,1.07,1.07,1.07,400,0
2014-04-03,15:45:00,1.07,1.07,1.06,1.06,750,0
2014-04-03,16:25:00,1.06,1.06,1.06,1.06,2378,0
2014-04-03,17:30:00,1.04,1.04,1.04,1.04,2700,0
2014-04-03,17:45:00,1.005,1.005,1.005,1.005,850,0
2014-04-03,18:10:00,1.04,1.04,1.04,1.04,1200,0
2014-04-03,18:45:00,1.04,1.05,1.04,1.05,3691,0
2014-04-03,20:10:00,1.04,1.06,1.04,1.06,4600,0
2014-04-03,21:15:00,1.06,1.06,1.06,1.06,4000,0
2014-04-03,21:45:00,1.06,1.06,1.06,1.06,800,0
2014-04-03,21:50:00,1.06,1.07,1.06,1.07,830,0
2014-04-03,21:55:00,1.07,1.07,1.07,1.07,900,0
2014-04-03,22:00:00,1.07,1.07,1.07,1.07,1000,0
2014-04-04,17:00:00,1.05,1.05,1.0499,1.05,4200,0
2014-04-04,17:50:00,1.05,1.05,1.04,1.04,1400,0
2014-04-04,18:45:00,1.0101,1.0101,1.0101,1.0101,3000,0
2014-04-04,19:25:00,1.01,1.01,1.01,1.01,1000,0
2014-04-04,20:05:00,1.01,1.02,1.01,1.02,700,0
2014-04-04,21:40:00,1.0101,1.0101,1.0101,1.0101,1200,0
2014-04-04,21:50:00,1.01,1.05,1.01,1.05,6100,0
2014-04-04,22:00:00,1.05,1.05,1.05,1.05,1300,0
2014-04-07,16:10:00,1.01,1.01,1.01,1.01,3000,0
2014-04-07,16:30:00,1.06,1.06,1.0599,1.06,1200,0
2014-04-07,16:50:00,1.0175,1.02,1.0175,1.02,980,0
2014-04-07,17:05:00,1.01,1.0101,1.01,1.0101,2000,0
2014-04-07,17:20:00,1.01,1.01,1.01,1.01,800,0
2014-04-07,17:25:00,1.034,1.034,1.01,1.01,2200,0
2014-04-07,18:20:00,1.04,1.04,1.0399,1.0399,10000,0
2014-04-07,18:35:00,0.95,0.95,0.9,0.901,10890,0
2014-04-07,19:00:00,1.0199,1.02,0.9986,1.0,4376,0
2014-04-08,15:35:00,1.0,1.0,1.0,1.0,1000,0
2014-04-08,15:55:00,1.06,1.07,1.06,1.07,5728,0
2014-04-08,16:00:00,1.01,1.01,1.01,1.01,200,0
2014-04-08,16:05:00,1.05,1.05,1.05,1.05,150,0
2014-04-08,16:10:00,1.02,1.02,1.02,1.02,3000,0
2014-04-08,16:25:00,1.01,1.02,1.01,1.02,2000,0
2014-04-08,16:35:00,1.0199,1.02,1.0199,1.02,1000,0
2014-04-08,16:40:00,1.027,1.027,1.027,1.027,150,0
2014-04-08,19:50:00,1.0299,1.03,1.0299,1.03,1000,0
2014-04-08,22:00:00,1.03,1.03,1.03,1.03,200,0
2014-04-09,18:00:00,1.0101,1.0101,1.01,1.01,3300,0
2014-04-09,20:05:00,1.0145,1.0145,1.0145,1.0145,150,0
2014-04-09,21:15:00,1.01,1.01,1.01,1.01,200,0
2014-04-09,22:00:00,1.01,1.01,1.01,1.01,150,0
2014-04-10,16:35:00,1.0215,1.0215,1.0215,1.0215,2000,0
2014-04-11,16:05:00,0.9501,0.9601,0.9,0.9,3800,0
2014-04-11,16:10:00,1.05,1.05,1.05,1.05,100,0
2014-04-11,16:25:00,1.0499,1.05,1.04,1.05,14800,0
2014-04-11,17:20:00,1.04,1.04,1.04,1.04,100,0
2014-04-11,18:25:00,1.04,1.0401,1.04,1.0401,2200,0
2014-04-11,19:35:00,1.001,1.001,1.0,1.0,1000,0
2014-04-11,21:50:00,1.04,1.04,1.04,1.04,3100,0
2014-04-11,21:55:00,1.04,1.04,1.04,1.04,1500,0
2014-04-11,22:00:00,1.05,1.05,1.05,1.05,975,0
2014-04-14,15:35:00,1.05,1.18,1.0304,1.18,2200,0
2014-04-14,16:20:00,0.91,0.91,0.91,0.91,900,0
2014-04-14,16:25:00,0.932,0.932,0.932,0.932,1000,0
2014-04-14,16:30:00,1.088,1.13,1.088,1.13,1400,0
2014-04-14,16:40:00,0.96,0.96,0.96,0.96,500,0
2014-04-14,16:45:00,0.96,0.96,0.96,0.96,300,0
2014-04-14,18:45:00,1.01,1.01,1.01,1.01,500,0
2014-04-14,20:55:00,1.031,1.031,1.031,1.031,400,0
2014-04-14,21:20:00,1.0301,1.04,0.96,0.96,14890,0
2014-04-14,21:30:00,0.9701,0.9701,0.97,0.97,6100,0
2014-04-14,22:00:00,1.07,1.07,1.07,1.07,100,0
2014-04-15,15:50:00,0.97,0.97,0.97,0.97,100,0
2014-04-15,15:55:00,1.14,1.15,1.14,1.1499,3200,0
2014-04-15,16:15:00,0.97,0.99,0.97,0.97,10500,0
2014-04-15,16:20:00,0.9,0.9,0.9,0.9,300,0
2014-04-15,19:00:00,0.95,0.95,0.95,0.95,300,0
2014-04-15,21:15:00,0.95,0.95,0.95,0.95,1600,0
2014-04-16,15:40:00,0.9,0.9,0.9,0.9,14500,0
2014-04-16,15:45:00,0.9,0.9,0.9,0.9,3800,0
2014-04-16,15:50:00,0.86,0.86,0.85,0.85,6100,0
2014-04-16,17:05:00,0.9,0.9,0.9,0.9,400,0
2014-04-16,20:45:00,0.92,0.92,0.92,0.92,200,0
2014-04-16,21:55:00,0.989,0.99,0.981,0.981,2440,0
2014-04-21,15:35:00,0.95,0.95,0.95,0.95,1600,0
2014-04-21,16:35:00,0.85,0.85,0.78,0.814,5000,0
2014-04-21,16:50:00,0.9,0.9,0.9,0.9,160,0
2014-04-21,19:15:00,0.9005,0.9005,0.9005,0.9005,125,0
2014-04-21,22:00:00,0.9001,0.949,0.9,0.9,725,0
2014-04-22,17:35:00,0.92,0.92,0.91,0.91,1230,0
2014-04-22,18:30:00,0.909,0.909,0.909,0.909,125,0
2014-04-22,19:15:00,0.903,0.903,0.903,0.903,100,0
2014-04-22,21:00:00,0.9,0.9,0.9,0.9,200,0
2014-04-22,22:00:00,0.85,0.85,0.85,0.85,100,0
2014-04-23,18:05:00,0.85,0.85,0.85,0.85,1400,0
2014-04-23,19:30:00,0.9,0.9001,0.85,0.8501,4900,0
2014-04-24,20:55:00,0.83,0.83,0.83,0.83,200,0
2014-04-24,22:00:00,0.82,0.83,0.82,0.83,300,0
2014-04-25,17:20:00,0.8,0.8,0.8,0.8,2000,0
2014-04-25,17:25:00,0.7999,0.8,0.795,0.8,3200,0
2014-04-25,18:15:00,0.8,0.8,0.8,0.8,100,0
2014-04-25,19:05:00,0.8,0.8,0.8,0.8,200,0
2014-04-25,20:30:00,0.75,0.75,0.75,0.75,400,0
2014-04-25,21:50:00,0.76,0.76,0.75,0.75,200,0
2014-04-25,22:00:00,0.77,0.77,0.77,0.77,100,0
2014-04-29,16:25:00,0.7501,0.7501,0.7501,0.7501,200,0
2014-04-29,18:35:00,0.75,0.7501,0.7,0.7,1222,0
2014-04-29,18:55:00,0.7,0.7,0.7,0.7,590,0
2014-04-29,20:10:00,0.7,0.7,0.7,0.7,160,0
2014-04-29,20:35:00,0.73,0.74,0.73,0.74,3710,0
2014-04-30,18:10:00,0.7201,0.7201,0.7201,0.7201,500,0
2014-04-30,21:50:00,0.725,0.725,0.725,0.725,100,0
2014-05-02,16:05:00,0.77,0.77,0.77,0.77,100,0
2014-05-05,22:00:00,0.79,0.9,0.79,0.9,300,0
2014-05-06,15:35:00,0.95,0.95,0.95,0.95,600,0
2014-05-06,16:30:00,0.77,0.77,0.77,0.77,2000,0
2014-05-07,21:45:00,0.77,0.77,0.77,0.77,300,0
2014-05-07,21:50:00,0.77,0.77,0.77,0.77,100,0
2014-05-08,15:50:00,0.72,0.72,0.72,0.72,800,0
2014-05-08,16:00:00,0.74,0.851,0.74,0.851,6400,0
2014-05-08,16:25:00,0.7201,0.7201,0.7201,0.7201,1835,0
2014-05-08,16:30:00,0.7201,0.7201,0.72,0.72,3000,0
2014-05-08,18:35:00,0.7,0.75,0.7,0.72,2300,0
2014-05-09,18:30:00,0.65,0.65,0.65,0.65,5000,0
2014-05-09,19:25:00,0.6,0.6,0.56,0.56,1100,0
2014-05-09,19:55:00,0.55,0.55,0.5,0.5,18109,0
2014-05-09,20:10:00,0.57,0.57,0.57,0.57,200,0
2014-05-09,21:35:00,0.6,0.65,0.6,0.65,700,0
2014-05-09,21:50:00,0.6,0.6,0.6,0.6,200,0
2014-05-09,22:00:00,0.85,0.85,0.75,0.75,200,0
2014-05-12,18:15:00,0.8223,0.8223,0.8223,0.8223,1000,0
2014-05-12,19:35:00,0.75,0.75,0.75,0.75,100,0
2014-05-12,21:10:00,0.74,0.74,0.74,0.74,300,0
2014-05-12,21:50:00,0.79,0.79,0.79,0.79,1000,0
2014-05-13,15:35:00,0.89,0.89,0.89,0.89,200,0
2014-05-13,18:35:00,0.872,0.872,0.7724,0.7724,1000,0
2014-05-13,21:55:00,0.8999,0.8999,0.84,0.84,300,0
2014-05-15,21:55:00,0.75,0.75,0.75,0.75,100,0
2014-05-16,16:10:00,0.8,0.8,0.8,0.8,200,0
2014-05-16,16:40:00,0.82,0.82,0.82,0.82,900,0
2014-05-16,21:30:00,0.74,0.75,0.74,0.75,1100,0
2014-05-19,19:55:00,0.72,0.72,0.72,0.72,200,0
2014-05-19,22:00:00,0.75,0.75,0.75,0.75,100,0
2014-05-20,16:40:00,0.7,0.7,0.7,0.7,200,0
2014-05-20,16:45:00,0.66,0.66,0.66,0.66,100,0
2014-05-20,17:20:00,0.66,0.66,0.66,0.66,100,0
2014-05-20,17:40:00,0.6599,0.6599,0.6599,0.6599,1100,0
2014-05-20,18:05:00,0.6599,0.6599,0.516,0.58,600,0
2014-05-20,18:15:00,0.58,0.58,0.5001,0.5001,1200,0
2014-05-20,18:20:00,0.513,0.5611,0.51,0.51,9300,0
2014-05-20,18:25:00,0.58,0.58,0.51,0.51,1200,0
2014-05-20,18:35:00,0.55,0.55,0.5101,0.5101,900,0
2014-05-20,18:50:00,0.61,0.61,0.61,0.61,200,0
2014-05-20,19:40:00,0.6,0.6,0.6,0.6,1000,0
2014-05-20,20:00:00,0.5701,0.5701,0.55,0.55,300,0
2014-05-20,21:45:00,0.54,0.54,0.54,0.54,100,0
2014-05-20,21:50:00,0.5401,0.5401,0.51,0.5101,7400,0
2014-05-20,21:55:00,0.51,0.51,0.51,0.51,500,0
2014-05-20,22:00:00,0.51,0.6,0.51,0.6,1280,0
2014-05-21,17:40:00,0.6,0.6,0.57,0.57,900,0
2014-05-21,17:45:00,0.501,0.54,0.5,0.54,4700,0
2014-05-21,17:50:00,0.5,0.55,0.5,0.55,1600,0
2014-05-21,17:55:00,0.55,0.55,0.55,0.55,200,0
2014-05-21,18:40:00,0.51,0.5101,0.51,0.51,1700,0
2014-05-21,21:05:00,0.5,0.5,0.5,0.5,100,0
2014-05-21,21:25:00,0.52,0.52,0.52,0.52,200,0
2014-05-21,21:40:00,0.51,0.51,0.51,0.51,700,0
2014-05-22,15:40:00,0.55,0.55,0.55,0.55,200,0
2014-05-22,15:45:00,0.5,0.5,0.49,0.49,2100,0
2014-05-22,15:50:00,0.55,0.55,0.55,0.55,200,0
2014-05-22,17:00:00,0.53,0.53,0.48,0.48,2900,0
2014-05-22,17:35:00,0.48,0.48,0.48,0.48,7500,0
2014-05-22,21:00:00,0.5702,0.5702,0.5,0.5,800,0
2014-05-22,22:00:00,0.6,0.6,0.6,0.6,100,0
2014-05-23,15:40:00,0.6,0.6,0.6,0.6,948,0
2014-05-23,17:00:00,0.6,0.6,0.6,0.6,200,0
2014-05-27,15:35:00,0.6,0.6,0.6,0.6,5000,0
2014-05-27,18:10:00,0.6,0.75,0.6,0.75,3200,0
2014-05-27,18:20:00,0.75,0.75,0.75,0.75,100,0
2014-05-27,18:25:00,0.73,0.73,0.73,0.73,100,0
2014-05-27,18:30:00,0.7,0.7,0.7,0.7,572,0
2014-05-27,18:35:00,0.75,0.75,0.75,0.75,200,0
2014-05-27,18:40:00,0.7999,0.7999,0.65,0.65,2928,0
2014-05-27,20:20:00,0.65,0.65,0.6,0.6,1700,0
2014-05-27,21:10:00,0.6,0.6,0.6,0.6,200,0
2014-05-28,19:15:00,0.6,0.6,0.6,0.6,540,0
2014-05-28,19:50:00,0.5999,0.6,0.59,0.6,4400,0
2014-05-29,15:35:00,0.81,0.99,0.81,0.99,8265,0
2014-05-29,15:40:00,0.91,0.91,0.91,0.91,965,0
2014-05-29,15:50:00,0.88,0.9,0.88,0.9,1900,0
2014-05-29,16:05:00,0.75,0.75,0.66,0.7,4100,0
2014-05-29,16:10:00,0.7,0.84,0.7,0.84,3380,0
2014-05-29,16:25:00,0.84,0.84,0.84,0.84,450,0
2014-05-29,17:00:00,0.73,0.73,0.73,0.73,1020,0
2014-05-29,18:10:00,0.76,0.76,0.75,0.75,1900,0
2014-05-29,19:15:00,0.77,0.77,0.77,0.77,100,0
2014-05-29,19:45:00,0.75,0.75,0.75,0.75,3300,0
2014-05-29,20:30:00,0.7601,0.7601,0.71,0.71,6100,0
2014-05-29,20:55:00,0.71,0.71,0.71,0.71,2700,0
2014-05-30,16:35:00,0.66,0.66,0.6,0.6,6700,0
2014-05-30,17:20:00,0.65,0.65,0.65,0.65,500,0
2014-06-04,20:05:00,0.74,0.75,0.74,0.75,5900,0
2014-06-04,20:25:00,0.8,0.8,0.75,0.75,1100,0
2014-06-06,15:50:00,0.905,0.905,0.905,0.905,250,0
2014-06-09,19:25:00,0.6652,0.6652,0.6652,0.6652,115,0
2014-06-09,20:25:00,0.68,0.7,0.68,0.7,500,0
2014-06-11,20:05:00,0.8799,0.8799,0.8799,0.8799,100,0
2014-06-11,20:30:00,0.71,0.71,0.71,0.71,200,0
2014-06-11,22:00:00,0.75,0.75,0.71,0.71,900,0
2014-06-12,16:50:00,0.83,0.83,0.83,0.83,1000,0
2014-06-12,20:40:00,0.7308,0.7308,0.7308,0.7308,100,0
2014-06-12,21:10:00,0.7,0.7,0.7,0.7,177,0
2014-06-12,21:25:00,0.7393,0.7393,0.7393,0.7393,900,0
2014-06-12,21:50:00,0.86,0.88,0.86,0.88,300,0
2014-06-16,15:35:00,0.84,0.84,0.84,0.84,200,0
2014-06-17,20:30:00,0.7018,0.7018,0.7018,0.7018,3960,0
2014-06-17,20:35:00,0.71,0.73,0.71,0.73,660,0
2014-06-17,20:40:00,0.71,0.73,0.71,0.73,860,0
2014-06-17,20:45:00,0.79,0.79,0.79,0.79,2000,0
2014-06-17,20:55:00,0.874,0.874,0.874,0.874,200,0
2014-06-17,21:10:00,0.832,0.8739,0.832,0.8739,900,0
2014-06-17,21:20:00,0.84,0.84,0.84,0.84,100,0
2014-06-18,16:15:00,0.8639,0.8639,0.8639,0.8639,200,0
2014-06-18,16:20:00,0.83,0.83,0.83,0.83,100,0
2014-06-18,16:30:00,0.8,0.8,0.8,0.8,114,0
2014-06-18,16:40:00,0.85,0.85,0.85,0.85,100,0
2014-06-18,16:55:00,0.81,0.81,0.8,0.8,6131,0
2014-06-18,17:20:00,0.82,0.82,0.82,0.82,200,0
2014-06-18,19:45:00,0.82,0.82,0.82,0.82,900,0
2014-06-18,19:55:00,0.8739,0.8739,0.8739,0.8739,200,0
2014-06-18,20:20:00,0.86,0.86,0.86,0.86,100,0
2014-06-18,20:30:00,0.87,0.87,0.87,0.87,700,0
2014-06-18,20:35:00,0.874,0.8999,0.874,0.8999,800,0
2014-06-18,20:40:00,0.8791,0.8791,0.879,0.879,9552,0
2014-06-18,20:55:00,0.879,0.879,0.879,0.879,3334,0
2014-06-24,15:35:00,1.18,1.2,1.04,1.04,12400,0
2014-06-24,15:40:00,1.04,1.11,1.02,1.0999,9000,0
2014-06-24,15:45:00,1.02,1.02,0.95,0.95,6100,0
2014-06-24,15:50:00,0.98,0.98,0.95,0.95,2120,0
2014-06-24,16:00:00,0.94,0.94,0.85,0.92,6400,0
2014-06-24,16:10:00,0.949,0.949,0.91,0.91,1501,0
2014-06-24,16:25:00,0.9879,0.9879,0.9879,0.9879,600,0
2014-06-24,16:30:00,0.9792,0.9792,0.9792,0.9792,223,0
2014-06-24,16:50:00,0.9,0.9,0.9,0.9,400,0
2014-06-24,17:25:00,0.91,0.91,0.91,0.91,400,0
2014-06-24,17:30:00,0.91,0.91,0.9,0.9,1000,0
2014-06-24,17:40:00,0.9,0.9,0.85,0.85,2499,0
2014-06-24,17:45:00,0.88,0.88,0.88,0.88,400,0
2014-06-24,17:55:00,0.86,0.86,0.85,0.85,2501,0
2014-06-24,18:05:00,0.84,0.84,0.83,0.83,300,0
2014-06-24,18:45:00,0.82,0.85,0.82,0.85,1860,0
2014-06-24,20:25:00,0.83,0.83,0.83,0.83,3000,0
2014-06-24,21:15:00,0.85,0.85,0.84,0.84,1500,0
2014-06-24,21:30:00,0.84,0.85,0.82,0.85,2170,0
2014-06-24,22:00:00,0.83,0.83,0.83,0.83,1002,0
2014-06-25,15:35:00,0.85,0.85,0.85,0.85,100,0
2014-06-25,17:05:00,0.85,0.85,0.85,0.85,2188,0
2014-06-25,17:30:00,0.85,0.85,0.8499,0.85,1200,0
2014-06-25,17:55:00,0.75,0.75,0.75,0.75,2615,0
2014-06-25,18:00:00,0.75,0.75,0.72,0.7499,13601,0
2014-06-25,20:00:00,0.75,0.75,0.75,0.75,600,0
2014-06-25,22:00:00,0.73,0.75,0.73,0.75,10600,0
2014-06-26,15:55:00,0.7501,0.7501,0.75,0.75,2600,0
2014-06-26,16:00:00,0.75,0.75,0.75,0.75,500,0
2014-06-26,16:25:00,0.75,0.75,0.75,0.75,13200,0
2014-06-26,21:55:00,0.72,0.72,0.72,0.72,5000,0
2014-06-30,17:40:00,0.72,0.72,0.72,0.72,500,0
2014-06-30,18:10:00,0.68,0.68,0.68,0.68,100,0
2014-06-30,18:15:00,0.6999,0.6999,0.6999,0.6999,800,0
2014-06-30,18:35:00,0.64,0.64,0.64,0.64,700,0
2014-06-30,21:00:00,0.69,0.72,0.69,0.72,2100,0
2014-07-01,19:15:00,0.72,0.72,0.71,0.71,3000,0
2014-07-01,21:45:00,0.65,0.65,0.65,0.65,500,0
2014-07-01,21:50:00,0.65,0.65,0.65,0.65,400,0
2014-07-01,21:55:00,0.66,0.66,0.66,0.66,100,0
2014-07-02,16:05:00,0.8499,0.8499,0.79,0.79,300,0
2014-07-02,16:20:00,0.775,0.78,0.775,0.78,400,0
2014-07-02,16:35:00,0.7,0.71,0.67,0.71,5646,0
2014-07-02,16:40:00,0.71,0.71,0.71,0.71,2900,0
2014-07-02,16:45:00,0.7056,0.7056,0.7056,0.7056,500,0
2014-07-02,17:35:00,0.71,0.71,0.71,0.71,123,0
2014-07-02,21:55:00,0.69,0.69,0.69,0.69,200,0
2014-07-08,19:40:00,0.67,0.67,0.67,0.67,100,0
2014-07-09,19:35:00,0.64,0.64,0.64,0.64,100,0
2014-07-10,17:00:00,0.75,0.75,0.75,0.75,16247,0
2014-07-10,17:05:00,0.8,0.8,0.8,0.8,2199,0
2014-07-10,17:10:00,0.72,0.72,0.72,0.72,300,0
2014-07-10,17:15:00,0.65,0.66,0.63,0.63,6900,0
2014-07-10,17:30:00,0.705,0.705,0.705,0.705,500,0
2014-07-10,20:40:00,0.685,0.685,0.685,0.685,500,0
2014-07-10,21:50:00,0.7,0.7,0.7,0.7,1000,0
2014-07-11,20:40:00,0.68,0.68,0.68,0.68,200,0
2014-07-14,18:40:00,0.74,0.74,0.74,0.74,100,0
2014-07-14,19:30:00,0.7699,0.7699,0.7699,0.7699,100,0
2014-07-14,20:35:00,0.7,0.7,0.7,0.7,500,0
2014-07-15,18:35:00,0.6999,0.6999,0.69,0.69,1000,0
2014-07-16,16:30:00,0.71,0.71,0.69,0.69,2600,0
2014-07-16,21:25:00,0.69,0.69,0.69,0.69,1000,0
2014-07-16,21:55:00,0.67,0.67,0.67,0.67,1000,0
2014-07-17,16:50:00,0.65,0.65,0.65,0.65,200,0
2014-07-17,19:05:00,0.7,0.7,0.7,0.7,100,0
2014-07-17,19:35:00,0.7799,0.7799,0.7799,0.7799,100,0
2014-07-17,20:15:00,0.69,0.69,0.685,0.685,200,0
2014-07-18,16:55:00,0.7999,0.7999,0.7999,0.7999,100,0
2014-07-18,17:00:00,0.75,0.75,0.71,0.71,700,0
2014-07-18,17:20:00,0.71,0.71,0.7,0.7,300,0
2014-07-21,15:35:00,0.6,0.6,0.6,0.6,2000,0
2014-07-21,18:05:00,0.79,0.79,0.79,0.79,100,0
2014-07-21,18:45:00,0.732,0.732,0.732,0.732,1600,0
2014-07-21,19:00:00,0.72,0.72,0.72,0.72,100,0
2014-07-21,20:55:00,0.65,0.65,0.65,0.65,400,0
2014-07-21,21:35:00,0.65,0.65,0.65,0.65,5500,0
2014-07-21,21:55:00,0.65,0.65,0.65,0.65,8800,0
2014-07-22,21:45:00,0.61,0.61,0.6,0.6,4159,0
2014-07-22,21:55:00,0.6,0.6,0.6,0.6,147,0
2014-07-24,20:00:00,0.6,0.6,0.6,0.6,153,0
2014-07-24,20:05:00,0.6024,0.6024,0.6024,0.6024,153,0
2014-07-24,20:50:00,0.6,0.6,0.5352,0.5352,694,0
2014-07-24,20:55:00,0.6,0.6,0.6,0.6,1000,0
2014-07-28,15:35:00,0.83,0.9,0.68,0.68,12320,0
2014-07-28,15:40:00,0.7,0.7,0.7,0.7,100,0
2014-07-28,15:45:00,0.755,0.755,0.72,0.728,1700,0
2014-07-28,15:50:00,0.71,0.71,0.68,0.68,2304,0
2014-07-28,16:05:00,0.7,0.7001,0.7,0.7,1900,0
2014-07-28,16:10:00,0.65,0.65,0.65,0.65,300,0
2014-07-28,16:55:00,0.57,0.57,0.57,0.57,400,0
2014-07-28,20:35:00,0.6,0.6,0.6,0.6,1400,0
2014-07-28,20:40:00,0.65,0.65,0.65,0.65,100,0
2014-07-28,20:50:00,0.64,0.65,0.64,0.64,300,0
2014-07-28,20:55:00,0.64,0.64,0.64,0.64,300,0
2014-07-28,21:35:00,0.64,0.64,0.64,0.64,4300,0
2014-07-29,16:00:00,0.51,0.54,0.51,0.54,850,0
2014-07-29,18:05:00,0.59,0.59,0.58,0.58,2300,0
2014-07-29,18:25:00,0.73,0.91,0.73,0.91,9150,0
2014-07-29,18:30:00,0.88,0.9,0.88,0.9,8510,0
2014-07-29,18:50:00,0.71,0.71,0.58,0.58,17000,0
2014-07-29,18:55:00,0.58,0.58,0.58,0.58,100,0
2014-07-29,19:15:00,0.64,0.64,0.64,0.64,200,0
2014-07-29,20:25:00,0.64,0.64,0.6,0.6,3950,0
2014-07-29,21:30:00,0.6001,0.6001,0.6001,0.6001,100,0
2014-07-29,21:35:00,0.6,0.6,0.6,0.6,3240,0
2014-07-29,21:40:00,0.6,0.6,0.6,0.6,700,0
2014-07-30,18:45:00,0.5801,0.5801,0.5801,0.5801,1000,0
2014-07-30,21:00:00,0.76,0.77,0.76,0.77,2200,0
2014-08-01,16:50:00,0.73,0.75,0.73,0.75,8400,0
2014-08-04,22:00:00,0.74,0.74,0.74,0.74,100,0
2014-08-05,16:10:00,0.63,0.63,0.56,0.56,4198,0
2014-08-05,21:45:00,0.69,0.7,0.65,0.65,4900,0
2014-08-05,22:00:00,0.74,0.74,0.74,0.74,100,0
2014-08-06,21:40:00,0.55,0.58,0.53,0.58,5907,0
2014-08-06,21:55:00,0.7099,0.7099,0.7099,0.7099,100,0
2014-08-08,18:30:00,0.54,0.54,0.54,0.54,200,0
2014-08-08,19:10:00,0.55,0.55,0.55,0.55,100,0
2014-08-08,19:35:00,0.55,0.55,0.55,0.55,100,0
2014-08-08,20:00:00,0.55,0.55,0.55,0.55,100,0
2014-08-08,20:20:00,0.57,0.57,0.57,0.57,100,0
2014-08-08,20:40:00,0.57,0.57,0.57,0.57,100,0
2014-08-08,21:15:00,0.55,0.55,0.55,0.55,100,0
2014-08-08,21:30:00,0.55,0.55,0.55,0.55,100,0
2014-08-08,21:40:00,0.56,0.56,0.56,0.56,100,0
2014-08-08,21:45:00,0.56,0.56,0.56,0.56,100,0
2014-08-08,21:50:00,0.56,0.56,0.56,0.56,100,0
2014-08-08,21:55:00,0.56,0.56,0.56,0.56,100,0
2014-08-08,22:00:00,0.55,0.6999,0.55,0.6999,300,0
2014-08-11,15:35:00,0.72,0.74,0.72,0.74,800,0
2014-08-11,15:40:00,0.74,0.7462,0.71,0.71,1300,0
2014-08-11,20:35:00,0.55,0.55,0.55,0.55,100,0
2014-08-11,21:45:00,0.65,0.65,0.65,0.65,100,0
2014-08-11,21:55:00,0.6,0.6,0.6,0.6,1000,0
2014-08-11,22:00:00,0.55,0.55,0.55,0.55,119,0
2014-08-12,15:55:00,0.55,0.55,0.55,0.55,200,0
2014-08-12,19:55:00,0.56,0.56,0.56,0.56,1200,0
2014-08-12,20:10:00,0.5801,0.5801,0.5801,0.5801,100,0
2014-08-12,20:15:00,0.5801,0.5801,0.5801,0.5801,300,0
2014-08-12,21:15:00,0.6499,0.65,0.64,0.65,2319,0
2014-08-12,21:20:00,0.65,0.67,0.65,0.67,1200,0
2014-08-12,21:25:00,0.67,0.67,0.67,0.67,100,0
2014-08-12,21:30:00,0.67,0.6999,0.67,0.6999,1981,0
2014-08-12,21:50:00,0.6,0.6,0.6,0.6,500,0
2014-08-12,21:55:00,0.6,0.6,0.5873,0.5873,1000,0
2014-08-12,22:00:00,0.6699,0.67,0.66,0.67,3000,0
2014-08-13,15:40:00,0.57,0.57,0.55,0.55,2200,0
2014-08-13,15:55:00,0.67,0.67,0.67,0.67,100,0
2014-08-13,16:00:00,0.67,0.67,0.67,0.67,6305,0
2014-08-13,16:05:00,0.67,0.67,0.67,0.67,834,0
2014-08-13,17:10:00,0.67,0.67,0.67,0.67,200,0
2014-08-13,21:50:00,0.67,0.67,0.67,0.67,400,0
2014-08-14,19:00:00,0.55,0.55,0.55,0.55,1250,0
2014-08-14,22:00:00,0.6499,0.6499,0.6499,0.6499,100,0
2014-08-15,16:20:00,0.51,0.51,0.51,0.51,1400,0
2014-08-15,16:45:00,0.7,0.7,0.7,0.7,1000,0
2014-08-15,22:00:00,0.537,0.537,0.537,0.537,2000,0
2014-08-18,21:40:00,0.6,0.6,0.51,0.5431,8322,0
2014-08-18,22:00:00,0.698,0.698,0.698,0.698,100,0
2014-08-20,17:25:00,0.57,0.57,0.5,0.566,5080,0
2014-08-20,17:45:00,0.52,0.52,0.5101,0.5101,2334,0
2014-08-20,17:55:00,0.5147,0.5288,0.5147,0.5288,2200,0
2014-08-20,20:35:00,0.58,0.58,0.58,0.58,150,0
2014-08-20,22:00:00,0.6998,0.6998,0.6998,0.6998,100,0
2014-08-22,18:05:00,0.53,0.53,0.49,0.5,16105,0
2014-08-22,18:45:00,0.64,0.68,0.64,0.6502,5000,0
2014-08-22,18:50:00,0.6502,0.6502,0.6502,0.6502,100,0
2014-08-22,21:45:00,0.6699,0.6699,0.6699,0.6699,100,0
2014-08-25,15:35:00,0.73,0.81,0.73,0.73,12005,0
2014-08-25,16:05:00,0.72,0.72,0.72,0.72,100,0
2014-08-25,16:55:00,0.71,0.71,0.71,0.71,100,0
2014-08-25,17:00:00,0.71,0.71,0.71,0.71,500,0
2014-08-25,17:15:00,0.66,0.66,0.66,0.66,100,0
2014-08-25,17:40:00,0.66,0.66,0.65,0.65,703,0
2014-08-25,21:20:00,0.6,0.6,0.5301,0.5301,500,0
2014-08-25,21:25:00,0.6,0.6,0.5501,0.5501,1000,0
2014-08-25,21:45:00,0.6,0.6,0.6,0.6,1402,0
2014-08-25,21:55:00,0.6,0.6,0.6,0.6,100,0
2014-08-25,22:00:00,0.59,0.59,0.56,0.56,200,0
2014-08-26,15:55:00,0.7,0.7,0.7,0.7,500,0
2014-08-26,16:00:00,0.7,0.7,0.7,0.7,300,0
2014-08-26,16:05:00,0.6,0.6,0.6,0.6,300,0
2014-08-26,17:05:00,0.78,0.78,0.78,0.78,100,0
2014-08-26,17:30:00,0.7122,0.7122,0.7122,0.7122,100,0
2014-08-27,17:15:00,0.69,0.69,0.69,0.69,200,0
2014-08-27,22:00:00,0.62,0.62,0.62,0.62,2600,0
2014-08-28,20:30:00,0.6999,0.6999,0.6999,0.6999,100,0
2014-08-28,21:35:00,0.63,0.63,0.5201,0.5201,7252,0
2014-09-02,19:40:00,0.63,0.63,0.5355,0.5355,800,0
2014-09-02,20:05:00,0.63,0.63,0.63,0.63,100,0
2014-09-03,16:25:00,0.63,0.63,0.63,0.63,1000,0
2014-09-03,16:30:00,0.63,0.63,0.63,0.63,600,0
2014-09-03,19:50:00,0.69,0.69,0.69,0.69,200,0
2014-09-03,21:05:00,0.64,0.64,0.6,0.6,200,0
2014-09-04,16:50:00,0.68,0.68,0.68,0.68,500,0
2014-09-04,16:55:00,0.68,0.7,0.67,0.7,7352,0
2014-09-04,17:20:00,0.67,0.67,0.67,0.67,600,0
2014-09-04,18:40:00,0.7,0.7,0.7,0.7,100,0
2014-09-04,20:15:00,0.7,0.7,0.7,0.7,100,0
2014-09-04,20:30:00,0.65,0.65,0.64,0.64,400,0
2014-09-04,20:45:00,0.6238,0.6238,0.6238,0.6238,500,0
2014-09-04,21:20:00,0.63,0.63,0.58,0.58,500,0
2014-09-04,21:25:00,0.62,0.62,0.62,0.62,200,0
2014-09-05,18:45:00,0.78,0.78,0.78,0.78,450,0
2014-09-08,17:25:00,0.62,0.62,0.62,0.62,450,0
2014-09-10,19:15:00,0.65,0.72,0.65,0.72,1200,0
2014-09-16,15:45:00,0.62,0.62,0.61,0.61,700,0
2014-09-16,16:15:00,0.62,0.62,0.58,0.58,500,0
2014-09-16,16:35:00,0.65,0.65,0.6499,0.65,1000,0
2014-09-16,21:10:00,0.6248,0.6248,0.6248,0.6248,100,0
2014-09-16,21:50:00,0.65,0.65,0.65,0.65,300,0
2014-09-16,21:55:00,0.6318,0.6318,0.6318,0.6318,500,0
2014-09-17,16:35:00,0.71,0.71,0.71,0.71,200,0
2014-09-17,17:25:00,0.647,0.647,0.647,0.647,500,0
2014-09-17,21:50:00,0.6,0.6,0.58,0.58,3100,0
2014-09-18,20:50:00,0.6,0.6,0.57,0.57,387,0
2014-09-18,22:00:00,0.7199,0.7199,0.7199,0.7199,100,0
2014-09-19,18:50:00,0.63,0.6581,0.63,0.6581,300,0
2014-09-22,19:55:00,0.63,0.63,0.63,0.63,200,0
2014-09-22,20:00:00,0.63,0.63,0.63,0.63,100,0
2014-09-22,20:05:00,0.62,0.63,0.62,0.63,200,0
2014-09-22,20:45:00,0.65,0.65,0.65,0.65,100,0
2014-09-23,18:15:00,0.63,0.63,0.5557,0.5557,900,0
2014-09-23,18:20:00,0.62,0.62,0.62,0.62,100,0
2014-09-23,21:10:00,0.61,0.61,0.61,0.61,100,0
2014-09-23,21:25:00,0.6,0.6,0.6,0.6,100,0
2014-09-23,21:30:00,0.6,0.6,0.59,0.59,200,0
2014-09-24,15:50:00,0.6373,0.6373,0.6373,0.6373,500,0
2014-09-24,15:55:00,0.6,0.6,0.56,0.56,600,0
2014-09-24,20:50:00,0.635,0.635,0.635,0.635,100,0
2014-09-24,21:25:00,0.6,0.6,0.6,0.6,100,0
2014-09-24,21:45:00,0.6,0.6,0.6,0.6,300,0
2014-09-25,20:30:00,0.625,0.625,0.6,0.6,1286,0
2014-09-26,21:25:00,0.6,0.6,0.5989,0.5989,300,0
2014-09-26,21:45:00,0.55,0.55,0.55,0.55,1500,0
2014-09-26,21:50:00,0.599,0.7,0.599,0.678,5000,0
2014-09-29,16:15:00,0.6,0.6,0.5101,0.5101,5200,0
2014-09-29,16:25:00,0.7,0.7,0.7,0.7,100,0
2014-10-02,21:05:00,0.6,0.6,0.6,0.6,200,0
2014-10-02,21:20:00,0.6,0.6,0.55,0.57,1016,0
2014-10-02,21:25:00,0.57,0.57,0.56,0.56,200,0
2014-10-02,22:00:00,0.5701,0.6,0.5701,0.6,300,0
2014-10-03,18:35:00,0.56,0.65,0.56,0.65,1200,0
2014-10-06,15:35:00,0.63,0.63,0.63,0.63,1800,0
2014-10-06,15:55:00,0.68,0.68,0.68,0.68,100,0
2014-10-06,21:45:00,0.63,0.63,0.63,0.63,900,0
2014-10-07,16:55:00,0.65,0.65,0.65,0.65,200,0
2014-10-07,21:35:00,0.6661,0.6661,0.6661,0.6661,900,0
2014-10-08,22:00:00,0.63,0.63,0.63,0.63,200,0
2014-10-13,16:35:00,0.6453,0.6453,0.6453,0.6453,400,0
2014-10-13,17:10:00,0.66,0.66,0.66,0.66,420,0
2014-10-13,18:20:00,0.6,0.6001,0.6,0.6001,200,0
2014-10-14,19:30:00,0.61,0.61,0.61,0.61,200,0
2014-10-14,21:55:00,0.61,0.61,0.61,0.61,100,0
2014-10-15,21:55:00,0.6899,0.6899,0.6899,0.6899,100,0
2014-10-17,15:55:00,0.68,0.68,0.68,0.68,200,0
2014-10-17,16:00:00,0.68,0.68,0.68,0.68,1552,0
2014-10-17,16:10:00,0.68,0.68,0.68,0.68,2000,0
2014-10-17,16:30:00,0.7,0.7,0.7,0.7,200,0
2014-10-17,20:50:00,0.68,0.68,0.68,0.68,398,0
2014-10-22,16:50:00,0.68,0.68,0.68,0.68,200,0
2014-10-24,21:50:00,0.6899,0.6899,0.6899,0.6899,100,0
2014-10-28,16:50:00,0.64,0.64,0.64,0.64,400,0
2014-10-28,17:20:00,0.64,0.64,0.64,0.64,200,0
2014-10-28,18:00:00,0.6999,0.6999,0.6999,0.6999,100,0
2014-10-30,15:25:00,0.7,0.7,0.7,0.7,100,0
2014-10-31,15:20:00,0.68,0.68,0.68,0.68,300,0
2014-11-07,15:55:00,0.7,0.7,0.7,0.7,200,0
2014-11-10,19:20:00,0.6,0.6,0.55,0.55,1191,0
2014-11-11,15:40:00,0.6999,0.6999,0.6999,0.6999,100,0
2014-11-13,16:10:00,0.6899,0.6899,0.6899,0.6899,100,0
2014-11-13,17:15:00,0.621,0.634,0.62,0.634,777,0
2014-11-13,18:55:00,0.6899,0.6899,0.6899,0.6899,100,0
2014-11-14,19:25:00,0.6,0.6,0.6,0.6,100,0
2014-11-14,20:40:00,0.6899,0.6899,0.6899,0.6899,100,0
2014-11-18,16:00:00,0.6899,0.6899,0.6899,0.6899,100,0
2014-11-21,17:45:00,0.6173,0.6173,0.6173,0.6173,750,0
2014-11-21,19:05:00,0.67,0.67,0.67,0.67,500,0
2014-11-24,17:40:00,0.65,0.65,0.65,0.65,100,0
2014-11-24,18:55:00,0.6699,0.6699,0.6699,0.6699,250,0
2014-11-25,19:30:00,0.62,0.62,0.62,0.62,200,0
2014-11-25,21:55:00,0.6899,0.6899,0.6899,0.6899,100,0
2014-11-28,16:45:00,0.6699,0.6699,0.6699,0.6699,100,0
2014-11-28,18:55:00,0.61,0.61,0.61,0.61,100,0
2014-12-01,15:35:00,0.67,0.67,0.67,0.67,200,0
2014-12-02,19:15:00,0.611,0.611,0.4575,0.611,2398,0
2014-12-02,19:20:00,0.6,0.6,0.42,0.49,1200,0
2014-12-02,19:25:00,0.42,0.51,0.42,0.51,600,0
2014-12-02,19:30:00,0.47,0.47,0.47,0.47,300,0
2014-12-02,19:35:00,0.42,0.42,0.42,0.42,200,0
2014-12-02,19:45:00,0.419,0.419,0.419,0.419,200,0
2014-12-02,20:25:00,0.5847,0.5847,0.5847,0.5847,5000,0
2014-12-02,20:35:00,0.58,0.58,0.58,0.58,700,0
2014-12-03,15:40:00,0.67,0.67,0.67,0.67,200,0
2014-12-03,16:10:00,0.539,0.539,0.539,0.539,600,0
2014-12-03,17:15:00,0.65,0.65,0.65,0.65,100,0
2014-12-04,21:25:00,0.53,0.53,0.384,0.424,9898,0
2014-12-04,21:30:00,0.5525,0.5525,0.53,0.54,10100,0
2014-12-08,19:20:00,0.5,0.5,0.5,0.5,1800,0
2014-12-10,21:40:00,0.5,0.5,0.5,0.5,100,0
2014-12-12,17:10:00,0.5,0.5,0.5,0.5,300,0
2014-12-15,15:45:00,0.35,0.35,0.35,0.35,200,0
2014-12-15,18:10:00,0.3501,0.36,0.3501,0.36,400,0
2014-12-15,19:10:00,0.42,0.42,0.38,0.38,4100,0
2014-12-15,19:15:00,0.38,0.38,0.38,0.38,500,0
2014-12-15,20:30:00,0.3801,0.3801,0.3801,0.3801,200,0
2014-12-15,21:30:00,0.4551,0.4551,0.4551,0.4551,300,0
2014-12-16,17:35:00,0.4,0.4,0.4,0.4,1300,0
2014-12-16,18:50:00,0.4,0.4,0.4,0.4,1000,0
2014-12-16,22:00:00,0.5,0.5,0.5,0.5,410,0
2014-12-17,19:05:00,0.452,0.452,0.452,0.452,1000,0
2014-12-22,16:15:00,0.44,0.44,0.44,0.44,500,0
2014-12-22,17:40:00,0.24,0.24,0.22,0.225,1000,0
2014-12-22,18:05:00,0.399,0.625,0.399,0.575,7866,0
2014-12-22,18:25:00,0.5,0.5,0.5,0.5,600,0
2014-12-22,21:40:00,0.51,0.51,0.51,0.51,200,0
2014-12-22,21:55:00,0.4999,0.4999,0.4999,0.4999,100,0
2014-12-23,16:40:00,0.52,0.52,0.52,0.52,100,0
2014-12-23,17:05:00,0.25,0.25,0.25,0.25,100,0
2014-12-23,17:10:00,0.28,0.29,0.28,0.29,400,0
2014-12-23,18:15:00,0.449,0.45,0.449,0.45,300,0
2014-12-23,20:45:00,0.45,0.45,0.45,0.45,1800,0
2014-12-29,17:10:00,0.279,0.279,0.279,0.279,1698,0
2014-12-29,17:50:00,0.3,0.3,0.3,0.3,3000,0
2014-12-29,18:35:00,0.35,0.35,0.35,0.35,3500,0
2014-12-29,19:50:00,0.35,0.35,0.35,0.35,100,0
2014-12-29,20:20:00,0.31,0.31,0.31,0.31,10000,0
2014-12-29,21:25:00,0.29,0.29,0.29,0.29,1000,0
2014-12-29,21:30:00,0.28,0.28,0.28,0.28,1100,0
2014-12-30,19:20:00,0.22,0.22,0.2113,0.2113,6400,0
2014-12-30,19:40:00,0.24,0.24,0.24,0.24,2000,0
2014-12-30,20:50:00,0.25,0.25,0.25,0.25,400,0
2014-12-30,21:10:00,0.2,0.2,0.2,0.2,1000,0
2014-12-30,21:55:00,0.175,0.175,0.14,0.14,1600,0
2014-12-30,22:00:00,0.1351,0.1819,0.1351,0.1819,200,0
2014-12-31,16:20:00,0.2,0.2,0.2,0.2,400,0
2014-12-31,16:25:00,0.2,0.2,0.2,0.2,5000,0
2014-12-31,19:20:00,0.17,0.17,0.17,0.17,200,0
2014-12-31,19:25:00,0.17,0.17,0.17,0.17,3000,0
2014-12-31,20:35:00,0.21,0.21,0.2042,0.2042,700,0
2014-12-31,22:00:00,0.18,0.18,0.17,0.17,2200,0
2015-01-02,18:10:00,0.2,0.2,0.2,0.2,2000,0
2015-01-02,18:15:00,0.21,0.24,0.21,0.21,2300,0
2015-01-02,18:35:00,0.18,0.18,0.18,0.18,1500,0
2015-01-02,18:55:00,0.2,0.2,0.2,0.2,2000,0
2015-01-02,20:35:00,0.2,0.2,0.2,0.2,789,0
2015-01-02,20:45:00,0.18,0.18,0.18,0.18,100,0
2015-01-02,21:15:00,0.18,0.18,0.17,0.18,14600,0
2015-01-05,15:40:00,0.2,0.2,0.2,0.2,6699,0
2015-01-05,16:00:00,0.19,0.2,0.19,0.2,12000,0
2015-01-05,18:30:00,0.19,0.19,0.19,0.19,1400,0
2015-01-05,19:00:00,0.19,0.19,0.19,0.19,600,0
2015-01-05,19:10:00,0.19,0.19,0.19,0.19,1040,0
2015-01-05,20:10:00,0.19,0.2,0.19,0.2,1961,0
2015-01-05,21:25:00,0.2,0.2,0.2,0.2,100,0
2015-01-07,20:55:00,0.2,0.2,0.2,0.2,10000,0
2015-01-07,22:00:00,0.2,0.2,0.2,0.2,200,0
2015-01-12,15:35:00,0.18,0.18,0.18,0.18,7500,0
2015-01-12,16:25:00,0.16,0.16,0.16,0.16,595,0
2015-01-13,16:25:00,0.2,0.2,0.2,0.2,800,0
2015-01-13,16:30:00,0.2,0.2,0.2,0.2,195,0
2015-01-13,16:50:00,0.2,0.2,0.2,0.2,2800,0
2015-01-13,18:05:00,0.25,0.25,0.25,0.25,400,0
2015-01-13,19:00:00,0.25,0.26,0.25,0.26,6100,0
2015-01-13,19:35:00,0.26,0.26,0.26,0.26,400,0
2015-01-13,19:40:00,0.3,0.3001,0.3,0.3,2800,0
2015-01-13,19:45:00,0.32,0.32,0.32,0.32,200,0
2015-01-13,19:50:00,0.3152,0.3152,0.3152,0.3152,2000,0
2015-01-13,20:15:00,0.33,0.33,0.33,0.33,200,0
2015-01-13,20:25:00,0.3,0.3,0.26,0.3,1000,0
2015-01-13,21:05:00,0.31,0.31,0.31,0.31,100,0
2015-01-13,21:10:00,0.31,0.31,0.31,0.31,100,0
2015-01-13,21:20:00,0.31,0.31,0.31,0.31,100,0
2015-01-13,21:25:00,0.31,0.31,0.31,0.31,100,0
2015-01-13,21:35:00,0.3,0.3,0.3,0.3,100,0
2015-01-13,21:40:00,0.31,0.31,0.31,0.31,100,0
2015-01-13,21:45:00,0.31,0.31,0.31,0.31,100,0
2015-01-13,21:50:00,0.31,0.31,0.31,0.31,100,0
2015-01-13,21:55:00,0.31,0.31,0.31,0.31,136,0
2015-01-14,15:35:00,0.32,0.32,0.32,0.32,2000,0
2015-01-14,15:40:00,0.32,0.32,0.32,0.32,870,0
2015-01-15,16:10:00,0.32,0.32,0.32,0.32,131,0
2015-01-15,17:05:00,0.32,0.32,0.32,0.32,200,0
2015-02-04,19:55:00,0.27,0.27,0.27,0.27,100,0
2015-02-04,22:00:00,0.25,0.25,0.25,0.25,600,0
2015-02-06,16:50:00,0.16,0.16,0.16,0.16,800,0
2015-02-06,17:50:00,0.16,0.16,0.1599,0.16,2500,0
2015-02-06,21:15:00,0.16,0.16,0.16,0.16,600,0
2015-02-06,21:40:00,0.12,0.12,0.12,0.12,900,0
2015-02-06,21:55:00,0.135,0.135,0.135,0.135,100,0
2015-02-06,22:00:00,0.1543,0.1755,0.1543,0.1755,350,0
2015-02-10,15:35:00,0.25,0.25,0.25,0.25,100,0
2015-02-10,16:45:00,0.2,0.2,0.2,0.2,5100,0
2015-02-18,17:40:00,0.21,0.21,0.21,0.21,700,0
2015-02-18,19:25:00,0.2599,0.26,0.24,0.24,600,0
2015-02-20,21:10:00,0.2399,0.24,0.2399,0.24,2557,0
2015-02-20,21:15:00,0.2599,0.2599,0.2599,0.2599,443,0
2015-02-20,21:30:00,0.2399,0.2399,0.2399,0.2399,200,0
2015-02-20,21:35:00,0.23,0.26,0.23,0.26,3000,0
