Date,Time,Open,High,Low,Close,Volume,OpenInt
2015-02-03,16:50:00,39.12,39.16,39.05,39.10,70503,0
2015-02-03,16:55:00,39.1,39.14,39.09,39.13,103405,0
2015-02-03,17:00:00,39.12,39.14,39.09,39.1,45619,0
2015-02-03,17:05:00,39.09,39.11,39.04,39.05,42967,0
2015-02-03,17:10:00,39.05,39.15,39.05,39.14,83149,0
2015-02-03,17:15:00,39.14,39.16,39.1,39.13,34590,0
2015-02-03,17:20:00,39.12,39.18,39.11,39.17,19620,0
2015-02-03,17:25:00,39.17,39.27,39.17,39.27,22787,0
2015-02-03,17:30:00,39.27,39.36,39.27,39.27,30674,0
2015-02-03,17:35:00,39.27,39.33,39.24,39.26,28870,0
2015-02-03,17:40:00,39.26,39.27,39.18,39.26,19962,0
2015-02-03,17:45:00,39.25,39.3,39.2,39.28,27828,0
2015-02-03,17:50:00,39.28,39.28,39.17,39.22,18780,0
2015-02-03,17:55:00,39.22,39.23,39.13,39.13,29908,0
2015-02-03,18:00:00,39.15,39.15,39.1,39.11,24004,0
2015-02-03,18:05:00,39.11,39.13,39.07,39.12,93208,0
2015-02-03,18:10:00,39.12,39.16,39.11,39.14,24620,0
2015-02-03,18:15:00,39.14,39.23,39.13,39.23,31396,0
2015-02-03,18:20:00,39.22,39.22,39.18,39.18,34110,0
2015-02-03,18:25:00,39.17,39.18,39.12,39.12,23657,0
2015-02-03,18:30:00,39.13,39.2,39.13,39.19,25506,0
2015-02-03,18:35:00,39.18,39.18,39.08,39.08,16302,0
2015-02-03,18:40:00,39.08,39.1,39.05,39.08,14791,0
2015-02-03,18:45:00,39.09,39.13,39.08,39.12,16763,0
2015-02-03,18:50:00,39.13,39.16,39.07,39.1,13538,0
2015-02-03,18:55:00,39.1,39.13,39.06,39.13,23772,0
2015-02-03,19:00:00,39.14,39.19,39.14,39.18,19489,0
2015-02-03,19:05:00,39.18,39.2,39.14,39.17,12519,0
2015-02-03,19:10:00,39.17,39.19,39.13,39.19,17243,0
2015-02-03,19:15:00,39.18,39.26,39.15,39.24,16322,0
2015-02-03,19:20:00,39.24,39.25,39.22,39.25,9940,0
2015-02-03,19:25:00,39.26,39.35,39.26,39.31,10188,0
2015-02-03,19:30:00,39.33,39.37,39.32,39.35,20157,0
2015-02-03,19:35:00,39.36,39.4,39.34,39.38,23664,0
2015-02-03,19:40:00,39.37,39.39,39.31,39.31,18199,0
2015-02-03,19:45:00,39.32,39.36,39.29,39.33,24253,0
2015-02-03,19:50:00,39.34,39.34,39.3,39.3,15208,0
2015-02-03,19:55:00,39.31,39.37,39.29,39.37,25242,0
2015-02-03,20:00:00,39.36,39.41,39.36,39.4,17704,0
2015-02-03,20:05:00,39.41,39.45,39.39,39.39,18704,0
2015-02-03,20:10:00,39.39,39.42,39.37,39.37,21314,0
2015-02-03,20:15:00,39.37,39.39,39.37,39.39,17647,0
2015-02-03,20:20:00,39.39,39.44,39.39,39.4,21647,0
2015-02-03,20:25:00,39.39,39.43,39.37,39.37,22229,0
2015-02-03,20:30:00,39.36,39.36,39.31,39.31,29841,0
2015-02-03,20:35:00,39.32,39.34,39.3,39.33,12598,0
2015-02-03,20:40:00,39.33,39.33,39.29,39.33,16313,0
2015-02-03,20:45:00,39.34,39.38,39.34,39.38,8314,0
2015-02-03,20:50:00,39.37,39.38,39.33,39.35,19631,0
2015-02-03,20:55:00,39.36,39.36,39.32,39.32,20991,0
2015-02-03,21:00:00,39.32,39.38,39.31,39.38,19098,0
2015-02-03,21:05:00,39.38,39.44,39.38,39.44,16397,0
2015-02-03,21:10:00,39.44,39.45,39.39,39.45,19372,0
2015-02-03,21:15:00,39.44,39.47,39.42,39.47,40443,0
2015-02-03,21:20:00,39.48,39.48,39.46,39.47,20230,0
2015-02-03,21:25:00,39.47,39.54,39.47,39.54,29648,0
2015-02-03,21:30:00,39.54,39.55,39.5,39.54,38410,0
2015-02-03,21:35:00,39.54,39.59,39.49,39.49,54228,0
2015-02-03,21:40:00,39.49,39.56,39.48,39.56,47068,0
2015-02-03,21:45:00,39.57,39.63,39.55,39.61,39124,0
2015-02-03,21:50:00,39.61,39.62,39.55,39.59,53990,0
2015-02-03,21:55:00,39.59,39.62,39.58,39.59,47373,0
2015-02-03,22:00:00,39.59,39.62,39.59,39.62,265928,0
2015-02-04,15:35:00,39.33,39.33,39.18,39.22,14900,0
2015-02-04,15:40:00,39.17,39.21,39.09,39.12,15760,0
2015-02-04,15:45:00,39.13,39.16,39.06,39.09,17860,0
2015-02-04,15:50:00,39.07,39.14,39.04,39.13,24194,0
2015-02-04,15:55:00,39.14,39.24,39.14,39.22,24894,0
2015-02-04,16:00:00,39.22,39.24,39.16,39.21,14000,0
2015-02-04,16:05:00,39.22,39.31,39.21,39.23,16099,0
2015-02-04,16:10:00,39.22,39.28,39.2,39.22,19847,0
2015-02-04,16:15:00,39.23,39.27,39.12,39.14,24792,0
2015-02-04,16:20:00,39.15,39.15,39.11,39.12,18348,0
2015-02-04,16:25:00,39.12,39.12,39.01,39.02,38875,0
2015-02-04,16:30:00,39.03,39.1,39.01,39.09,27298,0
2015-02-04,16:35:00,39.08,39.14,39.05,39.13,28130,0
2015-02-04,16:40:00,39.14,39.14,39.06,39.12,22137,0
2015-02-04,16:45:00,39.13,39.26,39.11,39.24,22753,0
2015-02-04,16:50:00,39.24,39.25,39.19,39.2,17920,0
2015-02-04,16:55:00,39.21,39.22,39.18,39.21,20779,0
2015-02-04,17:00:00,39.22,39.23,39.17,39.21,26268,0
2015-02-04,17:05:00,39.2,39.24,39.14,39.24,23820,0
2015-02-04,17:10:00,39.24,39.27,39.21,39.27,19530,0
2015-02-04,17:15:00,39.27,39.27,39.19,39.26,15563,0
2015-02-04,17:20:00,39.28,39.31,39.21,39.22,17340,0
2015-02-04,17:25:00,39.22,39.29,39.21,39.29,16147,0
2015-02-04,17:30:00,39.3,39.34,39.27,39.34,27762,0
2015-02-04,17:35:00,39.34,39.36,39.3,39.36,18855,0
2015-02-04,17:40:00,39.37,39.38,39.33,39.33,22068,0
2015-02-04,17:45:00,39.32,39.32,39.26,39.27,17750,0
2015-02-04,17:50:00,39.27,39.28,39.23,39.24,18483,0
2015-02-04,17:55:00,39.24,39.24,39.15,39.15,21308,0
2015-02-04,18:00:00,39.15,39.15,39.1,39.11,22070,0
2015-02-04,18:05:00,39.1,39.11,39.05,39.08,24897,0
2015-02-04,18:10:00,39.09,39.13,39.08,39.12,15300,0
2015-02-04,18:15:00,39.12,39.14,39.05,39.07,14057,0
2015-02-04,18:20:00,39.07,39.08,39.03,39.03,17244,0
2015-02-04,18:25:00,39.03,39.03,39.01,39.02,24024,0
2015-02-04,18:30:00,39.02,39.03,38.92,38.92,29216,0
2015-02-04,18:35:00,38.92,38.95,38.91,38.93,15303,0
2015-02-04,18:40:00,38.93,38.94,38.89,38.89,17263,0
2015-02-04,18:45:00,38.89,38.9,38.82,38.85,24608,0
2015-02-04,18:50:00,38.84,38.87,38.83,38.86,17586,0
2015-02-04,18:55:00,38.85,38.89,38.85,38.85,20787,0
2015-02-04,19:00:00,38.85,38.91,38.84,38.89,17330,0
2015-02-04,19:05:00,38.88,38.99,38.87,38.97,41769,0
2015-02-04,19:10:00,38.98,39.04,38.95,39.04,19650,0
2015-02-04,19:15:00,39.03,39.06,38.99,39.0,25804,0
2015-02-04,19:20:00,39.0,39.03,38.99,39.0,22565,0
2015-02-04,19:25:00,39.0,39.02,38.98,39.0,27804,0
2015-02-04,19:30:00,39.01,39.11,39.0,39.11,24518,0
2015-02-04,19:35:00,39.1,39.13,39.09,39.11,13379,0
2015-02-04,19:40:00,39.12,39.15,39.11,39.13,18134,0
2015-02-04,19:45:00,39.14,39.14,39.05,39.07,17055,0
2015-02-04,19:50:00,39.07,39.07,39.0,39.0,17056,0
2015-02-04,19:55:00,38.99,39.03,38.99,39.02,26353,0
2015-02-04,20:00:00,39.01,39.05,39.0,39.05,33449,0
2015-02-04,20:05:00,39.05,39.19,39.04,39.19,39557,0
2015-02-04,20:10:00,39.17,39.18,39.07,39.09,22375,0
2015-02-04,20:15:00,39.08,39.11,39.05,39.06,24661,0
2015-02-04,20:20:00,39.06,39.14,39.06,39.08,29163,0
2015-02-04,20:25:00,39.08,39.16,39.08,39.09,20119,0
2015-02-04,20:30:00,39.08,39.15,39.08,39.13,20550,0
2015-02-04,20:35:00,39.14,39.14,39.04,39.07,28941,0
2015-02-04,20:40:00,39.09,39.17,39.09,39.16,21339,0
2015-02-04,20:45:00,39.17,39.18,39.14,39.18,23705,0
2015-02-04,20:50:00,39.18,39.27,39.16,39.27,30601,0
2015-02-04,20:55:00,39.26,39.29,39.19,39.28,30543,0
2015-02-04,21:00:00,39.28,39.33,39.27,39.31,37024,0
2015-02-04,21:05:00,39.31,39.32,39.27,39.3,56463,0
2015-02-04,21:10:00,39.3,39.36,39.29,39.36,35379,0
2015-02-04,21:15:00,39.35,39.36,39.3,39.32,18569,0
2015-02-04,21:20:00,39.32,39.38,39.32,39.34,30351,0
2015-02-04,21:25:00,39.34,39.37,39.31,39.37,34688,0
2015-02-04,21:30:00,39.37,39.4,39.33,39.4,41140,0
2015-02-04,21:35:00,39.4,39.46,39.39,39.45,64762,0
2015-02-04,21:40:00,39.45,39.46,39.29,39.29,63929,0
2015-02-04,21:45:00,39.29,39.31,39.16,39.16,115722,0
2015-02-04,21:50:00,39.15,39.16,39.04,39.13,75683,0
2015-02-04,21:55:00,39.14,39.15,39.03,39.09,104008,0
2015-02-04,22:00:00,39.1,39.12,39.07,39.11,602366,0
2015-02-05,15:35:00,39.22,39.5,39.22,39.41,27056,0
2015-02-05,15:40:00,39.44,39.46,39.33,39.42,10831,0
2015-02-05,15:45:00,39.39,39.42,39.32,39.41,7608,0
2015-02-05,15:50:00,39.41,39.54,39.39,39.53,11238,0
2015-02-05,15:55:00,39.53,39.57,39.47,39.47,13202,0
2015-02-05,16:00:00,39.5,39.5,39.39,39.42,5870,0
2015-02-05,16:05:00,39.43,39.54,39.39,39.51,14480,0
2015-02-05,16:10:00,39.5,39.56,39.5,39.52,18370,0
2015-02-05,16:15:00,39.53,39.56,39.49,39.52,25680,0
2015-02-05,16:20:00,39.52,39.57,39.49,39.53,32495,0
2015-02-05,16:25:00,39.53,39.55,39.49,39.55,26194,0
2015-02-05,16:30:00,39.57,39.6,39.56,39.56,9782,0
2015-02-05,16:35:00,39.56,39.58,39.51,39.54,18878,0
2015-02-05,16:40:00,39.54,39.6,39.53,39.59,11993,0
2015-02-05,16:45:00,39.59,39.61,39.55,39.56,8340,0
2015-02-05,16:50:00,39.56,39.6,39.54,39.59,6000,0
2015-02-05,16:55:00,39.58,39.59,39.54,39.54,11205,0
2015-02-05,17:00:00,39.55,39.57,39.53,39.55,11312,0
2015-02-05,17:05:00,39.53,39.59,39.52,39.59,19763,0
2015-02-05,17:10:00,39.59,39.59,39.53,39.54,12332,0
2015-02-05,17:15:00,39.54,39.58,39.53,39.57,9480,0
2015-02-05,17:20:00,39.57,39.6,39.51,39.54,20785,0
2015-02-05,17:25:00,39.54,39.59,39.53,39.57,19886,0
2015-02-05,17:30:00,39.57,39.59,39.56,39.58,5622,0
2015-02-05,17:35:00,39.58,39.61,39.55,39.56,9253,0
2015-02-05,17:40:00,39.56,39.58,39.54,39.56,8950,0
2015-02-05,17:45:00,39.57,39.57,39.53,39.55,24060,0
2015-02-05,17:50:00,39.56,39.61,39.56,39.6,11099,0
2015-02-05,17:55:00,39.59,39.59,39.53,39.57,10402,0
2015-02-05,18:00:00,39.56,39.59,39.56,39.59,5273,0
2015-02-05,18:05:00,39.59,39.59,39.53,39.56,11945,0
2015-02-05,18:10:00,39.57,39.59,39.54,39.59,21356,0
2015-02-05,18:15:00,39.58,39.58,39.55,39.56,13300,0
2015-02-05,18:20:00,39.55,39.57,39.54,39.56,31595,0
2015-02-05,18:25:00,39.56,39.57,39.55,39.56,11205,0
2015-02-05,18:30:00,39.55,39.58,39.55,39.57,13067,0
2015-02-05,18:35:00,39.58,39.6,39.58,39.6,33340,0
2015-02-05,18:40:00,39.6,39.61,39.59,39.6,8800,0
2015-02-05,18:45:00,39.61,39.64,39.59,39.64,32804,0
2015-02-05,18:50:00,39.66,39.7,39.64,39.66,19515,0
2015-02-05,18:55:00,39.65,39.65,39.64,39.65,21753,0
2015-02-05,19:00:00,39.65,39.67,39.63,39.67,13243,0
2015-02-05,19:05:00,39.67,39.72,39.67,39.71,9320,0
2015-02-05,19:10:00,39.71,39.74,39.7,39.71,20405,0
2015-02-05,19:15:00,39.71,39.78,39.71,39.78,15590,0
2015-02-05,19:20:00,39.77,39.81,39.77,39.79,16750,0
2015-02-05,19:25:00,39.8,39.8,39.77,39.79,8817,0
2015-02-05,19:30:00,39.79,39.81,39.78,39.8,9400,0
2015-02-05,19:35:00,39.79,39.8,39.77,39.8,12023,0
2015-02-05,19:40:00,39.81,39.81,39.78,39.81,8820,0
2015-02-05,19:45:00,39.81,39.82,39.77,39.79,11070,0
2015-02-05,19:50:00,39.79,39.8,39.77,39.79,6741,0
2015-02-05,19:55:00,39.79,39.81,39.76,39.76,6524,0
2015-02-05,20:00:00,39.76,39.76,39.7,39.7,12623,0
2015-02-05,20:05:00,39.7,39.7,39.65,39.65,8024,0
2015-02-05,20:10:00,39.65,39.69,39.64,39.69,13747,0
2015-02-05,20:15:00,39.69,39.75,39.68,39.7,20090,0
2015-02-05,20:20:00,39.71,39.71,39.67,39.7,13782,0
2015-02-05,20:25:00,39.71,39.71,39.66,39.66,13639,0
2015-02-05,20:30:00,39.66,39.66,39.61,39.65,9853,0
2015-02-05,20:35:00,39.64,39.66,39.6,39.64,11459,0
2015-02-05,20:40:00,39.65,39.67,39.64,39.67,8214,0
2015-02-05,20:45:00,39.66,39.66,39.62,39.62,19814,0
2015-02-05,20:50:00,39.61,39.62,39.59,39.6,11409,0
2015-02-05,20:55:00,39.61,39.62,39.6,39.61,6250,0
2015-02-05,21:00:00,39.61,39.61,39.57,39.59,10778,0
2015-02-05,21:05:00,39.59,39.61,39.56,39.59,57820,0
2015-02-05,21:10:00,39.6,39.6,39.57,39.6,48662,0
2015-02-05,21:15:00,39.6,39.61,39.57,39.6,18761,0
2015-02-05,21:20:00,39.6,39.61,39.57,39.59,10163,0
2015-02-05,21:25:00,39.59,39.61,39.58,39.6,28871,0
2015-02-05,21:30:00,39.6,39.62,39.59,39.61,22404,0
2015-02-05,21:35:00,39.61,39.62,39.59,39.6,57290,0
2015-02-05,21:40:00,39.59,39.61,39.58,39.59,35181,0
2015-02-05,21:45:00,39.6,39.61,39.58,39.58,29904,0
2015-02-05,21:50:00,39.57,39.6,39.54,39.55,84674,0
2015-02-05,21:55:00,39.55,39.57,39.54,39.56,73442,0
2015-02-05,22:00:00,39.55,39.56,39.51,39.53,564297,0
2015-02-06,15:35:00,39.54,39.56,39.42,39.43,113864,0
2015-02-06,15:40:00,39.42,39.43,39.37,39.41,66749,0
2015-02-06,15:45:00,39.4,39.41,39.24,39.35,38883,0
2015-02-06,15:50:00,39.35,39.42,39.33,39.4,15800,0
2015-02-06,15:55:00,39.4,39.42,39.38,39.39,40800,0
2015-02-06,16:00:00,39.4,39.42,39.37,39.42,47124,0
2015-02-06,16:05:00,39.42,39.56,39.41,39.51,72982,0
2015-02-06,16:10:00,39.52,39.6,39.5,39.59,58698,0
2015-02-06,16:15:00,39.6,39.61,39.58,39.6,26697,0
2015-02-06,16:20:00,39.6,39.61,39.59,39.6,45405,0
2015-02-06,16:25:00,39.61,39.62,39.58,39.6,52332,0
2015-02-06,16:30:00,39.6,39.61,39.59,39.6,25626,0
2015-02-06,16:35:00,39.59,39.6,39.54,39.54,33514,0
2015-02-06,16:40:00,39.55,39.62,39.55,39.59,32260,0
2015-02-06,16:45:00,39.6,39.61,39.57,39.61,42314,0
2015-02-06,16:50:00,39.6,39.61,39.59,39.59,44303,0
2015-02-06,16:55:00,39.6,39.65,39.58,39.6,34003,0
2015-02-06,17:00:00,39.6,39.61,39.57,39.57,23900,0
2015-02-06,17:05:00,39.58,39.63,39.53,39.62,32466,0
2015-02-06,17:10:00,39.63,39.71,39.63,39.65,34841,0
2015-02-06,17:15:00,39.65,39.66,39.63,39.64,30869,0
2015-02-06,17:20:00,39.64,39.64,39.58,39.59,41892,0
2015-02-06,17:25:00,39.58,39.61,39.58,39.61,27859,0
2015-02-06,17:30:00,39.61,39.62,39.59,39.62,24356,0
2015-02-06,17:35:00,39.62,39.63,39.6,39.6,31659,0
2015-02-06,17:40:00,39.61,39.61,39.56,39.6,34260,0
2015-02-06,17:45:00,39.6,39.61,39.59,39.6,14645,0
2015-02-06,17:50:00,39.6,39.62,39.59,39.6,33346,0
2015-02-06,17:55:00,39.6,39.63,39.6,39.6,33812,0
2015-02-06,18:00:00,39.6,39.61,39.6,39.6,38460,0
2015-02-06,18:05:00,39.59,39.61,39.58,39.6,31043,0
2015-02-06,18:10:00,39.6,39.63,39.57,39.63,93165,0
2015-02-06,18:15:00,39.63,39.64,39.59,39.61,50203,0
2015-02-06,18:20:00,39.6,39.63,39.58,39.59,62549,0
2015-02-06,18:25:00,39.59,39.68,39.59,39.6,93511,0
2015-02-06,18:30:00,39.6,39.75,39.6,39.75,112738,0
2015-02-06,18:35:00,39.76,39.81,39.75,39.77,38557,0
2015-02-06,18:40:00,39.76,39.76,39.7,39.74,23383,0
2015-02-06,18:45:00,39.74,39.75,39.57,39.57,30314,0
2015-02-06,18:50:00,39.57,39.6,39.55,39.58,18278,0
2015-02-06,18:55:00,39.59,39.6,39.57,39.57,14668,0
2015-02-06,19:00:00,39.56,39.61,39.56,39.6,26884,0
2015-02-06,19:05:00,39.61,39.61,39.59,39.59,24853,0
2015-02-06,19:10:00,39.59,39.59,39.54,39.58,17096,0
2015-02-06,19:15:00,39.59,39.59,39.54,39.54,11793,0
2015-02-06,19:20:00,39.54,39.6,39.52,39.54,13758,0
2015-02-06,19:25:00,39.56,39.56,39.5,39.51,8100,0
2015-02-06,19:30:00,39.51,39.51,39.41,39.46,19103,0
2015-02-06,19:35:00,39.48,39.48,39.46,39.48,7253,0
2015-02-06,19:40:00,39.48,39.49,39.43,39.47,9952,0
2015-02-06,19:45:00,39.47,39.52,39.47,39.51,8695,0
2015-02-06,19:50:00,39.52,39.56,39.52,39.53,14942,0
2015-02-06,19:55:00,39.54,39.58,39.54,39.54,22351,0
2015-02-06,20:00:00,39.55,39.58,39.53,39.54,14074,0
2015-02-06,20:05:00,39.54,39.54,39.48,39.51,12752,0
2015-02-06,20:10:00,39.52,39.54,39.48,39.48,8751,0
2015-02-06,20:15:00,39.48,39.53,39.47,39.51,11689,0
2015-02-06,20:20:00,39.5,39.52,39.49,39.52,8700,0
2015-02-06,20:25:00,39.52,39.55,39.51,39.54,14132,0
2015-02-06,20:30:00,39.55,39.57,39.53,39.57,12154,0
2015-02-06,20:35:00,39.57,39.61,39.54,39.61,22588,0
2015-02-06,20:40:00,39.61,39.69,39.59,39.6,102681,0
2015-02-06,20:45:00,39.6,39.61,39.57,39.58,24304,0
2015-02-06,20:50:00,39.58,39.59,39.55,39.58,31363,0
2015-02-06,20:55:00,39.58,39.58,39.55,39.56,14700,0
2015-02-06,21:00:00,39.57,39.57,39.52,39.52,26414,0
2015-02-06,21:05:00,39.52,39.52,39.43,39.45,66524,0
2015-02-06,21:10:00,39.46,39.51,39.46,39.49,14765,0
2015-02-06,21:15:00,39.47,39.47,39.42,39.45,26651,0
2015-02-06,21:20:00,39.42,39.45,39.33,39.33,32248,0
2015-02-06,21:25:00,39.32,39.4,39.3,39.35,17410,0
2015-02-06,21:30:00,39.36,39.37,39.24,39.25,30469,0
2015-02-06,21:35:00,39.25,39.31,39.23,39.3,29166,0
2015-02-06,21:40:00,39.3,39.33,39.27,39.31,30059,0
2015-02-06,21:45:00,39.31,39.32,39.24,39.24,37258,0
2015-02-06,21:50:00,39.25,39.28,39.22,39.24,63474,0
2015-02-06,21:55:00,39.25,39.34,39.25,39.34,49539,0
2015-02-06,22:00:00,39.34,39.35,39.29,39.34,297303,0
2015-02-09,15:35:00,39.16,39.25,39.06,39.15,8724,0
2015-02-09,15:40:00,39.16,39.43,39.07,39.23,171397,0
2015-02-09,15:45:00,39.21,39.28,39.07,39.1,14995,0
2015-02-09,15:50:00,39.12,39.17,39.08,39.09,10997,0
2015-02-09,15:55:00,39.11,39.19,39.11,39.12,7445,0
2015-02-09,16:00:00,39.14,39.17,39.12,39.12,5300,0
2015-02-09,16:05:00,39.11,39.14,39.07,39.13,9700,0
2015-02-09,16:10:00,39.13,39.13,39.07,39.07,14140,0
2015-02-09,16:15:00,39.07,39.09,39.05,39.09,6510,0
2015-02-09,16:20:00,39.1,39.16,39.1,39.16,19615,0
2015-02-09,16:25:00,39.16,39.17,39.1,39.1,79252,0
2015-02-09,16:30:00,39.11,39.12,39.03,39.06,62951,0
2015-02-09,16:35:00,39.05,39.12,39.02,39.12,15739,0
2015-02-09,16:40:00,39.13,39.19,39.13,39.14,13340,0
2015-02-09,16:45:00,39.13,39.13,39.09,39.12,11693,0
2015-02-09,16:50:00,39.1,39.14,39.07,39.11,149267,0
2015-02-09,16:55:00,39.11,39.18,39.1,39.17,414450,0
2015-02-09,17:00:00,39.17,39.18,39.12,39.15,503415,0
2015-02-09,17:05:00,39.16,39.16,39.1,39.1,889263,0
2015-02-09,17:10:00,39.11,39.13,39.09,39.12,38434,0
2015-02-09,17:15:00,39.12,39.15,39.11,39.14,53228,0
2015-02-09,17:20:00,39.14,39.17,39.13,39.14,64644,0
2015-02-09,17:25:00,39.15,39.21,39.14,39.2,29200,0
2015-02-09,17:30:00,39.2,39.23,39.19,39.21,42731,0
2015-02-09,17:35:00,39.22,39.23,39.14,39.14,26219,0
2015-02-09,17:40:00,39.14,39.15,39.11,39.11,14341,0
2015-02-09,17:45:00,39.11,39.15,39.1,39.12,23039,0
2015-02-09,17:50:00,39.12,39.14,39.12,39.14,11695,0
2015-02-09,17:55:00,39.14,39.15,39.13,39.13,16866,0
2015-02-09,18:00:00,39.13,39.22,39.12,39.22,28289,0
2015-02-09,18:05:00,39.22,39.24,39.2,39.23,17596,0
2015-02-09,18:10:00,39.23,39.23,39.15,39.19,54260,0
2015-02-09,18:15:00,39.2,39.21,39.19,39.2,16852,0
2015-02-09,18:20:00,39.2,39.21,39.17,39.17,23854,0
2015-02-09,18:25:00,39.17,39.2,39.17,39.17,30687,0
2015-02-09,18:30:00,39.18,39.21,39.17,39.2,16798,0
2015-02-09,18:35:00,39.21,39.21,39.18,39.21,62084,0
2015-02-09,18:40:00,39.2,39.27,39.2,39.25,30413,0
2015-02-09,18:45:00,39.25,39.26,39.19,39.2,31344,0
2015-02-09,18:50:00,39.2,39.2,39.17,39.18,10360,0
2015-02-09,18:55:00,39.19,39.2,39.16,39.18,16495,0
2015-02-09,19:00:00,39.18,39.19,39.13,39.16,15905,0
2015-02-09,19:05:00,39.15,39.19,39.15,39.18,15435,0
2015-02-09,19:10:00,39.17,39.22,39.17,39.2,20209,0
2015-02-09,19:15:00,39.2,39.21,39.18,39.19,15415,0
2015-02-09,19:20:00,39.19,39.21,39.18,39.18,19986,0
2015-02-09,19:25:00,39.18,39.2,39.17,39.2,9200,0
2015-02-09,19:30:00,39.19,39.2,39.18,39.19,8201,0
2015-02-09,19:35:00,39.18,39.19,39.14,39.15,11281,0
2015-02-09,19:40:00,39.15,39.15,39.11,39.12,21807,0
2015-02-09,19:45:00,39.13,39.16,39.1,39.1,15697,0
2015-02-09,19:50:00,39.09,39.1,39.06,39.07,9300,0
2015-02-09,19:55:00,39.07,39.14,39.07,39.14,40752,0
2015-02-09,20:00:00,39.14,39.16,39.12,39.13,39917,0
2015-02-09,20:05:00,39.12,39.14,39.1,39.11,9579,0
2015-02-09,20:10:00,39.11,39.12,39.05,39.07,9904,0
2015-02-09,20:15:00,39.08,39.1,39.04,39.05,22122,0
2015-02-09,20:20:00,39.04,39.06,38.98,39.0,14629,0
2015-02-09,20:25:00,38.99,39.07,38.99,39.06,22742,0
2015-02-09,20:30:00,39.05,39.1,39.05,39.09,7700,0
2015-02-09,20:35:00,39.1,39.13,39.09,39.12,23825,0
2015-02-09,20:40:00,39.12,39.17,39.11,39.17,61588,0
2015-02-09,20:45:00,39.17,39.17,39.15,39.16,12504,0
2015-02-09,20:50:00,39.16,39.16,39.11,39.12,22721,0
2015-02-09,20:55:00,39.13,39.15,39.1,39.1,16547,0
2015-02-09,21:00:00,39.11,39.13,39.08,39.08,13426,0
2015-02-09,21:05:00,39.09,39.1,39.02,39.03,119000,0
2015-02-09,21:10:00,39.03,39.04,38.98,39.0,69896,0
2015-02-09,21:15:00,39.0,39.05,39.0,39.03,9814,0
2015-02-09,21:20:00,39.03,39.03,38.98,38.98,13555,0
2015-02-09,21:25:00,38.98,39.07,38.98,39.04,26723,0
2015-02-09,21:30:00,39.04,39.07,39.0,39.07,52271,0
2015-02-09,21:35:00,39.07,39.08,38.97,38.99,55904,0
2015-02-09,21:40:00,38.99,39.03,38.95,39.0,27091,0
2015-02-09,21:45:00,39.0,39.08,38.99,39.05,56572,0
2015-02-09,21:50:00,39.06,39.08,38.99,39.06,122736,0
2015-02-09,21:55:00,39.05,39.05,39.02,39.02,36199,0
2015-02-09,22:00:00,39.03,39.08,39.01,39.04,194224,0
2015-02-10,15:35:00,39.31,39.31,39.01,39.11,32381,0
2015-02-10,15:40:00,39.12,39.16,39.0,39.05,10686,0
2015-02-10,15:45:00,39.03,39.06,38.96,38.98,16151,0
2015-02-10,15:50:00,38.98,39.07,38.98,39.05,6652,0
2015-02-10,15:55:00,39.06,39.1,39.0,39.0,6963,0
2015-02-10,16:00:00,39.03,39.03,39.01,39.01,4200,0
2015-02-10,16:05:00,39.02,39.06,39.0,39.0,8400,0
2015-02-10,16:10:00,38.99,39.03,38.95,38.96,15572,0
2015-02-10,16:15:00,38.96,39.0,38.96,38.98,10227,0
2015-02-10,16:20:00,38.97,39.0,38.95,38.95,14749,0
2015-02-10,16:25:00,38.96,38.97,38.91,38.92,7274,0
2015-02-10,16:30:00,38.91,38.93,38.9,38.9,12091,0
2015-02-10,16:35:00,38.9,38.91,38.86,38.9,10530,0
2015-02-10,16:40:00,38.9,38.93,38.88,38.88,23365,0
2015-02-10,16:45:00,38.89,38.93,38.87,38.87,15045,0
2015-02-10,16:50:00,38.87,38.87,38.78,38.78,13801,0
2015-02-10,16:55:00,38.8,38.88,38.8,38.87,7987,0
2015-02-10,17:00:00,38.88,38.91,38.87,38.9,7552,0
2015-02-10,17:05:00,38.91,38.91,38.87,38.9,88731,0
2015-02-10,17:10:00,38.9,38.97,38.89,38.97,11921,0
2015-02-10,17:15:00,38.97,39.01,38.97,39.0,6523,0
2015-02-10,17:20:00,39.0,39.11,39.0,39.1,30874,0
2015-02-10,17:25:00,39.1,39.13,39.1,39.13,12378,0
2015-02-10,17:30:00,39.11,39.19,39.11,39.18,22050,0
2015-02-10,17:35:00,39.19,39.22,39.18,39.22,15052,0
2015-02-10,17:40:00,39.23,39.29,39.23,39.28,19653,0
2015-02-10,17:45:00,39.29,39.36,39.28,39.36,26850,0
2015-02-10,17:50:00,39.36,39.45,39.36,39.45,27249,0
2015-02-10,17:55:00,39.44,39.49,39.44,39.49,54556,0
2015-02-10,18:00:00,39.48,39.53,39.48,39.51,22877,0
2015-02-10,18:05:00,39.51,39.52,39.46,39.47,40855,0
2015-02-10,18:10:00,39.45,39.48,39.43,39.44,31774,0
2015-02-10,18:15:00,39.45,39.53,39.45,39.49,20850,0
2015-02-10,18:20:00,39.49,39.51,39.47,39.51,7964,0
2015-02-10,18:25:00,39.51,39.53,39.5,39.51,19763,0
2015-02-10,18:30:00,39.52,39.53,39.5,39.5,9135,0
2015-02-10,18:35:00,39.5,39.51,39.47,39.48,12488,0
2015-02-10,18:40:00,39.48,39.49,39.46,39.49,10240,0
2015-02-10,18:45:00,39.49,39.49,39.44,39.44,7985,0
2015-02-10,18:50:00,39.43,39.43,39.39,39.42,7855,0
2015-02-10,18:55:00,39.42,39.43,39.38,39.38,6300,0
2015-02-10,19:00:00,39.37,39.41,39.37,39.4,9418,0
2015-02-10,19:05:00,39.4,39.44,39.4,39.43,12616,0
2015-02-10,19:10:00,39.43,39.48,39.42,39.46,13013,0
2015-02-10,19:15:00,39.47,39.5,39.47,39.49,4358,0
2015-02-10,19:20:00,39.49,39.49,39.47,39.48,7680,0
2015-02-10,19:25:00,39.47,39.48,39.42,39.44,8546,0
2015-02-10,19:30:00,39.44,39.47,39.43,39.46,9600,0
2015-02-10,19:35:00,39.46,39.48,39.45,39.48,13008,0
2015-02-10,19:40:00,39.47,39.49,39.46,39.49,7713,0
2015-02-10,19:45:00,39.48,39.48,39.45,39.45,4100,0
2015-02-10,19:50:00,39.45,39.48,39.45,39.47,10925,0
2015-02-10,19:55:00,39.47,39.52,39.47,39.49,18104,0
2015-02-10,20:00:00,39.5,39.51,39.47,39.49,38279,0
2015-02-10,20:05:00,39.5,39.55,39.5,39.55,16142,0
2015-02-10,20:10:00,39.54,39.55,39.52,39.52,5161,0
2015-02-10,20:15:00,39.52,39.52,39.5,39.5,11475,0
2015-02-10,20:20:00,39.5,39.51,39.48,39.49,9848,0
2015-02-10,20:25:00,39.5,39.54,39.5,39.53,19321,0
2015-02-10,20:30:00,39.53,39.6,39.53,39.59,14682,0
2015-02-10,20:35:00,39.57,39.61,39.56,39.6,10003,0
2015-02-10,20:40:00,39.6,39.62,39.59,39.61,13166,0
2015-02-10,20:45:00,39.61,39.62,39.59,39.6,10700,0
2015-02-10,20:50:00,39.6,39.62,39.59,39.61,7039,0
2015-02-10,20:55:00,39.61,39.61,39.59,39.61,8119,0
2015-02-10,21:00:00,39.6,39.7,39.6,39.7,23352,0
2015-02-10,21:05:00,39.69,39.7,39.67,39.68,14149,0
2015-02-10,21:10:00,39.67,39.67,39.64,39.67,12904,0
2015-02-10,21:15:00,39.68,39.69,39.63,39.64,16414,0
2015-02-10,21:20:00,39.65,39.67,39.63,39.66,10100,0
2015-02-10,21:25:00,39.67,39.69,39.64,39.66,20894,0
2015-02-10,21:30:00,39.66,39.71,39.64,39.71,22175,0
2015-02-10,21:35:00,39.71,39.73,39.7,39.72,25386,0
2015-02-10,21:40:00,39.72,39.74,39.7,39.73,30004,0
2015-02-10,21:45:00,39.73,39.76,39.72,39.75,25840,0
2015-02-10,21:50:00,39.75,39.75,39.71,39.74,47780,0
2015-02-10,21:55:00,39.74,39.74,39.69,39.73,54561,0
2015-02-10,22:00:00,39.73,39.73,39.64,39.67,412983,0
2015-02-11,15:35:00,39.64,39.71,39.57,39.62,29771,0
2015-02-11,15:40:00,39.65,39.73,39.62,39.73,10311,0
2015-02-11,15:45:00,39.73,39.77,39.63,39.7,15200,0
2015-02-11,15:50:00,39.7,39.72,39.65,39.72,13334,0
2015-02-11,15:55:00,39.72,39.75,39.69,39.73,12838,0
2015-02-11,16:00:00,39.72,39.81,39.72,39.73,23004,0
2015-02-11,16:05:00,39.71,39.72,39.59,39.59,16110,0
2015-02-11,16:10:00,39.59,39.59,39.45,39.49,41470,0
2015-02-11,16:15:00,39.49,39.55,39.37,39.44,115197,0
2015-02-11,16:20:00,39.45,39.51,39.45,39.49,15427,0
2015-02-11,16:25:00,39.47,39.51,39.39,39.4,44038,0
2015-02-11,16:30:00,39.39,39.4,39.34,39.39,15666,0
2015-02-11,16:35:00,39.4,39.44,39.37,39.42,17402,0
2015-02-11,16:40:00,39.42,39.45,39.39,39.43,15000,0
2015-02-11,16:45:00,39.44,39.47,39.4,39.43,33867,0
2015-02-11,16:50:00,39.43,39.47,39.4,39.45,21156,0
2015-02-11,16:55:00,39.46,39.48,39.45,39.46,17761,0
2015-02-11,17:00:00,39.46,39.49,39.45,39.46,8437,0
2015-02-11,17:05:00,39.47,39.52,39.47,39.5,35065,0
2015-02-11,17:10:00,39.49,39.51,39.46,39.49,32429,0
2015-02-11,17:15:00,39.49,39.53,39.47,39.47,57892,0
2015-02-11,17:20:00,39.48,39.5,39.41,39.43,20150,0
2015-02-11,17:25:00,39.44,39.44,39.38,39.41,25520,0
2015-02-11,17:30:00,39.41,39.41,39.38,39.38,24281,0
2015-02-11,17:35:00,39.38,39.39,39.34,39.35,38671,0
2015-02-11,17:40:00,39.35,39.37,39.33,39.35,54821,0
2015-02-11,17:45:00,39.35,39.45,39.35,39.43,37456,0
2015-02-11,17:50:00,39.43,39.44,39.38,39.43,18103,0
2015-02-11,17:55:00,39.43,39.43,39.38,39.42,12044,0
2015-02-11,18:00:00,39.4,39.43,39.39,39.43,23218,0
2015-02-11,18:05:00,39.43,39.43,39.39,39.4,21975,0
2015-02-11,18:10:00,39.39,39.43,39.39,39.4,17365,0
2015-02-11,18:15:00,39.39,39.4,39.34,39.34,38885,0
2015-02-11,18:20:00,39.34,39.44,39.33,39.44,78724,0
2015-02-11,18:25:00,39.44,39.55,39.44,39.54,25477,0
2015-02-11,18:30:00,39.53,39.53,39.48,39.48,10500,0
2015-02-11,18:35:00,39.48,39.49,39.44,39.44,14802,0
2015-02-11,18:40:00,39.44,39.52,39.44,39.47,21363,0
2015-02-11,18:45:00,39.47,39.47,39.35,39.4,42201,0
2015-02-11,18:50:00,39.4,39.47,39.4,39.47,16479,0
2015-02-11,18:55:00,39.46,39.47,39.43,39.44,13374,0
2015-02-11,19:00:00,39.44,39.44,39.36,39.36,13058,0
2015-02-11,19:05:00,39.37,39.43,39.37,39.39,19348,0
2015-02-11,19:10:00,39.38,39.4,39.34,39.37,20481,0
2015-02-11,19:15:00,39.37,39.41,39.29,39.31,18831,0
2015-02-11,19:20:00,39.32,39.36,39.28,39.33,20749,0
2015-02-11,19:25:00,39.32,39.32,39.27,39.3,37744,0
2015-02-11,19:30:00,39.3,39.34,39.29,39.32,55436,0
2015-02-11,19:35:00,39.33,39.35,39.3,39.32,50122,0
2015-02-11,19:40:00,39.32,39.34,39.28,39.29,54671,0
2015-02-11,19:45:00,39.29,39.3,39.25,39.27,13368,0
2015-02-11,19:50:00,39.27,39.29,39.26,39.27,11710,0
2015-02-11,19:55:00,39.28,39.29,39.26,39.26,15218,0
2015-02-11,20:00:00,39.26,39.39,39.23,39.33,33832,0
2015-02-11,20:05:00,39.32,39.35,39.3,39.33,36620,0
2015-02-11,20:10:00,39.33,39.39,39.32,39.38,28645,0
2015-02-11,20:15:00,39.37,39.4,39.36,39.37,25396,0
2015-02-11,20:20:00,39.37,39.37,39.3,39.33,24979,0
2015-02-11,20:25:00,39.33,39.34,39.31,39.33,10131,0
2015-02-11,20:30:00,39.33,39.33,39.26,39.29,17079,0
2015-02-11,20:35:00,39.3,39.33,39.29,39.33,24147,0
2015-02-11,20:40:00,39.33,39.37,39.32,39.37,24292,0
2015-02-11,20:45:00,39.37,39.38,39.35,39.37,21710,0
2015-02-11,20:50:00,39.36,39.42,39.31,39.42,72806,0
2015-02-11,20:55:00,39.41,39.41,39.39,39.39,19312,0
2015-02-11,21:00:00,39.4,39.41,39.35,39.39,29183,0
2015-02-11,21:05:00,39.39,39.4,39.36,39.37,25791,0
2015-02-11,21:10:00,39.38,39.39,39.35,39.37,27519,0
2015-02-11,21:15:00,39.37,39.38,39.33,39.33,36492,0
2015-02-11,21:20:00,39.32,39.35,39.28,39.33,46115,0
2015-02-11,21:25:00,39.33,39.46,39.33,39.44,28298,0
2015-02-11,21:30:00,39.45,39.53,39.44,39.45,64048,0
2015-02-11,21:35:00,39.45,39.5,39.38,39.4,52673,0
2015-02-11,21:40:00,39.4,39.45,39.39,39.45,57790,0
2015-02-11,21:45:00,39.45,39.49,39.41,39.41,63879,0
2015-02-11,21:50:00,39.41,39.43,39.26,39.27,109894,0
2015-02-11,21:55:00,39.26,39.34,39.26,39.31,88000,0
2015-02-11,22:00:00,39.32,39.35,39.24,39.33,1234902,0
2015-02-12,15:35:00,39.53,39.82,39.53,39.76,29694,0
2015-02-12,15:40:00,39.77,39.81,39.71,39.77,10551,0
2015-02-12,15:45:00,39.79,39.81,39.75,39.76,12424,0
2015-02-12,15:50:00,39.79,39.88,39.79,39.87,13538,0
2015-02-12,15:55:00,39.89,39.94,39.89,39.92,21101,0
2015-02-12,16:00:00,39.92,39.95,39.91,39.91,5668,0
2015-02-12,16:05:00,39.92,39.92,39.88,39.9,10600,0
2015-02-12,16:10:00,39.92,39.95,39.91,39.94,10550,0
2015-02-12,16:15:00,39.94,39.98,39.94,39.95,9860,0
2015-02-12,16:20:00,39.95,39.95,39.88,39.88,10841,0
2015-02-12,16:25:00,39.88,39.88,39.78,39.78,18196,0
2015-02-12,16:30:00,39.79,39.79,39.73,39.74,15202,0
2015-02-12,16:35:00,39.73,39.74,39.71,39.72,20368,0
2015-02-12,16:40:00,39.72,39.75,39.7,39.73,20740,0
2015-02-12,16:45:00,39.73,39.8,39.73,39.79,12235,0
2015-02-12,16:50:00,39.8,39.81,39.72,39.72,16501,0
2015-02-12,16:55:00,39.71,39.74,39.66,39.67,18373,0
2015-02-12,17:00:00,39.68,39.73,39.68,39.71,14115,0
2015-02-12,17:05:00,39.71,39.76,39.69,39.76,9787,0
2015-02-12,17:10:00,39.75,39.81,39.75,39.81,24175,0
2015-02-12,17:15:00,39.8,39.82,39.78,39.82,12264,0
2015-02-12,17:20:00,39.82,39.82,39.74,39.75,11012,0
2015-02-12,17:25:00,39.75,39.75,39.7,39.7,11400,0
2015-02-12,17:30:00,39.7,39.78,39.7,39.77,7784,0
2015-02-12,17:35:00,39.77,39.83,39.77,39.83,11581,0
2015-02-12,17:40:00,39.81,39.83,39.78,39.78,13100,0
2015-02-12,17:45:00,39.78,39.83,39.78,39.82,8219,0
2015-02-12,17:50:00,39.82,39.85,39.81,39.85,7468,0
2015-02-12,17:55:00,39.86,39.89,39.84,39.88,12340,0
2015-02-12,18:00:00,39.88,39.89,39.87,39.89,5484,0
2015-02-12,18:05:00,39.89,39.94,39.89,39.94,13833,0
2015-02-12,18:10:00,39.94,39.97,39.91,39.96,25840,0
2015-02-12,18:15:00,39.97,39.99,39.95,39.97,16382,0
2015-02-12,18:20:00,39.98,39.99,39.95,39.95,9460,0
2015-02-12,18:25:00,39.95,39.95,39.89,39.89,10928,0
2015-02-12,18:30:00,39.9,39.91,39.86,39.87,10172,0
2015-02-12,18:35:00,39.86,39.89,39.83,39.83,16200,0
2015-02-12,18:40:00,39.83,39.85,39.81,39.83,14258,0
2015-02-12,18:45:00,39.83,39.86,39.82,39.86,12260,0
2015-02-12,18:50:00,39.86,39.86,39.78,39.79,13054,0
2015-02-12,18:55:00,39.8,39.8,39.77,39.79,13632,0
2015-02-12,19:00:00,39.78,39.81,39.78,39.79,12080,0
2015-02-12,19:05:00,39.79,39.8,39.77,39.8,21026,0
2015-02-12,19:10:00,39.81,39.84,39.81,39.84,12936,0
2015-02-12,19:15:00,39.85,39.89,39.85,39.88,8701,0
2015-02-12,19:20:00,39.89,39.93,39.89,39.91,12826,0
2015-02-12,19:25:00,39.9,39.93,39.86,39.89,13094,0
2015-02-12,19:30:00,39.89,39.92,39.89,39.91,10087,0
2015-02-12,19:35:00,39.9,39.94,39.9,39.93,12789,0
2015-02-12,19:40:00,39.93,39.95,39.91,39.94,9565,0
2015-02-12,19:45:00,39.93,39.94,39.92,39.94,9160,0
2015-02-12,19:50:00,39.94,39.95,39.93,39.93,13966,0
2015-02-12,19:55:00,39.93,39.93,39.9,39.91,7190,0
2015-02-12,20:00:00,39.9,39.93,39.9,39.92,11128,0
2015-02-12,20:05:00,39.91,39.92,39.86,39.86,16640,0
2015-02-12,20:10:00,39.86,39.93,39.85,39.92,31809,0
2015-02-12,20:15:00,39.92,39.93,39.9,39.92,11337,0
2015-02-12,20:20:00,39.91,39.91,39.89,39.89,11347,0
2015-02-12,20:25:00,39.89,39.9,39.86,39.9,8500,0
2015-02-12,20:30:00,39.89,39.9,39.86,39.86,11652,0
2015-02-12,20:35:00,39.86,39.88,39.84,39.84,11300,0
2015-02-12,20:40:00,39.85,39.88,39.85,39.88,9541,0
2015-02-12,20:45:00,39.87,39.92,39.86,39.9,13556,0
2015-02-12,20:50:00,39.9,39.92,39.89,39.91,9257,0
2015-02-12,20:55:00,39.91,39.95,39.91,39.94,17693,0
2015-02-12,21:00:00,39.94,39.95,39.93,39.94,13029,0
2015-02-12,21:05:00,39.94,39.94,39.9,39.93,26168,0
2015-02-12,21:10:00,39.94,39.99,39.92,39.97,26349,0
2015-02-12,21:15:00,39.98,39.99,39.94,39.99,14200,0
2015-02-12,21:20:00,39.98,40.0,39.97,39.99,16324,0
2015-02-12,21:25:00,40.0,40.02,39.98,40.02,72797,0
2015-02-12,21:30:00,40.02,40.06,40.02,40.03,32102,0
2015-02-12,21:35:00,40.04,40.06,39.98,40.0,32192,0
2015-02-12,21:40:00,40.0,40.03,39.99,40.03,18036,0
2015-02-12,21:45:00,40.03,40.06,40.02,40.02,38855,0
2015-02-12,21:50:00,40.03,40.05,40.03,40.03,30202,0
2015-02-12,21:55:00,40.03,40.04,39.99,39.99,62962,0
2015-02-12,22:00:00,39.99,40.03,39.98,40.02,564917,0
2015-02-13,15:35:00,39.97,40.09,39.91,40.06,39329,0
2015-02-13,15:40:00,40.09,40.2,40.03,40.16,45426,0
2015-02-13,15:45:00,40.16,40.17,39.97,40.05,39452,0
2015-02-13,15:50:00,40.04,40.07,39.99,40.07,16860,0
2015-02-13,15:55:00,40.07,40.07,40.01,40.01,15315,0
2015-02-13,16:00:00,40.02,40.05,40.0,40.03,6500,0
2015-02-13,16:05:00,40.03,40.03,39.96,40.01,16189,0
2015-02-13,16:10:00,39.99,40.05,39.98,39.99,9622,0
2015-02-13,16:15:00,39.99,40.01,39.98,40.0,15400,0
2015-02-13,16:20:00,40.0,40.02,39.99,40.0,20750,0
2015-02-13,16:25:00,39.99,40.01,39.97,40.01,21706,0
2015-02-13,16:30:00,40.01,40.05,40.01,40.05,26372,0
2015-02-13,16:35:00,40.05,40.07,40.01,40.02,32375,0
2015-02-13,16:40:00,40.0,40.03,39.94,39.96,32850,0
2015-02-13,16:45:00,39.97,39.97,39.93,39.94,12216,0
2015-02-13,16:50:00,39.95,39.97,39.94,39.96,10617,0
2015-02-13,16:55:00,39.95,39.98,39.95,39.97,17548,0
2015-02-13,17:00:00,39.97,40.0,39.97,39.99,20840,0
2015-02-13,17:05:00,39.99,40.0,39.94,39.97,23894,0
2015-02-13,17:10:00,39.98,39.98,39.92,39.92,29566,0
2015-02-13,17:15:00,39.92,39.98,39.92,39.98,19350,0
2015-02-13,17:20:00,39.98,39.99,39.96,39.97,20911,0
2015-02-13,17:25:00,39.97,39.98,39.94,39.96,11696,0
2015-02-13,17:30:00,39.95,39.96,39.93,39.95,20880,0
2015-02-13,17:35:00,39.96,40.05,39.96,40.05,27276,0
2015-02-13,17:40:00,40.05,40.07,40.04,40.07,24371,0
2015-02-13,17:45:00,40.07,40.16,40.07,40.15,21083,0
2015-02-13,17:50:00,40.13,40.13,40.11,40.12,6833,0
2015-02-13,17:55:00,40.12,40.15,40.11,40.15,16368,0
2015-02-13,18:00:00,40.14,40.15,40.12,40.13,9500,0
2015-02-13,18:05:00,40.13,40.16,40.13,40.15,13790,0
2015-02-13,18:10:00,40.15,40.16,40.11,40.13,13021,0
2015-02-13,18:15:00,40.13,40.13,40.11,40.13,5070,0
2015-02-13,18:20:00,40.13,40.15,40.1,40.12,17792,0
2015-02-13,18:25:00,40.11,40.13,40.1,40.11,25153,0
2015-02-13,18:30:00,40.11,40.11,40.07,40.08,14300,0
2015-02-13,18:35:00,40.07,40.13,40.07,40.13,6269,0
2015-02-13,18:40:00,40.13,40.13,40.09,40.09,11765,0
2015-02-13,18:45:00,40.09,40.1,40.07,40.08,12715,0
2015-02-13,18:50:00,40.07,40.08,40.04,40.06,17223,0
2015-02-13,18:55:00,40.07,40.1,40.07,40.09,5373,0
2015-02-13,19:00:00,40.1,40.1,40.0,40.01,60932,0
2015-02-13,19:05:00,40.02,40.03,39.99,40.01,14251,0
2015-02-13,19:10:00,40.01,40.02,39.99,40.02,19324,0
2015-02-13,19:15:00,40.02,40.03,40.01,40.01,15124,0
2015-02-13,19:20:00,40.01,40.03,40.0,40.01,20685,0
2015-02-13,19:25:00,40.01,40.04,40.0,40.04,64753,0
2015-02-13,19:30:00,40.04,40.1,40.04,40.1,26758,0
2015-02-13,19:35:00,40.1,40.11,40.07,40.1,26400,0
2015-02-13,19:40:00,40.09,40.13,40.04,40.13,28749,0
2015-02-13,19:45:00,40.12,40.13,40.07,40.11,26638,0
2015-02-13,19:50:00,40.11,40.15,40.11,40.14,14871,0
2015-02-13,19:55:00,40.13,40.23,40.13,40.23,34685,0
2015-02-13,20:00:00,40.22,40.25,40.21,40.24,21954,0
2015-02-13,20:05:00,40.23,40.25,40.23,40.24,14379,0
2015-02-13,20:10:00,40.24,40.31,40.24,40.3,46536,0
2015-02-13,20:15:00,40.29,40.3,40.22,40.24,38033,0
2015-02-13,20:20:00,40.24,40.26,40.23,40.24,22516,0
2015-02-13,20:25:00,40.26,40.26,40.18,40.19,25902,0
2015-02-13,20:30:00,40.19,40.21,40.18,40.2,27375,0
2015-02-13,20:35:00,40.21,40.21,40.12,40.14,20938,0
2015-02-13,20:40:00,40.15,40.17,40.13,40.14,19131,0
2015-02-13,20:45:00,40.15,40.17,40.14,40.16,20229,0
2015-02-13,20:50:00,40.16,40.23,40.16,40.21,14400,0
2015-02-13,20:55:00,40.21,40.24,40.2,40.24,10600,0
2015-02-13,21:00:00,40.24,40.27,40.24,40.25,12057,0
2015-02-13,21:05:00,40.25,40.26,40.19,40.19,30117,0
2015-02-13,21:10:00,40.2,40.25,40.2,40.23,37491,0
2015-02-13,21:15:00,40.23,40.23,40.19,40.21,38748,0
2015-02-13,21:20:00,40.21,40.24,40.19,40.23,23400,0
2015-02-13,21:25:00,40.23,40.24,40.19,40.21,48613,0
2015-02-13,21:30:00,40.2,40.23,40.19,40.2,53932,0
2015-02-13,21:35:00,40.21,40.22,40.18,40.19,65934,0
2015-02-13,21:40:00,40.19,40.2,40.14,40.16,97136,0
2015-02-13,21:45:00,40.16,40.19,40.14,40.19,59135,0
2015-02-13,21:50:00,40.19,40.22,40.17,40.2,50888,0
2015-02-13,21:55:00,40.2,40.23,40.17,40.18,84913,0
2015-02-13,22:00:00,40.18,40.19,40.12,40.15,350723,0
2015-02-17,15:35:00,40.01,40.13,39.95,40.08,52709,0
2015-02-17,15:40:00,40.05,40.06,39.93,39.93,22054,0
2015-02-17,15:45:00,39.93,40.01,39.92,39.94,21554,0
2015-02-17,15:50:00,39.95,39.97,39.85,39.88,25110,0
2015-02-17,15:55:00,39.87,39.89,39.79,39.89,31617,0
2015-02-17,16:00:00,39.89,40.01,39.88,39.91,54289,0
2015-02-17,16:05:00,39.9,39.94,39.86,39.92,78352,0
2015-02-17,16:10:00,39.92,39.94,39.87,39.89,52544,0
2015-02-17,16:15:00,39.88,39.92,39.84,39.85,72513,0
2015-02-17,16:20:00,39.85,39.92,39.85,39.89,39958,0
2015-02-17,16:25:00,39.88,39.91,39.87,39.88,28727,0
2015-02-17,16:30:00,39.88,39.91,39.86,39.87,39112,0
2015-02-17,16:35:00,39.88,39.95,39.83,39.95,92635,0
2015-02-17,16:40:00,39.95,40,39.93,39.95,26645,0
2015-02-17,16:45:00,39.95,39.96,39.91,39.91,23812,0
2015-02-17,16:50:00,39.91,39.91,39.84,39.89,18405,0
2015-02-17,16:55:00,39.89,39.9,39.78,39.78,16256,0
2015-02-17,17:00:00,39.76,39.85,39.76,39.85,25996,0
2015-02-17,17:05:00,39.84,39.89,39.81,39.81,22475,0
2015-02-17,17:10:00,39.81,39.83,39.79,39.8,16472,0
2015-02-17,17:15:00,39.81,39.88,39.81,39.87,15660,0
2015-02-17,17:20:00,39.88,39.88,39.77,39.78,35234,0
2015-02-17,17:25:00,39.79,39.85,39.79,39.82,20312,0
2015-02-17,17:30:00,39.82,39.83,39.8,39.82,41105,0
2015-02-17,17:35:00,39.82,39.92,39.82,39.91,31140,0
2015-02-17,17:40:00,39.92,40.07,39.9,40.07,25596,0
2015-02-17,17:45:00,40.07,40.13,40.06,40.12,21243,0
2015-02-17,17:50:00,40.12,40.12,40.05,40.06,8700,0
2015-02-17,17:55:00,40.06,40.08,40.01,40.07,67314,0
2015-02-17,18:00:00,40.06,40.08,40.02,40.03,17211,0
2015-02-17,18:05:00,40.05,40.18,40.03,40.18,32734,0
2015-02-17,18:10:00,40.16,40.21,40.16,40.21,13497,0
2015-02-17,18:15:00,40.21,40.27,40.19,40.21,25528,0
2015-02-17,18:20:00,40.21,40.21,40.15,40.16,21240,0
2015-02-17,18:25:00,40.17,40.17,40.07,40.09,34159,0
2015-02-17,18:30:00,40.08,40.16,40.05,40.15,18400,0
2015-02-17,18:35:00,40.16,40.22,40.15,40.21,7226,0
2015-02-17,18:40:00,40.21,40.27,40.21,40.27,10118,0
2015-02-17,18:45:00,40.28,40.28,40.24,40.25,16212,0
2015-02-17,18:50:00,40.25,40.26,40.22,40.23,9284,0
2015-02-17,18:55:00,40.25,40.26,40.19,40.19,12839,0
2015-02-17,19:00:00,40.19,40.19,40.15,40.17,15902,0
2015-02-17,19:05:00,40.17,40.25,40.17,40.25,15344,0
2015-02-17,19:10:00,40.26,40.35,40.26,40.33,37668,0
2015-02-17,19:15:00,40.34,40.34,40.31,40.32,11736,0
2015-02-17,19:20:00,40.33,40.35,40.33,40.34,13870,0
2015-02-17,19:25:00,40.34,40.38,40.33,40.35,33210,0
2015-02-17,19:30:00,40.36,40.38,40.35,40.36,26845,0
2015-02-17,19:35:00,40.35,40.37,40.34,40.35,19784,0
2015-02-17,19:40:00,40.34,40.4,40.34,40.38,33053,0
2015-02-17,19:45:00,40.38,40.42,40.37,40.37,28185,0
2015-02-17,19:50:00,40.38,40.38,40.36,40.37,25533,0
2015-02-17,19:55:00,40.36,40.36,40.26,40.26,34564,0
2015-02-17,20:00:00,40.27,40.29,40.24,40.25,64448,0
2015-02-17,20:05:00,40.26,40.28,40.23,40.24,56340,0
2015-02-17,20:10:00,40.24,40.28,40.23,40.28,29135,0
2015-02-17,20:15:00,40.29,40.32,40.28,40.31,59006,0
2015-02-17,20:20:00,40.32,40.39,40.31,40.38,13903,0
2015-02-17,20:25:00,40.39,40.4,40.38,40.4,16179,0
2015-02-17,20:30:00,40.39,40.4,40.33,40.35,17324,0
2015-02-17,20:35:00,40.36,40.41,40.36,40.41,18034,0
2015-02-17,20:40:00,40.41,40.47,40.41,40.45,20289,0
2015-02-17,20:45:00,40.44,40.47,40.44,40.46,25537,0
2015-02-17,20:50:00,40.45,40.52,40.45,40.51,49400,0
2015-02-17,20:55:00,40.51,40.51,40.44,40.44,31689,0
2015-02-17,21:00:00,40.45,40.51,40.45,40.48,50544,0
2015-02-17,21:05:00,40.48,40.52,40.47,40.52,40557,0
2015-02-17,21:10:00,40.52,40.53,40.45,40.48,46952,0
2015-02-17,21:15:00,40.48,40.49,40.46,40.46,28525,0
2015-02-17,21:20:00,40.46,40.46,40.44,40.45,25565,0
2015-02-17,21:25:00,40.46,40.47,40.42,40.45,46988,0
2015-02-17,21:30:00,40.46,40.46,40.45,40.45,19504,0
2015-02-17,21:35:00,40.45,40.46,40.32,40.34,112130,0
2015-02-17,21:40:00,40.35,40.38,40.33,40.36,41966,0
2015-02-17,21:45:00,40.37,40.37,40.34,40.34,37791,0
2015-02-17,21:50:00,40.34,40.34,40.27,40.28,75432,0
2015-02-17,21:55:00,40.28,40.41,40.28,40.4,112789,0
2015-02-17,22:00:00,40.41,40.53,40.4,40.52,1476716,0
2015-02-18,15:35:00,41.13,41.82,40.91,41.75,357045,0
2015-02-18,15:40:00,41.75,41.89,41.47,41.85,315817,0
2015-02-18,15:45:00,41.82,42.2,41.81,42.08,529099,0
2015-02-18,15:50:00,42.08,42.1,41.58,41.62,200962,0
2015-02-18,15:55:00,41.61,41.66,41.55,41.58,188327,0
2015-02-18,16:00:00,41.58,41.61,41.51,41.55,217183,0
2015-02-18,16:05:00,41.54,41.69,41.38,41.44,211657,0
2015-02-18,16:10:00,41.42,41.5,41.29,41.44,102254,0
2015-02-18,16:15:00,41.45,41.48,41.32,41.37,106063,0
2015-02-18,16:20:00,41.37,41.53,41.34,41.53,91501,0
2015-02-18,16:25:00,41.52,41.53,41.29,41.32,73875,0
2015-02-18,16:30:00,41.33,41.39,41.23,41.37,91579,0
2015-02-18,16:35:00,41.39,41.39,41.29,41.29,115126,0
2015-02-18,16:40:00,41.29,41.33,41.19,41.2,105308,0
2015-02-18,16:45:00,41.2,41.33,41.19,41.33,204854,0
2015-02-18,16:50:00,41.33,41.34,41.27,41.3,53398,0
2015-02-18,16:55:00,41.3,41.31,41.17,41.25,186234,0
2015-02-18,17:00:00,41.26,41.27,41.17,41.18,60229,0
2015-02-18,17:05:00,41.18,41.18,41.03,41.04,136479,0
2015-02-18,17:10:00,41.03,41.08,40.98,41.01,190170,0
2015-02-18,17:15:00,41.01,41.1,40.99,41.09,117995,0
2015-02-18,17:20:00,41.09,41.2,41.09,41.2,94634,0
2015-02-18,17:25:00,41.19,41.37,41.19,41.32,72132,0
2015-02-18,17:30:00,41.32,41.33,41.23,41.27,55373,0
2015-02-18,17:35:00,41.27,41.28,41.12,41.13,51691,0
2015-02-18,17:40:00,41.12,41.13,41.05,41.08,32946,0
2015-02-18,17:45:00,41.08,41.13,41.07,41.1,42179,0
2015-02-18,17:50:00,41.1,41.24,41.1,41.16,42240,0
2015-02-18,17:55:00,41.15,41.18,41.11,41.16,69196,0
2015-02-18,18:00:00,41.16,41.22,41.15,41.21,38743,0
2015-02-18,18:05:00,41.21,41.32,41.2,41.31,38115,0
2015-02-18,18:10:00,41.3,41.38,41.27,41.36,74390,0
2015-02-18,18:15:00,41.35,41.37,41.27,41.32,75311,0
2015-02-18,18:20:00,41.32,41.35,41.3,41.35,83972,0
2015-02-18,18:25:00,41.36,41.41,41.32,41.4,43452,0
2015-02-18,18:30:00,41.41,41.43,41.37,41.37,62103,0
2015-02-18,18:35:00,41.37,41.37,41.23,41.25,48150,0
2015-02-18,18:40:00,41.26,41.26,41.13,41.18,49486,0
2015-02-18,18:45:00,41.19,41.27,41.18,41.26,61741,0
2015-02-18,18:50:00,41.26,41.32,41.26,41.31,78085,0
2015-02-18,18:55:00,41.31,41.32,41.28,41.3,86942,0
2015-02-18,19:00:00,41.29,41.38,41.29,41.32,62481,0
2015-02-18,19:05:00,41.31,41.37,41.3,41.37,64814,0
2015-02-18,19:10:00,41.36,41.41,41.34,41.35,268495,0
2015-02-18,19:15:00,41.35,41.51,41.35,41.5,76784,0
2015-02-18,19:20:00,41.5,41.51,41.4,41.41,33043,0
2015-02-18,19:25:00,41.4,41.44,41.4,41.42,38156,0
2015-02-18,19:30:00,41.42,41.43,41.38,41.4,137461,0
2015-02-18,19:35:00,41.41,41.41,41.38,41.38,37822,0
2015-02-18,19:40:00,41.38,41.38,41.35,41.35,48588,0
2015-02-18,19:45:00,41.35,41.38,41.35,41.38,35653,0
2015-02-18,19:50:00,41.37,41.39,41.34,41.35,78830,0
2015-02-18,19:55:00,41.36,41.41,41.35,41.36,68367,0
2015-02-18,20:00:00,41.37,41.42,41.36,41.39,116582,0
2015-02-18,20:05:00,41.39,41.6,41.39,41.4,73283,0
2015-02-18,20:10:00,41.4,41.52,41.4,41.46,59196,0
2015-02-18,20:15:00,41.46,41.46,41.4,41.41,18773,0
2015-02-18,20:20:00,41.4,41.41,41.37,41.38,31129,0
2015-02-18,20:25:00,41.39,41.42,41.39,41.42,49378,0
2015-02-18,20:30:00,41.42,41.42,41.28,41.3,50250,0
2015-02-18,20:35:00,41.29,41.33,41.27,41.29,40091,0
2015-02-18,20:40:00,41.28,41.4,41.28,41.31,69324,0
2015-02-18,20:45:00,41.31,41.35,41.3,41.31,51512,0
2015-02-18,20:50:00,41.3,41.33,41.3,41.31,29431,0
2015-02-18,20:55:00,41.31,41.38,41.21,41.32,133561,0
2015-02-18,21:00:00,41.31,41.41,41.31,41.39,52879,0
2015-02-18,21:05:00,41.39,41.43,41.35,41.4,52695,0
2015-02-18,21:10:00,41.4,41.42,41.38,41.39,68858,0
2015-02-18,21:15:00,41.4,41.41,41.35,41.38,90101,0
2015-02-18,21:20:00,41.38,41.42,41.35,41.4,91873,0
2015-02-18,21:25:00,41.4,41.41,41.35,41.39,68384,0
2015-02-18,21:30:00,41.4,41.45,41.39,41.4,82885,0
2015-02-18,21:35:00,41.41,41.44,41.4,41.4,111204,0
2015-02-18,21:40:00,41.41,41.47,41.4,41.41,157753,0
2015-02-18,21:45:00,41.42,41.46,41.4,41.42,150737,0
2015-02-18,21:50:00,41.41,41.42,41.36,41.41,301744,0
2015-02-18,21:55:00,41.42,41.53,41.42,41.53,600796,0
2015-02-18,22:00:00,41.52,41.57,41.45,41.54,933725,0
2015-02-19,15:35:00,41.4,41.4,41.25,41.27,46826,0
2015-02-19,15:40:00,41.26,41.26,41.2,41.2,60080,0
2015-02-19,15:45:00,41.2,41.36,41.2,41.35,55595,0
2015-02-19,15:50:00,41.35,41.43,41.34,41.37,41235,0
2015-02-19,15:55:00,41.38,41.43,41.35,41.41,46548,0
2015-02-19,16:00:00,41.41,41.46,41.34,41.45,45098,0
2015-02-19,16:05:00,41.44,41.5,41.41,41.42,86271,0
2015-02-19,16:10:00,41.44,41.47,41.39,41.41,49800,0
2015-02-19,16:15:00,41.42,41.57,41.41,41.53,89228,0
2015-02-19,16:20:00,41.52,41.52,41.48,41.48,40137,0
2015-02-19,16:25:00,41.48,41.49,41.42,41.43,238928,0
2015-02-19,16:30:00,41.42,41.51,41.42,41.5,53775,0
2015-02-19,16:35:00,41.5,41.57,41.41,41.42,42943,0
2015-02-19,16:40:00,41.4,41.46,41.39,41.45,95032,0
2015-02-19,16:45:00,41.45,41.48,41.39,41.41,52301,0
2015-02-19,16:50:00,41.41,41.42,41.39,41.42,23149,0
2015-02-19,16:55:00,41.41,41.43,41.39,41.42,30930,0
2015-02-19,17:00:00,41.42,41.42,41.37,41.38,27259,0
2015-02-19,17:05:00,41.37,41.38,41.29,41.29,27661,0
2015-02-19,17:10:00,41.29,41.33,41.28,41.31,26193,0
2015-02-19,17:15:00,41.32,41.33,41.31,41.32,10552,0
2015-02-19,17:20:00,41.31,41.35,41.31,41.34,59079,0
2015-02-19,17:25:00,41.35,41.35,41.32,41.33,29814,0
2015-02-19,17:30:00,41.33,41.34,41.25,41.26,58179,0
2015-02-19,17:35:00,41.26,41.27,41.2,41.23,24300,0
2015-02-19,17:40:00,41.24,41.24,41.19,41.2,13897,0
2015-02-19,17:45:00,41.2,41.24,41.2,41.22,19783,0
2015-02-19,17:50:00,41.22,41.25,41.21,41.23,15583,0
2015-02-19,17:55:00,41.23,41.23,41.19,41.22,37986,0
2015-02-19,18:00:00,41.22,41.22,41.2,41.21,17410,0
2015-02-19,18:05:00,41.21,41.21,41.19,41.2,15114,0
2015-02-19,18:10:00,41.19,41.2,41.17,41.17,16300,0
2015-02-19,18:15:00,41.17,41.18,41.08,41.09,24623,0
2015-02-19,18:20:00,41.08,41.14,41.08,41.12,32686,0
2015-02-19,18:25:00,41.13,41.14,41.1,41.12,19164,0
2015-02-19,18:30:00,41.12,41.13,41.1,41.1,10728,0
2015-02-19,18:35:00,41.1,41.11,41.07,41.08,17300,0
2015-02-19,18:40:00,41.08,41.14,41.04,41.14,39614,0
2015-02-19,18:45:00,41.14,41.2,41.13,41.19,150992,0
2015-02-19,18:50:00,41.19,41.24,41.18,41.22,27213,0
2015-02-19,18:55:00,41.22,41.23,41.17,41.17,13800,0
2015-02-19,19:00:00,41.17,41.18,41.14,41.18,15436,0
2015-02-19,19:05:00,41.18,41.24,41.17,41.23,81850,0
2015-02-19,19:10:00,41.22,41.26,41.19,41.21,21000,0
2015-02-19,19:15:00,41.21,41.21,41.16,41.17,19346,0
2015-02-19,19:20:00,41.17,41.18,41.16,41.18,26544,0
2015-02-19,19:25:00,41.18,41.23,41.18,41.2,27990,0
2015-02-19,19:30:00,41.2,41.24,41.2,41.2,28954,0
2015-02-19,19:35:00,41.2,41.21,41.2,41.2,7713,0
2015-02-19,19:40:00,41.21,41.24,41.2,41.21,19105,0
2015-02-19,19:45:00,41.2,41.24,41.2,41.24,26767,0
2015-02-19,19:50:00,41.24,41.28,41.24,41.27,25151,0
2015-02-19,19:55:00,41.27,41.32,41.25,41.31,44191,0
2015-02-19,20:00:00,41.31,41.31,41.28,41.3,291519,0
2015-02-19,20:05:00,41.3,41.31,41.25,41.25,14526,0
2015-02-19,20:10:00,41.24,41.29,41.23,41.26,18439,0
2015-02-19,20:15:00,41.25,41.32,41.25,41.31,22668,0
2015-02-19,20:20:00,41.31,41.31,41.3,41.3,11986,0
2015-02-19,20:25:00,41.3,41.32,41.29,41.31,128219,0
2015-02-19,20:30:00,41.3,41.31,41.3,41.3,10869,0
2015-02-19,20:35:00,41.3,41.31,41.3,41.3,29744,0
2015-02-19,20:40:00,41.3,41.31,41.3,41.3,28890,0
2015-02-19,20:45:00,41.3,41.37,41.3,41.35,42746,0
2015-02-19,20:50:00,41.34,41.34,41.33,41.33,11773,0
2015-02-19,20:55:00,41.33,41.34,41.29,41.29,25322,0
2015-02-19,21:00:00,41.29,41.31,41.29,41.31,23460,0
2015-02-19,21:05:00,41.31,41.31,41.3,41.3,13643,0
2015-02-19,21:10:00,41.3,41.32,41.3,41.3,46879,0
2015-02-19,21:15:00,41.3,41.31,41.25,41.3,52684,0
2015-02-19,21:20:00,41.3,41.31,41.23,41.23,40712,0
2015-02-19,21:25:00,41.24,41.24,41.2,41.2,46811,0
2015-02-19,21:30:00,41.19,41.22,41.17,41.21,49235,0
2015-02-19,21:35:00,41.21,41.26,41.2,41.25,83417,0
2015-02-19,21:40:00,41.26,41.28,41.24,41.26,120998,0
2015-02-19,21:45:00,41.26,41.26,41.22,41.24,91777,0
2015-02-19,21:50:00,41.23,41.24,41.1,41.1,74079,0
2015-02-19,21:55:00,41.1,41.15,41.09,41.12,125358,0
2015-02-19,22:00:00,41.12,41.16,41.1,41.15,426754,0
2015-02-20,15:35:00,41.06,41.26,41,41.18,21056,0
2015-02-20,15:40:00,41.2,41.21,41.09,41.1,22627,0
2015-02-20,15:45:00,41.11,41.11,40.88,41.04,28099,0
2015-02-20,15:50:00,41.04,41.08,41.02,41.03,13081,0
2015-02-20,15:55:00,41.02,41.03,40.96,41.02,9800,0
2015-02-20,16:00:00,41.02,41.03,40.96,41.02,20790,0
2015-02-20,16:05:00,41.02,41.03,40.96,40.99,13400,0
2015-02-20,16:10:00,41,41.08,40.99,41.07,14350,0
2015-02-20,16:15:00,41.08,41.18,41.07,41.16,17574,0
2015-02-20,16:20:00,41.16,41.31,41.15,41.29,46610,0
2015-02-20,16:25:00,41.28,41.4,41.28,41.36,22945,0
2015-02-20,16:30:00,41.36,41.36,41.23,41.23,22973,0
2015-02-20,16:35:00,41.23,41.23,41.2,41.21,22166,0
2015-02-20,16:40:00,41.21,41.32,41.2,41.27,54603,0
2015-02-20,16:45:00,41.27,41.35,41.27,41.35,36064,0
2015-02-20,16:50:00,41.35,41.41,41.35,41.35,22404,0
2015-02-20,16:55:00,41.36,41.38,41.34,41.38,29194,0
2015-02-20,17:00:00,41.38,41.46,41.37,41.45,41657,0
2015-02-20,17:05:00,41.46,41.49,41.44,41.46,27246,0
2015-02-20,17:10:00,41.46,41.53,41.45,41.5,38704,0
2015-02-20,17:15:00,41.51,41.57,41.49,41.52,43422,0
2015-02-20,17:20:00,41.52,41.54,41.49,41.52,15219,0
2015-02-20,17:25:00,41.51,41.6,41.5,41.59,23828,0
2015-02-20,17:30:00,41.6,41.64,41.59,41.63,31821,0
2015-02-20,17:35:00,41.64,41.74,41.63,41.69,77957,0
2015-02-20,17:40:00,41.7,41.74,41.65,41.65,21457,0
2015-02-20,17:45:00,41.65,41.67,41.62,41.67,15821,0
2015-02-20,17:50:00,41.66,41.67,41.63,41.67,13400,0
2015-02-20,17:55:00,41.67,41.68,41.65,41.65,27057,0
2015-02-20,18:00:00,41.65,41.74,41.65,41.73,60509,0
2015-02-20,18:05:00,41.73,41.77,41.73,41.76,45683,0
2015-02-20,18:10:00,41.76,41.76,41.7,41.73,20240,0
2015-02-20,18:15:00,41.73,41.73,41.68,41.69,12700,0
2015-02-20,18:20:00,41.68,41.69,41.66,41.68,17373,0
2015-02-20,18:25:00,41.67,41.7,41.67,41.7,8100,0
2015-02-20,18:30:00,41.69,41.7,41.67,41.69,16800,0
2015-02-20,18:35:00,41.69,41.69,41.65,41.67,19300,0
2015-02-20,18:40:00,41.69,41.78,41.69,41.76,38996,0
2015-02-20,18:45:00,41.75,41.9,41.75,41.87,73696,0
2015-02-20,18:50:00,41.88,41.91,41.84,41.84,22594,0
2015-02-20,18:55:00,41.83,41.86,41.81,41.82,19198,0
2015-02-20,19:00:00,41.82,41.82,41.8,41.8,8200,0
2015-02-20,19:05:00,41.8,41.82,41.78,41.81,18684,0
2015-02-20,19:10:00,41.81,41.85,41.81,41.84,11000,0
2015-02-20,19:15:00,41.85,41.91,41.85,41.91,17582,0
2015-02-20,19:20:00,41.91,41.93,41.86,41.87,19131,0
2015-02-20,19:25:00,41.87,41.9,41.85,41.9,17836,0
2015-02-20,19:30:00,41.9,41.97,41.89,41.97,58628,0
2015-02-20,19:35:00,41.97,41.97,41.94,41.95,17972,0
2015-02-20,19:40:00,41.95,42,41.94,42,27428,0
2015-02-20,19:45:00,42,42.07,41.98,42.06,64381,0
2015-02-20,19:50:00,42.06,42.09,42.05,42.08,21969,0
2015-02-20,19:55:00,42.08,42.09,42.07,42.08,18369,0
2015-02-20,20:00:00,42.08,42.1,42.04,42.08,32863,0
2015-02-20,20:05:00,42.07,42.07,42.05,42.06,9300,0
2015-02-20,20:10:00,42.07,42.11,42.07,42.07,30280,0
2015-02-20,20:15:00,42.07,42.09,42.07,42.07,5350,0
2015-02-20,20:20:00,42.08,42.08,42,42.06,27800,0
2015-02-20,20:25:00,42.06,42.06,42.05,42.05,4550,0
2015-02-20,20:30:00,42.05,42.08,42.05,42.07,29401,0
2015-02-20,20:35:00,42.07,42.08,42.01,42.01,25399,0
2015-02-20,20:40:00,42.02,42.02,41.99,41.99,55024,0
2015-02-20,20:45:00,42,42,41.92,41.93,32379,0
2015-02-20,20:50:00,41.93,41.96,41.91,41.94,53096,0
2015-02-20,20:55:00,41.94,41.95,41.91,41.93,39383,0
2015-02-20,21:00:00,41.93,41.95,41.89,41.92,40521,0
2015-02-20,21:05:00,41.92,41.96,41.92,41.94,105483,0
2015-02-20,21:10:00,41.95,42.03,41.95,42.01,45660,0
2015-02-20,21:15:00,42.01,42.07,42.01,42.02,42825,0
2015-02-20,21:20:00,42.03,42.03,41.95,41.96,43224,0
2015-02-20,21:25:00,41.95,41.96,41.91,41.93,52724,0
2015-02-20,21:30:00,41.93,41.96,41.9,41.96,35560,0
2015-02-20,21:35:00,41.96,41.97,41.92,41.93,45865,0
2015-02-20,21:40:00,41.94,41.98,41.91,41.98,71163,0
2015-02-20,21:45:00,41.98,42.01,41.98,41.98,57039,0
2015-02-20,21:50:00,41.99,42,41.95,41.95,75283,0
2015-02-20,21:55:00,41.96,41.99,41.91,41.93,148026,0
2015-02-20,22:00:00,41.93,41.97,41.92,41.95,627680,0
2015-02-23,15:35:00,41.96,41.96,41.65,41.82,53944,0
2015-02-23,15:40:00,41.82,41.88,41.78,41.8,58033,0
2015-02-23,15:45:00,41.82,41.9,41.7,41.72,69975,0
2015-02-23,15:50:00,41.75,41.81,41.7,41.71,24172,0
2015-02-23,15:55:00,41.72,41.74,41.54,41.55,83422,0
2015-02-23,16:00:00,41.54,41.57,41.52,41.55,49604,0
2015-02-23,16:05:00,41.54,41.61,41.51,41.6,48538,0
2015-02-23,16:10:00,41.6,41.69,41.6,41.61,30993,0
2015-02-23,16:15:00,41.62,41.63,41.57,41.58,25929,0
2015-02-23,16:20:00,41.58,41.61,41.55,41.61,63444,0
2015-02-23,16:25:00,41.61,41.7,41.61,41.69,23537,0
2015-02-23,16:30:00,41.7,41.71,41.66,41.66,20595,0
2015-02-23,16:35:00,41.66,41.66,41.64,41.64,20700,0
2015-02-23,16:40:00,41.64,41.67,41.62,41.67,20567,0
2015-02-23,16:45:00,41.68,41.69,41.66,41.69,9998,0
2015-02-23,16:50:00,41.69,41.72,41.67,41.72,12347,0
2015-02-23,16:55:00,41.72,41.72,41.67,41.67,24802,0
2015-02-23,17:00:00,41.67,41.68,41.64,41.65,14162,0
2015-02-23,17:05:00,41.64,41.71,41.64,41.7,18898,0
2015-02-23,17:10:00,41.69,41.72,41.69,41.72,19520,0
2015-02-23,17:15:00,41.71,41.71,41.64,41.67,25889,0
2015-02-23,17:20:00,41.67,41.68,41.64,41.67,72444,0
2015-02-23,17:25:00,41.67,41.68,41.64,41.65,35257,0
2015-02-23,17:30:00,41.66,41.67,41.64,41.66,22030,0
2015-02-23,17:35:00,41.67,41.67,41.65,41.65,14818,0
2015-02-23,17:40:00,41.66,41.66,41.64,41.66,30785,0
2015-02-23,17:45:00,41.65,41.66,41.65,41.66,18399,0
2015-02-23,17:50:00,41.67,41.7,41.66,41.69,27132,0
2015-02-23,17:55:00,41.7,41.71,41.68,41.69,6000,0
2015-02-23,18:00:00,41.69,41.71,41.68,41.7,10500,0
2015-02-23,18:05:00,41.69,41.7,41.67,41.69,17655,0
2015-02-23,18:10:00,41.7,41.74,41.69,41.71,13837,0
2015-02-23,18:15:00,41.72,41.72,41.64,41.65,14860,0
2015-02-23,18:20:00,41.65,41.66,41.6,41.6,13651,0
2015-02-23,18:25:00,41.6,41.61,41.56,41.6,21348,0
2015-02-23,18:30:00,41.59,41.62,41.57,41.57,37066,0
2015-02-23,18:35:00,41.57,41.57,41.51,41.51,17910,0
2015-02-23,18:40:00,41.51,41.55,41.5,41.51,23068,0
2015-02-23,18:45:00,41.5,41.53,41.49,41.52,17250,0
2015-02-23,18:50:00,41.52,41.54,41.5,41.53,13112,0
2015-02-23,18:55:00,41.53,41.64,41.52,41.63,39767,0
2015-02-23,19:00:00,41.63,41.7,41.63,41.7,10418,0
2015-02-23,19:05:00,41.7,41.72,41.69,41.71,7952,0
2015-02-23,19:10:00,41.71,41.72,41.71,41.71,4500,0
2015-02-23,19:15:00,41.71,41.71,41.65,41.65,14400,0
2015-02-23,19:20:00,41.65,41.68,41.64,41.67,6400,0
2015-02-23,19:25:00,41.67,41.7,41.67,41.68,12211,0
2015-02-23,19:30:00,41.68,41.69,41.66,41.66,19692,0
2015-02-23,19:35:00,41.66,41.72,41.65,41.69,21243,0
2015-02-23,19:40:00,41.69,41.71,41.69,41.71,5241,0
2015-02-23,19:45:00,41.72,41.73,41.72,41.72,9700,0
2015-02-23,19:50:00,41.72,41.73,41.72,41.72,6700,0
2015-02-23,19:55:00,41.72,41.76,41.72,41.73,20392,0
2015-02-23,20:00:00,41.72,41.73,41.7,41.71,9982,0
2015-02-23,20:05:00,41.72,41.74,41.69,41.71,17717,0
2015-02-23,20:10:00,41.7,41.72,41.7,41.7,6435,0
2015-02-23,20:15:00,41.7,41.73,41.68,41.7,29061,0
2015-02-23,20:20:00,41.69,41.71,41.68,41.69,22367,0
2015-02-23,20:25:00,41.69,41.71,41.69,41.71,13324,0
2015-02-23,20:30:00,41.7,41.72,41.7,41.71,10767,0
2015-02-23,20:35:00,41.72,41.72,41.65,41.65,30909,0
2015-02-23,20:40:00,41.66,41.67,41.65,41.66,8076,0
2015-02-23,20:45:00,41.66,41.66,41.61,41.63,31201,0
2015-02-23,20:50:00,41.63,41.66,41.63,41.66,9340,0
2015-02-23,20:55:00,41.67,41.68,41.66,41.67,12123,0
2015-02-23,21:00:00,41.66,41.69,41.66,41.69,7920,0
2015-02-23,21:05:00,41.69,41.7,41.66,41.66,23644,0
2015-02-23,21:10:00,41.66,41.66,41.63,41.63,17194,0
2015-02-23,21:15:00,41.63,41.64,41.6,41.62,17396,0
2015-02-23,21:20:00,41.63,41.67,41.62,41.66,18662,0
2015-02-23,21:25:00,41.65,41.68,41.65,41.66,23613,0
2015-02-23,21:30:00,41.66,41.68,41.64,41.67,26572,0
2015-02-23,21:35:00,41.67,41.67,41.64,41.64,23688,0
2015-02-23,21:40:00,41.65,41.65,41.63,41.63,14762,0
2015-02-23,21:45:00,41.64,41.69,41.63,41.69,35649,0
2015-02-23,21:50:00,41.69,41.69,41.65,41.67,51564,0
2015-02-23,21:55:00,41.67,41.69,41.64,41.65,54290,0
2015-02-23,22:00:00,41.66,41.73,41.66,41.73,666821,0
