Date,Time,Open,High,Low,Close,Volume,OpenInt
2015-02-03,15:45:00,44.45,44.50,44.32,44.48,4001,0
2015-02-03,15:50:00,44.406,44.406,44.326,44.396,1700,0
2015-02-03,15:55:00,44.426,44.476,44.376,44.476,2102,0
2015-02-03,16:00:00,44.466,44.486,44.326,44.326,2584,0
2015-02-03,16:05:00,44.386,44.466,44.386,44.386,2600,0
2015-02-03,16:10:00,44.386,44.426,44.386,44.386,2201,0
2015-02-03,16:15:00,44.326,44.376,44.306,44.306,5606,0
2015-02-03,16:20:00,44.286,44.296,44.277,44.296,700,0
2015-02-03,16:25:00,44.257,44.316,44.237,44.257,3402,0
2015-02-03,16:30:00,44.326,44.326,44.267,44.267,2444,0
2015-02-03,16:35:00,44.286,44.386,44.267,44.376,3438,0
2015-02-03,16:40:00,44.386,44.426,44.306,44.306,23996,0
2015-02-03,16:45:00,44.306,44.306,44.257,44.277,3205,0
2015-02-03,16:50:00,44.277,44.277,44.207,44.247,1600,0
2015-02-03,16:55:00,44.247,44.316,44.237,44.267,1702,0
2015-02-03,17:00:00,44.257,44.257,44.067,44.067,1102,0
2015-02-03,17:05:00,44.087,44.157,44.067,44.077,3303,0
2015-02-03,17:10:00,44.038,44.107,43.998,44.048,4404,0
2015-02-03,17:15:00,44.117,44.117,44.048,44.087,20247,0
2015-02-03,17:20:00,44.097,44.217,44.097,44.147,5212,0
2015-02-03,17:25:00,44.147,44.147,44.008,44.038,1500,0
2015-02-03,17:30:00,44.048,44.127,44.038,44.038,3603,0
2015-02-03,17:35:00,44.028,44.048,43.988,43.998,4910,0
2015-02-03,17:40:00,43.988,44.087,43.918,44.087,4708,0
2015-02-03,17:45:00,44.097,44.117,44.097,44.117,1600,0
2015-02-03,17:50:00,44.157,44.167,44.097,44.097,1601,0
2015-02-03,17:55:00,44.097,44.097,44.048,44.048,1601,0
2015-02-03,18:00:00,44.057,44.057,43.958,43.958,2202,0
2015-02-03,18:05:00,43.978,44.028,43.938,43.988,1701,0
2015-02-03,18:10:00,43.998,44.038,43.998,44.038,1200,0
2015-02-03,18:15:00,44.008,44.197,44.008,44.137,2902,0
2015-02-03,18:20:00,44.167,44.167,44.127,44.127,600,0
2015-02-03,18:25:00,44.147,44.157,44.008,44.057,2101,0
2015-02-03,18:30:00,44.057,44.147,44.057,44.147,1000,0
2015-02-03,18:35:00,44.107,44.107,43.988,44.038,1100,0
2015-02-03,18:40:00,44.048,44.137,44.048,44.107,2001,0
2015-02-03,18:45:00,44.067,44.157,44.067,44.127,1300,0
2015-02-03,18:50:00,44.137,44.167,44.107,44.107,2000,0
2015-02-03,18:55:00,44.087,44.107,44.057,44.107,1501,0
2015-02-03,19:00:00,44.127,44.157,44.127,44.127,1670,0
2015-02-03,19:05:00,44.137,44.157,44.127,44.137,1600,0
2015-02-03,19:10:00,44.157,44.237,44.157,44.217,2409,0
2015-02-03,19:15:00,44.237,44.247,44.157,44.207,4404,0
2015-02-03,19:20:00,44.187,44.197,44.147,44.187,1100,0
2015-02-03,19:25:00,44.167,44.296,44.167,44.227,3301,0
2015-02-03,19:30:00,44.217,44.286,44.207,44.286,1500,0
2015-02-03,19:35:00,44.296,44.336,44.197,44.207,12667,0
2015-02-03,19:40:00,44.227,44.267,44.217,44.267,4101,0
2015-02-03,19:45:00,44.267,44.277,44.257,44.267,2701,0
2015-02-03,19:50:00,44.267,44.366,44.247,44.306,22733,0
2015-02-03,19:55:00,44.306,44.366,44.296,44.346,8607,0
2015-02-03,20:00:00,44.356,44.575,44.336,44.575,6205,0
2015-02-03,20:05:00,44.535,44.545,44.496,44.506,3700,0
2015-02-03,20:10:00,44.506,44.525,44.506,44.506,5002,0
2015-02-03,20:15:00,44.486,44.525,44.476,44.525,2300,0
2015-02-03,20:20:00,44.515,44.585,44.506,44.535,6722,0
2015-02-03,20:25:00,44.506,44.555,44.446,44.535,4867,0
2015-02-03,20:30:00,44.506,44.555,44.506,44.535,1400,0
2015-02-03,20:35:00,44.565,44.605,44.535,44.585,4663,0
2015-02-03,20:40:00,44.605,44.605,44.515,44.515,2500,0
2015-02-03,20:45:00,44.555,44.665,44.555,44.665,2400,0
2015-02-03,20:50:00,44.595,44.675,44.585,44.645,6258,0
2015-02-03,20:55:00,44.645,44.665,44.635,44.665,3000,0
2015-02-03,21:00:00,44.695,44.774,44.685,44.725,7011,0
2015-02-03,21:05:00,44.744,44.774,44.744,44.764,1200,0
2015-02-03,21:10:00,44.774,44.774,44.695,44.735,9398,0
2015-02-03,21:15:00,44.754,44.754,44.645,44.705,8503,0
2015-02-03,21:20:00,44.705,44.744,44.685,44.725,5557,0
2015-02-03,21:25:00,44.705,44.754,44.675,44.705,12109,0
2015-02-03,21:30:00,44.744,44.754,44.695,44.725,5400,0
2015-02-03,21:35:00,44.715,44.744,44.665,44.665,6962,0
2015-02-03,21:40:00,44.655,44.764,44.655,44.754,8592,0
2015-02-03,21:45:00,44.744,44.774,44.695,44.754,8226,0
2015-02-03,21:50:00,44.774,44.804,44.774,44.794,19858,0
2015-02-03,21:55:00,44.794,44.804,44.784,44.804,15980,0
2015-02-03,22:00:00,44.804,44.804,44.764,44.804,86382,0
2015-02-04,15:35:00,44.675,44.854,44.625,44.854,24172,0
2015-02-04,15:40:00,44.844,44.964,44.744,44.964,7016,0
2015-02-04,15:45:00,45.023,45.063,44.625,44.695,6213,0
2015-02-04,15:50:00,44.695,44.884,44.645,44.824,3812,0
2015-02-04,15:55:00,44.854,44.904,44.625,44.655,2201,0
2015-02-04,16:00:00,44.695,44.884,44.695,44.804,1601,0
2015-02-04,16:05:00,44.715,44.715,44.715,44.715,200,0
2015-02-04,16:15:00,44.864,44.894,44.774,44.844,3004,0
2015-02-04,16:20:00,44.774,44.824,44.774,44.774,1600,0
2015-02-04,16:25:00,44.774,44.824,44.705,44.774,2400,0
2015-02-04,16:30:00,44.754,44.814,44.705,44.705,2201,0
2015-02-04,16:40:00,44.725,44.774,44.615,44.774,4900,0
2015-02-04,16:45:00,44.804,44.854,44.774,44.784,3705,0
2015-02-04,16:50:00,44.804,44.854,44.754,44.754,6689,0
2015-02-04,16:55:00,44.834,44.834,44.675,44.744,5176,0
2015-02-04,17:00:00,44.804,44.824,44.804,44.814,1443,0
2015-02-04,17:05:00,44.774,44.864,44.774,44.814,8314,0
2015-02-04,17:10:00,44.814,44.874,44.784,44.804,7312,0
2015-02-04,17:15:00,44.804,44.864,44.754,44.804,17722,0
2015-02-04,17:20:00,44.804,44.804,44.794,44.794,300,0
2015-02-04,17:25:00,44.844,44.894,44.844,44.894,1701,0
2015-02-04,17:30:00,44.954,44.954,44.894,44.894,400,0
2015-02-04,17:35:00,44.954,45.013,44.944,44.973,1900,0
2015-02-04,17:40:00,44.964,45.003,44.964,44.983,1802,0
2015-02-04,17:45:00,44.954,45.003,44.924,44.954,4505,0
2015-02-04,17:50:00,44.954,44.993,44.954,44.954,3403,0
2015-02-04,17:55:00,44.964,44.964,44.894,44.894,1701,0
2015-02-04,18:00:00,44.894,44.934,44.854,44.884,3604,0
2015-02-04,18:05:00,44.904,44.914,44.894,44.904,3202,0
2015-02-04,18:10:00,44.894,44.894,44.844,44.864,3707,0
2015-02-04,18:15:00,44.824,44.824,44.794,44.794,2401,0
2015-02-04,18:20:00,44.784,44.794,44.764,44.764,1201,0
2015-02-04,18:25:00,44.774,44.774,44.764,44.764,1100,0
2015-02-04,18:30:00,44.764,44.784,44.695,44.705,5956,0
2015-02-04,18:35:00,44.735,44.764,44.735,44.754,900,0
2015-02-04,18:40:00,44.754,44.764,44.725,44.725,2100,0
2015-02-04,18:45:00,44.735,44.735,44.655,44.665,2506,0
2015-02-04,18:55:00,44.685,44.764,44.675,44.715,2401,0
2015-02-04,19:00:00,44.735,44.764,44.725,44.725,2400,0
2015-02-04,19:05:00,44.725,44.735,44.705,44.735,4008,0
2015-02-04,19:10:00,44.754,44.764,44.715,44.744,1856,0
2015-02-04,19:15:00,44.754,44.774,44.725,44.725,1003,0
2015-02-04,19:20:00,44.754,44.784,44.754,44.784,900,0
2015-02-04,19:25:00,44.735,44.774,44.735,44.754,15176,0
2015-02-04,19:30:00,44.754,44.754,44.754,44.754,500,0
2015-02-04,19:35:00,44.784,44.804,44.784,44.804,2601,0
2015-02-04,19:40:00,44.764,44.764,44.744,44.754,3221,0
2015-02-04,19:45:00,44.744,44.764,44.744,44.764,1701,0
2015-02-04,19:50:00,44.764,44.764,44.744,44.764,1500,0
2015-02-04,19:55:00,44.744,44.774,44.744,44.774,1000,0
2015-02-04,20:00:00,44.764,44.804,44.735,44.764,3102,0
2015-02-04,20:05:00,44.794,44.814,44.794,44.794,7213,0
2015-02-04,20:10:00,44.774,44.794,44.764,44.794,6329,0
2015-02-04,20:15:00,44.794,44.794,44.774,44.794,1900,0
2015-02-04,20:20:00,44.794,44.794,44.784,44.794,500,0
2015-02-04,20:25:00,44.794,44.804,44.774,44.784,3803,0
2015-02-04,20:30:00,44.774,44.774,44.774,44.774,400,0
2015-02-04,20:35:00,44.774,44.784,44.715,44.715,3202,0
2015-02-04,20:40:00,44.725,44.725,44.695,44.705,6447,0
2015-02-04,20:45:00,44.685,44.685,44.685,44.685,100,0
2015-02-04,20:50:00,44.715,44.744,44.705,44.744,4508,0
2015-02-04,20:55:00,44.735,44.744,44.715,44.715,3657,0
2015-02-04,21:00:00,44.744,44.744,44.725,44.735,1504,0
2015-02-04,21:05:00,44.735,44.764,44.725,44.754,3128,0
2015-02-04,21:10:00,44.754,44.754,44.735,44.744,15093,0
2015-02-04,21:15:00,44.744,44.754,44.715,44.715,9967,0
2015-02-04,21:20:00,44.725,44.754,44.715,44.754,3405,0
2015-02-04,21:25:00,44.744,44.754,44.725,44.754,6548,0
2015-02-04,21:30:00,44.744,44.754,44.744,44.754,3269,0
2015-02-04,21:35:00,44.754,44.774,44.735,44.754,18284,0
2015-02-04,21:40:00,44.754,44.804,44.695,44.695,13403,0
2015-02-04,21:45:00,44.725,44.725,44.605,44.605,8701,0
2015-02-04,21:50:00,44.645,44.735,44.595,44.695,17283,0
2015-02-04,21:55:00,44.705,44.725,44.645,44.715,15417,0
2015-02-04,22:00:00,44.735,44.744,44.645,44.695,107826,0
2015-02-05,15:35:00,44.675,44.924,44.675,44.834,18553,0
2015-02-05,15:40:00,44.834,45.033,44.764,45.033,24892,0
2015-02-05,15:45:00,45.033,45.083,44.914,45.023,23251,0
2015-02-05,15:50:00,45.013,45.103,45.013,45.013,2034,0
2015-02-05,15:55:00,45.023,45.222,44.993,45.173,7324,0
2015-02-05,16:00:00,45.173,45.173,44.954,45.053,7823,0
2015-02-05,16:05:00,45.133,45.163,45.053,45.123,7000,0
2015-02-05,16:10:00,45.143,45.212,45.093,45.143,39829,0
2015-02-05,16:15:00,45.153,45.153,45.053,45.103,3402,0
2015-02-05,16:20:00,45.073,45.073,44.973,45.073,14534,0
2015-02-05,16:25:00,45.073,45.113,45.033,45.103,2304,0
2015-02-05,16:30:00,45.183,45.183,45.043,45.093,2803,0
2015-02-05,16:35:00,45.133,45.133,44.964,45.023,4802,0
2015-02-05,16:40:00,45.013,45.173,45.013,45.173,2100,0
2015-02-05,16:45:00,45.113,45.163,45.023,45.163,1800,0
2015-02-05,16:50:00,45.123,45.193,45.113,45.113,2700,0
2015-02-05,16:55:00,45.133,45.133,44.993,45.023,4705,0
2015-02-05,17:00:00,45.083,45.113,45.083,45.103,5140,0
2015-02-05,17:05:00,45.063,45.063,44.973,44.973,2400,0
2015-02-05,17:10:00,44.993,45.023,44.964,45.023,1902,0
2015-02-05,17:15:00,45.053,45.113,45.033,45.033,5866,0
2015-02-05,17:20:00,45.033,45.063,45.013,45.033,2001,0
2015-02-05,17:25:00,45.053,45.113,45.053,45.073,3107,0
2015-02-05,17:30:00,45.023,45.113,45.013,45.023,4004,0
2015-02-05,17:35:00,45.043,45.073,45.023,45.023,3307,0
2015-02-05,17:40:00,45.013,45.043,44.983,45.043,2700,0
2015-02-05,17:45:00,44.964,45.073,44.964,45.073,1300,0
2015-02-05,17:50:00,45.093,45.143,45.093,45.103,2400,0
2015-02-05,17:55:00,45.073,45.073,45.023,45.053,1800,0
2015-02-05,18:00:00,45.023,45.113,45.023,45.113,2302,0
2015-02-05,18:05:00,45.113,45.113,45.023,45.093,1701,0
2015-02-05,18:10:00,45.073,45.093,45.023,45.023,2701,0
2015-02-05,18:15:00,45.023,45.023,44.983,45.013,1002,0
2015-02-05,18:20:00,45.013,45.013,44.884,44.894,27955,0
2015-02-05,18:25:00,44.914,44.924,44.894,44.924,1602,0
2015-02-05,18:30:00,44.924,44.934,44.874,44.934,2002,0
2015-02-05,18:35:00,44.973,45.003,44.924,44.924,1603,0
2015-02-05,18:40:00,44.914,44.924,44.894,44.894,800,0
2015-02-05,18:45:00,44.934,44.944,44.884,44.914,2000,0
2015-02-05,18:50:00,44.884,44.944,44.874,44.884,3216,0
2015-02-05,18:55:00,44.854,44.854,44.814,44.824,1300,0
2015-02-05,19:00:00,44.814,44.914,44.814,44.874,5215,0
2015-02-05,19:05:00,44.874,44.894,44.834,44.864,15647,0
2015-02-05,19:10:00,44.864,44.894,44.814,44.834,4779,0
2015-02-05,19:15:00,44.884,44.924,44.884,44.914,500,0
2015-02-05,19:20:00,44.914,44.944,44.844,44.874,4613,0
2015-02-05,19:25:00,44.864,44.924,44.854,44.894,5200,0
2015-02-05,19:30:00,44.904,44.993,44.904,44.934,3307,0
2015-02-05,19:35:00,44.964,44.964,44.934,44.934,1300,0
2015-02-05,19:40:00,44.944,44.983,44.874,44.983,4718,0
2015-02-05,19:45:00,45.003,45.073,45.003,45.073,2104,0
2015-02-05,19:50:00,45.063,45.133,45.063,45.093,2600,0
2015-02-05,19:55:00,45.163,45.163,45.053,45.053,1401,0
2015-02-05,20:00:00,45.083,45.093,44.993,45.033,2404,0
2015-02-05,20:05:00,45.033,45.133,45.033,45.073,5876,0
2015-02-05,20:10:00,45.063,45.113,45.063,45.103,2203,0
2015-02-05,20:15:00,45.133,45.183,45.103,45.103,1331,0
2015-02-05,20:20:00,45.113,45.163,45.113,45.163,1202,0
2015-02-05,20:25:00,45.183,45.202,45.183,45.202,900,0
2015-02-05,20:30:00,45.193,45.202,45.143,45.193,5007,0
2015-02-05,20:35:00,45.193,45.193,45.133,45.153,1700,0
2015-02-05,20:40:00,45.153,45.202,45.123,45.202,1700,0
2015-02-05,20:45:00,45.183,45.202,45.153,45.153,1100,0
2015-02-05,20:50:00,45.173,45.202,45.173,45.173,1700,0
2015-02-05,20:55:00,45.183,45.193,45.163,45.163,1700,0
2015-02-05,21:00:00,45.133,45.173,45.083,45.123,3878,0
2015-02-05,21:05:00,45.123,45.123,45.073,45.083,4201,0
2015-02-05,21:10:00,45.093,45.093,45.053,45.073,3602,0
2015-02-05,21:15:00,45.063,45.113,45.053,45.113,2000,0
2015-02-05,21:20:00,45.123,45.133,45.043,45.043,21534,0
2015-02-05,21:25:00,45.083,45.103,45.063,45.073,6704,0
2015-02-05,21:30:00,45.073,45.103,45.063,45.063,7942,0
2015-02-05,21:35:00,45.083,45.103,45.023,45.083,10248,0
2015-02-05,21:40:00,45.053,45.103,45.053,45.093,5389,0
2015-02-05,21:45:00,45.093,45.133,45.093,45.123,4953,0
2015-02-05,21:50:00,45.123,45.123,45.033,45.033,12382,0
2015-02-05,21:55:00,45.023,45.033,44.964,45.033,26714,0
2015-02-05,22:00:00,45.043,45.053,44.954,45.023,72992,0
2015-02-06,15:35:00,44.735,45.412,44.306,45.262,12206,0
2015-02-06,15:40:00,45.252,45.7,45.242,45.7,8060,0
2015-02-06,15:45:00,45.66,45.7,45.222,45.362,8358,0
2015-02-06,15:50:00,45.481,45.621,45.451,45.451,2903,0
2015-02-06,15:55:00,45.441,45.491,45.133,45.212,10739,0
2015-02-06,16:00:00,45.153,45.212,45.113,45.212,8021,0
2015-02-06,16:05:00,45.212,45.292,45.163,45.173,10475,0
2015-02-06,16:10:00,45.153,45.262,45.023,45.222,11321,0
2015-02-06,16:15:00,45.183,45.212,45.153,45.202,3000,0
2015-02-06,16:20:00,45.212,45.212,45.003,45.023,4802,0
2015-02-06,16:25:00,45.003,45.153,45.003,45.133,3242,0
2015-02-06,16:30:00,45.113,45.143,45.003,45.023,8309,0
2015-02-06,16:35:00,44.973,45.113,44.964,45.003,10807,0
2015-02-06,16:40:00,44.964,44.964,44.934,44.934,1300,0
2015-02-06,16:45:00,44.934,45.123,44.934,45.073,5121,0
2015-02-06,16:50:00,45.133,45.133,45.013,45.023,5407,0
2015-02-06,16:55:00,45.003,45.033,44.973,45.013,3721,0
2015-02-06,17:00:00,45.043,45.113,44.973,45.053,3902,0
2015-02-06,17:05:00,45.063,45.063,44.944,44.944,1500,0
2015-02-06,17:10:00,44.993,45.093,44.993,45.043,4104,0
2015-02-06,17:15:00,45.053,45.133,45.043,45.123,9111,0
2015-02-06,17:20:00,45.103,45.113,45.043,45.063,4404,0
2015-02-06,17:25:00,45.093,45.123,45.043,45.113,4504,0
2015-02-06,17:30:00,45.123,45.123,45.053,45.053,23229,0
2015-02-06,17:35:00,45.093,45.123,45.083,45.083,7351,0
2015-02-06,17:40:00,45.013,45.123,45.013,45.123,4603,0
2015-02-06,17:45:00,45.123,45.123,45.043,45.053,4206,0
2015-02-06,17:50:00,45.063,45.212,45.063,45.183,10270,0
2015-02-06,17:55:00,45.163,45.183,45.063,45.173,5009,0
2015-02-06,18:00:00,45.212,45.302,45.163,45.222,5476,0
2015-02-06,18:05:00,45.252,45.252,45.053,45.053,6709,0
2015-02-06,18:10:00,45.053,45.212,45.053,45.143,5700,0
2015-02-06,18:15:00,45.143,45.193,45.033,45.053,4703,0
2015-02-06,18:20:00,45.053,45.143,45.053,45.113,3003,0
2015-02-06,18:25:00,45.133,45.133,45.053,45.053,2400,0
2015-02-06,18:30:00,45.083,45.222,45.053,45.143,4238,0
2015-02-06,18:35:00,45.143,45.193,45.083,45.103,3900,0
2015-02-06,18:40:00,45.093,45.272,45.093,45.193,5401,0
2015-02-06,18:45:00,45.202,45.252,45.153,45.202,7586,0
2015-02-06,18:50:00,45.202,45.252,45.153,45.202,12556,0
2015-02-06,18:55:00,45.183,45.202,45.153,45.153,6196,0
2015-02-06,19:00:00,45.153,45.232,45.153,45.212,2500,0
2015-02-06,19:05:00,45.212,45.212,45.163,45.163,2600,0
2015-02-06,19:10:00,45.173,45.173,45.043,45.113,6051,0
2015-02-06,19:15:00,45.093,45.173,45.063,45.163,5303,0
2015-02-06,19:20:00,45.242,45.262,45.153,45.153,3704,0
2015-02-06,19:25:00,45.153,45.193,45.153,45.153,1100,0
2015-02-06,19:30:00,45.163,45.332,45.153,45.312,7978,0
2015-02-06,19:35:00,45.272,45.292,45.163,45.272,5610,0
2015-02-06,19:40:00,45.222,45.242,45.143,45.202,4401,0
2015-02-06,19:45:00,45.242,45.242,45.242,45.242,400,0
2015-02-06,19:50:00,45.202,45.212,45.163,45.212,2800,0
2015-02-06,19:55:00,45.183,45.222,45.153,45.193,5810,0
2015-02-06,20:00:00,45.163,45.262,45.153,45.153,5505,0
2015-02-06,20:05:00,45.143,45.143,45.093,45.093,2001,0
2015-02-06,20:10:00,45.133,45.133,45.053,45.063,2900,0
2015-02-06,20:15:00,45.063,45.123,45.033,45.123,5228,0
2015-02-06,20:20:00,45.113,45.113,45.013,45.033,6458,0
2015-02-06,20:25:00,45.033,45.073,45.033,45.053,4202,0
2015-02-06,20:30:00,45.053,45.073,45.043,45.053,4502,0
2015-02-06,20:35:00,45.053,45.093,45.033,45.073,7589,0
2015-02-06,20:40:00,45.093,45.173,45.083,45.093,27129,0
2015-02-06,20:45:00,45.083,45.093,45.043,45.053,7007,0
2015-02-06,20:50:00,45.043,45.103,45.043,45.073,6106,0
2015-02-06,20:55:00,45.083,45.083,45.013,45.053,5912,0
2015-02-06,21:00:00,45.013,45.053,45.013,45.023,4601,0
2015-02-06,21:05:00,45.023,45.103,44.964,44.993,396237,0
2015-02-06,21:10:00,44.973,45.053,44.973,45.043,4310,0
2015-02-06,21:15:00,44.993,44.993,44.924,44.934,5107,0
2015-02-06,21:20:00,44.954,44.954,44.924,44.944,4504,0
2015-02-06,21:25:00,44.944,45.013,44.924,45.013,5506,0
2015-02-06,21:30:00,44.983,44.983,44.944,44.944,1801,0
2015-02-06,21:35:00,44.954,45.023,44.924,45.023,13132,0
2015-02-06,21:40:00,45.003,45.023,44.983,44.983,5750,0
2015-02-06,21:45:00,45.003,45.013,44.954,45.003,10092,0
2015-02-06,21:50:00,44.983,44.983,44.814,44.834,19422,0
2015-02-06,21:55:00,44.834,44.894,44.804,44.894,34968,0
2015-02-06,22:00:00,44.884,44.993,44.864,44.904,106056,0
2015-02-09,15:35:00,44.685,44.904,44.615,44.804,5710,0
2015-02-09,15:40:00,44.804,44.804,44.446,44.635,10459,0
2015-02-09,15:45:00,44.675,44.725,44.675,44.725,301,0
2015-02-09,15:50:00,44.675,44.715,44.605,44.625,3707,0
2015-02-09,15:55:00,44.675,44.715,44.675,44.705,2403,0
2015-02-09,16:00:00,44.705,44.924,44.705,44.884,12552,0
2015-02-09,16:05:00,44.884,44.884,44.814,44.814,6919,0
2015-02-09,16:10:00,44.904,44.904,44.824,44.874,2918,0
2015-02-09,16:15:00,44.804,44.924,44.794,44.924,4308,0
2015-02-09,16:20:00,44.954,45.023,44.914,44.973,3500,0
2015-02-09,16:25:00,44.944,44.944,44.735,44.814,8808,0
2015-02-09,16:30:00,44.824,44.864,44.774,44.864,5802,0
2015-02-09,16:35:00,44.854,44.854,44.764,44.764,6553,0
2015-02-09,16:40:00,44.814,44.904,44.814,44.834,6694,0
2015-02-09,16:45:00,44.894,44.993,44.894,44.993,3301,0
2015-02-09,16:50:00,45.003,45.013,44.954,44.964,7473,0
2015-02-09,16:55:00,44.964,45.033,44.964,45.003,5006,0
2015-02-09,17:00:00,45.023,45.063,45.003,45.033,4279,0
2015-02-09,17:05:00,45.043,45.063,45.033,45.033,2302,0
2015-02-09,17:10:00,45.053,45.093,45.043,45.093,9185,0
2015-02-09,17:15:00,45.093,45.093,45.073,45.093,3066,0
2015-02-09,17:20:00,45.093,45.163,45.093,45.133,2001,0
2015-02-09,17:25:00,45.133,45.153,45.103,45.143,9178,0
2015-02-09,17:30:00,45.143,45.143,45.143,45.143,703,0
2015-02-09,17:35:00,45.163,45.202,45.153,45.173,6167,0
2015-02-09,17:40:00,45.173,45.183,45.133,45.183,6307,0
2015-02-09,17:45:00,45.153,45.163,45.153,45.163,901,0
2015-02-09,17:50:00,45.153,45.153,45.063,45.063,7706,0
2015-02-09,17:55:00,45.053,45.063,45.023,45.063,2331,0
2015-02-09,18:00:00,45.093,45.093,45.083,45.083,600,0
2015-02-09,18:05:00,45.083,45.083,45.063,45.063,2944,0
2015-02-09,18:10:00,45.073,45.093,45.073,45.093,1302,0
2015-02-09,18:15:00,45.093,45.103,45.083,45.083,1700,0
2015-02-09,18:20:00,45.093,45.133,45.053,45.093,6157,0
2015-02-09,18:25:00,45.103,45.143,45.103,45.113,1101,0
2015-02-09,18:30:00,45.113,45.153,45.113,45.153,1817,0
2015-02-09,18:35:00,45.123,45.123,45.123,45.123,100,0
2015-02-09,18:40:00,45.123,45.173,45.123,45.163,600,0
2015-02-09,18:45:00,45.163,45.183,45.083,45.083,9573,0
2015-02-09,18:50:00,45.073,45.103,45.073,45.103,1304,0
2015-02-09,18:55:00,45.123,45.153,45.113,45.153,600,0
2015-02-09,19:00:00,45.183,45.222,45.173,45.202,5102,0
2015-02-09,19:05:00,45.202,45.212,45.202,45.202,3402,0
2015-02-09,19:10:00,45.212,45.242,45.212,45.222,4204,0
2015-02-09,19:15:00,45.222,45.232,45.202,45.212,3708,0
2015-02-09,19:20:00,45.222,45.222,45.202,45.222,1100,0
2015-02-09,19:25:00,45.222,45.242,45.222,45.242,700,0
2015-02-09,19:30:00,45.232,45.332,45.232,45.332,10291,0
2015-02-09,19:35:00,45.302,45.352,45.272,45.312,6104,0
2015-02-09,19:40:00,45.292,45.302,45.292,45.302,1202,0
2015-02-09,19:45:00,45.282,45.312,45.272,45.292,3701,0
2015-02-09,19:50:00,45.262,45.282,45.242,45.242,4120,0
2015-02-09,19:55:00,45.242,45.252,45.232,45.252,1700,0
2015-02-09,20:00:00,45.272,45.292,45.193,45.193,13308,0
2015-02-09,20:05:00,45.173,45.183,45.063,45.083,13480,0
2015-02-09,20:10:00,45.083,45.083,45.033,45.033,6170,0
2015-02-09,20:15:00,45.053,45.063,45.013,45.043,2300,0
2015-02-09,20:20:00,45.053,45.083,45.053,45.083,1000,0
2015-02-09,20:25:00,45.073,45.133,45.073,45.113,2900,0
2015-02-09,20:30:00,45.113,45.113,45.083,45.113,900,0
2015-02-09,20:35:00,45.123,45.153,45.083,45.153,2100,0
2015-02-09,20:40:00,45.153,45.163,45.143,45.163,1800,0
2015-02-09,20:45:00,45.123,45.202,45.123,45.202,2000,0
2015-02-09,20:50:00,45.212,45.222,45.093,45.093,6758,0
2015-02-09,20:55:00,45.083,45.183,45.083,45.153,1982,0
2015-02-09,21:00:00,45.123,45.183,45.123,45.163,4100,0
2015-02-09,21:05:00,45.113,45.123,45.103,45.123,2400,0
2015-02-09,21:10:00,45.123,45.123,45.073,45.073,4807,0
2015-02-09,21:15:00,45.063,45.073,45.043,45.073,1400,0
2015-02-09,21:20:00,45.043,45.073,45.003,45.023,5801,0
2015-02-09,21:25:00,45.003,45.083,44.993,45.083,2600,0
2015-02-09,21:30:00,45.083,45.113,45.063,45.113,2200,0
2015-02-09,21:35:00,45.113,45.113,45.033,45.043,5401,0
2015-02-09,21:40:00,45.033,45.063,44.993,45.043,5101,0
2015-02-09,21:45:00,45.053,45.123,45.023,45.113,9546,0
2015-02-09,21:50:00,45.073,45.093,45.043,45.093,7703,0
2015-02-09,21:55:00,45.093,45.093,45.033,45.033,11646,0
2015-02-09,22:00:00,45.053,45.123,44.964,45.053,52038,0
2015-02-10,15:35:00,45.412,45.67,45.163,45.302,37601,0
2015-02-10,15:40:00,45.352,45.422,45.113,45.113,21387,0
2015-02-10,15:45:00,45.113,45.153,45.113,45.153,1104,0
2015-02-10,15:55:00,45.063,45.063,45.063,45.063,100,0
2015-02-10,16:00:00,45.043,45.222,45.003,45.222,18851,0
2015-02-10,16:05:00,45.222,45.292,45.202,45.292,1653,0
2015-02-10,16:10:00,45.222,45.302,45.202,45.202,3630,0
2015-02-10,16:15:00,45.183,45.282,45.183,45.252,1000,0
2015-02-10,16:20:00,45.212,45.332,45.193,45.202,12410,0
2015-02-10,16:25:00,45.183,45.193,45.103,45.133,1400,0
2015-02-10,16:30:00,45.083,45.083,45.033,45.033,2401,0
2015-02-10,16:35:00,45.043,45.053,45.023,45.043,2000,0
2015-02-10,16:40:00,45.013,45.133,45.013,45.133,1200,0
2015-02-10,16:45:00,45.133,45.133,45.123,45.123,401,0
2015-02-10,16:50:00,45.073,45.073,45.073,45.073,600,0
2015-02-10,16:55:00,45.003,45.003,45.003,45.003,200,0
2015-02-10,17:00:00,45.033,45.063,45.003,45.043,3101,0
2015-02-10,17:05:00,45.053,45.113,45.053,45.053,2619,0
2015-02-10,17:10:00,45.103,45.123,45.073,45.103,1002,0
2015-02-10,17:15:00,45.133,45.163,45.113,45.163,800,0
2015-02-10,17:20:00,45.153,45.242,45.123,45.222,2101,0
2015-02-10,17:25:00,45.173,45.222,45.163,45.173,2700,0
2015-02-10,17:30:00,45.133,45.242,45.133,45.222,3900,0
2015-02-10,17:35:00,45.282,45.292,45.262,45.282,2100,0
2015-02-10,17:40:00,45.302,45.332,45.272,45.272,4300,0
2015-02-10,17:45:00,45.292,45.322,45.292,45.312,3933,0
2015-02-10,17:50:00,45.302,45.302,45.292,45.292,900,0
2015-02-10,17:55:00,45.272,45.272,45.242,45.242,800,0
2015-02-10,18:00:00,45.242,45.262,45.212,45.222,2300,0
2015-02-10,18:05:00,45.222,45.232,45.183,45.193,3303,0
2015-02-10,18:10:00,45.202,45.232,45.202,45.212,2801,0
2015-02-10,18:15:00,45.232,45.282,45.222,45.282,2000,0
2015-02-10,18:20:00,45.302,45.312,45.292,45.302,900,0
2015-02-10,18:25:00,45.312,45.342,45.242,45.312,14611,0
2015-02-10,18:30:00,45.302,45.302,45.262,45.262,3400,0
2015-02-10,18:35:00,45.282,45.282,45.262,45.282,1086,0
2015-02-10,18:40:00,45.262,45.262,45.262,45.262,500,0
2015-02-10,18:45:00,45.262,45.262,45.242,45.252,2001,0
2015-02-10,18:50:00,45.242,45.282,45.242,45.282,3900,0
2015-02-10,18:55:00,45.292,45.302,45.282,45.282,2801,0
2015-02-10,19:00:00,45.282,45.282,45.262,45.262,1300,0
2015-02-10,19:05:00,45.212,45.252,45.183,45.183,1301,0
2015-02-10,19:10:00,45.193,45.232,45.193,45.232,1201,0
2015-02-10,19:15:00,45.232,45.302,45.232,45.302,3204,0
2015-02-10,19:20:00,45.282,45.342,45.282,45.302,3400,0
2015-02-10,19:25:00,45.292,45.302,45.292,45.292,2503,0
2015-02-10,19:30:00,45.272,45.312,45.272,45.272,1500,0
2015-02-10,19:35:00,45.312,45.332,45.292,45.292,3400,0
2015-02-10,19:40:00,45.292,45.292,45.272,45.272,2700,0
2015-02-10,19:45:00,45.262,45.292,45.242,45.262,2100,0
2015-02-10,19:50:00,45.272,45.282,45.272,45.272,1300,0
2015-02-10,19:55:00,45.242,45.282,45.242,45.272,1031,0
2015-02-10,20:00:00,45.242,45.302,45.222,45.272,2502,0
2015-02-10,20:05:00,45.302,45.302,45.282,45.302,2000,0
2015-02-10,20:10:00,45.332,45.332,45.292,45.302,1700,0
2015-02-10,20:15:00,45.302,45.322,45.272,45.272,3604,0
2015-02-10,20:20:00,45.302,45.322,45.262,45.302,3502,0
2015-02-10,20:25:00,45.292,45.322,45.292,45.302,1501,0
2015-02-10,20:30:00,45.312,45.362,45.292,45.302,9815,0
2015-02-10,20:35:00,45.312,45.342,45.272,45.302,3200,0
2015-02-10,20:40:00,45.302,45.342,45.292,45.302,6605,0
2015-02-10,20:45:00,45.302,45.312,45.282,45.292,2503,0
2015-02-10,20:50:00,45.302,45.322,45.292,45.302,8491,0
2015-02-10,20:55:00,45.302,45.352,45.292,45.302,8371,0
2015-02-10,21:00:00,45.302,45.382,45.302,45.382,11223,0
2015-02-10,21:05:00,45.402,45.412,45.372,45.372,38527,0
2015-02-10,21:10:00,45.362,45.402,45.342,45.392,5904,0
2015-02-10,21:15:00,45.402,45.402,45.292,45.292,4500,0
2015-02-10,21:20:00,45.302,45.322,45.292,45.292,3402,0
2015-02-10,21:25:00,45.292,45.362,45.292,45.332,8006,0
2015-02-10,21:30:00,45.332,45.402,45.322,45.392,9703,0
2015-02-10,21:35:00,45.372,45.382,45.302,45.302,6549,0
2015-02-10,21:40:00,45.302,45.342,45.302,45.342,14172,0
2015-02-10,21:45:00,45.342,45.342,45.312,45.342,11831,0
2015-02-10,21:50:00,45.332,45.332,45.282,45.292,11676,0
2015-02-10,21:55:00,45.282,45.292,45.222,45.262,14674,0
2015-02-10,22:00:00,45.272,45.302,45.252,45.302,83972,0
2015-02-11,15:35:00,45.342,45.342,45.342,45.342,168345,0
2015-02-11,15:40:00,45.302,45.362,45.242,45.362,1300,0
2015-02-11,15:50:00,45.342,45.382,45.302,45.312,39559,0
2015-02-11,15:55:00,45.312,45.372,45.302,45.302,1802,0
2015-02-11,16:00:00,45.332,45.352,45.272,45.312,3684,0
2015-02-11,16:05:00,45.222,45.252,45.222,45.222,2230,0
2015-02-11,16:10:00,45.262,45.262,45.262,45.262,800,0
2015-02-11,16:15:00,45.272,45.322,45.252,45.302,4303,0
2015-02-11,16:20:00,45.242,45.242,45.123,45.123,2001,0
2015-02-11,16:25:00,45.113,45.163,45.113,45.123,114805,0
2015-02-11,16:35:00,45.083,45.083,45.083,45.083,300,0
2015-02-11,16:40:00,45.073,45.103,45.073,45.103,400,0
2015-02-11,16:45:00,45.113,45.123,45.083,45.123,2000,0
2015-02-11,16:50:00,45.153,45.163,45.153,45.153,1000,0
2015-02-11,16:55:00,45.173,45.173,45.173,45.173,100,0
2015-02-11,17:00:00,45.173,45.232,45.173,45.183,2400,0
2015-02-11,17:05:00,45.222,45.252,45.183,45.183,10509,0
2015-02-11,17:10:00,45.193,45.202,45.193,45.202,3300,0
2015-02-11,17:15:00,45.202,45.242,45.183,45.183,4864,0
2015-02-11,17:20:00,45.173,45.252,45.173,45.252,2603,0
2015-02-11,17:25:00,45.262,45.332,45.262,45.302,14321,0
2015-02-11,17:30:00,45.302,45.362,45.292,45.312,19474,0
2015-02-11,17:35:00,45.312,45.342,45.252,45.292,4203,0
2015-02-11,17:40:00,45.282,45.342,45.282,45.342,4328,0
2015-02-11,17:45:00,45.332,45.352,45.312,45.312,3102,0
2015-02-11,17:50:00,45.322,45.332,45.302,45.312,3734,0
2015-02-11,17:55:00,45.322,45.322,45.262,45.262,1701,0
2015-02-11,18:00:00,45.262,45.262,45.242,45.242,2906,0
2015-02-11,18:05:00,45.252,45.252,45.193,45.202,5051,0
2015-02-11,18:10:00,45.193,45.202,45.173,45.183,3503,0
2015-02-11,18:15:00,45.173,45.193,45.173,45.183,2200,0
2015-02-11,18:20:00,45.183,45.183,45.183,45.183,1301,0
2015-02-11,18:25:00,45.183,45.212,45.163,45.173,8559,0
2015-02-11,18:30:00,45.153,45.153,45.123,45.133,3602,0
2015-02-11,18:35:00,45.143,45.163,45.143,45.143,1101,0
2015-02-11,18:40:00,45.163,45.183,45.163,45.183,1500,0
2015-02-11,18:45:00,45.173,45.173,45.143,45.153,8570,0
2015-02-11,18:50:00,45.173,45.193,45.173,45.193,862,0
2015-02-11,18:55:00,45.183,45.202,45.183,45.193,7475,0
2015-02-11,19:00:00,45.202,45.202,45.163,45.163,6335,0
2015-02-11,19:05:00,45.163,45.183,45.153,45.163,2300,0
2015-02-11,19:10:00,45.163,45.183,45.143,45.173,6405,0
2015-02-11,19:15:00,45.183,45.183,45.103,45.103,3706,0
2015-02-11,19:20:00,45.103,45.103,45.073,45.083,3208,0
2015-02-11,19:25:00,45.103,45.113,45.083,45.113,3100,0
2015-02-11,19:30:00,45.123,45.153,45.123,45.143,4376,0
2015-02-11,19:35:00,45.133,45.202,45.123,45.183,7107,0
2015-02-11,19:40:00,45.183,45.202,45.183,45.193,5820,0
2015-02-11,19:45:00,45.202,45.202,45.193,45.193,13387,0
2015-02-11,19:50:00,45.173,45.173,45.143,45.163,2002,0
2015-02-11,19:55:00,45.163,45.193,45.163,45.173,1585,0
2015-02-11,20:00:00,45.173,45.252,45.173,45.242,9561,0
2015-02-11,20:05:00,45.252,45.332,45.242,45.332,8712,0
2015-02-11,20:10:00,45.332,45.342,45.322,45.342,1801,0
2015-02-11,20:15:00,45.342,45.342,45.322,45.332,6330,0
2015-02-11,20:20:00,45.322,45.332,45.302,45.322,3302,0
2015-02-11,20:25:00,45.332,45.332,45.282,45.292,6234,0
2015-02-11,20:30:00,45.292,45.292,45.173,45.222,5645,0
2015-02-11,20:35:00,45.222,45.302,45.222,45.292,2801,0
2015-02-11,20:40:00,45.322,45.342,45.322,45.332,4007,0
2015-02-11,20:45:00,45.352,45.372,45.342,45.372,6135,0
2015-02-11,20:50:00,45.352,45.372,45.352,45.372,3603,0
2015-02-11,20:55:00,45.362,45.412,45.352,45.362,12869,0
2015-02-11,21:00:00,45.372,45.382,45.362,45.362,6908,0
2015-02-11,21:05:00,45.372,45.431,45.372,45.412,6361,0
2015-02-11,21:10:00,45.412,45.441,45.412,45.431,7857,0
2015-02-11,21:15:00,45.431,45.451,45.422,45.451,3700,0
2015-02-11,21:20:00,45.441,45.511,45.441,45.481,5891,0
2015-02-11,21:25:00,45.491,45.491,45.441,45.481,7013,0
2015-02-11,21:30:00,45.511,45.551,45.441,45.471,14446,0
2015-02-11,21:35:00,45.481,45.511,45.441,45.441,7909,0
2015-02-11,21:40:00,45.441,45.501,45.441,45.501,11174,0
2015-02-11,21:45:00,45.511,45.511,45.412,45.422,7919,0
2015-02-11,21:50:00,45.441,45.491,45.431,45.461,11536,0
2015-02-11,21:55:00,45.451,45.451,45.392,45.431,11545,0
2015-02-11,22:00:00,45.431,45.471,45.431,45.451,50429,0
2015-02-12,15:35:00,45.75,45.8,45.67,45.77,10231,0
2015-02-12,15:40:00,45.79,45.979,45.79,45.919,5622,0
2015-02-12,15:45:00,45.909,45.989,45.88,45.929,4581,0
2015-02-12,15:50:00,45.979,46.089,45.969,45.999,9533,0
2015-02-12,15:55:00,46.019,46.059,45.989,46.059,1097,0
2015-02-12,16:00:00,46.069,46.178,46.069,46.118,2900,0
2015-02-12,16:05:00,46.118,46.188,46.118,46.168,4062,0
2015-02-12,16:10:00,46.178,46.278,46.178,46.268,4955,0
2015-02-12,16:15:00,46.258,46.328,46.258,46.308,4768,0
2015-02-12,16:20:00,46.308,46.318,46.288,46.318,1100,0
2015-02-12,16:25:00,46.308,46.347,46.238,46.238,4950,0
2015-02-12,16:30:00,46.258,46.258,46.198,46.238,4107,0
2015-02-12,16:35:00,46.218,46.238,46.188,46.238,3032,0
2015-02-12,16:40:00,46.238,46.268,46.238,46.258,1701,0
2015-02-12,16:45:00,46.298,46.318,46.258,46.298,5102,0
2015-02-12,16:50:00,46.298,46.298,46.208,46.208,2800,0
2015-02-12,16:55:00,46.198,46.218,46.158,46.198,3339,0
2015-02-12,17:00:00,46.178,46.198,46.118,46.118,3100,0
2015-02-12,17:05:00,46.118,46.218,46.109,46.218,2201,0
2015-02-12,17:10:00,46.198,46.248,46.188,46.248,2275,0
2015-02-12,17:15:00,46.268,46.318,46.218,46.298,4007,0
2015-02-12,17:20:00,46.258,46.298,46.198,46.268,8107,0
2015-02-12,17:25:00,46.278,46.308,46.128,46.128,7705,0
2015-02-12,17:30:00,46.158,46.228,46.148,46.228,2047,0
2015-02-12,17:35:00,46.258,46.308,46.258,46.298,12726,0
2015-02-12,17:40:00,46.308,46.347,46.288,46.347,7116,0
2015-02-12,17:45:00,46.338,46.377,46.328,46.357,3703,0
2015-02-12,17:50:00,46.377,46.387,46.338,46.338,2000,0
2015-02-12,17:55:00,46.338,46.338,46.328,46.328,2800,0
2015-02-12,18:00:00,46.318,46.318,46.228,46.228,1900,0
2015-02-12,18:05:00,46.258,46.298,46.258,46.298,1900,0
2015-02-12,18:10:00,46.298,46.308,46.268,46.298,3600,0
2015-02-12,18:15:00,46.278,46.308,46.278,46.308,400,0
2015-02-12,18:20:00,46.298,46.338,46.298,46.328,4208,0
2015-02-12,18:25:00,46.328,46.338,46.328,46.328,1702,0
2015-02-12,18:30:00,46.338,46.338,46.308,46.308,4654,0
2015-02-12,18:35:00,46.278,46.308,46.278,46.308,1507,0
2015-02-12,18:40:00,46.288,46.308,46.288,46.298,4542,0
2015-02-12,18:45:00,46.298,46.298,46.268,46.278,1001,0
2015-02-12,18:50:00,46.278,46.278,46.248,46.278,3027,0
2015-02-12,18:55:00,46.288,46.298,46.268,46.298,2300,0
2015-02-12,19:00:00,46.318,46.328,46.318,46.318,1200,0
2015-02-12,19:05:00,46.318,46.318,46.278,46.298,12946,0
2015-02-12,19:10:00,46.298,46.298,46.258,46.258,1500,0
2015-02-12,19:15:00,46.268,46.268,46.248,46.248,1100,0
2015-02-12,19:20:00,46.258,46.268,46.258,46.268,900,0
2015-02-12,19:25:00,46.268,46.268,46.228,46.258,3903,0
2015-02-12,19:30:00,46.258,46.298,46.258,46.298,1200,0
2015-02-12,19:35:00,46.278,46.298,46.248,46.298,3800,0
2015-02-12,19:40:00,46.298,46.298,46.268,46.288,4413,0
2015-02-12,19:45:00,46.288,46.288,46.248,46.278,3203,0
2015-02-12,19:50:00,46.278,46.288,46.238,46.278,3000,0
2015-02-12,19:55:00,46.278,46.288,46.258,46.278,4378,0
2015-02-12,20:00:00,46.278,46.318,46.278,46.298,6243,0
2015-02-12,20:05:00,46.288,46.298,46.258,46.268,6761,0
2015-02-12,20:10:00,46.258,46.308,46.258,46.278,2290,0
2015-02-12,20:15:00,46.278,46.298,46.278,46.278,1100,0
2015-02-12,20:20:00,46.278,46.278,46.268,46.268,1244,0
2015-02-12,20:25:00,46.258,46.308,46.258,46.308,3300,0
2015-02-12,20:30:00,46.278,46.308,46.278,46.288,9219,0
2015-02-12,20:35:00,46.278,46.308,46.258,46.298,3202,0
2015-02-12,20:40:00,46.308,46.318,46.278,46.318,4509,0
2015-02-12,20:45:00,46.288,46.328,46.288,46.318,5514,0
2015-02-12,20:50:00,46.328,46.338,46.298,46.318,2700,0
2015-02-12,20:55:00,46.298,46.308,46.258,46.268,4805,0
2015-02-12,21:00:00,46.258,46.308,46.258,46.308,3003,0
2015-02-12,21:05:00,46.308,46.338,46.298,46.298,4903,0
2015-02-12,21:10:00,46.288,46.288,46.248,46.268,5507,0
2015-02-12,21:15:00,46.268,46.338,46.258,46.328,18556,0
2015-02-12,21:20:00,46.328,46.357,46.278,46.357,9477,0
2015-02-12,21:25:00,46.357,46.367,46.328,46.357,4004,0
2015-02-12,21:30:00,46.377,46.377,46.328,46.338,4976,0
2015-02-12,21:35:00,46.328,46.338,46.298,46.308,5003,0
2015-02-12,21:40:00,46.318,46.367,46.318,46.357,5603,0
2015-02-12,21:45:00,46.357,46.427,46.357,46.397,13650,0
2015-02-12,21:50:00,46.387,46.427,46.377,46.397,9793,0
2015-02-12,21:55:00,46.397,46.487,46.397,46.477,19274,0
2015-02-12,22:00:00,46.487,46.527,46.437,46.527,235651,0
2015-02-13,15:35:00,46.596,46.596,46.596,46.596,500,0
2015-02-13,15:40:00,46.487,46.497,46.487,46.497,1399,0
2015-02-13,15:45:00,46.427,46.427,46.427,46.427,300,0
2015-02-13,15:50:00,46.457,46.497,46.457,46.497,426,0
2015-02-13,15:55:00,46.547,46.596,46.547,46.567,1984,0
2015-02-13,16:00:00,46.567,46.567,46.567,46.567,400,0
2015-02-13,16:05:00,46.567,46.567,46.557,46.557,700,0
2015-02-13,16:10:00,46.567,46.626,46.517,46.517,2708,0
2015-02-13,16:15:00,46.557,46.557,46.517,46.517,400,0
2015-02-13,16:20:00,46.487,46.557,46.477,46.557,1711,0
2015-02-13,16:25:00,46.586,46.616,46.586,46.616,1100,0
2015-02-13,16:30:00,46.596,46.616,46.537,46.537,2369,0
2015-02-13,16:35:00,46.547,46.557,46.417,46.487,14475,0
2015-02-13,16:40:00,46.497,46.547,46.457,46.547,2302,0
2015-02-13,16:45:00,46.527,46.527,46.457,46.497,4308,0
2015-02-13,16:50:00,46.497,46.507,46.437,46.497,2802,0
2015-02-13,16:55:00,46.507,46.507,46.487,46.497,1802,0
2015-02-13,17:00:00,46.457,46.457,46.417,46.417,1100,0
2015-02-13,17:05:00,46.437,46.437,46.318,46.318,11548,0
2015-02-13,17:10:00,46.357,46.387,46.357,46.367,1907,0
2015-02-13,17:15:00,46.407,46.407,46.407,46.407,1608,0
2015-02-13,17:20:00,46.397,46.397,46.347,46.347,500,0
2015-02-13,17:25:00,46.357,46.387,46.357,46.387,1202,0
2015-02-13,17:30:00,46.338,46.387,46.338,46.387,2137,0
2015-02-13,17:35:00,46.377,46.377,46.198,46.198,11126,0
2015-02-13,17:45:00,46.258,46.298,46.248,46.298,900,0
2015-02-13,17:50:00,46.308,46.318,46.288,46.308,3907,0
2015-02-13,17:55:00,46.278,46.308,46.258,46.298,2503,0
2015-02-13,18:00:00,46.308,46.328,46.298,46.298,1805,0
2015-02-13,18:05:00,46.298,46.308,46.278,46.298,3802,0
2015-02-13,18:10:00,46.318,46.328,46.318,46.328,700,0
2015-02-13,18:15:00,46.298,46.357,46.298,46.318,3602,0
2015-02-13,18:20:00,46.298,46.298,46.238,46.268,3803,0
2015-02-13,18:25:00,46.238,46.238,46.238,46.238,400,0
2015-02-13,18:30:00,46.258,46.258,46.198,46.198,3002,0
2015-02-13,18:35:00,46.198,46.238,46.188,46.238,900,0
2015-02-13,18:40:00,46.218,46.218,46.218,46.218,300,0
2015-02-13,18:45:00,46.188,46.188,46.079,46.079,5206,0
2015-02-13,18:50:00,46.089,46.128,46.059,46.099,5819,0
2015-02-13,18:55:00,46.079,46.109,46.049,46.079,11470,0
2015-02-13,19:00:00,46.069,46.079,46.039,46.039,800,0
2015-02-13,19:05:00,46.019,46.029,45.979,45.979,1301,0
2015-02-13,19:10:00,45.989,46.019,45.969,46.019,1300,0
2015-02-13,19:15:00,46.019,46.049,46.019,46.039,1501,0
2015-02-13,19:20:00,46.039,46.069,46.029,46.059,2601,0
2015-02-13,19:25:00,46.059,46.069,46.019,46.049,4605,0
2015-02-13,19:30:00,46.049,46.059,45.959,45.959,3926,0
2015-02-13,19:35:00,45.959,45.969,45.959,45.959,1200,0
2015-02-13,19:40:00,45.959,45.979,45.919,45.919,4451,0
2015-02-13,19:45:00,45.959,45.959,45.939,45.959,3144,0
2015-02-13,19:50:00,45.949,45.999,45.949,45.999,2604,0
2015-02-13,19:55:00,45.999,45.999,45.999,45.999,800,0
2015-02-13,20:00:00,45.999,46.009,45.989,46.009,4309,0
2015-02-13,20:05:00,46.039,46.069,46.039,46.069,600,0
2015-02-13,20:10:00,46.049,46.059,46.039,46.039,900,0
2015-02-13,20:15:00,46.049,46.099,46.039,46.049,4512,0
2015-02-13,20:20:00,46.039,46.039,46.039,46.039,201,0
2015-02-13,20:25:00,46.039,46.039,45.979,45.999,6215,0
2015-02-13,20:30:00,45.999,46.049,45.979,46.009,5304,0
2015-02-13,20:35:00,45.969,46.019,45.969,45.989,1000,0
2015-02-13,20:40:00,45.969,46.029,45.969,46.029,2503,0
2015-02-13,20:45:00,46.009,46.039,45.999,46.009,3668,0
2015-02-13,20:50:00,46.009,46.049,46.009,46.039,2802,0
2015-02-13,20:55:00,46.039,46.039,46.019,46.019,1203,0
2015-02-13,21:00:00,46.029,46.029,45.989,45.989,2905,0
2015-02-13,21:05:00,46.019,46.019,45.979,46.019,3100,0
2015-02-13,21:10:00,46.049,46.069,46.049,46.069,1600,0
2015-02-13,21:15:00,46.039,46.049,46.019,46.049,4000,0
2015-02-13,21:20:00,46.049,46.049,46.029,46.039,4103,0
2015-02-13,21:25:00,46.039,46.099,46.039,46.099,7705,0
2015-02-13,21:30:00,46.109,46.118,46.079,46.079,3300,0
2015-02-13,21:35:00,46.099,46.109,46.059,46.089,5406,0
2015-02-13,21:40:00,46.059,46.118,46.059,46.099,6490,0
2015-02-13,21:45:00,46.128,46.178,46.118,46.178,7803,0
2015-02-13,21:50:00,46.188,46.198,46.158,46.178,8113,0
2015-02-13,21:55:00,46.188,46.258,46.188,46.208,13938,0
2015-02-13,22:00:00,46.228,46.238,46.178,46.238,53689,0
2015-02-17,15:35:00,46.258,46.367,46.258,46.318,1404,0
2015-02-17,15:40:00,46.308,46.387,46.029,46.099,5788,0
2015-02-17,15:45:00,46.138,46.328,46.138,46.328,2975,0
2015-02-17,15:50:00,46.268,46.268,46.099,46.208,4363,0
2015-02-17,15:55:00,46.079,46.099,46.019,46.079,1201,0
2015-02-17,16:00:00,46.109,46.228,46.099,46.228,1101,0
2015-02-17,16:05:00,46.228,46.228,46.059,46.059,4101,0
2015-02-17,16:10:00,46.138,46.218,46.138,46.158,900,0
2015-02-17,16:15:00,46.118,46.118,46.118,46.118,600,0
2015-02-17,16:25:00,46.109,46.168,46.109,46.109,1501,0
2015-02-17,16:30:00,46.099,46.148,46.069,46.148,3951,0
2015-02-17,16:35:00,46.128,46.128,46.079,46.079,3415,0
2015-02-17,16:40:00,46.128,46.128,46.128,46.128,100,0
2015-02-17,16:45:00,46.168,46.198,46.128,46.178,4772,0
2015-02-17,16:50:00,46.188,46.188,46.168,46.178,3314,0
2015-02-17,16:55:00,46.178,46.178,46.128,46.158,4500,0
2015-02-17,17:00:00,46.148,46.168,46.128,46.168,1400,0
2015-02-17,17:05:00,46.158,46.158,46.109,46.118,1701,0
2015-02-17,17:10:00,46.118,46.148,46.099,46.148,1301,0
2015-02-17,17:15:00,46.178,46.178,46.138,46.158,500,0
2015-02-17,17:20:00,46.178,46.238,46.168,46.218,1500,0
2015-02-17,17:25:00,46.168,46.218,46.168,46.198,1700,0
2015-02-17,17:30:00,46.198,46.208,46.168,46.208,1600,0
2015-02-17,17:35:00,46.168,46.248,46.168,46.248,774,0
2015-02-17,17:40:00,46.248,46.248,46.208,46.238,640,0
2015-02-17,17:45:00,46.238,46.238,46.198,46.218,2504,0
2015-02-17,17:50:00,46.208,46.208,46.188,46.188,600,0
2015-02-17,17:55:00,46.188,46.208,46.188,46.198,1600,0
2015-02-17,18:00:00,46.188,46.208,46.178,46.208,2600,0
2015-02-17,18:05:00,46.218,46.228,46.178,46.198,3588,0
2015-02-17,18:10:00,46.178,46.218,46.178,46.218,3100,0
2015-02-17,18:15:00,46.208,46.248,46.208,46.218,19664,0
2015-02-17,18:20:00,46.238,46.318,46.228,46.248,8590,0
2015-02-17,18:25:00,46.258,46.258,46.218,46.218,4000,0
2015-02-17,18:30:00,46.238,46.248,46.198,46.248,1200,0
2015-02-17,18:35:00,46.248,46.278,46.238,46.278,1600,0
2015-02-17,18:40:00,46.278,46.328,46.268,46.328,2100,0
2015-02-17,18:45:00,46.308,46.357,46.288,46.288,3202,0
2015-02-17,18:50:00,46.298,46.328,46.288,46.298,2001,0
2015-02-17,18:55:00,46.308,46.338,46.288,46.308,1801,0
2015-02-17,19:00:00,46.318,46.318,46.318,46.318,600,0
2015-02-17,19:05:00,46.308,46.347,46.298,46.347,4233,0
2015-02-17,19:10:00,46.338,46.357,46.328,46.357,1001,0
2015-02-17,19:15:00,46.288,46.338,46.278,46.338,700,0
2015-02-17,19:20:00,46.288,46.318,46.278,46.278,1500,0
2015-02-17,19:25:00,46.278,46.288,46.228,46.268,2901,0
2015-02-17,19:30:00,46.258,46.288,46.238,46.238,1500,0
2015-02-17,19:35:00,46.238,46.258,46.218,46.218,1000,0
2015-02-17,19:40:00,46.218,46.228,46.188,46.188,2100,0
2015-02-17,19:45:00,46.218,46.218,46.198,46.198,500,0
2015-02-17,19:50:00,46.208,46.258,46.198,46.218,1478,0
2015-02-17,19:55:00,46.188,46.188,46.188,46.188,100,0
2015-02-17,20:00:00,46.178,46.188,46.138,46.168,1100,0
2015-02-17,20:05:00,46.148,46.168,46.118,46.128,1800,0
2015-02-17,20:10:00,46.138,46.148,46.118,46.118,600,0
2015-02-17,20:15:00,46.099,46.118,46.079,46.118,2001,0
2015-02-17,20:20:00,46.089,46.089,46.029,46.079,2601,0
2015-02-17,20:25:00,46.059,46.059,46.029,46.029,1500,0
2015-02-17,20:30:00,46.019,46.049,45.979,45.999,4908,0
2015-02-17,20:35:00,45.989,46.019,45.949,46.019,1402,0
2015-02-17,20:40:00,46.009,46.029,45.939,45.939,12923,0
2015-02-17,20:45:00,45.949,45.959,45.939,45.949,800,0
2015-02-17,20:50:00,45.969,46.019,45.919,45.959,10212,0
2015-02-17,20:55:00,45.919,45.979,45.919,45.979,1700,0
2015-02-17,21:00:00,45.929,45.989,45.929,45.989,2205,0
2015-02-17,21:05:00,45.939,45.989,45.909,45.949,1702,0
2015-02-17,21:10:00,45.919,45.939,45.87,45.889,4703,0
2015-02-17,21:15:00,45.87,45.899,45.87,45.88,1802,0
2015-02-17,21:20:00,45.86,45.88,45.83,45.84,3202,0
2015-02-17,21:25:00,45.86,45.87,45.84,45.85,2600,0
2015-02-17,21:30:00,45.85,45.86,45.83,45.83,3704,0
2015-02-17,21:35:00,45.84,45.84,45.77,45.77,5397,0
2015-02-17,21:40:00,45.75,45.8,45.75,45.77,7945,0
2015-02-17,21:45:00,45.8,45.83,45.77,45.78,4603,0
2015-02-17,21:50:00,45.77,45.77,45.72,45.74,3500,0
2015-02-17,21:55:00,45.77,45.79,45.73,45.76,5615,0
2015-02-17,22:00:00,45.76,45.78,45.73,45.77,28568,0
2015-02-18,15:35:00,45.96,45.96,45.67,45.67,700,0
2015-02-18,15:40:00,45.82,45.9,45.63,45.78,4800,0
2015-02-18,15:45:00,45.88,45.88,45.59,45.66,5846,0
2015-02-18,15:50:00,45.6,45.85,45.6,45.85,1558,0
2015-02-18,15:55:00,45.75,45.78,45.66,45.67,4737,0
2015-02-18,16:00:00,45.67,45.78,45.66,45.71,2311,0
2015-02-18,16:05:00,45.7,45.72,45.66,45.67,2600,0
2015-02-18,16:10:00,45.7,45.73,45.68,45.7,1400,0
2015-02-18,16:15:00,45.71,45.71,45.58,45.58,4450,0
2015-02-18,16:20:00,45.64,45.64,45.58,45.58,2100,0
2015-02-18,16:25:00,45.63,45.68,45.61,45.68,1600,0
2015-02-18,16:30:00,45.69,45.69,45.57,45.57,6100,0
2015-02-18,16:35:00,45.56,45.62,45.56,45.62,1800,0
2015-02-18,16:40:00,45.65,45.72,45.64,45.72,1700,0
2015-02-18,16:45:00,45.7,45.76,45.69,45.76,2400,0
2015-02-18,16:50:00,45.75,45.77,45.75,45.77,900,0
2015-02-18,16:55:00,45.71,45.77,45.71,45.77,3600,0
2015-02-18,17:00:00,45.78,45.78,45.73,45.78,2210,0
2015-02-18,17:05:00,45.77,45.77,45.72,45.72,1900,0
2015-02-18,17:10:00,45.74,45.79,45.74,45.79,1900,0
2015-02-18,17:15:00,45.84,45.84,45.8,45.8,1300,0
2015-02-18,17:20:00,45.87,45.92,45.83,45.92,2800,0
2015-02-18,17:25:00,45.89,45.93,45.86,45.93,1400,0
2015-02-18,17:30:00,45.93,45.95,45.88,45.95,1300,0
2015-02-18,17:35:00,45.94,45.94,45.91,45.91,2737,0
2015-02-18,17:40:00,45.91,45.96,45.81,45.86,10385,0
2015-02-18,17:45:00,45.83,45.86,45.83,45.86,500,0
2015-02-18,17:50:00,45.89,45.91,45.86,45.86,1100,0
2015-02-18,17:55:00,45.89,45.94,45.87,45.92,2200,0
2015-02-18,18:00:00,45.95,45.95,45.88,45.93,2300,0
2015-02-18,18:05:00,45.92,45.93,45.89,45.93,1100,0
2015-02-18,18:10:00,45.9,45.93,45.88,45.88,2500,0
2015-02-18,18:15:00,45.87,45.89,45.86,45.88,2200,0
2015-02-18,18:20:00,45.86,45.9,45.86,45.9,1000,0
2015-02-18,18:25:00,45.87,45.87,45.8,45.87,3800,0
2015-02-18,18:30:00,45.81,45.88,45.81,45.88,2100,0
2015-02-18,18:35:00,45.85,45.88,45.85,45.88,900,0
2015-02-18,18:40:00,45.84,45.84,45.79,45.79,1400,0
2015-02-18,18:45:00,45.79,45.79,45.73,45.74,1800,0
2015-02-18,18:50:00,45.75,45.79,45.73,45.73,1818,0
2015-02-18,18:55:00,45.74,45.78,45.74,45.78,1000,0
2015-02-18,19:00:00,45.78,45.78,45.7,45.7,1500,0
2015-02-18,19:05:00,45.7,45.73,45.7,45.73,1100,0
2015-02-18,19:10:00,45.73,45.76,45.69,45.72,2567,0
2015-02-18,19:15:00,45.7,45.73,45.7,45.72,1500,0
2015-02-18,19:20:00,45.66,45.68,45.66,45.68,1212,0
2015-02-18,19:25:00,45.69,45.7,45.65,45.65,2600,0
2015-02-18,19:30:00,45.65,45.66,45.65,45.65,1585,0
2015-02-18,19:35:00,45.7,45.77,45.67,45.77,1700,0
2015-02-18,19:40:00,45.75,45.76,45.72,45.76,600,0
2015-02-18,19:45:00,45.76,45.78,45.73,45.76,2600,0
2015-02-18,19:50:00,45.76,45.79,45.75,45.78,1900,0
2015-02-18,19:55:00,45.77,45.84,45.77,45.84,1500,0
2015-02-18,20:00:00,45.84,45.85,45.81,45.81,1300,0
2015-02-18,20:05:00,45.88,45.96,45.87,45.89,1300,0
2015-02-18,20:10:00,45.89,45.95,45.89,45.95,7925,0
2015-02-18,20:15:00,45.95,45.95,45.93,45.94,1202,0
2015-02-18,20:20:00,45.93,45.94,45.9,45.91,3730,0
2015-02-18,20:25:00,45.91,45.91,45.85,45.85,3620,0
2015-02-18,20:30:00,45.87,45.91,45.85,45.86,3644,0
2015-02-18,20:35:00,45.85,45.92,45.85,45.92,3000,0
2015-02-18,20:40:00,45.91,45.91,45.87,45.89,3100,0
2015-02-18,20:45:00,45.88,45.88,45.71,45.83,7375,0
2015-02-18,20:50:00,45.82,45.85,45.8,45.85,4100,0
2015-02-18,20:55:00,45.85,45.88,45.85,45.88,2800,0
2015-02-18,21:00:00,45.89,45.9,45.86,45.86,3200,0
2015-02-18,21:05:00,45.91,45.95,45.91,45.95,1900,0
2015-02-18,21:10:00,45.95,45.99,45.95,45.98,5700,0
2015-02-18,21:15:00,45.96,45.97,45.95,45.96,2600,0
2015-02-18,21:20:00,45.98,45.98,45.95,45.98,3300,0
2015-02-18,21:25:00,45.96,45.97,45.95,45.95,4100,0
2015-02-18,21:30:00,45.96,46.01,45.96,46.01,7317,0
2015-02-18,21:35:00,45.97,45.98,45.95,45.96,5700,0
2015-02-18,21:40:00,45.96,45.97,45.92,45.95,5500,0
2015-02-18,21:45:00,45.95,45.95,45.91,45.91,6400,0
2015-02-18,21:50:00,45.91,46.01,45.91,46,11361,0
2015-02-18,21:55:00,45.99,46.01,45.96,46.01,11979,0
2015-02-18,22:00:00,46.01,46.08,46,46.07,68057,0
2015-02-19,15:35:00,46,46,46,46,600,0
2015-02-19,15:45:00,45.94,46.05,45.87,46.05,2096,0
2015-02-19,15:50:00,45.99,46.05,45.89,45.99,6509,0
2015-02-19,15:55:00,46,46,45.89,45.94,2000,0
2015-02-19,16:05:00,45.98,45.98,45.9,45.92,1000,0
2015-02-19,16:10:00,45.93,45.96,45.89,45.93,9600,0
2015-02-19,16:15:00,45.95,45.96,45.94,45.94,300,0
2015-02-19,16:20:00,46.06,46.06,46.06,46.06,300,0
2015-02-19,16:25:00,46.07,46.11,46.02,46.11,1200,0
2015-02-19,16:30:00,46.12,46.12,46.06,46.09,600,0
2015-02-19,16:35:00,46.05,46.05,45.99,45.99,600,0
2015-02-19,16:40:00,45.98,45.98,45.98,45.98,800,0
2015-02-19,16:45:00,45.99,45.99,45.99,45.99,400,0
2015-02-19,16:50:00,45.98,45.99,45.98,45.99,700,0
2015-02-19,16:55:00,45.97,46.01,45.97,46.01,900,0
2015-02-19,17:00:00,46.01,46.04,45.97,45.97,300,0
2015-02-19,17:05:00,46,46,45.98,46,1108,0
2015-02-19,17:10:00,45.97,45.97,45.97,45.97,200,0
2015-02-19,17:15:00,45.9,45.96,45.9,45.96,1400,0
2015-02-19,17:25:00,45.98,45.99,45.94,45.94,2100,0
2015-02-19,17:30:00,45.95,45.99,45.95,45.99,1500,0
2015-02-19,17:35:00,46.04,46.04,45.95,45.95,1500,0
2015-02-19,17:40:00,45.98,45.98,45.92,45.98,1100,0
2015-02-19,17:45:00,45.99,45.99,45.99,45.99,100,0
2015-02-19,17:50:00,45.97,46.04,45.97,46.01,2300,0
2015-02-19,17:55:00,46,46,45.98,45.98,1046,0
2015-02-19,18:00:00,45.96,46,45.96,45.97,17835,0
2015-02-19,18:05:00,45.95,46.02,45.94,45.98,5980,0
2015-02-19,18:10:00,45.96,45.96,45.96,45.96,200,0
2015-02-19,18:15:00,45.94,45.95,45.9,45.95,900,0
2015-02-19,18:20:00,45.9,45.96,45.9,45.96,300,0
2015-02-19,18:25:00,45.9,45.99,45.9,45.97,3047,0
2015-02-19,18:30:00,45.94,45.95,45.94,45.95,500,0
2015-02-19,18:35:00,45.95,45.97,45.95,45.95,2134,0
2015-02-19,18:40:00,45.94,45.94,45.91,45.92,600,0
2015-02-19,18:45:00,45.92,45.99,45.92,45.99,3860,0
2015-02-19,18:50:00,45.99,45.99,45.96,45.96,1300,0
2015-02-19,18:55:00,45.95,45.95,45.92,45.93,600,0
2015-02-19,19:00:00,45.92,45.97,45.9,45.96,2400,0
2015-02-19,19:05:00,45.89,45.92,45.89,45.89,300,0
2015-02-19,19:10:00,45.89,45.94,45.89,45.89,1400,0
2015-02-19,19:15:00,45.89,45.9,45.8,45.8,2400,0
2015-02-19,19:20:00,45.8,45.86,45.8,45.82,4200,0
2015-02-19,19:25:00,45.84,45.84,45.81,45.82,1800,0
2015-02-19,19:30:00,45.81,45.86,45.81,45.86,2000,0
2015-02-19,19:35:00,45.87,45.87,45.81,45.81,1800,0
2015-02-19,19:40:00,45.81,45.82,45.8,45.82,2900,0
2015-02-19,19:45:00,45.83,45.88,45.83,45.88,2900,0
2015-02-19,19:50:00,45.87,45.89,45.86,45.86,400,0
2015-02-19,19:55:00,45.87,45.93,45.87,45.93,1400,0
2015-02-19,20:00:00,45.9,45.95,45.9,45.95,700,0
2015-02-19,20:05:00,45.94,45.99,45.94,45.99,1900,0
2015-02-19,20:10:00,45.96,46,45.95,45.99,3420,0
2015-02-19,20:15:00,45.98,46.03,45.97,45.99,3800,0
2015-02-19,20:20:00,45.98,46,45.95,45.98,266626,0
2015-02-19,20:25:00,46,46.03,45.99,46.02,2800,0
2015-02-19,20:30:00,46.01,46.1,46.01,46.1,4864,0
2015-02-19,20:35:00,46.09,46.09,46.05,46.06,1500,0
2015-02-19,20:40:00,46.08,46.08,46.01,46.01,4040,0
2015-02-19,20:45:00,46.03,46.08,46.03,46.08,3500,0
2015-02-19,20:50:00,46.1,46.12,46.09,46.1,1100,0
2015-02-19,20:55:00,46.12,46.12,46.08,46.09,3100,0
2015-02-19,21:00:00,46.1,46.1,46.06,46.07,10800,0
2015-02-19,21:05:00,46.08,46.09,46.02,46.06,5021,0
2015-02-19,21:10:00,46.07,46.07,46.04,46.04,2900,0
2015-02-19,21:15:00,46.04,46.07,46.01,46.02,3200,0
2015-02-19,21:20:00,46.01,46.04,46,46,2100,0
2015-02-19,21:25:00,45.98,46.01,45.97,46.01,11018,0
2015-02-19,21:30:00,46.02,46.03,45.98,46,3200,0
2015-02-19,21:35:00,45.99,46.04,45.98,46.02,7900,0
2015-02-19,21:40:00,46.01,46.02,46,46.01,3300,0
2015-02-19,21:45:00,46,46.02,45.98,46,8206,0
2015-02-19,21:50:00,46.01,46.01,45.96,45.96,6822,0
2015-02-19,21:55:00,45.96,46,45.95,45.97,10620,0
2015-02-19,22:00:00,45.97,46.09,45.95,46.09,62157,0
2015-02-20,15:35:00,46,46.03,45.93,46.01,12572,0
2015-02-20,15:40:00,46.05,46.05,45.89,45.97,41780,0
2015-02-20,15:45:00,45.96,46.03,45.91,45.99,10382,0
2015-02-20,15:50:00,46,46,46,46,1882,0
2015-02-20,15:55:00,45.93,45.93,45.74,45.79,4300,0
2015-02-20,16:00:00,45.8,45.8,45.76,45.76,400,0
2015-02-20,16:05:00,45.7,45.7,45.69,45.7,4400,0
2015-02-20,16:10:00,45.7,45.7,45.61,45.7,2830,0
2015-02-20,16:15:00,45.67,45.73,45.67,45.7,3400,0
2015-02-20,16:20:00,45.72,45.77,45.71,45.76,1900,0
2015-02-20,16:25:00,45.72,45.73,45.7,45.73,2300,0
2015-02-20,16:30:00,45.69,45.73,45.69,45.73,3000,0
2015-02-20,16:35:00,45.69,45.79,45.69,45.79,5979,0
2015-02-20,16:40:00,45.77,45.82,45.76,45.82,600,0
2015-02-20,16:45:00,45.82,45.84,45.79,45.84,4420,0
2015-02-20,16:50:00,45.81,45.94,45.81,45.94,1900,0
2015-02-20,16:55:00,45.92,45.92,45.92,45.92,1000,0
2015-02-20,17:00:00,45.93,46,45.93,46,700,0
2015-02-20,17:05:00,45.99,46.02,45.99,46,400,0
2015-02-20,17:10:00,46.08,46.12,46.02,46.02,4300,0
2015-02-20,17:15:00,46.04,46.05,46.01,46.03,818,0
2015-02-20,17:20:00,46.07,46.07,46.01,46.01,400,0
2015-02-20,17:25:00,46.01,46.06,46.01,46.06,700,0
2015-02-20,17:30:00,46.02,46.02,45.97,45.98,1200,0
2015-02-20,17:35:00,46.01,46.01,45.98,45.99,1000,0
2015-02-20,17:40:00,45.98,46,45.95,46,300,0
2015-02-20,17:45:00,46.02,46.1,46.02,46.1,1200,0
2015-02-20,17:50:00,46.04,46.04,46.01,46.01,2100,0
2015-02-20,17:55:00,45.99,46.03,45.99,46.03,200,0
2015-02-20,18:00:00,46.04,46.04,46,46,1100,0
2015-02-20,18:05:00,46.05,46.09,46.05,46.06,800,0
2015-02-20,18:10:00,46.04,46.07,46.04,46.07,400,0
2015-02-20,18:15:00,46.06,46.09,46.06,46.06,700,0
2015-02-20,18:20:00,46.08,46.1,46.05,46.07,2286,0
2015-02-20,18:25:00,46.11,46.11,46.11,46.11,300,0
2015-02-20,18:30:00,46.1,46.1,46.07,46.07,900,0
2015-02-20,18:35:00,46.09,46.13,46.06,46.13,1900,0
2015-02-20,18:40:00,46.13,46.23,46.13,46.22,2716,0
2015-02-20,18:45:00,46.19,46.31,46.19,46.24,3700,0
2015-02-20,18:50:00,46.23,46.25,46.22,46.25,2281,0
2015-02-20,18:55:00,46.28,46.32,46.22,46.27,2600,0
2015-02-20,19:00:00,46.31,46.39,46.29,46.39,2400,0
2015-02-20,19:05:00,46.38,46.39,46.33,46.38,2500,0
2015-02-20,19:10:00,46.37,46.4,46.36,46.4,2509,0
2015-02-20,19:15:00,46.41,46.51,46.4,46.51,4384,0
2015-02-20,19:20:00,46.51,46.52,46.42,46.51,5300,0
2015-02-20,19:25:00,46.51,46.56,46.47,46.51,5870,0
2015-02-20,19:30:00,46.5,46.56,46.5,46.56,3700,0
2015-02-20,19:35:00,46.56,46.59,46.53,46.54,5300,0
2015-02-20,19:40:00,46.51,46.57,46.48,46.48,2300,0
2015-02-20,19:50:00,46.47,46.48,46.38,46.38,4934,0
2015-02-20,20:00:00,46.4,46.46,46.35,46.46,5716,0
2015-02-20,20:05:00,46.45,46.53,46.43,46.52,5100,0
2015-02-20,20:10:00,46.5,46.56,46.49,46.55,10467,0
2015-02-20,20:15:00,46.5,46.57,46.5,46.57,8300,0
2015-02-20,20:20:00,46.58,46.63,46.57,46.59,4800,0
2015-02-20,20:25:00,46.6,46.65,46.58,46.63,8514,0
2015-02-20,20:30:00,46.63,46.66,46.6,46.65,3700,0
2015-02-20,20:35:00,46.65,46.69,46.64,46.69,5469,0
2015-02-20,20:40:00,46.69,46.72,46.68,46.71,4900,0
2015-02-20,20:45:00,46.71,46.78,46.69,46.78,6613,0
2015-02-20,20:50:00,46.78,46.84,46.76,46.78,7800,0
2015-02-20,20:55:00,46.79,46.8,46.76,46.78,5162,0
2015-02-20,21:00:00,46.79,46.83,46.77,46.83,7357,0
2015-02-20,21:05:00,46.83,46.94,46.8,46.93,8400,0
2015-02-20,21:10:00,46.93,47.01,46.9,46.99,6800,0
2015-02-20,21:15:00,46.99,47.02,46.91,46.91,12070,0
2015-02-20,21:20:00,46.91,46.91,46.81,46.86,7100,0
2015-02-20,21:25:00,46.86,46.87,46.82,46.85,13097,0
2015-02-20,21:30:00,46.86,46.94,46.84,46.87,16100,0
2015-02-20,21:35:00,46.85,46.95,46.85,46.88,18620,0
2015-02-20,21:40:00,46.86,46.95,46.86,46.9,19060,0
2015-02-20,21:45:00,46.86,46.9,46.82,46.88,16319,0
2015-02-20,21:50:00,46.9,46.93,46.83,46.85,26143,0
2015-02-20,21:55:00,46.85,46.92,46.8,46.84,25289,0
2015-02-20,22:00:00,46.85,46.99,46.84,46.96,166931,0
2015-02-23,15:35:00,46.62,46.67,46.62,46.67,600,0
2015-02-23,15:40:00,46.49,46.49,46.49,46.49,100,0
2015-02-23,15:45:00,46.54,46.58,46.39,46.46,12801,0
2015-02-23,15:50:00,46.46,46.57,46.42,46.46,3302,0
2015-02-23,15:55:00,46.47,46.53,46.45,46.49,3100,0
2015-02-23,16:00:00,46.54,46.57,46.54,46.57,700,0
2015-02-23,16:05:00,46.51,46.52,46.38,46.43,2500,0
2015-02-23,16:10:00,46.41,46.45,46.34,46.44,4510,0
2015-02-23,16:15:00,46.42,46.42,46.42,46.42,200,0
2015-02-23,16:25:00,46.46,46.56,46.43,46.49,5200,0
2015-02-23,16:30:00,46.46,46.49,46.39,46.39,2500,0
2015-02-23,16:35:00,46.37,46.4,46.35,46.39,2300,0
2015-02-23,16:40:00,46.41,46.41,46.34,46.34,1700,0
2015-02-23,16:45:00,46.33,46.33,46.33,46.33,300,0
2015-02-23,16:50:00,46.3,46.31,46.19,46.19,3900,0
2015-02-23,16:55:00,46.18,46.21,46.14,46.14,7608,0
2015-02-23,17:00:00,46.13,46.16,46.11,46.11,2200,0
2015-02-23,17:05:00,46.12,46.27,46.12,46.27,10855,0
2015-02-23,17:10:00,46.24,46.25,46.19,46.19,2400,0
2015-02-23,17:15:00,46.19,46.21,46.1,46.2,20800,0
2015-02-23,17:20:00,46.17,46.26,46.17,46.26,11500,0
2015-02-23,17:25:00,46.23,46.23,46.18,46.18,2400,0
2015-02-23,17:30:00,46.21,46.21,46.17,46.19,2600,0
2015-02-23,17:35:00,46.19,46.21,46.18,46.2,6800,0
2015-02-23,17:40:00,46.2,46.21,46.18,46.19,4887,0
2015-02-23,17:45:00,46.19,46.2,46.19,46.2,2500,0
2015-02-23,17:50:00,46.18,46.23,46.18,46.23,5100,0
2015-02-23,17:55:00,46.22,46.26,46.22,46.25,4736,0
2015-02-23,18:00:00,46.24,46.31,46.24,46.29,6600,0
2015-02-23,18:05:00,46.29,46.3,46.22,46.28,9060,0
2015-02-23,18:10:00,46.21,46.25,46.2,46.22,3964,0
2015-02-23,18:15:00,46.18,46.2,46.18,46.2,2700,0
2015-02-23,18:20:00,46.19,46.21,46.19,46.2,5900,0
2015-02-23,18:25:00,46.18,46.18,46.13,46.17,6200,0
2015-02-23,18:30:00,46.16,46.16,46.13,46.15,4100,0
2015-02-23,18:35:00,46.12,46.13,46.08,46.1,4000,0
2015-02-23,18:40:00,46.1,46.11,46.06,46.06,4400,0
2015-02-23,18:45:00,46.07,46.07,46.04,46.04,2600,0
2015-02-23,18:50:00,46.03,46.07,46.03,46.05,6115,0
2015-02-23,18:55:00,46.06,46.06,45.99,46.02,3900,0
2015-02-23,19:00:00,46.02,46.03,45.99,46,5300,0
2015-02-23,19:05:00,46,46.15,46,46.15,5000,0
2015-02-23,19:10:00,46.16,46.19,46.1,46.11,1700,0
2015-02-23,19:15:00,46.1,46.11,46.08,46.1,1498,0
2015-02-23,19:20:00,46.11,46.11,46.02,46.07,33273,0
2015-02-23,19:25:00,46.05,46.06,46,46,54450,0
2015-02-23,19:30:00,46,46,45.95,45.97,4000,0
2015-02-23,19:35:00,45.96,46.01,45.96,46,4700,0
2015-02-23,19:40:00,45.98,46.01,45.98,46,4064,0
2015-02-23,19:45:00,46,46.11,46,46.02,15572,0
2015-02-23,19:50:00,46.05,46.05,45.97,45.97,3700,0
2015-02-23,19:55:00,45.96,46.01,45.92,45.95,11087,0
2015-02-23,20:00:00,45.95,45.96,45.9,45.96,88497,0
2015-02-23,20:05:00,45.97,45.98,45.95,45.97,2300,0
2015-02-23,20:10:00,45.96,46.05,45.95,45.99,8500,0
2015-02-23,20:15:00,46,46.01,45.92,46,6500,0
2015-02-23,20:20:00,46.02,46.03,46,46.01,3400,0
2015-02-23,20:25:00,46,46.02,45.99,46.02,6264,0
2015-02-23,20:30:00,46.02,46.06,46.02,46.02,2526,0
2015-02-23,20:35:00,46.02,46.02,45.98,45.98,5500,0
2015-02-23,20:40:00,45.98,45.99,45.96,45.98,6641,0
2015-02-23,20:45:00,45.96,45.99,45.96,45.99,7924,0
2015-02-23,20:50:00,46.04,46.04,46,46,6987,0
2015-02-23,20:55:00,46,46.01,46,46,4500,0
2015-02-23,21:00:00,46,46.06,45.99,46.04,3678,0
2015-02-23,21:05:00,46.02,46.04,46,46.02,5985,0
2015-02-23,21:10:00,46.02,46.02,45.98,46,7550,0
2015-02-23,21:15:00,46,46.01,45.99,46,5400,0
2015-02-23,21:20:00,45.99,46.01,45.93,46,10000,0
2015-02-23,21:25:00,46.01,46.04,45.97,46.01,9820,0
2015-02-23,21:30:00,46.04,46.08,46.01,46.08,6750,0
2015-02-23,21:35:00,46.09,46.1,46.04,46.04,6332,0
2015-02-23,21:40:00,46.05,46.13,46.02,46.1,14944,0
2015-02-23,21:45:00,46.09,46.09,46.02,46.02,12133,0
2015-02-23,21:50:00,46.04,46.06,46,46.05,72655,0
2015-02-23,21:55:00,46.06,46.12,46.03,46.12,25226,0
2015-02-23,22:00:00,46.11,46.23,46.06,46.19,192971,0
