Date,Time,Open,High,Low,Close,Volume,OpenInt
2014-03-11,14:55:00,24.01,24.01,24.01,24.01,212,0
2014-03-11,20:25:00,23.915,23.915,23.915,23.915,1053,0
2014-03-12,14:55:00,23.915,23.915,23.915,23.915,2002,0
2014-03-12,15:25:00,23.868,23.868,23.868,23.868,211,0
2014-03-12,15:30:00,23.962,23.962,23.962,23.962,104,0
2014-03-12,16:50:00,23.876,23.876,23.876,23.876,528,0
2014-03-12,17:25:00,24.01,24.01,24.01,24.01,267,0
2014-03-12,18:20:00,23.876,23.924,23.868,23.924,420,0
2014-03-12,18:25:00,23.868,23.868,23.868,23.868,237,0
2014-03-12,19:35:00,24,24,24,24,104,0
2014-03-12,20:15:00,24,24.01,24,24.01,4110,0
2014-03-12,20:30:00,24.01,24.01,24.01,24.01,420,0
2014-03-12,20:55:00,24.01,24.01,24.01,24.01,211,0
2014-03-12,21:00:00,24.01,24.02,23.876,24.01,3896,0
2014-03-13,15:40:00,24.04,24.04,24.011,24.04,1398,0
2014-03-13,16:20:00,23.934,23.934,23.934,23.934,328,0
2014-03-13,18:10:00,23.924,23.924,23.809,23.857,1975,0
2014-03-13,20:05:00,23.876,23.876,23.876,23.876,103,0
2014-03-17,15:25:00,24.011,24.011,24.011,24.011,209,0
2014-03-17,16:10:00,23.982,23.982,23.982,23.982,443,0
2014-03-17,17:35:00,23.953,23.953,23.944,23.944,631,0
2014-03-17,18:25:00,24.021,24.021,24.001,24.001,1039,0
2014-03-17,20:15:00,23.944,23.944,23.944,23.944,103,0
2014-03-18,18:20:00,23.973,23.973,23.973,23.973,312,0
2014-03-18,19:15:00,23.973,23.973,23.973,23.973,1736,0
2014-03-18,20:10:00,23.973,23.973,23.973,23.973,209,0
2014-03-18,20:25:00,24.011,24.011,24.001,24.001,1039,0
2014-03-19,15:40:00,24.107,24.107,24.107,24.107,2081,0
2014-03-19,16:50:00,24.136,24.136,24.136,24.136,415,0
2014-03-19,19:10:00,24.03,24.03,24.03,24.03,209,0
2014-03-19,20:20:00,24.03,24.03,24.03,24.03,209,0
2014-03-19,20:50:00,24.136,24.136,24.136,24.136,209,0
2014-03-20,15:05:00,23.992,23.992,23.992,23.992,226,0
2014-03-20,18:35:00,23.973,23.973,23.973,23.973,208,0
2014-03-20,18:45:00,23.953,23.953,23.953,23.953,624,0
2014-03-20,19:45:00,23.934,23.934,23.934,23.934,209,0
2014-03-20,19:50:00,23.973,23.973,23.973,23.973,502,0
2014-03-20,20:10:00,23.973,23.973,23.973,23.973,415,0
2014-03-21,14:35:00,24.078,24.078,24.078,24.078,415,0
2014-03-21,15:10:00,24.117,24.184,24.117,24.184,2314,0
2014-03-21,18:15:00,24.174,24.174,24.174,24.174,312,0
2014-03-21,18:35:00,24.136,24.136,24.136,24.136,456,0
2014-03-21,19:55:00,24.165,24.165,24.165,24.165,521,0
2014-03-21,20:30:00,24.078,24.078,24.078,24.078,483,0
2014-03-24,15:05:00,24.146,24.146,24.146,24.146,1560,0
2014-03-24,15:35:00,24.309,24.309,24.309,24.309,103,0
2014-03-24,17:25:00,24.29,24.29,24.29,24.29,204,0
2014-03-24,20:00:00,24.271,24.271,24.271,24.271,415,0
2014-03-24,20:40:00,24.155,24.155,24.155,24.155,103,0
2014-03-24,20:50:00,24.107,24.107,24.107,24.107,103,0
2014-03-25,20:50:00,24.213,24.213,24.213,24.213,156,0
2014-03-26,17:35:00,24.117,24.117,24.117,24.117,209,0
2014-03-26,17:55:00,24.117,24.117,24.117,24.117,103,0
2014-03-26,19:20:00,24.232,24.232,24.232,24.232,415,0
2014-03-26,20:10:00,24.146,24.146,24.146,24.146,234,0
2014-03-26,20:30:00,24.223,24.232,24.223,24.232,209,0
2014-03-26,21:00:00,24.117,24.117,24.117,24.117,312,0
2014-03-27,17:00:00,24.194,24.203,24.117,24.146,2081,0
2014-03-27,17:35:00,24.088,24.088,24.088,24.088,103,0
2014-03-27,18:00:00,24.126,24.126,24.126,24.126,209,0
2014-03-27,18:20:00,24.088,24.088,24.088,24.088,103,0
2014-03-27,18:55:00,24.117,24.117,24.117,24.117,209,0
2014-03-27,20:20:00,24.088,24.088,24.078,24.078,833,0
2014-03-27,20:50:00,24.078,24.078,24.078,24.078,156,0
2014-03-27,21:00:00,24.126,24.126,24.126,24.126,209,0
2014-03-28,17:20:00,24.174,24.194,24.107,24.194,2267,0
2014-03-28,18:50:00,24.097,24.097,24.097,24.097,1351,0
2014-03-28,20:30:00,24.136,24.136,24.136,24.136,103,0
2014-03-31,16:50:00,24.184,24.184,24.184,24.184,405,0
2014-03-31,19:00:00,24.126,24.126,24.126,24.126,521,0
2014-03-31,19:10:00,24.136,24.136,24.117,24.117,1039,0
2014-03-31,19:15:00,24.117,24.146,24.117,24.146,1975,0
2014-03-31,19:25:00,24.146,24.146,24.146,24.146,103,0
2014-03-31,20:15:00,24.136,24.136,24.136,24.136,151,0
2014-04-01,15:35:00,24.203,24.203,24.203,24.203,1005,0
2014-04-01,16:45:00,24.213,24.213,24.213,24.213,521,0
2014-04-01,18:05:00,24.223,24.223,24.223,24.223,1039,0
2014-04-01,20:35:00,24.088,24.107,24.088,24.107,1039,0
2014-04-01,21:45:00,24.117,24.117,24.117,24.117,123,0
2014-04-02,15:40:00,24.136,24.136,24.136,24.136,414,0
2014-04-02,15:45:00,24.126,24.126,24.126,24.126,521,0
2014-04-02,16:05:00,24.223,24.223,24.223,24.223,610,0
2014-04-02,17:15:00,24.223,24.223,24.223,24.223,209,0
2014-04-02,18:45:00,24.223,24.232,24.223,24.232,415,0
2014-04-02,20:15:00,24.232,24.232,24.232,24.232,103,0
2014-04-02,21:00:00,24.136,24.136,24.097,24.097,999,0
2014-04-02,21:40:00,24.136,24.136,24.136,24.136,415,0
2014-04-03,18:15:00,24.136,24.136,24.136,24.136,1039,0
2014-04-03,19:30:00,24.155,24.155,24.155,24.155,415,0
2014-04-03,21:20:00,24.088,24.088,24.088,24.088,312,0
2014-04-04,16:00:00,24.232,24.232,24.232,24.232,213,0
2014-04-04,16:10:00,24.088,24.088,24.088,24.088,468,0
2014-04-04,19:10:00,24.088,24.136,24.088,24.136,259,0
2014-04-07,18:10:00,24.136,24.174,24.117,24.155,8528,0
2014-04-07,18:15:00,24.117,24.155,24.117,24.117,17472,0
2014-04-07,18:20:00,24.117,24.174,24.117,24.136,13597,0
2014-04-07,18:25:00,24.126,24.136,24.126,24.136,2496,0
2014-04-07,19:20:00,24.136,24.136,24.136,24.136,103,0
2014-04-07,19:25:00,24.126,24.126,24.117,24.117,833,0
2014-04-07,20:50:00,24.097,24.097,24.097,24.097,312,0
2014-04-07,21:15:00,24.097,24.097,24.097,24.097,209,0
2014-04-07,21:45:00,24.088,24.088,24.088,24.088,312,0
2014-04-07,21:55:00,24.078,24.078,24.078,24.078,415,0
2014-04-08,15:35:00,24.078,24.078,24.078,24.078,1208,0
2014-04-08,18:45:00,24.088,24.088,24.088,24.088,415,0
2014-04-08,19:05:00,24.078,24.078,24.078,24.078,423,0
2014-04-08,21:30:00,24.126,24.126,24.126,24.126,103,0
2014-04-09,15:40:00,24.088,24.088,24.088,24.088,229,0
2014-04-09,16:10:00,24.126,24.126,24.126,24.126,209,0
2014-04-09,17:10:00,24.078,24.078,24.078,24.078,571,0
2014-04-09,17:15:00,24.078,24.078,24.078,24.078,103,0
2014-04-09,21:55:00,24.107,24.107,24.107,24.107,156,0
2014-04-09,22:00:00,24.136,24.155,24.136,24.155,415,0
2014-04-10,20:40:00,24.136,24.136,24.136,24.136,681,0
2014-04-11,19:45:00,24.126,24.126,24.126,24.126,103,0
2014-04-11,21:40:00,24.097,24.097,24.097,24.097,209,0
2014-04-11,21:45:00,24.088,24.088,24.088,24.088,219,0
2014-04-14,16:45:00,24.117,24.117,24.078,24.088,2356,0
2014-04-14,17:00:00,24.097,24.097,24.078,24.088,1769,0
2014-04-14,17:05:00,24.078,24.078,24.078,24.078,1942,0
2014-04-14,17:40:00,24.04,24.04,24.04,24.04,2860,0
2014-04-14,17:45:00,24.021,24.021,24.021,24.021,521,0
2014-04-14,18:10:00,24.04,24.04,24.04,24.04,1628,0
2014-04-14,21:20:00,24.04,24.04,24.04,24.04,4159,0
2014-04-14,21:25:00,24.05,24.05,24.05,24.05,1039,0
2014-04-14,21:30:00,24.03,24.03,24.03,24.03,209,0
2014-04-14,21:35:00,24.05,24.05,24.05,24.05,209,0
2014-04-14,21:40:00,24.03,24.03,24.03,24.03,727,0
2014-04-14,21:50:00,24.021,24.05,24.021,24.05,312,0
2014-04-15,17:05:00,24.04,24.04,24.04,24.04,103,0
2014-04-15,17:50:00,24.088,24.088,24.088,24.088,209,0
2014-04-15,18:40:00,24.117,24.126,24.107,24.107,1145,0
2014-04-15,20:20:00,24.126,24.126,24.126,24.126,414,0
2014-04-15,21:00:00,24.126,24.126,24.126,24.126,521,0
2014-04-15,21:55:00,24.126,24.126,24.126,24.126,415,0
2014-04-15,22:00:00,24.117,24.117,24.088,24.088,805,0
2014-04-16,15:55:00,24.088,24.088,24.088,24.088,1945,0
2014-04-16,16:30:00,24.078,24.078,24.078,24.078,4888,0
2014-04-16,16:35:00,24.078,24.078,24.078,24.078,4888,0
2014-04-16,16:50:00,24.088,24.088,24.088,24.088,863,0
2014-04-16,17:00:00,24.107,24.117,24.078,24.078,14881,0
2014-04-16,17:05:00,24.088,24.126,24.088,24.097,18614,0
2014-04-16,17:10:00,24.126,24.126,24.088,24.088,6446,0
2014-04-16,17:15:00,24.078,24.088,24.078,24.078,2599,0
2014-04-16,17:20:00,24.088,24.088,24.088,24.088,2081,0
2014-04-16,17:25:00,24.088,24.088,24.088,24.088,936,0
2014-04-16,17:30:00,24.088,24.126,24.078,24.088,6968,0
2014-04-16,22:00:00,24.126,24.126,24.126,24.126,209,0
2014-04-17,16:25:00,24.117,24.126,24.117,24.126,956,0
2014-04-17,17:05:00,24.126,24.232,24.117,24.232,21035,0
2014-04-17,17:10:00,24.251,24.261,24.126,24.126,14395,0
2014-04-17,18:10:00,24.165,24.165,24.165,24.165,229,0
2014-04-17,18:20:00,24.184,24.184,24.184,24.184,103,0
2014-04-17,20:35:00,24.251,24.251,24.251,24.251,103,0
2014-04-17,20:45:00,24.184,24.184,24.184,24.184,204,0
2014-04-17,21:10:00,24.184,24.203,24.184,24.203,1195,0
2014-04-21,15:35:00,24.184,24.184,24.184,24.184,833,0
2014-04-21,15:45:00,24.184,24.184,24.184,24.184,2184,0
2014-04-21,17:20:00,24.184,24.184,24.184,24.184,103,0
2014-04-21,18:15:00,24.184,24.328,24.136,24.3,16850,0
2014-04-21,18:20:00,24.3,24.328,24.165,24.203,22681,0
2014-04-21,18:25:00,24.155,24.213,24.117,24.126,5622,0
2014-04-21,18:35:00,24.136,24.136,24.136,24.136,312,0
2014-04-21,19:50:00,24.184,24.184,24.184,24.184,2911,0
2014-04-21,22:00:00,24.136,24.136,24.136,24.136,209,0
2014-04-22,16:50:00,24.184,24.184,24.184,24.184,936,0
2014-04-22,17:20:00,24.184,24.184,24.184,24.184,209,0
2014-04-22,18:05:00,24.146,24.146,24.146,24.146,1187,0
2014-04-22,19:25:00,24.184,24.184,24.184,24.184,1560,0
2014-04-22,21:05:00,24.136,24.136,24.136,24.136,103,0
2014-04-22,21:10:00,24.136,24.136,24.136,24.136,733,0
2014-04-23,16:05:00,24.184,24.184,24.184,24.184,622,0
2014-04-23,16:10:00,24.184,24.184,24.184,24.184,209,0
2014-04-23,16:15:00,24.232,24.28,24.203,24.242,9682,0
2014-04-23,16:20:00,24.28,24.377,24.251,24.251,16836,0
2014-04-23,16:25:00,24.213,24.242,24.184,24.184,4994,0
2014-04-23,16:35:00,24.155,24.155,24.155,24.155,103,0
2014-04-23,16:45:00,24.155,24.454,24.155,24.454,312,0
2014-04-23,18:40:00,24.424,24.424,24.424,24.424,199,0
2014-04-23,20:05:00,24.28,24.28,24.28,24.28,1272,0
2014-04-23,20:50:00,24.165,24.213,24.165,24.213,415,0
2014-04-23,21:05:00,24.213,24.213,24.213,24.213,169,0
2014-04-23,22:00:00,24.165,24.184,24.165,24.184,415,0
2014-04-24,17:00:00,24.251,24.434,24.251,24.434,9464,0
2014-04-24,17:15:00,24.261,24.347,24.261,24.261,12999,0
2014-04-24,17:20:00,24.328,24.444,24.261,24.28,16327,0
2014-04-24,17:25:00,24.28,24.347,24.232,24.261,19135,0
2014-04-24,17:30:00,24.261,24.347,24.251,24.271,10919,0
2014-04-24,17:35:00,24.357,24.357,24.319,24.319,5095,0
2014-04-24,17:40:00,24.319,24.319,24.319,24.319,103,0
2014-04-24,17:45:00,24.319,24.319,24.309,24.309,2704,0
2014-04-24,18:00:00,24.242,24.3,24.155,24.3,954,0
2014-04-24,18:10:00,24.251,24.3,24.232,24.3,12421,0
2014-04-24,18:15:00,24.29,24.29,24.28,24.28,1769,0
2014-04-24,18:20:00,24.242,24.261,24.242,24.261,4065,0
2014-04-24,18:25:00,24.319,24.319,24.28,24.28,4902,0
2014-04-24,18:30:00,24.28,24.29,24.28,24.28,1145,0
2014-04-24,18:35:00,24.28,24.28,24.28,24.28,415,0
2014-04-24,18:40:00,24.223,24.242,24.223,24.242,1039,0
2014-04-24,18:45:00,24.242,24.3,24.184,24.184,2081,0
2014-04-24,19:45:00,24.29,24.29,24.271,24.271,415,0
2014-04-24,21:00:00,24.271,24.271,24.251,24.251,3535,0
2014-04-24,21:30:00,24.261,24.261,24.242,24.251,833,0
2014-04-25,15:45:00,24.184,24.184,24.174,24.184,2704,0
2014-04-25,16:05:00,24.232,24.328,24.223,24.223,9567,0
2014-04-25,16:10:00,24.194,24.213,24.194,24.213,1762,0
2014-04-25,16:25:00,24.242,24.242,24.242,24.242,108,0
2014-04-25,16:45:00,24.165,24.165,24.165,24.165,2081,0
2014-04-25,16:50:00,24.203,24.232,24.203,24.232,1794,0
2014-04-25,17:20:00,24.232,24.309,24.165,24.165,3360,0
2014-04-25,19:20:00,24.386,24.386,24.386,24.386,1039,0
2014-04-25,20:50:00,24.184,24.184,24.184,24.184,312,0
2014-04-25,21:10:00,24.28,24.29,24.271,24.29,624,0
2014-04-25,21:15:00,24.271,24.28,24.184,24.184,1975,0
2014-04-25,21:25:00,24.251,24.251,24.251,24.251,103,0
2014-04-28,15:35:00,24.367,24.367,24.367,24.367,415,0
2014-04-28,15:40:00,24.213,24.213,24.213,24.213,624,0
2014-04-28,15:45:00,24.213,24.223,24.213,24.213,1414,0
2014-04-28,18:10:00,24.454,24.454,24.454,24.454,1029,0
2014-04-28,18:50:00,24.444,24.444,24.444,24.444,1039,0
2014-04-28,19:00:00,24.271,24.271,24.271,24.271,2332,0
2014-04-29,17:35:00,24.424,24.424,24.424,24.424,410,0
2014-04-29,21:25:00,24.28,24.28,24.28,24.28,727,0
2014-04-30,16:35:00,24.251,24.251,24.251,24.251,415,0
2014-04-30,17:30:00,24.319,24.319,24.319,24.319,4368,0
2014-04-30,17:35:00,24.396,24.424,24.3,24.328,19447,0
2014-04-30,17:40:00,24.309,24.396,24.309,24.367,5095,0
2014-04-30,17:45:00,24.377,24.386,24.347,24.347,1872,0
2014-04-30,17:50:00,24.328,24.328,24.319,24.319,415,0
2014-04-30,20:10:00,24.367,24.377,24.3,24.3,1138,0
2014-04-30,20:15:00,24.319,24.396,24.319,24.396,1262,0
2014-04-30,20:55:00,24.377,24.377,24.357,24.357,3016,0
2014-04-30,21:00:00,24.347,24.347,24.347,24.347,3432,0
2014-04-30,22:00:00,24.347,24.357,24.338,24.338,1039,0
2014-05-01,16:40:00,24.3,24.357,24.3,24.309,1872,0
2014-05-01,16:45:00,24.319,24.367,24.271,24.28,15699,0
2014-05-01,21:00:00,24.28,24.28,24.261,24.261,833,0
2014-05-01,21:05:00,24.261,24.261,24.261,24.261,103,0
2014-05-01,21:10:00,24.309,24.309,24.309,24.309,209,0
2014-05-01,21:30:00,24.261,24.261,24.251,24.251,521,0
2014-05-01,22:00:00,24.28,24.28,24.28,24.28,312,0
2014-05-02,15:55:00,24.309,24.309,24.309,24.309,209,0
2014-05-02,16:20:00,24.367,24.367,24.29,24.309,521,0
2014-05-02,16:25:00,24.3,24.309,24.251,24.251,727,0
2014-05-02,18:35:00,24.251,24.251,24.251,24.251,209,0
2014-05-02,20:10:00,24.28,24.28,24.28,24.28,727,0
2014-05-02,21:50:00,24.261,24.261,24.261,24.261,312,0
2014-05-02,21:55:00,24.261,24.261,24.261,24.261,209,0
2014-05-05,15:35:00,24.386,24.405,24.386,24.405,415,0
2014-05-05,15:40:00,24.463,24.463,24.463,24.463,103,0
2014-05-05,15:50:00,24.377,24.377,24.377,24.377,103,0
2014-05-05,17:50:00,24.328,24.328,24.328,24.328,1975,0
2014-05-05,19:20:00,24.377,24.377,24.377,24.377,312,0
2014-05-05,19:35:00,24.415,24.415,24.405,24.405,2652,0
2014-05-05,20:20:00,24.29,24.29,24.29,24.29,1205,0
2014-05-05,20:55:00,24.415,24.415,24.415,24.415,624,0
2014-05-06,15:35:00,24.463,24.463,24.463,24.463,1039,0
2014-05-06,20:35:00,24.472,24.472,24.472,24.472,209,0
2014-05-06,22:00:00,24.511,24.511,24.511,24.511,209,0
2014-05-07,18:20:00,24.521,24.521,24.396,24.396,624,0
2014-05-08,15:35:00,24.472,24.472,24.472,24.472,521,0
2014-05-08,15:50:00,24.472,24.472,24.472,24.472,1663,0
2014-05-08,17:20:00,24.463,24.463,24.463,24.463,8111,0
2014-05-09,17:45:00,24.261,24.309,24.261,24.309,345,0
2014-05-12,16:15:00,24.319,24.319,24.28,24.28,1396,0
2014-05-12,16:25:00,24.28,24.28,24.28,24.28,2393,0
2014-05-12,18:25:00,24.309,24.309,24.309,24.309,209,0
2014-05-13,15:35:00,24.492,24.492,24.492,24.492,612,0
2014-05-13,18:40:00,24.28,24.28,24.28,24.28,103,0
2014-05-13,18:45:00,24.28,24.28,24.28,24.28,1145,0
2014-05-13,19:25:00,24.377,24.396,24.309,24.328,1769,0
2014-05-13,19:30:00,24.309,24.309,24.3,24.3,312,0
2014-05-13,22:00:00,24.29,24.29,24.271,24.271,571,0
2014-05-14,17:30:00,24.328,24.328,24.328,24.328,209,0
2014-05-14,17:50:00,24.338,24.338,24.338,24.338,415,0
2014-05-14,17:55:00,24.357,24.357,24.357,24.357,415,0
2014-05-14,18:05:00,24.29,24.29,24.29,24.29,103,0
2014-05-14,19:15:00,24.328,24.328,24.328,24.328,209,0
2014-05-14,21:50:00,24.29,24.328,24.28,24.319,1663,0
2014-05-14,22:00:00,24.29,24.29,24.28,24.28,209,0
2014-05-15,16:15:00,24.28,24.28,24.28,24.28,853,0
2014-05-15,18:25:00,24.357,24.357,24.338,24.338,1663,0
2014-05-15,18:45:00,24.357,24.357,24.357,24.357,404,0
2014-05-15,19:05:00,24.309,24.309,24.309,24.309,521,0
2014-05-15,19:45:00,24.357,24.357,24.357,24.357,209,0
2014-05-15,21:35:00,24.309,24.309,24.28,24.28,415,0
2014-05-16,18:05:00,24.347,24.347,24.347,24.347,103,0
2014-05-16,18:10:00,24.319,24.377,24.319,24.377,7904,0
2014-05-16,18:15:00,24.377,24.424,24.367,24.405,8709,0
2014-05-16,18:20:00,24.386,24.396,24.386,24.386,1560,0
2014-05-16,18:40:00,24.405,24.405,24.377,24.405,6125,0
2014-05-16,18:45:00,24.405,24.454,24.377,24.454,7757,0
2014-05-16,18:50:00,24.454,24.454,24.454,24.454,1560,0
2014-05-16,18:55:00,24.405,24.424,24.405,24.424,480,0
2014-05-16,19:25:00,24.454,24.454,24.454,24.454,624,0
2014-05-19,17:40:00,24.386,24.386,24.386,24.386,192,0
2014-05-20,16:00:00,24.415,24.415,24.415,24.415,1039,0
2014-05-20,21:20:00,24.636,24.645,24.636,24.645,624,0
2014-05-20,22:00:00,24.424,24.424,24.424,24.424,123,0
2014-05-21,21:15:00,24.521,24.521,24.521,24.521,1039,0
2014-05-21,21:50:00,24.357,24.405,24.357,24.405,1039,0
2014-05-22,21:15:00,24.511,24.511,24.511,24.511,624,0
2014-05-23,18:45:00,24.511,24.511,24.511,24.511,261,0
2014-05-23,20:40:00,24.463,24.463,24.463,24.463,209,0
2014-05-27,16:50:00,24.424,24.424,24.424,24.424,2174,0
2014-05-27,17:05:00,24.377,24.377,24.377,24.377,259,0
2014-05-27,20:10:00,24.608,24.608,24.608,24.608,2032,0
2014-05-27,20:15:00,24.608,24.608,24.608,24.608,103,0
2014-05-28,21:20:00,24.386,24.386,24.386,24.386,312,0
2014-05-29,17:20:00,24.434,24.434,24.434,24.434,380,0
2014-05-29,17:55:00,24.386,24.386,24.386,24.386,103,0
2014-05-29,18:05:00,24.424,24.424,24.424,24.424,917,0
2014-05-29,19:00:00,24.424,24.424,24.424,24.424,103,0
2014-05-29,19:15:00,24.472,24.608,24.472,24.608,3522,0
2014-05-29,19:50:00,24.511,24.511,24.511,24.511,312,0
2014-05-29,21:40:00,24.472,24.472,24.472,24.472,103,0
2014-05-29,21:55:00,24.472,24.472,24.472,24.472,624,0
2014-05-30,16:15:00,24.482,24.482,24.482,24.482,1170,0
2014-05-30,16:55:00,24.511,24.511,24.511,24.511,260,0
2014-05-30,17:05:00,24.511,24.511,24.511,24.511,415,0
2014-06-02,17:50:00,24.531,24.531,24.531,24.531,245,0
2014-06-02,18:10:00,24.531,24.531,24.531,24.531,245,0
2014-06-02,21:45:00,24.531,24.531,24.531,24.531,245,0
2014-06-03,16:10:00,24.482,24.482,24.482,24.482,624,0
2014-06-03,21:50:00,24.511,24.511,24.511,24.511,312,0
2014-06-04,16:50:00,24.501,24.559,24.492,24.521,3328,0
2014-06-04,16:55:00,24.511,24.521,24.492,24.511,1560,0
2014-06-04,17:00:00,24.501,24.559,24.492,24.501,833,0
2014-06-04,17:05:00,24.54,24.559,24.521,24.521,1145,0
2014-06-04,17:10:00,24.511,24.511,24.472,24.482,1250,0
2014-06-04,17:15:00,24.472,24.492,24.367,24.367,2279,0
2014-06-04,17:20:00,24.396,24.396,24.386,24.396,1669,0
2014-06-04,17:30:00,24.396,24.396,24.347,24.347,1039,0
2014-06-04,17:35:00,24.347,24.347,24.347,24.347,103,0
2014-06-04,18:05:00,24.29,24.29,24.29,24.29,624,0
2014-06-04,18:10:00,24.29,24.29,24.29,24.29,624,0
2014-06-04,18:45:00,24.29,24.29,24.29,24.29,103,0
2014-06-04,19:00:00,24.29,24.29,24.29,24.29,624,0
2014-06-04,21:00:00,24.434,24.434,24.434,24.434,1039,0
2014-06-04,21:35:00,24.3,24.347,24.29,24.347,5073,0
2014-06-04,22:00:00,24.3,24.3,24.3,24.3,103,0
2014-06-05,18:15:00,24.328,24.328,24.328,24.328,103,0
2014-06-05,18:35:00,24.319,24.319,24.3,24.3,1457,0
2014-06-05,20:20:00,24.309,24.309,24.309,24.309,712,0
2014-06-05,21:15:00,24.328,24.328,24.328,24.328,624,0
2014-06-05,21:35:00,24.338,24.338,24.328,24.328,624,0
2014-06-05,22:00:00,24.3,24.3,24.3,24.3,840,0
2014-06-06,15:50:00,24.328,24.328,24.328,24.328,624,0
2014-06-06,15:55:00,24.328,24.328,24.328,24.328,493,0
2014-06-06,16:35:00,24.328,24.328,24.328,24.328,415,0
2014-06-06,16:45:00,24.347,24.347,24.347,24.347,468,0
2014-06-06,20:30:00,24.472,24.482,24.472,24.482,833,0
2014-06-06,21:00:00,24.424,24.424,24.424,24.424,312,0
2014-06-09,15:45:00,24.424,24.424,24.424,24.424,209,0
2014-06-09,18:15:00,24.531,24.531,24.531,24.531,521,0
2014-06-09,18:30:00,24.463,24.463,24.463,24.463,389,0
2014-06-09,19:55:00,24.424,24.424,24.424,24.424,259,0
2014-06-09,20:00:00,24.377,24.377,24.377,24.377,209,0
2014-06-09,22:00:00,24.377,24.377,24.377,24.377,103,0
2014-06-10,17:20:00,24.415,24.415,24.415,24.415,400,0
2014-06-10,19:10:00,24.377,24.377,24.367,24.377,1975,0
2014-06-10,20:55:00,24.377,24.377,24.377,24.377,312,0
2014-06-11,20:35:00,24.328,24.328,24.328,24.328,208,0
2014-06-12,15:35:00,24.417,24.417,24.417,24.417,102,0
2014-06-12,15:45:00,24.427,24.427,24.427,24.427,102,0
2014-06-12,16:20:00,24.475,24.475,24.475,24.475,308,0
2014-06-12,16:25:00,24.447,24.447,24.447,24.447,102,0
2014-06-12,16:50:00,24.466,24.466,24.466,24.466,410,0
2014-06-12,18:10:00,24.437,24.437,24.437,24.437,206,0
2014-06-12,18:20:00,24.447,24.466,24.447,24.466,2156,0
2014-06-12,18:25:00,24.466,24.466,24.466,24.466,3694,0
2014-06-12,18:35:00,24.475,24.475,24.475,24.475,102,0
2014-06-12,20:05:00,24.447,24.447,24.447,24.447,206,0
2014-06-12,20:50:00,24.437,24.437,24.437,24.437,410,0
2014-06-13,18:50:00,24.466,24.466,24.466,24.466,206,0
2014-06-13,21:05:00,24.447,24.447,24.447,24.447,1026,0
2014-06-13,21:55:00,24.417,24.417,24.417,24.417,102,0
2014-06-13,22:00:00,24.466,24.466,24.466,24.466,246,0
2014-06-16,15:55:00,24.475,24.475,24.475,24.475,616,0
2014-06-16,18:15:00,24.407,24.407,24.407,24.407,400,0
2014-06-16,19:40:00,24.407,24.457,24.407,24.457,3284,0
2014-06-16,19:50:00,24.466,24.466,24.466,24.466,410,0
2014-06-16,20:00:00,24.475,24.475,24.475,24.475,1129,0
2014-06-16,20:30:00,24.544,24.544,24.544,24.544,514,0
2014-06-16,22:00:00,24.515,24.515,24.515,24.515,2668,0
2014-06-17,21:10:00,24.563,24.563,24.563,24.563,206,0
2014-06-17,21:55:00,24.553,24.553,24.553,24.553,257,0
2014-06-18,15:35:00,24.553,24.553,24.553,24.553,206,0
2014-06-18,16:30:00,24.553,24.563,24.553,24.563,2135,0
2014-06-18,16:35:00,24.563,24.563,24.563,24.563,410,0
2014-06-18,18:20:00,24.563,24.563,24.563,24.563,169,0
2014-06-18,22:00:00,24.553,24.553,24.553,24.553,206,0
2014-06-19,16:25:00,24.437,24.447,24.437,24.447,308,0
2014-06-19,18:15:00,24.495,24.495,24.495,24.495,514,0
2014-06-19,18:30:00,24.515,24.544,24.515,24.544,2156,0
2014-06-19,18:35:00,24.553,24.613,24.553,24.563,4360,0
2014-06-19,18:55:00,24.709,24.709,24.709,24.709,407,0
2014-06-20,15:35:00,24.525,24.525,24.525,24.525,308,0
2014-06-20,21:50:00,24.515,24.515,24.495,24.495,748,0
2014-06-23,15:50:00,24.535,24.535,24.535,24.535,1001,0
2014-06-23,16:40:00,24.553,24.553,24.553,24.553,102,0
2014-06-23,19:00:00,24.466,24.475,24.466,24.475,924,0
2014-06-23,20:25:00,24.749,24.749,24.749,24.749,1026,0
2014-06-23,21:45:00,24.661,24.661,24.661,24.661,102,0
2014-06-23,21:50:00,24.641,24.641,24.641,24.641,102,0
2014-06-24,19:00:00,24.759,24.759,24.759,24.759,375,0
2014-06-24,21:30:00,24.749,24.749,24.749,24.749,206,0
2014-06-24,22:00:00,24.749,24.749,24.749,24.749,102,0
2014-06-25,17:20:00,24.749,24.749,24.729,24.729,1334,0
2014-06-25,18:35:00,24.749,24.749,24.749,24.749,206,0
2014-06-25,20:15:00,24.573,24.573,24.573,24.573,211,0
2014-06-25,21:00:00,24.525,24.544,24.515,24.515,2022,0
2014-06-25,21:15:00,24.535,24.535,24.535,24.535,102,0
2014-06-25,22:00:00,24.553,24.553,24.553,24.553,102,0
2014-06-26,16:25:00,24.603,24.603,24.603,24.603,102,0
2014-06-26,19:00:00,24.553,24.553,24.553,24.553,102,0
2014-06-26,22:00:00,24.544,24.544,24.544,24.544,206,0
2014-06-27,18:30:00,24.603,24.613,24.603,24.613,1334,0
2014-06-27,19:15:00,24.641,24.641,24.641,24.641,410,0
2014-06-27,20:30:00,24.641,24.641,24.641,24.641,308,0
2014-06-30,15:40:00,24.641,24.641,24.641,24.641,616,0
2014-06-30,16:20:00,24.739,24.739,24.739,24.739,514,0
2014-06-30,17:25:00,24.525,24.603,24.505,24.505,1129,0
2014-06-30,18:10:00,24.709,24.709,24.709,24.709,203,0
2014-06-30,20:25:00,24.709,24.709,24.709,24.709,141,0
2014-06-30,22:00:00,24.515,24.515,24.515,24.515,102,0
2014-07-01,15:40:00,24.651,24.651,24.651,24.651,508,0
2014-07-01,15:45:00,24.651,24.651,24.651,24.651,698,0
2014-07-02,16:05:00,24.641,24.641,24.641,24.641,297,0
2014-07-02,17:25:00,24.671,24.671,24.671,24.671,102,0
2014-07-02,17:30:00,24.544,24.544,24.544,24.544,514,0
2014-07-02,17:40:00,24.505,24.535,24.505,24.535,718,0
2014-07-02,22:00:00,24.525,24.525,24.525,24.525,718,0
2014-07-07,15:50:00,24.553,24.553,24.553,24.553,4208,0
2014-07-07,16:15:00,24.553,24.553,24.553,24.553,308,0
2014-07-07,17:05:00,24.553,24.553,24.553,24.553,102,0
2014-07-07,19:25:00,24.553,24.553,24.553,24.553,206,0
2014-07-08,17:30:00,24.603,24.603,24.603,24.603,616,0
2014-07-08,20:30:00,24.613,24.613,24.603,24.603,616,0
2014-07-08,20:35:00,24.603,24.603,24.603,24.603,102,0
2014-07-08,20:50:00,24.613,24.613,24.613,24.613,1540,0
2014-07-08,21:10:00,24.613,24.613,24.603,24.603,1058,0
2014-07-08,21:35:00,24.603,24.603,24.603,24.603,822,0
2014-07-09,15:40:00,24.943,24.943,24.943,24.943,203,0
2014-07-09,15:45:00,24.846,24.846,24.846,24.846,3490,0
2014-07-09,16:40:00,24.661,24.661,24.661,24.661,1540,0
2014-07-09,18:20:00,24.661,24.661,24.661,24.661,1816,0
2014-07-09,20:00:00,24.622,24.622,24.613,24.613,375,0
2014-07-09,21:40:00,24.671,24.749,24.671,24.69,8724,0
2014-07-09,21:45:00,24.681,24.729,24.681,24.709,6979,0
2014-07-09,21:50:00,24.729,24.729,24.729,24.729,718,0
2014-07-10,15:35:00,24.671,24.69,24.671,24.69,308,0
2014-07-10,15:40:00,24.699,24.846,24.69,24.777,3387,0
2014-07-10,15:45:00,24.768,24.797,24.729,24.729,2838,0
2014-07-10,16:20:00,25.031,25.207,25.021,25.207,2176,0
2014-07-10,17:40:00,25.129,25.129,25.119,25.119,472,0
2014-07-10,18:30:00,24.729,24.729,24.729,24.729,822,0
2014-07-10,18:55:00,24.895,24.895,24.895,24.895,120,0
2014-07-11,17:00:00,24.709,24.709,24.709,24.709,512,0
2014-07-14,17:00:00,24.943,24.943,24.943,24.943,102,0
2014-07-14,17:30:00,24.933,24.933,24.933,24.933,102,0
2014-07-14,18:00:00,24.787,24.787,24.787,24.787,102,0
2014-07-14,18:35:00,24.895,24.895,24.895,24.895,206,0
2014-07-14,19:05:00,24.895,24.895,24.895,24.895,206,0
2014-07-14,19:40:00,24.895,24.895,24.895,24.895,102,0
2014-07-14,20:15:00,24.923,24.923,24.923,24.923,102,0
2014-07-14,20:25:00,24.709,24.709,24.709,24.709,400,0
2014-07-14,20:45:00,24.895,24.895,24.895,24.895,102,0
2014-07-14,21:20:00,24.905,24.905,24.905,24.905,102,0
2014-07-14,21:40:00,24.768,24.768,24.768,24.768,1232,0
2014-07-14,22:00:00,24.933,24.933,24.933,24.933,162,0
2014-07-15,18:50:00,24.641,24.641,24.641,24.641,514,0
2014-07-15,19:25:00,24.915,24.915,24.915,24.915,975,0
2014-07-16,16:05:00,24.943,24.943,24.943,24.943,206,0
2014-07-16,17:00:00,24.943,24.943,24.943,24.943,591,0
2014-07-16,17:15:00,24.846,24.846,24.846,24.846,1668,0
2014-07-16,17:40:00,24.943,24.943,24.943,24.943,206,0
2014-07-16,22:00:00,24.943,24.943,24.943,24.943,102,0
2014-07-17,16:25:00,24.777,24.777,24.777,24.777,1848,0
2014-07-17,17:45:00,25.089,25.139,25.089,25.139,1711,0
2014-07-18,20:50:00,24.777,24.777,24.777,24.777,514,0
2014-07-21,19:00:00,24.807,24.807,24.807,24.807,154,0
2014-07-21,20:25:00,24.943,24.943,24.943,24.943,4721,0
2014-07-21,20:30:00,25.577,25.577,25.577,25.577,424,0
2014-07-22,17:15:00,25.109,25.109,25.109,25.109,206,0
2014-07-22,18:10:00,25.109,25.109,25.109,25.109,1026,0
2014-07-23,15:35:00,25.323,25.323,25.323,25.323,206,0
2014-07-23,21:05:00,25.089,25.139,25.089,25.139,1436,0
2014-07-23,21:50:00,25.139,25.323,25.139,25.323,596,0
2014-07-29,15:45:00,24.865,24.865,24.865,24.865,206,0
2014-07-29,16:20:00,24.827,24.827,24.827,24.827,1436,0
2014-07-29,21:15:00,25.265,25.265,25.265,25.265,1436,0
2014-07-30,17:20:00,24.895,24.895,24.895,24.895,102,0
2014-07-30,19:20:00,24.905,24.905,24.905,24.905,949,0
2014-07-30,20:10:00,24.943,24.943,24.943,24.943,616,0
2014-07-31,15:35:00,24.895,24.895,24.895,24.895,206,0
2014-08-01,17:30:00,24.846,24.846,24.846,24.846,410,0
2014-08-01,20:10:00,24.875,24.875,24.846,24.846,924,0
2014-08-04,15:35:00,24.817,24.817,24.817,24.817,770,0
2014-08-04,20:00:00,24.777,24.817,24.777,24.817,1110,0
2014-08-04,20:05:00,24.777,24.777,24.777,24.777,290,0
2014-08-04,22:00:00,24.797,24.797,24.797,24.797,616,0
2014-08-05,17:15:00,25.061,25.061,25.061,25.061,402,0
2014-08-05,18:25:00,25.119,25.119,25.119,25.119,226,0
2014-08-05,18:45:00,24.777,24.777,24.777,24.777,102,0
2014-08-06,17:00:00,25.051,25.129,25.051,25.129,998,0
2014-08-07,16:50:00,24.817,24.827,24.817,24.827,308,0
2014-08-07,20:55:00,24.837,24.846,24.837,24.846,616,0
2014-08-07,21:40:00,24.846,24.846,24.846,24.846,206,0
2014-08-08,21:40:00,24.905,24.905,24.905,24.905,206,0
2014-08-08,21:50:00,24.895,24.895,24.895,24.895,206,0
2014-08-11,16:20:00,24.993,24.993,24.993,24.993,514,0
2014-08-11,16:30:00,24.855,24.855,24.855,24.855,308,0
2014-08-11,19:05:00,24.905,24.905,24.905,24.905,102,0
2014-08-11,19:10:00,24.895,24.895,24.895,24.895,102,0
2014-08-11,19:45:00,24.855,24.855,24.855,24.855,616,0
2014-08-11,20:40:00,24.846,24.875,24.787,24.875,1334,0
2014-08-11,20:45:00,24.875,24.875,24.875,24.875,1026,0
2014-08-11,20:50:00,24.943,24.953,24.895,24.953,1436,0
2014-08-11,20:55:00,24.973,25.011,24.943,24.943,2360,0
2014-08-11,21:00:00,24.993,24.993,24.993,24.993,718,0
2014-08-11,21:05:00,24.865,24.885,24.865,24.885,514,0
2014-08-11,21:10:00,24.915,24.915,24.905,24.905,410,0
2014-08-12,16:55:00,24.787,24.787,24.787,24.787,206,0
2014-08-12,21:45:00,24.963,24.963,24.963,24.963,206,0
2014-08-12,22:00:00,24.768,24.768,24.768,24.768,335,0
2014-08-13,21:20:00,24.817,24.817,24.817,24.817,256,0
2014-08-13,21:55:00,24.797,24.797,24.797,24.797,103,0
2014-08-13,22:00:00,24.953,24.953,24.953,24.953,616,0
2014-08-15,17:15:00,24.807,24.807,24.807,24.807,410,0
2014-08-15,19:50:00,24.797,24.797,24.797,24.797,206,0
2014-08-15,21:00:00,24.797,24.797,24.797,24.797,103,0
2014-08-15,22:00:00,24.807,24.807,24.797,24.797,410,0
2014-08-18,17:10:00,24.787,24.787,24.787,24.787,206,0
2014-08-18,17:25:00,24.943,24.943,24.943,24.943,410,0
2014-08-18,21:55:00,24.777,24.777,24.777,24.777,102,0
2014-08-19,17:00:00,24.837,24.837,24.837,24.837,206,0
2014-08-19,18:10:00,24.787,24.787,24.777,24.777,410,0
2014-08-20,18:30:00,24.797,24.797,24.797,24.797,206,0
2014-08-20,19:45:00,24.846,24.846,24.846,24.846,616,0
2014-08-20,21:40:00,24.875,24.885,24.875,24.885,1340,0
2014-08-21,17:30:00,24.875,24.875,24.875,24.875,206,0
2014-08-21,18:55:00,24.777,24.777,24.777,24.777,206,0
2014-08-21,19:50:00,24.759,24.759,24.759,24.759,206,0
2014-08-21,22:00:00,24.759,24.759,24.759,24.759,206,0
2014-08-22,17:00:00,24.807,24.807,24.807,24.807,124,0
2014-08-22,20:15:00,24.865,24.865,24.865,24.865,514,0
2014-08-25,16:30:00,24.797,24.865,24.797,24.865,514,0
2014-08-25,18:55:00,24.846,24.875,24.846,24.875,1026,0
2014-08-25,20:35:00,24.807,24.807,24.807,24.807,206,0
2014-08-26,15:35:00,25.089,25.089,25.089,25.089,201,0
2014-08-26,19:35:00,25.061,25.061,25.061,25.061,256,0
2014-08-26,20:35:00,24.943,24.943,24.943,24.943,102,0
2014-08-27,17:00:00,25.089,25.089,25.089,25.089,102,0
2014-08-27,17:35:00,25.079,25.079,25.071,25.071,790,0
2014-08-27,20:20:00,24.963,24.963,24.963,24.963,288,0
2014-08-27,20:50:00,25.079,25.079,25.079,25.079,410,0
2014-08-28,17:35:00,24.973,24.973,24.963,24.963,1026,0
2014-08-29,15:50:00,25.079,25.079,25.079,25.079,2258,0
2014-08-29,16:45:00,24.963,24.963,24.855,24.855,1540,0
2014-08-29,17:45:00,24.865,24.865,24.855,24.855,514,0
2014-09-02,20:30:00,25.021,25.021,25.021,25.021,616,0
2014-09-02,20:50:00,24.827,24.827,24.827,24.827,410,0
2014-09-02,21:10:00,25.051,25.061,25.051,25.061,1026,0
2014-09-02,21:45:00,24.797,24.797,24.797,24.797,410,0
2014-09-04,20:45:00,25.079,25.079,25.079,25.079,102,0
2014-09-05,16:50:00,24.915,24.973,24.915,24.943,1724,0
2014-09-05,17:45:00,24.875,24.875,24.875,24.875,206,0
2014-09-05,19:05:00,25.011,25.011,25.011,25.011,206,0
2014-09-08,15:55:00,24.855,24.855,24.855,24.855,410,0
2014-09-09,16:40:00,24.875,24.875,24.855,24.875,822,0
2014-09-09,17:00:00,25.021,25.021,25.021,25.021,206,0
2014-09-10,18:25:00,24.963,24.963,24.953,24.953,307,0
2014-09-11,15:40:00,25.011,25.011,25.011,25.011,102,0
2014-09-11,17:25:00,24.915,24.915,24.915,24.915,206,0
2014-09-11,18:05:00,24.865,24.865,24.865,24.865,616,0
2014-09-11,18:15:00,24.865,24.865,24.855,24.865,1125,0
2014-09-11,22:00:00,24.905,24.905,24.905,24.905,102,0
2014-09-12,15:50:00,25.074,25.074,25.074,25.074,836,0
2014-09-12,18:20:00,25.004,25.004,25.004,25.004,821,0
2014-09-15,15:35:00,25.37,25.37,25.37,25.37,101,0
2014-09-15,16:15:00,25.202,25.202,25.172,25.172,304,0
2014-09-15,16:20:00,25.162,25.172,25.162,25.162,709,0
2014-09-15,16:25:00,25.123,25.182,25.123,25.182,507,0
2014-09-15,18:45:00,25.123,25.123,25.123,25.123,3039,0
2014-09-16,16:05:00,24.925,24.925,24.925,24.925,101,0
2014-09-16,18:00:00,24.965,24.965,24.965,24.965,304,0
2014-09-16,18:20:00,25.074,25.222,25.074,25.222,709,0
2014-09-16,18:25:00,25.074,25.202,25.074,25.172,2026,0
2014-09-16,18:30:00,25.271,25.271,25.123,25.123,1634,0
2014-09-16,18:35:00,25.212,25.212,25.074,25.172,912,0
2014-09-16,18:50:00,25.074,25.074,25.024,25.024,1621,0
2014-09-16,19:05:00,25.024,25.024,25.024,25.024,304,0
2014-09-16,19:25:00,25.024,25.024,24.975,24.975,608,0
2014-09-16,21:45:00,24.935,24.935,24.935,24.935,405,0
2014-09-17,21:15:00,25.202,25.212,25.202,25.212,810,0
2014-09-17,21:25:00,25.054,25.103,25.054,25.074,1114,0
2014-09-17,21:35:00,24.935,24.935,24.935,24.935,101,0
2014-09-17,21:55:00,25.152,25.152,25.152,25.152,1013,0
2014-09-18,21:20:00,24.985,24.985,24.975,24.985,709,0
2014-09-18,21:50:00,24.975,24.975,24.965,24.965,203,0
2014-09-18,22:00:00,24.955,24.955,24.955,24.955,101,0
2014-09-19,21:35:00,24.955,25.093,24.935,24.935,1013,0
2014-09-19,22:00:00,24.945,24.945,24.935,24.935,304,0
2014-09-22,17:10:00,24.925,24.925,24.925,24.925,365,0
2014-09-22,21:35:00,25.044,25.044,25.044,25.044,203,0
2014-09-23,16:55:00,24.935,24.935,24.925,24.925,1876,0
2014-09-23,17:45:00,24.925,24.925,24.925,24.925,203,0
2014-09-23,20:00:00,24.886,24.886,24.886,24.886,203,0
2014-09-23,20:40:00,24.925,24.925,24.925,24.925,101,0
2014-09-23,21:50:00,24.925,24.925,24.925,24.925,1013,0
2014-09-24,17:10:00,24.896,24.896,24.896,24.896,101,0
2014-09-24,20:30:00,24.925,24.925,24.925,24.925,1013,0
2014-09-24,21:40:00,24.916,24.925,24.906,24.925,1621,0
2014-09-24,21:45:00,24.935,24.935,24.896,24.896,1216,0
2014-09-24,21:50:00,24.886,24.886,24.886,24.886,507,0
2014-09-26,16:35:00,25.014,25.014,25.014,25.014,431,0
2014-09-26,17:40:00,24.837,24.837,24.837,24.837,278,0
2014-09-26,21:10:00,24.916,24.916,24.837,24.837,203,0
2014-09-29,16:05:00,24.876,24.876,24.876,24.876,101,0
2014-09-29,16:35:00,24.925,24.925,24.925,24.925,203,0
2014-09-29,17:25:00,24.916,24.916,24.876,24.916,1520,0
2014-09-29,17:30:00,24.925,24.985,24.925,24.985,1317,0
2014-09-29,17:35:00,24.995,25.024,24.985,25.024,1520,0
2014-09-29,17:40:00,24.975,25.004,24.975,25.004,1216,0
2014-09-29,17:45:00,24.955,24.995,24.955,24.955,304,0
2014-09-29,17:50:00,24.995,24.995,24.995,24.995,507,0
2014-09-29,18:00:00,24.995,24.995,24.965,24.965,2675,0
2014-09-29,18:40:00,24.935,24.935,24.935,24.935,2634,0
2014-09-29,19:00:00,24.935,24.935,24.935,24.935,101,0
2014-09-29,20:05:00,24.935,24.935,24.935,24.935,176,0
2014-09-30,16:25:00,24.975,24.975,24.965,24.965,507,0
2014-09-30,16:30:00,24.985,24.985,24.985,24.985,304,0
2014-09-30,17:20:00,24.985,24.985,24.985,24.985,203,0
2014-09-30,21:05:00,24.995,24.995,24.995,24.995,203,0
2014-10-01,15:35:00,25.123,25.123,25.123,25.123,2083,0
2014-10-01,19:45:00,25.093,25.093,25.093,25.093,203,0
2014-10-01,21:55:00,24.906,24.906,24.906,24.906,101,0
2014-10-02,16:05:00,25.103,25.103,25.103,25.103,790,0
2014-10-02,17:20:00,25.113,25.113,25.113,25.113,203,0
2014-10-06,15:40:00,25.074,25.074,25.074,25.074,225,0
2014-10-06,17:15:00,25.133,25.133,25.103,25.103,1735,0
2014-10-06,17:40:00,25.123,25.123,25.123,25.123,253,0
2014-10-06,17:50:00,25.133,25.162,25.133,25.133,645,0
2014-10-06,19:50:00,25.172,25.172,25.172,25.172,405,0
2014-10-06,20:05:00,25.172,25.172,25.172,25.172,1823,0
2014-10-06,22:00:00,25.103,25.103,25.103,25.103,101,0
2014-10-07,21:10:00,25.172,25.172,25.172,25.172,203,0
2014-10-07,21:25:00,25.172,25.172,25.172,25.172,101,0
2014-10-08,17:00:00,24.965,24.965,24.965,24.965,709,0
2014-10-08,21:25:00,25.271,25.271,25.271,25.271,507,0
2014-10-09,17:00:00,25.083,25.083,25.083,25.083,203,0
2014-10-10,17:10:00,24.985,24.985,24.985,24.985,203,0
2014-10-10,19:45:00,25.074,25.074,25.074,25.074,223,0
2014-10-13,17:25:00,25.064,25.172,25.054,25.172,912,0
2014-10-13,17:30:00,25.281,25.281,25.281,25.281,203,0
2014-10-13,17:35:00,25.271,25.301,25.271,25.301,608,0
2014-10-13,18:05:00,25.054,25.113,25.054,25.113,709,0
2014-10-13,18:25:00,25.182,25.182,25.182,25.182,203,0
2014-10-13,19:05:00,25.389,25.389,25.389,25.389,101,0
2014-10-13,19:10:00,25.449,25.449,25.449,25.449,101,0
2014-10-13,21:50:00,25.172,25.172,25.172,25.172,203,0
2014-10-14,16:55:00,25.103,25.103,25.103,25.103,243,0
2014-10-14,19:25:00,24.975,24.975,24.975,24.975,193,0
2014-10-14,20:00:00,24.985,24.985,24.985,24.985,189,0
2014-10-15,15:45:00,25.014,25.014,25.004,25.004,405,0
2014-10-15,17:00:00,25.014,25.014,24.827,24.995,2175,0
2014-10-15,20:05:00,24.906,24.906,24.876,24.876,608,0
2014-10-15,21:50:00,24.886,24.886,24.886,24.886,193,0
2014-10-15,22:00:00,25.024,25.024,24.876,24.876,304,0
2014-10-16,15:45:00,25.064,25.064,25.064,25.064,405,0
2014-10-16,16:05:00,24.896,24.896,24.896,24.896,600,0
2014-10-16,19:25:00,24.896,24.945,24.896,24.945,574,0
2014-10-16,20:45:00,25.024,25.034,25.024,25.034,507,0
2014-10-16,20:50:00,25.004,25.004,25.004,25.004,101,0
2014-10-16,20:55:00,24.975,24.985,24.975,24.985,203,0
2014-10-16,21:00:00,24.955,24.955,24.955,24.955,203,0
2014-10-17,19:55:00,25.172,25.172,25.133,25.133,405,0
2014-10-20,16:00:00,24.935,25.162,24.916,24.916,608,0
2014-10-20,17:25:00,24.955,24.955,24.955,24.955,233,0
2014-10-20,18:20:00,25.083,25.083,25.083,25.083,101,0
2014-10-20,20:10:00,24.995,24.995,24.995,24.995,1621,0
2014-10-20,20:50:00,25.152,25.152,25.093,25.093,297,0
2014-10-21,16:10:00,25.014,25.014,25.014,25.014,101,0
2014-10-21,16:15:00,24.965,24.965,24.965,24.965,1317,0
2014-10-22,15:35:00,25.014,25.014,25.014,25.014,365,0
2014-10-22,16:15:00,24.985,24.985,24.975,24.975,203,0
2014-10-22,16:20:00,24.955,24.955,24.945,24.945,338,0
2014-10-22,17:25:00,24.945,24.945,24.935,24.945,2136,0
2014-10-22,17:50:00,25.074,25.074,25.074,25.074,101,0
2014-10-22,17:55:00,25.083,25.083,25.083,25.083,304,0
2014-10-22,21:15:00,24.945,24.945,24.945,24.945,454,0
2014-10-22,21:25:00,24.945,24.945,24.945,24.945,365,0
2014-10-22,21:45:00,24.975,24.975,24.975,24.975,810,0
2014-10-22,21:55:00,24.945,24.945,24.945,24.945,304,0
2014-10-22,22:00:00,24.935,24.935,24.935,24.935,101,0
2014-10-23,16:45:00,24.995,24.995,24.995,24.995,101,0
2014-10-23,17:05:00,24.955,24.975,24.935,24.935,2942,0
2014-10-23,18:35:00,24.935,24.935,24.925,24.925,826,0
2014-10-23,18:40:00,24.876,24.886,24.876,24.886,405,0
2014-10-23,19:35:00,24.876,24.876,24.876,24.876,203,0
2014-10-24,18:40:00,24.965,24.965,24.965,24.965,101,0
2014-10-24,20:15:00,24.945,24.945,24.945,24.945,405,0
2014-10-24,21:05:00,24.945,24.945,24.945,24.945,110,0
2014-10-24,21:15:00,24.985,24.995,24.985,24.995,2757,0
2014-10-24,21:20:00,24.925,24.925,24.925,24.925,782,0
2014-10-27,15:10:00,24.906,24.906,24.906,24.906,101,0
2014-10-27,15:50:00,24.935,24.935,24.935,24.935,450,0
2014-10-27,15:55:00,24.985,24.985,24.985,24.985,101,0
2014-10-27,17:00:00,24.906,24.906,24.906,24.906,658,0
2014-10-27,17:25:00,24.975,24.975,24.975,24.975,405,0
2014-10-27,18:35:00,24.935,24.935,24.925,24.925,1013,0
2014-10-27,18:50:00,24.935,24.935,24.935,24.935,304,0
2014-10-28,15:15:00,24.916,24.916,24.906,24.906,1520,0
2014-10-28,16:45:00,24.975,24.975,24.955,24.965,2127,0
2014-10-28,17:15:00,24.965,24.975,24.965,24.975,1378,0
2014-10-28,17:30:00,24.975,24.975,24.975,24.975,405,0
2014-10-28,19:20:00,24.995,25.074,24.985,25.074,3630,0
2014-10-29,15:15:00,25.093,25.093,25.093,25.093,198,0
2014-10-29,19:30:00,25.034,25.034,25.034,25.034,253,0
2014-10-29,21:00:00,24.985,24.985,24.985,24.985,203,0
2014-10-30,15:10:00,24.975,24.985,24.975,24.985,507,0
2014-10-30,16:10:00,25.074,25.074,25.074,25.074,101,0
2014-10-30,17:45:00,25.064,25.064,25.064,25.064,1013,0
2014-10-30,18:55:00,24.975,24.975,24.975,24.975,203,0
2014-10-30,19:00:00,24.975,24.975,24.975,24.975,405,0
2014-10-30,19:05:00,25.074,25.074,25.074,25.074,1013,0
2014-10-30,19:30:00,24.985,25.074,24.985,25.074,1179,0
2014-10-30,20:30:00,24.975,25.004,24.975,24.975,405,0
2014-10-30,20:45:00,24.975,24.975,24.975,24.975,101,0
2014-10-30,20:55:00,24.985,24.985,24.975,24.975,405,0
2014-10-30,21:00:00,24.975,24.975,24.975,24.975,101,0
2014-10-31,15:20:00,24.916,24.916,24.916,24.916,203,0
2014-10-31,15:50:00,25.182,25.182,25.152,25.152,1823,0
2014-10-31,19:25:00,25.113,25.162,25.113,25.162,608,0
2014-10-31,20:00:00,25.133,25.133,25.133,25.133,203,0
2014-10-31,20:50:00,25.113,25.113,25.113,25.113,405,0
2014-11-03,17:00:00,25.024,25.024,25.024,25.024,507,0
2014-11-03,21:15:00,25.123,25.123,25.123,25.123,101,0
2014-11-03,21:30:00,25.123,25.123,25.123,25.123,218,0
2014-11-04,19:10:00,25.152,25.152,25.152,25.152,397,0
2014-11-04,20:40:00,25.172,25.172,25.172,25.172,608,0
2014-11-05,16:05:00,25.162,25.172,25.162,25.172,203,0
2014-11-05,16:50:00,25.172,25.172,25.172,25.172,203,0
2014-11-05,17:35:00,25.172,25.172,25.172,25.172,101,0
2014-11-05,17:45:00,25.162,25.162,25.162,25.162,203,0
2014-11-05,19:10:00,25.162,25.162,25.162,25.162,203,0
2014-11-05,20:45:00,25.162,25.162,25.162,25.162,101,0
2014-11-05,21:20:00,25.172,25.172,25.172,25.172,507,0
2014-11-05,21:50:00,25.567,25.567,25.567,25.567,1212,0
2014-11-05,21:55:00,25.537,25.537,25.537,25.537,101,0
2014-11-06,17:30:00,25.251,25.251,25.251,25.251,608,0
2014-11-06,21:25:00,25.449,25.537,25.449,25.537,1216,0
2014-11-06,21:45:00,25.083,25.083,25.083,25.083,421,0
2014-11-07,17:20:00,25.044,25.044,25.044,25.044,3728,0
2014-11-10,16:00:00,25.626,25.646,25.626,25.646,405,0
2014-11-10,16:50:00,25.646,25.666,25.567,25.656,1925,0
2014-11-10,17:20:00,25.518,25.518,25.518,25.518,405,0
2014-11-10,17:25:00,25.666,25.666,25.666,25.666,101,0
2014-11-10,18:30:00,25.281,25.429,25.271,25.429,1216,0
2014-11-10,19:00:00,25.251,25.251,25.251,25.251,228,0
2014-11-10,19:25:00,25.666,25.666,25.666,25.666,101,0
2014-11-10,21:30:00,25.646,25.646,25.646,25.646,101,0
2014-11-11,17:45:00,25.636,25.636,25.636,25.636,279,0
2014-11-11,21:20:00,25.429,25.429,25.429,25.429,101,0
2014-11-11,22:00:00,25.468,25.468,25.468,25.468,101,0
2014-11-12,17:25:00,25.666,25.666,25.666,25.666,405,0
2014-11-12,19:25:00,25.468,25.468,25.468,25.468,279,0
2014-11-12,21:25:00,25.468,25.468,25.468,25.468,1064,0
2014-11-12,21:35:00,25.804,25.804,25.804,25.804,324,0
2014-11-13,17:40:00,25.626,25.626,25.626,25.626,918,0
2014-11-13,19:55:00,25.35,25.35,25.35,25.35,507,0
2014-11-14,15:45:00,25.38,25.38,25.38,25.38,983,0
2014-11-14,18:25:00,25.38,25.38,25.34,25.34,1013,0
2014-11-14,18:30:00,25.34,25.34,25.33,25.33,608,0
2014-11-14,18:35:00,25.34,25.34,25.34,25.34,203,0
2014-11-14,19:50:00,25.33,25.33,25.33,25.33,203,0
2014-11-14,22:00:00,25.33,25.33,25.33,25.33,101,0
2014-11-17,21:35:00,25.33,25.36,25.33,25.36,709,0
2014-11-18,15:40:00,25.38,25.38,25.38,25.38,142,0
2014-11-19,16:10:00,25.33,25.33,25.133,25.133,1018,0
2014-11-19,17:35:00,25.182,25.182,25.182,25.182,203,0
2014-11-19,20:35:00,25.192,25.192,25.182,25.182,304,0
2014-11-19,20:40:00,25.222,25.222,25.222,25.222,192,0
2014-11-19,20:45:00,25.251,25.251,25.212,25.212,304,0
2014-11-20,19:00:00,25.271,25.271,25.271,25.271,507,0
2014-11-20,19:45:00,25.34,25.34,25.34,25.34,203,0
2014-11-20,20:55:00,25.192,25.192,25.143,25.143,405,0
2014-11-20,21:00:00,25.143,25.143,25.143,25.143,101,0
2014-11-20,22:00:00,25.133,25.133,25.133,25.133,101,0
2014-11-21,15:40:00,25.222,25.222,25.222,25.222,273,0
2014-11-24,16:40:00,25.32,25.35,25.32,25.35,608,0
2014-11-24,17:50:00,25.133,25.32,25.133,25.32,709,0
2014-11-24,18:35:00,25.133,25.143,25.133,25.143,952,0
2014-11-25,18:55:00,25.162,25.162,25.162,25.162,355,0
2014-11-25,21:05:00,25.172,25.172,25.172,25.172,203,0
2014-11-26,18:10:00,25.35,25.35,25.33,25.33,608,0
2014-11-26,22:00:00,25.241,25.241,25.231,25.231,203,0
2014-12-01,17:45:00,25.172,25.192,25.172,25.182,507,0
2014-12-01,18:40:00,25.192,25.192,25.004,25.172,6366,0
2014-12-01,19:00:00,25.123,25.123,25.123,25.123,101,0
2014-12-01,22:00:00,25.133,25.133,25.133,25.133,101,0
2014-12-02,15:35:00,25.093,25.093,25.093,25.093,177,0
2014-12-02,16:00:00,25.172,25.172,25.172,25.172,709,0
2014-12-02,17:35:00,25.212,25.212,25.212,25.212,2025,0
2014-12-02,18:30:00,25.123,25.123,25.123,25.123,909,0
2014-12-02,18:35:00,25.123,25.162,25.123,25.162,1111,0
2014-12-02,19:10:00,25.192,25.271,25.192,25.261,849,0
2014-12-02,20:05:00,25.231,25.271,25.231,25.271,3106,0
2014-12-02,20:15:00,25.251,25.261,25.251,25.261,1925,0
2014-12-02,20:45:00,25.271,25.271,25.182,25.271,2291,0
2014-12-02,21:00:00,25.261,25.32,25.182,25.31,4191,0
2014-12-02,21:25:00,25.557,25.557,25.478,25.557,1539,0
2014-12-03,17:25:00,25.281,25.281,25.281,25.281,1818,0
2014-12-03,17:35:00,25.281,25.281,25.281,25.281,304,0
2014-12-03,19:05:00,25.281,25.281,25.281,25.281,1013,0
2014-12-03,21:00:00,25.429,25.429,25.429,25.429,101,0
2014-12-04,17:30:00,25.508,25.547,25.508,25.547,303,0
2014-12-04,18:00:00,25.547,25.547,25.498,25.498,1994,0
2014-12-05,21:45:00,25.547,25.745,25.38,25.557,2633,0
2014-12-08,16:30:00,25.557,25.557,25.557,25.557,203,0
2014-12-08,16:55:00,25.607,25.607,25.607,25.607,608,0
2014-12-08,20:25:00,25.607,25.607,25.607,25.607,254,0
2014-12-08,21:15:00,25.962,25.962,25.962,25.962,503,0
2014-12-09,18:40:00,25.449,25.449,25.449,25.449,202,0
2014-12-09,18:55:00,25.528,25.528,25.528,25.528,243,0
2014-12-09,19:55:00,25.853,25.863,25.853,25.863,202,0
2014-12-10,15:55:00,25.725,25.725,25.725,25.725,405,0
2014-12-10,16:30:00,26.011,26.011,26.011,26.011,101,0
2014-12-10,16:55:00,26.179,26.179,26.159,26.159,202,0
2014-12-10,17:40:00,25.893,25.893,25.725,25.725,993,0
2014-12-10,18:50:00,26.011,26.011,26.011,26.011,203,0
2014-12-10,20:55:00,26.061,26.061,26.061,26.061,203,0
2014-12-10,21:40:00,26.061,26.061,26.061,26.061,202,0
2014-12-10,21:55:00,26.061,26.061,26.061,26.061,101,0
2014-12-10,22:00:00,26.061,26.061,26.061,26.061,101,0
2014-12-11,18:40:00,25.814,25.814,25.814,25.814,304,0
2014-12-11,18:55:00,26.515,26.515,26.515,26.515,101,0
2014-12-11,19:30:00,25.922,25.922,25.922,25.922,101,0
2014-12-11,20:45:00,25.725,25.725,25.725,25.725,507,0
2014-12-12,15:50:00,25.725,25.725,25.725,25.725,304,0
2014-12-12,15:55:00,25.478,25.478,25.449,25.449,911,0
2014-12-12,17:30:00,25.389,25.389,25.38,25.38,404,0
2014-12-12,21:10:00,25.458,25.458,25.458,25.458,303,0
2014-12-12,22:00:00,25.439,25.439,25.439,25.439,101,0
2014-12-15,15:50:00,25.89,25.89,25.75,25.75,400,0
2014-12-15,16:05:00,25.7,25.7,25.7,25.7,100,0
2014-12-15,17:45:00,25.7,25.7,25.7,25.7,1000,0
2014-12-15,18:35:00,25.5,25.5,25.46,25.5,1900,0
2014-12-16,16:30:00,25.37,25.37,25.33,25.33,700,0
2014-12-16,20:20:00,25.49,25.5,25.49,25.5,300,0
2014-12-16,21:15:00,25.34,25.34,25.33,25.33,700,0
2014-12-16,21:55:00,25.48,25.5,25.48,25.5,566,0
2014-12-17,19:20:00,25.28,25.28,25.28,25.28,940,0
2014-12-17,21:10:00,25.49,25.5,25.49,25.5,636,0
2014-12-18,15:35:00,25.39,25.5,25.37,25.37,2000,0
2014-12-18,16:25:00,25.4,25.4,25.4,25.4,1000,0
2014-12-18,16:30:00,25.49,25.5,25.49,25.5,2000,0
2014-12-19,16:10:00,25.34,25.38,25.34,25.38,400,0
2014-12-19,16:20:00,25.34,25.34,25.34,25.34,400,0
2014-12-19,21:05:00,25.4,25.4,25.4,25.4,100,0
2014-12-19,21:45:00,25.43,25.45,25.43,25.45,200,0
2014-12-22,15:40:00,25.5,25.5,25.5,25.5,2600,0
2014-12-22,16:55:00,25.64,25.64,25.64,25.64,141,0
2014-12-22,17:45:00,25.87,25.87,25.87,25.87,1000,0
2014-12-22,19:05:00,25.47,25.52,25.47,25.52,1000,0
2014-12-22,19:30:00,25.46,25.46,25.46,25.46,350,0
2014-12-22,20:20:00,25.46,25.46,25.46,25.46,160,0
2014-12-22,21:15:00,25.92,25.92,25.92,25.92,200,0
2014-12-22,22:00:00,25.72,25.72,25.72,25.72,100,0
2014-12-23,16:35:00,25.84,25.84,25.84,25.84,250,0
2014-12-23,21:45:00,25.57,25.57,25.57,25.57,386,0
2014-12-24,16:20:00,25.39,25.45,25.38,25.45,800,0
2014-12-24,19:00:00,25.38,25.38,25.38,25.38,300,0
2014-12-26,16:00:00,25.81,25.81,25.81,25.81,310,0
2014-12-26,16:35:00,25.85,25.85,25.85,25.85,380,0
2014-12-26,18:45:00,25.4,25.4,25.37,25.37,200,0
2014-12-29,18:35:00,25.37,25.37,25.37,25.37,200,0
2014-12-29,20:20:00,25.52,25.52,25.52,25.52,200,0
2014-12-30,15:50:00,25.5,25.5,25.5,25.5,100,0
2014-12-30,16:10:00,25.5,25.5,25.5,25.5,100,0
2014-12-30,17:00:00,25.37,25.37,25.37,25.37,298,0
2014-12-30,18:30:00,25.39,25.39,25.39,25.39,200,0
2014-12-30,20:55:00,25.41,25.41,25.41,25.41,500,0
2014-12-31,16:40:00,25.65,25.65,25.46,25.46,1000,0
2014-12-31,17:10:00,25.65,25.65,25.65,25.65,603,0
2015-01-02,15:40:00,25.8,25.8,25.8,25.8,2432,0
2015-01-02,21:50:00,25.7,25.7,25.7,25.7,300,0
2015-01-05,16:05:00,25.75,25.75,25.75,25.75,1314,0
2015-01-05,17:35:00,25.6,25.72,25.6,25.72,1000,0
2015-01-05,18:40:00,25.72,25.72,25.72,25.72,1554,0
2015-01-06,20:35:00,25.5,25.5,25.5,25.5,462,0
2015-01-06,20:45:00,25.76,25.76,25.76,25.76,400,0
2015-01-06,21:40:00,25.34,25.34,25.34,25.34,200,0
2015-01-08,15:45:00,25.5,25.5,25.5,25.5,100,0
2015-01-08,19:00:00,25.5,25.5,25.5,25.5,200,0
2015-01-09,16:25:00,25.79,25.79,25.79,25.79,100,0
2015-01-09,17:20:00,25.79,25.79,25.79,25.79,100,0
2015-01-09,18:10:00,25.74,25.74,25.74,25.74,200,0
2015-01-09,20:55:00,25.72,25.72,25.72,25.72,200,0
2015-01-09,21:35:00,25.67,25.67,25.67,25.67,600,0
2015-01-09,22:00:00,25.63,25.65,25.63,25.65,390,0
2015-01-12,16:40:00,25.59,25.59,25.59,25.59,100,0
2015-01-12,16:55:00,25.59,25.59,25.59,25.59,100,0
2015-01-12,19:10:00,25.53,25.53,25.53,25.53,400,0
2015-01-12,20:15:00,25.53,25.53,25.53,25.53,100,0
2015-01-12,20:30:00,25.62,25.63,25.62,25.63,600,0
2015-01-12,21:45:00,25.63,25.63,25.63,25.63,134,0
2015-01-13,17:50:00,25.52,25.79,25.52,25.79,1100,0
2015-01-13,18:55:00,25.79,25.79,25.79,25.79,100,0
2015-01-13,21:00:00,25.78,25.78,25.78,25.78,200,0
2015-01-13,22:00:00,25.84,25.85,25.84,25.85,867,0
2015-01-14,18:25:00,25.86,25.86,25.86,25.86,2199,0
2015-01-14,22:00:00,26.0,26.0,26.0,26.0,531,0
2015-01-16,15:45:00,26.4,26.4,26.3,26.3,435,0
2015-01-16,19:45:00,26.22,26.25,26.22,26.25,1300,0
2015-01-16,21:55:00,26.2,26.2,26.2,26.2,100,0
2015-01-20,15:45:00,26.5,26.5,26.3,26.3,565,0
2015-01-20,17:05:00,26.35,26.35,26.35,26.35,150,0
2015-01-20,20:05:00,26.6,26.6,26.6,26.6,400,0
2015-01-20,20:15:00,26.53,26.53,26.53,26.53,400,0
2015-01-20,20:55:00,26.3,26.3,26.3,26.3,465,0
2015-01-21,15:40:00,26.3,26.3,26.3,26.3,200,0
2015-01-21,16:50:00,26.49,26.49,26.49,26.49,300,0
2015-01-21,19:35:00,26.4,26.4,26.4,26.4,100,0
2015-01-21,20:10:00,26.35,26.35,26.25,26.35,1900,0
2015-01-21,22:00:00,26.25,26.25,26.25,26.25,200,0
2015-01-22,16:40:00,26.4,26.7,26.4,26.7,1000,0
2015-01-22,18:35:00,25.79,25.79,25.79,25.79,239,0
2015-01-22,19:55:00,26.65,26.75,26.65,26.75,1100,0
2015-01-22,20:15:00,26.24,26.24,25.75,25.75,1000,0
2015-01-22,21:30:00,25.78,25.78,25.78,25.78,1000,0
2015-01-23,16:25:00,26.77,26.77,26.77,26.77,300,0
2015-01-26,16:35:00,25.82,25.82,25.77,25.81,600,0
2015-01-26,19:05:00,25.82,25.82,25.82,25.82,500,0
2015-01-27,16:35:00,25.74,25.74,25.74,25.74,300,0
2015-01-27,16:40:00,25.79,25.79,25.79,25.79,100,0
2015-01-27,16:45:00,25.79,25.79,25.79,25.79,400,0
2015-01-27,16:55:00,25.92,25.92,25.92,25.92,100,0
2015-01-27,17:00:00,25.92,25.92,25.91,25.91,300,0
2015-01-27,17:15:00,25.89,25.89,25.89,25.89,100,0
2015-01-27,18:00:00,25.76,25.76,25.76,25.76,200,0
2015-01-27,18:50:00,25.85,25.85,25.85,25.85,100,0
2015-01-27,18:55:00,25.9,25.9,25.78,25.78,500,0
2015-01-27,21:15:00,25.82,25.82,25.82,25.82,100,0
2015-01-27,21:35:00,25.81,25.81,25.81,25.81,520,0
2015-01-28,17:25:00,25.7,25.7,25.64,25.64,1000,0
2015-01-28,19:20:00,25.97,25.97,25.97,25.97,300,0
2015-01-29,21:30:00,25.86,25.86,25.86,25.86,230,0
2015-01-30,16:50:00,25.79,25.79,25.79,25.79,200,0
2015-01-30,18:40:00,25.95,25.95,25.95,25.95,400,0
2015-01-30,20:40:00,26.3,26.31,26.3,26.31,400,0
2015-02-02,19:30:00,25.73,25.73,25.71,25.71,300,0
2015-02-02,19:50:00,25.96,25.96,25.96,25.96,200,0
2015-02-02,20:15:00,25.92,25.92,25.92,25.92,400,0
2015-02-03,15:40:00,25.82,25.82,25.82,25.82,200,0
2015-02-03,17:25:00,25.71,25.72,25.71,25.71,1620,0
2015-02-03,17:35:00,25.63,25.63,25.63,25.63,3000,0
2015-02-04,16:20:00,25.7,25.7,25.7,25.7,765,0
2015-02-04,17:05:00,25.7,25.7,25.7,25.7,365,0
2015-02-04,18:40:00,25.67,25.67,25.67,25.67,400,0
2015-02-04,18:55:00,25.7,25.7,25.7,25.7,400,0
2015-02-04,19:05:00,25.69,25.7,25.69,25.7,300,0
2015-02-05,17:00:00,25.82,25.82,25.82,25.82,1300,0
2015-02-05,17:10:00,25.68,25.7,25.68,25.7,2800,0
2015-02-05,20:50:00,25.7,25.7,25.7,25.7,300,0
2015-02-06,16:15:00,25.6,25.6,25.6,25.6,100,0
2015-02-06,19:05:00,25.62,25.62,25.62,25.62,100,0
2015-02-09,18:00:00,25.66,25.69,25.66,25.69,400,0
2015-02-09,19:00:00,25.7,25.7,25.7,25.7,200,0
2015-02-09,19:05:00,25.7,25.7,25.7,25.7,200,0
2015-02-09,21:15:00,25.7,25.7,25.7,25.7,200,0
2015-02-10,16:15:00,25.7,25.7,25.7,25.7,300,0
2015-02-10,17:00:00,25.89,25.89,25.89,25.89,1000,0
2015-02-10,17:35:00,25.91,25.91,25.91,25.91,2000,0
2015-02-10,20:25:00,25.91,25.91,25.76,25.76,1213,0
2015-02-11,15:35:00,25.73,25.73,25.73,25.73,696,0
2015-02-11,19:10:00,25.83,25.83,25.83,25.83,100,0
2015-02-11,20:00:00,25.73,25.73,25.71,25.73,900,0
2015-02-11,21:20:00,25.72,25.72,25.7,25.7,1000,0
2015-02-11,22:00:00,25.7,25.7,25.7,25.7,164,0
2015-02-12,15:35:00,25.69,25.69,25.69,25.69,300,0
2015-02-12,17:05:00,25.69,25.69,25.62,25.69,400,0
2015-02-12,20:00:00,25.64,25.64,25.64,25.64,1062,0
2015-02-12,21:55:00,25.63,25.63,25.63,25.63,300,0
2015-02-12,22:00:00,25.64,25.64,25.62,25.62,807,0
2015-02-13,15:35:00,26.09,26.09,26.09,26.09,750,0
2015-02-17,21:45:00,25.67,25.76,25.62,25.66,1336,0
2015-02-18,20:20:00,25.7,25.77,25.7,25.77,650,0
2015-02-18,20:30:00,25.7,25.7,25.7,25.7,500,0
2015-02-18,20:45:00,25.7,25.7,25.7,25.7,200,0
2015-02-18,21:50:00,25.66,25.66,25.65,25.65,450,0
2015-02-18,22:00:00,25.65,25.65,25.65,25.65,100,0
2015-02-19,18:10:00,25.73,25.73,25.73,25.73,189,0
2015-02-20,16:25:00,25.7,25.7,25.7,25.7,266,0
2015-02-20,18:35:00,25.62,25.62,25.62,25.62,1200,0
2015-02-20,18:45:00,25.55,25.55,25.55,25.55,758,0
2015-02-20,18:50:00,25.55,25.55,25.52,25.52,920,0
2015-02-20,19:25:00,25.53,25.53,25.53,25.53,100,0
2015-02-23,15:35:00,25.53,25.53,25.53,25.53,200,0
2015-02-23,17:15:00,25.6,25.6,25.6,25.6,339,0
2015-02-23,20:15:00,25.56,25.57,25.56,25.57,700,0
2015-02-23,20:55:00,25.55,25.57,25.55,25.57,200,0
