Date,Time,Open,High,Low,Close,Volume,OpenInt
2015-02-03,16:50:00,130.49,130.61,130.29,130.36,24681,0
2015-02-03,16:55:00,130.31,130.31,130.15,130.25,23750,0
2015-02-03,17:00:00,130.25,130.35,130,130.04,31595,0
2015-02-03,17:05:00,130.03,130.35,129.99,130.1,41473,0
2015-02-03,17:10:00,130.05,130.31,130,130.29,22923,0
2015-02-03,17:15:00,130.29,130.51,130.12,130.38,19131,0
2015-02-03,17:20:00,130.34,130.34,130.16,130.29,9107,0
2015-02-03,17:25:00,130.23,130.42,130.23,130.39,22650,0
2015-02-03,17:30:00,130.39,130.59,130.39,130.51,37553,0
2015-02-03,17:35:00,130.51,130.69,130.41,130.63,10030,0
2015-02-03,17:40:00,130.58,130.81,130.5,130.76,10752,0
2015-02-03,17:45:00,130.77,130.97,130.65,130.94,12055,0
2015-02-03,17:50:00,130.98,130.99,130.67,130.78,12964,0
2015-02-03,17:55:00,130.72,130.82,130.48,130.49,18164,0
2015-02-03,18:00:00,130.49,130.56,130.44,130.49,14373,0
2015-02-03,18:05:00,130.45,130.51,130.29,130.51,23371,0
2015-02-03,18:10:00,130.55,130.69,130.53,130.58,12563,0
2015-02-03,18:15:00,130.53,130.92,130.53,130.9,18503,0
2015-02-03,18:20:00,130.86,130.91,130.67,130.67,10239,0
2015-02-03,18:25:00,130.76,130.79,130.49,130.53,8351,0
2015-02-03,18:30:00,130.54,130.71,130.51,130.66,7106,0
2015-02-03,18:35:00,130.61,130.62,130.35,130.4,9409,0
2015-02-03,18:40:00,130.4,130.56,130.34,130.49,17742,0
2015-02-03,18:45:00,130.63,130.77,130.57,130.77,11229,0
2015-02-03,18:50:00,130.82,130.89,130.73,130.8,14253,0
2015-02-03,18:55:00,130.8,130.8,130.6,130.7,18375,0
2015-02-03,19:00:00,130.71,130.8,130.58,130.64,8718,0
2015-02-03,19:05:00,130.58,130.72,130.53,130.7,6758,0
2015-02-03,19:10:00,130.71,130.74,130.57,130.73,13991,0
2015-02-03,19:15:00,130.72,131.18,130.7,131.13,21917,0
2015-02-03,19:20:00,131.12,131.16,131.03,131.16,7809,0
2015-02-03,19:25:00,131.21,131.43,131.21,131.27,17798,0
2015-02-03,19:30:00,131.3,131.39,131.16,131.31,22779,0
2015-02-03,19:35:00,131.35,131.44,131.2,131.25,52342,0
2015-02-03,19:40:00,131.28,131.28,130.93,130.95,11638,0
2015-02-03,19:45:00,130.95,131.08,130.89,131.06,15322,0
2015-02-03,19:50:00,131.08,131.18,131.05,131.11,7792,0
2015-02-03,19:55:00,131.06,131.35,131.01,131.28,11857,0
2015-02-03,20:00:00,131.28,131.51,131.28,131.49,11181,0
2015-02-03,20:05:00,131.5,131.58,131.3,131.3,8880,0
2015-02-03,20:10:00,131.35,131.43,131.25,131.25,13842,0
2015-02-03,20:15:00,131.26,131.3,131.22,131.26,16674,0
2015-02-03,20:20:00,131.25,131.39,131.25,131.32,13244,0
2015-02-03,20:25:00,131.29,131.45,131.27,131.28,21224,0
2015-02-03,20:30:00,131.25,131.26,131.09,131.14,21707,0
2015-02-03,20:35:00,131.17,131.3,131.14,131.25,23982,0
2015-02-03,20:40:00,131.2,131.33,131.06,131.29,19443,0
2015-02-03,20:45:00,131.31,131.4,131.25,131.39,25569,0
2015-02-03,20:50:00,131.38,131.41,131.2,131.41,20290,0
2015-02-03,20:55:00,131.39,131.42,131.33,131.37,20474,0
2015-02-03,21:00:00,131.37,131.5,131.36,131.45,13919,0
2015-02-03,21:05:00,131.48,131.6,131.47,131.56,15720,0
2015-02-03,21:10:00,131.55,131.56,131.42,131.52,20984,0
2015-02-03,21:15:00,131.46,131.52,131.23,131.52,17356,0
2015-02-03,21:20:00,131.57,131.57,131.38,131.38,11404,0
2015-02-03,21:25:00,131.39,131.6,131.39,131.6,19935,0
2015-02-03,21:30:00,131.58,131.65,131.41,131.55,26742,0
2015-02-03,21:35:00,131.57,131.63,131.27,131.28,29048,0
2015-02-03,21:40:00,131.31,131.59,131.3,131.58,22364,0
2015-02-03,21:45:00,131.6,131.79,131.53,131.78,36189,0
2015-02-03,21:50:00,131.76,131.86,131.63,131.83,46709,0
2015-02-03,21:55:00,131.86,131.86,131.77,131.84,50471,0
2015-02-03,22:00:00,131.84,132.08,131.81,131.94,184125,0
2015-02-04,15:35:00,131.77,131.77,130.75,131.26,27970,0
2015-02-04,15:40:00,131.29,131.8,131.29,131.72,21991,0
2015-02-04,15:45:00,131.74,131.83,131.44,131.44,20315,0
2015-02-04,15:50:00,131.45,131.86,131.44,131.86,22738,0
2015-02-04,15:55:00,131.87,132.05,131.56,131.74,29875,0
2015-02-04,16:00:00,131.72,131.79,131.57,131.57,10364,0
2015-02-04,16:05:00,131.57,131.88,131.51,131.75,27399,0
2015-02-04,16:10:00,131.81,131.82,131.54,131.54,62417,0
2015-02-04,16:15:00,131.46,131.8,131.37,131.48,22227,0
2015-02-04,16:20:00,131.46,131.85,131.45,131.77,21332,0
2015-02-04,16:25:00,131.78,131.79,131.55,131.63,23358,0
2015-02-04,16:30:00,131.63,131.68,131.41,131.46,19794,0
2015-02-04,16:35:00,131.42,131.55,131.33,131.49,25372,0
2015-02-04,16:40:00,131.43,131.56,131.36,131.54,45102,0
2015-02-04,16:45:00,131.58,131.78,131.44,131.78,10438,0
2015-02-04,16:50:00,131.72,131.79,131.6,131.63,6262,0
2015-02-04,16:55:00,131.58,131.8,131.54,131.8,14119,0
2015-02-04,17:00:00,131.85,131.91,131.71,131.84,13217,0
2015-02-04,17:05:00,131.82,131.84,131.64,131.82,8402,0
2015-02-04,17:10:00,131.79,131.84,131.73,131.77,6281,0
2015-02-04,17:15:00,131.73,131.76,131.53,131.68,9928,0
2015-02-04,17:20:00,131.67,131.7,131.46,131.5,12618,0
2015-02-04,17:25:00,131.53,131.72,131.53,131.72,11206,0
2015-02-04,17:30:00,131.73,131.77,131.59,131.77,10550,0
2015-02-04,17:35:00,131.79,131.91,131.76,131.87,10860,0
2015-02-04,17:40:00,131.88,131.94,131.75,131.85,9017,0
2015-02-04,17:45:00,131.81,131.91,131.75,131.91,10377,0
2015-02-04,17:50:00,131.92,132.02,131.92,131.96,16911,0
2015-02-04,17:55:00,131.96,132.01,131.83,131.96,8425,0
2015-02-04,18:00:00,131.9,131.92,131.85,131.91,6368,0
2015-02-04,18:05:00,131.87,131.9,131.75,131.86,7525,0
2015-02-04,18:10:00,131.84,131.84,131.73,131.77,14232,0
2015-02-04,18:15:00,131.77,131.77,131.59,131.64,6399,0
2015-02-04,18:20:00,131.65,131.66,131.5,131.5,6101,0
2015-02-04,18:25:00,131.53,131.56,131.45,131.5,14068,0
2015-02-04,18:30:00,131.51,131.51,131.3,131.3,24884,0
2015-02-04,18:35:00,131.29,131.48,131.29,131.4,24152,0
2015-02-04,18:40:00,131.42,131.58,131.37,131.46,54649,0
2015-02-04,18:45:00,131.44,131.49,131.32,131.42,19429,0
2015-02-04,18:50:00,131.42,131.51,131.37,131.51,11555,0
2015-02-04,18:55:00,131.53,131.61,131.53,131.55,9792,0
2015-02-04,19:00:00,131.55,131.72,131.55,131.66,16885,0
2015-02-04,19:05:00,131.7,131.86,131.63,131.81,7904,0
2015-02-04,19:10:00,131.81,131.85,131.75,131.85,8808,0
2015-02-04,19:15:00,131.85,131.85,131.74,131.76,6412,0
2015-02-04,19:20:00,131.76,131.89,131.76,131.83,8507,0
2015-02-04,19:25:00,131.88,131.88,131.73,131.8,8736,0
2015-02-04,19:30:00,131.76,131.98,131.76,131.98,11312,0
2015-02-04,19:35:00,131.99,132.11,131.94,132.03,10315,0
2015-02-04,19:40:00,132.07,132.07,131.89,131.93,8315,0
2015-02-04,19:45:00,131.91,131.98,131.9,131.93,40905,0
2015-02-04,19:50:00,131.93,132,131.82,131.82,7457,0
2015-02-04,19:55:00,131.81,131.86,131.71,131.79,11990,0
2015-02-04,20:00:00,131.78,131.8,131.6,131.7,12274,0
2015-02-04,20:05:00,131.72,131.91,131.72,131.91,10705,0
2015-02-04,20:10:00,131.88,131.88,131.52,131.54,12172,0
2015-02-04,20:15:00,131.51,131.63,131.42,131.42,12572,0
2015-02-04,20:20:00,131.45,131.51,131.32,131.35,24904,0
2015-02-04,20:25:00,131.35,131.66,131.35,131.52,9149,0
2015-02-04,20:30:00,131.49,131.66,131.49,131.54,8744,0
2015-02-04,20:35:00,131.55,131.62,131.41,131.43,9884,0
2015-02-04,20:40:00,131.44,131.69,131.44,131.69,13563,0
2015-02-04,20:45:00,131.7,131.7,131.59,131.65,11498,0
2015-02-04,20:50:00,131.63,131.82,131.61,131.82,10860,0
2015-02-04,20:55:00,131.82,131.82,131.6,131.77,11920,0
2015-02-04,21:00:00,131.81,131.85,131.71,131.73,11173,0
2015-02-04,21:05:00,131.7,131.8,131.63,131.79,10794,0
2015-02-04,21:10:00,131.81,131.93,131.81,131.93,12469,0
2015-02-04,21:15:00,131.92,131.95,131.85,131.95,9871,0
2015-02-04,21:20:00,131.96,132.13,131.96,132.11,21097,0
2015-02-04,21:25:00,132.11,132.32,132.08,132.32,24071,0
2015-02-04,21:30:00,132.35,132.46,132.33,132.46,26262,0
2015-02-04,21:35:00,132.53,132.65,132.45,132.57,20917,0
2015-02-04,21:40:00,132.57,132.58,132.16,132.18,30784,0
2015-02-04,21:45:00,132.15,132.23,131.62,131.65,29833,0
2015-02-04,21:50:00,131.58,131.63,131.07,131.29,40852,0
2015-02-04,21:55:00,131.32,131.34,131.04,131.17,37943,0
2015-02-04,22:00:00,131.18,131.31,131.12,131.3,701152,0
2015-02-05,15:35:00,131.3,132.17,130.75,132.04,27839,0
2015-02-05,15:40:00,131.97,132.4,131.7,132.21,13348,0
2015-02-05,15:45:00,132.22,132.23,131.84,132.21,13171,0
2015-02-05,15:50:00,132.19,132.28,131.95,132.02,18949,0
2015-02-05,15:55:00,132.14,132.59,132.14,132.46,23308,0
2015-02-05,16:00:00,132.43,132.59,132.34,132.4,16642,0
2015-02-05,16:05:00,132.4,132.58,132.14,132.53,35450,0
2015-02-05,16:10:00,132.52,132.81,132.47,132.58,18788,0
2015-02-05,16:15:00,132.53,132.58,132.45,132.49,10011,0
2015-02-05,16:20:00,132.53,132.72,132.53,132.72,10140,0
2015-02-05,16:25:00,132.69,132.73,132.62,132.65,11490,0
2015-02-05,16:30:00,132.75,133.04,132.75,132.97,9302,0
2015-02-05,16:35:00,132.97,133.05,132.86,132.96,35533,0
2015-02-05,16:40:00,132.98,133.08,132.87,132.98,24700,0
2015-02-05,16:45:00,132.98,132.99,132.78,132.83,38143,0
2015-02-05,16:50:00,132.84,132.94,132.82,132.85,39132,0
2015-02-05,16:55:00,132.86,132.93,132.74,132.74,29788,0
2015-02-05,17:00:00,132.76,132.94,132.76,132.82,19758,0
2015-02-05,17:05:00,132.81,132.89,132.71,132.75,16313,0
2015-02-05,17:10:00,132.76,132.76,132.68,132.73,17750,0
2015-02-05,17:15:00,132.74,132.76,132.62,132.67,14620,0
2015-02-05,17:20:00,132.67,132.77,132.41,132.42,14031,0
2015-02-05,17:25:00,132.44,132.51,132.38,132.51,9578,0
2015-02-05,17:30:00,132.55,132.71,132.48,132.67,21636,0
2015-02-05,17:35:00,132.76,132.84,132.63,132.7,5800,0
2015-02-05,17:40:00,132.77,132.77,132.49,132.49,29938,0
2015-02-05,17:45:00,132.53,132.53,132.14,132.24,18146,0
2015-02-05,17:50:00,132.25,132.35,132.22,132.31,16800,0
2015-02-05,17:55:00,132.32,132.32,132.1,132.12,11083,0
2015-02-05,18:00:00,132.12,132.28,132.11,132.28,7100,0
2015-02-05,18:05:00,132.25,132.28,132.21,132.23,9918,0
2015-02-05,18:10:00,132.22,132.22,132.11,132.17,12765,0
2015-02-05,18:15:00,132.18,132.19,132.07,132.16,11450,0
2015-02-05,18:20:00,132.16,132.26,132.04,132.07,18777,0
2015-02-05,18:25:00,132.09,132.13,132.08,132.11,4152,0
2015-02-05,18:30:00,132.04,132.14,132.01,132.14,5400,0
2015-02-05,18:35:00,132.16,132.21,132.12,132.17,10739,0
2015-02-05,18:40:00,132.15,132.15,132.05,132.11,4400,0
2015-02-05,18:45:00,132.13,132.27,132.13,132.25,5140,0
2015-02-05,18:50:00,132.26,132.3,132.17,132.17,9040,0
2015-02-05,18:55:00,132.16,132.19,132.02,132.03,5432,0
2015-02-05,19:00:00,132.02,132.07,131.99,132.03,5577,0
2015-02-05,19:05:00,132.1,132.14,132.04,132.07,5229,0
2015-02-05,19:10:00,132.05,132.08,131.99,132.05,4858,0
2015-02-05,19:15:00,132.05,132.11,132.05,132.11,8160,0
2015-02-05,19:20:00,132.17,132.34,132.17,132.25,8731,0
2015-02-05,19:25:00,132.26,132.42,132.26,132.37,4815,0
2015-02-05,19:30:00,132.37,132.48,132.32,132.48,4193,0
2015-02-05,19:35:00,132.48,132.49,132.39,132.39,8997,0
2015-02-05,19:40:00,132.41,132.43,132.35,132.42,5847,0
2015-02-05,19:45:00,132.44,132.56,132.44,132.56,13506,0
2015-02-05,19:50:00,132.59,132.61,132.55,132.6,4425,0
2015-02-05,19:55:00,132.61,132.67,132.55,132.57,6100,0
2015-02-05,20:00:00,132.56,132.56,132.38,132.43,9007,0
2015-02-05,20:05:00,132.43,132.45,132.28,132.3,6010,0
2015-02-05,20:10:00,132.29,132.35,132.29,132.32,6215,0
2015-02-05,20:15:00,132.32,132.56,132.32,132.43,7722,0
2015-02-05,20:20:00,132.43,132.48,132.36,132.48,7670,0
2015-02-05,20:25:00,132.49,132.5,132.34,132.38,12196,0
2015-02-05,20:30:00,132.35,132.38,132.25,132.36,9629,0
2015-02-05,20:35:00,132.39,132.41,132.27,132.39,11797,0
2015-02-05,20:40:00,132.39,132.4,132.28,132.4,13395,0
2015-02-05,20:45:00,132.37,132.4,132.32,132.36,16236,0
2015-02-05,20:50:00,132.34,132.44,132.29,132.37,8900,0
2015-02-05,20:55:00,132.38,132.44,132.38,132.43,3898,0
2015-02-05,21:00:00,132.42,132.5,132.33,132.5,7732,0
2015-02-05,21:05:00,132.51,132.56,132.45,132.49,10105,0
2015-02-05,21:10:00,132.52,132.56,132.43,132.5,5286,0
2015-02-05,21:15:00,132.49,132.49,132.32,132.43,8955,0
2015-02-05,21:20:00,132.45,132.46,132.39,132.46,10564,0
2015-02-05,21:25:00,132.46,132.59,132.42,132.58,11522,0
2015-02-05,21:30:00,132.56,132.76,132.56,132.75,10251,0
2015-02-05,21:35:00,132.79,132.79,132.66,132.75,12337,0
2015-02-05,21:40:00,132.74,132.82,132.68,132.77,20042,0
2015-02-05,21:45:00,132.77,132.77,132.53,132.54,17026,0
2015-02-05,21:50:00,132.53,132.56,132.4,132.41,21987,0
2015-02-05,21:55:00,132.41,132.5,132.4,132.5,21715,0
2015-02-05,22:00:00,132.49,132.57,132.4,132.48,339727,0
2015-02-06,15:35:00,133.71,134.42,133.55,134.32,37884,0
2015-02-06,15:40:00,134.32,135.0,134.08,135.0,28642,0
2015-02-06,15:45:00,134.99,135.42,134.74,134.85,35497,0
2015-02-06,15:50:00,134.9,135.03,134.64,134.99,24121,0
2015-02-06,15:55:00,134.98,134.98,134.66,134.79,14115,0
2015-02-06,16:00:00,134.81,135.16,134.7,135.15,15086,0
2015-02-06,16:05:00,135.18,135.28,135.0,135.28,16610,0
2015-02-06,16:10:00,135.28,135.64,135.2,135.63,20613,0
2015-02-06,16:15:00,135.64,135.87,135.59,135.8,15454,0
2015-02-06,16:20:00,135.83,136.13,135.8,136.04,32575,0
2015-02-06,16:25:00,136.03,136.03,135.58,135.61,19704,0
2015-02-06,16:30:00,135.59,135.8,135.51,135.8,30088,0
2015-02-06,16:35:00,135.79,136.06,135.79,136.0,31259,0
2015-02-06,16:40:00,135.98,136.13,135.96,136.12,25550,0
2015-02-06,16:45:00,136.11,136.29,136.11,136.21,53321,0
2015-02-06,16:50:00,136.18,136.2,135.97,136.04,50298,0
2015-02-06,16:55:00,136.01,136.34,135.96,136.24,18833,0
2015-02-06,17:00:00,136.23,136.43,136.23,136.36,17474,0
2015-02-06,17:05:00,136.37,136.45,136.23,136.3,15130,0
2015-02-06,17:10:00,136.33,136.39,136.15,136.2,19313,0
2015-02-06,17:15:00,136.24,136.38,136.19,136.29,15507,0
2015-02-06,17:20:00,136.29,136.38,136.19,136.37,12289,0
2015-02-06,17:25:00,136.38,136.43,136.18,136.2,18488,0
2015-02-06,17:30:00,136.23,136.24,135.96,136.11,10589,0
2015-02-06,17:35:00,136.09,136.13,136.01,136.04,15790,0
2015-02-06,17:40:00,136.04,136.09,135.82,136.09,14600,0
2015-02-06,17:45:00,136.07,136.07,135.91,136.0,14400,0
2015-02-06,17:50:00,136.0,136.16,135.97,136.12,10872,0
2015-02-06,17:55:00,136.12,136.19,136.03,136.14,8523,0
2015-02-06,18:00:00,136.1,136.18,136.04,136.08,9839,0
2015-02-06,18:05:00,136.07,136.1,135.98,136.04,10740,0
2015-02-06,18:10:00,136.01,136.08,135.92,136.02,7601,0
2015-02-06,18:15:00,136.03,136.08,135.95,136.08,13450,0
2015-02-06,18:20:00,136.09,136.1,136.04,136.07,9955,0
2015-02-06,18:25:00,136.06,136.11,136.0,136.11,13332,0
2015-02-06,18:30:00,136.13,136.16,136.02,136.05,10820,0
2015-02-06,18:35:00,136.05,136.18,136.05,136.15,8729,0
2015-02-06,18:40:00,136.14,136.21,136.04,136.09,10626,0
2015-02-06,18:45:00,136.07,136.16,135.83,135.85,8500,0
2015-02-06,18:50:00,135.75,135.94,135.65,135.92,15005,0
2015-02-06,18:55:00,135.95,136.02,135.87,135.87,14602,0
2015-02-06,19:00:00,135.88,136.13,135.88,136.13,8966,0
2015-02-06,19:05:00,136.17,136.18,136.04,136.09,8646,0
2015-02-06,19:10:00,136.1,136.1,135.73,135.86,13641,0
2015-02-06,19:15:00,135.82,135.82,135.61,135.69,10097,0
2015-02-06,19:20:00,135.71,135.83,135.5,135.63,13400,0
2015-02-06,19:25:00,135.65,135.73,135.52,135.53,8520,0
2015-02-06,19:30:00,135.52,135.52,135.19,135.48,10700,0
2015-02-06,19:35:00,135.46,135.46,135.29,135.37,8910,0
2015-02-06,19:40:00,135.37,135.39,135.06,135.19,9156,0
2015-02-06,19:45:00,135.25,135.48,135.22,135.47,5700,0
2015-02-06,19:50:00,135.42,135.53,135.26,135.27,6221,0
2015-02-06,19:55:00,135.24,135.39,135.22,135.34,10500,0
2015-02-06,20:00:00,135.32,135.48,135.32,135.37,3977,0
2015-02-06,20:05:00,135.32,135.34,135.08,135.24,19713,0
2015-02-06,20:10:00,135.21,135.26,134.99,135.0,20612,0
2015-02-06,20:15:00,134.97,135.14,134.96,135.1,6200,0
2015-02-06,20:20:00,135.1,135.25,135.03,135.23,7800,0
2015-02-06,20:25:00,135.26,135.34,135.16,135.34,14305,0
2015-02-06,20:30:00,135.37,135.41,135.23,135.36,8034,0
2015-02-06,20:35:00,135.41,135.54,135.29,135.54,10524,0
2015-02-06,20:40:00,135.54,135.63,135.47,135.47,11136,0
2015-02-06,20:45:00,135.49,135.55,135.35,135.35,8917,0
2015-02-06,20:50:00,135.36,135.37,135.19,135.31,8051,0
2015-02-06,20:55:00,135.31,135.38,135.2,135.24,20936,0
2015-02-06,21:00:00,135.25,135.4,135.21,135.22,20414,0
2015-02-06,21:05:00,135.23,135.24,134.85,134.88,31896,0
2015-02-06,21:10:00,134.91,135.29,134.91,135.15,35053,0
2015-02-06,21:15:00,135.15,135.15,134.9,135.02,13316,0
2015-02-06,21:20:00,134.93,135.12,134.89,134.9,19549,0
2015-02-06,21:25:00,134.8,134.97,134.65,134.87,25995,0
2015-02-06,21:30:00,134.91,134.99,134.62,134.62,16360,0
2015-02-06,21:35:00,134.63,134.98,134.55,134.98,18129,0
2015-02-06,21:40:00,134.97,134.98,134.75,134.86,19707,0
2015-02-06,21:45:00,134.86,134.91,134.57,134.73,26094,0
2015-02-06,21:50:00,134.69,134.77,134.55,134.7,27801,0
2015-02-06,21:55:00,134.65,134.8,134.56,134.76,27780,0
2015-02-06,22:00:00,134.75,134.83,134.61,134.79,405664,0
2015-02-09,15:35:00,134.54,134.54,133.81,133.81,39297,0
2015-02-09,15:40:00,133.86,134.46,133.64,134.46,13197,0
2015-02-09,15:45:00,134.53,134.57,134.25,134.25,17654,0
2015-02-09,15:50:00,134.05,134.36,134.05,134.15,9016,0
2015-02-09,15:55:00,134.3,134.67,134.3,134.54,14452,0
2015-02-09,16:00:00,134.62,134.69,134.37,134.37,263080,0
2015-02-09,16:05:00,134.38,134.38,134.13,134.16,9300,0
2015-02-09,16:10:00,134.17,134.2,133.84,133.84,23600,0
2015-02-09,16:15:00,133.85,134.04,133.69,134.01,22342,0
2015-02-09,16:20:00,134.08,134.39,134.0,134.24,37508,0
2015-02-09,16:25:00,134.25,134.25,133.79,133.82,21409,0
2015-02-09,16:30:00,133.93,133.97,133.67,133.67,8207,0
2015-02-09,16:35:00,133.58,133.78,133.51,133.76,21673,0
2015-02-09,16:40:00,133.77,134.03,133.7,133.94,19740,0
2015-02-09,16:45:00,133.94,134.0,133.74,133.87,14087,0
2015-02-09,16:50:00,133.8,133.8,133.65,133.71,10421,0
2015-02-09,16:55:00,133.72,133.89,133.64,133.84,17646,0
2015-02-09,17:00:00,133.84,133.92,133.79,133.92,13400,0
2015-02-09,17:05:00,133.93,134.25,133.91,134.21,12000,0
2015-02-09,17:10:00,134.29,134.38,134.06,134.38,9138,0
2015-02-09,17:15:00,134.39,134.44,134.28,134.35,7433,0
2015-02-09,17:20:00,134.28,134.49,134.25,134.47,5300,0
2015-02-09,17:25:00,134.43,134.49,134.32,134.32,7528,0
2015-02-09,17:30:00,134.36,134.53,134.26,134.47,6976,0
2015-02-09,17:35:00,134.5,134.54,134.27,134.31,5135,0
2015-02-09,17:40:00,134.27,134.34,134.17,134.22,4400,0
2015-02-09,17:45:00,134.15,134.28,134.15,134.22,4200,0
2015-02-09,17:50:00,134.2,134.32,134.15,134.26,5121,0
2015-02-09,17:55:00,134.27,134.34,134.19,134.23,6116,0
2015-02-09,18:00:00,134.21,134.28,134.17,134.21,4749,0
2015-02-09,18:05:00,134.24,134.27,134.06,134.14,7750,0
2015-02-09,18:10:00,134.19,134.33,134.1,134.28,8884,0
2015-02-09,18:15:00,134.3,134.39,134.21,134.28,5500,0
2015-02-09,18:20:00,134.29,134.29,134.14,134.14,3700,0
2015-02-09,18:25:00,134.12,134.2,134.12,134.16,5200,0
2015-02-09,18:30:00,134.18,134.31,134.08,134.31,7700,0
2015-02-09,18:35:00,134.35,134.51,134.35,134.51,8400,0
2015-02-09,18:40:00,134.5,134.52,134.42,134.52,9000,0
2015-02-09,18:45:00,134.49,134.51,134.4,134.45,10985,0
2015-02-09,18:50:00,134.48,134.5,134.39,134.39,7300,0
2015-02-09,18:55:00,134.48,134.52,134.36,134.51,15283,0
2015-02-09,19:00:00,134.49,134.54,134.38,134.42,9615,0
2015-02-09,19:05:00,134.4,134.53,134.32,134.41,14702,0
2015-02-09,19:10:00,134.45,134.52,134.42,134.48,7700,0
2015-02-09,19:15:00,134.52,134.54,134.47,134.47,7833,0
2015-02-09,19:20:00,134.52,134.59,134.46,134.46,7389,0
2015-02-09,19:25:00,134.46,134.46,134.44,134.45,2400,0
2015-02-09,19:30:00,134.42,134.5,134.37,134.37,13162,0
2015-02-09,19:35:00,134.38,134.38,134.24,134.29,12955,0
2015-02-09,19:40:00,134.27,134.34,134.23,134.29,8400,0
2015-02-09,19:45:00,134.31,134.41,134.25,134.27,10442,0
2015-02-09,19:50:00,134.25,134.34,134.24,134.27,6820,0
2015-02-09,19:55:00,134.28,134.34,134.24,134.33,4247,0
2015-02-09,20:00:00,134.34,134.39,134.32,134.36,11200,0
2015-02-09,20:05:00,134.36,134.44,134.3,134.38,11534,0
2015-02-09,20:10:00,134.35,134.38,134.26,134.3,14592,0
2015-02-09,20:15:00,134.33,134.37,134.25,134.31,18702,0
2015-02-09,20:20:00,134.33,134.38,134.17,134.22,12264,0
2015-02-09,20:25:00,134.26,134.43,134.24,134.39,24411,0
2015-02-09,20:30:00,134.4,134.53,134.4,134.51,10300,0
2015-02-09,20:35:00,134.52,134.62,134.49,134.58,12846,0
2015-02-09,20:40:00,134.59,134.74,134.55,134.72,15090,0
2015-02-09,20:45:00,134.72,134.82,134.71,134.8,11400,0
2015-02-09,20:50:00,134.79,134.79,134.54,134.57,11638,0
2015-02-09,20:55:00,134.61,134.69,134.59,134.6,10900,0
2015-02-09,21:00:00,134.63,134.76,134.61,134.61,13912,0
2015-02-09,21:05:00,134.57,134.61,134.39,134.45,12100,0
2015-02-09,21:10:00,134.41,134.41,134.25,134.35,9744,0
2015-02-09,21:15:00,134.36,134.44,134.33,134.41,12265,0
2015-02-09,21:20:00,134.38,134.38,134.22,134.29,16158,0
2015-02-09,21:25:00,134.28,134.58,134.25,134.52,20100,0
2015-02-09,21:30:00,134.55,134.64,134.51,134.61,15620,0
2015-02-09,21:35:00,134.64,134.66,134.38,134.48,18058,0
2015-02-09,21:40:00,134.44,134.56,134.33,134.52,20006,0
2015-02-09,21:45:00,134.49,134.88,134.49,134.77,31698,0
2015-02-09,21:50:00,134.8,134.88,134.68,134.82,21352,0
2015-02-09,21:55:00,134.83,134.85,134.71,134.72,36672,0
2015-02-09,22:00:00,134.74,134.87,134.63,134.69,188569,0
2015-02-10,15:35:00,136.3,136.41,135.45,136.13,48877,0
2015-02-10,15:40:00,136.05,136.34,135.86,136.25,37861,0
2015-02-10,15:45:00,136.35,136.39,136.02,136.2,28526,0
2015-02-10,15:50:00,136.14,136.37,135.98,136.29,13130,0
2015-02-10,15:55:00,136.34,136.36,135.91,135.91,11009,0
2015-02-10,16:00:00,136.0,136.03,135.78,135.88,17167,0
2015-02-10,16:05:00,135.89,135.94,135.59,135.59,14403,0
2015-02-10,16:10:00,135.54,135.82,135.47,135.79,16916,0
2015-02-10,16:15:00,135.76,136.02,135.76,135.97,10301,0
2015-02-10,16:20:00,135.94,136.24,135.91,135.99,22514,0
2015-02-10,16:25:00,136.0,136.01,135.69,135.85,11713,0
2015-02-10,16:30:00,135.85,135.86,135.71,135.72,10200,0
2015-02-10,16:35:00,135.72,135.75,135.51,135.64,10400,0
2015-02-10,16:40:00,135.68,135.78,135.61,135.78,22657,0
2015-02-10,16:45:00,135.73,135.78,135.55,135.55,14222,0
2015-02-10,16:50:00,135.52,135.52,135.22,135.35,7230,0
2015-02-10,16:55:00,135.35,135.51,135.28,135.44,16513,0
2015-02-10,17:00:00,135.41,135.63,135.41,135.62,10158,0
2015-02-10,17:05:00,135.67,135.67,135.44,135.52,14186,0
2015-02-10,17:10:00,135.53,135.53,135.32,135.53,13815,0
2015-02-10,17:15:00,135.63,135.67,135.55,135.64,10290,0
2015-02-10,17:20:00,135.6,135.74,135.55,135.7,13396,0
2015-02-10,17:25:00,135.74,135.77,135.58,135.68,7518,0
2015-02-10,17:30:00,135.69,135.92,135.62,135.92,21000,0
2015-02-10,17:35:00,135.96,135.96,135.82,135.89,7845,0
2015-02-10,17:40:00,135.93,136.04,135.93,136.0,7600,0
2015-02-10,17:45:00,135.95,136.04,135.86,136.0,22239,0
2015-02-10,17:50:00,136.01,136.04,135.84,135.94,9019,0
2015-02-10,17:55:00,135.9,135.9,135.78,135.78,4900,0
2015-02-10,18:00:00,135.81,135.85,135.7,135.76,6015,0
2015-02-10,18:05:00,135.76,135.77,135.54,135.54,7713,0
2015-02-10,18:10:00,135.57,135.61,135.54,135.58,4392,0
2015-02-10,18:15:00,135.61,135.9,135.61,135.81,11325,0
2015-02-10,18:20:00,135.84,135.98,135.8,135.98,7916,0
2015-02-10,18:25:00,135.92,136.0,135.89,135.96,3500,0
2015-02-10,18:30:00,135.99,135.99,135.76,135.8,5073,0
2015-02-10,18:35:00,135.83,135.83,135.71,135.76,7681,0
2015-02-10,18:40:00,135.75,135.75,135.67,135.68,3370,0
2015-02-10,18:45:00,135.71,135.8,135.68,135.8,5000,0
2015-02-10,18:50:00,135.78,135.78,135.64,135.7,14460,0
2015-02-10,18:55:00,135.66,135.67,135.51,135.51,3795,0
2015-02-10,19:00:00,135.53,135.61,135.53,135.57,5683,0
2015-02-10,19:05:00,135.63,135.64,135.52,135.59,4600,0
2015-02-10,19:10:00,135.56,135.58,135.49,135.57,4420,0
2015-02-10,19:15:00,135.57,135.68,135.57,135.66,5100,0
2015-02-10,19:20:00,135.65,135.68,135.58,135.6,11538,0
2015-02-10,19:25:00,135.56,135.56,135.33,135.38,15860,0
2015-02-10,19:30:00,135.39,135.52,135.37,135.47,5900,0
2015-02-10,19:35:00,135.49,135.6,135.49,135.52,5095,0
2015-02-10,19:40:00,135.59,135.61,135.52,135.6,6000,0
2015-02-10,19:45:00,135.58,135.58,135.39,135.48,4534,0
2015-02-10,19:50:00,135.49,135.61,135.46,135.61,12077,0
2015-02-10,19:55:00,135.64,135.68,135.51,135.51,8691,0
2015-02-10,20:00:00,135.46,135.53,135.46,135.46,4874,0
2015-02-10,20:05:00,135.5,135.61,135.5,135.61,6440,0
2015-02-10,20:10:00,135.62,135.62,135.55,135.56,5403,0
2015-02-10,20:15:00,135.58,135.67,135.55,135.64,124815,0
2015-02-10,20:20:00,135.64,135.68,135.56,135.68,6713,0
2015-02-10,20:25:00,135.67,135.7,135.55,135.59,8862,0
2015-02-10,20:30:00,135.62,135.78,135.6,135.75,67926,0
2015-02-10,20:35:00,135.75,135.82,135.61,135.78,9548,0
2015-02-10,20:40:00,135.79,135.84,135.71,135.8,13839,0
2015-02-10,20:45:00,135.81,135.83,135.73,135.76,9700,0
2015-02-10,20:50:00,135.77,135.82,135.73,135.81,8500,0
2015-02-10,20:55:00,135.8,135.85,135.75,135.85,11600,0
2015-02-10,21:00:00,135.85,136.16,135.85,136.16,9935,0
2015-02-10,21:05:00,136.13,136.16,136.0,136.03,11181,0
2015-02-10,21:10:00,136.0,136.14,135.95,136.14,9300,0
2015-02-10,21:15:00,136.13,136.14,136.02,136.14,13324,0
2015-02-10,21:20:00,136.13,136.13,136.01,136.12,10362,0
2015-02-10,21:25:00,136.13,136.18,136.06,136.07,13508,0
2015-02-10,21:30:00,136.08,136.33,136.03,136.33,17498,0
2015-02-10,21:35:00,136.32,136.36,136.23,136.25,19480,0
2015-02-10,21:40:00,136.27,136.4,136.24,136.4,14428,0
2015-02-10,21:45:00,136.38,136.45,136.28,136.43,16479,0
2015-02-10,21:50:00,136.44,136.44,136.27,136.35,14131,0
2015-02-10,21:55:00,136.36,136.38,136.17,136.25,31659,0
2015-02-10,22:00:00,136.26,136.3,135.94,136.17,416590,0
2015-02-11,15:35:00,135.92,136.0,135.66,135.79,15813,0
2015-02-11,15:40:00,135.79,136.29,135.69,136.16,20638,0
2015-02-11,15:45:00,136.11,136.18,135.95,136.1,13971,0
2015-02-11,15:50:00,136.12,136.12,135.7,135.89,10026,0
2015-02-11,15:55:00,135.8,136.05,135.69,136.01,17746,0
2015-02-11,16:00:00,135.95,136.38,135.82,136.25,18104,0
2015-02-11,16:05:00,136.28,136.28,136.08,136.11,4478,0
2015-02-11,16:10:00,136.11,136.27,136.07,136.11,7019,0
2015-02-11,16:15:00,136.1,136.21,136.08,136.12,6874,0
2015-02-11,16:20:00,136.1,136.1,135.9,135.94,7026,0
2015-02-11,16:25:00,135.92,135.93,135.72,135.79,15369,0
2015-02-11,16:30:00,135.72,135.73,135.53,135.69,13522,0
2015-02-11,16:35:00,135.67,135.7,135.49,135.67,9880,0
2015-02-11,16:40:00,135.73,135.86,135.67,135.86,8901,0
2015-02-11,16:45:00,135.88,136.13,135.73,135.79,10300,0
2015-02-11,16:50:00,135.79,135.81,135.6,135.6,10991,0
2015-02-11,16:55:00,135.63,135.82,135.62,135.72,8839,0
2015-02-11,17:00:00,135.77,135.78,135.64,135.77,7444,0
2015-02-11,17:05:00,135.79,136.12,135.79,136.07,8024,0
2015-02-11,17:10:00,136.13,136.13,136.02,136.05,7078,0
2015-02-11,17:15:00,136.12,136.23,136.11,136.13,8413,0
2015-02-11,17:20:00,136.15,136.22,136.1,136.12,14025,0
2015-02-11,17:25:00,136.1,136.32,136.1,136.32,7447,0
2015-02-11,17:30:00,136.3,136.42,136.21,136.29,10267,0
2015-02-11,17:35:00,136.25,136.25,135.98,136.07,15828,0
2015-02-11,17:40:00,136.05,136.14,136.03,136.11,15110,0
2015-02-11,17:45:00,136.1,136.17,136.0,136.05,10264,0
2015-02-11,17:50:00,136.09,136.11,135.95,136.07,22715,0
2015-02-11,17:55:00,136.08,136.14,136.01,136.14,7772,0
2015-02-11,18:00:00,136.14,136.16,136.06,136.06,6900,0
2015-02-11,18:05:00,136.02,136.02,135.86,135.88,9300,0
2015-02-11,18:10:00,135.83,135.96,135.83,135.93,16631,0
2015-02-11,18:15:00,135.91,135.95,135.87,135.92,12220,0
2015-02-11,18:20:00,135.92,135.98,135.87,135.91,12829,0
2015-02-11,18:25:00,135.95,136.02,135.93,135.93,25290,0
2015-02-11,18:30:00,135.95,136.05,135.94,136.0,20200,0
2015-02-11,18:35:00,136.0,136.06,135.96,135.98,29820,0
2015-02-11,18:40:00,136.0,136.07,135.97,136.01,8100,0
2015-02-11,18:45:00,136.0,136.0,135.7,135.7,20043,0
2015-02-11,18:50:00,135.78,135.88,135.78,135.83,6100,0
2015-02-11,18:55:00,135.83,135.89,135.79,135.84,5911,0
2015-02-11,19:00:00,135.78,135.81,135.65,135.71,17276,0
2015-02-11,19:05:00,135.7,135.71,135.52,135.52,21573,0
2015-02-11,19:10:00,135.49,135.51,135.36,135.41,9534,0
2015-02-11,19:15:00,135.44,135.47,135.19,135.34,31528,0
2015-02-11,19:20:00,135.33,135.42,135.25,135.32,10800,0
2015-02-11,19:25:00,135.28,135.55,135.25,135.54,3863,0
2015-02-11,19:30:00,135.51,135.58,135.42,135.42,6375,0
2015-02-11,19:35:00,135.51,135.55,135.4,135.51,8858,0
2015-02-11,19:40:00,135.58,135.58,135.49,135.49,1900,0
2015-02-11,19:45:00,135.51,135.52,135.39,135.39,6380,0
2015-02-11,19:50:00,135.43,135.43,135.3,135.37,6468,0
2015-02-11,19:55:00,135.33,135.38,135.28,135.29,6995,0
2015-02-11,20:00:00,135.19,135.72,135.19,135.6,8018,0
2015-02-11,20:05:00,135.6,135.65,135.47,135.53,5500,0
2015-02-11,20:10:00,135.6,135.86,135.6,135.86,4990,0
2015-02-11,20:15:00,135.82,135.85,135.61,135.68,11083,0
2015-02-11,20:20:00,135.61,135.68,135.39,135.59,23701,0
2015-02-11,20:25:00,135.68,135.68,135.57,135.57,3900,0
2015-02-11,20:30:00,135.59,135.61,135.41,135.54,7120,0
2015-02-11,20:35:00,135.57,135.82,135.57,135.82,6700,0
2015-02-11,20:40:00,135.89,135.89,135.82,135.87,2800,0
2015-02-11,20:45:00,135.92,135.98,135.85,135.96,6138,0
2015-02-11,20:50:00,135.99,136.06,135.94,135.97,17100,0
2015-02-11,20:55:00,135.96,136.05,135.95,136.01,11379,0
2015-02-11,21:00:00,136.03,136.05,135.92,136.0,14292,0
2015-02-11,21:05:00,136.0,136.05,136.0,136.03,24928,0
2015-02-11,21:10:00,136.04,136.1,136.0,136.03,17136,0
2015-02-11,21:15:00,136.02,136.09,135.96,136.05,12424,0
2015-02-11,21:20:00,136.04,136.12,135.93,136.07,29645,0
2015-02-11,21:25:00,136.09,136.33,136.09,136.33,22932,0
2015-02-11,21:30:00,136.35,136.66,136.35,136.51,23942,0
2015-02-11,21:35:00,136.52,136.6,136.18,136.18,26005,0
2015-02-11,21:40:00,136.29,136.49,136.29,136.47,13900,0
2015-02-11,21:45:00,136.45,136.55,136.31,136.39,20808,0
2015-02-11,21:50:00,136.37,136.41,136.08,136.16,24739,0
2015-02-11,21:55:00,136.15,136.22,136.01,136.2,26169,0
2015-02-11,22:00:00,136.15,136.33,136.12,136.24,111867,0
2015-02-12,15:35:00,136.26,136.63,136.16,136.42,11726,0
2015-02-12,15:40:00,136.6,136.69,136.5,136.65,7300,0
2015-02-12,15:45:00,136.57,136.76,136.51,136.51,17480,0
2015-02-12,15:50:00,136.48,136.82,136.41,136.77,17300,0
2015-02-12,15:55:00,136.8,136.9,136.8,136.85,15261,0
2015-02-12,16:00:00,136.88,137.07,136.86,137.07,9195,0
2015-02-12,16:05:00,137.05,137.16,136.93,137.03,24409,0
2015-02-12,16:10:00,137.07,137.16,137.06,137.08,16647,0
2015-02-12,16:15:00,137.16,137.33,137.1,137.26,16599,0
2015-02-12,16:20:00,137.27,137.3,137.13,137.15,11644,0
2015-02-12,16:25:00,137.2,137.3,137.02,137.04,16013,0
2015-02-12,16:30:00,137.02,137.1,136.95,136.95,4597,0
2015-02-12,16:35:00,136.94,136.94,136.8,136.93,8774,0
2015-02-12,16:40:00,136.97,137.04,136.92,137.03,7514,0
2015-02-12,16:45:00,137.05,137.1,136.98,136.98,6600,0
2015-02-12,16:50:00,137.01,137.04,136.85,136.85,7600,0
2015-02-12,16:55:00,136.85,136.97,136.84,136.84,7842,0
2015-02-12,17:00:00,136.92,136.96,136.65,136.65,6300,0
2015-02-12,17:05:00,136.59,136.71,136.57,136.68,8477,0
2015-02-12,17:10:00,136.78,136.78,136.65,136.65,7210,0
2015-02-12,17:15:00,136.69,136.71,136.64,136.69,17036,0
2015-02-12,17:20:00,136.67,136.67,136.53,136.57,9822,0
2015-02-12,17:25:00,136.52,136.52,136.35,136.4,9784,0
2015-02-12,17:30:00,136.38,136.49,136.38,136.48,10455,0
2015-02-12,17:35:00,136.52,136.76,136.47,136.72,7800,0
2015-02-12,17:40:00,136.77,136.77,136.68,136.68,3900,0
2015-02-12,17:45:00,136.66,136.68,136.6,136.66,4346,0
2015-02-12,17:50:00,136.66,136.77,136.66,136.7,8030,0
2015-02-12,17:55:00,136.65,136.76,136.65,136.73,5000,0
2015-02-12,18:00:00,136.68,136.7,136.56,136.58,8182,0
2015-02-12,18:05:00,136.6,136.66,136.55,136.56,4100,0
2015-02-12,18:10:00,136.58,136.62,136.56,136.6,6995,0
2015-02-12,18:15:00,136.6,136.78,136.6,136.78,6515,0
2015-02-12,18:20:00,136.79,136.91,136.79,136.9,5948,0
2015-02-12,18:25:00,136.88,136.89,136.82,136.88,6100,0
2015-02-12,18:30:00,136.92,136.94,136.84,136.85,6438,0
2015-02-12,18:35:00,136.89,137.0,136.89,136.89,8046,0
2015-02-12,18:40:00,136.93,136.96,136.86,136.9,5000,0
2015-02-12,18:45:00,136.92,137.02,136.86,136.99,11048,0
2015-02-12,18:50:00,136.96,136.96,136.84,136.86,19741,0
2015-02-12,18:55:00,136.86,137.01,136.86,137.01,3400,0
2015-02-12,19:00:00,136.99,137.01,136.97,137.0,4607,0
2015-02-12,19:05:00,137.0,137.03,136.98,137.03,7588,0
2015-02-12,19:10:00,137.0,137.1,136.99,137.03,15200,0
2015-02-12,19:15:00,137.05,137.17,137.02,137.04,11052,0
2015-02-12,19:20:00,137.08,137.12,137.08,137.11,5800,0
2015-02-12,19:25:00,137.11,137.18,137.02,137.05,12103,0
2015-02-12,19:30:00,137.06,137.08,137.01,137.07,4893,0
2015-02-12,19:35:00,137.01,137.16,137.01,137.16,5925,0
2015-02-12,19:40:00,137.11,137.16,137.01,137.16,12328,0
2015-02-12,19:45:00,137.18,137.2,137.12,137.2,4731,0
2015-02-12,19:50:00,137.18,137.24,137.15,137.15,7263,0
2015-02-12,19:55:00,137.15,137.19,137.13,137.18,3100,0
2015-02-12,20:00:00,137.19,137.27,137.17,137.27,5294,0
2015-02-12,20:05:00,137.23,137.3,137.13,137.18,12370,0
2015-02-12,20:10:00,137.18,137.21,137.14,137.18,6682,0
2015-02-12,20:15:00,137.18,137.22,137.14,137.17,6200,0
2015-02-12,20:20:00,137.14,137.14,137.0,137.0,4300,0
2015-02-12,20:25:00,137.04,137.05,136.94,137.02,12565,0
2015-02-12,20:30:00,136.99,137.05,136.97,137.01,4534,0
2015-02-12,20:35:00,137.03,137.14,137.02,137.13,18598,0
2015-02-12,20:40:00,137.13,137.21,137.1,137.2,11788,0
2015-02-12,20:45:00,137.18,137.35,137.16,137.35,9553,0
2015-02-12,20:50:00,137.31,137.37,137.31,137.36,13372,0
2015-02-12,20:55:00,137.31,137.35,137.26,137.33,6042,0
2015-02-12,21:00:00,137.32,137.33,137.23,137.28,13401,0
2015-02-12,21:05:00,137.29,137.37,137.22,137.33,24228,0
2015-02-12,21:10:00,137.27,137.29,137.23,137.26,5134,0
2015-02-12,21:15:00,137.24,137.27,137.19,137.26,11090,0
2015-02-12,21:20:00,137.24,137.37,137.24,137.34,18686,0
2015-02-12,21:25:00,137.35,137.37,137.31,137.35,10706,0
2015-02-12,21:30:00,137.35,137.37,137.28,137.33,17852,0
2015-02-12,21:35:00,137.35,137.39,137.28,137.32,31174,0
2015-02-12,21:40:00,137.32,137.49,137.32,137.47,26849,0
2015-02-12,21:45:00,137.49,137.69,137.48,137.56,24772,0
2015-02-12,21:50:00,137.54,137.59,137.49,137.56,24036,0
2015-02-12,21:55:00,137.54,137.63,137.53,137.55,37855,0
2015-02-12,22:00:00,137.51,137.62,137.49,137.57,977190,0
2015-02-13,15:35:00,137.64,137.68,137.5,137.63,4256,0
2015-02-13,15:40:00,137.6,137.9,137.6,137.77,20157,0
2015-02-13,15:45:00,137.67,137.87,137.43,137.79,41190,0
2015-02-13,15:50:00,137.68,137.82,137.48,137.74,33074,0
2015-02-13,15:55:00,137.73,137.88,137.66,137.81,7400,0
2015-02-13,16:00:00,137.82,137.98,137.82,137.92,9049,0
2015-02-13,16:05:00,137.84,138.19,137.77,137.81,33546,0
2015-02-13,16:10:00,137.83,137.96,137.67,137.75,19791,0
2015-02-13,16:15:00,137.71,137.94,137.68,137.87,7618,0
2015-02-13,16:20:00,137.85,137.99,137.85,137.88,7700,0
2015-02-13,16:25:00,137.87,137.89,137.64,137.71,9478,0
2015-02-13,16:30:00,137.7,138.04,137.7,137.93,6063,0
2015-02-13,16:35:00,138.03,138.03,137.86,137.86,3500,0
2015-02-13,16:40:00,137.81,137.86,137.79,137.82,4388,0
2015-02-13,16:45:00,137.8,137.8,137.59,137.59,5874,0
2015-02-13,16:50:00,137.63,137.68,137.5,137.5,8200,0
2015-02-13,16:55:00,137.57,137.7,137.57,137.68,5860,0
2015-02-13,17:00:00,137.69,137.77,137.67,137.75,7190,0
2015-02-13,17:05:00,137.76,137.98,137.73,137.9,13054,0
2015-02-13,17:10:00,137.9,137.96,137.87,137.89,11386,0
2015-02-13,17:15:00,137.87,137.89,137.81,137.85,5006,0
2015-02-13,17:20:00,137.81,137.81,137.63,137.63,6478,0
2015-02-13,17:25:00,137.61,137.62,137.48,137.48,7100,0
2015-02-13,17:30:00,137.5,137.53,137.45,137.52,3700,0
2015-02-13,17:35:00,137.51,137.51,137.4,137.44,6953,0
2015-02-13,17:40:00,137.4,137.42,137.32,137.42,9222,0
2015-02-13,17:45:00,137.46,137.53,137.4,137.53,4055,0
2015-02-13,17:50:00,137.5,137.5,137.42,137.43,10753,0
2015-02-13,17:55:00,137.45,137.45,137.35,137.42,5453,0
2015-02-13,18:00:00,137.4,137.51,137.36,137.45,7440,0
2015-02-13,18:05:00,137.45,137.55,137.4,137.44,6518,0
2015-02-13,18:10:00,137.43,137.43,137.31,137.35,6125,0
2015-02-13,18:15:00,137.34,137.4,137.34,137.36,3200,0
2015-02-13,18:20:00,137.35,137.37,137.31,137.34,4999,0
2015-02-13,18:25:00,137.33,137.36,137.29,137.35,6404,0
2015-02-13,18:30:00,137.32,137.34,137.3,137.33,4970,0
2015-02-13,18:35:00,137.3,137.3,137.19,137.29,5910,0
2015-02-13,18:40:00,137.28,137.34,137.27,137.27,5568,0
2015-02-13,18:45:00,137.25,137.35,137.25,137.29,6428,0
2015-02-13,18:50:00,137.27,137.3,137.19,137.19,4402,0
2015-02-13,18:55:00,137.23,137.32,137.23,137.28,13676,0
2015-02-13,19:00:00,137.29,137.35,137.29,137.34,6438,0
2015-02-13,19:05:00,137.33,137.36,137.27,137.33,6631,0
2015-02-13,19:10:00,137.38,137.4,137.35,137.37,6284,0
2015-02-13,19:15:00,137.37,137.42,137.33,137.33,7423,0
2015-02-13,19:20:00,137.34,137.45,137.33,137.45,10166,0
2015-02-13,19:25:00,137.45,137.45,137.27,137.28,5931,0
2015-02-13,19:30:00,137.26,137.26,137.09,137.09,10172,0
2015-02-13,19:35:00,137.09,137.11,137.05,137.07,5416,0
2015-02-13,19:40:00,137.03,137.08,136.86,137.04,6400,0
2015-02-13,19:45:00,137.05,137.09,136.89,137.02,11146,0
2015-02-13,19:50:00,137.01,137.18,136.99,137.14,7808,0
2015-02-13,19:55:00,137.14,137.27,137.11,137.25,8125,0
2015-02-13,20:00:00,137.25,137.27,137.17,137.2,4489,0
2015-02-13,20:05:00,137.17,137.21,137.14,137.14,5919,0
2015-02-13,20:10:00,137.13,137.23,137.13,137.2,7492,0
2015-02-13,20:15:00,137.22,137.34,137.19,137.25,9664,0
2015-02-13,20:20:00,137.25,137.36,137.2,137.31,8865,0
2015-02-13,20:25:00,137.34,137.43,137.34,137.43,5246,0
2015-02-13,20:30:00,137.38,137.55,137.38,137.49,7700,0
2015-02-13,20:35:00,137.47,137.52,137.45,137.45,7995,0
2015-02-13,20:40:00,137.44,137.48,137.42,137.42,9580,0
2015-02-13,20:45:00,137.47,137.64,137.46,137.51,16188,0
2015-02-13,20:50:00,137.56,137.71,137.56,137.66,7170,0
2015-02-13,20:55:00,137.63,137.66,137.6,137.66,7400,0
2015-02-13,21:00:00,137.65,137.73,137.65,137.68,7400,0
2015-02-13,21:05:00,137.72,137.72,137.61,137.67,12518,0
2015-02-13,21:10:00,137.71,137.89,137.71,137.88,9338,0
2015-02-13,21:15:00,137.88,137.97,137.86,137.95,14641,0
2015-02-13,21:20:00,137.95,138.01,137.88,137.95,8500,0
2015-02-13,21:25:00,137.92,137.92,137.79,137.79,8000,0
2015-02-13,21:30:00,137.8,137.95,137.8,137.91,11896,0
2015-02-13,21:35:00,137.93,137.96,137.82,137.91,27860,0
2015-02-13,21:40:00,137.9,137.99,137.87,137.91,28630,0
2015-02-13,21:45:00,137.91,137.92,137.86,137.9,22721,0
2015-02-13,21:50:00,137.89,137.9,137.76,137.82,29062,0
2015-02-13,21:55:00,137.84,137.86,137.74,137.76,29259,0
2015-02-13,22:00:00,137.74,137.92,137.71,137.81,388593,0
2015-02-17,15:35:00,137.56,137.94,137.42,137.86,67723,0
2015-02-17,15:40:00,137.86,138.04,137.73,137.86,26397,0
2015-02-17,15:45:00,137.75,138.05,137.7,138.05,22759,0
2015-02-17,15:50:00,138.08,138.26,138.02,138.11,8270,0
2015-02-17,15:55:00,138.06,138.07,137.37,137.5,12200,0
2015-02-17,16:00:00,137.48,137.71,137.47,137.68,6675,0
2015-02-17,16:05:00,137.67,137.74,137.47,137.56,13044,0
2015-02-17,16:10:00,137.6,137.75,137.52,137.69,19073,0
2015-02-17,16:15:00,137.69,137.75,137.55,137.72,13827,0
2015-02-17,16:20:00,137.73,137.73,137.37,137.37,12414,0
2015-02-17,16:25:00,137.42,137.53,137.32,137.46,11898,0
2015-02-17,16:30:00,137.38,137.46,137.32,137.42,12895,0
2015-02-17,16:35:00,137.44,137.57,137.44,137.57,9900,0
2015-02-17,16:40:00,137.58,137.63,137.45,137.48,11961,0
2015-02-17,16:45:00,137.42,137.6,137.39,137.57,12443,0
2015-02-17,16:50:00,137.57,137.57,137.39,137.53,18912,0
2015-02-17,16:55:00,137.53,137.57,137.33,137.35,15265,0
2015-02-17,17:00:00,137.33,137.42,137.25,137.4,8861,0
2015-02-17,17:05:00,137.37,137.43,137.17,137.26,14992,0
2015-02-17,17:10:00,137.17,137.23,137.08,137.2,7800,0
2015-02-17,17:15:00,137.25,137.29,137.09,137.13,11618,0
2015-02-17,17:20:00,137.17,137.2,137.09,137.09,14530,0
2015-02-17,17:25:00,137.13,137.23,137.12,137.16,24399,0
2015-02-17,17:30:00,137.16,137.18,137.07,137.16,14063,0
2015-02-17,17:35:00,137.1,137.25,137.1,137.24,19530,0
2015-02-17,17:40:00,137.23,137.47,137.23,137.45,11100,0
2015-02-17,17:45:00,137.42,137.48,137.37,137.42,11310,0
2015-02-17,17:50:00,137.41,137.44,137.3,137.3,11297,0
2015-02-17,17:55:00,137.3,137.39,137.3,137.31,11031,0
2015-02-17,18:00:00,137.3,137.37,137.29,137.29,8673,0
2015-02-17,18:05:00,137.3,137.37,137.3,137.36,10421,0
2015-02-17,18:10:00,137.34,137.41,137.31,137.36,8646,0
2015-02-17,18:15:00,137.37,137.4,137.29,137.34,10158,0
2015-02-17,18:20:00,137.33,137.41,137.29,137.34,8146,0
2015-02-17,18:25:00,137.32,137.42,137.32,137.42,7899,0
2015-02-17,18:30:00,137.4,137.4,137.2,137.28,10093,0
2015-02-17,18:35:00,137.29,137.54,137.29,137.48,9196,0
2015-02-17,18:40:00,137.44,137.57,137.44,137.53,5800,0
2015-02-17,18:45:00,137.53,137.53,137.42,137.5,8528,0
2015-02-17,18:50:00,137.51,137.58,137.51,137.56,7354,0
2015-02-17,18:55:00,137.56,137.59,137.4,137.48,19611,0
2015-02-17,19:00:00,137.49,137.5,137.38,137.43,11892,0
2015-02-17,19:05:00,137.43,137.46,137.32,137.44,11697,0
2015-02-17,19:10:00,137.42,137.52,137.35,137.5,22385,0
2015-02-17,19:15:00,137.48,137.51,137.41,137.42,9246,0
2015-02-17,19:20:00,137.48,137.54,137.48,137.49,17837,0
2015-02-17,19:25:00,137.48,137.56,137.43,137.45,19714,0
2015-02-17,19:30:00,137.49,137.54,137.49,137.5,18662,0
2015-02-17,19:35:00,137.51,137.54,137.47,137.49,9890,0
2015-02-17,19:40:00,137.48,137.63,137.43,137.51,8824,0
2015-02-17,19:45:00,137.51,137.58,137.49,137.55,11259,0
2015-02-17,19:50:00,137.53,137.57,137.5,137.55,12486,0
2015-02-17,19:55:00,137.54,137.54,137.41,137.48,8749,0
2015-02-17,20:00:00,137.5,137.5,137.35,137.39,4400,0
2015-02-17,20:05:00,137.36,137.36,137.24,137.25,7313,0
2015-02-17,20:10:00,137.25,137.28,137.18,137.19,13537,0
2015-02-17,20:15:00,137.2,137.29,137.16,137.18,12545,0
2015-02-17,20:20:00,137.2,137.24,137.12,137.24,7853,0
2015-02-17,20:25:00,137.21,137.26,137.19,137.19,7345,0
2015-02-17,20:30:00,137.21,137.28,137.16,137.23,10281,0
2015-02-17,20:35:00,137.27,137.33,137.24,137.33,15064,0
2015-02-17,20:40:00,137.32,137.44,137.32,137.34,7829,0
2015-02-17,20:45:00,137.35,137.42,137.3,137.37,7268,0
2015-02-17,20:50:00,137.38,137.44,137.33,137.41,12780,0
2015-02-17,20:55:00,137.4,137.42,137.22,137.26,8448,0
2015-02-17,21:00:00,137.28,137.37,137.24,137.29,8800,0
2015-02-17,21:05:00,137.28,137.41,137.25,137.36,12324,0
2015-02-17,21:10:00,137.35,137.41,137.28,137.37,8742,0
2015-02-17,21:15:00,137.34,137.39,137.27,137.34,9058,0
2015-02-17,21:20:00,137.35,137.39,137.29,137.36,6927,0
2015-02-17,21:25:00,137.31,137.43,137.26,137.39,14390,0
2015-02-17,21:30:00,137.33,137.41,137.32,137.38,11490,0
2015-02-17,21:35:00,137.36,137.36,137.17,137.24,18548,0
2015-02-17,21:40:00,137.25,137.39,137.2,137.28,13926,0
2015-02-17,21:45:00,137.34,137.37,137.14,137.14,16910,0
2015-02-17,21:50:00,137.14,137.28,137.09,137.28,31328,0
2015-02-17,21:55:00,137.29,137.31,137.21,137.28,23221,0
2015-02-17,22:00:00,137.26,137.54,137.26,137.53,639862,0
2015-02-18,15:35:00,137.21,137.21,136.53,136.55,19902,0
2015-02-18,15:40:00,136.79,137.25,136.67,137.09,14125,0
2015-02-18,15:45:00,137.11,137.28,137.03,137.03,23893,0
2015-02-18,15:50:00,137.09,137.25,136.93,136.93,33054,0
2015-02-18,15:55:00,136.93,137.08,136.77,136.96,10516,0
2015-02-18,16:00:00,136.93,137.07,136.91,137,9854,0
2015-02-18,16:05:00,137,137.08,136.85,137.06,18633,0
2015-02-18,16:10:00,137.1,137.1,136.98,136.98,10833,0
2015-02-18,16:15:00,137,137.05,136.73,136.83,9243,0
2015-02-18,16:20:00,136.84,136.88,136.74,136.74,9710,0
2015-02-18,16:25:00,136.74,136.78,136.52,136.66,9855,0
2015-02-18,16:30:00,136.58,136.62,136.42,136.53,16609,0
2015-02-18,16:35:00,136.57,136.81,136.52,136.81,7900,0
2015-02-18,16:40:00,136.86,137,136.83,136.96,11763,0
2015-02-18,16:45:00,136.96,136.98,136.86,136.92,10206,0
2015-02-18,16:50:00,136.95,136.96,136.85,136.91,10161,0
2015-02-18,16:55:00,136.9,136.96,136.75,136.75,8117,0
2015-02-18,17:00:00,136.74,136.74,136.52,136.52,6859,0
2015-02-18,17:05:00,136.61,136.61,136.48,136.48,6200,0
2015-02-18,17:10:00,136.53,136.64,136.43,136.43,14161,0
2015-02-18,17:15:00,136.47,136.58,136.47,136.55,3200,0
2015-02-18,17:20:00,136.53,136.77,136.51,136.77,6070,0
2015-02-18,17:25:00,136.77,136.86,136.76,136.77,6810,0
2015-02-18,17:30:00,136.79,136.8,136.76,136.78,12450,0
2015-02-18,17:35:00,136.77,136.82,136.67,136.73,15281,0
2015-02-18,17:40:00,136.71,136.8,136.71,136.75,6200,0
2015-02-18,17:45:00,136.79,136.79,136.5,136.63,9600,0
2015-02-18,17:50:00,136.65,136.69,136.58,136.66,5000,0
2015-02-18,17:55:00,136.7,136.71,136.64,136.68,9702,0
2015-02-18,18:00:00,136.64,136.67,136.6,136.62,12289,0
2015-02-18,18:05:00,136.63,136.67,136.6,136.62,9508,0
2015-02-18,18:10:00,136.65,136.65,136.58,136.63,9350,0
2015-02-18,18:15:00,136.62,136.65,136.6,136.65,3449,0
2015-02-18,18:20:00,136.64,136.69,136.63,136.65,6004,0
2015-02-18,18:25:00,136.67,136.72,136.65,136.65,5350,0
2015-02-18,18:30:00,136.69,136.69,136.63,136.67,3736,0
2015-02-18,18:35:00,136.68,136.68,136.56,136.59,10314,0
2015-02-18,18:40:00,136.63,136.68,136.46,136.46,8236,0
2015-02-18,18:45:00,136.5,136.55,136.31,136.32,12824,0
2015-02-18,18:50:00,136.34,136.45,136.34,136.39,5750,0
2015-02-18,18:55:00,136.48,136.48,136.34,136.35,5200,0
2015-02-18,19:00:00,136.36,136.4,136.33,136.4,4492,0
2015-02-18,19:05:00,136.36,136.55,136.36,136.53,5400,0
2015-02-18,19:10:00,136.55,136.6,136.49,136.53,6113,0
2015-02-18,19:15:00,136.54,136.59,136.51,136.52,6094,0
2015-02-18,19:20:00,136.52,136.61,136.48,136.55,8400,0
2015-02-18,19:25:00,136.49,136.49,136.44,136.44,2900,0
2015-02-18,19:30:00,136.45,136.5,136.41,136.5,4005,0
2015-02-18,19:35:00,136.52,136.6,136.51,136.58,18275,0
2015-02-18,19:40:00,136.58,136.59,136.48,136.54,4800,0
2015-02-18,19:45:00,136.56,136.58,136.48,136.48,5349,0
2015-02-18,19:50:00,136.49,136.56,136.48,136.54,11040,0
2015-02-18,19:55:00,136.5,136.58,136.44,136.53,8800,0
2015-02-18,20:00:00,136.5,136.59,136.49,136.53,8600,0
2015-02-18,20:05:00,136.54,136.72,136.36,136.36,41240,0
2015-02-18,20:10:00,136.37,136.43,136.29,136.29,16510,0
2015-02-18,20:15:00,136.17,136.17,135.89,135.97,10728,0
2015-02-18,20:20:00,135.96,135.96,135.68,135.75,19091,0
2015-02-18,20:25:00,135.78,135.81,135.58,135.64,9468,0
2015-02-18,20:30:00,135.64,135.65,135.4,135.47,16264,0
2015-02-18,20:35:00,135.46,135.56,135.42,135.51,14330,0
2015-02-18,20:40:00,135.43,135.51,135.39,135.49,13087,0
2015-02-18,20:45:00,135.45,135.66,135.36,135.66,8700,0
2015-02-18,20:50:00,135.63,135.75,135.63,135.65,17494,0
2015-02-18,20:55:00,135.68,135.79,135.63,135.76,5100,0
2015-02-18,21:00:00,135.81,135.85,135.71,135.79,12924,0
2015-02-18,21:05:00,135.86,135.95,135.79,135.85,54588,0
2015-02-18,21:10:00,135.85,135.89,135.78,135.78,28907,0
2015-02-18,21:15:00,135.76,135.83,135.71,135.73,6700,0
2015-02-18,21:20:00,135.75,135.75,135.61,135.68,42479,0
2015-02-18,21:25:00,135.68,135.76,135.59,135.6,28980,0
2015-02-18,21:30:00,135.57,135.8,135.57,135.78,22115,0
2015-02-18,21:35:00,135.77,135.85,135.69,135.83,28707,0
2015-02-18,21:40:00,135.83,135.89,135.68,135.86,21586,0
2015-02-18,21:45:00,135.85,135.94,135.73,135.84,27519,0
2015-02-18,21:50:00,135.84,135.91,135.69,135.69,37700,0
2015-02-18,21:55:00,135.72,135.83,135.72,135.83,48513,0
2015-02-18,22:00:00,135.83,135.88,135.73,135.86,130844,0
2015-02-19,15:35:00,135.37,136.11,135.37,135.7,9730,0
2015-02-19,15:40:00,135.6,136,135.6,135.86,14841,0
2015-02-19,15:45:00,135.81,136.17,135.81,136.05,10733,0
2015-02-19,15:50:00,136,136.01,135.75,135.85,17794,0
2015-02-19,15:55:00,135.78,135.9,135.67,135.7,13838,0
2015-02-19,16:00:00,135.78,135.91,135.62,135.79,19004,0
2015-02-19,16:05:00,135.76,135.85,135.46,135.59,16528,0
2015-02-19,16:10:00,135.58,135.95,135.55,135.9,8741,0
2015-02-19,16:15:00,135.84,135.95,135.77,135.91,24465,0
2015-02-19,16:20:00,135.9,135.96,135.77,135.96,8512,0
2015-02-19,16:25:00,135.98,135.99,135.89,135.98,8815,0
2015-02-19,16:30:00,135.94,136.13,135.92,135.99,11736,0
2015-02-19,16:35:00,135.98,136.05,135.87,135.87,11372,0
2015-02-19,16:40:00,135.82,136.07,135.82,136.05,5000,0
2015-02-19,16:45:00,136.02,136.07,135.94,136.04,8006,0
2015-02-19,16:50:00,136.04,136.04,135.87,135.93,7737,0
2015-02-19,16:55:00,135.94,136.06,135.89,136.06,6900,0
2015-02-19,17:00:00,136.1,136.14,135.87,135.93,22064,0
2015-02-19,17:05:00,135.91,136,135.9,135.96,9430,0
2015-02-19,17:10:00,135.96,135.99,135.9,135.94,17423,0
2015-02-19,17:15:00,135.95,136.01,135.94,135.96,18271,0
2015-02-19,17:20:00,135.97,136.01,135.93,135.95,13023,0
2015-02-19,17:25:00,135.97,136.11,135.96,136.06,13500,0
2015-02-19,17:30:00,136.08,136.3,136.07,136.29,15941,0
2015-02-19,17:35:00,136.27,136.38,136.19,136.3,14994,0
2015-02-19,17:40:00,136.31,136.34,136.14,136.2,27404,0
2015-02-19,17:45:00,136.2,136.27,136.11,136.27,15201,0
2015-02-19,17:50:00,136.26,136.33,136.23,136.31,23865,0
2015-02-19,17:55:00,136.29,136.38,136.28,136.35,6500,0
2015-02-19,18:00:00,136.37,136.46,136.37,136.39,6700,0
2015-02-19,18:05:00,136.4,136.44,136.25,136.25,5987,0
2015-02-19,18:10:00,136.17,136.17,136.11,136.12,8400,0
2015-02-19,18:15:00,136.12,136.14,136.07,136.13,5300,0
2015-02-19,18:20:00,136.13,136.15,136.04,136.12,7952,0
2015-02-19,18:25:00,136.12,136.14,136.11,136.11,4200,0
2015-02-19,18:30:00,136.07,136.12,136.02,136.05,4527,0
2015-02-19,18:35:00,136.07,136.11,135.94,135.94,6701,0
2015-02-19,18:40:00,135.88,135.98,135.81,135.98,4900,0
2015-02-19,18:45:00,135.95,136.02,135.94,136.02,3509,0
2015-02-19,18:50:00,135.99,136,135.94,135.99,3400,0
2015-02-19,18:55:00,136.03,136.03,135.94,135.96,5150,0
2015-02-19,19:00:00,135.97,136.01,135.87,136.01,4700,0
2015-02-19,19:05:00,136.01,136.01,135.81,135.81,4080,0
2015-02-19,19:10:00,135.75,135.84,135.75,135.79,2900,0
2015-02-19,19:15:00,135.76,135.78,135.72,135.75,5701,0
2015-02-19,19:20:00,135.73,135.76,135.52,135.58,10899,0
2015-02-19,19:25:00,135.55,135.74,135.5,135.7,14115,0
2015-02-19,19:30:00,135.75,135.9,135.75,135.9,8643,0
2015-02-19,19:35:00,135.95,136.01,135.92,136,5568,0
2015-02-19,19:40:00,136.05,136.05,135.94,135.98,12747,0
2015-02-19,19:45:00,136,136.02,135.9,135.94,6629,0
2015-02-19,19:50:00,135.97,135.98,135.86,135.93,5900,0
2015-02-19,19:55:00,135.97,136.04,135.94,136,15100,0
2015-02-19,20:00:00,136,136.01,135.93,135.95,6500,0
2015-02-19,20:05:00,135.96,136.03,135.95,136,10100,0
2015-02-19,20:10:00,136,136.02,135.97,135.97,13443,0
2015-02-19,20:15:00,135.99,136.06,135.99,136.03,12400,0
2015-02-19,20:20:00,136.02,136.08,136.02,136.05,7593,0
2015-02-19,20:25:00,136.02,136.07,135.95,136.03,6431,0
2015-02-19,20:30:00,136,136.05,135.98,136.05,6500,0
2015-02-19,20:35:00,136.01,136.07,136.01,136.04,11699,0
2015-02-19,20:40:00,136.05,136.05,135.9,135.94,10200,0
2015-02-19,20:45:00,135.95,136.06,135.9,136.02,14378,0
2015-02-19,20:50:00,136.02,136.03,135.96,135.98,6851,0
2015-02-19,20:55:00,135.99,136.03,135.98,136.02,11254,0
2015-02-19,21:00:00,136.01,136.03,135.97,136.01,8464,0
2015-02-19,21:05:00,136,136.02,135.96,135.97,13177,0
2015-02-19,21:10:00,136.01,136.01,135.95,135.95,13658,0
2015-02-19,21:15:00,135.94,135.99,135.91,135.93,9752,0
2015-02-19,21:20:00,135.92,135.95,135.87,135.9,15326,0
2015-02-19,21:25:00,135.91,135.93,135.87,135.9,15673,0
2015-02-19,21:30:00,135.9,135.92,135.82,135.89,13210,0
2015-02-19,21:35:00,135.89,135.93,135.78,135.9,18303,0
2015-02-19,21:40:00,135.91,135.93,135.84,135.86,16596,0
2015-02-19,21:45:00,135.87,135.93,135.86,135.88,19038,0
2015-02-19,21:50:00,135.83,135.86,135.74,135.74,21419,0
2015-02-19,21:55:00,135.75,135.76,135.7,135.72,45492,0
2015-02-19,22:00:00,135.73,135.91,135.69,135.85,346287,0
2015-02-20,15:35:00,135.39,135.65,135.06,135.46,102016,0
2015-02-20,15:40:00,135.46,135.52,134.91,134.91,19323,0
2015-02-20,15:45:00,134.97,135.05,134.33,134.75,18385,0
2015-02-20,15:50:00,134.78,134.81,134.3,134.42,15553,0
2015-02-20,15:55:00,134.4,134.57,134.31,134.53,12931,0
2015-02-20,16:00:00,134.43,134.54,134.31,134.36,13476,0
2015-02-20,16:05:00,134.41,134.45,134.33,134.4,13117,0
2015-02-20,16:10:00,134.47,134.66,134.47,134.58,14471,0
2015-02-20,16:15:00,134.64,134.9,134.62,134.82,12093,0
2015-02-20,16:20:00,134.8,134.89,134.66,134.66,13986,0
2015-02-20,16:25:00,134.64,134.8,134.53,134.73,10580,0
2015-02-20,16:30:00,134.69,134.76,134.57,134.57,11091,0
2015-02-20,16:35:00,134.53,134.66,134.47,134.66,15719,0
2015-02-20,16:40:00,134.64,134.93,134.62,134.9,22446,0
2015-02-20,16:45:00,134.99,135.07,134.91,134.99,15680,0
2015-02-20,16:50:00,135.06,135.37,135.06,135.23,11353,0
2015-02-20,16:55:00,135.26,135.3,135.15,135.3,9788,0
2015-02-20,17:00:00,135.35,135.53,135.34,135.52,16267,0
2015-02-20,17:05:00,135.55,135.56,135.47,135.51,37271,0
2015-02-20,17:10:00,135.52,135.66,135.52,135.63,7403,0
2015-02-20,17:15:00,135.53,135.7,135.52,135.6,14245,0
2015-02-20,17:20:00,135.57,135.7,135.57,135.59,10443,0
2015-02-20,17:25:00,135.59,135.69,135.59,135.69,12284,0
2015-02-20,17:30:00,135.69,135.73,135.62,135.63,16310,0
2015-02-20,17:35:00,135.68,135.69,135.61,135.65,9732,0
2015-02-20,17:40:00,135.61,135.71,135.49,135.5,13985,0
2015-02-20,17:45:00,135.46,135.64,135.46,135.53,13750,0
2015-02-20,17:50:00,135.52,135.57,135.47,135.52,7643,0
2015-02-20,17:55:00,135.52,135.6,135.5,135.55,15500,0
2015-02-20,18:00:00,135.58,135.66,135.55,135.64,8314,0
2015-02-20,18:05:00,135.64,135.64,135.52,135.58,19059,0
2015-02-20,18:10:00,135.56,135.57,135.49,135.53,5100,0
2015-02-20,18:15:00,135.55,135.58,135.51,135.52,8364,0
2015-02-20,18:20:00,135.49,135.67,135.49,135.6,17471,0
2015-02-20,18:25:00,135.6,135.64,135.56,135.6,11634,0
2015-02-20,18:30:00,135.58,135.6,135.42,135.43,11912,0
2015-02-20,18:35:00,135.43,135.45,135.38,135.41,5484,0
2015-02-20,18:40:00,135.44,135.8,135.44,135.66,31686,0
2015-02-20,18:45:00,135.68,135.92,135.63,135.73,14454,0
2015-02-20,18:50:00,135.77,135.86,135.74,135.84,4897,0
2015-02-20,18:55:00,135.84,135.9,135.83,135.87,11704,0
2015-02-20,19:00:00,135.83,135.84,135.76,135.81,6100,0
2015-02-20,19:05:00,135.81,135.94,135.79,135.83,15343,0
2015-02-20,19:10:00,135.85,135.87,135.75,135.77,14846,0
2015-02-20,19:15:00,135.8,135.87,135.79,135.81,35364,0
2015-02-20,19:20:00,135.82,135.89,135.76,135.85,12534,0
2015-02-20,19:25:00,135.94,136.07,135.94,136,34560,0
2015-02-20,19:30:00,136,136.05,135.89,135.89,10301,0
2015-02-20,19:35:00,135.9,135.97,135.84,135.91,14427,0
2015-02-20,19:40:00,135.88,136.08,135.87,136.08,14847,0
2015-02-20,19:45:00,136.09,136.16,135.99,136.02,24014,0
2015-02-20,19:50:00,136.01,136.05,135.95,136.04,10000,0
2015-02-20,19:55:00,136.05,136.1,136.02,136.04,12249,0
2015-02-20,20:00:00,136.05,136.06,135.97,135.97,38448,0
2015-02-20,20:05:00,135.96,136.12,135.96,136.06,9206,0
2015-02-20,20:10:00,136.08,136.08,135.93,135.98,47240,0
2015-02-20,20:15:00,136.01,136.03,135.87,135.9,21169,0
2015-02-20,20:20:00,135.87,135.92,135.79,135.88,9900,0
2015-02-20,20:25:00,135.95,136,135.95,135.96,11604,0
2015-02-20,20:30:00,135.97,136.01,135.97,135.99,17783,0
2015-02-20,20:35:00,136,136.02,135.93,136,18483,0
2015-02-20,20:40:00,136.02,136.08,135.98,136,11628,0
2015-02-20,20:45:00,136,136.02,135.92,135.99,15479,0
2015-02-20,20:50:00,136.01,136.01,135.94,136,18337,0
2015-02-20,20:55:00,136,136.04,135.97,136,24668,0
2015-02-20,21:00:00,136,136.04,135.96,136.01,27380,0
2015-02-20,21:05:00,136,136.05,135.94,135.94,49995,0
2015-02-20,21:10:00,135.98,136.09,135.97,136.06,33173,0
2015-02-20,21:15:00,136.04,136.11,136.04,136.07,26432,0
2015-02-20,21:20:00,136.09,136.09,135.95,136,21125,0
2015-02-20,21:25:00,136.03,136.1,135.96,136.07,26507,0
2015-02-20,21:30:00,136.1,136.18,136.05,136.13,17258,0
2015-02-20,21:35:00,136.13,136.26,136,136.16,35755,0
2015-02-20,21:40:00,136.16,136.2,136.12,136.15,28314,0
2015-02-20,21:45:00,136.16,136.18,136.13,136.15,24294,0
2015-02-20,21:50:00,136.18,136.19,136.11,136.11,40121,0
2015-02-20,21:55:00,136.15,136.18,136.08,136.11,40103,0
2015-02-20,22:00:00,136.14,136.2,136.14,136.2,482707,0
2015-02-23,15:35:00,136.37,136.37,135.04,135.04,71871,0
2015-02-23,15:40:00,135.04,135.39,135.04,135.16,17373,0
2015-02-23,15:45:00,135.13,135.37,135.13,135.19,11118,0
2015-02-23,15:50:00,135.12,135.33,135.07,135.07,6398,0
2015-02-23,15:55:00,135,135.42,135,135.4,7930,0
2015-02-23,16:00:00,135.35,135.37,134.99,135.28,7000,0
2015-02-23,16:05:00,135.34,135.34,135.08,135.26,20545,0
2015-02-23,16:10:00,135.27,135.27,135.05,135.12,13560,0
2015-02-23,16:15:00,135.19,135.28,135.06,135.18,19383,0
2015-02-23,16:20:00,135.15,135.15,134.96,135.05,7481,0
2015-02-23,16:25:00,135.1,135.31,135.05,135.31,6250,0
2015-02-23,16:30:00,135.24,135.26,135.14,135.24,16624,0
2015-02-23,16:35:00,135.24,135.3,135.24,135.25,8800,0
2015-02-23,16:40:00,135.28,135.31,135.22,135.29,7581,0
2015-02-23,16:45:00,135.33,135.34,135.26,135.33,8701,0
2015-02-23,16:50:00,135.35,135.35,135.27,135.27,7767,0
2015-02-23,16:55:00,135.34,135.34,135.17,135.25,7307,0
2015-02-23,17:00:00,135.25,135.34,135.23,135.23,13148,0
2015-02-23,17:05:00,135.2,135.26,135.2,135.23,6515,0
2015-02-23,17:10:00,135.25,135.27,135.2,135.24,7242,0
2015-02-23,17:15:00,135.23,135.24,135.11,135.15,16223,0
2015-02-23,17:20:00,135.16,135.28,135.14,135.25,6305,0
2015-02-23,17:25:00,135.27,135.39,135.27,135.38,3453,0
2015-02-23,17:30:00,135.39,135.44,135.34,135.34,9648,0
2015-02-23,17:35:00,135.33,135.33,135.27,135.27,7610,0
2015-02-23,17:40:00,135.29,135.38,135.25,135.29,9224,0
2015-02-23,17:45:00,135.25,135.29,135.16,135.19,5500,0
2015-02-23,17:50:00,135.2,135.25,135.17,135.2,7400,0
2015-02-23,17:55:00,135.16,135.21,135.16,135.21,4405,0
2015-02-23,18:00:00,135.19,135.33,135.18,135.28,8005,0
2015-02-23,18:05:00,135.29,135.3,135.26,135.3,4422,0
2015-02-23,18:10:00,135.3,135.31,135.25,135.26,4501,0
2015-02-23,18:15:00,135.29,135.3,135.27,135.27,3905,0
2015-02-23,18:20:00,135.26,135.26,135.11,135.13,4010,0
2015-02-23,18:25:00,135.1,135.1,135.03,135.04,5973,0
2015-02-23,18:30:00,135.04,135.04,134.79,134.82,13866,0
2015-02-23,18:35:00,134.81,134.82,134.77,134.77,10758,0
2015-02-23,18:40:00,134.77,134.77,134.53,134.55,25444,0
2015-02-23,18:45:00,134.55,134.57,134.31,134.34,34812,0
2015-02-23,18:50:00,134.33,134.35,134,134.33,36618,0
2015-02-23,18:55:00,134.34,134.37,134.18,134.19,44866,0
2015-02-23,19:00:00,134.25,134.26,134.2,134.26,12833,0
2015-02-23,19:05:00,134.29,134.29,134.17,134.22,13933,0
2015-02-23,19:10:00,134.25,134.26,134.2,134.25,23294,0
2015-02-23,19:15:00,134.26,134.45,134.2,134.42,27209,0
2015-02-23,19:20:00,134.42,134.58,134.35,134.51,19109,0
2015-02-23,19:25:00,134.53,134.56,134.47,134.53,7043,0
2015-02-23,19:30:00,134.54,134.54,134.32,134.32,8524,0
2015-02-23,19:35:00,134.38,134.57,134.34,134.45,9060,0
2015-02-23,19:40:00,134.5,134.59,134.5,134.54,33917,0
2015-02-23,19:45:00,134.54,134.56,134.43,134.47,29108,0
2015-02-23,19:50:00,134.54,134.55,134.46,134.5,5200,0
2015-02-23,19:55:00,134.55,134.57,134.49,134.57,4525,0
2015-02-23,20:00:00,134.57,134.6,134.49,134.51,13705,0
2015-02-23,20:05:00,134.54,134.64,134.5,134.64,4301,0
2015-02-23,20:10:00,134.64,134.68,134.63,134.64,7167,0
2015-02-23,20:15:00,134.65,134.67,134.52,134.52,9388,0
2015-02-23,20:20:00,134.54,134.56,134.42,134.42,11758,0
2015-02-23,20:25:00,134.42,134.49,134.42,134.49,5252,0
2015-02-23,20:30:00,134.54,134.59,134.52,134.52,9695,0
2015-02-23,20:35:00,134.53,134.61,134.51,134.55,12659,0
2015-02-23,20:40:00,134.55,134.6,134.52,134.52,7579,0
2015-02-23,20:45:00,134.51,134.56,134.42,134.55,9440,0
2015-02-23,20:50:00,134.54,134.57,134.5,134.51,6700,0
2015-02-23,20:55:00,134.52,134.56,134.51,134.52,9830,0
2015-02-23,21:00:00,134.55,134.64,134.54,134.6,11172,0
2015-02-23,21:05:00,134.56,134.58,134.4,134.41,9696,0
2015-02-23,21:10:00,134.38,134.42,134.24,134.31,11731,0
2015-02-23,21:15:00,134.29,134.33,134.22,134.32,11372,0
2015-02-23,21:20:00,134.32,134.4,134.31,134.34,11447,0
2015-02-23,21:25:00,134.35,134.39,134.33,134.35,9705,0
2015-02-23,21:30:00,134.36,134.5,134.36,134.5,7600,0
2015-02-23,21:35:00,134.49,134.51,134.43,134.46,11403,0
2015-02-23,21:40:00,134.48,134.53,134.47,134.5,14733,0
2015-02-23,21:45:00,134.49,134.51,134.44,134.49,22137,0
2015-02-23,21:50:00,134.51,134.58,134.46,134.46,30395,0
2015-02-23,21:55:00,134.48,134.56,134.47,134.56,25284,0
2015-02-23,22:00:00,134.56,134.77,134.55,134.76,691855,0
