Date,Time,Open,High,Low,Close,Volume,OpenInt
2015-02-03,16:50:00,56.08,56.11,56.01,56.05,11915,0
2015-02-03,16:55:00,56.066,56.106,56.036,56.036,9816,0
2015-02-03,17:00:00,56.036,56.036,55.887,55.947,11441,0
2015-02-03,17:05:00,55.917,56.116,55.917,56.046,7677,0
2015-02-03,17:10:00,56.036,56.165,56.026,56.145,7826,0
2015-02-03,17:15:00,56.126,56.145,55.986,56.145,12130,0
2015-02-03,17:20:00,56.145,56.155,56.076,56.116,10171,0
2015-02-03,17:25:00,56.106,56.165,56.036,56.116,14259,0
2015-02-03,17:30:00,56.106,56.185,56.016,56.056,9140,0
2015-02-03,17:35:00,56.026,56.036,55.996,56.006,4471,0
2015-02-03,17:40:00,56.026,56.205,56.026,56.185,8618,0
2015-02-03,17:45:00,56.175,56.235,56.106,56.235,4016,0
2015-02-03,17:50:00,56.235,56.265,56.175,56.195,7192,0
2015-02-03,17:55:00,56.165,56.285,56.165,56.255,17178,0
2015-02-03,18:00:00,56.245,56.305,56.205,56.305,12738,0
2015-02-03,18:05:00,56.305,56.305,56.175,56.225,8671,0
2015-02-03,18:10:00,56.225,56.295,56.225,56.275,9674,0
2015-02-03,18:15:00,56.235,56.295,56.235,56.265,5913,0
2015-02-03,18:20:00,56.225,56.225,56.106,56.116,8474,0
2015-02-03,18:25:00,56.126,56.145,56.026,56.056,5897,0
2015-02-03,18:30:00,56.066,56.106,56.036,56.036,5718,0
2015-02-03,18:35:00,56.026,56.026,55.937,55.947,5607,0
2015-02-03,18:40:00,55.956,56.016,55.947,55.956,9663,0
2015-02-03,18:45:00,55.976,56.026,55.976,56.016,6564,0
2015-02-03,18:50:00,56.026,56.056,55.996,56.056,5596,0
2015-02-03,18:55:00,56.056,56.066,55.996,56.066,5708,0
2015-02-03,19:00:00,56.076,56.135,56.046,56.086,5948,0
2015-02-03,19:05:00,56.086,56.165,56.056,56.135,7760,0
2015-02-03,19:10:00,56.165,56.195,56.155,56.195,2567,0
2015-02-03,19:15:00,56.195,56.275,56.145,56.275,10410,0
2015-02-03,19:20:00,56.285,56.364,56.255,56.354,4231,0
2015-02-03,19:25:00,56.354,56.404,56.344,56.374,2320,0
2015-02-03,19:30:00,56.374,56.434,56.344,56.344,6707,0
2015-02-03,19:35:00,56.334,56.344,56.255,56.255,19972,0
2015-02-03,19:40:00,56.225,56.285,56.155,56.155,5970,0
2015-02-03,19:45:00,56.165,56.185,56.096,56.145,6692,0
2015-02-03,19:50:00,56.135,56.195,56.135,56.135,14302,0
2015-02-03,19:55:00,56.145,56.255,56.135,56.255,8280,0
2015-02-03,20:00:00,56.245,56.265,56.205,56.225,5657,0
2015-02-03,20:05:00,56.235,56.245,56.135,56.135,7752,0
2015-02-03,20:10:00,56.145,56.165,56.116,56.145,7441,0
2015-02-03,20:15:00,56.145,56.145,56.116,56.135,2118,0
2015-02-03,20:20:00,56.135,56.195,56.135,56.175,7308,0
2015-02-03,20:25:00,56.175,56.175,56.126,56.126,9317,0
2015-02-03,20:30:00,56.106,56.135,56.036,56.056,9800,0
2015-02-03,20:35:00,56.056,56.076,55.956,56.026,12674,0
2015-02-03,20:40:00,56.016,56.096,56.016,56.086,10268,0
2015-02-03,20:45:00,56.086,56.126,56.086,56.106,10206,0
2015-02-03,20:50:00,56.106,56.106,56.026,56.086,7773,0
2015-02-03,20:55:00,56.096,56.106,56.046,56.056,24405,0
2015-02-03,21:00:00,56.046,56.076,56.006,56.076,18084,0
2015-02-03,21:05:00,56.086,56.106,56.036,56.066,9817,0
2015-02-03,21:10:00,56.086,56.096,56.046,56.086,6919,0
2015-02-03,21:15:00,56.106,56.106,55.996,56.066,8093,0
2015-02-03,21:20:00,56.076,56.106,56.046,56.086,10210,0
2015-02-03,21:25:00,56.076,56.165,56.076,56.165,8796,0
2015-02-03,21:30:00,56.155,56.155,56.066,56.076,11379,0
2015-02-03,21:35:00,56.096,56.096,55.947,55.947,12828,0
2015-02-03,21:40:00,55.966,56.096,55.966,56.076,7868,0
2015-02-03,21:45:00,56.076,56.135,56.046,56.135,13234,0
2015-02-03,21:50:00,56.145,56.215,56.106,56.145,28367,0
2015-02-03,21:55:00,56.145,56.195,56.145,56.175,28890,0
2015-02-03,22:00:00,56.185,56.215,56.135,56.215,174108,0
2015-02-04,15:35:00,55.947,56.275,55.897,55.937,12040,0
2015-02-04,15:40:00,55.927,55.947,55.887,55.887,5051,0
2015-02-04,15:45:00,55.887,56.046,55.758,55.847,10246,0
2015-02-04,15:50:00,55.837,56.225,55.797,56.135,11663,0
2015-02-04,15:55:00,56.126,56.135,55.996,56.006,9199,0
2015-02-04,16:00:00,55.956,56.026,55.956,56.026,4184,0
2015-02-04,16:05:00,56.026,56.175,56.026,56.126,9511,0
2015-02-04,16:10:00,56.096,56.265,56.096,56.225,7934,0
2015-02-04,16:15:00,56.185,56.314,56.185,56.285,10730,0
2015-02-04,16:20:00,56.305,56.314,56.245,56.295,19354,0
2015-02-04,16:25:00,56.305,56.305,56.235,56.275,13873,0
2015-02-04,16:30:00,56.314,56.314,56.235,56.275,8593,0
2015-02-04,16:35:00,56.255,56.314,56.165,56.165,20478,0
2015-02-04,16:40:00,56.155,56.205,56.086,56.205,8640,0
2015-02-04,16:45:00,56.195,56.275,56.165,56.275,8433,0
2015-02-04,16:50:00,56.235,56.235,56.145,56.145,11939,0
2015-02-04,16:55:00,56.145,56.155,56.066,56.066,6822,0
2015-02-04,17:00:00,56.066,56.096,55.956,56.016,14396,0
2015-02-04,17:05:00,55.986,56.046,55.937,56.036,10831,0
2015-02-04,17:10:00,56.016,56.026,55.947,55.986,11565,0
2015-02-04,17:15:00,55.976,55.976,55.867,55.956,13136,0
2015-02-04,17:20:00,55.947,55.976,55.947,55.976,8093,0
2015-02-04,17:25:00,55.966,55.966,55.917,55.937,13353,0
2015-02-04,17:30:00,55.907,55.956,55.877,55.897,12801,0
2015-02-04,17:35:00,55.907,55.927,55.857,55.907,13954,0
2015-02-04,17:40:00,55.917,55.956,55.907,55.917,8281,0
2015-02-04,17:45:00,55.917,55.927,55.867,55.877,19253,0
2015-02-04,17:50:00,55.877,55.897,55.768,55.768,18455,0
2015-02-04,17:55:00,55.777,55.777,55.688,55.728,8849,0
2015-02-04,18:00:00,55.728,55.887,55.728,55.887,8892,0
2015-02-04,18:05:00,55.897,55.897,55.807,55.857,12511,0
2015-02-04,18:10:00,55.847,55.907,55.827,55.877,9986,0
2015-02-04,18:15:00,55.887,55.907,55.847,55.857,10490,0
2015-02-04,18:20:00,55.887,55.887,55.837,55.837,6673,0
2015-02-04,18:25:00,55.847,55.877,55.817,55.867,4840,0
2015-02-04,18:30:00,55.867,55.867,55.768,55.777,11711,0
2015-02-04,18:35:00,55.758,55.777,55.738,55.777,7146,0
2015-02-04,18:40:00,55.777,55.777,55.628,55.678,18366,0
2015-02-04,18:45:00,55.628,55.648,55.589,55.589,8007,0
2015-02-04,18:50:00,55.569,55.628,55.549,55.608,7725,0
2015-02-04,18:55:00,55.648,55.648,55.569,55.569,6079,0
2015-02-04,19:00:00,55.579,55.638,55.569,55.569,9344,0
2015-02-04,19:05:00,55.598,55.598,55.419,55.419,10101,0
2015-02-04,19:10:00,55.39,55.459,55.3,55.459,17603,0
2015-02-04,19:15:00,55.469,55.469,55.37,55.449,11484,0
2015-02-04,19:20:00,55.489,55.529,55.459,55.479,9608,0
2015-02-04,19:25:00,55.449,55.569,55.449,55.549,13977,0
2015-02-04,19:30:00,55.549,55.668,55.539,55.658,7016,0
2015-02-04,19:35:00,55.668,55.718,55.608,55.628,16797,0
2015-02-04,19:40:00,55.638,55.718,55.618,55.718,7596,0
2015-02-04,19:45:00,55.718,55.748,55.688,55.728,11530,0
2015-02-04,19:50:00,55.728,55.768,55.728,55.748,9073,0
2015-02-04,19:55:00,55.758,55.817,55.758,55.807,6457,0
2015-02-04,20:00:00,55.817,55.837,55.698,55.758,9473,0
2015-02-04,20:05:00,55.777,55.827,55.777,55.777,10614,0
2015-02-04,20:10:00,55.777,55.777,55.569,55.589,16522,0
2015-02-04,20:15:00,55.598,55.628,55.569,55.589,6406,0
2015-02-04,20:20:00,55.589,55.618,55.549,55.589,10913,0
2015-02-04,20:25:00,55.668,55.708,55.638,55.648,5100,0
2015-02-04,20:30:00,55.658,55.718,55.648,55.678,8380,0
2015-02-04,20:35:00,55.678,55.698,55.589,55.589,11001,0
2015-02-04,20:40:00,55.579,55.608,55.509,55.529,13904,0
2015-02-04,20:45:00,55.549,55.579,55.509,55.529,15757,0
2015-02-04,20:50:00,55.549,55.658,55.539,55.628,7028,0
2015-02-04,20:55:00,55.618,55.628,55.509,55.529,15232,0
2015-02-04,21:00:00,55.539,55.549,55.439,55.519,26017,0
2015-02-04,21:05:00,55.489,55.519,55.439,55.489,6129,0
2015-02-04,21:10:00,55.499,55.519,55.459,55.479,5930,0
2015-02-04,21:15:00,55.479,55.529,55.479,55.529,12740,0
2015-02-04,21:20:00,55.519,55.589,55.519,55.569,8066,0
2015-02-04,21:25:00,55.569,55.608,55.529,55.608,10493,0
2015-02-04,21:30:00,55.598,55.648,55.598,55.608,11102,0
2015-02-04,21:35:00,55.678,55.748,55.678,55.728,10147,0
2015-02-04,21:40:00,55.728,55.728,55.598,55.598,10403,0
2015-02-04,21:45:00,55.598,55.598,55.41,55.429,15996,0
2015-02-04,21:50:00,55.39,55.39,55.29,55.29,41067,0
2015-02-04,21:55:00,55.3,55.34,55.28,55.33,36966,0
2015-02-04,22:00:00,55.32,55.39,55.31,55.33,468320,0
2015-02-05,15:35:00,55.75,55.84,55.47,55.75,84573,0
2015-02-05,15:40:00,55.7,55.83,55.6,55.66,10893,0
2015-02-05,15:45:00,55.6,55.73,55.51,55.73,17576,0
2015-02-05,15:50:00,55.78,55.91,55.65,55.91,11285,0
2015-02-05,15:55:00,55.85,56.03,55.75,56.02,14299,0
2015-02-05,16:00:00,55.99,56.13,55.9,56.13,20437,0
2015-02-05,16:05:00,56.14,56.14,55.92,56.03,11028,0
2015-02-05,16:10:00,56.05,56.14,55.99,56.06,6579,0
2015-02-05,16:15:00,56.05,56.07,55.93,55.99,5665,0
2015-02-05,16:20:00,56.01,56.09,56.0,56.07,7654,0
2015-02-05,16:25:00,56.06,56.11,56.04,56.08,17709,0
2015-02-05,16:30:00,56.08,56.17,56.08,56.16,5920,0
2015-02-05,16:35:00,56.16,56.16,56.08,56.08,5140,0
2015-02-05,16:40:00,56.07,56.12,56.05,56.07,12240,0
2015-02-05,16:45:00,56.08,56.16,56.08,56.1,15773,0
2015-02-05,16:50:00,56.09,56.1,56.05,56.1,9547,0
2015-02-05,16:55:00,56.09,56.15,56.05,56.12,14864,0
2015-02-05,17:00:00,56.17,56.19,56.12,56.13,5209,0
2015-02-05,17:05:00,56.14,56.16,56.13,56.13,10347,0
2015-02-05,17:10:00,56.15,56.17,56.13,56.15,10106,0
2015-02-05,17:15:00,56.18,56.29,56.18,56.29,12640,0
2015-02-05,17:20:00,56.28,56.32,56.2,56.26,13200,0
2015-02-05,17:25:00,56.29,56.36,56.29,56.29,9800,0
2015-02-05,17:30:00,56.28,56.35,56.23,56.23,9429,0
2015-02-05,17:35:00,56.26,56.29,56.24,56.27,7480,0
2015-02-05,17:40:00,56.28,56.33,56.26,56.33,4100,0
2015-02-05,17:45:00,56.31,56.31,56.25,56.26,6314,0
2015-02-05,17:50:00,56.28,56.37,56.28,56.37,7166,0
2015-02-05,17:55:00,56.38,56.38,56.32,56.38,7078,0
2015-02-05,18:00:00,56.39,56.42,56.38,56.42,8552,0
2015-02-05,18:05:00,56.41,56.44,56.38,56.41,7200,0
2015-02-05,18:10:00,56.43,56.43,56.36,56.38,6293,0
2015-02-05,18:15:00,56.38,56.39,56.25,56.25,7900,0
2015-02-05,18:20:00,56.23,56.26,56.15,56.15,11011,0
2015-02-05,18:25:00,56.16,56.21,56.15,56.15,2636,0
2015-02-05,18:30:00,56.14,56.16,56.12,56.15,4000,0
2015-02-05,18:35:00,56.13,56.16,56.13,56.16,3565,0
2015-02-05,18:40:00,56.16,56.17,56.13,56.17,4100,0
2015-02-05,18:45:00,56.16,56.22,56.15,56.16,11500,0
2015-02-05,18:50:00,56.17,56.21,56.14,56.14,5682,0
2015-02-05,18:55:00,56.13,56.14,56.1,56.14,4800,0
2015-02-05,19:00:00,56.15,56.22,56.15,56.22,3600,0
2015-02-05,19:05:00,56.22,56.22,56.15,56.16,6317,0
2015-02-05,19:10:00,56.16,56.22,56.16,56.21,5834,0
2015-02-05,19:15:00,56.2,56.23,56.17,56.23,2542,0
2015-02-05,19:20:00,56.25,56.36,56.25,56.3,8323,0
2015-02-05,19:25:00,56.28,56.33,56.27,56.31,4373,0
2015-02-05,19:30:00,56.32,56.39,56.32,56.39,7529,0
2015-02-05,19:35:00,56.4,56.42,56.39,56.4,5285,0
2015-02-05,19:40:00,56.39,56.45,56.39,56.44,15581,0
2015-02-05,19:45:00,56.45,56.45,56.44,56.44,1439,0
2015-02-05,19:50:00,56.43,56.53,56.42,56.52,10347,0
2015-02-05,19:55:00,56.54,56.58,56.54,56.55,5500,0
2015-02-05,20:00:00,56.56,56.59,56.53,56.53,6100,0
2015-02-05,20:05:00,56.53,56.53,56.49,56.51,5500,0
2015-02-05,20:10:00,56.5,56.52,56.48,56.5,5321,0
2015-02-05,20:15:00,56.49,56.57,56.48,56.51,14900,0
2015-02-05,20:20:00,56.49,56.49,56.44,56.48,11591,0
2015-02-05,20:25:00,56.46,56.46,56.41,56.41,3200,0
2015-02-05,20:30:00,56.41,56.41,56.34,56.38,7628,0
2015-02-05,20:35:00,56.39,56.43,56.37,56.43,9748,0
2015-02-05,20:40:00,56.42,56.42,56.36,56.4,7123,0
2015-02-05,20:45:00,56.39,56.4,56.33,56.33,5100,0
2015-02-05,20:50:00,56.32,56.36,56.31,56.31,11156,0
2015-02-05,20:55:00,56.33,56.33,56.3,56.31,3600,0
2015-02-05,21:00:00,56.3,56.34,56.27,56.33,11227,0
2015-02-05,21:05:00,56.33,56.36,56.31,56.36,7664,0
2015-02-05,21:10:00,56.37,56.4,56.34,56.34,8762,0
2015-02-05,21:15:00,56.34,56.34,56.29,56.34,4605,0
2015-02-05,21:20:00,56.34,56.36,56.33,56.36,5200,0
2015-02-05,21:25:00,56.36,56.36,56.34,56.36,10702,0
2015-02-05,21:30:00,56.35,56.45,56.35,56.45,6628,0
2015-02-05,21:35:00,56.44,56.49,56.43,56.49,10343,0
2015-02-05,21:40:00,56.48,56.49,56.46,56.47,9613,0
2015-02-05,21:45:00,56.48,56.48,56.42,56.43,13804,0
2015-02-05,21:50:00,56.43,56.43,56.31,56.33,10658,0
2015-02-05,21:55:00,56.32,56.39,56.32,56.39,11608,0
2015-02-05,22:00:00,56.41,56.42,56.32,56.36,506817,0
2015-02-06,15:35:00,56.36,56.36,56.02,56.04,22544,0
2015-02-06,15:40:00,56.05,56.19,56.01,56.17,9836,0
2015-02-06,15:45:00,56.14,56.16,55.98,55.98,17502,0
2015-02-06,15:50:00,55.99,55.99,55.82,55.87,10110,0
2015-02-06,15:55:00,55.89,55.92,55.8,55.84,5267,0
2015-02-06,16:00:00,55.82,55.82,55.69,55.71,8530,0
2015-02-06,16:05:00,55.67,55.73,55.58,55.62,7465,0
2015-02-06,16:10:00,55.63,55.63,55.44,55.54,6963,0
2015-02-06,16:15:00,55.54,55.59,55.53,55.53,8331,0
2015-02-06,16:20:00,55.56,55.56,55.46,55.49,8907,0
2015-02-06,16:25:00,55.47,55.65,55.47,55.64,10273,0
2015-02-06,16:30:00,55.65,55.67,55.58,55.59,6194,0
2015-02-06,16:35:00,55.57,55.59,55.51,55.51,6203,0
2015-02-06,16:40:00,55.53,55.55,55.43,55.47,6931,0
2015-02-06,16:45:00,55.47,55.56,55.45,55.56,4801,0
2015-02-06,16:50:00,55.58,55.58,55.52,55.55,9311,0
2015-02-06,16:55:00,55.54,55.59,55.52,55.56,7935,0
2015-02-06,17:00:00,55.55,55.59,55.52,55.58,27669,0
2015-02-06,17:05:00,55.58,55.61,55.52,55.55,32638,0
2015-02-06,17:10:00,55.58,55.61,55.53,55.6,14035,0
2015-02-06,17:15:00,55.58,55.6,55.53,55.55,16024,0
2015-02-06,17:20:00,55.55,55.64,55.54,55.63,10186,0
2015-02-06,17:25:00,55.62,55.64,55.56,55.59,28636,0
2015-02-06,17:30:00,55.61,55.7,55.6,55.7,13700,0
2015-02-06,17:35:00,55.68,55.79,55.67,55.79,10602,0
2015-02-06,17:40:00,55.8,55.81,55.72,55.8,8984,0
2015-02-06,17:45:00,55.81,55.81,55.67,55.73,9129,0
2015-02-06,17:50:00,55.74,55.8,55.69,55.78,7799,0
2015-02-06,17:55:00,55.77,55.78,55.68,55.69,7400,0
2015-02-06,18:00:00,55.68,55.71,55.63,55.63,39543,0
2015-02-06,18:05:00,55.6,55.6,55.53,55.56,6900,0
2015-02-06,18:10:00,55.55,55.55,55.47,55.47,9392,0
2015-02-06,18:15:00,55.46,55.47,55.35,55.39,11446,0
2015-02-06,18:20:00,55.38,55.39,55.26,55.29,12248,0
2015-02-06,18:25:00,55.3,55.32,55.21,55.24,9548,0
2015-02-06,18:30:00,55.24,55.32,55.23,55.23,10431,0
2015-02-06,18:35:00,55.26,55.33,55.23,55.29,7490,0
2015-02-06,18:40:00,55.29,55.31,55.24,55.25,3100,0
2015-02-06,18:45:00,55.24,55.24,55.14,55.14,19217,0
2015-02-06,18:50:00,55.15,55.21,55.1,55.19,12404,0
2015-02-06,18:55:00,55.21,55.21,55.1,55.1,4584,0
2015-02-06,19:00:00,55.12,55.19,55.12,55.13,5056,0
2015-02-06,19:05:00,55.14,55.14,55.08,55.08,6100,0
2015-02-06,19:10:00,55.07,55.1,55.04,55.1,7809,0
2015-02-06,19:15:00,55.09,55.09,55.05,55.08,4106,0
2015-02-06,19:20:00,55.08,55.12,55.0,55.06,6495,0
2015-02-06,19:25:00,55.06,55.07,54.98,54.99,8226,0
2015-02-06,19:30:00,54.95,54.98,54.95,54.96,4529,0
2015-02-06,19:35:00,54.97,55.02,54.96,55.0,15977,0
2015-02-06,19:40:00,55.0,55.06,54.98,55.06,12838,0
2015-02-06,19:45:00,55.04,55.04,55.0,55.03,4700,0
2015-02-06,19:50:00,55.06,55.06,54.98,55.01,9737,0
2015-02-06,19:55:00,55.0,55.09,54.98,54.98,10952,0
2015-02-06,20:00:00,54.99,55.07,54.98,54.98,6320,0
2015-02-06,20:05:00,55.01,55.03,54.98,55.02,8745,0
2015-02-06,20:10:00,55.04,55.04,54.96,55.0,15367,0
2015-02-06,20:15:00,54.99,55.05,54.98,55.03,4200,0
2015-02-06,20:20:00,55.04,55.05,54.96,55.02,16256,0
2015-02-06,20:25:00,55.02,55.08,55.01,55.08,5888,0
2015-02-06,20:30:00,55.09,55.11,55.02,55.05,11722,0
2015-02-06,20:35:00,55.07,55.07,54.98,55.04,14406,0
2015-02-06,20:40:00,55.03,55.11,55.03,55.09,13184,0
2015-02-06,20:45:00,55.11,55.23,55.07,55.1,25935,0
2015-02-06,20:50:00,55.1,55.1,55.01,55.04,4778,0
2015-02-06,20:55:00,55.05,55.05,54.84,54.86,9760,0
2015-02-06,21:00:00,54.84,54.86,54.8,54.81,6201,0
2015-02-06,21:05:00,54.82,54.82,54.66,54.67,19271,0
2015-02-06,21:10:00,54.68,54.81,54.67,54.71,11653,0
2015-02-06,21:15:00,54.68,54.8,54.68,54.77,13303,0
2015-02-06,21:20:00,54.74,54.77,54.65,54.65,15232,0
2015-02-06,21:25:00,54.64,54.73,54.58,54.66,8850,0
2015-02-06,21:30:00,54.66,54.69,54.55,54.57,12267,0
2015-02-06,21:35:00,54.59,54.63,54.53,54.63,13607,0
2015-02-06,21:40:00,54.64,54.71,54.61,54.68,24450,0
2015-02-06,21:45:00,54.68,54.7,54.62,54.69,31378,0
2015-02-06,21:50:00,54.68,54.7,54.62,54.69,46407,0
2015-02-06,21:55:00,54.69,54.76,54.66,54.76,72615,0
2015-02-06,22:00:00,54.74,54.86,54.73,54.83,167730,0
2015-02-09,15:35:00,54.82,54.93,54.7,54.84,10534,0
2015-02-09,15:40:00,54.93,54.95,54.74,54.78,5100,0
2015-02-09,15:45:00,54.8,54.8,54.58,54.67,23200,0
2015-02-09,15:50:00,54.68,54.82,54.66,54.75,14600,0
2015-02-09,15:55:00,54.77,54.89,54.76,54.88,11740,0
2015-02-09,16:00:00,54.87,54.95,54.83,54.83,6550,0
2015-02-09,16:05:00,54.85,54.88,54.74,54.75,9700,0
2015-02-09,16:10:00,54.77,54.78,54.72,54.72,16408,0
2015-02-09,16:15:00,54.71,54.76,54.6,54.76,12905,0
2015-02-09,16:20:00,54.77,54.81,54.69,54.69,10218,0
2015-02-09,16:25:00,54.71,54.72,54.56,54.58,12407,0
2015-02-09,16:30:00,54.55,54.6,54.46,54.47,13120,0
2015-02-09,16:35:00,54.45,54.46,54.41,54.46,9900,0
2015-02-09,16:40:00,54.44,54.53,54.4,54.43,10317,0
2015-02-09,16:45:00,54.43,54.45,54.34,54.34,10898,0
2015-02-09,16:50:00,54.33,54.39,54.29,54.35,14545,0
2015-02-09,16:55:00,54.36,54.42,54.34,54.35,8971,0
2015-02-09,17:00:00,54.35,54.35,54.28,54.28,15325,0
2015-02-09,17:05:00,54.3,54.4,54.29,54.35,13410,0
2015-02-09,17:10:00,54.34,54.42,54.32,54.42,10960,0
2015-02-09,17:15:00,54.41,54.41,54.23,54.33,42473,0
2015-02-09,17:20:00,54.33,54.36,54.31,54.35,18632,0
2015-02-09,17:25:00,54.36,54.4,54.28,54.33,24579,0
2015-02-09,17:30:00,54.33,54.39,54.26,54.3,16177,0
2015-02-09,17:35:00,54.3,54.36,54.28,54.36,16181,0
2015-02-09,17:40:00,54.35,54.4,54.3,54.31,14735,0
2015-02-09,17:45:00,54.31,54.4,54.29,54.3,9306,0
2015-02-09,17:50:00,54.29,54.3,54.25,54.25,10206,0
2015-02-09,17:55:00,54.25,54.3,54.25,54.27,9600,0
2015-02-09,18:00:00,54.26,54.32,54.25,54.26,8700,0
2015-02-09,18:05:00,54.26,54.31,54.2,54.21,8400,0
2015-02-09,18:10:00,54.19,54.19,54.12,54.13,10430,0
2015-02-09,18:15:00,54.13,54.15,54.1,54.1,12916,0
2015-02-09,18:20:00,54.11,54.19,54.1,54.19,10466,0
2015-02-09,18:25:00,54.18,54.23,54.18,54.19,7253,0
2015-02-09,18:30:00,54.18,54.21,54.18,54.21,7952,0
2015-02-09,18:35:00,54.21,54.31,54.21,54.26,8558,0
2015-02-09,18:40:00,54.24,54.28,54.23,54.25,7790,0
2015-02-09,18:45:00,54.26,54.3,54.21,54.3,7050,0
2015-02-09,18:50:00,54.3,54.31,54.25,54.26,6785,0
2015-02-09,18:55:00,54.26,54.29,54.26,54.29,5566,0
2015-02-09,19:00:00,54.29,54.29,54.16,54.19,7700,0
2015-02-09,19:05:00,54.2,54.27,54.2,54.21,6800,0
2015-02-09,19:10:00,54.21,54.24,54.2,54.2,3342,0
2015-02-09,19:15:00,54.2,54.21,54.14,54.15,11434,0
2015-02-09,19:20:00,54.15,54.22,54.09,54.09,17861,0
2015-02-09,19:25:00,54.1,54.11,54.04,54.1,21067,0
2015-02-09,19:30:00,54.1,54.1,54.04,54.04,13449,0
2015-02-09,19:35:00,54.03,54.05,53.97,53.99,23572,0
2015-02-09,19:40:00,53.97,53.99,53.93,53.93,14611,0
2015-02-09,19:45:00,53.93,53.94,53.84,53.84,17871,0
2015-02-09,19:50:00,53.85,53.9,53.8,53.8,16032,0
2015-02-09,19:55:00,53.83,53.88,53.76,53.88,24861,0
2015-02-09,20:00:00,53.88,53.88,53.81,53.82,25892,0
2015-02-09,20:05:00,53.83,53.84,53.74,53.74,16763,0
2015-02-09,20:10:00,53.75,53.84,53.72,53.77,18411,0
2015-02-09,20:15:00,53.79,53.85,53.76,53.8,22360,0
2015-02-09,20:20:00,53.8,53.81,53.79,53.79,16517,0
2015-02-09,20:25:00,53.8,53.87,53.79,53.83,23534,0
2015-02-09,20:30:00,53.83,53.89,53.8,53.85,19599,0
2015-02-09,20:35:00,53.86,53.9,53.81,53.86,20041,0
2015-02-09,20:40:00,53.86,53.99,53.84,53.99,17962,0
2015-02-09,20:45:00,54.0,54.01,53.93,53.98,18732,0
2015-02-09,20:50:00,53.98,53.98,53.82,53.91,17039,0
2015-02-09,20:55:00,53.9,53.94,53.84,53.85,16875,0
2015-02-09,21:00:00,53.87,53.92,53.77,53.77,19944,0
2015-02-09,21:05:00,53.78,53.81,53.71,53.71,18215,0
2015-02-09,21:10:00,53.72,53.74,53.66,53.68,27306,0
2015-02-09,21:15:00,53.7,53.78,53.66,53.74,23220,0
2015-02-09,21:20:00,53.75,53.76,53.65,53.65,16874,0
2015-02-09,21:25:00,53.64,53.77,53.63,53.74,28747,0
2015-02-09,21:30:00,53.73,53.82,53.71,53.81,19551,0
2015-02-09,21:35:00,53.8,53.87,53.77,53.82,15441,0
2015-02-09,21:40:00,53.81,53.84,53.74,53.8,19487,0
2015-02-09,21:45:00,53.8,53.94,53.8,53.89,19286,0
2015-02-09,21:50:00,53.9,53.97,53.87,53.95,26067,0
2015-02-09,21:55:00,53.94,53.96,53.88,53.89,32241,0
2015-02-09,22:00:00,53.89,53.95,53.89,53.94,96661,0
2015-02-10,15:35:00,54.11,54.27,54.0,54.24,112530,0
2015-02-10,15:40:00,54.21,54.21,54.03,54.08,4450,0
2015-02-10,15:45:00,54.03,54.07,53.98,54.05,8837,0
2015-02-10,15:50:00,54.08,54.3,54.08,54.16,6965,0
2015-02-10,15:55:00,54.15,54.18,54.0,54.0,4450,0
2015-02-10,16:00:00,54.0,54.15,54.0,54.04,14290,0
2015-02-10,16:05:00,54.1,54.1,54.02,54.1,6027,0
2015-02-10,16:10:00,54.11,54.16,54.07,54.16,5405,0
2015-02-10,16:15:00,54.2,54.28,54.18,54.22,7043,0
2015-02-10,16:20:00,54.2,54.24,54.1,54.1,7827,0
2015-02-10,16:25:00,54.1,54.19,54.1,54.16,5501,0
2015-02-10,16:30:00,54.17,54.17,54.12,54.14,6372,0
2015-02-10,16:35:00,54.08,54.09,54.03,54.07,6216,0
2015-02-10,16:40:00,54.02,54.13,54.0,54.13,8420,0
2015-02-10,16:45:00,54.14,54.21,54.12,54.2,5745,0
2015-02-10,16:50:00,54.18,54.18,54.1,54.1,5143,0
2015-02-10,16:55:00,54.12,54.28,54.12,54.28,6470,0
2015-02-10,17:00:00,54.27,54.33,54.26,54.33,7588,0
2015-02-10,17:05:00,54.37,54.37,54.29,54.33,10300,0
2015-02-10,17:10:00,54.35,54.43,54.35,54.42,3900,0
2015-02-10,17:15:00,54.42,54.45,54.32,54.35,12871,0
2015-02-10,17:20:00,54.36,54.46,54.36,54.41,7072,0
2015-02-10,17:25:00,54.4,54.4,54.33,54.36,8215,0
2015-02-10,17:30:00,54.32,54.45,54.29,54.45,10840,0
2015-02-10,17:35:00,54.45,54.47,54.39,54.39,7922,0
2015-02-10,17:40:00,54.4,54.44,54.31,54.31,10190,0
2015-02-10,17:45:00,54.33,54.33,54.24,54.24,9851,0
2015-02-10,17:50:00,54.25,54.26,54.13,54.17,11174,0
2015-02-10,17:55:00,54.18,54.28,54.18,54.25,9833,0
2015-02-10,18:00:00,54.26,54.26,54.15,54.19,7156,0
2015-02-10,18:05:00,54.22,54.23,54.14,54.2,5476,0
2015-02-10,18:10:00,54.2,54.28,54.2,54.22,6478,0
2015-02-10,18:15:00,54.25,54.32,54.25,54.26,15578,0
2015-02-10,18:20:00,54.27,54.39,54.27,54.39,4000,0
2015-02-10,18:25:00,54.38,54.39,54.36,54.37,5600,0
2015-02-10,18:30:00,54.37,54.39,54.35,54.37,6216,0
2015-02-10,18:35:00,54.38,54.39,54.3,54.37,14688,0
2015-02-10,18:40:00,54.37,54.38,54.31,54.38,8800,0
2015-02-10,18:45:00,54.37,54.39,54.37,54.39,3639,0
2015-02-10,18:50:00,54.4,54.47,54.4,54.47,2900,0
2015-02-10,18:55:00,54.46,54.46,54.32,54.32,9506,0
2015-02-10,19:00:00,54.33,54.37,54.33,54.34,16561,0
2015-02-10,19:05:00,54.35,54.4,54.32,54.34,10606,0
2015-02-10,19:10:00,54.34,54.37,54.34,54.34,4300,0
2015-02-10,19:15:00,54.34,54.36,54.3,54.33,7840,0
2015-02-10,19:20:00,54.32,54.33,54.3,54.33,6778,0
2015-02-10,19:25:00,54.31,54.31,54.25,54.29,13740,0
2015-02-10,19:30:00,54.27,54.34,54.26,54.32,5456,0
2015-02-10,19:35:00,54.33,54.33,54.27,54.31,11932,0
2015-02-10,19:40:00,54.32,54.33,54.31,54.33,7868,0
2015-02-10,19:45:00,54.33,54.33,54.28,54.29,4552,0
2015-02-10,19:50:00,54.28,54.34,54.27,54.31,12742,0
2015-02-10,19:55:00,54.31,54.33,54.28,54.28,11574,0
2015-02-10,20:00:00,54.26,54.3,54.26,54.28,7093,0
2015-02-10,20:05:00,54.29,54.3,54.24,54.29,45512,0
2015-02-10,20:10:00,54.3,54.33,54.28,54.32,18558,0
2015-02-10,20:15:00,54.31,54.34,54.29,54.33,35698,0
2015-02-10,20:20:00,54.32,54.35,54.3,54.31,17798,0
2015-02-10,20:25:00,54.33,54.33,54.3,54.32,14324,0
2015-02-10,20:30:00,54.32,54.34,54.28,54.3,25491,0
2015-02-10,20:35:00,54.29,54.31,54.23,54.27,44417,0
2015-02-10,20:40:00,54.27,54.31,54.18,54.25,37905,0
2015-02-10,20:45:00,54.27,54.33,54.26,54.28,28240,0
2015-02-10,20:50:00,54.28,54.31,54.26,54.3,17820,0
2015-02-10,20:55:00,54.31,54.32,54.26,54.31,24352,0
2015-02-10,21:00:00,54.31,54.36,54.28,54.31,57143,0
2015-02-10,21:05:00,54.31,54.36,54.25,54.32,39479,0
2015-02-10,21:10:00,54.32,54.35,54.28,54.34,36913,0
2015-02-10,21:15:00,54.35,54.35,54.27,54.3,32742,0
2015-02-10,21:20:00,54.3,54.32,54.22,54.23,32275,0
2015-02-10,21:25:00,54.25,54.37,54.25,54.35,25258,0
2015-02-10,21:30:00,54.35,54.36,54.31,54.32,34435,0
2015-02-10,21:35:00,54.32,54.35,54.31,54.33,30962,0
2015-02-10,21:40:00,54.35,54.36,54.31,54.34,36397,0
2015-02-10,21:45:00,54.34,54.36,54.31,54.35,44706,0
2015-02-10,21:50:00,54.35,54.4,54.33,54.33,91444,0
2015-02-10,21:55:00,54.33,54.37,54.29,54.29,94020,0
2015-02-10,22:00:00,54.29,54.31,54.27,54.3,188184,0
2015-02-11,15:35:00,54.14,54.25,54.06,54.15,60957,0
2015-02-11,15:40:00,54.03,54.08,53.88,53.96,5900,0
2015-02-11,15:45:00,54.02,54.15,54.02,54.07,8812,0
2015-02-11,15:50:00,54.05,54.11,53.96,53.96,8081,0
2015-02-11,15:55:00,54.0,54.15,54.0,54.07,12218,0
2015-02-11,16:00:00,54.11,54.17,54.05,54.15,3316,0
2015-02-11,16:05:00,54.16,54.19,54.02,54.02,3700,0
2015-02-11,16:10:00,54.0,54.11,54.0,54.05,8973,0
2015-02-11,16:15:00,54.09,54.12,54.03,54.05,10313,0
2015-02-11,16:20:00,54.06,54.06,53.96,53.98,24328,0
2015-02-11,16:25:00,53.96,53.97,53.89,53.9,7389,0
2015-02-11,16:30:00,53.88,54.04,53.86,54.04,5635,0
2015-02-11,16:35:00,54.03,54.03,53.96,53.97,4757,0
2015-02-11,16:40:00,53.96,53.97,53.86,53.86,10059,0
2015-02-11,16:45:00,53.89,53.89,53.84,53.84,6605,0
2015-02-11,16:50:00,53.84,53.87,53.77,53.77,5076,0
2015-02-11,16:55:00,53.77,53.79,53.66,53.7,13480,0
2015-02-11,17:00:00,53.7,53.75,53.65,53.65,7453,0
2015-02-11,17:05:00,53.68,53.8,53.63,53.79,7316,0
2015-02-11,17:10:00,53.82,53.91,53.82,53.88,14083,0
2015-02-11,17:15:00,53.88,53.88,53.78,53.78,11431,0
2015-02-11,17:20:00,53.82,53.85,53.65,53.65,14038,0
2015-02-11,17:25:00,53.64,53.64,53.52,53.56,19612,0
2015-02-11,17:30:00,53.57,53.61,53.56,53.6,9417,0
2015-02-11,17:35:00,53.6,53.61,53.53,53.56,12086,0
2015-02-11,17:40:00,53.57,53.59,53.54,53.54,7050,0
2015-02-11,17:45:00,53.54,53.54,53.46,53.49,17895,0
2015-02-11,17:50:00,53.48,53.49,53.39,53.4,18615,0
2015-02-11,17:55:00,53.4,53.44,53.34,53.42,13470,0
2015-02-11,18:00:00,53.41,53.42,53.31,53.31,15249,0
2015-02-11,18:05:00,53.29,53.42,53.23,53.4,16782,0
2015-02-11,18:10:00,53.42,53.52,53.42,53.48,6448,0
2015-02-11,18:15:00,53.45,53.48,53.43,53.48,5650,0
2015-02-11,18:20:00,53.47,53.52,53.46,53.5,5895,0
2015-02-11,18:25:00,53.5,53.5,53.37,53.37,7100,0
2015-02-11,18:30:00,53.39,53.41,53.36,53.4,6600,0
2015-02-11,18:35:00,53.41,53.5,53.41,53.42,16850,0
2015-02-11,18:40:00,53.44,53.47,53.35,53.35,11750,0
2015-02-11,18:45:00,53.36,53.36,53.27,53.29,6705,0
2015-02-11,18:50:00,53.3,53.42,53.3,53.41,8731,0
2015-02-11,18:55:00,53.4,53.42,53.38,53.41,6184,0
2015-02-11,19:00:00,53.4,53.4,53.31,53.31,7933,0
2015-02-11,19:05:00,53.29,53.39,53.29,53.33,8110,0
2015-02-11,19:10:00,53.31,53.33,53.29,53.33,7802,0
2015-02-11,19:15:00,53.35,53.37,53.29,53.3,10121,0
2015-02-11,19:20:00,53.33,53.4,53.32,53.37,13701,0
2015-02-11,19:25:00,53.36,53.39,53.35,53.39,9235,0
2015-02-11,19:30:00,53.39,53.4,53.35,53.35,8394,0
2015-02-11,19:35:00,53.38,53.41,53.35,53.41,3344,0
2015-02-11,19:40:00,53.42,53.48,53.41,53.46,6732,0
2015-02-11,19:45:00,53.49,53.57,53.49,53.54,11283,0
2015-02-11,19:50:00,53.52,53.54,53.49,53.54,6425,0
2015-02-11,19:55:00,53.56,53.68,53.56,53.61,10020,0
2015-02-11,20:00:00,53.61,53.79,53.6,53.76,9497,0
2015-02-11,20:05:00,53.71,53.72,53.61,53.65,7888,0
2015-02-11,20:10:00,53.65,53.65,53.56,53.65,9126,0
2015-02-11,20:15:00,53.63,53.64,53.55,53.55,6926,0
2015-02-11,20:20:00,53.54,53.54,53.42,53.48,9097,0
2015-02-11,20:25:00,53.48,53.5,53.42,53.43,7577,0
2015-02-11,20:30:00,53.44,53.49,53.4,53.49,8917,0
2015-02-11,20:35:00,53.53,53.54,53.47,53.47,13205,0
2015-02-11,20:40:00,53.48,53.51,53.45,53.46,24161,0
2015-02-11,20:45:00,53.48,53.55,53.46,53.46,14056,0
2015-02-11,20:50:00,53.47,53.6,53.47,53.6,10029,0
2015-02-11,20:55:00,53.61,53.68,53.6,53.66,7954,0
2015-02-11,21:00:00,53.65,53.69,53.65,53.69,6923,0
2015-02-11,21:05:00,53.7,53.7,53.64,53.65,9749,0
2015-02-11,21:10:00,53.64,53.68,53.64,53.68,7667,0
2015-02-11,21:15:00,53.67,53.67,53.56,53.56,8900,0
2015-02-11,21:20:00,53.56,53.57,53.47,53.48,31315,0
2015-02-11,21:25:00,53.48,53.57,53.46,53.57,13121,0
2015-02-11,21:30:00,53.58,53.67,53.58,53.6,16403,0
2015-02-11,21:35:00,53.6,53.62,53.48,53.51,12705,0
2015-02-11,21:40:00,53.51,53.59,53.51,53.58,13354,0
2015-02-11,21:45:00,53.58,53.62,53.52,53.52,19085,0
2015-02-11,21:50:00,53.53,53.56,53.5,53.53,25315,0
2015-02-11,21:55:00,53.53,53.53,53.48,53.53,26199,0
2015-02-11,22:00:00,53.53,53.57,53.52,53.54,100805,0
2015-02-12,15:35:00,53.71,53.89,53.59,53.62,3200,0
2015-02-12,15:40:00,53.63,53.81,53.19,53.21,21194,0
2015-02-12,15:45:00,53.29,53.49,53.29,53.43,10510,0
2015-02-12,15:50:00,53.46,53.53,53.42,53.48,10407,0
2015-02-12,15:55:00,53.51,53.51,53.36,53.36,10352,0
2015-02-12,16:00:00,53.38,53.72,53.38,53.72,7183,0
2015-02-12,16:05:00,53.7,53.77,53.61,53.61,9132,0
2015-02-12,16:10:00,53.6,53.61,53.5,53.55,5294,0
2015-02-12,16:15:00,53.54,53.55,53.43,53.43,11500,0
2015-02-12,16:20:00,53.43,53.51,53.39,53.46,11897,0
2015-02-12,16:25:00,53.49,53.6,53.48,53.5,9454,0
2015-02-12,16:30:00,53.51,53.61,53.51,53.51,6755,0
2015-02-12,16:35:00,53.52,53.6,53.5,53.55,8504,0
2015-02-12,16:40:00,53.55,53.55,53.4,53.4,8471,0
2015-02-12,16:45:00,53.42,53.48,53.42,53.45,8622,0
2015-02-12,16:50:00,53.44,53.56,53.44,53.46,12388,0
2015-02-12,16:55:00,53.47,53.52,53.4,53.47,9358,0
2015-02-12,17:00:00,53.47,53.58,53.47,53.58,7952,0
2015-02-12,17:05:00,53.56,53.61,53.54,53.58,11950,0
2015-02-12,17:10:00,53.59,53.6,53.51,53.55,5150,0
2015-02-12,17:15:00,53.54,53.63,53.54,53.62,10504,0
2015-02-12,17:20:00,53.64,53.77,53.58,53.77,24500,0
2015-02-12,17:25:00,53.76,53.76,53.58,53.62,7600,0
2015-02-12,17:30:00,53.62,53.62,53.56,53.59,4273,0
2015-02-12,17:35:00,53.58,53.59,53.5,53.52,7510,0
2015-02-12,17:40:00,53.52,53.54,53.42,53.51,7289,0
2015-02-12,17:45:00,53.49,53.51,53.43,53.45,9030,0
2015-02-12,17:50:00,53.44,53.63,53.44,53.62,17107,0
2015-02-12,17:55:00,53.62,53.65,53.59,53.63,5861,0
2015-02-12,18:00:00,53.62,53.65,53.59,53.65,5700,0
2015-02-12,18:05:00,53.66,53.68,53.61,53.66,10806,0
2015-02-12,18:10:00,53.65,53.71,53.64,53.71,8829,0
2015-02-12,18:15:00,53.7,53.7,53.67,53.69,5956,0
2015-02-12,18:20:00,53.66,53.81,53.64,53.76,18665,0
2015-02-12,18:25:00,53.76,53.82,53.76,53.82,9441,0
2015-02-12,18:30:00,53.82,53.85,53.79,53.79,8843,0
2015-02-12,18:35:00,53.79,53.81,53.74,53.75,4900,0
2015-02-12,18:40:00,53.75,53.76,53.68,53.68,3250,0
2015-02-12,18:45:00,53.68,53.72,53.65,53.72,7636,0
2015-02-12,18:50:00,53.71,53.73,53.71,53.73,7800,0
2015-02-12,18:55:00,53.72,53.77,53.72,53.75,11944,0
2015-02-12,19:00:00,53.76,53.77,53.73,53.74,5750,0
2015-02-12,19:05:00,53.74,53.83,53.74,53.81,9300,0
2015-02-12,19:10:00,53.79,53.79,53.72,53.74,6358,0
2015-02-12,19:15:00,53.73,53.74,53.71,53.74,4800,0
2015-02-12,19:20:00,53.72,53.73,53.69,53.7,4993,0
2015-02-12,19:25:00,53.69,53.71,53.64,53.67,7150,0
2015-02-12,19:30:00,53.68,53.7,53.65,53.67,5980,0
2015-02-12,19:35:00,53.66,53.67,53.63,53.67,5000,0
2015-02-12,19:40:00,53.67,53.67,53.61,53.67,8137,0
2015-02-12,19:45:00,53.66,53.67,53.62,53.63,3475,0
2015-02-12,19:50:00,53.61,53.65,53.58,53.64,5951,0
2015-02-12,19:55:00,53.63,53.7,53.58,53.7,8446,0
2015-02-12,20:00:00,53.69,53.69,53.65,53.66,4750,0
2015-02-12,20:05:00,53.69,53.69,53.64,53.64,7843,0
2015-02-12,20:10:00,53.64,53.66,53.63,53.63,3298,0
2015-02-12,20:15:00,53.63,53.63,53.57,53.6,7515,0
2015-02-12,20:20:00,53.59,53.63,53.59,53.62,4112,0
2015-02-12,20:25:00,53.62,53.71,53.62,53.71,8477,0
2015-02-12,20:30:00,53.7,53.7,53.6,53.6,8439,0
2015-02-12,20:35:00,53.59,53.69,53.59,53.69,9080,0
2015-02-12,20:40:00,53.69,53.69,53.65,53.69,8606,0
2015-02-12,20:45:00,53.68,53.71,53.68,53.7,9298,0
2015-02-12,20:50:00,53.68,53.68,53.63,53.64,13051,0
2015-02-12,20:55:00,53.64,53.67,53.64,53.65,7889,0
2015-02-12,21:00:00,53.64,53.66,53.64,53.65,7000,0
2015-02-12,21:05:00,53.64,53.68,53.63,53.64,9625,0
2015-02-12,21:10:00,53.64,53.65,53.62,53.64,12739,0
2015-02-12,21:15:00,53.64,53.65,53.61,53.64,6014,0
2015-02-12,21:20:00,53.64,53.65,53.61,53.62,8789,0
2015-02-12,21:25:00,53.63,53.63,53.57,53.58,14195,0
2015-02-12,21:30:00,53.57,53.57,53.51,53.54,9954,0
2015-02-12,21:35:00,53.52,53.54,53.5,53.54,14714,0
2015-02-12,21:40:00,53.55,53.57,53.53,53.53,13227,0
2015-02-12,21:45:00,53.54,53.6,53.53,53.54,15840,0
2015-02-12,21:50:00,53.55,53.6,53.55,53.6,19323,0
2015-02-12,21:55:00,53.6,53.62,53.58,53.58,23669,0
2015-02-12,22:00:00,53.59,53.62,53.57,53.61,161774,0
2015-02-13,15:35:00,53.58,53.62,53.38,53.53,29710,0
2015-02-13,15:40:00,53.52,53.52,53.19,53.23,10715,0
2015-02-13,15:45:00,53.23,53.37,53.19,53.37,10000,0
2015-02-13,15:50:00,53.37,53.37,53.19,53.22,9065,0
2015-02-13,15:55:00,53.24,53.24,53.14,53.17,14999,0
2015-02-13,16:00:00,53.2,53.23,53.03,53.04,7053,0
2015-02-13,16:05:00,53.11,53.28,53.08,53.28,16767,0
2015-02-13,16:10:00,53.27,53.28,53.22,53.22,8263,0
2015-02-13,16:15:00,53.24,53.37,53.22,53.3,21580,0
2015-02-13,16:20:00,53.29,53.33,53.25,53.31,9643,0
2015-02-13,16:25:00,53.32,53.46,53.32,53.43,12930,0
2015-02-13,16:30:00,53.44,53.51,53.43,53.49,27462,0
2015-02-13,16:35:00,53.49,53.52,53.45,53.5,15399,0
2015-02-13,16:40:00,53.49,53.55,53.47,53.55,17938,0
2015-02-13,16:45:00,53.58,53.58,53.49,53.51,7150,0
2015-02-13,16:50:00,53.53,53.61,53.52,53.59,8418,0
2015-02-13,16:55:00,53.58,53.61,53.52,53.6,8736,0
2015-02-13,17:00:00,53.61,53.61,53.53,53.6,7454,0
2015-02-13,17:05:00,53.59,53.62,53.42,53.47,64166,0
2015-02-13,17:10:00,53.47,53.58,53.45,53.53,16362,0
2015-02-13,17:15:00,53.53,53.6,53.51,53.52,16175,0
2015-02-13,17:20:00,53.53,53.58,53.4,53.49,95725,0
2015-02-13,17:25:00,53.49,53.49,53.31,53.33,29698,0
2015-02-13,17:30:00,53.32,53.34,53.22,53.22,18584,0
2015-02-13,17:35:00,53.22,53.22,53.14,53.16,19318,0
2015-02-13,17:40:00,53.17,53.21,53.16,53.21,8393,0
2015-02-13,17:45:00,53.21,53.27,53.2,53.2,12772,0
2015-02-13,17:50:00,53.19,53.26,53.18,53.23,18363,0
2015-02-13,17:55:00,53.24,53.26,53.19,53.21,22381,0
2015-02-13,18:00:00,53.19,53.21,53.11,53.19,15530,0
2015-02-13,18:05:00,53.18,53.2,53.14,53.18,8418,0
2015-02-13,18:10:00,53.17,53.18,53.09,53.11,7003,0
2015-02-13,18:15:00,53.11,53.15,53.06,53.08,13436,0
2015-02-13,18:20:00,53.08,53.11,53.08,53.1,5529,0
2015-02-13,18:25:00,53.1,53.1,53.02,53.02,6800,0
2015-02-13,18:30:00,53.02,53.02,52.9,52.91,17431,0
2015-02-13,18:35:00,52.91,52.93,52.8,52.82,16899,0
2015-02-13,18:40:00,52.81,52.85,52.77,52.77,10727,0
2015-02-13,18:45:00,52.77,52.78,52.68,52.73,25659,0
2015-02-13,18:50:00,52.74,52.75,52.62,52.64,21445,0
2015-02-13,18:55:00,52.63,52.66,52.6,52.62,10590,0
2015-02-13,19:00:00,52.62,52.62,52.5,52.52,18710,0
2015-02-13,19:05:00,52.52,52.53,52.46,52.46,12230,0
2015-02-13,19:10:00,52.46,52.53,52.38,52.49,29767,0
2015-02-13,19:15:00,52.51,52.53,52.48,52.5,7080,0
2015-02-13,19:20:00,52.49,52.5,52.45,52.48,7958,0
2015-02-13,19:25:00,52.48,52.49,52.42,52.43,16588,0
2015-02-13,19:30:00,52.43,52.66,52.42,52.63,15407,0
2015-02-13,19:35:00,52.63,52.64,52.5,52.52,8600,0
2015-02-13,19:40:00,52.52,52.57,52.52,52.55,8935,0
2015-02-13,19:45:00,52.55,52.58,52.53,52.54,12139,0
2015-02-13,19:50:00,52.54,52.58,52.52,52.56,11116,0
2015-02-13,19:55:00,52.56,52.59,52.53,52.59,20385,0
2015-02-13,20:00:00,52.59,52.68,52.59,52.68,9572,0
2015-02-13,20:05:00,52.67,52.68,52.62,52.65,13961,0
2015-02-13,20:10:00,52.68,52.76,52.68,52.76,6800,0
2015-02-13,20:15:00,52.75,52.82,52.75,52.78,9928,0
2015-02-13,20:20:00,52.78,52.87,52.77,52.87,17323,0
2015-02-13,20:25:00,52.85,52.85,52.76,52.77,19317,0
2015-02-13,20:30:00,52.78,52.84,52.73,52.78,27334,0
2015-02-13,20:35:00,52.79,52.79,52.75,52.77,11804,0
2015-02-13,20:40:00,52.78,52.78,52.71,52.71,9888,0
2015-02-13,20:45:00,52.7,52.7,52.63,52.63,11112,0
2015-02-13,20:50:00,52.64,52.71,52.64,52.68,10354,0
2015-02-13,20:55:00,52.67,52.68,52.64,52.67,10536,0
2015-02-13,21:00:00,52.65,52.68,52.59,52.6,22639,0
2015-02-13,21:05:00,52.61,52.61,52.51,52.51,31839,0
2015-02-13,21:10:00,52.52,52.55,52.46,52.46,32943,0
2015-02-13,21:15:00,52.47,52.57,52.46,52.57,27538,0
2015-02-13,21:20:00,52.58,52.6,52.54,52.56,21700,0
2015-02-13,21:25:00,52.55,52.56,52.5,52.54,31461,0
2015-02-13,21:30:00,52.54,52.56,52.53,52.56,39191,0
2015-02-13,21:35:00,52.56,52.62,52.55,52.58,34389,0
2015-02-13,21:40:00,52.59,52.71,52.58,52.7,34343,0
2015-02-13,21:45:00,52.7,52.72,52.69,52.71,41993,0
2015-02-13,21:50:00,52.7,52.72,52.69,52.72,44943,0
2015-02-13,21:55:00,52.72,52.72,52.62,52.65,50691,0
2015-02-13,22:00:00,52.64,52.66,52.62,52.64,392504,0
2015-02-17,15:35:00,52.63,52.78,52.39,52.43,343193,0
2015-02-17,15:40:00,52.51,52.74,52.47,52.55,38884,0
2015-02-17,15:45:00,52.55,52.85,52.54,52.79,44881,0
2015-02-17,15:50:00,52.81,52.93,52.78,52.89,30824,0
2015-02-17,15:55:00,52.88,53.08,52.87,53.02,31613,0
2015-02-17,16:00:00,53,53.02,52.91,52.95,14485,0
2015-02-17,16:05:00,52.94,53.04,52.94,53.03,26468,0
2015-02-17,16:10:00,53.02,53.14,52.98,53.14,22640,0
2015-02-17,16:15:00,53.14,53.15,53,53.08,35868,0
2015-02-17,16:20:00,53.08,53.27,53.05,53.21,60901,0
2015-02-17,16:25:00,53.21,53.25,53.12,53.12,61609,0
2015-02-17,16:30:00,53.1,53.18,53.1,53.14,27406,0
2015-02-17,16:35:00,53.15,53.19,52.99,53,23290,0
2015-02-17,16:40:00,53,53.06,52.94,52.99,20958,0
2015-02-17,16:45:00,52.97,53,52.92,52.97,13379,0
2015-02-17,16:50:00,52.96,53.03,52.94,53.03,13348,0
2015-02-17,16:55:00,53.01,53.05,52.95,53.05,16107,0
2015-02-17,17:00:00,53.06,53.06,52.97,53.02,14926,0
2015-02-17,17:05:00,53.02,53.13,53.01,53.13,39803,0
2015-02-17,17:10:00,53.14,53.17,53.08,53.17,15906,0
2015-02-17,17:15:00,53.17,53.24,53.11,53.16,24945,0
2015-02-17,17:20:00,53.17,53.21,53.15,53.2,8317,0
2015-02-17,17:25:00,53.19,53.21,53.13,53.14,14859,0
2015-02-17,17:30:00,53.13,53.14,53.09,53.14,17101,0
2015-02-17,17:35:00,53.13,53.19,53.1,53.14,21871,0
2015-02-17,17:40:00,53.12,53.13,52.93,53.03,17681,0
2015-02-17,17:45:00,53.04,53.06,52.94,53,8787,0
2015-02-17,17:50:00,52.95,53.03,52.95,53.03,11059,0
2015-02-17,17:55:00,53.03,53.04,52.83,52.87,17962,0
2015-02-17,18:00:00,52.87,52.94,52.84,52.86,10427,0
2015-02-17,18:05:00,52.86,52.95,52.75,52.76,21713,0
2015-02-17,18:10:00,52.76,52.89,52.76,52.89,11020,0
2015-02-17,18:15:00,52.91,52.94,52.84,52.87,12000,0
2015-02-17,18:20:00,52.86,52.87,52.82,52.85,23679,0
2015-02-17,18:25:00,52.85,52.88,52.84,52.86,18831,0
2015-02-17,18:30:00,52.86,53.01,52.85,53.01,18156,0
2015-02-17,18:35:00,53.06,53.13,53.04,53.04,12771,0
2015-02-17,18:40:00,53.03,53.03,52.95,52.95,5615,0
2015-02-17,18:45:00,52.97,52.97,52.9,52.94,8461,0
2015-02-17,18:50:00,52.94,53,52.9,53,8135,0
2015-02-17,18:55:00,52.99,52.99,52.91,52.94,5125,0
2015-02-17,19:00:00,52.95,53.03,52.93,52.97,12563,0
2015-02-17,19:05:00,52.95,52.96,52.9,52.96,5942,0
2015-02-17,19:10:00,52.97,52.98,52.89,52.92,11774,0
2015-02-17,19:15:00,52.93,53.01,52.91,52.97,15521,0
2015-02-17,19:20:00,52.94,53,52.88,52.9,18014,0
2015-02-17,19:25:00,52.91,52.92,52.89,52.9,22697,0
2015-02-17,19:30:00,52.9,52.91,52.88,52.88,22161,0
2015-02-17,19:35:00,52.88,52.91,52.8,52.88,26634,0
2015-02-17,19:40:00,52.88,52.88,52.8,52.82,15096,0
2015-02-17,19:45:00,52.81,52.9,52.81,52.86,8469,0
2015-02-17,19:50:00,52.86,52.93,52.85,52.85,14483,0
2015-02-17,19:55:00,52.86,52.92,52.77,52.77,27461,0
2015-02-17,20:00:00,52.76,52.8,52.67,52.67,42654,0
2015-02-17,20:05:00,52.67,52.8,52.67,52.68,35671,0
2015-02-17,20:10:00,52.69,52.74,52.66,52.71,15311,0
2015-02-17,20:15:00,52.7,52.72,52.65,52.66,16414,0
2015-02-17,20:20:00,52.67,52.7,52.63,52.68,8577,0
2015-02-17,20:25:00,52.68,52.72,52.65,52.66,14734,0
2015-02-17,20:30:00,52.65,52.67,52.6,52.65,8984,0
2015-02-17,20:35:00,52.66,52.69,52.61,52.64,14847,0
2015-02-17,20:40:00,52.65,52.69,52.6,52.66,12809,0
2015-02-17,20:45:00,52.66,52.67,52.6,52.64,22267,0
2015-02-17,20:50:00,52.64,52.72,52.64,52.66,16004,0
2015-02-17,20:55:00,52.65,52.67,52.56,52.58,23250,0
2015-02-17,21:00:00,52.58,52.62,52.54,52.59,15042,0
2015-02-17,21:05:00,52.6,52.77,52.6,52.77,26523,0
2015-02-17,21:10:00,52.76,52.76,52.65,52.66,19840,0
2015-02-17,21:15:00,52.66,52.76,52.66,52.66,21390,0
2015-02-17,21:20:00,52.67,52.78,52.65,52.67,26252,0
2015-02-17,21:25:00,52.68,52.69,52.64,52.64,31257,0
2015-02-17,21:30:00,52.65,52.67,52.57,52.59,40296,0
2015-02-17,21:35:00,52.6,52.65,52.6,52.62,23984,0
2015-02-17,21:40:00,52.62,52.75,52.62,52.69,26905,0
2015-02-17,21:45:00,52.71,52.79,52.67,52.78,58221,0
2015-02-17,21:50:00,52.78,52.78,52.71,52.74,80869,0
2015-02-17,21:55:00,52.75,52.77,52.7,52.73,63874,0
2015-02-17,22:00:00,52.73,52.77,52.68,52.75,316826,0
2015-02-18,15:35:00,52.54,53.02,52.53,52.98,105842,0
2015-02-18,15:40:00,52.92,53.12,52.92,52.96,6800,0
2015-02-18,15:45:00,52.95,52.98,52.9,52.95,5406,0
2015-02-18,15:50:00,52.9,53.02,52.86,52.95,8630,0
2015-02-18,15:55:00,52.97,53.04,52.91,53.04,27965,0
2015-02-18,16:00:00,53.01,53.08,52.96,53.08,17816,0
2015-02-18,16:05:00,53.06,53.12,52.95,53,24413,0
2015-02-18,16:10:00,53,53.07,53,53.02,23849,0
2015-02-18,16:15:00,53.02,53.05,52.98,53.05,12052,0
2015-02-18,16:20:00,53.01,53.2,53,53.14,28759,0
2015-02-18,16:25:00,53.15,53.21,53.15,53.19,12760,0
2015-02-18,16:30:00,53.18,53.18,53.04,53.04,18770,0
2015-02-18,16:35:00,53.05,53.09,53.02,53.05,11155,0
2015-02-18,16:40:00,53.05,53.07,53.03,53.03,6337,0
2015-02-18,16:45:00,53.02,53.04,52.97,53.04,10478,0
2015-02-18,16:50:00,53.08,53.14,53.08,53.13,8362,0
2015-02-18,16:55:00,53.15,53.24,53.15,53.23,6412,0
2015-02-18,17:00:00,53.25,53.37,53.24,53.37,11651,0
2015-02-18,17:05:00,53.36,53.37,53.26,53.27,23862,0
2015-02-18,17:10:00,53.26,53.37,53.26,53.32,8372,0
2015-02-18,17:15:00,53.34,53.36,53.3,53.36,5395,0
2015-02-18,17:20:00,53.36,53.43,53.35,53.35,11245,0
2015-02-18,17:25:00,53.33,53.41,53.33,53.41,10249,0
2015-02-18,17:30:00,53.4,53.4,53.34,53.36,10933,0
2015-02-18,17:35:00,53.33,53.33,53.22,53.24,14072,0
2015-02-18,17:40:00,53.24,53.24,53.19,53.23,11389,0
2015-02-18,17:45:00,53.25,53.29,53.23,53.29,14790,0
2015-02-18,17:50:00,53.28,53.29,53.25,53.27,11444,0
2015-02-18,17:55:00,53.26,53.29,53.24,53.29,7200,0
2015-02-18,18:00:00,53.29,53.29,53.19,53.19,17843,0
2015-02-18,18:05:00,53.2,53.3,53.18,53.3,10363,0
2015-02-18,18:10:00,53.29,53.31,53.27,53.28,4744,0
2015-02-18,18:15:00,53.28,53.3,53.26,53.27,5408,0
2015-02-18,18:20:00,53.26,53.33,53.26,53.31,4200,0
2015-02-18,18:25:00,53.31,53.4,53.31,53.37,12131,0
2015-02-18,18:30:00,53.37,53.49,53.37,53.46,8015,0
2015-02-18,18:35:00,53.44,53.44,53.28,53.34,7691,0
2015-02-18,18:40:00,53.34,53.38,53.33,53.38,5510,0
2015-02-18,18:45:00,53.36,53.41,53.36,53.38,8112,0
2015-02-18,18:50:00,53.38,53.55,53.38,53.52,12200,0
2015-02-18,18:55:00,53.51,53.56,53.44,53.51,13529,0
2015-02-18,19:00:00,53.48,53.54,53.48,53.49,10671,0
2015-02-18,19:05:00,53.5,53.6,53.5,53.58,10179,0
2015-02-18,19:10:00,53.58,53.58,53.45,53.48,9900,0
2015-02-18,19:15:00,53.49,53.59,53.49,53.55,11166,0
2015-02-18,19:20:00,53.55,53.56,53.42,53.43,14440,0
2015-02-18,19:25:00,53.42,53.45,53.35,53.38,9790,0
2015-02-18,19:30:00,53.37,53.49,53.36,53.49,32627,0
2015-02-18,19:35:00,53.5,53.52,53.41,53.41,5800,0
2015-02-18,19:40:00,53.43,53.46,53.43,53.45,6508,0
2015-02-18,19:45:00,53.45,53.48,53.44,53.46,7470,0
2015-02-18,19:50:00,53.46,53.52,53.44,53.47,10477,0
2015-02-18,19:55:00,53.48,53.52,53.43,53.43,5651,0
2015-02-18,20:00:00,53.42,53.52,53.42,53.49,10563,0
2015-02-18,20:05:00,53.51,53.84,53.5,53.8,8869,0
2015-02-18,20:10:00,53.79,53.8,53.67,53.77,9168,0
2015-02-18,20:15:00,53.79,53.97,53.79,53.93,8371,0
2015-02-18,20:20:00,53.92,54.14,53.92,54.03,16941,0
2015-02-18,20:25:00,54.01,54.04,53.94,54.02,9400,0
2015-02-18,20:30:00,54.02,54.03,53.78,53.78,14742,0
2015-02-18,20:35:00,53.79,53.93,53.78,53.92,13124,0
2015-02-18,20:40:00,53.94,54,53.91,53.99,9451,0
2015-02-18,20:45:00,53.99,54.02,53.99,54.01,9693,0
2015-02-18,20:50:00,54.02,54.11,54.02,54.11,13065,0
2015-02-18,20:55:00,54.1,54.11,54.03,54.09,10139,0
2015-02-18,21:00:00,54.07,54.11,54.05,54.06,8284,0
2015-02-18,21:05:00,54.08,54.15,54.04,54.07,11332,0
2015-02-18,21:10:00,54.08,54.14,54.08,54.12,8601,0
2015-02-18,21:15:00,54.11,54.11,54.03,54.08,12273,0
2015-02-18,21:20:00,54.08,54.17,54.06,54.17,9000,0
2015-02-18,21:25:00,54.16,54.16,54.1,54.14,11368,0
2015-02-18,21:30:00,54.14,54.17,54.13,54.16,11552,0
2015-02-18,21:35:00,54.15,54.15,54.09,54.09,18934,0
2015-02-18,21:40:00,54.11,54.19,54.1,54.15,15229,0
2015-02-18,21:45:00,54.14,54.14,54.03,54.04,20326,0
2015-02-18,21:50:00,54.05,54.1,54.03,54.1,23078,0
2015-02-18,21:55:00,54.08,54.11,54.06,54.1,30615,0
2015-02-18,22:00:00,54.1,54.16,54.08,54.11,215241,0
2015-02-19,15:35:00,54.15,54.18,53.8,53.8,26550,0
2015-02-19,15:40:00,53.98,54.2,53.98,54,7064,0
2015-02-19,15:45:00,54.02,54.18,53.98,54.18,7622,0
2015-02-19,15:50:00,54.18,54.18,54.07,54.16,9912,0
2015-02-19,15:55:00,54.17,54.24,54.11,54.18,6950,0
2015-02-19,16:00:00,54.17,54.23,54.15,54.18,4851,0
2015-02-19,16:05:00,54.15,54.2,54.08,54.2,12892,0
2015-02-19,16:10:00,54.2,54.2,54.15,54.15,2400,0
2015-02-19,16:15:00,54.15,54.19,54.13,54.16,20829,0
2015-02-19,16:20:00,54.12,54.15,54.09,54.14,7564,0
2015-02-19,16:25:00,54.14,54.14,54.04,54.08,6700,0
2015-02-19,16:30:00,54.1,54.1,53.98,53.98,4525,0
2015-02-19,16:35:00,53.97,54.06,53.95,53.95,9500,0
2015-02-19,16:40:00,53.95,54.01,53.94,53.97,6965,0
2015-02-19,16:45:00,53.98,54.06,53.98,53.98,4582,0
2015-02-19,16:50:00,54,54.03,53.91,53.91,5550,0
2015-02-19,16:55:00,53.89,53.9,53.84,53.88,8880,0
2015-02-19,17:00:00,53.88,53.95,53.87,53.93,9449,0
2015-02-19,17:05:00,53.96,53.98,53.91,53.91,7020,0
2015-02-19,17:10:00,53.94,53.94,53.83,53.9,8240,0
2015-02-19,17:15:00,53.91,53.98,53.88,53.98,12715,0
2015-02-19,17:20:00,53.99,54.04,53.97,54.02,8022,0
2015-02-19,17:25:00,54.05,54.06,53.91,53.91,7495,0
2015-02-19,17:30:00,53.91,53.94,53.89,53.9,17982,0
2015-02-19,17:35:00,53.89,53.94,53.89,53.94,9762,0
2015-02-19,17:40:00,53.92,54.16,53.9,54.16,27324,0
2015-02-19,17:45:00,54.17,54.2,54.11,54.13,7300,0
2015-02-19,17:50:00,54.14,54.21,54.12,54.12,7260,0
2015-02-19,17:55:00,54.1,54.17,54.08,54.17,9800,0
2015-02-19,18:00:00,54.15,54.2,54.12,54.18,9360,0
2015-02-19,18:05:00,54.18,54.22,54.16,54.19,12262,0
2015-02-19,18:10:00,54.19,54.23,54.17,54.22,14006,0
2015-02-19,18:15:00,54.22,54.3,54.22,54.27,13341,0
2015-02-19,18:20:00,54.27,54.27,54.12,54.14,9830,0
2015-02-19,18:25:00,54.15,54.16,54.09,54.09,6684,0
2015-02-19,18:30:00,54.08,54.11,54.06,54.08,5795,0
2015-02-19,18:35:00,54.09,54.11,54.05,54.05,9412,0
2015-02-19,18:40:00,54.05,54.09,54.03,54.03,18650,0
2015-02-19,18:45:00,54.03,54.12,54.03,54.06,8900,0
2015-02-19,18:50:00,54.07,54.12,54,54.03,10931,0
2015-02-19,18:55:00,54.04,54.04,53.98,54,8215,0
2015-02-19,19:00:00,54.02,54.02,53.93,53.93,9384,0
2015-02-19,19:05:00,53.92,53.92,53.81,53.83,13451,0
2015-02-19,19:10:00,53.83,53.89,53.81,53.85,9443,0
2015-02-19,19:15:00,53.85,53.9,53.8,53.9,21593,0
2015-02-19,19:20:00,53.89,53.9,53.82,53.88,9923,0
2015-02-19,19:25:00,53.85,53.91,53.82,53.84,4952,0
2015-02-19,19:30:00,53.84,53.84,53.75,53.75,8430,0
2015-02-19,19:35:00,53.75,53.75,53.68,53.69,5393,0
2015-02-19,19:40:00,53.7,53.7,53.62,53.67,5624,0
2015-02-19,19:45:00,53.67,53.71,53.67,53.69,7701,0
2015-02-19,19:50:00,53.74,53.8,53.74,53.74,6909,0
2015-02-19,19:55:00,53.73,53.83,53.73,53.83,3718,0
2015-02-19,20:00:00,53.84,53.85,53.81,53.82,5709,0
2015-02-19,20:05:00,53.83,53.88,53.8,53.8,10477,0
2015-02-19,20:10:00,53.79,53.84,53.79,53.82,16393,0
2015-02-19,20:15:00,53.81,53.81,53.75,53.77,21210,0
2015-02-19,20:20:00,53.77,53.78,53.7,53.7,11305,0
2015-02-19,20:25:00,53.71,53.75,53.66,53.67,8604,0
2015-02-19,20:30:00,53.67,53.8,53.66,53.78,31953,0
2015-02-19,20:35:00,53.77,53.81,53.75,53.79,20172,0
2015-02-19,20:40:00,53.79,53.81,53.77,53.8,41234,0
2015-02-19,20:45:00,53.79,53.8,53.77,53.79,25318,0
2015-02-19,20:50:00,53.79,53.8,53.77,53.8,23416,0
2015-02-19,20:55:00,53.78,53.83,53.78,53.81,12972,0
2015-02-19,21:00:00,53.82,53.82,53.78,53.78,15428,0
2015-02-19,21:05:00,53.79,53.82,53.78,53.8,11375,0
2015-02-19,21:10:00,53.8,53.8,53.78,53.78,8070,0
2015-02-19,21:15:00,53.78,53.82,53.78,53.79,12974,0
2015-02-19,21:20:00,53.79,53.8,53.75,53.8,26006,0
2015-02-19,21:25:00,53.8,53.81,53.78,53.78,13704,0
2015-02-19,21:30:00,53.78,53.8,53.76,53.8,19080,0
2015-02-19,21:35:00,53.8,53.83,53.76,53.79,18192,0
2015-02-19,21:40:00,53.8,53.82,53.77,53.79,35387,0
2015-02-19,21:45:00,53.79,53.82,53.76,53.76,20419,0
2015-02-19,21:50:00,53.74,53.77,53.74,53.74,12351,0
2015-02-19,21:55:00,53.74,53.74,53.69,53.69,17973,0
2015-02-19,22:00:00,53.69,53.8,53.69,53.8,116977,0
2015-02-20,15:35:00,53.68,53.91,53.67,53.88,15854,0
2015-02-20,15:40:00,53.87,53.97,53.74,53.8,14611,0
2015-02-20,15:45:00,53.73,53.97,53.73,53.96,4984,0
2015-02-20,15:50:00,53.94,53.97,53.86,53.9,3801,0
2015-02-20,15:55:00,53.8,53.87,53.76,53.87,4980,0
2015-02-20,16:00:00,53.87,53.87,53.72,53.8,11194,0
2015-02-20,16:05:00,53.82,53.87,53.76,53.87,6520,0
2015-02-20,16:10:00,53.88,53.9,53.87,53.89,3705,0
2015-02-20,16:15:00,53.82,53.88,53.8,53.84,12804,0
2015-02-20,16:20:00,53.89,53.89,53.8,53.82,18533,0
2015-02-20,16:25:00,53.81,53.83,53.7,53.8,14865,0
2015-02-20,16:30:00,53.76,53.8,53.66,53.69,7889,0
2015-02-20,16:35:00,53.69,53.69,53.64,53.67,7879,0
2015-02-20,16:40:00,53.67,53.7,53.65,53.7,3600,0
2015-02-20,16:45:00,53.75,53.78,53.69,53.73,12748,0
2015-02-20,16:50:00,53.7,53.78,53.66,53.66,5300,0
2015-02-20,16:55:00,53.66,53.74,53.64,53.7,6804,0
2015-02-20,17:00:00,53.7,53.72,53.67,53.72,5500,0
2015-02-20,17:05:00,53.72,53.74,53.67,53.73,4975,0
2015-02-20,17:10:00,53.72,53.75,53.63,53.7,10790,0
2015-02-20,17:15:00,53.7,53.72,53.64,53.72,18042,0
2015-02-20,17:20:00,53.7,53.73,53.66,53.73,3595,0
2015-02-20,17:25:00,53.72,53.73,53.67,53.71,1496,0
2015-02-20,17:30:00,53.71,53.71,53.58,53.58,15106,0
2015-02-20,17:35:00,53.59,53.6,53.52,53.52,9507,0
2015-02-20,17:40:00,53.53,53.54,53.4,53.43,8948,0
2015-02-20,17:45:00,53.43,53.43,53.4,53.41,4000,0
2015-02-20,17:50:00,53.41,53.44,53.36,53.44,6510,0
2015-02-20,17:55:00,53.44,53.49,53.44,53.49,5430,0
2015-02-20,18:00:00,53.48,53.5,53.47,53.5,6479,0
2015-02-20,18:05:00,53.55,53.73,53.55,53.71,4100,0
2015-02-20,18:10:00,53.72,53.74,53.64,53.64,4000,0
2015-02-20,18:15:00,53.63,53.64,53.59,53.63,5853,0
2015-02-20,18:20:00,53.6,53.69,53.59,53.69,4213,0
2015-02-20,18:25:00,53.66,53.68,53.64,53.67,2364,0
2015-02-20,18:30:00,53.7,53.74,53.65,53.74,2627,0
2015-02-20,18:35:00,53.74,53.74,53.6,53.66,6131,0
2015-02-20,18:40:00,53.68,53.79,53.68,53.74,6375,0
2015-02-20,18:45:00,53.76,53.82,53.76,53.78,2900,0
2015-02-20,18:50:00,53.81,53.83,53.81,53.82,1300,0
2015-02-20,18:55:00,53.82,53.9,53.8,53.9,3746,0
2015-02-20,19:00:00,53.88,53.88,53.76,53.77,3606,0
2015-02-20,19:05:00,53.77,53.87,53.77,53.87,3999,0
2015-02-20,19:10:00,53.86,53.88,53.85,53.85,3000,0
2015-02-20,19:15:00,53.85,53.89,53.82,53.83,5798,0
2015-02-20,19:20:00,53.82,53.82,53.75,53.8,5812,0
2015-02-20,19:25:00,53.8,53.89,53.8,53.83,4400,0
2015-02-20,19:30:00,53.85,53.89,53.85,53.88,2499,0
2015-02-20,19:35:00,53.88,53.88,53.84,53.84,1973,0
2015-02-20,19:40:00,53.83,53.88,53.81,53.87,7282,0
2015-02-20,19:45:00,53.87,53.88,53.81,53.82,3225,0
2015-02-20,19:50:00,53.82,53.84,53.79,53.83,6718,0
2015-02-20,19:55:00,53.82,53.85,53.81,53.82,4975,0
2015-02-20,20:00:00,53.82,53.87,53.81,53.85,3748,0
2015-02-20,20:05:00,53.85,53.87,53.85,53.87,3679,0
2015-02-20,20:10:00,53.88,53.92,53.88,53.91,5202,0
2015-02-20,20:15:00,53.89,53.89,53.85,53.85,2678,0
2015-02-20,20:20:00,53.85,53.86,53.82,53.84,10398,0
2015-02-20,20:25:00,53.84,53.84,53.81,53.84,3068,0
2015-02-20,20:30:00,53.83,53.83,53.79,53.8,5900,0
2015-02-20,20:35:00,53.79,53.89,53.78,53.89,6655,0
2015-02-20,20:40:00,53.89,53.89,53.83,53.83,2100,0
2015-02-20,20:45:00,53.83,53.85,53.82,53.84,5570,0
2015-02-20,20:50:00,53.83,53.84,53.81,53.84,9157,0
2015-02-20,20:55:00,53.84,53.86,53.84,53.85,4662,0
2015-02-20,21:00:00,53.87,53.88,53.85,53.88,5926,0
2015-02-20,21:05:00,53.88,53.97,53.88,53.92,13295,0
2015-02-20,21:10:00,53.93,54.02,53.92,54.01,9755,0
2015-02-20,21:15:00,54.01,54.01,53.96,53.97,6482,0
2015-02-20,21:20:00,53.96,53.96,53.9,53.92,5620,0
2015-02-20,21:25:00,53.93,53.93,53.88,53.9,8106,0
2015-02-20,21:30:00,53.9,53.9,53.85,53.87,8452,0
2015-02-20,21:35:00,53.86,53.9,53.83,53.9,7514,0
2015-02-20,21:40:00,53.9,53.94,53.89,53.91,8557,0
2015-02-20,21:45:00,53.9,53.94,53.89,53.94,17118,0
2015-02-20,21:50:00,53.92,53.97,53.9,53.91,14008,0
2015-02-20,21:55:00,53.92,53.94,53.89,53.92,29733,0
2015-02-20,22:00:00,53.93,53.97,53.93,53.94,138166,0
2015-02-23,15:35:00,53.94,53.98,53.79,53.82,69055,0
2015-02-23,15:40:00,53.84,54.07,53.79,53.88,9195,0
2015-02-23,15:45:00,53.8,53.92,53.8,53.85,12100,0
2015-02-23,15:50:00,53.85,53.85,53.66,53.72,54976,0
2015-02-23,15:55:00,53.73,53.82,53.62,53.7,22854,0
2015-02-23,16:00:00,53.7,53.72,53.54,53.58,38822,0
2015-02-23,16:05:00,53.64,53.65,53.46,53.48,82747,0
2015-02-23,16:10:00,53.48,53.5,53.25,53.29,111351,0
2015-02-23,16:15:00,53.3,53.51,53.25,53.46,130168,0
2015-02-23,16:20:00,53.45,53.7,53.44,53.62,19964,0
2015-02-23,16:25:00,53.65,53.91,53.61,53.91,16767,0
2015-02-23,16:30:00,53.9,53.93,53.71,53.75,40500,0
2015-02-23,16:35:00,53.8,53.83,53.71,53.73,16772,0
2015-02-23,16:40:00,53.71,53.74,53.58,53.66,36174,0
2015-02-23,16:45:00,53.66,53.75,53.64,53.72,22538,0
2015-02-23,16:50:00,53.74,53.79,53.68,53.74,16300,0
2015-02-23,16:55:00,53.77,53.82,53.74,53.75,10270,0
2015-02-23,17:00:00,53.77,53.9,53.77,53.86,14142,0
2015-02-23,17:05:00,53.89,53.96,53.86,53.87,11006,0
2015-02-23,17:10:00,53.89,53.89,53.78,53.81,5843,0
2015-02-23,17:15:00,53.79,53.79,53.74,53.77,155139,0
2015-02-23,17:20:00,53.78,53.93,53.78,53.86,8252,0
2015-02-23,17:25:00,53.85,53.85,53.8,53.8,4532,0
2015-02-23,17:30:00,53.8,53.82,53.75,53.75,5338,0
2015-02-23,17:35:00,53.73,53.8,53.71,53.77,5400,0
2015-02-23,17:40:00,53.84,53.91,53.83,53.87,8120,0
2015-02-23,17:45:00,53.88,53.95,53.88,53.93,8100,0
2015-02-23,17:50:00,53.96,54,53.89,53.91,8680,0
2015-02-23,17:55:00,53.93,53.95,53.88,53.9,5500,0
2015-02-23,18:00:00,53.91,53.92,53.87,53.88,4630,0
2015-02-23,18:05:00,53.89,53.91,53.85,53.88,5559,0
2015-02-23,18:10:00,53.87,53.91,53.85,53.87,3000,0
2015-02-23,18:15:00,53.87,53.89,53.84,53.87,4920,0
2015-02-23,18:20:00,53.87,53.92,53.87,53.88,4775,0
2015-02-23,18:25:00,53.86,53.88,53.82,53.88,10711,0
2015-02-23,18:30:00,53.87,53.94,53.86,53.89,6060,0
2015-02-23,18:35:00,53.87,53.9,53.86,53.89,5497,0
2015-02-23,18:40:00,53.92,53.96,53.9,53.9,2500,0
2015-02-23,18:45:00,53.91,53.91,53.85,53.86,4200,0
2015-02-23,18:50:00,53.87,53.89,53.87,53.89,4457,0
2015-02-23,18:55:00,53.87,53.94,53.84,53.93,8002,0
2015-02-23,19:00:00,53.93,53.94,53.9,53.9,10524,0
2015-02-23,19:05:00,53.91,53.91,53.84,53.86,7058,0
2015-02-23,19:10:00,53.86,53.86,53.79,53.81,4851,0
2015-02-23,19:15:00,53.81,53.83,53.78,53.78,5959,0
2015-02-23,19:20:00,53.77,53.8,53.75,53.77,12006,0
2015-02-23,19:25:00,53.77,53.79,53.75,53.75,2730,0
2015-02-23,19:30:00,53.75,53.85,53.75,53.85,5131,0
2015-02-23,19:35:00,53.85,53.93,53.81,53.81,9777,0
2015-02-23,19:40:00,53.78,53.84,53.77,53.84,105132,0
2015-02-23,19:45:00,53.84,53.88,53.82,53.85,5403,0
2015-02-23,19:50:00,53.86,53.93,53.86,53.9,5910,0
2015-02-23,19:55:00,53.92,53.95,53.89,53.89,4243,0
2015-02-23,20:00:00,53.86,53.92,53.85,53.89,5717,0
2015-02-23,20:05:00,53.89,53.99,53.89,53.99,6425,0
2015-02-23,20:10:00,53.98,54.16,53.98,54.13,19152,0
2015-02-23,20:15:00,54.12,54.12,53.96,53.97,7838,0
2015-02-23,20:20:00,53.98,54.05,53.97,54.03,4000,0
2015-02-23,20:25:00,54.04,54.1,54.04,54.08,7308,0
2015-02-23,20:30:00,54.09,54.1,54.05,54.09,4775,0
2015-02-23,20:35:00,54.09,54.09,54.01,54.04,52918,0
2015-02-23,20:40:00,54.03,54.08,54.02,54.02,12200,0
2015-02-23,20:45:00,54.02,54.04,53.98,54.04,10665,0
2015-02-23,20:50:00,54.03,54.09,54.02,54.09,12349,0
2015-02-23,20:55:00,54.09,54.1,54.05,54.1,13561,0
2015-02-23,21:00:00,54.1,54.19,54.1,54.11,11886,0
2015-02-23,21:05:00,54.11,54.17,54.11,54.11,23025,0
2015-02-23,21:10:00,54.11,54.18,54.11,54.11,15160,0
2015-02-23,21:15:00,54.11,54.13,54.09,54.12,7200,0
2015-02-23,21:20:00,54.13,54.14,54.06,54.07,19294,0
2015-02-23,21:25:00,54.07,54.12,54.05,54.1,29860,0
2015-02-23,21:30:00,54.1,54.14,54.05,54.09,24413,0
2015-02-23,21:35:00,54.09,54.12,54.05,54.09,30779,0
2015-02-23,21:40:00,54.1,54.17,54.1,54.14,33990,0
2015-02-23,21:45:00,54.14,54.23,54.1,54.21,32202,0
2015-02-23,21:50:00,54.22,54.28,54.2,54.25,48866,0
2015-02-23,21:55:00,54.24,54.25,54.2,54.2,41634,0
2015-02-23,22:00:00,54.21,54.3,54.15,54.3,490561,0
