Date,Time,Open,High,Low,Close,Volume,OpenInt
2015-02-03,16:50:00,90.29,90.40,90.22,90.26,11815,0
2015-02-03,16:55:00,90.243,90.333,90.243,90.263,9371,0
2015-02-03,17:00:00,90.283,90.283,89.875,89.875,9006,0
2015-02-03,17:05:00,89.885,89.905,89.675,89.675,12724,0
2015-02-03,17:10:00,89.646,89.705,89.526,89.705,10909,0
2015-02-03,17:15:00,89.775,90.014,89.755,89.855,5501,0
2015-02-03,17:20:00,89.885,90.074,89.805,90.074,9814,0
2015-02-03,17:25:00,90.064,90.203,90.004,90.044,6805,0
2015-02-03,17:30:00,90.124,90.144,89.805,89.815,11890,0
2015-02-03,17:35:00,89.825,90.024,89.825,90.024,7608,0
2015-02-03,17:40:00,89.984,90.014,89.905,90.014,14794,0
2015-02-03,17:45:00,90.004,90.064,89.855,89.974,35092,0
2015-02-03,17:50:00,90.014,90.024,89.626,89.646,40004,0
2015-02-03,17:55:00,89.656,89.815,89.656,89.765,8861,0
2015-02-03,18:00:00,89.765,89.785,89.695,89.785,4001,0
2015-02-03,18:05:00,89.795,89.815,89.755,89.805,7407,0
2015-02-03,18:10:00,89.835,89.934,89.795,89.934,6892,0
2015-02-03,18:15:00,89.934,90.054,89.915,90.044,18532,0
2015-02-03,18:20:00,90.044,90.114,90.034,90.064,8609,0
2015-02-03,18:25:00,90.064,90.074,89.626,89.715,18840,0
2015-02-03,18:30:00,89.735,89.934,89.735,89.895,4901,0
2015-02-03,18:35:00,89.875,89.875,89.715,89.815,3801,0
2015-02-03,18:40:00,89.815,89.815,89.646,89.666,5206,0
2015-02-03,18:45:00,89.715,89.745,89.606,89.606,8916,0
2015-02-03,18:50:00,89.666,89.725,89.656,89.656,3720,0
2015-02-03,18:55:00,89.666,89.715,89.636,89.666,4703,0
2015-02-03,19:00:00,89.725,89.835,89.725,89.785,5606,0
2015-02-03,19:05:00,89.845,89.865,89.775,89.775,3615,0
2015-02-03,19:10:00,89.825,89.865,89.765,89.865,4907,0
2015-02-03,19:15:00,89.785,89.805,89.685,89.765,11812,0
2015-02-03,19:20:00,89.765,89.815,89.656,89.745,27008,0
2015-02-03,19:25:00,89.775,89.944,89.775,89.895,9304,0
2015-02-03,19:30:00,89.994,90.064,89.905,89.915,10806,0
2015-02-03,19:35:00,89.944,89.974,89.865,89.885,13061,0
2015-02-03,19:40:00,89.944,90.004,89.875,89.905,5941,0
2015-02-03,19:45:00,89.954,89.964,89.755,89.805,13216,0
2015-02-03,19:50:00,89.815,89.885,89.805,89.885,2704,0
2015-02-03,19:55:00,89.885,89.885,89.735,89.825,12345,0
2015-02-03,20:00:00,89.905,89.934,89.675,89.765,27713,0
2015-02-03,20:05:00,89.765,89.825,89.685,89.735,39896,0
2015-02-03,20:10:00,89.785,89.845,89.755,89.785,9629,0
2015-02-03,20:15:00,89.765,89.765,89.725,89.765,11987,0
2015-02-03,20:20:00,89.745,89.765,89.715,89.715,12541,0
2015-02-03,20:25:00,89.715,89.775,89.695,89.725,12129,0
2015-02-03,20:30:00,89.725,89.775,89.536,89.556,12162,0
2015-02-03,20:35:00,89.656,89.735,89.646,89.685,6805,0
2015-02-03,20:40:00,89.705,89.745,89.626,89.705,11207,0
2015-02-03,20:45:00,89.695,89.725,89.666,89.675,9963,0
2015-02-03,20:50:00,89.685,89.705,89.616,89.616,11263,0
2015-02-03,20:55:00,89.666,89.715,89.646,89.705,7564,0
2015-02-03,21:00:00,89.725,89.755,89.666,89.725,9863,0
2015-02-03,21:05:00,89.725,89.785,89.666,89.745,21386,0
2015-02-03,21:10:00,89.755,89.755,89.646,89.715,14639,0
2015-02-03,21:15:00,89.695,89.715,89.646,89.646,14842,0
2015-02-03,21:20:00,89.666,89.775,89.666,89.695,14613,0
2015-02-03,21:25:00,89.715,89.765,89.666,89.765,15334,0
2015-02-03,21:30:00,89.755,89.755,89.636,89.735,20248,0
2015-02-03,21:35:00,89.745,89.765,89.666,89.685,40241,0
2015-02-03,21:40:00,89.695,89.765,89.646,89.715,62065,0
2015-02-03,21:45:00,89.715,89.785,89.685,89.745,74965,0
2015-02-03,21:50:00,89.755,90.004,89.755,89.954,103214,0
2015-02-03,21:55:00,89.964,90.004,89.944,89.994,41532,0
2015-02-03,22:00:00,90.014,90.024,89.775,89.865,463511,0
2015-02-04,15:35:00,90.044,90.662,89.964,90.393,26927,0
2015-02-04,15:40:00,90.383,90.572,89.785,89.954,19116,0
2015-02-04,15:45:00,89.895,90.094,89.895,90.014,15407,0
2015-02-04,15:50:00,90.054,90.124,89.775,89.795,24394,0
2015-02-04,15:55:00,89.795,89.855,89.556,89.815,30776,0
2015-02-04,16:00:00,89.875,90.094,89.855,89.974,16600,0
2015-02-04,16:05:00,90.024,90.373,90.024,90.283,29201,0
2015-02-04,16:10:00,90.283,90.283,89.925,89.974,38369,0
2015-02-04,16:15:00,89.974,90.144,89.805,89.845,13321,0
2015-02-04,16:20:00,89.855,90.084,89.835,90.014,8031,0
2015-02-04,16:25:00,90.074,90.124,89.964,90.044,11816,0
2015-02-04,16:30:00,90.064,90.233,89.925,90.223,13511,0
2015-02-04,16:35:00,90.184,90.263,90.054,90.263,23996,0
2015-02-04,16:40:00,90.233,90.273,90.154,90.184,11101,0
2015-02-04,16:45:00,90.213,90.343,90.174,90.303,12865,0
2015-02-04,16:50:00,90.373,90.433,90.343,90.433,23368,0
2015-02-04,16:55:00,90.453,90.522,90.303,90.303,10482,0
2015-02-04,17:00:00,90.283,90.283,90.084,90.144,6601,0
2015-02-04,17:05:00,90.154,90.154,89.865,89.925,18432,0
2015-02-04,17:10:00,89.944,89.974,89.865,89.865,9646,0
2015-02-04,17:15:00,89.905,89.905,89.705,89.815,13046,0
2015-02-04,17:20:00,89.805,89.805,89.675,89.725,15243,0
2015-02-04,17:25:00,89.685,89.795,89.666,89.755,8448,0
2015-02-04,17:30:00,89.765,89.765,89.526,89.536,7501,0
2015-02-04,17:35:00,89.576,89.805,89.526,89.805,7751,0
2015-02-04,17:40:00,89.815,89.835,89.666,89.685,5753,0
2015-02-04,17:45:00,89.656,89.715,89.586,89.666,12179,0
2015-02-04,17:50:00,89.705,89.755,89.636,89.636,5501,0
2015-02-04,17:55:00,89.576,89.616,89.327,89.377,11525,0
2015-02-04,18:00:00,89.377,89.466,89.337,89.416,10340,0
2015-02-04,18:05:00,89.406,89.606,89.406,89.606,11649,0
2015-02-04,18:10:00,89.616,89.636,89.516,89.616,5624,0
2015-02-04,18:15:00,89.656,89.656,89.506,89.546,8200,0
2015-02-04,18:20:00,89.526,89.606,89.406,89.416,10802,0
2015-02-04,18:25:00,89.456,89.466,89.317,89.327,7403,0
2015-02-04,18:30:00,89.307,89.317,89.088,89.088,11103,0
2015-02-04,18:35:00,89.118,89.277,89.108,89.217,11284,0
2015-02-04,18:40:00,89.207,89.207,89.038,89.038,9403,0
2015-02-04,18:45:00,89.068,89.137,88.998,88.998,6502,0
2015-02-04,18:50:00,89.068,89.078,88.729,88.779,27343,0
2015-02-04,18:55:00,88.809,89.048,88.759,89.018,14909,0
2015-02-04,19:00:00,88.988,89.147,88.968,89.018,15019,0
2015-02-04,19:05:00,89.008,89.098,88.908,89.008,18981,0
2015-02-04,19:10:00,88.988,89.157,88.988,89.118,8744,0
2015-02-04,19:15:00,89.257,89.257,89.018,89.028,7101,0
2015-02-04,19:20:00,89.058,89.147,89.038,89.128,8702,0
2015-02-04,19:25:00,89.137,89.187,89.118,89.187,6902,0
2015-02-04,19:30:00,89.187,89.367,89.187,89.367,11101,0
2015-02-04,19:35:00,89.387,89.387,89.247,89.247,9514,0
2015-02-04,19:40:00,89.267,89.307,89.167,89.177,7812,0
2015-02-04,19:45:00,89.177,89.277,89.167,89.277,9696,0
2015-02-04,19:50:00,89.287,89.317,89.217,89.227,7901,0
2015-02-04,19:55:00,89.227,89.307,89.217,89.297,15731,0
2015-02-04,20:00:00,89.287,89.287,89.177,89.287,7994,0
2015-02-04,20:05:00,89.287,89.287,89.217,89.227,10115,0
2015-02-04,20:10:00,89.217,89.247,89.137,89.137,8567,0
2015-02-04,20:15:00,89.128,89.147,88.958,88.958,10926,0
2015-02-04,20:20:00,88.928,88.998,88.829,88.839,12216,0
2015-02-04,20:25:00,88.888,89.008,88.859,88.918,12719,0
2015-02-04,20:30:00,88.968,89.028,88.938,88.948,5401,0
2015-02-04,20:35:00,88.968,89.008,88.819,88.819,8307,0
2015-02-04,20:40:00,88.829,88.888,88.779,88.888,11927,0
2015-02-04,20:45:00,88.888,88.908,88.809,88.859,9295,0
2015-02-04,20:50:00,88.859,89.008,88.799,89.008,11306,0
2015-02-04,20:55:00,88.978,88.988,88.819,88.898,21021,0
2015-02-04,21:00:00,88.908,88.918,88.789,88.799,7006,0
2015-02-04,21:05:00,88.829,88.888,88.799,88.859,9501,0
2015-02-04,21:10:00,88.888,88.928,88.878,88.888,8901,0
2015-02-04,21:15:00,88.918,88.928,88.878,88.898,7800,0
2015-02-04,21:20:00,88.908,88.988,88.908,88.938,9954,0
2015-02-04,21:25:00,88.938,89.058,88.928,89.028,17471,0
2015-02-04,21:30:00,89.048,89.217,89.048,89.217,10511,0
2015-02-04,21:35:00,89.257,89.446,89.257,89.446,25412,0
2015-02-04,21:40:00,89.466,89.486,89.347,89.347,22419,0
2015-02-04,21:45:00,89.347,89.347,89.058,89.088,30612,0
2015-02-04,21:50:00,89.118,89.267,88.978,89.257,48339,0
2015-02-04,21:55:00,89.267,89.267,89.078,89.187,58611,0
2015-02-04,22:00:00,89.187,89.416,89.167,89.377,591940,0
2015-02-05,15:35:00,89.815,89.825,89.128,89.775,8492,0
2015-02-05,15:40:00,89.695,90.164,89.656,90.164,21347,0
2015-02-05,15:45:00,90.074,90.094,89.725,89.954,22345,0
2015-02-05,15:50:00,89.885,90.413,89.825,90.413,5913,0
2015-02-05,15:55:00,90.303,90.612,90.184,90.194,12406,0
2015-02-05,16:00:00,90.223,90.552,90.124,90.443,14798,0
2015-02-05,16:05:00,90.393,90.393,90.134,90.154,4802,0
2015-02-05,16:10:00,90.114,90.233,90.114,90.154,9846,0
2015-02-05,16:15:00,90.154,90.303,90.094,90.094,6801,0
2015-02-05,16:20:00,90.154,90.552,90.154,90.522,13785,0
2015-02-05,16:25:00,90.512,90.582,90.393,90.453,6301,0
2015-02-05,16:30:00,90.502,90.622,90.472,90.622,4509,0
2015-02-05,16:35:00,90.602,90.662,90.552,90.612,11820,0
2015-02-05,16:40:00,90.642,90.702,90.592,90.622,5903,0
2015-02-05,16:45:00,90.652,90.662,90.522,90.632,16696,0
2015-02-05,16:50:00,90.622,90.652,90.472,90.522,13298,0
2015-02-05,16:55:00,90.602,90.642,90.562,90.572,4000,0
2015-02-05,17:00:00,90.443,90.492,90.373,90.423,8503,0
2015-02-05,17:05:00,90.393,90.393,90.313,90.323,3801,0
2015-02-05,17:10:00,90.303,90.453,90.303,90.373,10612,0
2015-02-05,17:15:00,90.383,90.453,90.353,90.443,6108,0
2015-02-05,17:20:00,90.472,90.492,90.303,90.303,5501,0
2015-02-05,17:25:00,90.333,90.333,90.223,90.313,5201,0
2015-02-05,17:30:00,90.333,90.343,90.253,90.253,4300,0
2015-02-05,17:35:00,90.303,90.393,90.283,90.353,18840,0
2015-02-05,17:40:00,90.313,90.333,90.154,90.154,9409,0
2015-02-05,17:45:00,90.174,90.203,90.064,90.064,7308,0
2015-02-05,17:50:00,90.094,90.353,90.094,90.343,5829,0
2015-02-05,17:55:00,90.333,90.343,90.283,90.283,3000,0
2015-02-05,18:00:00,90.303,90.423,90.303,90.393,5502,0
2015-02-05,18:05:00,90.423,90.443,90.293,90.303,12056,0
2015-02-05,18:10:00,90.293,90.293,90.154,90.174,41478,0
2015-02-05,18:15:00,90.154,90.283,90.134,90.233,6671,0
2015-02-05,18:20:00,90.203,90.223,90.064,90.114,15834,0
2015-02-05,18:25:00,90.084,90.223,90.084,90.174,3100,0
2015-02-05,18:30:00,90.184,90.184,90.094,90.144,4101,0
2015-02-05,18:35:00,90.164,90.333,90.164,90.333,5302,0
2015-02-05,18:40:00,90.343,90.423,90.323,90.403,8001,0
2015-02-05,18:45:00,90.423,90.453,90.184,90.184,51183,0
2015-02-05,18:50:00,90.203,90.363,90.174,90.243,9817,0
2015-02-05,18:55:00,90.223,90.273,90.184,90.243,19589,0
2015-02-05,19:00:00,90.253,90.353,90.253,90.313,7206,0
2015-02-05,19:05:00,90.303,90.383,90.233,90.363,6804,0
2015-02-05,19:10:00,90.313,90.343,90.293,90.323,1900,0
2015-02-05,19:15:00,90.363,90.433,90.363,90.423,14523,0
2015-02-05,19:20:00,90.413,90.453,90.323,90.413,34472,0
2015-02-05,19:25:00,90.393,90.433,90.323,90.333,6217,0
2015-02-05,19:30:00,90.333,90.433,90.333,90.393,8617,0
2015-02-05,19:35:00,90.393,90.403,90.383,90.403,2645,0
2015-02-05,19:40:00,90.403,90.403,90.363,90.363,1700,0
2015-02-05,19:45:00,90.333,90.373,90.313,90.313,3801,0
2015-02-05,19:50:00,90.353,90.373,90.313,90.373,2900,0
2015-02-05,19:55:00,90.373,90.482,90.373,90.373,11714,0
2015-02-05,20:00:00,90.363,90.472,90.363,90.453,26403,0
2015-02-05,20:05:00,90.443,90.453,90.373,90.403,10120,0
2015-02-05,20:10:00,90.393,90.453,90.393,90.443,4515,0
2015-02-05,20:15:00,90.433,90.482,90.363,90.453,29361,0
2015-02-05,20:20:00,90.453,90.572,90.453,90.552,4647,0
2015-02-05,20:25:00,90.572,90.582,90.463,90.463,5352,0
2015-02-05,20:30:00,90.453,90.552,90.423,90.542,11394,0
2015-02-05,20:35:00,90.542,90.542,90.413,90.413,6144,0
2015-02-05,20:40:00,90.463,90.522,90.443,90.492,24261,0
2015-02-05,20:45:00,90.472,90.522,90.413,90.512,53853,0
2015-02-05,20:50:00,90.502,90.662,90.472,90.642,31427,0
2015-02-05,20:55:00,90.652,90.712,90.652,90.712,10388,0
2015-02-05,21:00:00,90.702,90.811,90.692,90.811,7839,0
2015-02-05,21:05:00,90.801,90.811,90.751,90.761,13307,0
2015-02-05,21:10:00,90.751,90.841,90.732,90.801,9903,0
2015-02-05,21:15:00,90.781,90.891,90.741,90.821,29660,0
2015-02-05,21:20:00,90.841,90.841,90.751,90.781,6897,0
2015-02-05,21:25:00,90.831,90.881,90.821,90.881,9004,0
2015-02-05,21:30:00,90.901,90.951,90.811,90.931,11902,0
2015-02-05,21:35:00,90.911,91.03,90.911,91.03,19921,0
2015-02-05,21:40:00,91.03,91.06,90.981,91.05,22233,0
2015-02-05,21:45:00,91.06,91.07,90.931,90.931,41841,0
2015-02-05,21:50:00,90.921,90.951,90.911,90.921,45738,0
2015-02-05,21:55:00,90.931,91.06,90.931,91.05,40061,0
2015-02-05,22:00:00,91.06,91.18,91.06,91.13,284971,0
2015-02-06,15:35:00,91.279,91.289,90.831,91.001,7029,0
2015-02-06,15:40:00,90.991,91.16,90.911,91.05,11389,0
2015-02-06,15:45:00,91.04,91.04,90.652,90.652,17709,0
2015-02-06,15:50:00,90.652,90.662,90.482,90.662,9042,0
2015-02-06,15:55:00,90.562,90.771,90.562,90.741,12164,0
2015-02-06,16:00:00,90.761,91.22,90.751,91.22,6304,0
2015-02-06,16:05:00,91.22,91.25,91.11,91.21,7953,0
2015-02-06,16:10:00,91.21,91.409,91.21,91.369,4401,0
2015-02-06,16:15:00,91.339,91.449,91.339,91.379,7211,0
2015-02-06,16:20:00,91.389,91.539,91.349,91.459,13418,0
2015-02-06,16:25:00,91.399,91.449,91.319,91.339,9725,0
2015-02-06,16:30:00,91.339,91.359,91.14,91.14,8457,0
2015-02-06,16:35:00,91.13,91.16,91.04,91.07,9790,0
2015-02-06,16:40:00,91.12,91.12,91.01,91.05,4910,0
2015-02-06,16:45:00,91.04,91.15,90.971,91.1,18894,0
2015-02-06,16:50:00,91.15,91.16,90.961,90.961,6819,0
2015-02-06,16:55:00,91.001,91.03,90.871,90.911,10312,0
2015-02-06,17:00:00,90.911,90.991,90.881,90.911,4603,0
2015-02-06,17:05:00,90.901,90.911,90.791,90.911,10019,0
2015-02-06,17:10:00,90.891,90.961,90.861,90.951,6257,0
2015-02-06,17:15:00,90.971,91.08,90.941,91.001,4800,0
2015-02-06,17:20:00,90.991,90.991,90.881,90.901,11325,0
2015-02-06,17:25:00,90.931,91.09,90.911,91.09,4016,0
2015-02-06,17:30:00,91.12,91.18,91.08,91.16,7051,0
2015-02-06,17:35:00,91.11,91.17,91.08,91.16,5504,0
2015-02-06,17:40:00,91.16,91.19,91.07,91.19,7114,0
2015-02-06,17:45:00,91.21,91.25,91.18,91.25,7950,0
2015-02-06,17:50:00,91.26,91.329,91.25,91.329,1814,0
2015-02-06,17:55:00,91.329,91.389,91.23,91.299,13398,0
2015-02-06,18:00:00,91.279,91.319,91.2,91.23,24891,0
2015-02-06,18:05:00,91.22,91.22,91.15,91.16,1701,0
2015-02-06,18:10:00,91.16,91.24,91.11,91.24,6302,0
2015-02-06,18:15:00,91.24,91.26,91.2,91.25,3500,0
2015-02-06,18:20:00,91.26,91.26,91.18,91.2,4208,0
2015-02-06,18:25:00,91.17,91.25,91.15,91.25,9096,0
2015-02-06,18:30:00,91.26,91.279,91.24,91.26,4909,0
2015-02-06,18:35:00,91.26,91.429,91.24,91.429,7906,0
2015-02-06,18:40:00,91.409,91.539,91.409,91.429,6595,0
2015-02-06,18:45:00,91.399,91.399,91.2,91.2,5304,0
2015-02-06,18:50:00,91.19,91.279,91.13,91.279,6295,0
2015-02-06,18:55:00,91.26,91.339,91.17,91.319,29081,0
2015-02-06,19:00:00,91.329,91.539,91.319,91.499,15323,0
2015-02-06,19:05:00,91.529,91.529,91.349,91.399,21351,0
2015-02-06,19:10:00,91.399,91.419,91.27,91.369,35802,0
2015-02-06,19:15:00,91.339,91.339,91.16,91.18,13656,0
2015-02-06,19:20:00,91.21,91.21,91.04,91.19,3600,0
2015-02-06,19:25:00,91.15,91.15,91.04,91.07,2300,0
2015-02-06,19:30:00,91.05,91.05,90.921,90.941,2800,0
2015-02-06,19:35:00,91.04,91.04,90.871,91.001,2600,0
2015-02-06,19:40:00,90.881,90.961,90.851,90.931,2200,0
2015-02-06,19:45:00,90.921,90.951,90.891,90.951,2100,0
2015-02-06,19:50:00,90.991,90.991,90.901,90.941,5585,0
2015-02-06,19:55:00,90.931,90.961,90.931,90.941,2301,0
2015-02-06,20:00:00,90.931,90.951,90.841,90.851,5843,0
2015-02-06,20:05:00,90.831,90.831,90.771,90.831,5159,0
2015-02-06,20:10:00,90.831,90.851,90.751,90.751,6398,0
2015-02-06,20:15:00,90.771,90.791,90.732,90.741,3800,0
2015-02-06,20:20:00,90.781,90.791,90.722,90.771,2620,0
2015-02-06,20:25:00,90.771,90.771,90.712,90.751,2702,0
2015-02-06,20:30:00,90.771,90.781,90.741,90.771,3503,0
2015-02-06,20:35:00,90.801,90.901,90.801,90.901,5308,0
2015-02-06,20:40:00,90.901,90.951,90.891,90.901,3304,0
2015-02-06,20:45:00,90.911,90.931,90.841,90.841,4201,0
2015-02-06,20:50:00,90.851,90.871,90.771,90.821,3900,0
2015-02-06,20:55:00,90.811,90.821,90.702,90.732,3601,0
2015-02-06,21:00:00,90.741,90.781,90.712,90.712,4388,0
2015-02-06,21:05:00,90.702,90.702,90.463,90.512,7037,0
2015-02-06,21:10:00,90.492,90.622,90.492,90.602,4376,0
2015-02-06,21:15:00,90.542,90.602,90.512,90.602,10726,0
2015-02-06,21:20:00,90.592,90.632,90.472,90.472,4815,0
2015-02-06,21:25:00,90.443,90.542,90.383,90.482,15281,0
2015-02-06,21:30:00,90.482,90.492,90.253,90.253,11652,0
2015-02-06,21:35:00,90.243,90.463,90.213,90.463,14101,0
2015-02-06,21:40:00,90.453,90.453,90.353,90.423,8455,0
2015-02-06,21:45:00,90.423,90.433,90.313,90.343,11280,0
2015-02-06,21:50:00,90.363,90.433,90.293,90.413,21045,0
2015-02-06,21:55:00,90.423,90.512,90.383,90.492,27123,0
2015-02-06,22:00:00,90.502,90.522,90.293,90.333,598982,0
2015-02-09,15:35:00,90.164,90.164,89.915,89.934,21010,0
2015-02-09,15:40:00,89.964,90.263,89.925,90.263,4607,0
2015-02-09,15:45:00,90.303,90.582,90.283,90.283,4042,0
2015-02-09,15:50:00,90.203,90.293,90.164,90.194,2000,0
2015-02-09,15:55:00,90.313,90.712,90.283,90.652,5101,0
2015-02-09,16:00:00,90.632,90.761,90.632,90.761,8023,0
2015-02-09,16:05:00,90.761,90.811,90.652,90.732,5524,0
2015-02-09,16:10:00,90.602,90.652,90.562,90.572,5800,0
2015-02-09,16:15:00,90.562,90.602,90.552,90.552,2400,0
2015-02-09,16:20:00,90.592,90.751,90.532,90.622,16047,0
2015-02-09,16:25:00,90.662,90.662,90.453,90.453,4684,0
2015-02-09,16:30:00,90.443,90.472,90.313,90.313,15177,0
2015-02-09,16:35:00,90.263,90.393,90.263,90.343,5130,0
2015-02-09,16:40:00,90.363,90.552,90.333,90.552,5614,0
2015-02-09,16:45:00,90.502,90.512,90.293,90.293,4402,0
2015-02-09,16:50:00,90.283,90.522,90.283,90.522,15277,0
2015-02-09,16:55:00,90.542,90.592,90.443,90.592,9697,0
2015-02-09,17:00:00,90.532,90.592,90.443,90.453,88760,0
2015-02-09,17:05:00,90.463,90.482,90.443,90.472,2100,0
2015-02-09,17:10:00,90.532,90.542,90.393,90.542,5115,0
2015-02-09,17:15:00,90.502,90.592,90.463,90.463,3201,0
2015-02-09,17:20:00,90.512,90.662,90.472,90.622,3701,0
2015-02-09,17:25:00,90.662,90.751,90.642,90.751,3578,0
2015-02-09,17:30:00,90.712,90.901,90.712,90.901,5477,0
2015-02-09,17:35:00,90.851,90.851,90.662,90.662,6827,0
2015-02-09,17:40:00,90.702,90.702,90.642,90.642,2003,0
2015-02-09,17:45:00,90.622,90.622,90.522,90.522,6157,0
2015-02-09,17:50:00,90.522,90.542,90.482,90.482,1941,0
2015-02-09,17:55:00,90.472,90.552,90.463,90.463,6649,0
2015-02-09,18:00:00,90.463,90.502,90.373,90.413,32731,0
2015-02-09,18:05:00,90.423,90.472,90.383,90.383,2805,0
2015-02-09,18:10:00,90.423,90.502,90.403,90.502,1800,0
2015-02-09,18:15:00,90.463,90.522,90.423,90.463,2801,0
2015-02-09,18:20:00,90.453,90.472,90.413,90.413,2600,0
2015-02-09,18:25:00,90.472,90.472,90.413,90.413,2400,0
2015-02-09,18:30:00,90.403,90.423,90.313,90.353,9585,0
2015-02-09,18:35:00,90.433,90.562,90.403,90.562,4203,0
2015-02-09,18:40:00,90.502,90.502,90.403,90.443,3777,0
2015-02-09,18:45:00,90.403,90.453,90.403,90.433,2705,0
2015-02-09,18:50:00,90.433,90.443,90.383,90.443,4202,0
2015-02-09,18:55:00,90.403,90.403,90.373,90.373,2401,0
2015-02-09,19:00:00,90.373,90.393,90.323,90.363,4002,0
2015-02-09,19:05:00,90.353,90.363,90.303,90.303,3002,0
2015-02-09,19:10:00,90.313,90.443,90.313,90.443,3400,0
2015-02-09,19:15:00,90.393,90.433,90.383,90.403,1600,0
2015-02-09,19:20:00,90.453,90.492,90.453,90.453,2900,0
2015-02-09,19:25:00,90.453,90.453,90.313,90.313,2761,0
2015-02-09,19:30:00,90.323,90.433,90.323,90.343,5110,0
2015-02-09,19:35:00,90.313,90.323,90.263,90.263,6581,0
2015-02-09,19:40:00,90.253,90.283,90.233,90.233,1802,0
2015-02-09,19:45:00,90.223,90.273,90.184,90.213,5403,0
2015-02-09,19:50:00,90.213,90.243,90.203,90.233,3007,0
2015-02-09,19:55:00,90.233,90.253,90.213,90.213,4602,0
2015-02-09,20:00:00,90.243,90.323,90.233,90.323,2902,0
2015-02-09,20:05:00,90.313,90.313,90.253,90.253,3702,0
2015-02-09,20:10:00,90.253,90.303,90.223,90.233,4912,0
2015-02-09,20:15:00,90.253,90.273,90.164,90.164,4552,0
2015-02-09,20:20:00,90.184,90.233,90.184,90.213,5203,0
2015-02-09,20:25:00,90.213,90.283,90.164,90.233,9107,0
2015-02-09,20:30:00,90.253,90.323,90.253,90.303,4503,0
2015-02-09,20:35:00,90.293,90.353,90.273,90.343,5400,0
2015-02-09,20:40:00,90.343,90.433,90.343,90.433,10207,0
2015-02-09,20:45:00,90.423,90.443,90.403,90.403,6908,0
2015-02-09,20:50:00,90.423,90.423,90.293,90.313,8313,0
2015-02-09,20:55:00,90.303,90.383,90.223,90.223,7710,0
2015-02-09,21:00:00,90.233,90.323,90.233,90.243,7905,0
2015-02-09,21:05:00,90.263,90.283,90.164,90.164,6903,0
2015-02-09,21:10:00,90.194,90.194,90.014,90.014,8323,0
2015-02-09,21:15:00,90.054,90.064,89.994,90.024,9629,0
2015-02-09,21:20:00,90.024,90.054,89.964,89.984,7814,0
2015-02-09,21:25:00,89.994,90.144,89.964,90.104,7619,0
2015-02-09,21:30:00,90.114,90.144,90.034,90.124,9226,0
2015-02-09,21:35:00,90.104,90.104,89.964,89.964,7703,0
2015-02-09,21:40:00,89.954,90.004,89.895,89.954,13134,0
2015-02-09,21:45:00,89.964,90.074,89.964,90.034,14039,0
2015-02-09,21:50:00,90.034,90.144,90.034,90.104,21934,0
2015-02-09,21:55:00,90.084,90.114,89.984,89.984,28254,0
2015-02-09,22:00:00,89.994,90.044,89.964,89.974,98456,0
2015-02-10,15:35:00,90.263,90.642,90.263,90.463,3008,0
2015-02-10,15:40:00,90.453,90.741,90.403,90.741,8363,0
2015-02-10,15:45:00,90.662,90.851,90.582,90.851,9117,0
2015-02-10,15:50:00,90.801,90.901,90.732,90.801,4705,0
2015-02-10,15:55:00,90.732,90.891,90.582,90.582,14516,0
2015-02-10,16:00:00,90.632,90.672,90.463,90.562,9032,0
2015-02-10,16:05:00,90.502,90.692,90.482,90.592,20194,0
2015-02-10,16:10:00,90.602,90.602,90.443,90.512,9639,0
2015-02-10,16:15:00,90.532,90.741,90.512,90.682,7306,0
2015-02-10,16:20:00,90.732,90.751,90.532,90.562,4626,0
2015-02-10,16:25:00,90.512,90.592,89.944,90.502,44581,0
2015-02-10,16:30:00,90.522,90.622,90.413,90.572,3402,0
2015-02-10,16:35:00,90.582,90.682,90.492,90.682,7203,0
2015-02-10,16:40:00,90.672,90.712,90.582,90.672,5801,0
2015-02-10,16:45:00,90.692,90.751,90.662,90.662,4200,0
2015-02-10,16:50:00,90.632,90.632,90.443,90.502,12010,0
2015-02-10,16:55:00,90.482,90.562,90.482,90.542,4804,0
2015-02-10,17:00:00,90.532,90.632,90.532,90.602,5801,0
2015-02-10,17:05:00,90.622,90.622,90.453,90.612,21654,0
2015-02-10,17:10:00,90.572,90.682,90.562,90.672,5701,0
2015-02-10,17:15:00,90.662,90.751,90.622,90.692,4902,0
2015-02-10,17:20:00,90.662,90.791,90.642,90.761,5201,0
2015-02-10,17:25:00,90.791,90.821,90.582,90.582,12013,0
2015-02-10,17:30:00,90.622,90.662,90.512,90.512,12644,0
2015-02-10,17:35:00,90.552,90.562,90.433,90.482,6410,0
2015-02-10,17:40:00,90.472,90.562,90.353,90.373,16376,0
2015-02-10,17:45:00,90.373,90.423,90.343,90.343,5811,0
2015-02-10,17:50:00,90.333,90.333,90.273,90.323,5152,0
2015-02-10,17:55:00,90.343,90.373,90.263,90.263,4002,0
2015-02-10,18:00:00,90.273,90.293,90.203,90.223,6005,0
2015-02-10,18:05:00,90.263,90.353,90.203,90.343,18636,0
2015-02-10,18:10:00,90.343,90.363,90.263,90.293,5905,0
2015-02-10,18:15:00,90.323,90.433,90.323,90.393,25772,0
2015-02-10,18:20:00,90.363,90.413,90.323,90.373,5429,0
2015-02-10,18:25:00,90.423,90.453,90.323,90.363,22944,0
2015-02-10,18:30:00,90.363,90.363,90.243,90.263,4303,0
2015-02-10,18:35:00,90.313,90.323,90.144,90.184,9649,0
2015-02-10,18:40:00,90.144,90.253,90.134,90.253,6651,0
2015-02-10,18:45:00,90.293,90.293,90.213,90.233,7013,0
2015-02-10,18:50:00,90.243,90.313,90.184,90.313,9143,0
2015-02-10,18:55:00,90.323,90.353,90.273,90.273,6204,0
2015-02-10,19:00:00,90.303,90.333,90.273,90.333,1704,0
2015-02-10,19:05:00,90.343,90.373,90.273,90.273,2623,0
2015-02-10,19:10:00,90.253,90.413,90.253,90.413,176142,0
2015-02-10,19:15:00,90.373,90.512,90.373,90.512,8206,0
2015-02-10,19:20:00,90.463,90.522,90.463,90.482,1602,0
2015-02-10,19:25:00,90.453,90.453,90.213,90.243,11918,0
2015-02-10,19:30:00,90.243,90.313,90.233,90.313,4206,0
2015-02-10,19:35:00,90.283,90.333,90.283,90.303,5100,0
2015-02-10,19:40:00,90.303,90.542,90.293,90.542,10205,0
2015-02-10,19:45:00,90.512,90.572,90.433,90.433,4506,0
2015-02-10,19:50:00,90.423,90.662,90.403,90.662,9707,0
2015-02-10,19:55:00,90.642,90.672,90.592,90.592,5501,0
2015-02-10,20:00:00,90.632,90.632,90.542,90.552,2713,0
2015-02-10,20:05:00,90.602,90.632,90.542,90.612,2508,0
2015-02-10,20:10:00,90.642,90.662,90.612,90.622,4508,0
2015-02-10,20:15:00,90.652,90.672,90.582,90.672,8176,0
2015-02-10,20:20:00,90.662,90.682,90.632,90.682,3300,0
2015-02-10,20:25:00,90.682,90.732,90.622,90.652,6301,0
2015-02-10,20:30:00,90.652,90.722,90.642,90.712,4500,0
2015-02-10,20:35:00,90.712,90.712,90.612,90.702,5700,0
2015-02-10,20:40:00,90.682,90.751,90.642,90.732,3802,0
2015-02-10,20:45:00,90.722,90.722,90.652,90.672,4709,0
2015-02-10,20:50:00,90.652,90.652,90.602,90.622,3773,0
2015-02-10,20:55:00,90.622,90.682,90.622,90.662,5374,0
2015-02-10,21:00:00,90.692,90.781,90.672,90.751,5051,0
2015-02-10,21:05:00,90.781,90.791,90.741,90.781,3803,0
2015-02-10,21:10:00,90.741,90.841,90.722,90.841,4501,0
2015-02-10,21:15:00,90.851,90.861,90.821,90.851,3102,0
2015-02-10,21:20:00,90.851,90.851,90.791,90.851,6808,0
2015-02-10,21:25:00,90.831,90.831,90.751,90.791,16805,0
2015-02-10,21:30:00,90.761,90.831,90.722,90.811,18892,0
2015-02-10,21:35:00,90.811,90.821,90.722,90.732,14808,0
2015-02-10,21:40:00,90.722,90.891,90.722,90.881,12427,0
2015-02-10,21:45:00,90.851,90.951,90.821,90.931,14572,0
2015-02-10,21:50:00,90.871,90.951,90.851,90.921,23693,0
2015-02-10,21:55:00,90.911,90.961,90.891,90.951,27328,0
2015-02-10,22:00:00,90.961,91.08,90.911,91.001,454399,0
2015-02-11,15:35:00,90.472,91.07,90.472,91.03,1300,0
2015-02-11,15:40:00,91.06,91.09,90.542,90.971,24556,0
2015-02-11,15:45:00,90.911,90.931,90.662,90.861,10913,0
2015-02-11,15:50:00,90.811,90.811,90.612,90.761,6109,0
2015-02-11,15:55:00,90.741,90.771,90.572,90.771,7807,0
2015-02-11,16:00:00,90.722,90.861,90.722,90.861,4202,0
2015-02-11,16:05:00,90.831,90.831,90.542,90.602,14685,0
2015-02-11,16:10:00,90.622,90.662,90.532,90.582,6307,0
2015-02-11,16:15:00,90.622,90.662,90.552,90.612,5903,0
2015-02-11,16:20:00,90.592,90.672,90.572,90.622,11308,0
2015-02-11,16:25:00,90.632,90.692,90.522,90.562,15947,0
2015-02-11,16:30:00,90.542,90.592,90.423,90.463,16013,0
2015-02-11,16:35:00,90.453,90.453,90.313,90.373,4253,0
2015-02-11,16:40:00,90.423,90.443,90.353,90.413,9511,0
2015-02-11,16:45:00,90.413,90.443,90.303,90.413,26245,0
2015-02-11,16:50:00,90.393,90.393,90.293,90.323,4581,0
2015-02-11,16:55:00,90.313,90.403,90.313,90.343,5803,0
2015-02-11,17:00:00,90.333,90.343,90.253,90.303,8610,0
2015-02-11,17:05:00,90.323,90.413,90.313,90.413,6801,0
2015-02-11,17:10:00,90.413,90.433,90.343,90.383,8002,0
2015-02-11,17:15:00,90.403,90.512,90.323,90.323,10816,0
2015-02-11,17:20:00,90.323,90.383,90.253,90.373,9808,0
2015-02-11,17:25:00,90.383,90.443,90.363,90.423,15986,0
2015-02-11,17:30:00,90.443,90.532,90.443,90.522,6202,0
2015-02-11,17:35:00,90.482,90.512,90.363,90.502,12155,0
2015-02-11,17:40:00,90.522,90.522,90.443,90.492,5403,0
2015-02-11,17:45:00,90.502,90.502,90.413,90.443,4301,0
2015-02-11,17:50:00,90.453,90.463,90.393,90.423,10000,0
2015-02-11,17:55:00,90.443,90.522,90.423,90.453,6104,0
2015-02-11,18:00:00,90.443,90.463,90.313,90.313,6276,0
2015-02-11,18:05:00,90.303,90.313,90.213,90.283,9104,0
2015-02-11,18:10:00,90.283,90.423,90.273,90.373,6227,0
2015-02-11,18:15:00,90.383,90.413,90.343,90.393,6154,0
2015-02-11,18:20:00,90.413,90.413,90.313,90.333,3302,0
2015-02-11,18:25:00,90.323,90.403,90.323,90.333,5813,0
2015-02-11,18:30:00,90.363,90.393,90.303,90.373,5304,0
2015-02-11,18:35:00,90.353,90.781,90.313,90.582,77162,0
2015-02-11,18:40:00,90.572,90.652,90.413,90.423,12057,0
2015-02-11,18:45:00,90.443,90.542,90.323,90.403,13162,0
2015-02-11,18:50:00,90.423,90.492,90.423,90.472,3201,0
2015-02-11,18:55:00,90.453,90.453,90.383,90.393,5002,0
2015-02-11,19:00:00,90.403,90.403,90.283,90.323,5902,0
2015-02-11,19:05:00,90.313,90.363,90.303,90.303,5403,0
2015-02-11,19:10:00,90.303,90.323,90.243,90.263,4480,0
2015-02-11,19:15:00,90.293,90.323,90.194,90.203,6225,0
2015-02-11,19:20:00,90.223,90.313,90.203,90.303,4907,0
2015-02-11,19:25:00,90.283,90.313,90.263,90.303,6879,0
2015-02-11,19:30:00,90.293,90.393,90.263,90.363,5166,0
2015-02-11,19:35:00,90.383,90.463,90.353,90.463,13205,0
2015-02-11,19:40:00,90.423,90.453,90.373,90.403,5312,0
2015-02-11,19:45:00,90.403,90.482,90.403,90.433,8785,0
2015-02-11,19:50:00,90.423,90.453,90.393,90.423,8455,0
2015-02-11,19:55:00,90.423,90.463,90.423,90.423,4805,0
2015-02-11,20:00:00,90.423,90.622,90.393,90.572,30292,0
2015-02-11,20:05:00,90.572,90.602,90.472,90.522,10805,0
2015-02-11,20:10:00,90.502,90.692,90.502,90.692,14625,0
2015-02-11,20:15:00,90.722,90.791,90.662,90.662,11837,0
2015-02-11,20:20:00,90.672,90.692,90.592,90.612,9304,0
2015-02-11,20:25:00,90.622,90.642,90.592,90.592,9005,0
2015-02-11,20:30:00,90.592,90.632,90.572,90.612,8366,0
2015-02-11,20:35:00,90.622,90.781,90.622,90.771,9467,0
2015-02-11,20:40:00,90.771,90.831,90.761,90.781,11753,0
2015-02-11,20:45:00,90.791,90.861,90.791,90.801,9216,0
2015-02-11,20:50:00,90.811,90.961,90.811,90.931,14378,0
2015-02-11,20:55:00,90.931,90.991,90.921,90.961,12605,0
2015-02-11,21:00:00,90.961,90.981,90.781,90.861,15165,0
2015-02-11,21:05:00,90.851,90.871,90.741,90.811,12910,0
2015-02-11,21:10:00,90.801,90.851,90.801,90.841,10874,0
2015-02-11,21:15:00,90.851,90.881,90.811,90.831,10106,0
2015-02-11,21:20:00,90.841,90.841,90.722,90.741,17795,0
2015-02-11,21:25:00,90.751,90.821,90.732,90.821,14570,0
2015-02-11,21:30:00,90.811,90.981,90.811,90.981,23754,0
2015-02-11,21:35:00,90.961,91.06,90.841,90.901,37876,0
2015-02-11,21:40:00,90.931,91.06,90.921,91.06,26175,0
2015-02-11,21:45:00,91.05,91.15,91.03,91.12,19428,0
2015-02-11,21:50:00,91.14,91.17,90.971,90.971,50039,0
2015-02-11,21:55:00,90.971,90.981,90.901,90.961,31830,0
2015-02-11,22:00:00,90.981,91.18,90.971,91.14,224140,0
2015-02-12,15:35:00,85.63,85.8,83.46,85.68,134670,0
2015-02-12,15:40:00,85.6,87.0,85.2,86.13,56234,0
2015-02-12,15:45:00,86.12,86.53,85.48,85.95,140321,0
2015-02-12,15:50:00,85.64,86.14,84.67,85.06,237222,0
2015-02-12,15:55:00,85.08,85.08,84.76,84.77,80736,0
2015-02-12,16:00:00,84.85,85.17,84.65,84.99,87162,0
2015-02-12,16:05:00,84.99,85.05,84.68,84.81,76162,0
2015-02-12,16:10:00,84.77,84.86,84.16,84.16,87933,0
2015-02-12,16:15:00,84.17,84.19,83.8,83.96,100273,0
2015-02-12,16:20:00,84.01,84.32,83.88,84.24,51822,0
2015-02-12,16:25:00,84.21,84.44,83.89,83.92,113898,0
2015-02-12,16:30:00,83.9,83.94,82.68,82.85,126593,0
2015-02-12,16:35:00,82.87,83.95,82.81,83.94,76954,0
2015-02-12,16:40:00,83.95,83.95,83.03,83.18,36353,0
2015-02-12,16:45:00,83.17,83.78,83.14,83.73,32832,0
2015-02-12,16:50:00,83.72,83.86,83.63,83.73,64630,0
2015-02-12,16:55:00,83.73,83.87,83.67,83.7,55410,0
2015-02-12,17:00:00,83.7,83.7,83.21,83.38,47769,0
2015-02-12,17:05:00,83.41,83.55,83.39,83.49,40755,0
2015-02-12,17:10:00,83.49,83.51,83.25,83.34,55266,0
2015-02-12,17:15:00,83.35,83.65,83.26,83.65,122313,0
2015-02-12,17:20:00,83.63,84.03,83.49,83.51,134052,0
2015-02-12,17:25:00,83.52,83.94,83.42,83.82,121978,0
2015-02-12,17:30:00,83.81,83.86,83.13,83.25,101251,0
2015-02-12,17:35:00,83.29,83.32,83.14,83.3,31835,0
2015-02-12,17:40:00,83.29,83.47,83.26,83.4,33199,0
2015-02-12,17:45:00,83.4,83.51,83.32,83.36,39218,0
2015-02-12,17:50:00,83.38,83.56,83.37,83.44,44558,0
2015-02-12,17:55:00,83.48,83.51,83.43,83.45,31836,0
2015-02-12,18:00:00,83.45,83.47,83.16,83.26,32071,0
2015-02-12,18:05:00,83.26,83.26,83.02,83.05,22988,0
2015-02-12,18:10:00,83.05,83.2,82.93,82.93,46290,0
2015-02-12,18:15:00,82.93,83.0,82.72,82.75,26005,0
2015-02-12,18:20:00,82.78,83.16,82.72,83.04,58840,0
2015-02-12,18:25:00,83.05,83.13,82.72,82.75,43058,0
2015-02-12,18:30:00,82.77,82.88,82.6,82.6,24350,0
2015-02-12,18:35:00,82.61,82.81,82.55,82.66,29791,0
2015-02-12,18:40:00,82.64,82.65,82.48,82.51,26446,0
2015-02-12,18:45:00,82.5,82.5,82.18,82.33,41113,0
2015-02-12,18:50:00,82.33,82.52,82.33,82.43,46664,0
2015-02-12,18:55:00,82.42,82.49,82.38,82.41,23421,0
2015-02-12,19:00:00,82.41,82.42,81.98,81.98,54372,0
2015-02-12,19:05:00,81.96,82.09,81.9,82.06,32500,0
2015-02-12,19:10:00,82.08,82.08,81.4,81.44,51046,0
2015-02-12,19:15:00,81.44,81.72,81.25,81.26,63208,0
2015-02-12,19:20:00,81.27,81.51,81.27,81.34,74999,0
2015-02-12,19:25:00,81.32,81.33,80.88,81.0,68581,0
2015-02-12,19:30:00,81.01,81.35,80.48,81.32,144156,0
2015-02-12,19:35:00,81.32,81.32,80.87,80.89,99594,0
2015-02-12,19:40:00,80.88,80.89,80.6,80.61,45650,0
2015-02-12,19:45:00,80.6,80.69,80.49,80.55,61850,0
2015-02-12,19:50:00,80.56,81.13,80.53,81.05,82754,0
2015-02-12,19:55:00,81.02,81.08,80.74,80.96,50356,0
2015-02-12,20:00:00,80.98,81.04,80.83,80.89,76681,0
2015-02-12,20:05:00,80.91,81.17,80.82,81.12,96512,0
2015-02-12,20:10:00,81.13,81.28,81.12,81.18,41927,0
2015-02-12,20:15:00,81.18,81.37,81.18,81.37,54853,0
2015-02-12,20:20:00,81.41,81.62,81.17,81.25,62585,0
2015-02-12,20:25:00,81.27,81.83,81.23,81.8,67035,0
2015-02-12,20:30:00,81.81,81.86,81.5,81.5,78738,0
2015-02-12,20:35:00,81.5,81.5,81.1,81.23,66644,0
2015-02-12,20:40:00,81.21,81.31,80.72,80.81,51049,0
2015-02-12,20:45:00,80.81,81.0,80.72,80.81,50587,0
2015-02-12,20:50:00,80.82,81.01,80.61,80.73,79689,0
2015-02-12,20:55:00,80.7,80.85,80.61,80.62,67808,0
2015-02-12,21:00:00,80.62,80.63,80.04,80.11,107187,0
2015-02-12,21:05:00,80.11,80.38,80.01,80.28,86685,0
2015-02-12,21:10:00,80.31,80.33,80.06,80.24,69321,0
2015-02-12,21:15:00,80.23,80.24,80.0,80.2,116509,0
2015-02-12,21:20:00,80.2,80.47,80.05,80.27,119039,0
2015-02-12,21:25:00,80.26,80.53,80.25,80.27,64410,0
2015-02-12,21:30:00,80.28,80.57,80.14,80.57,112538,0
2015-02-12,21:35:00,80.58,80.64,80.29,80.32,113021,0
2015-02-12,21:40:00,80.3,80.38,80.22,80.3,107377,0
2015-02-12,21:45:00,80.29,80.53,80.29,80.36,103657,0
2015-02-12,21:50:00,80.36,80.42,80.0,80.0,318317,0
2015-02-12,21:55:00,80.0,80.32,80.0,80.11,153902,0
2015-02-12,22:00:00,80.12,80.77,80.11,80.44,697920,0
2015-02-13,15:35:00,80.25,80.7,80.1,80.23,40644,0
2015-02-13,15:40:00,80.21,80.78,80.21,80.35,73636,0
2015-02-13,15:45:00,80.35,80.57,80.23,80.23,53405,0
2015-02-13,15:50:00,80.31,80.38,80.2,80.32,33804,0
2015-02-13,15:55:00,80.34,80.36,80.06,80.09,46511,0
2015-02-13,16:00:00,80.13,80.13,79.92,79.92,77535,0
2015-02-13,16:05:00,79.92,80.35,79.83,80.21,107842,0
2015-02-13,16:10:00,80.21,80.44,80.13,80.37,43526,0
2015-02-13,16:15:00,80.35,80.36,80.0,80.14,52690,0
2015-02-13,16:20:00,80.15,80.46,80.13,80.36,84456,0
2015-02-13,16:25:00,80.35,80.66,80.28,80.66,48380,0
2015-02-13,16:30:00,80.7,81.18,80.64,81.17,126677,0
2015-02-13,16:35:00,81.21,81.25,80.81,80.85,41918,0
2015-02-13,16:40:00,80.84,81.04,80.77,81.04,38481,0
2015-02-13,16:45:00,81.04,81.13,80.97,81.09,46194,0
2015-02-13,16:50:00,81.09,81.36,81.07,81.31,85648,0
2015-02-13,16:55:00,81.33,81.47,81.19,81.47,40997,0
2015-02-13,17:00:00,81.47,81.61,81.46,81.55,49507,0
2015-02-13,17:05:00,81.57,81.61,81.4,81.56,56034,0
2015-02-13,17:10:00,81.56,81.58,81.37,81.39,42139,0
2015-02-13,17:15:00,81.4,81.43,81.36,81.37,16897,0
2015-02-13,17:20:00,81.36,81.36,81.0,81.0,53416,0
2015-02-13,17:25:00,81.02,81.13,80.95,81.05,26098,0
2015-02-13,17:30:00,81.06,81.2,81.05,81.11,28873,0
2015-02-13,17:35:00,81.12,81.33,81.12,81.28,27508,0
2015-02-13,17:40:00,81.27,81.46,81.24,81.46,31809,0
2015-02-13,17:45:00,81.48,81.65,81.47,81.6,32519,0
2015-02-13,17:50:00,81.6,81.63,81.4,81.4,37027,0
2015-02-13,17:55:00,81.4,81.46,81.28,81.37,29011,0
2015-02-13,18:00:00,81.37,81.37,81.26,81.28,22850,0
2015-02-13,18:05:00,81.29,81.37,81.29,81.33,20408,0
2015-02-13,18:10:00,81.34,81.42,81.3,81.42,57895,0
2015-02-13,18:15:00,81.42,81.55,81.41,81.55,26104,0
2015-02-13,18:20:00,81.54,81.54,81.42,81.42,9600,0
2015-02-13,18:25:00,81.42,81.42,81.34,81.37,23257,0
2015-02-13,18:30:00,81.36,81.36,81.15,81.16,18221,0
2015-02-13,18:35:00,81.15,81.33,81.11,81.28,35328,0
2015-02-13,18:40:00,81.29,81.32,81.22,81.26,12022,0
2015-02-13,18:45:00,81.24,81.24,81.11,81.22,21682,0
2015-02-13,18:50:00,81.22,81.22,81.01,81.12,19653,0
2015-02-13,18:55:00,81.12,81.17,81.04,81.04,17290,0
2015-02-13,19:00:00,81.03,81.04,80.93,81.04,20888,0
2015-02-13,19:05:00,81.05,81.13,80.97,81.12,34477,0
2015-02-13,19:10:00,81.11,81.17,81.08,81.12,27179,0
2015-02-13,19:15:00,81.11,81.15,81.09,81.15,16100,0
2015-02-13,19:20:00,81.14,81.43,81.14,81.31,44986,0
2015-02-13,19:25:00,81.35,81.41,81.31,81.31,23635,0
2015-02-13,19:30:00,81.33,81.53,81.31,81.5,38091,0
2015-02-13,19:35:00,81.5,81.57,81.47,81.55,27240,0
2015-02-13,19:40:00,81.55,81.55,81.43,81.49,27143,0
2015-02-13,19:45:00,81.5,81.64,81.5,81.63,30407,0
2015-02-13,19:50:00,81.63,81.97,81.63,81.95,53450,0
2015-02-13,19:55:00,81.96,82.11,81.94,82.01,59283,0
2015-02-13,20:00:00,82.01,82.08,81.99,82.02,28368,0
2015-02-13,20:05:00,82.03,82.21,82.01,82.21,38609,0
2015-02-13,20:10:00,82.21,82.43,82.2,82.24,47399,0
2015-02-13,20:15:00,82.23,82.36,82.21,82.33,41116,0
2015-02-13,20:20:00,82.32,82.46,82.32,82.46,48956,0
2015-02-13,20:25:00,82.45,82.73,82.44,82.6,60399,0
2015-02-13,20:30:00,82.62,82.78,82.61,82.62,41110,0
2015-02-13,20:35:00,82.62,82.65,82.53,82.61,66541,0
2015-02-13,20:40:00,82.61,82.62,82.54,82.54,30382,0
2015-02-13,20:45:00,82.54,82.66,82.54,82.6,57646,0
2015-02-13,20:50:00,82.59,82.6,82.57,82.57,18120,0
2015-02-13,20:55:00,82.58,82.6,82.55,82.57,32322,0
2015-02-13,21:00:00,82.57,82.63,82.56,82.6,29114,0
2015-02-13,21:05:00,82.61,82.65,82.59,82.65,28619,0
2015-02-13,21:10:00,82.65,82.89,82.64,82.73,54715,0
2015-02-13,21:15:00,82.73,82.75,82.66,82.69,42697,0
2015-02-13,21:20:00,82.68,82.8,82.65,82.76,42976,0
2015-02-13,21:25:00,82.77,82.88,82.7,82.78,47971,0
2015-02-13,21:30:00,82.77,82.82,82.61,82.61,45827,0
2015-02-13,21:35:00,82.62,82.67,82.53,82.54,62166,0
2015-02-13,21:40:00,82.54,82.63,82.53,82.6,57785,0
2015-02-13,21:45:00,82.6,82.6,82.33,82.39,48591,0
2015-02-13,21:50:00,82.39,82.46,82.31,82.35,56002,0
2015-02-13,21:55:00,82.33,82.35,82.17,82.17,79943,0
2015-02-13,22:00:00,82.18,82.26,82.17,82.22,340695,0
2015-02-17,15:35:00,81.8,82.22,81.66,82.2,124055,0
2015-02-17,15:40:00,82.21,82.59,82.13,82.54,28698,0
2015-02-17,15:45:00,82.51,82.84,82.51,82.8,60218,0
2015-02-17,15:50:00,82.78,82.93,82.72,82.78,18289,0
2015-02-17,15:55:00,82.79,82.8,82.61,82.69,56205,0
2015-02-17,16:00:00,82.67,82.69,82.61,82.64,13329,0
2015-02-17,16:05:00,82.64,82.67,82.54,82.58,39582,0
2015-02-17,16:10:00,82.58,82.63,82.43,82.43,43266,0
2015-02-17,16:15:00,82.42,82.46,82.38,82.42,30818,0
2015-02-17,16:20:00,82.41,82.42,82.38,82.42,18976,0
2015-02-17,16:25:00,82.42,82.57,82.34,82.34,14404,0
2015-02-17,16:30:00,82.36,82.43,82.23,82.42,21135,0
2015-02-17,16:35:00,82.43,82.44,82.28,82.42,30900,0
2015-02-17,16:40:00,82.43,82.43,82.28,82.31,21815,0
2015-02-17,16:45:00,82.3,82.38,82.28,82.28,15000,0
2015-02-17,16:50:00,82.31,82.31,82.27,82.29,23094,0
2015-02-17,16:55:00,82.28,82.33,82.28,82.28,20745,0
2015-02-17,17:00:00,82.28,82.33,82.28,82.28,13050,0
2015-02-17,17:05:00,82.28,82.29,82.16,82.2,17739,0
2015-02-17,17:10:00,82.19,82.2,82.06,82.08,23571,0
2015-02-17,17:15:00,82.09,82.09,81.96,82.01,22387,0
2015-02-17,17:20:00,82,82.09,82,82.09,17600,0
2015-02-17,17:25:00,82.08,82.31,82.08,82.29,16912,0
2015-02-17,17:30:00,82.31,82.47,82.31,82.47,18728,0
2015-02-17,17:35:00,82.47,82.47,82.35,82.38,11680,0
2015-02-17,17:40:00,82.35,82.35,82.12,82.26,58368,0
2015-02-17,17:45:00,82.26,82.37,82.18,82.18,19612,0
2015-02-17,17:50:00,82.19,82.29,82.13,82.24,16470,0
2015-02-17,17:55:00,82.24,82.32,82.22,82.27,13110,0
2015-02-17,18:00:00,82.25,82.31,82.24,82.25,12005,0
2015-02-17,18:05:00,82.25,82.42,82.24,82.41,12380,0
2015-02-17,18:10:00,82.42,82.42,82.22,82.28,19029,0
2015-02-17,18:15:00,82.26,82.26,82.11,82.22,10091,0
2015-02-17,18:20:00,82.2,82.24,82.13,82.17,12365,0
2015-02-17,18:25:00,82.2,82.23,82.09,82.2,15910,0
2015-02-17,18:30:00,82.17,82.29,82.1,82.27,16400,0
2015-02-17,18:35:00,82.28,82.41,82.28,82.36,19494,0
2015-02-17,18:40:00,82.35,82.4,82.35,82.38,5700,0
2015-02-17,18:45:00,82.38,82.54,82.37,82.54,16508,0
2015-02-17,18:50:00,82.56,82.62,82.56,82.58,14332,0
2015-02-17,18:55:00,82.59,82.68,82.58,82.66,19595,0
2015-02-17,19:00:00,82.67,82.81,82.66,82.81,17961,0
2015-02-17,19:05:00,82.81,82.96,82.81,82.95,26661,0
2015-02-17,19:10:00,82.97,82.98,82.9,82.94,13766,0
2015-02-17,19:15:00,82.95,83.06,82.92,83.02,21821,0
2015-02-17,19:20:00,83.02,83.05,82.99,83.04,15971,0
2015-02-17,19:25:00,83.03,83.04,82.93,82.93,16542,0
2015-02-17,19:30:00,82.95,83.05,82.93,83.03,21213,0
2015-02-17,19:35:00,83.02,83.09,82.95,82.95,25869,0
2015-02-17,19:40:00,82.94,82.95,82.85,82.88,16017,0
2015-02-17,19:45:00,82.88,82.89,82.83,82.84,10400,0
2015-02-17,19:50:00,82.83,82.87,82.78,82.87,18199,0
2015-02-17,19:55:00,82.87,82.87,82.82,82.84,14120,0
2015-02-17,20:00:00,82.83,82.87,82.82,82.82,19050,0
2015-02-17,20:05:00,82.84,82.86,82.77,82.77,12843,0
2015-02-17,20:10:00,82.76,82.77,82.68,82.7,15768,0
2015-02-17,20:15:00,82.7,82.72,82.66,82.66,11088,0
2015-02-17,20:20:00,82.65,82.66,82.56,82.61,10800,0
2015-02-17,20:25:00,82.63,82.64,82.56,82.56,15637,0
2015-02-17,20:30:00,82.56,82.56,82.45,82.49,12610,0
2015-02-17,20:35:00,82.48,82.64,82.48,82.64,6111,0
2015-02-17,20:40:00,82.65,82.67,82.63,82.66,15526,0
2015-02-17,20:45:00,82.67,82.77,82.67,82.77,8559,0
2015-02-17,20:50:00,82.76,82.85,82.75,82.84,16860,0
2015-02-17,20:55:00,82.84,82.84,82.66,82.67,17222,0
2015-02-17,21:00:00,82.68,82.69,82.57,82.57,10908,0
2015-02-17,21:05:00,82.58,82.68,82.56,82.68,10584,0
2015-02-17,21:10:00,82.69,82.69,82.63,82.65,12978,0
2015-02-17,21:15:00,82.66,82.75,82.66,82.75,10550,0
2015-02-17,21:20:00,82.75,82.84,82.75,82.79,36802,0
2015-02-17,21:25:00,82.76,82.76,82.56,82.62,17950,0
2015-02-17,21:30:00,82.62,82.64,82.45,82.45,19240,0
2015-02-17,21:35:00,82.46,82.47,82.36,82.37,18352,0
2015-02-17,21:40:00,82.39,82.54,82.37,82.53,24613,0
2015-02-17,21:45:00,82.53,82.71,82.49,82.69,48548,0
2015-02-17,21:50:00,82.71,82.71,82.6,82.66,35330,0
2015-02-17,21:55:00,82.66,82.68,82.6,82.61,51371,0
2015-02-17,22:00:00,82.61,82.72,82.6,82.72,154140,0
2015-02-18,15:35:00,82.71,82.71,82.09,82.59,5721,0
2015-02-18,15:40:00,82.79,82.91,82.28,82.83,31308,0
2015-02-18,15:45:00,82.86,82.88,82.71,82.83,14869,0
2015-02-18,15:50:00,82.83,82.84,82.75,82.75,26517,0
2015-02-18,15:55:00,82.79,82.84,82.7,82.75,27059,0
2015-02-18,16:00:00,82.75,82.81,82.75,82.78,15771,0
2015-02-18,16:05:00,82.8,82.8,82.72,82.75,23492,0
2015-02-18,16:10:00,82.76,82.79,82.74,82.75,10967,0
2015-02-18,16:15:00,82.76,82.76,82.62,82.63,19525,0
2015-02-18,16:20:00,82.63,82.75,82.63,82.63,14961,0
2015-02-18,16:25:00,82.63,82.67,82.49,82.5,22698,0
2015-02-18,16:30:00,82.5,82.55,82.45,82.49,25435,0
2015-02-18,16:35:00,82.49,82.6,82.46,82.53,21677,0
2015-02-18,16:40:00,82.52,82.54,82.48,82.48,15414,0
2015-02-18,16:45:00,82.48,82.57,82.48,82.57,19533,0
2015-02-18,16:50:00,82.57,82.58,82.54,82.57,7561,0
2015-02-18,16:55:00,82.57,82.57,82.48,82.48,14245,0
2015-02-18,17:00:00,82.46,82.48,82.43,82.46,5600,0
2015-02-18,17:05:00,82.46,82.49,82.42,82.42,6616,0
2015-02-18,17:10:00,82.43,82.47,82.41,82.42,13318,0
2015-02-18,17:15:00,82.42,82.46,82.42,82.45,6900,0
2015-02-18,17:20:00,82.46,82.46,82.43,82.43,7363,0
2015-02-18,17:25:00,82.45,82.46,82.41,82.41,8020,0
2015-02-18,17:30:00,82.41,82.46,82.4,82.41,16236,0
2015-02-18,17:35:00,82.41,82.43,82.4,82.43,14280,0
2015-02-18,17:40:00,82.42,82.56,82.4,82.56,26510,0
2015-02-18,17:45:00,82.55,82.55,82.5,82.51,10100,0
2015-02-18,17:50:00,82.51,82.55,82.51,82.51,8754,0
2015-02-18,17:55:00,82.51,82.63,82.49,82.63,27482,0
2015-02-18,18:00:00,82.63,82.69,82.63,82.67,16142,0
2015-02-18,18:05:00,82.69,82.72,82.67,82.71,9480,0
2015-02-18,18:10:00,82.71,82.72,82.65,82.65,7625,0
2015-02-18,18:15:00,82.65,82.66,82.59,82.63,15364,0
2015-02-18,18:20:00,82.63,82.64,82.62,82.64,5616,0
2015-02-18,18:25:00,82.64,82.64,82.59,82.59,14568,0
2015-02-18,18:30:00,82.58,82.58,82.46,82.49,13275,0
2015-02-18,18:35:00,82.49,82.51,82.42,82.46,13561,0
2015-02-18,18:40:00,82.45,82.45,82.35,82.36,10174,0
2015-02-18,18:45:00,82.36,82.36,82.28,82.28,14100,0
2015-02-18,18:50:00,82.28,82.33,82.26,82.33,19495,0
2015-02-18,18:55:00,82.31,82.35,82.31,82.33,8026,0
2015-02-18,19:00:00,82.32,82.33,82.27,82.28,4700,0
2015-02-18,19:05:00,82.27,82.3,82.27,82.28,3600,0
2015-02-18,19:10:00,82.27,82.29,82.26,82.27,13077,0
2015-02-18,19:15:00,82.29,82.29,82.26,82.27,4961,0
2015-02-18,19:20:00,82.3,82.3,82.28,82.28,4920,0
2015-02-18,19:25:00,82.27,82.29,82.26,82.28,22066,0
2015-02-18,19:30:00,82.29,82.34,82.27,82.34,9433,0
2015-02-18,19:35:00,82.35,82.37,82.28,82.29,9142,0
2015-02-18,19:40:00,82.29,82.3,82.25,82.28,14827,0
2015-02-18,19:45:00,82.28,82.31,82.27,82.27,9022,0
2015-02-18,19:50:00,82.3,82.3,82.21,82.21,12358,0
2015-02-18,19:55:00,82.22,82.24,82.19,82.19,13354,0
2015-02-18,20:00:00,82.18,82.21,82.14,82.19,9846,0
2015-02-18,20:05:00,82.21,82.35,82.2,82.33,62393,0
2015-02-18,20:10:00,82.33,82.53,82.32,82.44,17287,0
2015-02-18,20:15:00,82.44,82.51,82.44,82.48,8393,0
2015-02-18,20:20:00,82.5,82.5,82.45,82.47,7554,0
2015-02-18,20:25:00,82.49,82.54,82.48,82.49,15538,0
2015-02-18,20:30:00,82.5,82.52,82.46,82.5,14991,0
2015-02-18,20:35:00,82.49,82.49,82.46,82.46,5406,0
2015-02-18,20:40:00,82.48,82.51,82.4,82.4,8841,0
2015-02-18,20:45:00,82.4,82.43,82.38,82.41,9698,0
2015-02-18,20:50:00,82.41,82.46,82.4,82.46,23346,0
2015-02-18,20:55:00,82.47,82.61,82.47,82.59,17586,0
2015-02-18,21:00:00,82.61,82.75,82.6,82.7,35798,0
2015-02-18,21:05:00,82.71,82.83,82.71,82.83,25562,0
2015-02-18,21:10:00,82.83,82.95,82.79,82.92,31671,0
2015-02-18,21:15:00,82.93,82.98,82.9,82.98,26971,0
2015-02-18,21:20:00,82.98,82.98,82.9,82.96,18580,0
2015-02-18,21:25:00,82.96,82.97,82.92,82.92,13520,0
2015-02-18,21:30:00,82.92,82.96,82.91,82.94,17472,0
2015-02-18,21:35:00,82.94,82.94,82.86,82.9,18228,0
2015-02-18,21:40:00,82.9,82.93,82.88,82.9,24673,0
2015-02-18,21:45:00,82.88,82.91,82.87,82.87,19656,0
2015-02-18,21:50:00,82.9,82.98,82.9,82.97,29506,0
2015-02-18,21:55:00,82.97,82.97,82.92,82.93,39935,0
2015-02-18,22:00:00,82.93,82.94,82.84,82.89,297779,0
2015-02-19,15:35:00,82.24,82.52,82.2,82.29,4509,0
2015-02-19,15:40:00,82.34,82.54,82.25,82.46,21581,0
2015-02-19,15:45:00,82.56,82.68,82.51,82.66,17406,0
2015-02-19,15:50:00,82.73,82.73,82.64,82.64,14726,0
2015-02-19,15:55:00,82.64,82.68,82.55,82.57,45006,0
2015-02-19,16:00:00,82.55,82.6,82.36,82.36,18970,0
2015-02-19,16:05:00,82.41,82.49,82.37,82.47,21550,0
2015-02-19,16:10:00,82.45,82.45,82.3,82.36,19100,0
2015-02-19,16:15:00,82.36,82.48,82.3,82.48,19672,0
2015-02-19,16:20:00,82.47,82.66,82.46,82.65,14542,0
2015-02-19,16:25:00,82.65,82.65,82.5,82.5,12208,0
2015-02-19,16:30:00,82.5,82.5,82.35,82.41,5602,0
2015-02-19,16:35:00,82.41,82.54,82.41,82.51,11121,0
2015-02-19,16:40:00,82.5,82.5,82.47,82.47,6101,0
2015-02-19,16:45:00,82.47,82.81,82.47,82.8,26774,0
2015-02-19,16:50:00,82.79,82.79,82.53,82.53,19781,0
2015-02-19,16:55:00,82.52,82.52,82.39,82.39,9915,0
2015-02-19,17:00:00,82.42,82.46,82.42,82.42,6760,0
2015-02-19,17:05:00,82.43,82.46,82.43,82.45,14036,0
2015-02-19,17:10:00,82.44,82.44,82.38,82.38,4846,0
2015-02-19,17:15:00,82.36,82.48,82.35,82.48,7492,0
2015-02-19,17:20:00,82.51,82.56,82.51,82.56,15005,0
2015-02-19,17:25:00,82.56,82.66,82.49,82.6,26066,0
2015-02-19,17:30:00,82.61,82.72,82.61,82.68,8597,0
2015-02-19,17:35:00,82.69,82.73,82.69,82.7,6510,0
2015-02-19,17:40:00,82.7,82.7,82.62,82.63,7947,0
2015-02-19,17:45:00,82.66,82.71,82.62,82.66,10860,0
2015-02-19,17:50:00,82.7,82.72,82.6,82.72,14272,0
2015-02-19,17:55:00,82.72,82.76,82.61,82.73,25091,0
2015-02-19,18:00:00,82.71,82.73,82.6,82.72,15801,0
2015-02-19,18:05:00,82.72,82.75,82.61,82.72,31926,0
2015-02-19,18:10:00,82.72,82.73,82.65,82.67,17835,0
2015-02-19,18:15:00,82.69,82.71,82.57,82.57,20526,0
2015-02-19,18:20:00,82.58,82.6,82.49,82.51,11509,0
2015-02-19,18:25:00,82.51,82.54,82.47,82.5,16210,0
2015-02-19,18:30:00,82.5,82.57,82.46,82.46,10987,0
2015-02-19,18:35:00,82.46,82.54,82.42,82.46,15414,0
2015-02-19,18:40:00,82.44,82.46,82.34,82.38,8000,0
2015-02-19,18:45:00,82.41,82.55,82.41,82.54,9648,0
2015-02-19,18:50:00,82.55,82.6,82.55,82.58,7745,0
2015-02-19,18:55:00,82.6,82.62,82.58,82.62,6916,0
2015-02-19,19:00:00,82.62,82.65,82.53,82.65,12559,0
2015-02-19,19:05:00,82.62,82.62,82.5,82.51,6239,0
2015-02-19,19:10:00,82.51,82.55,82.49,82.49,7135,0
2015-02-19,19:15:00,82.45,82.53,82.43,82.53,9190,0
2015-02-19,19:20:00,82.55,82.64,82.5,82.63,15452,0
2015-02-19,19:25:00,82.61,82.65,82.59,82.59,13350,0
2015-02-19,19:30:00,82.61,82.69,82.61,82.69,7247,0
2015-02-19,19:35:00,82.66,82.71,82.59,82.59,8087,0
2015-02-19,19:40:00,82.6,82.62,82.55,82.56,11339,0
2015-02-19,19:45:00,82.55,82.59,82.51,82.58,8368,0
2015-02-19,19:50:00,82.56,82.6,82.56,82.59,6897,0
2015-02-19,19:55:00,82.59,82.6,82.49,82.6,30697,0
2015-02-19,20:00:00,82.62,82.62,82.52,82.57,16433,0
2015-02-19,20:05:00,82.58,82.73,82.58,82.69,8799,0
2015-02-19,20:10:00,82.68,82.7,82.68,82.7,1700,0
2015-02-19,20:15:00,82.69,82.75,82.67,82.68,12143,0
2015-02-19,20:20:00,82.67,82.68,82.56,82.57,7326,0
2015-02-19,20:25:00,82.57,82.57,82.53,82.54,10124,0
2015-02-19,20:30:00,82.53,82.54,82.5,82.53,9587,0
2015-02-19,20:35:00,82.52,82.53,82.44,82.45,16550,0
2015-02-19,20:40:00,82.43,82.51,82.43,82.43,7767,0
2015-02-19,20:45:00,82.44,82.51,82.44,82.5,8012,0
2015-02-19,20:50:00,82.48,82.48,82.39,82.43,9791,0
2015-02-19,20:55:00,82.39,82.4,82.35,82.35,9056,0
2015-02-19,21:00:00,82.35,82.39,82.24,82.39,20458,0
2015-02-19,21:05:00,82.4,82.5,82.4,82.48,12155,0
2015-02-19,21:10:00,82.52,82.62,82.5,82.61,29921,0
2015-02-19,21:15:00,82.61,82.65,82.58,82.63,17247,0
2015-02-19,21:20:00,82.63,82.71,82.58,82.58,24063,0
2015-02-19,21:25:00,82.58,82.63,82.55,82.63,21861,0
2015-02-19,21:30:00,82.63,82.64,82.58,82.61,14675,0
2015-02-19,21:35:00,82.61,82.67,82.6,82.6,20177,0
2015-02-19,21:40:00,82.6,82.64,82.59,82.59,16414,0
2015-02-19,21:45:00,82.59,82.61,82.57,82.61,21402,0
2015-02-19,21:50:00,82.6,82.6,82.48,82.48,24562,0
2015-02-19,21:55:00,82.48,82.48,82.4,82.43,36516,0
2015-02-19,22:00:00,82.42,82.5,82.38,82.5,106027,0
2015-02-20,15:35:00,82.21,82.41,82.12,82.34,3900,0
2015-02-20,15:40:00,82.34,82.4,82.16,82.23,8215,0
2015-02-20,15:45:00,82.16,82.32,82.09,82.32,14429,0
2015-02-20,15:50:00,82.32,82.32,82.12,82.12,4510,0
2015-02-20,15:55:00,82.17,82.19,82.1,82.14,10338,0
2015-02-20,16:00:00,82.18,82.19,82.09,82.09,5810,0
2015-02-20,16:05:00,82.14,82.22,82.12,82.18,11289,0
2015-02-20,16:10:00,82.18,82.37,82.18,82.35,17806,0
2015-02-20,16:15:00,82.36,82.36,82.24,82.25,9010,0
2015-02-20,16:20:00,82.24,82.24,82.14,82.21,8400,0
2015-02-20,16:25:00,82.2,82.26,82.13,82.13,9301,0
2015-02-20,16:30:00,82.16,82.26,82.15,82.17,37267,0
2015-02-20,16:35:00,82.18,82.28,82.15,82.27,10082,0
2015-02-20,16:40:00,82.27,82.35,82.27,82.34,16442,0
2015-02-20,16:45:00,82.34,82.39,82.3,82.31,15645,0
2015-02-20,16:50:00,82.29,82.4,82.29,82.38,9079,0
2015-02-20,16:55:00,82.39,82.43,82.28,82.36,60210,0
2015-02-20,17:00:00,82.35,82.38,82.29,82.3,21589,0
2015-02-20,17:05:00,82.28,82.34,82.26,82.26,3036,0
2015-02-20,17:10:00,82.27,82.29,82.21,82.21,8100,0
2015-02-20,17:15:00,82.2,82.35,82.2,82.31,6300,0
2015-02-20,17:20:00,82.31,82.36,82.3,82.36,3896,0
2015-02-20,17:25:00,82.37,82.4,82.33,82.37,7900,0
2015-02-20,17:30:00,82.37,82.44,82.37,82.42,19842,0
2015-02-20,17:35:00,82.43,82.43,82.35,82.4,15443,0
2015-02-20,17:40:00,82.42,82.46,82.38,82.43,26604,0
2015-02-20,17:45:00,82.44,82.45,82.35,82.43,11430,0
2015-02-20,17:50:00,82.4,82.41,82.34,82.38,15297,0
2015-02-20,17:55:00,82.37,82.44,82.35,82.44,35357,0
2015-02-20,18:00:00,82.41,82.41,82.37,82.39,6067,0
2015-02-20,18:05:00,82.39,82.39,82.33,82.35,8134,0
2015-02-20,18:10:00,82.34,82.36,82.31,82.34,3700,0
2015-02-20,18:15:00,82.34,82.36,82.33,82.33,1100,0
2015-02-20,18:20:00,82.33,82.33,82.28,82.33,5328,0
2015-02-20,18:25:00,82.36,82.37,82.3,82.31,5900,0
2015-02-20,18:30:00,82.32,82.32,82.24,82.25,6300,0
2015-02-20,18:35:00,82.23,82.24,82.2,82.22,9651,0
2015-02-20,18:40:00,82.24,82.4,82.23,82.39,20729,0
2015-02-20,18:45:00,82.37,82.4,82.28,82.4,26586,0
2015-02-20,18:50:00,82.38,82.46,82.37,82.42,20365,0
2015-02-20,18:55:00,82.41,82.41,82.35,82.4,3794,0
2015-02-20,19:00:00,82.38,82.42,82.38,82.42,1100,0
2015-02-20,19:05:00,82.4,82.41,82.34,82.34,8083,0
2015-02-20,19:10:00,82.33,82.37,82.33,82.37,2035,0
2015-02-20,19:15:00,82.35,82.39,82.35,82.39,2600,0
2015-02-20,19:20:00,82.36,82.36,82.34,82.35,4400,0
2015-02-20,19:25:00,82.36,82.41,82.36,82.41,13858,0
2015-02-20,19:30:00,82.41,82.42,82.33,82.34,47010,0
2015-02-20,19:35:00,82.34,82.37,82.31,82.31,5600,0
2015-02-20,19:40:00,82.31,82.32,82.28,82.28,18191,0
2015-02-20,19:45:00,82.28,82.38,82.26,82.38,25206,0
2015-02-20,19:50:00,82.39,82.4,82.37,82.39,3320,0
2015-02-20,19:55:00,82.39,82.39,82.33,82.33,13000,0
2015-02-20,20:00:00,82.33,82.34,82.28,82.28,16373,0
2015-02-20,20:05:00,82.28,82.39,82.28,82.38,5341,0
2015-02-20,20:10:00,82.4,82.43,82.35,82.35,40172,0
2015-02-20,20:15:00,82.34,82.44,82.34,82.4,28130,0
2015-02-20,20:20:00,82.39,82.43,82.39,82.43,20313,0
2015-02-20,20:25:00,82.42,82.45,82.42,82.43,4405,0
2015-02-20,20:30:00,82.43,82.45,82.4,82.41,6025,0
2015-02-20,20:35:00,82.39,82.39,82.37,82.37,1652,0
2015-02-20,20:40:00,82.39,82.43,82.39,82.43,6120,0
2015-02-20,20:45:00,82.4,82.41,82.37,82.38,51933,0
2015-02-20,20:50:00,82.38,82.45,82.37,82.43,8121,0
2015-02-20,20:55:00,82.44,82.52,82.43,82.5,10878,0
2015-02-20,21:00:00,82.5,82.5,82.43,82.49,17146,0
2015-02-20,21:05:00,82.48,82.72,82.48,82.69,46384,0
2015-02-20,21:10:00,82.7,82.74,82.59,82.65,32201,0
2015-02-20,21:15:00,82.65,82.71,82.62,82.71,5800,0
2015-02-20,21:20:00,82.69,82.75,82.63,82.75,29577,0
2015-02-20,21:25:00,82.76,82.76,82.64,82.7,16353,0
2015-02-20,21:30:00,82.72,82.72,82.62,82.64,12205,0
2015-02-20,21:35:00,82.64,82.83,82.63,82.71,40746,0
2015-02-20,21:40:00,82.71,82.79,82.69,82.72,27707,0
2015-02-20,21:45:00,82.71,82.72,82.64,82.64,11403,0
2015-02-20,21:50:00,82.66,82.67,82.58,82.59,23702,0
2015-02-20,21:55:00,82.58,82.6,82.55,82.55,23127,0
2015-02-20,22:00:00,82.57,82.75,82.57,82.72,191004,0
2015-02-23,15:35:00,82.48,82.74,82.48,82.66,38257,0
2015-02-23,15:40:00,82.53,82.8,82.52,82.8,6800,0
2015-02-23,15:45:00,82.85,82.85,82.57,82.57,11252,0
2015-02-23,15:50:00,82.6,82.74,82.56,82.6,4600,0
2015-02-23,15:55:00,82.56,82.65,82.34,82.45,18132,0
2015-02-23,16:00:00,82.43,82.58,82.43,82.51,8400,0
2015-02-23,16:05:00,82.58,82.78,82.58,82.73,6455,0
2015-02-23,16:10:00,82.75,82.76,82.67,82.68,6373,0
2015-02-23,16:15:00,82.7,82.7,82.56,82.56,9273,0
2015-02-23,16:20:00,82.61,82.61,82.39,82.41,6700,0
2015-02-23,16:25:00,82.44,82.62,82.38,82.59,7977,0
2015-02-23,16:30:00,82.62,82.62,82.5,82.54,7500,0
2015-02-23,16:35:00,82.49,82.54,82.45,82.45,6203,0
2015-02-23,16:40:00,82.51,82.51,82.4,82.4,5740,0
2015-02-23,16:45:00,82.41,82.59,82.39,82.52,9100,0
2015-02-23,16:50:00,82.52,82.57,82.45,82.57,10829,0
2015-02-23,16:55:00,82.6,82.64,82.55,82.55,5200,0
2015-02-23,17:00:00,82.57,82.6,82.54,82.59,2900,0
2015-02-23,17:05:00,82.56,82.71,82.52,82.7,7400,0
2015-02-23,17:10:00,82.71,82.71,82.6,82.61,6320,0
2015-02-23,17:15:00,82.62,82.66,82.58,82.62,4824,0
2015-02-23,17:20:00,82.64,82.73,82.62,82.64,11149,0
2015-02-23,17:25:00,82.63,82.63,82.61,82.63,3800,0
2015-02-23,17:30:00,82.6,82.63,82.56,82.62,5200,0
2015-02-23,17:35:00,82.6,82.64,82.57,82.6,3600,0
2015-02-23,17:40:00,82.63,82.66,82.6,82.65,13188,0
2015-02-23,17:45:00,82.66,82.77,82.66,82.77,8300,0
2015-02-23,17:50:00,82.77,82.82,82.77,82.79,5538,0
2015-02-23,17:55:00,82.77,82.78,82.7,82.72,6400,0
2015-02-23,18:00:00,82.73,82.74,82.69,82.73,7224,0
2015-02-23,18:05:00,82.74,82.77,82.71,82.73,5675,0
2015-02-23,18:10:00,82.76,82.77,82.69,82.69,2415,0
2015-02-23,18:15:00,82.72,82.77,82.69,82.73,3800,0
2015-02-23,18:20:00,82.74,82.78,82.73,82.78,3600,0
2015-02-23,18:25:00,82.72,82.77,82.72,82.74,2400,0
2015-02-23,18:30:00,82.77,82.79,82.71,82.71,4700,0
2015-02-23,18:35:00,82.74,82.77,82.73,82.75,2454,0
2015-02-23,18:40:00,82.74,82.74,82.66,82.71,1100,0
2015-02-23,18:45:00,82.69,82.75,82.68,82.7,3058,0
2015-02-23,18:50:00,82.74,82.76,82.7,82.7,3247,0
2015-02-23,18:55:00,82.67,82.72,82.67,82.72,500,0
2015-02-23,19:00:00,82.71,82.71,82.66,82.7,6268,0
2015-02-23,19:05:00,82.69,82.71,82.67,82.69,4882,0
2015-02-23,19:10:00,82.7,82.73,82.66,82.69,4236,0
2015-02-23,19:15:00,82.71,82.83,82.71,82.83,10542,0
2015-02-23,19:20:00,82.83,82.84,82.82,82.84,4924,0
2015-02-23,19:25:00,82.85,82.86,82.83,82.85,6856,0
2015-02-23,19:30:00,82.83,82.83,82.81,82.81,1800,0
2015-02-23,19:35:00,82.82,82.91,82.79,82.79,5750,0
2015-02-23,19:40:00,82.8,82.85,82.69,82.69,31303,0
2015-02-23,19:45:00,82.69,82.78,82.68,82.7,13679,0
2015-02-23,19:50:00,82.69,82.7,82.57,82.61,22033,0
2015-02-23,19:55:00,82.64,82.73,82.64,82.7,9800,0
2015-02-23,20:00:00,82.69,82.71,82.67,82.67,14425,0
2015-02-23,20:05:00,82.7,82.71,82.67,82.71,11990,0
2015-02-23,20:10:00,82.71,82.72,82.69,82.72,5800,0
2015-02-23,20:15:00,82.72,82.77,82.72,82.75,5188,0
2015-02-23,20:20:00,82.75,82.78,82.72,82.72,2318,0
2015-02-23,20:25:00,82.71,82.71,82.65,82.65,2900,0
2015-02-23,20:30:00,82.67,82.71,82.65,82.7,6248,0
2015-02-23,20:35:00,82.68,82.71,82.67,82.7,6200,0
2015-02-23,20:40:00,82.7,82.72,82.69,82.71,8391,0
2015-02-23,20:45:00,82.71,82.71,82.66,82.66,10600,0
2015-02-23,20:50:00,82.67,82.71,82.67,82.7,10253,0
2015-02-23,20:55:00,82.7,82.73,82.69,82.73,3850,0
2015-02-23,21:00:00,82.73,82.73,82.67,82.72,7018,0
2015-02-23,21:05:00,82.7,82.72,82.68,82.7,7900,0
2015-02-23,21:10:00,82.7,82.71,82.68,82.7,11673,0
2015-02-23,21:15:00,82.7,82.71,82.68,82.7,6400,0
2015-02-23,21:20:00,82.7,82.75,82.69,82.75,6200,0
2015-02-23,21:25:00,82.74,82.76,82.73,82.75,7090,0
2015-02-23,21:30:00,82.73,82.74,82.69,82.71,7280,0
2015-02-23,21:35:00,82.7,82.71,82.69,82.71,18045,0
2015-02-23,21:40:00,82.7,82.74,82.66,82.74,21404,0
2015-02-23,21:45:00,82.74,82.75,82.69,82.7,19251,0
2015-02-23,21:50:00,82.74,82.78,82.68,82.72,28908,0
2015-02-23,21:55:00,82.71,82.85,82.71,82.81,30521,0
2015-02-23,22:00:00,82.82,82.85,82.76,82.83,153218,0
