Date,Time,Open,High,Low,Close,Volume,OpenInt
2015-02-02,16:30:00,6.77,6.77,6.77,6.77,1006,0
2015-02-02,16:35:00,6.7623,6.7722,6.7623,6.7623,773,0
2015-02-02,16:40:00,6.7623,6.7722,6.7623,6.7623,1141,0
2015-02-02,16:45:00,6.7722,6.7722,6.7623,6.7722,9608,0
2015-02-02,16:50:00,6.7722,6.7722,6.7722,6.7722,443,0
2015-02-02,16:55:00,6.7722,6.7722,6.7623,6.7623,6375,0
2015-02-02,17:00:00,6.7722,6.7722,6.7623,6.7722,10727,0
2015-02-02,17:05:00,6.7722,6.7821,6.7722,6.7821,17598,0
2015-02-02,17:10:00,6.7921,6.7921,6.7921,6.7921,1764,0
2015-02-02,17:15:00,6.802,6.802,6.802,6.802,1210,0
2015-02-02,17:20:00,6.7921,6.7921,6.7821,6.7821,3327,0
2015-02-02,17:25:00,6.7722,6.7821,6.7722,6.7821,4556,0
2015-02-02,17:30:00,6.7821,6.7921,6.7821,6.7921,3979,0
2015-02-02,17:35:00,6.7821,6.7921,6.7821,6.7921,2115,0
2015-02-02,17:40:00,6.802,6.8119,6.802,6.8119,3493,0
2015-02-02,17:45:00,6.8119,6.8119,6.802,6.8119,3800,0
2015-02-02,17:50:00,6.8119,6.8119,6.802,6.802,4435,0
2015-02-02,17:55:00,6.8119,6.8119,6.802,6.802,303,0
2015-02-02,18:00:00,6.8119,6.8119,6.802,6.8119,14014,0
2015-02-02,18:05:00,6.8218,6.8218,6.8218,6.8218,909,0
2015-02-02,18:10:00,6.8119,6.8218,6.8119,6.8119,3024,0
2015-02-02,18:15:00,6.8218,6.8218,6.8218,6.8218,559,0
2015-02-02,18:20:00,6.8119,6.8218,6.8119,6.8218,3626,0
2015-02-02,18:25:00,6.8218,6.8218,6.8119,6.8218,7860,0
2015-02-02,18:30:00,6.8218,6.8218,6.8218,6.8218,2652,0
2015-02-02,18:35:00,6.8218,6.8218,6.8119,6.8218,2985,0
2015-02-02,18:40:00,6.8218,6.8218,6.8119,6.8218,12823,0
2015-02-02,18:45:00,6.8119,6.8218,6.8119,6.8218,1724,0
2015-02-02,18:50:00,6.8218,6.8218,6.8119,6.8119,857,0
2015-02-02,18:55:00,6.8218,6.8218,6.8119,6.8119,707,0
2015-02-02,19:00:00,6.8218,6.8218,6.8119,6.8119,1108,0
2015-02-02,19:05:00,6.8119,6.8119,6.802,6.802,8920,0
2015-02-02,19:15:00,6.7921,6.802,6.7921,6.7921,4283,0
2015-02-02,19:20:00,6.7921,6.802,6.7921,6.7921,1109,0
2015-02-02,19:25:00,6.7921,6.8119,6.7921,6.8119,3729,0
2015-02-02,19:30:00,6.8218,6.8218,6.8218,6.8218,303,0
2015-02-02,19:35:00,6.8218,6.8218,6.802,6.802,909,0
2015-02-02,19:40:00,6.802,6.802,6.7722,6.7821,57286,0
2015-02-02,19:45:00,6.7722,6.7821,6.7722,6.7821,9106,0
2015-02-02,19:50:00,6.7722,6.7821,6.7722,6.7722,6151,0
2015-02-02,19:55:00,6.7722,6.7821,6.7722,6.7722,7156,0
2015-02-02,20:00:00,6.7722,6.7821,6.7722,6.7821,13216,0
2015-02-02,20:05:00,6.7722,6.7821,6.7722,6.7722,5445,0
2015-02-02,20:10:00,6.7722,6.7722,6.7623,6.7722,7299,0
2015-02-02,20:15:00,6.7623,6.7722,6.7623,6.7623,3889,0
2015-02-02,20:20:00,6.7623,6.7722,6.7623,6.7623,2020,0
2015-02-02,20:25:00,6.7623,6.7921,6.7623,6.7821,14169,0
2015-02-02,20:30:00,6.7821,6.7921,6.7821,6.7821,13580,0
2015-02-02,20:35:00,6.7821,6.7821,6.7722,6.7722,52217,0
2015-02-02,20:40:00,6.7722,6.7722,6.7623,6.7623,8670,0
2015-02-02,20:45:00,6.7623,6.7722,6.7623,6.7722,11772,0
2015-02-02,20:50:00,6.7722,6.7722,6.7623,6.7623,3413,0
2015-02-02,20:55:00,6.7623,6.7722,6.7623,6.7623,2821,0
2015-02-02,21:00:00,6.7623,6.7722,6.7623,6.7623,2322,0
2015-02-02,21:05:00,6.7623,6.7722,6.7623,6.7623,1615,0
2015-02-02,21:10:00,6.7623,6.7722,6.7623,6.7623,3310,0
2015-02-02,21:15:00,6.7623,6.7722,6.7623,6.7722,12065,0
2015-02-02,21:20:00,6.7722,6.7921,6.7722,6.7821,33519,0
2015-02-02,21:25:00,6.7821,6.7821,6.7722,6.7821,6693,0
2015-02-02,21:30:00,6.7722,6.7821,6.7722,6.7722,17753,0
2015-02-02,21:35:00,6.7722,6.7821,6.7722,6.7722,6350,0
2015-02-02,21:40:00,6.7722,6.7921,6.7722,6.7921,9256,0
2015-02-02,21:45:00,6.802,6.802,6.7921,6.802,2016,0
2015-02-02,21:50:00,6.802,6.8218,6.802,6.8218,17999,0
2015-02-02,21:55:00,6.8119,6.8119,6.802,6.8119,9952,0
2015-02-02,22:00:00,6.8119,6.8119,6.802,6.802,10414,0
2015-02-03,15:35:00,6.8218,6.8516,6.8218,6.8516,10092,0
2015-02-03,15:40:00,6.8516,6.8516,6.8417,6.8516,6480,0
2015-02-03,15:45:00,6.8516,6.8516,6.8417,6.8516,7433,0
2015-02-03,15:50:00,6.8516,6.8516,6.8417,6.8516,2690,0
2015-02-03,15:55:00,6.8516,6.8715,6.8516,6.8616,8969,0
2015-02-03,16:00:00,6.8616,6.8715,6.8516,6.8715,2619,0
2015-02-03,16:05:00,6.8715,6.8715,6.8715,6.8715,101,0
2015-02-03,16:10:00,6.8715,6.8715,6.8616,6.8616,7620,0
2015-02-03,16:15:00,6.8616,6.8715,6.8616,6.8715,683,0
2015-02-03,16:20:00,6.8715,6.8715,6.8616,6.8715,403,0
2015-02-03,16:25:00,6.8616,6.8715,6.8616,6.8616,1045,0
2015-02-03,16:30:00,6.8715,6.8715,6.8616,6.8616,2808,0
2015-02-03,16:35:00,6.8715,6.8814,6.8715,6.8715,2316,0
2015-02-03,16:40:00,6.8715,6.8715,6.8715,6.8715,101,0
2015-02-03,16:45:00,6.8715,6.8715,6.8516,6.8616,4615,0
2015-02-03,16:50:00,6.8516,6.8516,6.8417,6.8417,5241,0
2015-02-03,16:55:00,6.8417,6.8516,6.8417,6.8417,505,0
2015-02-03,17:00:00,6.8318,6.8417,6.8318,6.8417,2201,0
2015-02-03,17:05:00,6.8417,6.8417,6.8417,6.8417,2468,0
2015-02-03,17:10:00,6.8417,6.8417,6.8417,6.8417,101,0
2015-02-03,17:15:00,6.8417,6.8417,6.8318,6.8417,12588,0
2015-02-03,17:20:00,6.8616,6.8616,6.8616,6.8616,101,0
2015-02-03,17:25:00,6.8616,6.8616,6.8616,6.8616,101,0
2015-02-03,17:30:00,6.8516,6.8616,6.8516,6.8516,10678,0
2015-02-03,17:35:00,6.8616,6.8616,6.8516,6.8516,1360,0
2015-02-03,17:40:00,6.8616,6.8616,6.8616,6.8616,101,0
2015-02-03,17:45:00,6.8616,6.8616,6.8417,6.8616,8265,0
2015-02-03,17:50:00,6.8516,6.8616,6.8516,6.8616,1914,0
2015-02-03,17:55:00,6.8616,6.8616,6.8616,6.8616,101,0
2015-02-03,18:00:00,6.8516,6.8616,6.8516,6.8516,1437,0
2015-02-03,18:05:00,6.8516,6.8516,6.8417,6.8516,303,0
2015-02-03,18:10:00,6.8516,6.8516,6.8516,6.8516,3161,0
2015-02-03,18:15:00,6.8516,6.8516,6.8417,6.8516,3426,0
2015-02-03,18:20:00,6.8516,6.8616,6.8516,6.8616,674,0
2015-02-03,18:25:00,6.8616,6.8616,6.8616,6.8616,5545,0
2015-02-03,18:30:00,6.8616,6.8715,6.8616,6.8715,2976,0
2015-02-03,18:35:00,6.8715,6.8715,6.8715,6.8715,101,0
2015-02-03,18:40:00,6.8616,6.8715,6.8616,6.8715,1803,0
2015-02-03,18:45:00,6.8715,6.8715,6.8715,6.8715,202,0
2015-02-03,18:50:00,6.8616,6.8814,6.8616,6.8814,35561,0
2015-02-03,18:55:00,6.8814,6.8914,6.8814,6.8914,706,0
2015-02-03,19:00:00,6.8914,6.8914,6.8914,6.8914,1104,0
2015-02-03,19:05:00,6.8814,6.8814,6.8616,6.8616,1860,0
2015-02-03,19:10:00,6.8715,6.8715,6.8715,6.8715,202,0
2015-02-03,19:15:00,6.8616,6.8715,6.8616,6.8715,2225,0
2015-02-03,19:20:00,6.8814,6.8814,6.8715,6.8715,3098,0
2015-02-03,19:25:00,6.8715,6.9112,6.8715,6.8914,38879,0
2015-02-03,19:30:00,6.8914,6.8914,6.8914,6.8914,1007,0
2015-02-03,19:35:00,6.8914,6.9013,6.8914,6.9013,19643,0
2015-02-03,19:40:00,6.8914,6.9013,6.8914,6.9013,390,0
2015-02-03,19:45:00,6.9013,6.9013,6.8914,6.8914,1512,0
2015-02-03,19:50:00,6.8914,6.8914,6.8914,6.8914,202,0
2015-02-03,19:55:00,6.8914,6.8914,6.8914,6.8914,604,0
2015-02-03,20:00:00,6.8914,6.9013,6.8914,6.9013,3827,0
2015-02-03,20:05:00,6.9013,6.9112,6.9013,6.9112,1310,0
2015-02-03,20:10:00,6.9112,6.9112,6.9013,6.9013,3314,0
2015-02-03,20:15:00,6.9013,6.9112,6.9013,6.9112,16644,0
2015-02-03,20:20:00,6.9013,6.9112,6.9013,6.9112,2115,0
2015-02-03,20:25:00,6.9013,6.9112,6.9013,6.9112,5641,0
2015-02-03,20:30:00,6.9013,6.9112,6.9013,6.9112,9854,0
2015-02-03,20:35:00,6.9112,6.9112,6.9112,6.9112,101,0
2015-02-03,20:40:00,6.9112,6.9211,6.9112,6.9112,9332,0
2015-02-03,20:45:00,6.9112,6.9211,6.9112,6.9112,1445,0
2015-02-03,20:50:00,6.9112,6.9211,6.9112,6.9211,3927,0
2015-02-03,20:55:00,6.9211,6.9211,6.9211,6.9211,12187,0
2015-02-03,21:00:00,6.9211,6.9211,6.9112,6.9211,3406,0
2015-02-03,21:05:00,6.9211,6.9211,6.9112,6.9112,3223,0
2015-02-03,21:10:00,6.9211,6.9211,6.9112,6.9112,4051,0
2015-02-03,21:15:00,6.9112,6.9211,6.9112,6.9112,5047,0
2015-02-03,21:20:00,6.9211,6.9211,6.9211,6.9211,403,0
2015-02-03,21:25:00,6.9211,6.9211,6.9211,6.9211,101,0
2015-02-03,21:30:00,6.9211,6.9211,6.9211,6.9211,101,0
2015-02-03,21:35:00,6.9211,6.9211,6.9112,6.9211,2915,0
2015-02-03,21:40:00,6.9112,6.9112,6.9112,6.9112,681,0
2015-02-03,21:45:00,6.9112,6.9112,6.9112,6.9112,2014,0
2015-02-03,21:50:00,6.9211,6.9211,6.9112,6.9112,2826,0
2015-02-03,21:55:00,6.9211,6.9211,6.9112,6.9112,4609,0
2015-02-03,22:00:00,6.9211,6.9211,6.9112,6.9211,21968,0
2015-02-04,15:35:00,6.9013,6.9013,6.9013,6.9013,3548,0
2015-02-04,15:40:00,6.9112,6.9112,6.9112,6.9112,202,0
2015-02-04,15:45:00,6.9013,6.9112,6.9013,6.9112,2586,0
2015-02-04,15:50:00,6.9112,6.9211,6.9112,6.9211,7868,0
2015-02-04,15:55:00,6.9112,6.9211,6.9112,6.9211,606,0
2015-02-04,16:00:00,6.9211,6.9211,6.9211,6.9211,4936,0
2015-02-04,16:05:00,6.9211,6.9311,6.9112,6.9112,9019,0
2015-02-04,16:15:00,6.9211,6.9311,6.9211,6.9311,3601,0
2015-02-04,16:20:00,6.9311,6.9311,6.9311,6.9311,303,0
2015-02-04,16:25:00,6.9311,6.9311,6.9311,6.9311,2718,0
2015-02-04,16:30:00,6.9311,6.9311,6.9211,6.9211,1411,0
2015-02-04,16:35:00,6.9211,6.9311,6.9211,6.9311,3692,0
2015-02-04,16:40:00,6.9211,6.9311,6.9211,6.9311,1577,0
2015-02-04,16:45:00,6.9311,6.9311,6.9311,6.9311,4836,0
2015-02-04,16:50:00,6.941,6.941,6.941,6.941,1763,0
2015-02-04,16:55:00,6.941,6.9509,6.941,6.9509,7402,0
2015-02-04,17:00:00,6.9311,6.9509,6.9311,6.9509,3939,0
2015-02-04,17:05:00,6.941,6.941,6.941,6.941,2620,0
2015-02-04,17:10:00,6.941,6.9509,6.941,6.9509,9621,0
2015-02-04,17:15:00,6.9509,6.9609,6.9509,6.9509,7909,0
2015-02-04,17:20:00,6.9509,6.9509,6.941,6.9509,1231,0
2015-02-04,17:25:00,6.9509,6.9509,6.9509,6.9509,404,0
2015-02-04,17:30:00,6.9609,6.9609,6.9509,6.9509,3666,0
2015-02-04,17:35:00,6.9509,6.9609,6.9509,6.9509,3857,0
2015-02-04,17:40:00,6.9609,6.9609,6.9609,6.9609,577,0
2015-02-04,17:45:00,6.9609,6.9609,6.9509,6.9609,7200,0
2015-02-04,17:50:00,6.9509,6.9609,6.9509,6.9609,447,0
2015-02-04,17:55:00,6.9609,6.9609,6.9609,6.9609,539,0
2015-02-04,18:00:00,6.9609,6.9609,6.9609,6.9609,807,0
2015-02-04,18:05:00,6.9609,6.9609,6.9609,6.9609,101,0
2015-02-04,18:10:00,6.9609,6.9609,6.9609,6.9609,101,0
2015-02-04,18:15:00,6.9509,6.9609,6.9509,6.9609,3428,0
2015-02-04,18:20:00,6.9509,6.9609,6.9509,6.9609,2115,0
2015-02-04,18:25:00,6.9609,6.9609,6.9509,6.9609,3207,0
2015-02-04,18:30:00,6.9609,6.9609,6.9509,6.9509,4885,0
2015-02-04,18:35:00,6.9509,6.9609,6.9509,6.9609,2722,0
2015-02-04,18:40:00,6.9509,6.9609,6.9509,6.9609,1175,0
2015-02-04,18:45:00,6.9609,6.9609,6.9509,6.9509,9512,0
2015-02-04,18:50:00,6.9509,6.9509,6.9509,6.9509,707,0
2015-02-04,18:55:00,6.941,6.9509,6.941,6.9509,4364,0
2015-02-04,19:00:00,6.9509,6.9509,6.9509,6.9509,1034,0
2015-02-04,19:05:00,6.9509,6.9509,6.941,6.9509,2318,0
2015-02-04,19:10:00,6.941,6.9509,6.941,6.9509,4181,0
2015-02-04,19:15:00,6.9509,6.9609,6.941,6.941,8458,0
2015-02-04,19:20:00,6.941,6.9509,6.941,6.9509,404,0
2015-02-04,19:25:00,6.9509,6.9509,6.9509,6.9509,202,0
2015-02-04,19:30:00,6.9509,6.9509,6.9509,6.9509,2942,0
2015-02-04,19:35:00,6.9509,6.9609,6.9509,6.9609,302,0
2015-02-04,19:40:00,6.9609,6.9609,6.9509,6.9609,1309,0
2015-02-04,19:45:00,6.9509,6.9609,6.9509,6.9609,3529,0
2015-02-04,19:50:00,6.9609,6.9609,6.9609,6.9609,10146,0
2015-02-04,19:55:00,6.9609,6.9609,6.9609,6.9609,202,0
2015-02-04,20:00:00,6.9509,6.9609,6.9509,6.9609,3241,0
2015-02-04,20:10:00,6.9609,6.9609,6.9509,6.9509,5899,0
2015-02-04,20:15:00,6.9609,6.9609,6.9509,6.9509,14165,0
2015-02-04,20:20:00,6.9609,6.9609,6.9509,6.9509,2750,0
2015-02-04,20:25:00,6.941,6.9509,6.941,6.9509,4794,0
2015-02-04,20:30:00,6.9509,6.9509,6.941,6.9509,807,0
2015-02-04,20:35:00,6.9509,6.9509,6.941,6.9509,5487,0
2015-02-04,20:40:00,6.9509,6.9509,6.941,6.9509,4726,0
2015-02-04,20:45:00,6.9509,6.9509,6.941,6.9509,4203,0
2015-02-04,20:50:00,6.941,6.941,6.941,6.941,2922,0
2015-02-04,20:55:00,6.941,6.9509,6.941,6.941,13070,0
2015-02-04,21:00:00,6.9509,6.9509,6.941,6.9509,4872,0
2015-02-04,21:05:00,6.9509,6.9509,6.941,6.941,5439,0
2015-02-04,21:10:00,6.9509,6.9509,6.941,6.941,5508,0
2015-02-04,21:15:00,6.9509,6.9509,6.9509,6.9509,707,0
2015-02-04,21:20:00,6.9509,6.9509,6.9509,6.9509,403,0
2015-02-04,21:25:00,6.9509,6.9609,6.9509,6.9509,15035,0
2015-02-04,21:30:00,6.9509,6.9509,6.9509,6.9509,101,0
2015-02-04,21:35:00,6.9509,6.9609,6.9509,6.9609,12824,0
2015-02-04,21:40:00,6.9509,6.9509,6.9509,6.9509,202,0
2015-02-04,21:45:00,6.9509,6.9509,6.9509,6.9509,1389,0
2015-02-04,21:50:00,6.941,6.941,6.9311,6.9311,4419,0
2015-02-04,21:55:00,6.9311,6.941,6.9311,6.9311,7175,0
2015-02-04,22:00:00,6.9311,6.941,6.9311,6.941,27187,0
2015-02-05,15:40:00,6.941,6.941,6.9311,6.941,6202,0
2015-02-05,15:45:00,6.941,6.941,6.9311,6.941,8386,0
2015-02-05,15:50:00,6.941,6.9509,6.941,6.941,3626,0
2015-02-05,15:55:00,6.9509,6.9509,6.941,6.9509,14374,0
2015-02-05,16:00:00,6.9509,6.9509,6.9509,6.9509,403,0
2015-02-05,16:05:00,6.9509,6.9509,6.941,6.9509,3426,0
2015-02-05,16:10:00,6.9509,6.9609,6.9509,6.9509,3430,0
2015-02-05,16:15:00,6.9509,6.9509,6.9509,6.9509,404,0
2015-02-05,16:20:00,6.9509,6.9509,6.9509,6.9509,2608,0
2015-02-05,16:25:00,6.941,6.9509,6.941,6.9509,354,0
2015-02-05,16:30:00,6.9509,6.9509,6.9509,6.9509,2921,0
2015-02-05,16:35:00,6.9509,6.9509,6.9509,6.9509,907,0
2015-02-05,16:40:00,6.941,6.9509,6.941,6.9509,11886,0
2015-02-05,16:45:00,6.9509,6.9609,6.9509,6.9609,10534,0
2015-02-05,16:50:00,6.9609,6.9609,6.9609,6.9609,957,0
2015-02-05,16:55:00,6.9609,6.9609,6.9609,6.9609,101,0
2015-02-05,17:00:00,6.9609,6.9609,6.9609,6.9609,6620,0
2015-02-05,17:05:00,6.9509,6.9609,6.9509,6.9609,7808,0
2015-02-05,17:10:00,6.9609,6.9609,6.9509,6.9609,5549,0
2015-02-05,17:15:00,6.9509,6.9609,6.9509,6.9509,3830,0
2015-02-05,17:20:00,6.9509,6.9609,6.9509,6.9509,7484,0
2015-02-05,17:25:00,6.9609,6.9609,6.9609,6.9609,101,0
2015-02-05,17:30:00,6.9609,6.9708,6.9609,6.9708,6962,0
2015-02-05,17:35:00,6.9708,6.9708,6.9708,6.9708,202,0
2015-02-05,17:40:00,6.9708,6.9708,6.9708,6.9708,101,0
2015-02-05,17:45:00,6.9708,6.9708,6.9708,6.9708,1665,0
2015-02-05,17:50:00,6.9708,6.9807,6.9609,6.9807,3719,0
2015-02-05,17:55:00,6.9807,6.9807,6.9708,6.9708,4431,0
2015-02-05,18:00:00,6.9807,6.9807,6.9708,6.9807,8983,0
2015-02-05,18:05:00,6.9708,6.9807,6.9708,6.9807,1708,0
2015-02-05,18:10:00,6.9807,6.9807,6.9807,6.9807,807,0
2015-02-05,18:15:00,6.9807,6.9807,6.9807,6.9807,202,0
2015-02-05,18:25:00,6.9807,6.9807,6.9708,6.9807,4384,0
2015-02-05,18:30:00,6.9807,6.9807,6.9807,6.9807,2317,0
2015-02-05,18:35:00,6.9708,6.9807,6.9708,6.9807,278,0
2015-02-05,18:40:00,6.9807,6.9807,6.9708,6.9807,6646,0
2015-02-05,18:45:00,6.9807,6.9807,6.9807,6.9807,3424,0
2015-02-05,18:50:00,6.9807,6.9807,6.9807,6.9807,583,0
2015-02-05,18:55:00,6.9708,6.9807,6.9708,6.9708,17630,0
2015-02-05,19:00:00,6.9807,6.9906,6.9807,6.9906,13730,0
2015-02-05,19:05:00,6.9906,6.9906,6.9906,6.9906,303,0
2015-02-05,19:10:00,6.9906,6.9906,6.9807,6.9807,3674,0
2015-02-05,19:15:00,6.9807,6.9906,6.9807,6.9906,9667,0
2015-02-05,19:20:00,6.9906,7.0006,6.9906,6.9906,1763,0
2015-02-05,19:25:00,7.0006,7.0006,6.9906,7.0006,23304,0
2015-02-05,19:30:00,7.0006,7.0006,7.0006,7.0006,2518,0
2015-02-05,19:35:00,7.0006,7.0006,6.9906,7.0006,7834,0
2015-02-05,19:40:00,7.0006,7.0006,6.9906,7.0006,6249,0
2015-02-05,19:45:00,7.0006,7.0006,7.0006,7.0006,202,0
2015-02-05,19:50:00,6.9906,7.0006,6.9906,7.0006,2839,0
2015-02-05,19:55:00,7.0006,7.0006,6.9906,6.9906,4968,0
2015-02-05,20:00:00,7.0006,7.0105,7.0006,7.0006,17540,0
2015-02-05,20:05:00,7.0006,7.0006,6.9807,6.9906,3124,0
2015-02-05,20:10:00,6.9807,6.9807,6.9807,6.9807,1059,0
2015-02-05,20:15:00,6.9906,7.0006,6.9807,6.9906,9260,0
2015-02-05,20:20:00,7.0006,7.0006,7.0006,7.0006,6269,0
2015-02-05,20:25:00,7.0006,7.0006,7.0006,7.0006,1630,0
2015-02-05,20:30:00,7.0006,7.0006,7.0006,7.0006,404,0
2015-02-05,20:35:00,7.0006,7.0006,6.9906,7.0006,4271,0
2015-02-05,20:40:00,7.0006,7.0006,7.0006,7.0006,4971,0
2015-02-05,20:45:00,6.9906,7.0006,6.9906,7.0006,4515,0
2015-02-05,20:50:00,6.9906,7.0006,6.9906,7.0006,3938,0
2015-02-05,20:55:00,7.0006,7.0006,6.9906,6.9906,505,0
2015-02-05,21:00:00,7.0006,7.0006,6.9906,6.9906,1915,0
2015-02-05,21:05:00,6.9906,7.0006,6.9906,6.9906,9178,0
2015-02-05,21:10:00,7.0006,7.0006,6.9906,7.0006,2926,0
2015-02-05,21:15:00,7.0006,7.0006,7.0006,7.0006,202,0
2015-02-05,21:20:00,7.0006,7.0105,7.0006,7.0006,7362,0
2015-02-05,21:25:00,7.0105,7.0105,7.0006,7.0006,909,0
2015-02-05,21:30:00,7.0105,7.0204,7.0006,7.0204,17257,0
2015-02-05,21:35:00,7.0105,7.0105,7.0006,7.0105,5681,0
2015-02-05,21:40:00,7.0105,7.0105,7.0006,7.0105,3023,0
2015-02-05,21:45:00,7.0006,7.0006,7.0006,7.0006,7228,0
2015-02-05,21:50:00,7.0006,7.0105,7.0006,7.0006,6687,0
2015-02-05,21:55:00,7.0006,7.0006,6.9906,7.0006,7652,0
2015-02-05,22:00:00,6.9906,7.0105,6.9906,7.0105,9042,0
2015-02-06,15:35:00,7.0006,7.0006,6.9807,6.9807,6027,0
2015-02-06,15:40:00,6.9807,6.9807,6.9708,6.9708,3731,0
2015-02-06,15:45:00,6.9708,6.9807,6.9708,6.9807,7103,0
2015-02-06,15:50:00,6.9807,6.9807,6.9807,6.9807,101,0
2015-02-06,15:55:00,6.9807,6.9807,6.9807,6.9807,1189,0
2015-02-06,16:00:00,6.9807,6.9807,6.9807,6.9807,909,0
2015-02-06,16:05:00,6.9807,6.9807,6.9708,6.9807,5551,0
2015-02-06,16:10:00,6.9807,6.9807,6.9807,6.9807,3833,0
2015-02-06,16:15:00,6.9807,6.9807,6.9708,6.9807,5081,0
2015-02-06,16:20:00,6.9708,6.9708,6.9609,6.9609,3065,0
2015-02-06,16:25:00,6.9609,6.9708,6.9609,6.9609,5015,0
2015-02-06,16:30:00,6.9609,6.9609,6.9509,6.9509,6254,0
2015-02-06,16:35:00,6.9509,6.9609,6.9509,6.9509,2996,0
2015-02-06,16:40:00,6.9509,6.9708,6.9509,6.9609,19993,0
2015-02-06,16:45:00,6.9708,6.9708,6.9609,6.9708,2903,0
2015-02-06,16:50:00,6.9708,6.9807,6.9708,6.9807,5110,0
2015-02-06,16:55:00,6.9807,6.9807,6.9708,6.9708,9626,0
2015-02-06,17:00:00,6.9807,6.9807,6.9807,6.9807,2894,0
2015-02-06,17:05:00,6.9807,6.9807,6.9609,6.9708,3932,0
2015-02-06,17:10:00,6.9708,6.9708,6.9609,6.9609,5338,0
2015-02-06,17:15:00,6.9708,6.9708,6.9609,6.9609,403,0
2015-02-06,17:20:00,6.9609,6.9708,6.9609,6.9708,2855,0
2015-02-06,17:25:00,6.9708,6.9708,6.9609,6.9609,1603,0
2015-02-06,17:30:00,6.9708,6.9807,6.9609,6.9708,2722,0
2015-02-06,17:35:00,6.9708,6.9708,6.9609,6.9609,2632,0
2015-02-06,17:40:00,6.9509,6.9609,6.9509,6.9509,1311,0
2015-02-06,17:45:00,6.9509,6.9509,6.941,6.941,4433,0
2015-02-06,17:50:00,6.9509,6.9509,6.941,6.9509,3830,0
2015-02-06,17:55:00,6.9509,6.9509,6.9509,6.9509,12892,0
2015-02-06,18:00:00,6.9609,6.9609,6.9509,6.9509,1663,0
2015-02-06,18:05:00,6.9509,6.9708,6.9509,6.9609,8119,0
2015-02-06,18:10:00,6.9609,6.9609,6.9609,6.9609,404,0
2015-02-06,18:15:00,6.9609,6.9609,6.9609,6.9609,21507,0
2015-02-06,18:20:00,6.9509,6.9609,6.9509,6.9609,4229,0
2015-02-06,18:25:00,6.9609,6.9609,6.9609,6.9609,2618,0
2015-02-06,18:30:00,6.9609,6.9609,6.9509,6.9609,2116,0
2015-02-06,18:35:00,6.9609,6.9609,6.9609,6.9609,856,0
2015-02-06,18:40:00,6.9609,6.9609,6.9509,6.9509,3122,0
2015-02-06,18:45:00,6.9509,6.9609,6.9509,6.9509,1311,0
2015-02-06,18:50:00,6.9509,6.9509,6.9509,6.9509,1209,0
2015-02-06,18:55:00,6.9509,6.9509,6.941,6.941,3688,0
2015-02-06,19:00:00,6.9509,6.9509,6.9509,6.9509,201,0
2015-02-06,19:05:00,6.9509,6.9509,6.9509,6.9509,303,0
2015-02-06,19:10:00,6.9509,6.9509,6.941,6.9509,1613,0
2015-02-06,19:15:00,6.941,6.941,6.941,6.941,2318,0
2015-02-06,19:20:00,6.9311,6.9311,6.9311,6.9311,10777,0
2015-02-06,19:25:00,6.9311,6.9311,6.9311,6.9311,303,0
2015-02-06,19:30:00,6.9311,6.9311,6.9211,6.9211,4363,0
2015-02-06,19:35:00,6.9311,6.9311,6.9311,6.9311,3553,0
2015-02-06,19:40:00,6.9311,6.9311,6.9311,6.9311,202,0
2015-02-06,19:45:00,6.9311,6.941,6.9311,6.941,1209,0
2015-02-06,19:50:00,6.9311,6.941,6.9311,6.941,1842,0
2015-02-06,19:55:00,6.941,6.941,6.9311,6.9311,1518,0
2015-02-06,20:00:00,6.941,6.9509,6.941,6.9509,25194,0
2015-02-06,20:05:00,6.941,6.9509,6.941,6.9509,3283,0
2015-02-06,20:10:00,6.9509,6.9509,6.9311,6.9509,23529,0
2015-02-06,20:15:00,6.941,6.9509,6.941,6.9509,807,0
2015-02-06,20:20:00,6.941,6.941,6.941,6.941,1007,0
2015-02-06,20:25:00,6.9509,6.9509,6.941,6.941,2898,0
2015-02-06,20:30:00,6.9509,6.9509,6.9509,6.9509,907,0
2015-02-06,20:35:00,6.9509,6.9509,6.9509,6.9509,606,0
2015-02-06,20:40:00,6.9609,6.9609,6.9609,6.9609,3762,0
2015-02-06,20:45:00,6.9708,6.9708,6.9609,6.9708,1461,0
2015-02-06,20:50:00,6.9708,6.9708,6.9609,6.9609,6775,0
2015-02-06,20:55:00,6.9708,6.9708,6.9509,6.9509,7557,0
2015-02-06,21:00:00,6.9509,6.9509,6.941,6.941,2539,0
2015-02-06,21:05:00,6.9509,6.9509,6.941,6.9509,6921,0
2015-02-06,21:10:00,6.9509,6.9509,6.9509,6.9509,3313,0
2015-02-06,21:15:00,6.9609,6.9609,6.9609,6.9609,202,0
2015-02-06,21:20:00,6.9509,6.9509,6.9509,6.9509,2449,0
2015-02-06,21:25:00,6.9509,6.9509,6.9509,6.9509,794,0
2015-02-06,21:30:00,6.9509,6.9509,6.9509,6.9509,202,0
2015-02-06,21:35:00,6.9509,6.9509,6.9509,6.9509,697,0
2015-02-06,21:40:00,6.941,6.941,6.9311,6.9311,6243,0
2015-02-06,21:45:00,6.941,6.941,6.941,6.941,856,0
2015-02-06,21:55:00,6.941,6.941,6.941,6.941,1222,0
2015-02-06,22:00:00,6.941,6.9609,6.9311,6.9609,5646,0
2015-02-09,15:35:00,6.9311,6.941,6.9112,6.941,45013,0
2015-02-09,15:40:00,6.9311,6.9311,6.9311,6.9311,1713,0
2015-02-09,15:45:00,6.9311,6.9311,6.9013,6.9112,25413,0
2015-02-09,15:50:00,6.9112,6.9211,6.9112,6.9112,4134,0
2015-02-09,15:55:00,6.9013,6.9112,6.8914,6.8914,42411,0
2015-02-09,16:00:00,6.9013,6.9013,6.8914,6.8914,2579,0
2015-02-09,16:05:00,6.8914,6.9013,6.8914,6.9013,13961,0
2015-02-09,16:10:00,6.9013,6.9013,6.8914,6.8914,4838,0
2015-02-09,16:15:00,6.8914,6.9013,6.8914,6.9013,3847,0
2015-02-09,16:20:00,6.9013,6.9013,6.9013,6.9013,907,0
2015-02-09,16:25:00,6.9013,6.9013,6.9013,6.9013,2823,0
2015-02-09,16:30:00,6.9013,6.9112,6.8914,6.8914,4714,0
2015-02-09,16:35:00,6.9013,6.9013,6.9013,6.9013,3425,0
2015-02-09,16:40:00,6.9013,6.9013,6.9013,6.9013,1010,0
2015-02-09,16:45:00,6.9013,6.9013,6.9013,6.9013,403,0
2015-02-09,16:50:00,6.9013,6.9013,6.9013,6.9013,268,0
2015-02-09,16:55:00,6.8914,6.9013,6.8914,6.9013,1027,0
2015-02-09,17:00:00,6.9013,6.9013,6.8914,6.9013,6106,0
2015-02-09,17:05:00,6.8914,6.8914,6.8914,6.8914,1254,0
2015-02-09,17:15:00,6.8914,6.8914,6.8814,6.8814,6177,0
2015-02-09,17:20:00,6.8814,6.8914,6.8814,6.8914,909,0
2015-02-09,17:25:00,6.8914,6.8914,6.8914,6.8914,6346,0
2015-02-09,17:30:00,6.8914,6.8914,6.8914,6.8914,2418,0
2015-02-09,17:35:00,6.8914,6.9013,6.8914,6.9013,8492,0
2015-02-09,17:40:00,6.8914,6.8914,6.8914,6.8914,907,0
2015-02-09,17:45:00,6.8814,6.8914,6.8814,6.8914,3088,0
2015-02-09,17:50:00,6.8814,6.8914,6.8814,6.8914,10392,0
2015-02-09,17:55:00,6.8914,6.8914,6.8914,6.8914,2820,0
2015-02-09,18:00:00,6.8914,6.8914,6.8914,6.8914,1667,0
2015-02-09,18:05:00,6.8914,6.8914,6.8914,6.8914,2396,0
2015-02-09,18:10:00,6.8914,6.8914,6.8914,6.8914,2318,0
2015-02-09,18:15:00,6.9013,6.9013,6.8914,6.8914,981,0
2015-02-09,18:20:00,6.9013,6.9013,6.8914,6.8914,8360,0
2015-02-09,18:30:00,6.8914,6.8914,6.8914,6.8914,1450,0
2015-02-09,18:35:00,6.8914,6.8914,6.8914,6.8914,1714,0
2015-02-09,18:45:00,6.9013,6.9013,6.9013,6.9013,3809,0
2015-02-09,19:05:00,6.8914,6.8914,6.8914,6.8914,907,0
2015-02-09,19:10:00,6.8914,6.8914,6.8914,6.8914,781,0
2015-02-09,19:15:00,6.9013,6.9013,6.8914,6.8914,3604,0
2015-02-09,19:25:00,6.8914,6.8914,6.8914,6.8914,906,0
2015-02-09,19:30:00,6.8914,6.8914,6.8914,6.8914,3525,0
2015-02-09,19:35:00,6.8914,6.8914,6.8914,6.8914,8763,0
2015-02-09,19:45:00,6.8914,6.8914,6.8814,6.8814,13596,0
2015-02-09,19:55:00,6.8914,6.8914,6.8814,6.8814,1507,0
2015-02-09,20:05:00,6.8914,6.8914,6.8814,6.8814,5677,0
2015-02-09,20:10:00,6.8914,6.8914,6.8914,6.8914,3437,0
2015-02-09,20:20:00,6.8814,6.8914,6.8814,6.8914,7502,0
2015-02-09,20:25:00,6.8814,6.8914,6.8814,6.8814,10684,0
2015-02-09,20:30:00,6.8814,6.8814,6.8814,6.8814,3243,0
2015-02-09,20:35:00,6.8814,6.8814,6.8616,6.8715,7227,0
2015-02-09,20:40:00,6.8914,6.8914,6.8814,6.8914,1402,0
2015-02-09,20:45:00,6.8914,6.8914,6.8814,6.8814,6595,0
2015-02-09,20:50:00,6.8814,6.8814,6.8814,6.8814,1127,0
2015-02-09,20:55:00,6.8814,6.8914,6.8814,6.8814,4841,0
2015-02-09,21:00:00,6.8914,6.8914,6.8814,6.8814,6651,0
2015-02-09,21:05:00,6.8715,6.8814,6.8715,6.8814,5868,0
2015-02-09,21:10:00,6.8715,6.8715,6.8715,6.8715,3047,0
2015-02-09,21:15:00,6.8715,6.8715,6.8715,6.8715,1245,0
2015-02-09,21:20:00,6.8715,6.8715,6.8715,6.8715,10500,0
2015-02-09,21:25:00,6.8715,6.8715,6.8715,6.8715,403,0
2015-02-09,21:30:00,6.8715,6.8715,6.8715,6.8715,816,0
2015-02-09,21:35:00,6.8715,6.8715,6.8616,6.8616,4915,0
2015-02-09,21:40:00,6.8715,6.8715,6.8616,6.8715,1464,0
2015-02-09,21:45:00,6.8715,6.8715,6.8616,6.8715,3527,0
2015-02-09,21:50:00,6.8616,6.8715,6.8616,6.8715,5233,0
2015-02-09,21:55:00,6.8715,6.8715,6.8715,6.8715,5173,0
2015-02-09,22:00:00,6.8715,6.8814,6.8616,6.8814,16855,0
2015-02-10,15:35:00,6.8814,6.8814,6.8814,6.8814,38692,0
2015-02-10,15:40:00,6.9013,6.9013,6.8715,6.8814,36470,0
2015-02-10,15:45:00,6.8814,6.8914,6.8715,6.8715,11083,0
2015-02-10,15:50:00,6.8715,6.8914,6.8715,6.8914,8270,0
2015-02-10,15:55:00,6.8814,6.9013,6.8814,6.8914,8815,0
2015-02-10,16:00:00,6.8914,6.8914,6.8814,6.8914,3518,0
2015-02-10,16:05:00,6.8914,6.8914,6.8914,6.8914,3022,0
2015-02-10,16:10:00,6.8914,6.8914,6.8814,6.8814,4029,0
2015-02-10,16:15:00,6.8914,6.9013,6.8814,6.8914,11011,0
2015-02-10,16:20:00,6.9013,6.9112,6.8914,6.9013,12139,0
2015-02-10,16:25:00,6.9112,6.9112,6.9013,6.9112,6148,0
2015-02-10,16:30:00,6.9112,6.9112,6.9013,6.9013,4132,0
2015-02-10,16:35:00,6.9112,6.9112,6.8914,6.9013,20556,0
2015-02-10,16:40:00,6.8914,6.9013,6.8914,6.9013,8225,0
2015-02-10,16:45:00,6.9112,6.9112,6.9112,6.9112,1136,0
2015-02-10,16:50:00,6.9112,6.9112,6.9112,6.9112,7072,0
2015-02-10,16:55:00,6.9013,6.9013,6.9013,6.9013,1008,0
2015-02-10,17:00:00,6.9013,6.9013,6.8914,6.8914,5562,0
2015-02-10,17:05:00,6.9013,6.9013,6.8914,6.8914,2419,0
2015-02-10,17:10:00,6.8914,6.9013,6.8914,6.9013,2504,0
2015-02-10,17:15:00,6.9013,6.9013,6.8914,6.8914,4364,0
2015-02-10,17:20:00,6.9013,6.9013,6.9013,6.9013,3731,0
2015-02-10,17:25:00,6.8914,6.9013,6.8914,6.8914,3976,0
2015-02-10,17:30:00,6.9013,6.9013,6.8914,6.8914,1615,0
2015-02-10,17:35:00,6.8914,6.8914,6.8914,6.8914,779,0
2015-02-10,17:40:00,6.8914,6.9013,6.8914,6.9013,727,0
2015-02-10,17:50:00,6.8914,6.9112,6.8914,6.8914,5238,0
2015-02-10,17:55:00,6.8914,6.8914,6.8914,6.8914,101,0
2015-02-10,18:00:00,6.8914,6.9013,6.8914,6.8914,6860,0
2015-02-10,18:05:00,6.8914,6.9112,6.8914,6.9112,6531,0
2015-02-10,18:15:00,6.8914,6.8914,6.8914,6.8914,101,0
2015-02-10,18:35:00,6.9013,6.9013,6.9013,6.9013,647,0
2015-02-10,18:40:00,6.9013,6.9112,6.9013,6.9112,1725,0
2015-02-10,18:45:00,6.9112,6.9112,6.9112,6.9112,201,0
2015-02-10,18:50:00,6.9013,6.9112,6.9013,6.9112,7654,0
2015-02-10,19:00:00,6.9112,6.9112,6.9013,6.9013,4834,0
2015-02-10,19:05:00,6.9112,6.9112,6.9013,6.9013,7350,0
2015-02-10,19:15:00,6.9013,6.9013,6.8914,6.9013,4029,0
2015-02-10,19:20:00,6.8914,6.9112,6.8914,6.9112,15514,0
2015-02-10,19:25:00,6.9112,6.9112,6.9112,6.9112,1308,0
2015-02-10,19:30:00,6.9112,6.9211,6.9112,6.9211,1864,0
2015-02-10,19:35:00,6.9211,6.9211,6.9211,6.9211,705,0
2015-02-10,19:40:00,6.9112,6.9112,6.9112,6.9112,1511,0
2015-02-10,19:45:00,6.9112,6.9112,6.9112,6.9112,704,0
2015-02-10,19:50:00,6.9013,6.9112,6.9013,6.9112,4208,0
2015-02-10,19:55:00,6.9013,6.9112,6.9013,6.9013,9259,0
2015-02-10,20:00:00,6.9013,6.9112,6.9013,6.9112,4130,0
2015-02-10,20:05:00,6.9211,6.9211,6.9112,6.9211,11726,0
2015-02-10,20:10:00,6.9112,6.9112,6.9112,6.9112,3223,0
2015-02-10,20:15:00,6.9112,6.9211,6.9013,6.9112,3062,0
2015-02-10,20:20:00,6.9211,6.9311,6.9211,6.9311,5259,0
2015-02-10,20:30:00,6.9311,6.9311,6.9211,6.9211,1990,0
2015-02-10,20:35:00,6.9211,6.9311,6.9211,6.9311,8558,0
2015-02-10,20:40:00,6.9311,6.941,6.9211,6.941,7267,0
2015-02-10,20:45:00,6.9311,6.941,6.9311,6.941,2903,0
2015-02-10,20:50:00,6.941,6.941,6.9311,6.941,4488,0
2015-02-10,20:55:00,6.941,6.941,6.941,6.941,9740,0
2015-02-10,21:00:00,6.941,6.9509,6.9311,6.9509,2343,0
2015-02-10,21:05:00,6.941,6.9509,6.941,6.941,13651,0
2015-02-10,21:10:00,6.9311,6.9311,6.9311,6.9311,101,0
2015-02-10,21:15:00,6.9509,6.9509,6.9509,6.9509,706,0
2015-02-10,21:20:00,6.941,6.941,6.941,6.941,886,0
2015-02-10,21:25:00,6.941,6.941,6.9311,6.941,4518,0
2015-02-10,21:30:00,6.941,6.941,6.941,6.941,3589,0
2015-02-10,21:35:00,6.941,6.9509,6.941,6.941,10453,0
2015-02-10,21:40:00,6.941,6.941,6.941,6.941,1212,0
2015-02-10,21:45:00,6.941,6.941,6.941,6.941,5859,0
2015-02-10,21:50:00,6.941,6.9509,6.941,6.941,3462,0
2015-02-10,21:55:00,6.9509,6.9509,6.9211,6.9211,7369,0
2015-02-10,22:00:00,6.9211,6.941,6.9112,6.941,12574,0
2015-02-11,15:35:00,6.94,6.94,6.91,6.93,29253,0
2015-02-11,15:40:00,6.92,6.92,6.9,6.9,17249,0
2015-02-11,15:45:00,6.9,6.9,6.89,6.89,23619,0
2015-02-11,15:50:00,6.89,6.89,6.89,6.89,6648,0
2015-02-11,15:55:00,6.88,6.88,6.88,6.88,566,0
2015-02-11,16:00:00,6.89,6.9,6.89,6.9,5051,0
2015-02-11,16:05:00,6.89,6.9,6.89,6.9,3293,0
2015-02-11,16:10:00,6.89,6.9,6.89,6.9,1250,0
2015-02-11,16:15:00,6.9,6.9,6.9,6.9,200,0
2015-02-11,16:20:00,6.88,6.9,6.88,6.89,1400,0
2015-02-11,16:25:00,6.89,6.89,6.88,6.88,4709,0
2015-02-11,16:30:00,6.89,6.89,6.88,6.89,880,0
2015-02-11,16:35:00,6.89,6.89,6.89,6.89,2200,0
2015-02-11,16:40:00,6.89,6.89,6.89,6.89,3355,0
2015-02-11,16:45:00,6.89,6.89,6.89,6.89,230,0
2015-02-11,16:55:00,6.89,6.89,6.89,6.89,1875,0
2015-02-11,17:00:00,6.89,6.89,6.89,6.89,880,0
2015-02-11,17:05:00,6.88,6.88,6.88,6.88,3000,0
2015-02-11,17:10:00,6.88,6.89,6.88,6.89,15054,0
2015-02-11,17:15:00,6.88,6.88,6.88,6.88,1265,0
2015-02-11,17:20:00,6.89,6.89,6.89,6.89,2238,0
2015-02-11,17:40:00,6.89,6.89,6.89,6.89,4000,0
2015-02-11,17:50:00,6.89,6.89,6.89,6.89,4197,0
2015-02-11,17:55:00,6.89,6.89,6.89,6.89,1410,0
2015-02-11,18:00:00,6.88,6.89,6.88,6.89,7944,0
2015-02-11,18:05:00,6.89,6.89,6.88,6.89,5050,0
2015-02-11,18:10:00,6.89,6.89,6.89,6.89,1400,0
2015-02-11,18:15:00,6.89,6.89,6.89,6.89,5861,0
2015-02-11,18:20:00,6.89,6.9,6.89,6.9,4901,0
2015-02-11,18:25:00,6.9,6.9,6.9,6.9,200,0
2015-02-11,18:30:00,6.9,6.91,6.9,6.91,4180,0
2015-02-11,18:35:00,6.9,6.91,6.9,6.91,200,0
2015-02-11,18:40:00,6.9,6.9,6.9,6.9,290,0
2015-02-11,18:45:00,6.9,6.9,6.9,6.9,200,0
2015-02-11,18:55:00,6.9,6.9,6.9,6.9,2200,0
2015-02-11,19:05:00,6.91,6.91,6.91,6.91,871,0
2015-02-11,19:10:00,6.9,6.9,6.9,6.9,2000,0
2015-02-11,19:15:00,6.9,6.9,6.89,6.89,700,0
2015-02-11,19:20:00,6.9,6.9,6.89,6.9,1552,0
2015-02-11,19:25:00,6.9,6.9,6.9,6.9,700,0
2015-02-11,19:30:00,6.89,6.9,6.89,6.9,2600,0
2015-02-11,19:35:00,6.9,6.91,6.9,6.9,1977,0
2015-02-11,19:40:00,6.91,6.91,6.91,6.91,6550,0
2015-02-11,19:50:00,6.9,6.9,6.9,6.9,699,0
2015-02-11,19:55:00,6.91,6.91,6.91,6.91,744,0
2015-02-11,20:00:00,6.91,6.91,6.91,6.91,4325,0
2015-02-11,20:05:00,6.92,6.92,6.92,6.92,1815,0
2015-02-11,20:10:00,6.92,6.92,6.92,6.92,1951,0
2015-02-11,20:15:00,6.93,6.93,6.93,6.93,1500,0
2015-02-11,20:20:00,6.92,6.94,6.92,6.93,16347,0
2015-02-11,20:25:00,6.94,6.94,6.93,6.93,7367,0
2015-02-11,20:30:00,6.92,6.93,6.92,6.93,1100,0
2015-02-11,20:35:00,6.93,6.93,6.93,6.93,2244,0
2015-02-11,20:45:00,6.92,6.93,6.92,6.93,3050,0
2015-02-11,21:00:00,6.94,6.94,6.94,6.94,3140,0
2015-02-11,21:05:00,6.93,6.94,6.93,6.94,2300,0
2015-02-11,21:10:00,6.94,6.94,6.94,6.94,100,0
2015-02-11,21:15:00,6.94,6.95,6.94,6.94,24193,0
2015-02-11,21:20:00,6.94,6.94,6.94,6.94,7346,0
2015-02-11,21:25:00,6.95,6.95,6.94,6.95,9827,0
2015-02-11,21:30:00,6.95,6.95,6.95,6.95,9023,0
2015-02-11,21:35:00,6.95,6.96,6.95,6.95,3215,0
2015-02-11,21:40:00,6.95,6.96,6.95,6.95,21536,0
2015-02-11,21:45:00,6.96,6.96,6.96,6.96,500,0
2015-02-11,21:50:00,6.96,6.96,6.96,6.96,1339,0
2015-02-11,21:55:00,6.95,6.96,6.95,6.95,1577,0
2015-02-11,22:00:00,6.95,6.96,6.95,6.95,6867,0
2015-02-12,15:35:00,6.95,6.97,6.95,6.97,35608,0
2015-02-12,15:40:00,6.97,6.98,6.97,6.97,3437,0
2015-02-12,15:45:00,6.95,6.95,6.95,6.95,400,0
2015-02-12,15:50:00,6.96,6.96,6.95,6.95,2343,0
2015-02-12,15:55:00,6.95,6.96,6.95,6.95,5710,0
2015-02-12,16:00:00,6.95,6.96,6.95,6.96,10911,0
2015-02-12,16:05:00,6.96,6.97,6.96,6.96,5613,0
2015-02-12,16:10:00,6.96,6.96,6.96,6.96,1500,0
2015-02-12,16:15:00,6.96,6.97,6.96,6.96,2603,0
2015-02-12,16:20:00,6.97,6.97,6.96,6.97,3986,0
2015-02-12,16:25:00,6.97,6.97,6.96,6.96,4672,0
2015-02-12,16:30:00,6.96,6.98,6.96,6.98,21609,0
2015-02-12,16:35:00,6.98,6.98,6.97,6.98,3450,0
2015-02-12,16:40:00,6.98,6.98,6.97,6.98,5050,0
2015-02-12,16:45:00,6.97,6.98,6.97,6.97,1900,0
2015-02-12,16:50:00,6.97,6.98,6.97,6.97,5160,0
2015-02-12,16:55:00,6.97,6.98,6.97,6.97,6845,0
2015-02-12,17:00:00,6.97,6.98,6.96,6.96,14850,0
2015-02-12,17:05:00,6.96,6.96,6.95,6.95,3788,0
2015-02-12,17:10:00,6.96,6.96,6.95,6.95,3069,0
2015-02-12,17:15:00,6.95,6.95,6.95,6.95,4240,0
2015-02-12,17:20:00,6.95,6.96,6.95,6.95,5455,0
2015-02-12,17:25:00,6.95,6.96,6.95,6.95,1900,0
2015-02-12,17:30:00,6.95,6.96,6.95,6.95,3880,0
2015-02-12,17:35:00,6.95,6.95,6.94,6.95,5550,0
2015-02-12,17:40:00,6.94,6.95,6.94,6.95,5614,0
2015-02-12,17:45:00,6.94,6.95,6.94,6.95,500,0
2015-02-12,17:50:00,6.95,6.95,6.95,6.95,700,0
2015-02-12,17:55:00,6.94,6.95,6.94,6.95,8497,0
2015-02-12,18:00:00,6.95,6.95,6.94,6.94,1134,0
2015-02-12,18:05:00,6.95,6.95,6.94,6.95,3322,0
2015-02-12,18:10:00,6.94,6.94,6.94,6.94,1100,0
2015-02-12,18:15:00,6.94,6.95,6.94,6.95,4641,0
2015-02-12,18:20:00,6.94,6.95,6.94,6.94,842,0
2015-02-12,18:25:00,6.95,6.95,6.94,6.94,1306,0
2015-02-12,18:30:00,6.94,6.94,6.94,6.94,1080,0
2015-02-12,18:35:00,6.95,6.95,6.95,6.95,3264,0
2015-02-12,18:40:00,6.95,6.95,6.95,6.95,207,0
2015-02-12,18:45:00,6.95,6.96,6.95,6.96,1100,0
2015-02-12,18:50:00,6.95,6.95,6.95,6.95,2200,0
2015-02-12,18:55:00,6.96,6.96,6.95,6.95,6517,0
2015-02-12,19:00:00,6.95,6.95,6.95,6.95,1000,0
2015-02-12,19:10:00,6.96,6.96,6.96,6.96,6231,0
2015-02-12,19:15:00,6.97,6.97,6.97,6.97,846,0
2015-02-12,19:25:00,6.96,6.97,6.96,6.96,2500,0
2015-02-12,19:35:00,6.97,6.98,6.97,6.97,4300,0
2015-02-12,19:40:00,6.97,6.97,6.97,6.97,212,0
2015-02-12,19:45:00,6.96,6.98,6.96,6.97,2612,0
2015-02-12,19:50:00,6.97,6.98,6.97,6.98,3437,0
2015-02-12,19:55:00,6.98,6.98,6.98,6.98,600,0
2015-02-12,20:00:00,6.98,6.98,6.98,6.98,1500,0
2015-02-12,20:05:00,6.97,6.99,6.97,6.99,2960,0
2015-02-12,20:10:00,6.99,6.99,6.99,6.99,1270,0
2015-02-12,20:15:00,6.99,6.99,6.98,6.98,8417,0
2015-02-12,20:20:00,6.99,6.99,6.99,6.99,2190,0
2015-02-12,20:25:00,6.99,6.99,6.99,6.99,900,0
2015-02-12,20:30:00,6.99,7.0,6.99,6.99,2700,0
2015-02-12,20:35:00,6.99,6.99,6.99,6.99,379,0
2015-02-12,20:40:00,6.99,7.0,6.99,7.0,651,0
2015-02-12,20:45:00,6.99,7.0,6.99,7.0,921,0
2015-02-12,20:50:00,7.0,7.0,6.99,6.99,2300,0
2015-02-12,20:55:00,7.0,7.01,7.0,7.0,7695,0
2015-02-12,21:00:00,7.0,7.0,7.0,7.0,500,0
2015-02-12,21:05:00,7.0,7.0,7.0,7.0,400,0
2015-02-12,21:15:00,7.01,7.01,7.01,7.01,650,0
2015-02-12,21:20:00,7.0,7.01,7.0,7.0,2825,0
2015-02-12,21:25:00,7.01,7.01,7.01,7.01,1700,0
2015-02-12,21:30:00,7.02,7.02,7.01,7.01,2800,0
2015-02-12,21:35:00,7.01,7.02,7.0,7.01,14089,0
2015-02-12,21:40:00,7.01,7.02,7.0,7.02,6440,0
2015-02-12,21:45:00,7.02,7.02,7.01,7.01,3380,0
2015-02-12,21:50:00,7.02,7.02,7.01,7.02,4661,0
2015-02-12,21:55:00,7.01,7.02,7.01,7.01,9408,0
2015-02-12,22:00:00,7.02,7.02,7.01,7.01,6370,0
2015-02-13,15:35:00,7.03,7.03,7.02,7.02,2900,0
2015-02-13,15:40:00,7.02,7.05,7.01,7.02,46308,0
2015-02-13,15:45:00,7.01,7.03,7.01,7.02,12701,0
2015-02-13,15:50:00,7.03,7.03,7.02,7.02,4761,0
2015-02-13,15:55:00,7.02,7.02,7.01,7.02,12386,0
2015-02-13,16:00:00,7.01,7.01,7.01,7.01,500,0
2015-02-13,16:05:00,7.01,7.02,7.01,7.01,900,0
2015-02-13,16:10:00,7.01,7.02,7.01,7.01,1700,0
2015-02-13,16:15:00,7.01,7.02,7.01,7.01,2676,0
2015-02-13,16:20:00,7.02,7.02,7.01,7.01,4630,0
2015-02-13,16:25:00,7.01,7.02,7.01,7.01,1700,0
2015-02-13,16:30:00,7.01,7.02,7.01,7.01,900,0
2015-02-13,16:35:00,7.01,7.02,7.01,7.01,1600,0
2015-02-13,16:40:00,7.01,7.01,7.01,7.01,800,0
2015-02-13,16:45:00,7.01,7.01,7.01,7.01,500,0
2015-02-13,16:50:00,7.01,7.02,7.01,7.01,3445,0
2015-02-13,16:55:00,7.01,7.02,7.01,7.02,14816,0
2015-02-13,17:00:00,7.02,7.03,7.01,7.03,17468,0
2015-02-13,17:05:00,7.03,7.04,7.03,7.03,6676,0
2015-02-13,17:10:00,7.04,7.05,7.04,7.05,1750,0
2015-02-13,17:20:00,7.05,7.06,7.05,7.05,4536,0
2015-02-13,17:25:00,7.05,7.06,7.05,7.06,1000,0
2015-02-13,17:30:00,7.05,7.05,7.05,7.05,435,0
2015-02-13,17:35:00,7.05,7.05,7.05,7.05,2000,0
2015-02-13,17:40:00,7.04,7.04,7.04,7.04,1534,0
2015-02-13,17:45:00,7.04,7.05,7.04,7.05,4068,0
2015-02-13,18:00:00,7.05,7.05,7.05,7.05,1500,0
2015-02-13,18:05:00,7.04,7.04,7.04,7.04,628,0
2015-02-13,18:15:00,7.04,7.04,7.04,7.04,8200,0
2015-02-13,18:20:00,7.05,7.05,7.04,7.04,3750,0
2015-02-13,18:25:00,7.05,7.05,7.04,7.05,7949,0
2015-02-13,18:30:00,7.04,7.04,7.04,7.04,8350,0
2015-02-13,18:35:00,7.05,7.05,7.05,7.05,5000,0
2015-02-13,18:40:00,7.05,7.05,7.04,7.05,11262,0
2015-02-13,18:45:00,7.06,7.06,7.06,7.06,1000,0
2015-02-13,18:50:00,7.06,7.06,7.06,7.06,1000,0
2015-02-13,18:55:00,7.05,7.06,7.05,7.06,12960,0
2015-02-13,19:10:00,7.06,7.06,7.06,7.06,2014,0
2015-02-13,19:20:00,7.06,7.06,7.05,7.05,3573,0
2015-02-13,19:25:00,7.06,7.06,7.04,7.05,5250,0
2015-02-13,19:30:00,7.06,7.06,7.04,7.05,3332,0
2015-02-13,19:35:00,7.05,7.06,7.05,7.05,7799,0
2015-02-13,19:40:00,7.06,7.06,7.05,7.05,9923,0
2015-02-13,19:45:00,7.06,7.06,7.05,7.05,5197,0
2015-02-13,19:50:00,7.06,7.06,7.06,7.06,6882,0
2015-02-13,19:55:00,7.06,7.07,7.06,7.07,4730,0
2015-02-13,20:05:00,7.06,7.07,7.05,7.05,9291,0
2015-02-13,20:10:00,7.05,7.06,7.05,7.06,8900,0
2015-02-13,20:20:00,7.05,7.06,7.05,7.05,4798,0
2015-02-13,20:25:00,7.06,7.06,7.05,7.06,7998,0
2015-02-13,20:30:00,7.05,7.05,7.05,7.05,8100,0
2015-02-13,20:35:00,7.06,7.06,7.06,7.06,500,0
2015-02-13,20:40:00,7.05,7.06,7.05,7.06,450,0
2015-02-13,20:45:00,7.05,7.06,7.05,7.06,5922,0
2015-02-13,20:55:00,7.06,7.06,7.06,7.06,200,0
2015-02-13,21:00:00,7.06,7.06,7.06,7.06,895,0
2015-02-13,21:05:00,7.06,7.06,7.05,7.06,3300,0
2015-02-13,21:10:00,7.06,7.06,7.06,7.06,3486,0
2015-02-13,21:15:00,7.06,7.08,7.06,7.08,18610,0
2015-02-13,21:20:00,7.09,7.09,7.09,7.09,245,0
2015-02-13,21:25:00,7.09,7.09,7.07,7.08,3312,0
2015-02-13,21:30:00,7.07,7.08,7.07,7.07,8822,0
2015-02-13,21:35:00,7.07,7.07,7.07,7.07,3800,0
2015-02-13,21:40:00,7.07,7.07,7.07,7.07,4000,0
2015-02-13,21:45:00,7.08,7.08,7.08,7.08,4464,0
2015-02-13,21:50:00,7.07,7.08,7.07,7.07,1284,0
2015-02-13,21:55:00,7.07,7.08,7.06,7.07,8515,0
2015-02-13,22:00:00,7.06,7.09,7.06,7.09,9784,0
2015-02-17,15:35:00,7.09,7.09,7.06,7.08,41331,0
2015-02-17,15:40:00,7.06,7.06,7.06,7.06,7368,0
2015-02-17,15:45:00,7.06,7.06,7.05,7.05,10325,0
2015-02-17,15:50:00,7.04,7.04,7.01,7.01,11415,0
2015-02-17,15:55:00,7.01,7.02,6.99,6.99,16220,0
2015-02-17,16:00:00,6.98,6.98,6.96,6.97,12543,0
2015-02-17,16:05:00,6.97,6.99,6.97,6.98,13908,0
2015-02-17,16:10:00,6.98,6.99,6.97,6.98,5807,0
2015-02-17,16:15:00,6.97,6.98,6.97,6.97,8055,0
2015-02-17,16:20:00,6.97,6.98,6.97,6.97,5500,0
2015-02-17,16:25:00,6.97,6.97,6.95,6.95,9800,0
2015-02-17,16:30:00,6.95,6.98,6.95,6.98,15710,0
2015-02-17,16:35:00,6.97,6.97,6.97,6.97,3077,0
2015-02-17,16:40:00,6.97,6.97,6.97,6.97,6448,0
2015-02-17,16:45:00,6.97,6.97,6.96,6.96,14700,0
2015-02-17,16:50:00,6.97,6.97,6.96,6.96,9186,0
2015-02-17,16:55:00,6.96,6.97,6.95,6.96,19100,0
2015-02-17,17:00:00,6.96,6.96,6.95,6.95,13000,0
2015-02-17,17:05:00,6.96,6.96,6.94,6.95,17424,0
2015-02-17,17:10:00,6.94,6.95,6.94,6.94,15882,0
2015-02-17,17:15:00,6.95,6.95,6.94,6.94,8500,0
2015-02-17,17:20:00,6.94,6.95,6.94,6.95,10556,0
2015-02-17,17:25:00,6.95,6.95,6.93,6.95,33654,0
2015-02-17,17:30:00,6.95,6.97,6.95,6.97,10300,0
2015-02-17,17:35:00,6.97,6.98,6.97,6.97,12732,0
2015-02-17,17:40:00,6.98,6.99,6.96,6.98,11422,0
2015-02-17,17:45:00,6.97,6.97,6.96,6.96,6700,0
2015-02-17,17:50:00,6.96,6.97,6.96,6.97,7200,0
2015-02-17,17:55:00,6.98,6.98,6.96,6.97,1600,0
2015-02-17,18:05:00,6.97,6.97,6.95,6.95,4634,0
2015-02-17,18:10:00,6.97,6.98,6.97,6.97,8800,0
2015-02-17,18:15:00,6.97,6.97,6.97,6.97,452,0
2015-02-17,18:20:00,6.96,6.96,6.96,6.96,2570,0
2015-02-17,18:25:00,6.97,6.97,6.97,6.97,1580,0
2015-02-17,18:30:00,6.98,6.98,6.98,6.98,5509,0
2015-02-17,18:45:00,6.99,6.99,6.98,6.98,850,0
2015-02-17,18:50:00,6.99,7,6.99,6.99,7600,0
2015-02-17,18:55:00,6.99,7,6.99,7,724,0
2015-02-17,19:00:00,7,7,6.99,6.99,800,0
2015-02-17,19:05:00,7,7.01,7,7.01,2840,0
2015-02-17,19:10:00,7.01,7.01,7.01,7.01,1500,0
2015-02-17,19:15:00,7.01,7.01,7,7,1277,0
2015-02-17,19:20:00,7.01,7.01,7.01,7.01,141,0
2015-02-17,19:25:00,7.01,7.01,7.01,7.01,1100,0
2015-02-17,19:30:00,7.01,7.02,7.01,7.02,1100,0
2015-02-17,19:35:00,7.02,7.02,7.01,7.02,2868,0
2015-02-17,19:40:00,7.01,7.02,7.01,7.02,2800,0
2015-02-17,19:45:00,7.01,7.01,7,7,9976,0
2015-02-17,19:50:00,7,7,7,7,3988,0
2015-02-17,19:55:00,7.01,7.01,7.01,7.01,300,0
2015-02-17,20:00:00,7,7.02,7,7.02,3333,0
2015-02-17,20:05:00,7.01,7.02,7.01,7.02,3859,0
2015-02-17,20:10:00,7.03,7.03,7.03,7.03,712,0
2015-02-17,20:15:00,7.03,7.03,7.03,7.03,1900,0
2015-02-17,20:20:00,7.03,7.03,7.03,7.03,3000,0
2015-02-17,20:25:00,7.02,7.03,7.01,7.01,2150,0
2015-02-17,20:30:00,7.02,7.02,7.01,7.01,2225,0
2015-02-17,20:40:00,7.01,7.01,7.01,7.01,1592,0
2015-02-17,20:45:00,7.02,7.02,7.01,7.01,1725,0
2015-02-17,20:55:00,7.02,7.02,7.01,7.02,3575,0
2015-02-17,21:00:00,7.01,7.03,7.01,7.02,5389,0
2015-02-17,21:05:00,7.02,7.02,7.02,7.02,700,0
2015-02-17,21:10:00,7.02,7.02,7.01,7.01,985,0
2015-02-17,21:15:00,7.02,7.03,7.01,7.03,7096,0
2015-02-17,21:20:00,7.03,7.03,7.01,7.01,20297,0
2015-02-17,21:25:00,7.02,7.02,7.01,7.01,3364,0
2015-02-17,21:35:00,7.01,7.02,7.01,7.02,26722,0
2015-02-17,21:45:00,7.02,7.02,7.02,7.02,4822,0
2015-02-17,21:50:00,7.02,7.02,7.01,7.01,1100,0
2015-02-17,21:55:00,7.01,7.01,7.01,7.01,4253,0
2015-02-17,22:00:00,7.02,7.02,7.01,7.02,5890,0
2015-02-18,15:35:00,7.02,7.04,7.02,7.04,22005,0
2015-02-18,15:45:00,7.03,7.04,7.03,7.04,700,0
2015-02-18,15:50:00,7.03,7.04,7.03,7.03,2604,0
2015-02-18,15:55:00,7.03,7.04,7.03,7.03,7628,0
2015-02-18,16:00:00,7.04,7.04,7.04,7.04,200,0
2015-02-18,16:05:00,7.03,7.03,7.03,7.03,27435,0
2015-02-18,16:10:00,7.04,7.04,7.02,7.02,8660,0
2015-02-18,16:15:00,7.03,7.03,7.03,7.03,1014,0
2015-02-18,16:20:00,7.02,7.03,7.02,7.02,703,0
2015-02-18,16:25:00,7.02,7.03,7.02,7.02,1437,0
2015-02-18,16:30:00,7.02,7.03,7.02,7.03,4877,0
2015-02-18,16:35:00,7.02,7.03,7.02,7.02,2900,0
2015-02-18,16:40:00,7.03,7.04,7.03,7.03,7900,0
2015-02-18,16:45:00,7.04,7.04,7.03,7.03,1262,0
2015-02-18,16:50:00,7.04,7.04,7.03,7.03,8007,0
2015-02-18,16:55:00,7.04,7.04,7.03,7.04,1436,0
2015-02-18,17:00:00,7.03,7.03,7.02,7.02,2600,0
2015-02-18,17:05:00,7.02,7.04,7.02,7.04,5800,0
2015-02-18,17:10:00,7.04,7.04,7.03,7.04,11658,0
2015-02-18,17:15:00,7.04,7.04,7.04,7.04,825,0
2015-02-18,17:20:00,7.04,7.05,7.04,7.05,4054,0
2015-02-18,17:25:00,7.04,7.04,7.04,7.04,600,0
2015-02-18,17:30:00,7.05,7.05,7.04,7.04,1200,0
2015-02-18,17:35:00,7.04,7.05,7.04,7.05,3300,0
2015-02-18,17:40:00,7.05,7.05,7.04,7.04,1900,0
2015-02-18,17:45:00,7.04,7.05,7.04,7.05,7500,0
2015-02-18,17:50:00,7.04,7.04,7.04,7.04,800,0
2015-02-18,17:55:00,7.05,7.05,7.04,7.04,400,0
2015-02-18,18:00:00,7.05,7.05,7.04,7.04,6997,0
2015-02-18,18:10:00,7.04,7.05,7.04,7.05,700,0
2015-02-18,18:15:00,7.04,7.05,7.04,7.04,3750,0
2015-02-18,18:20:00,7.05,7.05,7.04,7.04,2600,0
2015-02-18,18:25:00,7.05,7.05,7.04,7.05,400,0
2015-02-18,18:30:00,7.04,7.05,7.04,7.05,7385,0
2015-02-18,18:35:00,7.05,7.05,7.04,7.04,2300,0
2015-02-18,18:40:00,7.04,7.05,7.04,7.05,5825,0
2015-02-18,18:45:00,7.04,7.05,7.04,7.04,2100,0
2015-02-18,18:50:00,7.06,7.06,7.04,7.04,10553,0
2015-02-18,18:55:00,7.05,7.05,7.04,7.04,2050,0
2015-02-18,19:00:00,7.04,7.06,7.03,7.03,18916,0
2015-02-18,19:05:00,7.04,7.05,7.04,7.04,2298,0
2015-02-18,19:15:00,7.04,7.05,7.04,7.05,6000,0
2015-02-18,19:20:00,7.05,7.05,7.04,7.05,4215,0
2015-02-18,19:25:00,7.05,7.05,7.04,7.04,3000,0
2015-02-18,19:30:00,7.05,7.06,7.04,7.04,7245,0
2015-02-18,19:35:00,7.05,7.05,7.05,7.05,2000,0
2015-02-18,19:40:00,7.05,7.05,7.04,7.04,5317,0
2015-02-18,19:45:00,7.04,7.04,7.04,7.04,500,0
2015-02-18,19:50:00,7.05,7.06,7.04,7.05,5987,0
2015-02-18,19:55:00,7.06,7.06,7.06,7.06,1000,0
2015-02-18,20:00:00,7.05,7.05,7.04,7.04,1550,0
2015-02-18,20:05:00,7.05,7.05,7.05,7.05,2000,0
2015-02-18,20:10:00,7.06,7.08,7.06,7.06,13463,0
2015-02-18,20:20:00,7.07,7.08,7.06,7.08,14500,0
2015-02-18,20:25:00,7.07,7.07,7.06,7.06,400,0
2015-02-18,20:30:00,7.06,7.07,7.06,7.07,14500,0
2015-02-18,20:35:00,7.06,7.06,7.06,7.06,1710,0
2015-02-18,20:40:00,7.07,7.07,7.06,7.06,9430,0
2015-02-18,20:45:00,7.05,7.06,7.05,7.06,3400,0
2015-02-18,20:50:00,7.06,7.06,7.05,7.05,1233,0
2015-02-18,20:55:00,7.05,7.06,7.05,7.05,7176,0
2015-02-18,21:05:00,7.06,7.06,7.06,7.06,500,0
2015-02-18,21:10:00,7.05,7.05,7.03,7.03,12822,0
2015-02-18,21:15:00,7.03,7.05,7.02,7.03,23682,0
2015-02-18,21:20:00,7.04,7.04,7.04,7.04,1520,0
2015-02-18,21:25:00,7.03,7.04,7.03,7.03,4770,0
2015-02-18,21:30:00,7.03,7.06,7.03,7.06,8500,0
2015-02-18,21:35:00,7.05,7.05,7.05,7.05,400,0
2015-02-18,21:40:00,7.04,7.05,7.02,7.03,11200,0
2015-02-18,21:45:00,7.04,7.05,7.04,7.05,4300,0
2015-02-18,21:50:00,7.05,7.05,7.04,7.05,4223,0
2015-02-18,21:55:00,7.05,7.05,7.04,7.05,2051,0
2015-02-18,22:00:00,7.05,7.05,7.04,7.05,10426,0
2015-02-19,15:35:00,7.02,7.02,7.02,7.02,370,0
2015-02-19,15:40:00,7.01,7.03,7.01,7.03,6200,0
2015-02-19,15:45:00,7.03,7.03,7.03,7.03,946,0
2015-02-19,15:50:00,7.03,7.03,7.03,7.03,450,0
2015-02-19,15:55:00,7.03,7.03,7.03,7.03,1852,0
2015-02-19,16:00:00,7.02,7.03,7.02,7.03,5375,0
2015-02-19,16:05:00,7.04,7.04,7.04,7.04,1121,0
2015-02-19,16:10:00,7.04,7.06,7.04,7.05,6100,0
2015-02-19,16:15:00,7.05,7.05,7.05,7.05,400,0
2015-02-19,16:20:00,7.05,7.05,7.05,7.05,1361,0
2015-02-19,16:25:00,7.05,7.05,7.05,7.05,775,0
2015-02-19,16:30:00,7.05,7.07,7.05,7.06,6266,0
2015-02-19,16:35:00,7.07,7.07,7.07,7.07,200,0
2015-02-19,16:40:00,7.07,7.08,7.07,7.08,9172,0
2015-02-19,16:45:00,7.07,7.08,7.07,7.08,200,0
2015-02-19,16:50:00,7.08,7.08,7.08,7.08,564,0
2015-02-19,16:55:00,7.08,7.08,7.07,7.07,200,0
2015-02-19,17:00:00,7.08,7.08,7.06,7.06,3887,0
2015-02-19,17:05:00,7.07,7.07,7.07,7.07,1070,0
2015-02-19,17:10:00,7.07,7.07,7.07,7.07,5940,0
2015-02-19,17:15:00,7.07,7.07,7.07,7.07,100,0
2015-02-19,17:20:00,7.06,7.07,7.06,7.07,2532,0
2015-02-19,17:25:00,7.07,7.07,7.06,7.06,1029,0
2015-02-19,17:30:00,7.07,7.07,7.06,7.06,400,0
2015-02-19,17:35:00,7.07,7.07,7.07,7.07,483,0
2015-02-19,17:40:00,7.08,7.08,7.08,7.08,400,0
2015-02-19,17:45:00,7.07,7.07,7.07,7.07,1400,0
2015-02-19,17:50:00,7.08,7.08,7.08,7.08,2400,0
2015-02-19,18:00:00,7.07,7.08,7.06,7.08,1985,0
2015-02-19,18:10:00,7.06,7.06,7.06,7.06,1198,0
2015-02-19,18:30:00,7.07,7.07,7.06,7.06,800,0
2015-02-19,18:35:00,7.06,7.06,7.06,7.06,2200,0
2015-02-19,18:40:00,7.06,7.06,7.05,7.05,3241,0
2015-02-19,18:45:00,7.05,7.05,7.05,7.05,1800,0
2015-02-19,18:50:00,7.05,7.05,7.05,7.05,1500,0
2015-02-19,18:55:00,7.05,7.05,7.05,7.05,2100,0
2015-02-19,19:00:00,7.05,7.06,7.05,7.06,8581,0
2015-02-19,19:05:00,7.05,7.06,7.05,7.06,11850,0
2015-02-19,19:10:00,7.05,7.05,7.05,7.05,434,0
2015-02-19,19:15:00,7.06,7.07,7.06,7.07,12100,0
2015-02-19,19:20:00,7.05,7.05,7.05,7.05,788,0
2015-02-19,19:25:00,7.06,7.06,7.05,7.06,2142,0
2015-02-19,19:35:00,7.05,7.05,7.05,7.05,700,0
2015-02-19,19:40:00,7.06,7.06,7.05,7.05,200,0
2015-02-19,19:45:00,7.05,7.05,7.05,7.05,1200,0
2015-02-19,19:50:00,7.06,7.06,7.04,7.04,13110,0
2015-02-19,20:00:00,7.04,7.04,7.03,7.03,1755,0
2015-02-19,20:05:00,7.03,7.05,7.03,7.05,1232,0
2015-02-19,20:10:00,7.06,7.07,7.06,7.07,200,0
2015-02-19,20:15:00,7.06,7.06,7.05,7.06,2191,0
2015-02-19,20:20:00,7.06,7.06,7.05,7.05,1475,0
2015-02-19,20:25:00,7.06,7.06,7.06,7.06,500,0
2015-02-19,20:30:00,7.05,7.06,7.05,7.06,2311,0
2015-02-19,20:45:00,7.06,7.06,7.06,7.06,200,0
2015-02-19,20:50:00,7.06,7.06,7.05,7.05,3700,0
2015-02-19,20:55:00,7.06,7.06,7.06,7.06,1100,0
2015-02-19,21:00:00,7.05,7.07,7.04,7.07,6021,0
2015-02-19,21:05:00,7.07,7.07,7.07,7.07,3400,0
2015-02-19,21:10:00,7.06,7.07,7.06,7.07,1450,0
2015-02-19,21:20:00,7.07,7.07,7.06,7.07,3747,0
2015-02-19,21:25:00,7.07,7.07,7.07,7.07,1913,0
2015-02-19,21:30:00,7.07,7.08,7.07,7.08,11017,0
2015-02-19,21:35:00,7.08,7.08,7.06,7.07,7396,0
2015-02-19,21:40:00,7.06,7.07,7.06,7.06,22624,0
2015-02-19,21:45:00,7.07,7.07,7.06,7.07,851,0
2015-02-19,21:50:00,7.06,7.07,7.06,7.07,3122,0
2015-02-19,21:55:00,7.07,7.07,7.07,7.07,5875,0
2015-02-19,22:00:00,7.07,7.07,7.05,7.05,5857,0
2015-02-20,15:35:00,7.03,7.03,7.03,7.03,300,0
2015-02-20,15:40:00,7.03,7.04,7.03,7.03,13914,0
2015-02-20,15:45:00,7.02,7.02,7.01,7.02,8000,0
2015-02-20,15:50:00,7.02,7.02,7.02,7.02,794,0
2015-02-20,15:55:00,7.02,7.02,7.02,7.02,2000,0
2015-02-20,16:00:00,7.01,7.01,7.01,7.01,1450,0
2015-02-20,16:05:00,7.02,7.02,7.01,7.02,4600,0
2015-02-20,16:10:00,7.01,7.02,7.01,7.01,13802,0
2015-02-20,16:15:00,7.01,7.01,7.01,7.01,200,0
2015-02-20,16:20:00,7.01,7.01,7.01,7.01,2145,0
2015-02-20,16:25:00,7.01,7.02,7.01,7.02,1267,0
2015-02-20,16:30:00,7.02,7.03,7.02,7.03,8106,0
2015-02-20,16:35:00,7.02,7.03,7.02,7.03,22463,0
2015-02-20,16:40:00,7.02,7.03,7.02,7.02,9400,0
2015-02-20,16:45:00,7.02,7.04,7.02,7.04,5806,0
2015-02-20,16:50:00,7.04,7.04,7.03,7.03,2977,0
2015-02-20,16:55:00,7.04,7.04,7.03,7.03,9216,0
2015-02-20,17:00:00,7.03,7.04,7.02,7.02,25600,0
2015-02-20,17:05:00,7.02,7.03,7.02,7.03,2518,0
2015-02-20,17:10:00,7.03,7.03,7.02,7.03,4250,0
2015-02-20,17:15:00,7.03,7.03,7.02,7.02,5317,0
2015-02-20,17:20:00,7.03,7.03,7.03,7.03,13775,0
2015-02-20,17:25:00,7.03,7.03,7.03,7.03,100,0
2015-02-20,17:30:00,7.03,7.03,7.02,7.02,6270,0
2015-02-20,17:35:00,7.03,7.03,7.02,7.03,3930,0
2015-02-20,17:40:00,7.03,7.03,7.02,7.02,2941,0
2015-02-20,17:45:00,7.03,7.03,7.03,7.03,445,0
2015-02-20,17:55:00,7.03,7.03,7.03,7.03,4956,0
2015-02-20,18:05:00,7.04,7.04,7.04,7.04,1659,0
2015-02-20,18:15:00,7.04,7.04,7.03,7.03,4230,0
2015-02-20,18:30:00,7.04,7.05,7.04,7.04,7817,0
2015-02-20,18:35:00,7.03,7.04,7.02,7.04,9200,0
2015-02-20,18:40:00,7.03,7.04,7.03,7.04,10410,0
2015-02-20,18:45:00,7.03,7.05,7.03,7.05,8047,0
2015-02-20,18:50:00,7.05,7.05,7.04,7.04,12400,0
2015-02-20,18:55:00,7.04,7.05,7.04,7.04,5873,0
2015-02-20,19:00:00,7.05,7.05,7.05,7.05,1400,0
2015-02-20,19:05:00,7.05,7.05,7.04,7.04,12558,0
2015-02-20,19:10:00,7.04,7.05,7.04,7.05,6052,0
2015-02-20,19:15:00,7.05,7.05,7.05,7.05,475,0
2015-02-20,19:20:00,7.06,7.06,7.06,7.06,2445,0
2015-02-20,19:25:00,7.06,7.06,7.06,7.06,100,0
2015-02-20,19:30:00,7.05,7.05,7.05,7.05,14000,0
2015-02-20,19:35:00,7.06,7.06,7.05,7.05,355,0
2015-02-20,19:40:00,7.06,7.06,7.06,7.06,1155,0
2015-02-20,19:45:00,7.05,7.05,7.05,7.05,12030,0
2015-02-20,19:50:00,7.05,7.05,7.05,7.05,3904,0
2015-02-20,19:55:00,7.05,7.05,7.05,7.05,7100,0
2015-02-20,20:05:00,7.05,7.06,7.05,7.06,25500,0
2015-02-20,20:15:00,7.07,7.08,7.07,7.07,6848,0
2015-02-20,20:25:00,7.08,7.08,7.08,7.08,260,0
2015-02-20,20:30:00,7.08,7.08,7.08,7.08,800,0
2015-02-20,20:40:00,7.07,7.09,7.07,7.08,8745,0
2015-02-20,20:45:00,7.09,7.09,7.09,7.09,950,0
2015-02-20,20:50:00,7.08,7.08,7.08,7.08,2500,0
2015-02-20,20:55:00,7.09,7.09,7.08,7.08,1555,0
2015-02-20,21:00:00,7.09,7.09,7.09,7.09,1800,0
2015-02-20,21:05:00,7.09,7.1,7.09,7.1,3529,0
2015-02-20,21:10:00,7.09,7.09,7.08,7.09,12400,0
2015-02-20,21:20:00,7.08,7.08,7.06,7.06,7500,0
2015-02-20,21:25:00,7.07,7.07,7.06,7.06,2500,0
2015-02-20,21:30:00,7.07,7.09,7.06,7.06,20233,0
2015-02-20,21:35:00,7.06,7.08,7.05,7.07,12229,0
2015-02-20,21:40:00,7.07,7.07,7.06,7.07,3400,0
2015-02-20,21:45:00,7.06,7.07,7.06,7.07,2600,0
2015-02-20,21:50:00,7.07,7.08,7.07,7.08,1600,0
2015-02-20,21:55:00,7.08,7.09,7.07,7.09,5162,0
2015-02-20,22:00:00,7.09,7.1,7.08,7.1,15171,0
2015-02-23,15:35:00,7.07,7.07,7.07,7.07,1627,0
2015-02-23,15:40:00,7.07,7.08,7.07,7.08,4507,0
2015-02-23,15:45:00,7.08,7.08,7.07,7.07,3428,0
2015-02-23,15:50:00,7.07,7.08,7.07,7.08,2812,0
2015-02-23,15:55:00,7.08,7.08,7.07,7.07,13166,0
2015-02-23,16:00:00,7.07,7.1,7.07,7.09,20708,0
2015-02-23,16:05:00,7.09,7.1,7.09,7.1,3900,0
2015-02-23,16:10:00,7.1,7.11,7.09,7.1,31339,0
2015-02-23,16:20:00,7.1,7.11,7.1,7.11,3215,0
2015-02-23,16:25:00,7.1,7.1,7.1,7.1,1004,0
2015-02-23,16:30:00,7.09,7.09,7.09,7.09,1275,0
2015-02-23,16:35:00,7.1,7.1,7.1,7.1,500,0
2015-02-23,16:40:00,7.11,7.11,7.11,7.11,526,0
2015-02-23,16:45:00,7.11,7.11,7.1,7.1,6197,0
2015-02-23,16:50:00,7.11,7.11,7.11,7.11,300,0
2015-02-23,16:55:00,7.1,7.1,7.1,7.1,696,0
2015-02-23,17:00:00,7.09,7.1,7.09,7.1,20948,0
2015-02-23,17:05:00,7.1,7.1,7.1,7.1,4000,0
2015-02-23,17:15:00,7.09,7.09,7.09,7.09,6915,0
2015-02-23,17:20:00,7.1,7.11,7.1,7.11,5575,0
2015-02-23,17:25:00,7.1,7.11,7.1,7.1,11163,0
2015-02-23,17:35:00,7.11,7.11,7.1,7.11,5233,0
2015-02-23,17:40:00,7.11,7.11,7.11,7.11,1875,0
2015-02-23,17:45:00,7.1,7.1,7.1,7.1,200,0
2015-02-23,18:00:00,7.11,7.11,7.1,7.1,3800,0
2015-02-23,18:05:00,7.11,7.11,7.11,7.11,1300,0
2015-02-23,18:10:00,7.1,7.11,7.1,7.11,2120,0
2015-02-23,18:15:00,7.1,7.11,7.1,7.11,2300,0
2015-02-23,18:20:00,7.11,7.11,7.11,7.11,1000,0
2015-02-23,18:25:00,7.11,7.11,7.11,7.11,1000,0
2015-02-23,18:30:00,7.11,7.11,7.11,7.11,1000,0
2015-02-23,18:35:00,7.11,7.11,7.1,7.11,3400,0
2015-02-23,18:40:00,7.11,7.11,7.1,7.11,2519,0
2015-02-23,18:45:00,7.11,7.12,7.1,7.11,2350,0
2015-02-23,18:50:00,7.11,7.11,7.11,7.11,600,0
2015-02-23,18:55:00,7.11,7.11,7.1,7.1,2000,0
2015-02-23,19:00:00,7.11,7.12,7.11,7.12,700,0
2015-02-23,19:05:00,7.12,7.12,7.12,7.12,500,0
2015-02-23,19:10:00,7.12,7.12,7.11,7.12,1800,0
2015-02-23,19:15:00,7.12,7.12,7.12,7.12,1100,0
2015-02-23,19:20:00,7.12,7.12,7.12,7.12,3300,0
2015-02-23,19:25:00,7.12,7.13,7.12,7.13,4600,0
2015-02-23,19:30:00,7.13,7.13,7.13,7.13,2300,0
2015-02-23,19:35:00,7.13,7.13,7.12,7.13,3503,0
2015-02-23,19:40:00,7.13,7.13,7.12,7.13,5959,0
2015-02-23,19:45:00,7.13,7.13,7.12,7.13,3962,0
2015-02-23,19:50:00,7.13,7.14,7.13,7.13,8600,0
2015-02-23,19:55:00,7.12,7.13,7.12,7.13,1950,0
2015-02-23,20:00:00,7.13,7.13,7.12,7.13,2033,0
2015-02-23,20:05:00,7.13,7.13,7.13,7.13,1576,0
2015-02-23,20:10:00,7.13,7.13,7.13,7.13,5200,0
2015-02-23,20:15:00,7.12,7.13,7.12,7.12,15033,0
2015-02-23,20:20:00,7.13,7.13,7.12,7.12,5313,0
2015-02-23,20:25:00,7.13,7.13,7.13,7.13,3397,0
2015-02-23,20:30:00,7.13,7.13,7.13,7.13,725,0
2015-02-23,20:35:00,7.13,7.13,7.12,7.13,12062,0
2015-02-23,20:40:00,7.12,7.12,7.12,7.12,1255,0
2015-02-23,20:45:00,7.13,7.15,7.13,7.14,39316,0
2015-02-23,20:50:00,7.15,7.15,7.14,7.14,6780,0
2015-02-23,20:55:00,7.14,7.14,7.14,7.14,7426,0
2015-02-23,21:00:00,7.14,7.14,7.14,7.14,1000,0
2015-02-23,21:10:00,7.14,7.14,7.13,7.13,8308,0
2015-02-23,21:15:00,7.13,7.15,7.13,7.15,9946,0
2015-02-23,21:20:00,7.15,7.15,7.14,7.15,1813,0
2015-02-23,21:25:00,7.15,7.15,7.14,7.15,12426,0
2015-02-23,21:30:00,7.14,7.15,7.14,7.15,12982,0
2015-02-23,21:35:00,7.15,7.15,7.15,7.15,3300,0
2015-02-23,21:40:00,7.15,7.16,7.15,7.16,17137,0
2015-02-23,21:45:00,7.16,7.17,7.16,7.16,23004,0
2015-02-23,21:50:00,7.16,7.17,7.16,7.17,4700,0
2015-02-23,21:55:00,7.17,7.17,7.16,7.17,8804,0
2015-02-23,22:00:00,7.17,7.18,7.16,7.16,12785,0
