Date,Time,Open,High,Low,Close,Volume,OpenInt
2014-12-04,19:05:00,24.50,24.50,24.50,24.50,102,0
2014-12-04,19:35:00,24.481,24.481,24.481,24.481,102,0
2014-12-04,19:55:00,24.481,24.481,24.481,24.481,102,0
2014-12-04,20:05:00,24.501,24.501,24.501,24.501,102,0
2014-12-04,20:10:00,24.481,24.481,24.481,24.481,204,0
2014-12-04,20:15:00,24.491,24.491,24.491,24.491,102,0
2014-12-04,20:30:00,24.53,24.53,24.53,24.53,356,0
2014-12-04,20:35:00,24.481,24.491,24.481,24.481,3497,0
2014-12-04,20:40:00,24.481,24.481,24.481,24.481,102,0
2014-12-04,20:45:00,24.481,24.481,24.442,24.442,612,0
2014-12-04,20:50:00,24.452,24.452,24.422,24.422,1842,0
2014-12-04,20:55:00,24.442,24.452,24.442,24.452,714,0
2014-12-04,21:05:00,24.461,24.461,24.461,24.461,1122,0
2014-12-04,21:10:00,24.461,24.491,24.461,24.461,4752,0
2014-12-04,21:15:00,24.461,24.471,24.461,24.471,2758,0
2014-12-04,21:20:00,24.471,24.471,24.471,24.471,816,0
2014-12-04,21:25:00,24.471,24.471,24.461,24.471,2268,0
2014-12-04,21:30:00,24.471,24.471,24.471,24.471,1766,0
2014-12-04,21:40:00,24.471,24.471,24.471,24.471,204,0
2014-12-04,21:45:00,24.471,24.471,24.471,24.471,204,0
2014-12-04,21:50:00,24.471,24.471,24.471,24.471,204,0
2014-12-04,21:55:00,24.471,24.471,24.471,24.471,510,0
2014-12-04,22:00:00,24.471,24.471,24.412,24.471,1247,0
2014-12-05,15:35:00,24.432,24.432,24.432,24.432,306,0
2014-12-05,15:45:00,24.432,24.432,24.432,24.432,713,0
2014-12-05,15:50:00,24.471,24.471,24.471,24.471,306,0
2014-12-05,16:05:00,24.432,24.432,24.432,24.432,178,0
2014-12-05,16:40:00,24.452,24.452,24.452,24.452,102,0
2014-12-05,18:00:00,24.452,24.471,24.452,24.471,1326,0
2014-12-05,18:25:00,24.481,24.481,24.481,24.481,1732,0
2014-12-05,18:40:00,24.452,24.452,24.452,24.452,1019,0
2014-12-05,18:45:00,24.491,24.491,24.491,24.491,408,0
2014-12-05,18:55:00,24.501,24.501,24.501,24.501,408,0
2014-12-05,19:15:00,24.501,24.501,24.501,24.501,204,0
2014-12-05,19:40:00,24.461,24.461,24.461,24.461,161,0
2014-12-05,19:45:00,24.452,24.452,24.452,24.452,306,0
2014-12-05,19:50:00,24.452,24.452,24.452,24.452,102,0
2014-12-05,20:00:00,24.481,24.481,24.481,24.481,510,0
2014-12-05,20:05:00,24.481,24.481,24.481,24.481,1530,0
2014-12-05,20:10:00,24.481,24.481,24.481,24.481,1122,0
2014-12-05,20:15:00,24.481,24.491,24.481,24.491,3699,0
2014-12-05,20:25:00,24.452,24.452,24.452,24.452,3057,0
2014-12-05,20:30:00,24.452,24.452,24.452,24.452,1019,0
2014-12-05,20:45:00,24.481,24.501,24.481,24.501,878,0
2014-12-05,20:50:00,24.461,24.481,24.452,24.471,1770,0
2014-12-05,21:10:00,24.501,24.501,24.501,24.501,815,0
2014-12-05,21:15:00,24.501,24.501,24.501,24.501,139,0
2014-12-05,21:30:00,24.501,24.501,24.501,24.501,713,0
2014-12-05,21:40:00,24.501,24.501,24.501,24.501,5096,0
2014-12-05,21:50:00,24.501,24.501,24.501,24.501,102,0
2014-12-05,21:55:00,24.491,24.628,24.481,24.481,9479,0
2014-12-08,16:10:00,24.481,24.481,24.481,24.481,204,0
2014-12-08,16:35:00,24.51,24.52,24.51,24.52,204,0
2014-12-08,16:45:00,24.51,24.53,24.51,24.53,1020,0
2014-12-08,17:05:00,24.51,24.51,24.501,24.501,510,0
2014-12-08,17:10:00,24.501,24.51,24.481,24.51,2140,0
2014-12-08,17:35:00,24.52,24.52,24.52,24.52,1222,0
2014-12-08,18:40:00,24.491,24.491,24.491,24.491,1020,0
2014-12-08,19:00:00,24.442,24.442,24.442,24.442,254,0
2014-12-08,19:15:00,24.51,24.51,24.501,24.501,1589,0
2014-12-08,20:25:00,24.452,24.452,24.452,24.452,815,0
2014-12-08,20:40:00,24.452,24.452,24.452,24.452,204,0
2014-12-08,21:00:00,24.51,24.51,24.51,24.51,408,0
2014-12-08,21:05:00,24.501,24.501,24.481,24.481,510,0
2014-12-08,21:15:00,24.481,24.481,24.481,24.481,510,0
2014-12-08,21:25:00,24.51,24.51,24.481,24.51,961,0
2014-12-08,21:30:00,24.51,24.51,24.51,24.51,1834,0
2014-12-08,21:35:00,24.491,24.51,24.481,24.481,2346,0
2014-12-08,21:40:00,24.481,24.481,24.481,24.481,2009,0
2014-12-08,22:00:00,24.51,24.51,24.51,24.51,714,0
2014-12-09,16:55:00,24.501,24.51,24.501,24.51,2140,0
2014-12-09,17:00:00,24.51,24.51,24.51,24.51,204,0
2014-12-09,17:05:00,24.51,24.51,24.51,24.51,3314,0
2014-12-09,17:30:00,24.52,24.52,24.51,24.52,1946,0
2014-12-09,17:35:00,24.52,24.52,24.51,24.51,1978,0
2014-12-09,17:40:00,24.52,24.52,24.52,24.52,204,0
2014-12-09,17:55:00,24.52,24.52,24.52,24.52,765,0
2014-12-09,18:00:00,24.52,24.52,24.52,24.52,102,0
2014-12-09,18:20:00,24.52,24.52,24.52,24.52,102,0
2014-12-09,18:30:00,24.51,24.52,24.51,24.52,1427,0
2014-12-09,18:50:00,24.52,24.52,24.52,24.52,1720,0
2014-12-09,18:55:00,24.51,24.52,24.51,24.52,5708,0
2014-12-09,19:00:00,24.52,24.52,24.52,24.52,922,0
2014-12-09,19:05:00,24.51,24.51,24.501,24.51,5452,0
2014-12-09,19:55:00,24.51,24.51,24.501,24.501,2344,0
2014-12-09,20:00:00,24.51,24.51,24.51,24.51,204,0
2014-12-09,20:15:00,24.51,24.51,24.501,24.501,866,0
2014-12-09,20:25:00,24.52,24.52,24.51,24.52,4180,0
2014-12-09,20:35:00,24.52,24.52,24.52,24.52,714,0
2014-12-09,20:40:00,24.52,24.52,24.51,24.51,603,0
2014-12-09,20:50:00,24.51,24.51,24.51,24.51,210,0
2014-12-09,21:10:00,24.52,24.52,24.51,24.51,1020,0
2014-12-09,22:00:00,24.52,24.52,24.52,24.52,1834,0
2014-12-10,16:00:00,24.481,24.52,24.481,24.52,2548,0
2014-12-10,16:20:00,24.52,24.52,24.52,24.52,358,0
2014-12-10,16:25:00,24.52,24.569,24.52,24.569,2569,0
2014-12-10,16:30:00,24.589,24.589,24.589,24.589,1192,0
2014-12-10,17:10:00,24.53,24.569,24.53,24.53,1626,0
2014-12-10,17:25:00,24.53,24.53,24.53,24.53,302,0
2014-12-10,17:35:00,24.53,24.53,24.53,24.53,204,0
2014-12-10,17:40:00,24.53,24.53,24.52,24.52,978,0
2014-12-10,17:45:00,24.491,24.491,24.491,24.491,510,0
2014-12-10,18:05:00,24.53,24.53,24.53,24.53,408,0
2014-12-10,18:20:00,24.53,24.53,24.53,24.53,3027,0
2014-12-10,18:30:00,24.51,24.51,24.491,24.501,8942,0
2014-12-10,18:40:00,24.56,24.569,24.54,24.569,16001,0
2014-12-10,18:55:00,24.51,24.51,24.501,24.501,3773,0
2014-12-10,19:25:00,24.569,24.599,24.56,24.599,3059,0
2014-12-10,20:35:00,24.569,24.569,24.569,24.569,2038,0
2014-12-10,20:55:00,24.55,24.55,24.54,24.54,510,0
2014-12-10,21:00:00,24.569,24.569,24.569,24.569,306,0
2014-12-10,21:10:00,24.55,24.55,24.55,24.55,102,0
2014-12-10,22:00:00,24.54,24.54,24.54,24.54,408,0
2014-12-11,16:20:00,24.471,24.471,24.461,24.461,4775,0
2014-12-11,16:40:00,24.481,24.491,24.471,24.491,4063,0
2014-12-11,16:50:00,24.52,24.52,24.52,24.52,204,0
2014-12-11,16:55:00,24.52,24.52,24.52,24.52,3059,0
2014-12-11,17:00:00,24.52,24.52,24.52,24.52,4893,0
2014-12-11,17:05:00,24.53,24.53,24.491,24.51,4730,0
2014-12-11,17:15:00,24.52,24.53,24.52,24.53,2242,0
2014-12-11,17:20:00,24.53,24.53,24.53,24.53,3954,0
2014-12-11,18:00:00,24.54,24.54,24.54,24.54,510,0
2014-12-11,18:55:00,24.569,24.569,24.569,24.569,102,0
2014-12-11,19:10:00,24.569,24.569,24.54,24.569,1893,0
2014-12-11,19:45:00,24.569,24.569,24.569,24.569,4077,0
2014-12-11,21:20:00,24.55,24.55,24.55,24.55,204,0
2014-12-11,21:25:00,24.55,24.55,24.55,24.55,470,0
2014-12-11,21:45:00,24.54,24.54,24.54,24.54,204,0
2014-12-11,21:55:00,24.55,24.55,24.55,24.55,1223,0
2014-12-11,22:00:00,24.55,24.55,24.55,24.55,202,0
2014-12-12,15:35:00,24.452,24.452,24.452,24.452,178,0
2014-12-12,15:55:00,24.54,24.54,24.54,24.54,306,0
2014-12-12,16:05:00,24.53,24.53,24.52,24.52,1447,0
2014-12-12,16:45:00,24.53,24.53,24.52,24.53,1836,0
2014-12-12,17:20:00,24.491,24.53,24.491,24.53,2793,0
2014-12-12,18:00:00,24.52,24.54,24.52,24.54,1529,0
2014-12-12,18:40:00,24.55,24.55,24.55,24.55,204,0
2014-12-12,18:50:00,24.55,24.55,24.55,24.55,2956,0
2014-12-12,18:55:00,24.55,24.55,24.55,24.55,102,0
2014-12-12,19:10:00,24.55,24.55,24.55,24.55,510,0
2014-12-12,19:45:00,24.55,24.55,24.54,24.55,2650,0
2014-12-12,19:50:00,24.55,24.55,24.55,24.55,204,0
2014-12-12,20:15:00,24.54,24.54,24.54,24.54,102,0
2014-12-12,20:50:00,24.54,24.54,24.54,24.54,713,0
2014-12-12,20:55:00,24.569,24.569,24.569,24.569,306,0
2014-12-12,21:35:00,24.569,24.569,24.569,24.569,408,0
2014-12-12,21:40:00,24.54,24.569,24.54,24.54,510,0
2014-12-12,22:00:00,24.569,24.569,24.569,24.569,204,0
2014-12-15,15:35:00,24.52,24.52,24.52,24.52,816,0
2014-12-15,17:30:00,24.53,24.53,24.53,24.53,306,0
2014-12-15,18:05:00,24.51,24.51,24.51,24.51,9171,0
2014-12-15,18:10:00,24.53,24.53,24.53,24.53,408,0
2014-12-15,18:15:00,24.53,24.54,24.51,24.51,6117,0
2014-12-15,18:30:00,24.51,24.51,24.51,24.51,204,0
2014-12-15,18:35:00,24.51,24.51,24.51,24.51,918,0
2014-12-15,18:40:00,24.51,24.51,24.51,24.51,102,0
2014-12-15,19:00:00,24.52,24.52,24.52,24.52,204,0
2014-12-15,19:05:00,24.52,24.52,24.52,24.52,102,0
2014-12-15,19:15:00,24.52,24.52,24.52,24.52,204,0
2014-12-15,19:20:00,24.52,24.52,24.52,24.52,2751,0
2014-12-15,20:20:00,24.52,24.52,24.52,24.52,1019,0
2014-12-15,20:45:00,24.53,24.53,24.53,24.53,306,0
2014-12-15,20:55:00,24.53,24.54,24.53,24.54,408,0
2014-12-15,21:45:00,24.54,24.55,24.54,24.55,917,0
2014-12-15,21:55:00,24.55,24.55,24.55,24.55,204,0
2014-12-15,22:00:00,24.53,24.53,24.53,24.53,1019,0
2014-12-16,15:35:00,24.53,24.53,24.53,24.53,102,0
2014-12-16,16:05:00,24.53,24.53,24.53,24.53,591,0
2014-12-16,16:10:00,24.53,24.53,24.53,24.53,1019,0
2014-12-16,16:20:00,24.53,24.53,24.53,24.53,204,0
2014-12-16,16:30:00,24.53,24.53,24.53,24.53,102,0
2014-12-16,16:40:00,24.501,24.501,24.334,24.501,4995,0
2014-12-16,16:50:00,24.501,24.501,24.501,24.501,102,0
2014-12-16,17:00:00,24.52,24.52,24.52,24.52,1020,0
2014-12-16,17:20:00,24.51,24.51,24.491,24.501,4997,0
2014-12-16,17:35:00,24.51,24.51,24.51,24.51,1632,0
2014-12-16,18:05:00,24.51,24.51,24.51,24.51,102,0
2014-12-16,18:15:00,24.452,24.452,24.452,24.452,102,0
2014-12-16,18:20:00,24.501,24.501,24.501,24.501,1020,0
2014-12-16,18:35:00,24.461,24.491,24.461,24.491,3263,0
2014-12-16,18:40:00,24.51,24.51,24.501,24.501,510,0
2014-12-16,18:45:00,24.501,24.501,24.501,24.501,1224,0
2014-12-16,18:55:00,24.51,24.51,24.51,24.51,102,0
2014-12-16,19:00:00,24.501,24.501,24.501,24.501,1019,0
2014-12-16,19:10:00,24.501,24.501,24.501,24.501,102,0
2014-12-16,19:25:00,24.491,24.491,24.491,24.491,102,0
2014-12-16,19:35:00,24.471,24.501,24.471,24.501,1172,0
2014-12-16,19:40:00,24.491,24.491,24.491,24.491,102,0
2014-12-16,19:50:00,24.491,24.491,24.491,24.491,204,0
2014-12-16,19:55:00,24.481,24.481,24.481,24.481,102,0
2014-12-16,20:05:00,24.491,24.491,24.491,24.491,204,0
2014-12-16,20:20:00,24.481,24.481,24.481,24.481,408,0
2014-12-16,20:25:00,24.471,24.471,24.471,24.471,204,0
2014-12-16,20:30:00,24.471,24.471,24.471,24.471,102,0
2014-12-16,20:35:00,24.481,24.481,24.461,24.461,504,0
2014-12-16,20:45:00,24.461,24.461,24.461,24.461,408,0
2014-12-16,20:50:00,24.461,24.461,24.461,24.461,102,0
2014-12-16,21:05:00,24.461,24.461,24.461,24.461,102,0
2014-12-16,21:10:00,24.442,24.442,24.442,24.442,102,0
2014-12-16,21:15:00,24.461,24.491,24.461,24.491,1501,0
2014-12-16,21:20:00,24.491,24.491,24.481,24.481,306,0
2014-12-16,21:25:00,24.491,24.51,24.491,24.491,4786,0
2014-12-16,21:30:00,24.51,24.51,24.422,24.501,1834,0
2014-12-16,21:35:00,24.501,24.501,24.501,24.501,102,0
2014-12-16,21:40:00,24.501,24.501,24.501,24.501,102,0
2014-12-16,21:45:00,24.501,24.501,24.501,24.501,204,0
2014-12-16,21:50:00,24.501,24.501,24.501,24.501,204,0
2014-12-16,21:55:00,24.501,24.501,24.501,24.501,102,0
2014-12-16,22:00:00,24.501,24.51,24.501,24.51,918,0
2014-12-17,15:40:00,24.481,24.53,24.481,24.491,1999,0
2014-12-17,15:50:00,24.481,24.481,24.481,24.481,102,0
2014-12-17,15:55:00,24.481,24.53,24.481,24.481,2985,0
2014-12-17,16:15:00,24.461,24.471,24.461,24.471,4178,0
2014-12-17,16:20:00,24.383,24.383,24.383,24.383,1224,0
2014-12-17,16:25:00,24.383,24.383,24.383,24.383,1205,0
2014-12-17,16:55:00,24.471,24.471,24.471,24.471,204,0
2014-12-17,17:00:00,24.471,24.471,24.471,24.471,204,0
2014-12-17,17:05:00,24.461,24.461,24.452,24.452,204,0
2014-12-17,17:10:00,24.52,24.52,24.52,24.52,204,0
2014-12-17,17:20:00,24.491,24.491,24.491,24.491,204,0
2014-12-17,17:30:00,24.481,24.481,24.481,24.481,204,0
2014-12-17,17:35:00,24.501,24.501,24.501,24.501,102,0
2014-12-17,17:45:00,24.52,24.52,24.52,24.52,102,0
2014-12-17,17:50:00,24.481,24.53,24.471,24.53,3496,0
2014-12-17,17:55:00,24.481,24.51,24.481,24.501,2523,0
2014-12-17,18:15:00,24.52,24.52,24.52,24.52,102,0
2014-12-17,18:25:00,24.52,24.52,24.52,24.52,102,0
2014-12-17,18:40:00,24.481,24.481,24.481,24.481,306,0
2014-12-17,18:50:00,24.52,24.52,24.481,24.481,204,0
2014-12-17,18:55:00,24.481,24.481,24.481,24.481,408,0
2014-12-17,19:00:00,24.52,24.52,24.52,24.52,102,0
2014-12-17,19:10:00,24.52,24.52,24.52,24.52,102,0
2014-12-17,19:20:00,24.52,24.52,24.52,24.52,102,0
2014-12-17,19:25:00,24.52,24.52,24.52,24.52,102,0
2014-12-17,19:35:00,24.471,24.471,24.471,24.471,815,0
2014-12-17,20:00:00,24.442,24.442,24.442,24.442,102,0
2014-12-17,20:05:00,24.481,24.481,24.383,24.481,8067,0
2014-12-17,20:15:00,24.481,24.53,24.481,24.501,15166,0
2014-12-17,20:25:00,24.461,24.501,24.442,24.461,5856,0
2014-12-17,21:00:00,24.501,24.501,24.501,24.501,204,0
2014-12-17,21:20:00,24.501,24.501,24.501,24.501,816,0
2014-12-17,21:30:00,24.501,24.501,24.501,24.501,3805,0
2014-12-17,21:35:00,24.501,24.501,24.501,24.501,843,0
2014-12-17,21:45:00,24.501,24.51,24.501,24.51,5097,0
2014-12-17,22:00:00,24.501,24.501,24.501,24.501,204,0
2014-12-18,15:35:00,24.471,24.501,24.471,24.501,221,0
2014-12-18,15:45:00,24.491,24.491,24.491,24.491,485,0
2014-12-18,15:55:00,24.491,24.491,24.491,24.491,204,0
2014-12-18,16:15:00,24.501,24.501,24.501,24.501,611,0
2014-12-18,16:20:00,24.481,24.491,24.452,24.491,2126,0
2014-12-18,16:25:00,24.442,24.442,24.442,24.442,578,0
2014-12-18,16:40:00,24.442,24.442,24.442,24.442,1020,0
2014-12-18,16:45:00,24.442,24.442,24.442,24.442,489,0
2014-12-18,16:50:00,24.442,24.442,24.442,24.442,4056,0
2014-12-18,17:10:00,24.471,24.471,24.471,24.471,1530,0
2014-12-18,17:40:00,24.471,24.471,24.471,24.471,1223,0
2014-12-18,18:00:00,24.471,24.471,24.471,24.471,306,0
2014-12-18,18:15:00,24.461,24.461,24.461,24.461,306,0
2014-12-18,18:25:00,24.452,24.452,24.452,24.452,510,0
2014-12-18,18:55:00,24.432,24.432,24.432,24.432,2447,0
2014-12-18,19:05:00,24.432,24.432,24.432,24.432,1138,0
2014-12-18,19:15:00,24.403,24.403,24.403,24.403,306,0
2014-12-18,19:40:00,24.442,24.452,24.442,24.452,5423,0
2014-12-18,20:10:00,24.393,24.422,24.393,24.422,4485,0
2014-12-18,21:00:00,24.422,24.452,24.412,24.452,5199,0
2014-12-18,21:05:00,24.442,24.442,24.432,24.432,887,0
2014-12-18,21:15:00,24.461,24.461,24.452,24.452,1223,0
2014-12-18,21:45:00,24.432,24.432,24.432,24.432,549,0
2014-12-18,21:50:00,24.452,24.471,24.452,24.471,1936,0
2014-12-18,22:00:00,24.481,24.481,24.481,24.481,816,0
2014-12-19,15:50:00,24.461,24.461,24.461,24.461,102,0
2014-12-19,15:55:00,24.461,24.461,24.461,24.461,102,0
2014-12-19,16:45:00,24.461,24.461,24.461,24.461,269,0
2014-12-19,16:55:00,24.461,24.461,24.461,24.461,612,0
2014-12-19,17:10:00,24.461,24.461,24.452,24.452,816,0
2014-12-19,18:20:00,24.461,24.461,24.461,24.461,1635,0
2014-12-19,19:25:00,24.461,24.461,24.461,24.461,7140,0
2014-12-19,21:45:00,24.422,24.422,24.422,24.422,765,0
2014-12-22,15:55:00,24.481,24.481,24.481,24.481,815,0
2014-12-22,16:10:00,24.481,24.481,24.481,24.481,102,0
2014-12-22,16:20:00,24.481,24.481,24.481,24.481,6624,0
2014-12-22,17:00:00,24.51,24.51,24.51,24.51,204,0
2014-12-22,17:05:00,24.51,24.51,24.51,24.51,204,0
2014-12-22,17:45:00,24.51,24.51,24.51,24.51,1956,0
2014-12-22,18:00:00,24.452,24.461,24.452,24.461,857,0
2014-12-22,19:45:00,24.442,24.442,24.442,24.442,408,0
2014-12-22,20:55:00,24.442,24.442,24.442,24.442,1019,0
2014-12-22,21:00:00,24.452,24.481,24.452,24.481,510,0
2014-12-22,21:20:00,24.442,24.452,24.442,24.452,1734,0
2014-12-22,22:00:00,24.461,24.461,24.442,24.442,510,0
2014-12-23,15:35:00,24.491,24.491,24.491,24.491,734,0
2014-12-23,16:15:00,24.471,24.471,24.461,24.461,510,0
2014-12-23,16:35:00,24.471,24.471,24.461,24.461,510,0
2014-12-23,16:40:00,24.471,24.471,24.471,24.471,3228,0
2014-12-23,18:30:00,24.452,24.452,24.452,24.452,942,0
2014-12-23,18:40:00,24.491,24.491,24.471,24.471,612,0
2014-12-23,19:35:00,24.471,24.471,24.471,24.471,1224,0
2014-12-23,20:30:00,24.471,24.471,24.471,24.471,204,0
2014-12-23,20:35:00,24.471,24.471,24.471,24.471,448,0
2014-12-23,20:50:00,24.471,24.471,24.471,24.471,204,0
2014-12-23,21:00:00,24.471,24.471,24.471,24.471,1426,0
2014-12-23,21:15:00,24.471,24.471,24.471,24.471,408,0
2014-12-23,21:20:00,24.481,24.481,24.481,24.481,102,0
2014-12-23,21:25:00,24.471,24.471,24.471,24.471,102,0
2014-12-23,21:30:00,24.471,24.481,24.471,24.471,2039,0
2014-12-23,21:40:00,24.52,24.52,24.52,24.52,6114,0
2014-12-24,15:35:00,24.491,24.491,24.481,24.481,953,0
2014-12-24,16:35:00,24.52,24.52,24.52,24.52,1019,0
2014-12-24,16:55:00,24.471,24.481,24.471,24.481,816,0
2014-12-24,17:00:00,24.471,24.471,24.471,24.471,611,0
2014-12-24,17:05:00,24.471,24.471,24.471,24.471,510,0
2014-12-24,17:35:00,24.461,24.461,24.452,24.452,1020,0
2014-12-24,17:55:00,24.471,24.471,24.471,24.471,448,0
2014-12-24,18:20:00,24.471,24.471,24.471,24.471,16346,0
2014-12-24,18:35:00,24.471,24.481,24.471,24.481,1632,0
2014-12-26,15:45:00,24.481,24.481,24.471,24.471,1020,0
2014-12-26,16:00:00,24.481,24.481,24.481,24.481,179,0
2014-12-26,16:15:00,24.481,24.481,24.481,24.481,102,0
2014-12-26,16:20:00,24.481,24.481,24.481,24.481,510,0
2014-12-26,16:35:00,24.481,24.481,24.471,24.481,4283,0
2014-12-26,17:10:00,24.471,24.471,24.471,24.471,204,0
2014-12-26,17:30:00,24.481,24.481,24.481,24.481,3363,0
2014-12-26,18:00:00,24.481,24.481,24.481,24.481,102,0
2014-12-26,18:15:00,24.481,24.481,24.471,24.471,1121,0
2014-12-26,18:25:00,24.471,24.471,24.471,24.471,102,0
2014-12-26,18:35:00,24.471,24.471,24.471,24.471,102,0
2014-12-26,19:00:00,24.481,24.481,24.471,24.471,510,0
2014-12-26,19:15:00,24.481,24.481,24.481,24.481,102,0
2014-12-26,19:20:00,24.481,24.481,24.481,24.481,443,0
2014-12-26,19:25:00,24.471,24.471,24.471,24.471,3160,0
2014-12-26,19:45:00,24.471,24.481,24.471,24.481,408,0
2014-12-26,20:10:00,24.481,24.481,24.481,24.481,510,0
2014-12-26,20:20:00,24.481,24.481,24.481,24.481,510,0
2014-12-26,20:45:00,24.471,24.481,24.471,24.481,612,0
2014-12-26,21:15:00,24.481,24.481,24.481,24.481,354,0
2014-12-26,21:30:00,24.471,24.471,24.471,24.471,102,0
2014-12-26,21:45:00,24.471,24.471,24.471,24.471,204,0
2014-12-26,22:00:00,24.471,24.471,24.471,24.471,428,0
2014-12-29,15:35:00,24.82,24.82,24.78,24.78,4460,0
2014-12-29,15:40:00,24.78,24.78,24.78,24.78,11400,0
2014-12-29,15:45:00,24.8,24.8,24.78,24.78,4100,0
2014-12-29,15:50:00,24.78,24.78,24.78,24.78,100,0
2014-12-29,15:55:00,24.78,24.78,24.78,24.78,1400,0
2014-12-29,16:00:00,24.8,24.8,24.78,24.8,4100,0
2014-12-29,16:05:00,24.78,24.78,24.78,24.78,2000,0
2014-12-29,16:20:00,24.8,24.8,24.8,24.8,800,0
2014-12-29,16:25:00,24.78,24.78,24.78,24.78,3400,0
2014-12-29,16:50:00,24.8,24.8,24.8,24.8,900,0
2014-12-29,17:00:00,24.78,24.78,24.78,24.78,600,0
2014-12-29,17:25:00,24.8,24.8,24.8,24.8,500,0
2014-12-29,17:30:00,24.8,24.8,24.78,24.78,6808,0
2014-12-29,17:45:00,24.79,24.79,24.79,24.79,225,0
2014-12-29,18:00:00,24.72,24.72,24.72,24.72,200,0
2014-12-29,18:20:00,24.72,24.72,24.72,24.72,100,0
2014-12-29,19:00:00,24.72,24.72,24.72,24.72,300,0
2014-12-29,19:05:00,24.78,24.78,24.76,24.76,271,0
2014-12-29,19:55:00,24.76,24.77,24.72,24.72,9500,0
2014-12-29,21:10:00,24.75,24.75,24.75,24.75,500,0
2014-12-29,21:35:00,24.75,24.75,24.75,24.75,100,0
2014-12-29,21:40:00,24.77,24.77,24.77,24.77,300,0
2014-12-29,21:45:00,24.77,24.77,24.77,24.77,900,0
2014-12-29,21:50:00,24.77,24.77,24.77,24.77,200,0
2014-12-29,21:55:00,24.78,24.78,24.78,24.78,900,0
2014-12-29,22:00:00,24.78,24.78,24.78,24.78,1000,0
2014-12-30,15:40:00,24.76,24.77,24.76,24.77,300,0
2014-12-30,15:45:00,24.77,24.77,24.77,24.77,500,0
2014-12-30,15:55:00,24.76,24.76,24.76,24.76,100,0
2014-12-30,16:10:00,24.74,24.74,24.74,24.74,404,0
2014-12-30,16:50:00,24.76,24.76,24.76,24.76,545,0
2014-12-30,17:15:00,24.77,24.78,24.77,24.78,1000,0
2014-12-30,17:45:00,24.78,24.78,24.78,24.78,100,0
2014-12-30,17:50:00,24.78,24.78,24.78,24.78,500,0
2014-12-30,18:05:00,24.78,24.78,24.78,24.78,600,0
2014-12-30,18:10:00,24.78,24.78,24.78,24.78,100,0
2014-12-30,18:15:00,24.78,24.78,24.77,24.77,1100,0
2014-12-30,18:20:00,24.77,24.78,24.77,24.78,800,0
2014-12-30,19:15:00,24.78,24.78,24.78,24.78,500,0
2014-12-30,19:20:00,24.78,24.78,24.78,24.78,4429,0
2014-12-30,19:30:00,24.77,24.77,24.77,24.77,400,0
2014-12-30,19:45:00,24.78,24.78,24.78,24.78,800,0
2014-12-30,20:30:00,24.78,24.78,24.78,24.78,1600,0
2014-12-30,21:05:00,24.76,24.76,24.76,24.76,6500,0
2014-12-30,21:30:00,24.76,24.77,24.76,24.77,900,0
2014-12-30,21:40:00,24.78,24.78,24.78,24.78,500,0
2014-12-30,21:45:00,24.77,24.77,24.76,24.76,500,0
2014-12-30,21:50:00,24.78,24.78,24.78,24.78,1000,0
2014-12-30,21:55:00,24.77,24.77,24.76,24.77,787,0
2014-12-30,22:00:00,24.75,24.75,24.75,24.75,1000,0
2014-12-31,15:35:00,24.77,24.78,24.77,24.78,1650,0
2014-12-31,17:00:00,24.85,24.85,24.85,24.85,600,0
2014-12-31,17:05:00,24.78,24.78,24.78,24.78,150,0
2014-12-31,17:25:00,24.85,24.85,24.83,24.83,1500,0
2014-12-31,17:45:00,24.84,24.84,24.84,24.84,400,0
2014-12-31,17:50:00,24.83,24.84,24.82,24.84,695,0
2014-12-31,17:55:00,24.83,24.83,24.82,24.82,200,0
2014-12-31,18:45:00,24.82,24.82,24.82,24.82,600,0
2014-12-31,19:00:00,24.82,24.82,24.82,24.82,853,0
2014-12-31,19:25:00,24.82,24.82,24.82,24.82,400,0
2014-12-31,20:25:00,24.79,24.79,24.79,24.79,174,0
2014-12-31,20:45:00,24.79,24.79,24.79,24.79,100,0
2014-12-31,21:00:00,24.79,24.82,24.79,24.82,8838,0
2014-12-31,21:35:00,24.8,24.82,24.79,24.79,1222,0
2014-12-31,21:40:00,24.82,24.82,24.81,24.82,4997,0
2014-12-31,22:00:00,24.8,24.89,24.78,24.78,19235,0
2015-01-02,15:40:00,25.0,25.0,25.0,25.0,200,0
2015-01-02,17:05:00,24.99,24.99,24.89,24.89,600,0
2015-01-02,17:35:00,24.87,24.87,24.87,24.87,250,0
2015-01-02,17:50:00,24.83,24.83,24.83,24.83,1600,0
2015-01-02,19:45:00,24.83,24.83,24.83,24.83,1650,0
2015-01-02,20:55:00,24.87,24.87,24.87,24.87,1529,0
2015-01-02,21:05:00,24.87,24.87,24.87,24.87,474,0
2015-01-02,21:10:00,24.83,24.86,24.83,24.86,2250,0
2015-01-02,21:25:00,24.84,24.84,24.84,24.84,800,0
2015-01-02,21:30:00,24.83,24.83,24.83,24.83,1287,0
2015-01-02,21:40:00,24.79,24.79,24.78,24.78,400,0
2015-01-02,21:45:00,24.78,24.78,24.78,24.78,376,0
2015-01-02,22:00:00,24.78,24.78,24.78,24.78,1024,0
2015-01-05,15:55:00,24.88,24.88,24.83,24.83,366,0
2015-01-05,16:00:00,24.88,24.88,24.88,24.88,100,0
2015-01-05,16:05:00,24.84,24.84,24.83,24.83,200,0
2015-01-05,16:10:00,24.84,24.84,24.83,24.83,200,0
2015-01-05,16:15:00,24.84,24.84,24.83,24.83,200,0
2015-01-05,16:25:00,24.84,24.84,24.83,24.83,400,0
2015-01-05,16:35:00,24.85,24.85,24.84,24.84,200,0
2015-01-05,16:40:00,24.85,24.85,24.84,24.84,200,0
2015-01-05,16:45:00,24.85,24.85,24.84,24.84,200,0
2015-01-05,16:55:00,24.85,24.85,24.84,24.84,200,0
2015-01-05,17:00:00,24.86,24.86,24.86,24.86,500,0
2015-01-05,17:15:00,24.84,24.84,24.83,24.83,200,0
2015-01-05,17:20:00,24.86,24.86,24.86,24.86,1000,0
2015-01-05,17:35:00,24.78,24.88,24.78,24.88,400,0
2015-01-05,17:40:00,24.84,24.84,24.82,24.82,500,0
2015-01-05,17:45:00,24.86,24.88,24.86,24.88,1500,0
2015-01-05,17:50:00,24.85,24.85,24.85,24.85,1400,0
2015-01-05,18:25:00,24.87,24.87,24.87,24.87,113,0
2015-01-05,18:35:00,24.87,24.87,24.87,24.87,1300,0
2015-01-05,18:55:00,24.88,24.88,24.88,24.88,100,0
2015-01-05,19:10:00,24.88,24.88,24.88,24.88,100,0
2015-01-05,19:20:00,24.86,24.86,24.85,24.85,200,0
2015-01-05,19:25:00,24.86,24.86,24.85,24.85,200,0
2015-01-05,19:30:00,24.86,24.88,24.85,24.88,400,0
2015-01-05,19:40:00,24.86,24.86,24.85,24.85,800,0
2015-01-05,19:45:00,24.88,24.88,24.86,24.86,724,0
2015-01-05,19:55:00,24.87,24.87,24.86,24.86,200,0
2015-01-05,20:05:00,24.87,24.87,24.86,24.86,200,0
2015-01-05,20:10:00,24.87,24.87,24.86,24.86,200,0
2015-01-05,20:15:00,24.87,24.87,24.86,24.86,200,0
2015-01-05,20:25:00,24.87,24.87,24.86,24.86,200,0
2015-01-05,20:30:00,24.87,24.87,24.86,24.86,200,0
2015-01-05,20:35:00,24.88,24.88,24.87,24.87,200,0
2015-01-05,20:45:00,24.88,24.88,24.86,24.87,2100,0
2015-01-05,21:00:00,24.88,24.88,24.86,24.86,461,0
2015-01-05,21:05:00,24.86,24.88,24.86,24.86,630,0
2015-01-05,21:10:00,24.88,24.88,24.86,24.86,400,0
2015-01-05,21:15:00,24.84,24.84,24.84,24.84,170,0
2015-01-05,21:20:00,24.88,24.88,24.84,24.84,300,0
2015-01-05,21:25:00,24.88,24.88,24.88,24.88,100,0
2015-01-05,21:30:00,24.88,24.88,24.88,24.88,100,0
2015-01-05,21:40:00,24.88,24.88,24.87,24.88,700,0
2015-01-05,21:45:00,24.88,24.88,24.87,24.87,400,0
2015-01-05,21:55:00,24.88,24.88,24.87,24.87,600,0
2015-01-05,22:00:00,24.86,24.88,24.86,24.86,600,0
2015-01-06,15:35:00,24.89,24.89,24.89,24.89,600,0
2015-01-06,16:55:00,24.87,24.87,24.87,24.87,1000,0
2015-01-06,17:05:00,24.87,24.89,24.87,24.87,3900,0
2015-01-06,17:20:00,24.87,24.87,24.87,24.87,1014,0
2015-01-06,17:45:00,24.87,24.87,24.87,24.87,510,0
2015-01-06,17:55:00,24.88,24.88,24.88,24.88,100,0
2015-01-06,18:00:00,24.89,24.89,24.88,24.88,900,0
2015-01-06,18:20:00,24.87,24.87,24.87,24.87,1600,0
2015-01-06,18:50:00,24.89,24.89,24.89,24.89,325,0
2015-01-06,18:55:00,24.88,24.88,24.88,24.88,10000,0
2015-01-06,19:20:00,24.89,24.89,24.87,24.87,951,0
2015-01-06,19:35:00,24.89,24.89,24.89,24.89,5000,0
2015-01-06,19:40:00,24.89,24.89,24.89,24.89,2500,0
2015-01-06,20:10:00,24.89,24.89,24.88,24.88,1400,0
2015-01-06,20:15:00,24.9,24.9,24.9,24.9,800,0
2015-01-06,20:45:00,24.85,24.85,24.85,24.85,1600,0
2015-01-06,21:25:00,24.83,24.83,24.83,24.83,150,0
2015-01-06,21:50:00,24.8,24.8,24.8,24.8,440,0
2015-01-06,21:55:00,24.86,24.86,24.86,24.86,500,0
2015-01-06,22:00:00,24.78,24.86,24.78,24.86,539,0
2015-01-07,15:40:00,24.86,24.86,24.82,24.82,300,0
2015-01-07,16:50:00,24.92,24.92,24.92,24.92,2000,0
2015-01-07,17:50:00,24.91,24.91,24.91,24.91,200,0
2015-01-07,18:05:00,24.86,24.86,24.86,24.86,500,0
2015-01-07,18:10:00,24.92,24.92,24.92,24.92,300,0
2015-01-07,18:15:00,24.92,24.92,24.92,24.92,1000,0
2015-01-07,20:55:00,24.92,24.92,24.87,24.87,1000,0
2015-01-07,21:40:00,24.87,24.87,24.87,24.87,1800,0
2015-01-07,22:00:00,24.86,24.86,24.86,24.86,148,0
2015-01-08,15:40:00,24.91,24.91,24.91,24.91,1600,0
2015-01-08,17:35:00,24.88,24.88,24.85,24.85,400,0
2015-01-08,17:50:00,24.82,24.83,24.82,24.82,398,0
2015-01-08,18:10:00,24.82,24.82,24.82,24.82,535,0
2015-01-08,18:55:00,24.86,24.86,24.86,24.86,3688,0
2015-01-08,19:55:00,24.82,24.83,24.82,24.83,2000,0
2015-01-08,20:00:00,24.87,24.87,24.87,24.87,300,0
2015-01-08,21:05:00,24.85,24.85,24.85,24.85,600,0
2015-01-08,21:15:00,24.87,24.87,24.87,24.87,191,0
2015-01-08,21:20:00,24.82,24.82,24.82,24.82,500,0
2015-01-08,21:30:00,24.86,24.86,24.86,24.86,1000,0
2015-01-08,21:55:00,24.88,24.88,24.88,24.88,1900,0
2015-01-09,16:50:00,24.9,24.9,24.89,24.89,2386,0
2015-01-09,16:55:00,24.9,24.9,24.9,24.9,860,0
2015-01-09,17:45:00,24.9,24.9,24.9,24.9,300,0
2015-01-09,18:00:00,24.9,24.9,24.9,24.9,1300,0
2015-01-09,18:20:00,24.86,24.9,24.86,24.9,1110,0
2015-01-09,19:30:00,24.85,24.85,24.82,24.82,600,0
2015-01-09,19:45:00,24.9,24.9,24.9,24.9,365,0
2015-01-09,20:00:00,24.84,24.9,24.84,24.9,610,0
2015-01-09,20:10:00,24.84,24.84,24.84,24.84,300,0
2015-01-09,20:30:00,24.9,24.9,24.86,24.89,2400,0
2015-01-09,20:50:00,24.82,24.86,24.82,24.86,2100,0
2015-01-09,21:25:00,24.86,24.86,24.86,24.86,522,0
2015-01-09,21:30:00,24.86,24.9,24.86,24.9,2400,0
2015-01-09,21:35:00,24.86,24.89,24.86,24.86,1800,0
2015-01-09,21:45:00,24.87,24.87,24.87,24.87,200,0
2015-01-12,15:45:00,24.91,24.91,24.91,24.91,500,0
2015-01-12,16:30:00,24.83,24.83,24.83,24.83,100,0
2015-01-12,16:35:00,24.9,24.9,24.88,24.9,4200,0
2015-01-12,16:40:00,24.9,24.91,24.9,24.91,2966,0
2015-01-12,17:50:00,24.85,24.85,24.85,24.85,100,0
2015-01-12,18:20:00,24.9,24.9,24.9,24.9,800,0
2015-01-12,18:45:00,24.9,24.9,24.85,24.85,600,0
2015-01-12,20:40:00,24.87,24.9,24.87,24.9,1400,0
2015-01-12,20:50:00,24.9,24.9,24.9,24.9,842,0
2015-01-12,21:25:00,24.9,24.9,24.9,24.9,2400,0
2015-01-12,21:40:00,24.85,24.85,24.85,24.85,100,0
2015-01-12,21:55:00,24.85,24.85,24.85,24.85,200,0
2015-01-12,22:00:00,24.88,24.88,24.85,24.85,834,0
2015-01-13,16:20:00,24.86,24.86,24.86,24.86,100,0
2015-01-13,16:30:00,24.9,24.9,24.9,24.9,1000,0
2015-01-13,16:35:00,24.9,24.9,24.9,24.9,800,0
2015-01-13,16:50:00,24.9,24.9,24.9,24.9,2500,0
2015-01-13,16:55:00,24.9,24.9,24.9,24.9,2300,0
2015-01-13,17:00:00,24.9,24.9,24.9,24.9,2687,0
2015-01-13,17:05:00,24.9,24.9,24.9,24.9,1000,0
2015-01-13,17:10:00,24.9,24.92,24.9,24.92,500,0
2015-01-13,17:20:00,24.9,24.9,24.9,24.9,2860,0
2015-01-13,17:30:00,24.91,24.91,24.91,24.91,100,0
2015-01-13,17:35:00,24.92,24.92,24.92,24.92,1300,0
2015-01-13,18:05:00,24.92,24.92,24.92,24.92,124,0
2015-01-13,19:15:00,24.91,24.91,24.91,24.91,100,0
2015-01-13,19:25:00,24.92,24.92,24.91,24.92,2950,0
2015-01-13,19:45:00,24.92,24.92,24.92,24.92,200,0
2015-01-13,20:05:00,24.92,24.92,24.92,24.92,800,0
2015-01-13,20:40:00,24.92,24.92,24.92,24.92,100,0
2015-01-13,20:45:00,24.94,24.94,24.92,24.94,1518,0
2015-01-13,21:15:00,24.91,24.91,24.91,24.91,576,0
2015-01-13,21:25:00,24.92,24.94,24.92,24.94,400,0
2015-01-13,21:55:00,24.92,24.92,24.92,24.92,600,0
2015-01-13,22:00:00,24.91,24.91,24.9,24.9,538,0
2015-01-14,15:50:00,24.93,24.93,24.93,24.93,220,0
2015-01-14,15:55:00,24.93,24.93,24.92,24.92,1894,0
2015-01-14,16:00:00,24.92,24.92,24.92,24.92,190,0
2015-01-14,16:05:00,24.92,24.92,24.92,24.92,1200,0
2015-01-14,16:15:00,24.92,24.92,24.92,24.92,348,0
2015-01-14,16:20:00,24.92,24.92,24.92,24.92,2000,0
2015-01-14,16:25:00,24.92,24.92,24.92,24.92,500,0
2015-01-14,16:30:00,24.92,24.92,24.92,24.92,700,0
2015-01-14,16:35:00,24.92,24.92,24.92,24.92,1000,0
2015-01-14,16:50:00,24.91,24.91,24.91,24.91,940,0
2015-01-14,17:10:00,24.93,24.93,24.93,24.93,481,0
2015-01-14,17:15:00,24.91,24.92,24.91,24.92,500,0
2015-01-14,17:20:00,24.91,24.91,24.91,24.91,100,0
2015-01-14,17:35:00,24.91,24.91,24.91,24.91,200,0
2015-01-14,17:40:00,24.91,24.91,24.91,24.91,1098,0
2015-01-14,18:00:00,24.92,24.92,24.91,24.92,3750,0
2015-01-14,18:05:00,24.91,24.91,24.91,24.91,100,0
2015-01-14,18:10:00,24.91,24.91,24.91,24.91,417,0
2015-01-14,18:20:00,24.91,24.92,24.91,24.92,1000,0
2015-01-14,18:30:00,24.92,24.92,24.92,24.92,300,0
2015-01-14,18:50:00,24.91,24.91,24.91,24.91,100,0
2015-01-14,18:55:00,24.92,24.92,24.92,24.92,2600,0
2015-01-14,19:40:00,24.93,24.93,24.93,24.93,700,0
2015-01-14,19:45:00,24.92,24.92,24.92,24.92,800,0
2015-01-14,19:50:00,24.91,24.91,24.91,24.91,374,0
2015-01-14,19:55:00,24.92,24.92,24.92,24.92,400,0
2015-01-14,20:05:00,24.91,24.92,24.91,24.92,300,0
2015-01-14,20:30:00,24.92,24.92,24.91,24.91,600,0
2015-01-14,20:45:00,24.92,24.92,24.92,24.92,300,0
2015-01-14,20:50:00,24.91,24.91,24.91,24.91,200,0
2015-01-14,20:55:00,24.92,24.92,24.92,24.92,100,0
2015-01-14,21:05:00,24.92,24.92,24.92,24.92,300,0
2015-01-14,21:10:00,24.91,24.91,24.91,24.91,200,0
2015-01-14,21:15:00,24.92,24.92,24.92,24.92,600,0
2015-01-14,21:20:00,24.91,24.91,24.91,24.91,100,0
2015-01-14,21:30:00,24.92,24.92,24.92,24.92,600,0
2015-01-14,21:35:00,24.92,24.92,24.91,24.91,600,0
2015-01-14,21:40:00,24.92,24.92,24.92,24.92,1000,0
2015-01-14,21:45:00,24.91,24.91,24.91,24.91,200,0
2015-01-14,21:50:00,24.91,24.91,24.91,24.91,200,0
2015-01-14,21:55:00,24.91,24.92,24.91,24.91,810,0
2015-01-14,22:00:00,24.92,24.93,24.91,24.91,2161,0
2015-01-15,15:35:00,24.96,24.96,24.96,24.96,4024,0
2015-01-15,15:50:00,24.96,24.96,24.96,24.96,200,0
2015-01-15,16:20:00,24.95,24.95,24.95,24.95,316,0
2015-01-15,16:25:00,24.96,24.96,24.96,24.96,143,0
2015-01-15,17:10:00,24.91,24.91,24.91,24.91,100,0
2015-01-15,17:15:00,24.92,24.92,24.92,24.92,111,0
2015-01-15,17:20:00,24.91,24.91,24.91,24.91,111,0
2015-01-15,18:10:00,24.91,24.91,24.91,24.91,100,0
2015-01-15,19:00:00,24.94,24.96,24.94,24.96,800,0
2015-01-15,19:20:00,24.93,24.93,24.93,24.93,200,0
2015-01-15,20:15:00,24.94,24.94,24.92,24.92,1500,0
2015-01-15,20:25:00,24.92,24.92,24.92,24.92,100,0
2015-01-15,20:40:00,24.94,24.94,24.94,24.94,200,0
2015-01-15,20:45:00,24.93,24.93,24.92,24.92,7204,0
2015-01-15,21:15:00,24.93,24.93,24.93,24.93,1300,0
2015-01-15,21:20:00,24.93,24.93,24.93,24.93,300,0
2015-01-15,21:25:00,24.93,24.93,24.93,24.93,174,0
2015-01-15,21:30:00,24.93,24.93,24.92,24.93,2000,0
2015-01-15,21:40:00,24.93,24.93,24.92,24.92,2900,0
2015-01-15,21:45:00,24.93,24.93,24.93,24.93,100,0
2015-01-15,21:50:00,24.93,24.93,24.93,24.93,1500,0
2015-01-15,22:00:00,24.92,24.92,24.92,24.92,300,0
2015-01-16,15:55:00,24.94,24.94,24.94,24.94,200,0
2015-01-16,16:05:00,24.96,24.96,24.95,24.96,1975,0
2015-01-16,16:25:00,24.96,24.96,24.95,24.95,1500,0
2015-01-16,17:00:00,24.95,24.95,24.95,24.95,200,0
2015-01-16,17:05:00,24.98,24.98,24.98,24.98,6912,0
2015-01-16,17:20:00,24.97,24.97,24.96,24.96,3898,0
2015-01-16,18:00:00,24.94,24.94,24.94,24.94,1713,0
2015-01-16,18:05:00,24.92,24.92,24.92,24.92,200,0
2015-01-16,18:30:00,24.96,24.96,24.96,24.96,1055,0
2015-01-16,19:15:00,24.95,24.95,24.95,24.95,100,0
2015-01-16,19:50:00,24.94,24.95,24.94,24.95,1100,0
2015-01-16,20:10:00,24.95,24.95,24.95,24.95,600,0
2015-01-16,20:20:00,24.95,24.95,24.95,24.95,110,0
2015-01-16,20:35:00,24.95,24.95,24.94,24.95,922,0
2015-01-16,20:45:00,24.94,24.94,24.94,24.94,200,0
2015-01-16,21:10:00,24.93,24.93,24.93,24.93,2080,0
2015-01-16,21:50:00,24.95,24.95,24.95,24.95,1000,0
2015-01-16,22:00:00,24.99,25.04,24.99,25.04,7509,0
2015-01-20,16:05:00,25.09,25.09,25.09,25.09,1220,0
2015-01-20,16:50:00,25.07,25.07,25.07,25.07,1200,0
2015-01-20,17:40:00,25.07,25.07,25.07,25.07,4000,0
2015-01-20,17:55:00,25.07,25.07,25.07,25.07,1326,0
2015-01-20,18:50:00,25.06,25.06,25.03,25.03,3685,0
2015-01-20,18:55:00,25.0,25.02,25.0,25.02,350,0
2015-01-20,19:10:00,25.03,25.03,25.03,25.03,1800,0
2015-01-20,19:15:00,25.02,25.02,25.02,25.02,4020,0
2015-01-20,19:30:00,25.0,25.0,24.92,24.92,1622,0
2015-01-20,19:35:00,24.92,24.92,24.92,24.92,500,0
2015-01-20,19:50:00,24.86,24.86,24.85,24.85,572,0
2015-01-20,20:05:00,24.85,24.87,24.85,24.87,2138,0
2015-01-20,20:20:00,24.86,24.86,24.85,24.85,1999,0
2015-01-20,20:25:00,24.85,24.86,24.85,24.86,300,0
2015-01-20,20:40:00,24.85,24.85,24.85,24.85,400,0
2015-01-20,20:45:00,24.83,24.83,24.82,24.82,972,0
2015-01-20,21:00:00,24.82,24.82,24.82,24.82,200,0
2015-01-20,21:15:00,24.82,24.92,24.82,24.92,1300,0
2015-01-20,21:20:00,24.82,24.83,24.81,24.81,656,0
2015-01-20,21:25:00,24.78,24.78,24.78,24.78,604,0
2015-01-20,21:30:00,24.78,24.78,24.71,24.71,2800,0
2015-01-20,21:40:00,24.72,24.72,24.72,24.72,1200,0
2015-01-20,21:45:00,24.73,24.73,24.7,24.7,3138,0
2015-01-20,21:50:00,24.65,24.66,24.65,24.66,659,0
2015-01-20,21:55:00,24.72,24.73,24.65,24.65,3600,0
2015-01-20,22:00:00,24.73,24.73,24.65,24.65,8480,0
2015-01-21,15:55:00,24.8,24.82,24.8,24.82,1000,0
2015-01-21,16:05:00,24.82,24.82,24.82,24.82,800,0
2015-01-21,16:20:00,24.84,24.84,24.84,24.84,600,0
2015-01-21,16:25:00,24.74,24.74,24.74,24.74,2176,0
2015-01-21,16:50:00,24.75,24.75,24.75,24.75,4600,0
2015-01-21,16:55:00,24.75,24.75,24.75,24.75,800,0
2015-01-21,17:00:00,24.85,24.85,24.84,24.85,3302,0
2015-01-21,17:30:00,24.84,24.84,24.84,24.84,765,0
2015-01-21,18:30:00,24.89,24.89,24.89,24.89,1000,0
2015-01-21,18:45:00,24.88,24.88,24.88,24.88,400,0
2015-01-21,19:00:00,24.9,24.9,24.9,24.9,13501,0
2015-01-21,20:20:00,24.88,24.88,24.88,24.88,600,0
2015-01-21,20:40:00,24.81,24.81,24.81,24.81,1000,0
2015-01-21,21:50:00,24.9,24.9,24.9,24.9,1500,0
2015-01-21,22:00:00,24.9,24.9,24.9,24.9,400,0
2015-01-22,16:30:00,24.87,24.87,24.87,24.87,17000,0
2015-01-22,18:00:00,24.93,24.93,24.88,24.88,5339,0
2015-01-22,18:15:00,24.92,24.92,24.92,24.92,1750,0
2015-01-22,18:45:00,24.93,24.93,24.93,24.93,450,0
2015-01-22,18:50:00,24.9,24.9,24.9,24.9,3300,0
2015-01-22,18:55:00,24.9,24.9,24.9,24.9,350,0
2015-01-22,19:00:00,24.93,24.93,24.87,24.87,2500,0
2015-01-22,19:30:00,24.9,24.9,24.9,24.9,4250,0
2015-01-22,20:00:00,24.9,24.9,24.9,24.9,500,0
2015-01-22,20:05:00,24.91,24.91,24.91,24.91,1920,0
2015-01-22,20:15:00,24.9,24.9,24.86,24.86,11000,0
2015-01-22,20:35:00,24.92,24.93,24.92,24.93,404,0
2015-01-22,20:50:00,24.85,24.93,24.85,24.93,12200,0
2015-01-22,22:00:00,24.9,24.9,24.9,24.9,800,0
2015-01-23,15:35:00,24.9,24.9,24.9,24.9,200,0
2015-01-23,15:40:00,24.94,24.94,24.94,24.94,500,0
2015-01-23,15:45:00,24.9,24.9,24.81,24.81,379,0
2015-01-23,16:10:00,24.8,24.81,24.8,24.81,525,0
2015-01-23,16:35:00,24.89,24.89,24.89,24.89,400,0
2015-01-23,17:10:00,24.9,24.9,24.9,24.9,125,0
2015-01-23,17:15:00,24.9,24.9,24.9,24.9,2110,0
2015-01-23,17:20:00,24.84,24.88,24.84,24.88,500,0
2015-01-23,17:55:00,24.82,24.82,24.82,24.82,200,0
2015-01-23,18:30:00,24.89,24.9,24.89,24.9,570,0
2015-01-23,18:35:00,24.9,24.9,24.9,24.9,260,0
2015-01-23,18:55:00,24.85,24.85,24.85,24.85,2400,0
2015-01-23,19:35:00,24.87,24.87,24.87,24.87,560,0
2015-01-23,20:05:00,24.9,24.9,24.89,24.89,298,0
2015-01-23,20:10:00,24.9,24.9,24.9,24.9,200,0
2015-01-23,20:25:00,24.87,24.87,24.87,24.87,400,0
2015-01-23,20:35:00,24.88,24.88,24.85,24.85,400,0
2015-01-23,20:40:00,24.87,24.87,24.87,24.87,100,0
2015-01-23,20:45:00,24.85,24.85,24.85,24.85,800,0
2015-01-23,20:50:00,24.88,24.9,24.86,24.86,700,0
2015-01-23,21:00:00,24.89,24.89,24.89,24.89,700,0
2015-01-23,21:25:00,24.85,24.85,24.85,24.85,822,0
2015-01-23,21:40:00,24.9,24.9,24.9,24.9,1000,0
2015-01-26,16:50:00,24.94,24.94,24.94,24.94,200,0
2015-01-26,17:00:00,24.9,24.9,24.9,24.9,280,0
2015-01-26,17:40:00,24.94,24.94,24.94,24.94,7120,0
2015-01-26,19:25:00,24.99,25.04,24.99,24.99,866,0
2015-01-26,19:50:00,25.05,25.05,25.05,25.05,1500,0
2015-01-26,20:00:00,25.0,25.0,25.0,25.0,4599,0
2015-01-26,20:25:00,25.1,25.15,25.1,25.12,3172,0
2015-01-26,20:50:00,25.08,25.13,25.08,25.13,1300,0
2015-01-26,21:25:00,25.09,25.09,25.09,25.09,3000,0
2015-01-26,21:40:00,25.15,25.19,25.14,25.14,4206,0
2015-01-26,21:55:00,25.14,25.14,25.12,25.14,4567,0
2015-01-26,22:00:00,25.15,25.15,25.15,25.15,164,0
2015-01-27,15:35:00,24.83,24.83,24.82,24.82,1757,0
2015-01-27,15:40:00,24.92,24.92,24.78,24.78,2500,0
2015-01-27,15:50:00,24.87,24.87,24.87,24.87,2400,0
2015-01-27,16:30:00,24.96,24.96,24.88,24.96,750,0
2015-01-27,16:35:00,24.95,24.95,24.95,24.95,300,0
2015-01-27,16:50:00,24.94,24.94,24.94,24.94,150,0
2015-01-27,17:00:00,24.98,24.99,24.97,24.99,1978,0
2015-01-27,17:35:00,25.13,25.13,25.13,25.13,200,0
2015-01-27,17:55:00,25.11,25.11,25.11,25.11,284,0
2015-01-27,18:30:00,25.15,25.18,25.11,25.11,5294,0
2015-01-27,18:55:00,25.11,25.11,25.11,25.11,8000,0
2015-01-27,21:20:00,25.11,25.12,25.11,25.11,11525,0
2015-01-27,21:50:00,25.16,25.16,25.16,25.16,3260,0
2015-01-28,15:40:00,25.15,25.15,25.15,25.15,1061,0
2015-01-28,16:35:00,25.16,25.16,25.16,25.16,1430,0
2015-01-28,16:40:00,25.15,25.15,25.15,25.15,100,0
2015-01-28,17:05:00,25.0,25.0,25.0,25.0,800,0
2015-01-28,17:10:00,25.0,25.02,25.0,25.0,1500,0
2015-01-28,17:30:00,25.0,25.0,25.0,25.0,500,0
2015-01-28,18:00:00,25.0,25.0,25.0,25.0,700,0
2015-01-28,20:15:00,25.09,25.09,25.09,25.09,900,0
2015-01-28,21:05:00,25.02,25.03,25.02,25.02,14100,0
2015-01-29,15:40:00,25.02,25.02,25.0,25.0,2800,0
2015-01-29,16:10:00,25.0,25.0,25.0,25.0,200,0
2015-01-29,16:20:00,25.0,25.0,25.0,25.0,2000,0
2015-01-29,17:20:00,24.96,24.96,24.96,24.96,300,0
2015-01-29,17:25:00,24.98,24.98,24.98,24.98,350,0
2015-01-29,17:40:00,24.99,24.99,24.99,24.99,4591,0
2015-01-29,18:45:00,25.0,25.06,25.0,25.06,6100,0
2015-01-29,18:50:00,25.01,25.02,25.0,25.0,5000,0
2015-01-29,19:00:00,24.98,24.98,24.98,24.98,520,0
2015-01-29,19:10:00,25.0,25.0,25.0,25.0,4200,0
2015-01-29,19:20:00,25.0,25.0,25.0,25.0,1700,0
2015-01-29,20:10:00,25.02,25.02,24.97,25.01,3100,0
2015-01-29,20:30:00,24.97,24.97,24.97,24.97,266,0
2015-01-29,20:40:00,24.97,24.97,24.97,24.97,134,0
2015-01-29,20:45:00,24.98,24.98,24.98,24.98,100,0
2015-01-29,20:55:00,24.98,24.98,24.98,24.98,100,0
2015-01-29,21:20:00,25.02,25.02,25.02,25.02,100,0
2015-01-29,21:50:00,25.02,25.02,25.02,25.02,900,0
2015-01-29,22:00:00,24.98,24.98,24.98,24.98,200,0
2015-01-30,16:30:00,24.99,24.99,24.99,24.99,100,0
2015-01-30,16:40:00,24.98,24.98,24.98,24.98,100,0
2015-01-30,16:50:00,24.98,24.98,24.98,24.98,400,0
2015-01-30,16:55:00,24.98,25.0,24.98,25.0,1360,0
2015-01-30,17:45:00,24.99,24.99,24.99,24.99,500,0
2015-01-30,17:55:00,25.0,25.0,25.0,25.0,544,0
2015-01-30,18:35:00,25.01,25.01,25.01,25.01,100,0
2015-01-30,19:45:00,25.08,25.15,25.01,25.12,5356,0
2015-01-30,20:00:00,25.13,25.13,25.12,25.12,2400,0
2015-01-30,20:15:00,25.05,25.06,25.0,25.0,8092,0
2015-01-30,20:55:00,25.01,25.01,25.01,25.01,100,0
2015-01-30,21:00:00,25.05,25.06,25.05,25.06,300,0
2015-01-30,21:35:00,25.15,25.15,25.14,25.15,6563,0
2015-01-30,21:40:00,25.15,25.15,25.15,25.15,1000,0
2015-01-30,21:45:00,25.15,25.15,25.15,25.15,500,0
2015-01-30,21:55:00,25.14,25.15,25.14,25.14,800,0
2015-01-30,22:00:00,25.08,25.08,25.08,25.08,100,0
2015-02-02,15:35:00,25.05,25.05,25.05,25.05,300,0
2015-02-02,15:40:00,25.05,25.05,25.05,25.05,400,0
2015-02-02,15:45:00,25.05,25.05,25.05,25.05,100,0
2015-02-02,16:00:00,25.04,25.05,25.04,25.05,1695,0
2015-02-02,17:00:00,25.05,25.05,25.05,25.05,600,0
2015-02-02,17:05:00,25.03,25.03,25.03,25.03,150,0
2015-02-02,17:45:00,25.04,25.04,25.04,25.04,800,0
2015-02-02,19:50:00,25.04,25.05,25.04,25.05,2605,0
2015-02-02,20:05:00,25.05,25.05,25.05,25.05,100,0
2015-02-02,20:10:00,25.05,25.05,25.05,25.05,1000,0
2015-02-02,20:15:00,25.05,25.05,25.05,25.05,1670,0
2015-02-02,20:20:00,25.06,25.06,25.06,25.06,500,0
2015-02-02,20:25:00,25.06,25.08,25.06,25.08,1700,0
2015-02-02,21:05:00,25.08,25.08,25.08,25.08,100,0
2015-02-02,21:45:00,25.07,25.07,25.02,25.02,1800,0
2015-02-02,21:50:00,25.03,25.03,25.03,25.03,300,0
2015-02-02,22:00:00,25.02,25.02,25.02,25.02,100,0
2015-02-03,15:45:00,25.05,25.05,25.05,25.05,193,0
2015-02-03,16:15:00,25.06,25.06,25.06,25.06,300,0
2015-02-03,16:30:00,25.05,25.05,25.05,25.05,200,0
2015-02-03,16:35:00,25.05,25.05,25.05,25.05,400,0
2015-02-03,17:10:00,25.05,25.05,25.05,25.05,300,0
2015-02-03,17:15:00,25.06,25.06,25.06,25.06,1000,0
2015-02-03,17:30:00,25.05,25.05,25.05,25.05,100,0
2015-02-03,17:40:00,25.05,25.05,25.05,25.05,100,0
2015-02-03,17:50:00,25.05,25.05,25.05,25.05,200,0
2015-02-03,18:10:00,25.05,25.05,25.05,25.05,700,0
2015-02-03,18:15:00,25.02,25.02,25.02,25.02,4000,0
2015-02-03,18:30:00,25.1,25.15,25.1,25.15,579,0
2015-02-03,19:10:00,25.08,25.08,25.08,25.08,600,0
2015-02-03,19:35:00,25.08,25.08,25.08,25.08,300,0
2015-02-03,20:10:00,25.05,25.05,25.05,25.05,800,0
2015-02-03,21:15:00,25.05,25.05,25.05,25.05,1100,0
2015-02-03,21:55:00,25.05,25.05,25.05,25.05,735,0
2015-02-03,22:00:00,25.0,25.0,25.0,25.0,150,0
2015-02-04,15:55:00,25.03,25.03,25.03,25.03,600,0
2015-02-04,17:00:00,25.0,25.0,24.98,24.98,1490,0
2015-02-04,17:20:00,25.01,25.01,25.01,25.01,400,0
2015-02-04,17:25:00,25.0,25.0,25.0,25.0,964,0
2015-02-04,17:30:00,24.98,24.98,24.98,24.98,1100,0
2015-02-04,17:35:00,24.97,24.97,24.97,24.97,430,0
2015-02-04,17:40:00,24.96,24.96,24.96,24.96,100,0
2015-02-04,18:00:00,24.98,24.98,24.98,24.98,500,0
2015-02-04,18:25:00,24.99,24.99,24.99,24.99,1000,0
2015-02-04,18:30:00,24.99,25.0,24.99,24.99,2500,0
2015-02-04,19:10:00,24.96,24.96,24.96,24.96,840,0
2015-02-04,19:15:00,24.97,25.0,24.97,25.0,4401,0
2015-02-04,19:20:00,24.99,24.99,24.99,24.99,2000,0
2015-02-04,20:15:00,24.97,24.97,24.97,24.97,783,0
2015-02-04,21:00:00,24.96,24.96,24.96,24.96,600,0
2015-02-04,21:05:00,24.99,24.99,24.99,24.99,500,0
2015-02-04,21:45:00,25.0,25.0,25.0,25.0,150,0
2015-02-04,21:50:00,25.0,25.0,24.96,24.96,969,0
2015-02-05,15:50:00,24.95,24.95,24.95,24.95,1200,0
2015-02-05,16:05:00,24.91,24.91,24.91,24.91,600,0
2015-02-05,16:10:00,24.9,24.97,24.9,24.97,1600,0
2015-02-05,16:45:00,24.91,24.91,24.91,24.91,215,0
2015-02-05,17:25:00,24.95,24.95,24.95,24.95,2800,0
2015-02-05,18:30:00,24.9,24.9,24.9,24.9,400,0
2015-02-05,18:35:00,24.9,24.9,24.9,24.9,800,0
2015-02-05,18:50:00,24.96,24.96,24.96,24.96,800,0
2015-02-05,18:55:00,24.94,24.97,24.94,24.97,638,0
2015-02-05,19:30:00,24.92,24.92,24.92,24.92,1161,0
2015-02-05,19:40:00,24.96,24.96,24.91,24.91,1100,0
2015-02-05,20:25:00,24.92,24.92,24.91,24.91,6074,0
2015-02-05,20:30:00,24.97,24.97,24.97,24.97,2000,0
2015-02-05,21:10:00,24.91,24.91,24.91,24.91,8655,0
2015-02-05,21:50:00,24.95,24.95,24.95,24.95,1600,0
2015-02-05,22:00:00,24.91,24.91,24.88,24.88,2971,0
2015-02-06,16:05:00,24.97,25.0,24.95,25.0,2504,0
2015-02-06,16:15:00,24.96,24.96,24.96,24.96,1280,0
2015-02-06,17:30:00,24.95,24.95,24.95,24.95,400,0
2015-02-06,17:40:00,24.89,24.89,24.89,24.89,400,0
2015-02-06,20:15:00,24.88,24.88,24.87,24.88,4348,0
2015-02-06,20:40:00,24.88,24.88,24.88,24.88,174,0
2015-02-06,20:45:00,24.88,24.88,24.88,24.88,200,0
2015-02-06,21:00:00,24.88,24.88,24.88,24.88,2210,0
2015-02-06,21:05:00,24.87,24.87,24.87,24.87,300,0
2015-02-06,21:40:00,24.88,24.88,24.88,24.88,1400,0
2015-02-06,21:50:00,24.88,24.88,24.88,24.88,471,0
2015-02-06,21:55:00,24.88,24.88,24.88,24.88,125,0
2015-02-06,22:00:00,24.89,24.89,24.85,24.85,19676,0
2015-02-09,15:35:00,24.92,24.93,24.92,24.92,1416,0
2015-02-09,16:50:00,24.91,24.91,24.91,24.91,5200,0
2015-02-09,17:05:00,24.91,24.91,24.91,24.91,200,0
2015-02-09,17:20:00,24.92,24.92,24.92,24.92,300,0
2015-02-09,17:55:00,24.85,25.0,24.85,25.0,800,0
2015-02-09,18:30:00,25.0,25.0,25.0,25.0,300,0
2015-02-09,19:15:00,24.93,24.93,24.93,24.93,300,0
2015-02-09,19:55:00,24.94,24.94,24.94,24.94,1600,0
2015-02-09,20:10:00,24.93,24.97,24.93,24.97,400,0
2015-02-09,20:50:00,24.93,24.93,24.93,24.93,350,0
2015-02-09,21:00:00,24.97,24.97,24.97,24.97,304,0
2015-02-09,21:05:00,24.99,25.0,24.99,25.0,500,0
2015-02-09,21:50:00,24.96,24.96,24.96,24.96,2174,0
2015-02-10,16:30:00,24.93,24.93,24.93,24.93,550,0
2015-02-10,17:10:00,24.92,24.92,24.91,24.91,400,0
2015-02-10,17:30:00,24.92,24.92,24.92,24.92,400,0
2015-02-10,17:55:00,24.99,25.0,24.9,25.0,2500,0
2015-02-10,19:40:00,24.99,24.99,24.99,24.99,400,0
2015-02-10,19:45:00,24.99,24.99,24.99,24.99,200,0
2015-02-10,20:10:00,24.97,24.98,24.9,24.9,1100,0
2015-02-10,20:20:00,24.9,24.92,24.9,24.9,3460,0
2015-02-10,20:25:00,24.91,24.91,24.9,24.9,1500,0
2015-02-10,20:35:00,24.9,24.98,24.9,24.9,3399,0
2015-02-10,21:15:00,24.9,24.9,24.9,24.9,600,0
2015-02-10,21:55:00,24.9,24.9,24.88,24.88,974,0
2015-02-10,22:00:00,24.89,24.9,24.89,24.9,400,0
2015-02-11,16:40:00,24.92,24.92,24.92,24.92,400,0
2015-02-11,17:00:00,24.92,24.92,24.92,24.92,200,0
2015-02-11,17:40:00,24.9,24.9,24.9,24.9,3500,0
2015-02-11,19:20:00,24.95,24.95,24.94,24.94,1000,0
2015-02-11,19:25:00,24.9,24.9,24.9,24.9,3649,0
2015-02-11,20:30:00,24.9,24.9,24.9,24.9,2400,0
2015-02-11,20:35:00,24.87,24.87,24.87,24.87,2600,0
2015-02-11,21:40:00,24.95,24.95,24.95,24.95,2400,0
2015-02-11,22:00:00,24.85,24.85,24.85,24.85,116,0
2015-02-12,16:30:00,24.94,24.95,24.93,24.93,2680,0
2015-02-12,17:15:00,24.9,24.9,24.9,24.9,900,0
2015-02-12,17:45:00,24.9,24.9,24.9,24.9,300,0
2015-02-12,17:55:00,24.9,24.9,24.9,24.9,2800,0
2015-02-12,18:00:00,24.9,24.9,24.9,24.9,300,0
2015-02-12,19:15:00,24.94,24.95,24.94,24.95,500,0
2015-02-12,19:20:00,24.95,24.95,24.9,24.95,2000,0
2015-02-12,19:25:00,24.95,24.95,24.95,24.95,2900,0
2015-02-12,20:45:00,24.95,24.95,24.9,24.95,1982,0
2015-02-12,21:00:00,24.95,24.95,24.95,24.95,3100,0
2015-02-12,21:15:00,24.91,24.95,24.91,24.95,792,0
2015-02-12,21:30:00,24.94,24.94,24.92,24.93,2900,0
2015-02-12,21:35:00,25.0,25.0,24.95,24.95,1000,0
2015-02-12,21:50:00,24.99,25.0,24.95,24.95,1632,0
2015-02-12,21:55:00,24.91,24.95,24.91,24.95,1900,0
2015-02-12,22:00:00,24.95,24.95,24.95,24.95,300,0
2015-02-13,16:10:00,24.95,24.95,24.95,24.95,4600,0
2015-02-13,16:25:00,24.95,24.95,24.95,24.95,600,0
2015-02-13,16:45:00,24.95,24.95,24.95,24.95,1000,0
2015-02-13,16:50:00,24.98,24.98,24.95,24.95,1974,0
2015-02-13,18:15:00,24.96,24.97,24.96,24.97,1781,0
2015-02-13,19:00:00,24.97,24.97,24.97,24.97,200,0
2015-02-13,19:50:00,24.96,24.96,24.95,24.95,1200,0
2015-02-13,20:30:00,24.95,24.95,24.95,24.95,200,0
2015-02-13,20:40:00,24.95,24.95,24.95,24.95,200,0
2015-02-13,20:45:00,24.96,24.96,24.96,24.96,494,0
2015-02-13,21:25:00,24.93,24.96,24.93,24.96,800,0
2015-02-13,22:00:00,24.95,24.95,24.95,24.95,926,0
2015-02-17,15:35:00,24.95,24.95,24.95,24.95,200,0
2015-02-17,15:40:00,24.95,24.95,24.95,24.95,1400,0
2015-02-17,15:45:00,24.95,24.95,24.95,24.95,200,0
2015-02-17,16:00:00,24.97,24.97,24.97,24.97,800,0
2015-02-17,16:45:00,24.98,24.98,24.98,24.98,900,0
2015-02-17,18:00:00,24.97,25,24.97,25,1750,0
2015-02-17,18:05:00,25,25,25,25,600,0
2015-02-17,18:10:00,25,25,25,25,300,0
2015-02-17,18:35:00,24.98,24.98,24.98,24.98,200,0
2015-02-17,18:50:00,25,25,24.96,24.96,12400,0
2015-02-17,20:00:00,24.95,24.95,24.95,24.95,1000,0
2015-02-17,20:05:00,24.95,24.95,24.92,24.92,1500,0
2015-02-17,20:45:00,24.94,24.94,24.92,24.94,1052,0
2015-02-17,20:50:00,24.94,24.94,24.94,24.94,480,0
2015-02-17,21:15:00,24.92,24.92,24.92,24.92,500,0
2015-02-17,21:20:00,24.92,24.92,24.9,24.9,5252,0
2015-02-17,21:30:00,24.9,24.9,24.9,24.9,641,0
2015-02-17,21:50:00,24.92,24.93,24.92,24.92,1997,0
2015-02-17,21:55:00,24.93,24.93,24.93,24.93,100,0
2015-02-17,22:00:00,24.95,24.95,24.95,24.95,100,0
2015-02-18,15:45:00,24.9,24.9,24.9,24.9,500,0
2015-02-18,15:55:00,24.95,24.95,24.93,24.93,870,0
2015-02-18,16:15:00,24.9,24.95,24.9,24.95,1100,0
2015-02-18,16:35:00,24.9,24.9,24.9,24.9,100,0
2015-02-18,16:40:00,24.9,24.9,24.9,24.9,100,0
2015-02-18,16:45:00,24.9,24.9,24.9,24.9,100,0
2015-02-18,16:55:00,24.9,24.9,24.9,24.9,100,0
2015-02-18,17:00:00,24.9,24.94,24.9,24.94,2000,0
2015-02-18,17:05:00,24.93,24.93,24.9,24.9,350,0
2015-02-18,17:15:00,24.9,24.9,24.9,24.9,100,0
2015-02-18,17:20:00,24.9,24.92,24.86,24.86,1337,0
2015-02-18,17:30:00,24.9,24.9,24.9,24.9,2500,0
2015-02-18,18:15:00,24.87,24.87,24.87,24.87,143,0
2015-02-18,18:55:00,24.87,24.87,24.87,24.87,1500,0
2015-02-18,19:00:00,24.87,24.87,24.85,24.85,600,0
2015-02-18,19:05:00,24.89,24.89,24.85,24.85,1210,0
2015-02-18,19:30:00,24.85,24.85,24.85,24.85,100,0
2015-02-18,19:45:00,24.85,24.85,24.84,24.84,6480,0
2015-02-18,21:05:00,24.89,24.9,24.89,24.9,701,0
2015-02-18,22:00:00,24.9,24.94,24.9,24.94,1442,0
2015-02-19,15:50:00,24.98,24.98,24.98,24.98,120,0
2015-02-19,16:10:00,24.95,24.95,24.95,24.95,420,0
2015-02-19,16:25:00,24.95,24.95,24.95,24.95,1200,0
2015-02-19,17:20:00,24.91,24.91,24.9,24.9,1000,0
2015-02-19,17:40:00,24.93,24.93,24.93,24.93,800,0
2015-02-19,18:00:00,24.91,24.91,24.91,24.91,1000,0
2015-02-19,18:05:00,24.91,24.91,24.91,24.91,200,0
2015-02-19,18:40:00,24.9,24.9,24.9,24.9,661,0
2015-02-19,18:50:00,24.89,24.89,24.89,24.89,350,0
2015-02-19,19:10:00,24.9,24.9,24.9,24.9,300,0
2015-02-19,20:00:00,24.89,24.9,24.89,24.9,400,0
2015-02-19,20:10:00,24.9,24.93,24.9,24.93,500,0
2015-02-19,20:20:00,24.93,24.93,24.93,24.93,100,0
2015-02-19,20:30:00,24.92,24.92,24.92,24.92,100,0
2015-02-19,20:35:00,24.92,24.92,24.92,24.92,395,0
2015-02-19,20:40:00,24.93,24.93,24.93,24.93,495,0
2015-02-19,21:00:00,24.92,24.92,24.89,24.89,6198,0
2015-02-20,15:45:00,24.95,24.95,24.95,24.95,2000,0
2015-02-20,16:40:00,24.87,24.87,24.87,24.87,1000,0
2015-02-20,16:50:00,24.95,24.95,24.95,24.95,400,0
2015-02-20,16:55:00,24.95,24.95,24.92,24.92,580,0
2015-02-20,17:00:00,24.92,24.92,24.92,24.92,160,0
2015-02-20,17:10:00,24.95,24.95,24.95,24.95,400,0
2015-02-20,18:25:00,24.9,24.9,24.9,24.9,528,0
2015-02-20,18:40:00,24.89,24.89,24.89,24.89,600,0
2015-02-20,19:05:00,24.9,24.9,24.9,24.9,261,0
2015-02-20,19:10:00,24.9,24.9,24.9,24.9,700,0
2015-02-20,20:25:00,24.88,24.88,24.88,24.88,1000,0
2015-02-20,20:50:00,24.9,24.9,24.89,24.89,2808,0
2015-02-20,21:55:00,24.89,24.89,24.89,24.89,1700,0
2015-02-20,22:00:00,24.89,24.89,24.88,24.89,476,0
2015-02-23,15:40:00,24.98,24.98,24.98,24.98,200,0
2015-02-23,15:50:00,24.89,24.89,24.89,24.89,400,0
2015-02-23,15:55:00,24.89,24.89,24.89,24.89,400,0
2015-02-23,16:20:00,24.91,24.91,24.91,24.91,960,0
2015-02-23,17:00:00,24.87,24.92,24.87,24.92,500,0
2015-02-23,17:55:00,24.89,24.89,24.89,24.89,200,0
2015-02-23,18:00:00,24.92,24.92,24.91,24.91,2016,0
2015-02-23,18:30:00,24.9,24.92,24.9,24.92,3200,0
2015-02-23,18:35:00,24.9,24.91,24.9,24.91,3162,0
2015-02-23,19:35:00,24.92,24.92,24.92,24.92,1901,0
2015-02-23,19:40:00,24.92,24.95,24.92,24.95,1700,0
2015-02-23,20:00:00,24.92,24.92,24.92,24.92,400,0
2015-02-23,21:00:00,24.9,24.9,24.9,24.9,500,0
2015-02-23,21:10:00,24.92,24.92,24.92,24.92,1000,0
2015-02-23,21:15:00,24.92,24.92,24.92,24.92,2100,0
2015-02-23,21:20:00,24.95,24.95,24.95,24.95,324,0
2015-02-23,21:50:00,24.91,24.91,24.91,24.91,800,0
2015-02-23,21:55:00,24.9,24.9,24.9,24.9,532,0
2015-02-23,22:00:00,24.91,24.92,24.91,24.91,2122,0
