Date,Time,Open,High,Low,Close,Volume,OpenInt
2014-07-02,21:30:00,25.48,25.48,25.48,25.48,200,0
2014-07-02,22:00:00,25.48,25.48,25.48,25.48,200,0
2014-07-03,18:20:00,25.43,25.43,25.43,25.43,983,0
2014-07-07,15:35:00,25.25,25.25,25.25,25.25,600,0
2014-07-07,15:50:00,25.15,25.15,25.15,25.15,3000,0
2014-07-07,15:55:00,25.15,25.15,25.15,25.15,500,0
2014-07-07,16:00:00,25.15,25.15,25.15,25.15,200,0
2014-07-07,16:05:00,25.15,25.15,25.15,25.15,1000,0
2014-07-07,16:35:00,25.15,25.15,25.15,25.15,1200,0
2014-07-07,17:45:00,25.15,25.16,25.15,25.16,3300,0
2014-07-07,18:40:00,25.25,25.25,25.25,25.25,500,0
2014-07-07,20:20:00,25.25,25.25,25.25,25.25,160,0
2014-07-07,20:50:00,25.18,25.18,25.18,25.18,200,0
2014-07-07,21:15:00,25.21,25.21,25.21,25.21,500,0
2014-07-07,21:20:00,25.24,25.25,25.24,25.25,5500,0
2014-07-07,21:45:00,25.28,25.28,25.28,25.28,600,0
2014-07-07,21:55:00,25.3,25.3,25.3,25.3,4029,0
2014-07-08,15:50:00,25.45,25.45,25.45,25.45,100,0
2014-07-08,16:00:00,25.39,25.4,25.39,25.4,5000,0
2014-07-08,16:25:00,25.32,25.32,25.32,25.32,245,0
2014-07-08,16:55:00,25.4,25.4,25.38,25.38,1184,0
2014-07-08,17:30:00,25.4,25.4,25.4,25.4,2570,0
2014-07-08,17:45:00,25.42,25.42,25.4,25.4,2500,0
2014-07-08,19:10:00,25.46,25.46,25.46,25.46,200,0
2014-07-08,21:05:00,25.45,25.45,25.45,25.45,1655,0
2014-07-09,16:10:00,25.26,25.29,25.26,25.29,1500,0
2014-07-09,18:25:00,25.31,25.31,25.27,25.28,2000,0
2014-07-09,20:40:00,25.31,25.31,25.31,25.31,100,0
2014-07-09,21:20:00,25.32,25.32,25.3,25.3,1000,0
2014-07-09,21:35:00,25.3,25.3,25.3,25.3,600,0
2014-07-09,21:45:00,25.3,25.3,25.26,25.26,887,0
2014-07-10,15:40:00,24.72,24.79,24.7,24.71,5600,0
2014-07-10,15:45:00,24.69,24.71,24.69,24.71,600,0
2014-07-10,15:55:00,24.69,24.69,24.69,24.69,900,0
2014-07-10,16:10:00,24.7,24.71,24.7,24.71,1350,0
2014-07-10,16:40:00,24.87,24.87,24.87,24.87,100,0
2014-07-10,16:45:00,24.77,24.77,24.77,24.77,200,0
2014-07-10,16:55:00,24.76,24.76,24.76,24.76,120,0
2014-07-10,17:05:00,24.75,24.75,24.75,24.75,500,0
2014-07-10,17:30:00,24.83,24.84,24.83,24.84,1300,0
2014-07-10,19:05:00,24.84,24.84,24.84,24.84,100,0
2014-07-10,19:55:00,24.88,24.88,24.88,24.88,1800,0
2014-07-10,20:40:00,24.87,24.88,24.87,24.88,2300,0
2014-07-10,21:00:00,24.88,24.88,24.88,24.88,900,0
2014-07-11,15:35:00,24.98,25.05,24.98,25.05,1000,0
2014-07-11,16:10:00,24.95,24.95,24.95,24.95,630,0
2014-07-11,16:20:00,24.95,24.95,24.95,24.95,1000,0
2014-07-11,19:50:00,24.95,24.95,24.95,24.95,500,0
2014-07-11,20:10:00,24.95,24.95,24.95,24.95,670,0
2014-07-11,21:55:00,25.0,25.0,25.0,25.0,600,0
2014-07-14,16:00:00,25.0,25.0,25.0,25.0,100,0
2014-07-14,16:25:00,25.0,25.0,25.0,25.0,950,0
2014-07-14,18:45:00,24.99,24.99,24.99,24.99,100,0
2014-07-14,20:50:00,24.95,24.95,24.95,24.95,300,0
2014-07-14,21:10:00,25.02,25.02,25.02,25.02,500,0
2014-07-14,21:20:00,25.07,25.07,25.07,25.07,1000,0
2014-07-14,22:00:00,25.03,25.03,25.03,25.03,270,0
2014-07-15,15:50:00,25.03,25.03,25.02,25.02,4000,0
2014-07-15,16:10:00,25.02,25.02,25.02,25.02,400,0
2014-07-15,17:15:00,25.0,25.0,25.0,25.0,200,0
2014-07-15,17:20:00,25.0,25.0,24.96,24.97,1100,0
2014-07-15,17:50:00,24.97,24.98,24.97,24.97,400,0
2014-07-15,18:40:00,24.99,24.99,24.99,24.99,400,0
2014-07-15,18:55:00,24.97,24.97,24.97,24.97,480,0
2014-07-15,19:25:00,24.99,24.99,24.99,24.99,200,0
2014-07-15,19:35:00,24.99,24.99,24.99,24.99,118,0
2014-07-15,20:30:00,25.02,25.02,25.02,25.02,600,0
2014-07-15,21:40:00,25.02,25.08,25.0,25.0,2225,0
2014-07-16,17:45:00,25.09,25.09,25.09,25.09,1000,0
2014-07-16,18:55:00,25.1,25.1,25.1,25.1,400,0
2014-07-16,19:25:00,25.1,25.1,25.1,25.1,700,0
2014-07-16,21:35:00,25.11,25.11,25.11,25.11,300,0
2014-07-17,20:25:00,25.16,25.16,25.16,25.16,600,0
2014-07-17,20:45:00,25.17,25.17,25.17,25.17,200,0
2014-07-17,20:55:00,25.14,25.14,25.11,25.11,958,0
2014-07-18,17:15:00,25.12,25.12,25.12,25.12,1000,0
2014-07-18,17:45:00,25.18,25.18,25.18,25.18,300,0
2014-07-18,18:40:00,25.19,25.19,25.16,25.16,500,0
2014-07-18,20:55:00,25.19,25.25,25.19,25.25,1480,0
2014-07-21,19:45:00,25.24,25.24,25.22,25.22,990,0
2014-07-22,16:05:00,25.44,25.47,25.44,25.47,1000,0
2014-07-22,16:35:00,25.22,25.22,25.22,25.22,510,0
2014-07-22,17:10:00,25.38,25.39,25.36,25.36,670,0
2014-07-22,20:50:00,25.3,25.3,25.3,25.3,160,0
2014-07-22,21:50:00,25.35,25.35,25.35,25.35,200,0
2014-07-22,22:00:00,25.33,25.35,25.32,25.35,625,0
2014-07-23,19:20:00,25.3,25.3,25.3,25.3,750,0
2014-07-23,19:30:00,25.3,25.3,25.3,25.3,1200,0
2014-07-24,16:35:00,25.31,25.31,25.31,25.31,510,0
2014-07-24,20:45:00,25.21,25.21,25.21,25.21,1000,0
2014-07-25,20:10:00,25.3,25.3,25.3,25.3,100,0
2014-07-28,15:35:00,25.42,25.42,25.42,25.42,300,0
2014-07-28,21:00:00,25.48,25.49,25.47,25.49,1800,0
2014-07-28,21:05:00,25.5,25.5,25.5,25.5,100,0
2014-07-28,21:15:00,25.5,25.5,25.5,25.5,100,0
2014-07-28,21:20:00,25.5,25.5,25.5,25.5,200,0
2014-07-28,21:25:00,25.5,25.5,25.5,25.5,100,0
2014-07-28,21:35:00,25.5,25.5,25.5,25.5,200,0
2014-07-28,21:40:00,25.5,25.5,25.5,25.5,100,0
2014-07-28,21:45:00,25.5,25.5,25.5,25.5,100,0
2014-07-28,21:50:00,25.5,25.56,25.5,25.56,400,0
2014-07-28,21:55:00,25.8,25.8,25.8,25.8,200,0
2014-07-28,22:00:00,25.79,25.79,25.76,25.76,300,0
2014-07-29,21:05:00,25.6,25.74,25.6,25.74,500,0
2014-07-29,21:15:00,25.74,25.74,25.47,25.48,2200,0
2014-07-29,21:20:00,25.72,25.72,25.47,25.48,300,0
2014-07-29,21:25:00,25.71,25.71,25.47,25.51,1100,0
2014-07-29,21:30:00,25.7,25.7,25.44,25.44,300,0
2014-07-29,21:35:00,25.46,25.46,25.46,25.46,100,0
2014-07-29,21:40:00,25.72,25.72,25.72,25.72,400,0
2014-07-29,21:45:00,25.69,25.69,25.67,25.67,200,0
2014-07-29,21:50:00,25.5,25.69,25.5,25.69,600,0
2014-07-29,21:55:00,25.53,25.68,25.51,25.68,800,0
2014-07-29,22:00:00,25.67,25.67,25.56,25.56,200,0
2014-07-30,17:55:00,25.67,25.67,25.67,25.67,1100,0
2014-07-30,18:20:00,25.48,25.48,25.48,25.48,200,0
2014-07-30,18:50:00,25.49,25.49,25.49,25.49,500,0
2014-07-31,17:50:00,25.44,25.44,25.44,25.44,400,0
2014-07-31,18:05:00,25.37,25.37,25.37,25.37,500,0
2014-07-31,20:10:00,25.25,25.25,25.25,25.25,306,0
2014-07-31,21:50:00,25.35,25.35,25.32,25.32,985,0
2014-08-01,17:05:00,25.35,25.35,25.35,25.35,505,0
2014-08-01,17:15:00,25.35,25.35,25.35,25.35,100,0
2014-08-01,17:30:00,25.3,25.3,25.3,25.3,200,0
2014-08-01,18:05:00,25.3,25.3,25.3,25.3,695,0
2014-08-01,18:20:00,25.3,25.3,25.3,25.3,200,0
2014-08-01,18:30:00,25.3,25.3,25.3,25.3,200,0
2014-08-01,19:00:00,25.3,25.3,25.3,25.3,200,0
2014-08-01,19:35:00,25.31,25.31,25.31,25.31,470,0
2014-08-01,19:40:00,25.35,25.35,25.35,25.35,200,0
2014-08-01,19:45:00,25.32,25.32,25.32,25.32,1000,0
2014-08-01,20:10:00,25.35,25.35,25.35,25.35,100,0
2014-08-01,21:35:00,25.35,25.35,25.35,25.35,2700,0
2014-08-04,16:40:00,25.25,25.25,25.25,25.25,3400,0
2014-08-04,16:45:00,25.34,25.88,25.34,25.88,200,0
2014-08-04,17:15:00,25.25,25.27,25.25,25.27,2000,0
2014-08-04,17:30:00,25.34,25.34,25.3,25.33,600,0
2014-08-04,19:00:00,25.42,25.42,25.42,25.42,100,0
2014-08-04,19:20:00,25.4,25.4,25.4,25.4,100,0
2014-08-04,19:30:00,25.3,25.3,25.3,25.3,800,0
2014-08-04,19:45:00,25.4,25.4,25.4,25.4,300,0
2014-08-04,20:25:00,25.41,25.41,25.41,25.41,100,0
2014-08-04,20:45:00,25.41,25.41,25.41,25.41,100,0
2014-08-04,21:05:00,25.42,25.42,25.42,25.42,100,0
2014-08-04,21:15:00,25.42,25.42,25.42,25.42,100,0
2014-08-04,21:30:00,25.42,25.42,25.42,25.42,100,0
2014-08-04,21:40:00,25.42,25.42,25.42,25.42,100,0
2014-08-04,21:50:00,25.42,25.42,25.42,25.42,100,0
2014-08-04,21:55:00,25.42,25.42,25.42,25.42,100,0
2014-08-04,22:00:00,25.42,25.42,25.42,25.42,200,0
2014-08-05,16:55:00,25.42,25.42,25.42,25.42,1000,0
2014-08-05,17:05:00,25.42,25.42,25.42,25.42,100,0
2014-08-05,19:15:00,25.32,25.32,25.32,25.32,100,0
2014-08-05,20:00:00,25.31,25.31,25.31,25.31,400,0
2014-08-06,15:45:00,25.5,25.5,25.5,25.5,800,0
2014-08-06,20:25:00,25.37,25.37,25.37,25.37,600,0
2014-08-06,20:30:00,25.37,25.37,25.37,25.37,1200,0
2014-08-06,20:35:00,25.37,25.37,25.37,25.37,1100,0
2014-08-06,20:40:00,25.37,25.37,25.25,25.25,1200,0
2014-08-06,22:00:00,25.38,25.38,25.38,25.38,500,0
2014-08-07,17:05:00,25.37,25.37,25.37,25.37,400,0
2014-08-07,17:35:00,25.35,25.35,25.35,25.35,3800,0
2014-08-07,19:25:00,25.46,25.46,25.46,25.46,300,0
2014-08-08,17:45:00,25.46,25.46,25.46,25.46,2400,0
2014-08-08,21:05:00,25.55,25.55,25.55,25.55,324,0
2014-08-08,21:20:00,25.6,25.6,25.6,25.6,300,0
2014-08-08,21:45:00,25.75,25.8,25.75,25.8,2876,0
2014-08-08,21:50:00,25.75,25.75,25.75,25.75,1000,0
2014-08-12,19:55:00,25.66,25.66,25.66,25.66,400,0
2014-08-12,20:15:00,25.54,25.54,25.54,25.54,400,0
2014-08-12,20:55:00,25.38,25.38,25.38,25.38,500,0
2014-08-13,15:50:00,25.38,25.38,25.38,25.38,592,0
2014-08-13,16:35:00,25.42,25.46,25.42,25.46,808,0
2014-08-13,19:15:00,25.5,25.5,25.46,25.46,2665,0
2014-08-13,19:25:00,25.46,25.47,25.46,25.47,900,0
2014-08-13,19:50:00,25.46,25.46,25.46,25.46,1800,0
2014-08-13,20:05:00,25.46,25.47,25.46,25.46,1700,0
2014-08-13,21:15:00,25.57,25.57,25.57,25.57,1000,0
2014-08-13,21:45:00,25.47,25.47,25.47,25.47,1025,0
2014-08-13,21:55:00,25.58,25.58,25.58,25.58,1000,0
2014-08-14,15:35:00,25.65,25.65,25.65,25.65,200,0
2014-08-14,15:40:00,25.75,25.75,25.75,25.75,1000,0
2014-08-14,16:35:00,25.75,25.75,25.75,25.75,200,0
2014-08-14,16:40:00,25.75,25.75,25.75,25.75,200,0
2014-08-14,20:50:00,25.75,25.75,25.75,25.75,500,0
2014-08-15,16:50:00,25.95,25.95,25.95,25.95,100,0
2014-08-15,17:35:00,25.65,25.65,25.65,25.65,300,0
2014-08-15,20:40:00,25.65,25.65,25.65,25.65,200,0
2014-08-18,17:30:00,25.51,25.55,25.5,25.5,800,0
2014-08-18,18:10:00,25.5,25.5,25.5,25.5,2000,0
2014-08-18,21:10:00,25.6,25.6,25.6,25.6,1258,0
2014-08-18,21:35:00,25.8,25.8,25.8,25.8,963,0
2014-08-19,16:10:00,25.65,25.65,25.65,25.65,200,0
2014-08-19,17:05:00,25.75,25.75,25.75,25.75,230,0
2014-08-19,17:10:00,25.65,25.65,25.65,25.65,300,0
2014-08-19,18:05:00,25.62,25.62,25.62,25.62,1000,0
2014-08-19,20:05:00,25.81,25.81,25.81,25.81,500,0
2014-08-20,16:15:00,25.95,25.95,25.95,25.95,200,0
2014-08-20,17:25:00,25.52,25.54,25.52,25.53,1100,0
2014-08-21,17:20:00,25.52,25.52,25.52,25.52,200,0
2014-08-22,16:00:00,25.65,25.65,25.65,25.65,125,0
2014-08-22,17:55:00,25.51,25.51,25.5,25.5,1000,0
2014-08-22,19:10:00,25.5,25.5,25.5,25.5,100,0
2014-08-25,15:55:00,25.5,25.5,25.5,25.5,1380,0
2014-08-25,16:00:00,25.86,25.86,25.86,25.86,300,0
2014-08-25,17:20:00,25.5,25.5,25.5,25.5,1887,0
2014-08-25,18:15:00,25.67,25.67,25.67,25.67,200,0
2014-08-25,21:10:00,25.54,25.54,25.51,25.51,200,0
2014-08-25,21:25:00,25.5,25.5,25.36,25.36,1400,0
2014-08-25,21:50:00,25.36,25.36,25.36,25.36,400,0
2014-08-25,21:55:00,25.43,25.43,25.43,25.43,300,0
2014-08-26,16:00:00,25.33,25.33,25.25,25.25,3924,0
2014-08-26,16:55:00,25.47,25.47,25.4,25.4,575,0
2014-08-26,18:00:00,25.48,25.48,25.48,25.48,130,0
2014-08-26,18:50:00,25.46,25.46,25.43,25.43,900,0
2014-08-26,19:55:00,25.5,25.5,25.5,25.5,100,0
2014-08-26,20:25:00,25.47,25.47,25.47,25.47,1000,0
2014-08-27,15:50:00,25.27,25.27,25.19,25.22,2000,0
2014-08-27,16:00:00,25.26,25.26,25.19,25.22,2275,0
2014-08-27,16:45:00,25.46,25.46,25.35,25.35,650,0
2014-08-27,17:35:00,25.49,25.49,25.49,25.49,200,0
2014-08-27,20:00:00,25.3,25.35,25.3,25.35,1300,0
2014-08-27,20:10:00,25.25,25.25,25.22,25.22,600,0
2014-08-28,15:35:00,25.22,25.23,25.21,25.23,2400,0
2014-08-28,15:40:00,25.23,25.23,25.23,25.23,400,0
2014-08-28,17:10:00,25.36,25.36,25.3,25.3,660,0
2014-08-28,17:30:00,25.16,25.36,25.16,25.36,1830,0
2014-08-28,17:35:00,25.36,25.36,25.35,25.35,700,0
2014-08-28,18:20:00,25.36,25.36,25.35,25.35,400,0
2014-08-28,19:45:00,25.35,25.47,25.35,25.47,2338,0
2014-08-28,20:55:00,25.41,25.41,25.41,25.41,450,0
2014-08-28,21:20:00,25.38,25.38,25.38,25.38,1500,0
2014-08-28,21:30:00,25.34,25.37,25.34,25.37,455,0
2014-08-28,21:50:00,25.38,25.38,25.38,25.38,400,0
2014-08-29,15:40:00,25.41,25.41,25.41,25.41,100,0
2014-08-29,15:50:00,25.41,25.41,25.41,25.41,100,0
2014-08-29,18:55:00,25.45,25.47,25.44,25.47,1230,0
2014-08-29,19:25:00,25.47,25.48,25.47,25.48,900,0
2014-09-02,20:25:00,25.51,25.55,25.51,25.54,500,0
2014-09-02,20:35:00,25.52,25.52,25.52,25.52,100,0
2014-09-02,20:45:00,25.57,25.57,25.57,25.57,200,0
2014-09-02,21:05:00,25.57,25.6,25.57,25.6,1050,0
2014-09-02,21:20:00,25.59,25.61,25.59,25.61,1300,0
2014-09-02,21:50:00,25.59,25.59,25.59,25.59,300,0
2014-09-02,21:55:00,25.6,25.6,25.6,25.6,200,0
2014-09-03,16:45:00,25.65,25.65,25.65,25.65,800,0
2014-09-03,18:20:00,25.66,25.66,25.66,25.66,100,0
2014-09-03,18:30:00,25.66,25.66,25.66,25.66,100,0
2014-09-03,19:10:00,25.74,25.74,25.74,25.74,800,0
2014-09-03,20:25:00,25.79,25.79,25.79,25.79,500,0
2014-09-04,21:15:00,25.65,25.65,25.53,25.59,1736,0
2014-09-05,20:00:00,25.6,25.6,25.6,25.6,300,0
2014-09-08,15:45:00,25.84,25.84,25.84,25.84,300,0
2014-09-08,16:35:00,25.8,25.8,25.79,25.79,1300,0
2014-09-08,17:20:00,25.56,25.56,25.56,25.56,300,0
2014-09-08,20:10:00,25.63,25.63,25.61,25.62,400,0
2014-09-10,18:40:00,25.47,25.49,25.47,25.49,900,0
2014-09-10,19:00:00,25.47,25.47,25.47,25.47,200,0
2014-09-10,19:10:00,25.48,25.48,25.48,25.48,500,0
2014-09-10,19:25:00,25.46,25.46,25.45,25.45,1700,0
2014-09-10,20:15:00,25.48,25.48,25.48,25.48,200,0
2014-09-10,20:20:00,25.47,25.47,25.44,25.44,1000,0
2014-09-10,20:25:00,25.43,25.44,25.43,25.44,1000,0
2014-09-10,20:40:00,25.43,25.44,25.42,25.42,500,0
2014-09-10,21:40:00,25.41,25.41,25.41,25.41,300,0
2014-09-11,16:10:00,25.45,25.45,25.45,25.45,200,0
2014-09-12,16:05:00,25.41,25.41,25.41,25.41,200,0
2014-09-12,20:05:00,25.56,25.56,25.56,25.56,200,0
2014-09-12,20:20:00,25.56,25.56,25.56,25.56,466,0
2014-09-12,21:25:00,25.42,25.42,25.42,25.42,100,0
2014-09-12,22:00:00,25.41,25.41,25.41,25.41,300,0
2014-09-15,20:50:00,25.47,25.47,25.47,25.47,150,0
2014-09-16,18:15:00,25.48,25.48,25.48,25.48,155,0
2014-09-16,19:40:00,25.5,25.5,25.5,25.5,310,0
2014-09-16,21:10:00,25.47,25.47,25.47,25.47,400,0
2014-09-16,21:25:00,25.41,25.41,25.35,25.35,1825,0
2014-09-17,15:35:00,25.37,25.37,25.37,25.37,200,0
2014-09-17,15:40:00,25.36,25.36,25.35,25.35,500,0
2014-09-17,21:45:00,25.35,25.35,25.35,25.35,1000,0
2014-09-17,21:50:00,25.25,25.25,25.25,25.25,1000,0
2014-09-18,18:45:00,25.45,25.45,25.45,25.45,1000,0
2014-09-18,19:20:00,25.43,25.43,25.43,25.43,200,0
2014-09-19,16:45:00,25.46,25.46,25.46,25.46,275,0
2014-09-19,17:40:00,25.49,25.49,25.49,25.49,1925,0
2014-09-19,18:30:00,25.31,25.44,25.31,25.44,400,0
2014-09-19,18:35:00,25.49,25.49,25.37,25.37,898,0
2014-09-19,19:55:00,25.33,25.33,25.33,25.33,200,0
2014-09-22,16:55:00,25.45,25.45,25.45,25.45,415,0
2014-09-22,17:30:00,25.25,25.25,25.25,25.25,530,0
2014-09-22,20:15:00,25.4,25.4,25.4,25.4,415,0
2014-09-22,21:35:00,25.26,25.26,25.26,25.26,600,0
2014-09-22,21:40:00,25.25,25.25,25.1,25.1,3700,0
2014-09-22,21:45:00,25.23,25.25,25.16,25.25,1300,0
2014-09-22,21:50:00,25.38,25.38,25.3,25.31,1900,0
2014-09-22,21:55:00,25.31,25.39,25.15,25.39,2700,0
2014-09-22,22:00:00,25.32,25.39,25.29,25.29,3079,0
2014-09-23,15:45:00,25.24,25.24,25.24,25.24,300,0
2014-09-23,15:55:00,25.25,25.25,25.25,25.25,300,0
2014-09-23,17:20:00,25.3,25.3,25.3,25.3,300,0
2014-09-23,19:20:00,25.45,25.45,25.45,25.45,2000,0
2014-09-23,19:40:00,25.2,25.21,25.01,25.21,600,0
2014-09-23,19:45:00,25.33,25.33,25.33,25.33,100,0
2014-09-23,21:10:00,25.42,25.42,25.42,25.42,1400,0
2014-09-24,16:30:00,25.15,25.17,25.11,25.17,2498,0
2014-09-24,16:35:00,25.2,25.2,25.2,25.2,100,0
2014-09-24,16:40:00,25.21,25.21,25.21,25.21,200,0
2014-09-24,17:25:00,25.18,25.18,25.18,25.18,100,0
2014-09-24,17:35:00,25.15,25.15,25.15,25.15,200,0
2014-09-24,19:00:00,25.21,25.21,25.21,25.21,285,0
2014-09-24,19:25:00,25.21,25.23,25.21,25.23,500,0
2014-09-24,19:35:00,25.24,25.25,25.22,25.24,1200,0
2014-09-24,19:40:00,25.25,25.25,25.25,25.25,200,0
2014-09-24,19:45:00,25.25,25.25,25.25,25.25,100,0
2014-09-24,19:50:00,25.25,25.3,25.19,25.3,1200,0
2014-09-24,19:55:00,25.3,25.34,25.3,25.34,300,0
2014-09-24,21:10:00,25.42,25.42,25.42,25.42,300,0
2014-09-24,21:15:00,25.42,25.5,25.38,25.5,3900,0
2014-09-24,21:20:00,25.5,25.6,25.5,25.59,1900,0
2014-09-24,21:25:00,25.57,25.57,25.55,25.55,400,0
2014-09-24,21:30:00,25.44,25.61,25.32,25.6,4009,0
2014-09-24,21:35:00,25.6,25.6,25.6,25.6,300,0
2014-09-25,16:55:00,25.5,25.5,25.5,25.5,500,0
2014-09-25,17:00:00,25.5,25.5,25.5,25.5,2000,0
2014-09-25,17:15:00,25.5,25.5,25.5,25.5,100,0
2014-09-25,17:25:00,25.45,25.45,25.45,25.45,2000,0
2014-09-25,17:35:00,25.45,25.45,25.45,25.45,1400,0
2014-09-25,17:55:00,25.45,25.45,25.45,25.45,100,0
2014-09-25,21:10:00,25.68,25.85,25.68,25.85,10800,0
2014-09-26,15:35:00,25.85,25.85,25.85,25.85,250,0
2014-09-29,16:25:00,25.89,25.89,25.89,25.89,3150,0
2014-09-29,17:35:00,25.8,25.8,25.6,25.62,2200,0
2014-09-29,17:40:00,25.85,25.85,25.85,25.85,2200,0
2014-09-29,21:40:00,25.6,25.6,25.6,25.6,400,0
2014-09-29,21:55:00,25.85,25.85,25.85,25.85,250,0
2014-09-30,18:40:00,25.9,25.98,25.9,25.91,2500,0
2014-09-30,19:50:00,25.99,26.0,25.99,26.0,450,0
2014-09-30,20:00:00,25.57,25.57,25.56,25.56,200,0
2014-09-30,20:05:00,25.89,25.9,25.89,25.89,900,0
2014-09-30,20:25:00,25.9,25.9,25.9,25.9,1000,0
2014-09-30,21:55:00,25.85,25.99,25.85,25.93,2100,0
2014-10-01,17:25:00,25.65,25.65,25.65,25.65,2400,0
2014-10-02,18:20:00,25.54,25.54,25.54,25.54,1000,0
2014-10-03,16:25:00,25.88,25.88,25.88,25.88,360,0
2014-10-03,17:50:00,25.63,25.63,25.4,25.52,2800,0
2014-10-03,18:10:00,25.54,25.54,25.54,25.54,100,0
2014-10-06,16:35:00,25.6,25.6,25.6,25.6,2592,0
2014-10-06,17:45:00,25.6,25.62,25.6,25.62,600,0
2014-10-06,21:45:00,25.6,25.6,25.6,25.6,350,0
2014-10-06,21:50:00,25.55,25.55,25.55,25.55,100,0
2014-10-06,21:55:00,25.51,25.55,25.5,25.5,3700,0
2014-10-06,22:00:00,25.5,25.5,25.5,25.5,700,0
2014-10-08,20:00:00,25.91,25.91,25.91,25.91,285,0
2014-10-08,20:15:00,25.52,25.69,25.27,25.69,2085,0
2014-10-09,20:15:00,25.13,25.13,25.13,25.13,150,0
2014-10-10,16:10:00,25.15,25.15,25.15,25.15,200,0
2014-10-10,19:40:00,25.23,25.23,25.23,25.23,500,0
2014-10-13,16:35:00,25.2,25.2,25.2,25.2,145,0
2014-10-13,19:45:00,25.15,25.15,25.15,25.15,100,0
2014-10-13,19:50:00,25.15,25.15,25.15,25.15,1650,0
2014-10-13,19:55:00,25.15,25.15,25.15,25.15,300,0
2014-10-13,20:05:00,25.15,25.15,25.15,25.15,200,0
2014-10-13,20:10:00,25.15,25.15,25.15,25.15,600,0
2014-10-13,20:15:00,25.15,25.15,25.15,25.15,300,0
2014-10-13,20:20:00,25.15,25.15,25.15,25.15,200,0
2014-10-13,20:25:00,25.15,25.15,25.04,25.04,1800,0
2014-10-13,20:30:00,24.95,24.95,24.78,24.78,300,0
2014-10-13,20:35:00,24.77,24.77,24.77,24.77,100,0
2014-10-13,21:00:00,24.77,24.77,24.37,24.37,1000,0
2014-10-13,21:50:00,24.47,24.47,24.47,24.47,200,0
2014-10-14,17:05:00,24.74,24.74,24.74,24.74,200,0
2014-10-14,18:40:00,24.4,24.4,24.12,24.18,400,0
2014-10-15,15:50:00,24.91,24.91,24.91,24.91,100,0
2014-10-15,15:55:00,24.39,24.39,24.39,24.39,400,0
2014-10-15,16:30:00,24.46,24.46,24.46,24.46,100,0
2014-10-15,17:55:00,24.5,24.5,24.5,24.5,200,0
2014-10-15,18:10:00,24.49,24.49,24.41,24.41,600,0
2014-10-15,18:15:00,24.32,24.32,24.32,24.32,400,0
2014-10-15,19:50:00,24.15,24.15,24.15,24.15,900,0
2014-10-15,20:20:00,24.15,24.15,24.15,24.15,200,0
2014-10-15,20:30:00,24.28,24.28,24.28,24.28,400,0
2014-10-15,21:00:00,24.18,24.18,24.18,24.18,100,0
2014-10-15,21:45:00,24.45,24.45,24.45,24.45,100,0
2014-10-15,21:55:00,24.38,24.38,24.38,24.38,225,0
2014-10-16,16:30:00,24.3,24.3,24.3,24.3,626,0
2014-10-16,16:35:00,24.41,24.41,24.41,24.41,500,0
2014-10-16,16:45:00,24.39,24.39,24.39,24.39,300,0
2014-10-16,16:50:00,24.42,24.42,24.42,24.42,1600,0
2014-10-16,17:05:00,24.15,24.2,24.15,24.2,265,0
2014-10-16,17:25:00,24.37,24.37,24.37,24.37,200,0
2014-10-16,17:35:00,24.37,24.37,24.37,24.37,400,0
2014-10-16,17:40:00,24.25,24.28,24.25,24.28,300,0
2014-10-16,17:50:00,24.33,24.42,24.33,24.42,900,0
2014-10-16,17:55:00,24.45,24.45,24.45,24.45,1100,0
2014-10-16,18:05:00,24.47,24.47,24.45,24.45,1000,0
2014-10-16,19:25:00,25.2,25.2,25.2,25.2,800,0
2014-10-17,18:45:00,25.14,25.14,25.14,25.14,200,0
2014-10-20,17:20:00,25.09,25.09,25.08,25.08,400,0
2014-10-20,21:55:00,24.9,24.9,24.9,24.9,100,0
2014-10-21,16:05:00,24.9,24.9,24.9,24.9,100,0
2014-10-21,17:20:00,24.95,24.95,24.95,24.95,400,0
2014-10-21,18:05:00,24.9,24.96,24.9,24.96,1000,0
2014-10-21,20:55:00,24.9,24.95,24.7,24.76,1150,0
2014-10-22,19:35:00,24.9,24.9,24.9,24.9,200,0
2014-10-22,21:30:00,24.73,24.73,24.67,24.67,500,0
2014-10-22,21:35:00,24.84,24.84,24.84,24.84,200,0
2014-10-22,21:50:00,24.67,24.67,24.67,24.67,100,0
2014-10-23,16:50:00,24.95,24.99,24.95,24.99,250,0
2014-10-23,17:20:00,24.99,24.99,24.99,24.99,200,0
2014-10-23,17:30:00,24.78,24.78,24.78,24.78,100,0
2014-10-23,21:10:00,24.94,24.94,24.94,24.94,135,0
2014-10-23,21:20:00,24.97,24.97,24.97,24.97,135,0
2014-10-24,18:20:00,25.0,25.0,25.0,25.0,100,0
2014-10-27,15:40:00,25.11,25.11,25.11,25.11,300,0
2014-10-27,16:40:00,25.06,25.06,25.06,25.06,100,0
2014-10-27,16:55:00,25.08,25.1,25.08,25.1,4400,0
2014-10-27,17:35:00,25.1,25.1,25.08,25.1,1000,0
2014-10-27,18:05:00,25.15,25.15,25.15,25.15,800,0
2014-10-27,18:10:00,25.11,25.11,25.1,25.1,200,0
2014-10-28,15:55:00,25.16,25.16,25.16,25.16,800,0
2014-10-28,18:55:00,24.99,24.99,24.99,24.99,1000,0
2014-10-29,16:25:00,25.17,25.17,25.17,25.17,200,0
2014-10-29,16:55:00,25.16,25.16,25.16,25.16,600,0
2014-10-29,20:50:00,24.83,24.83,24.83,24.83,400,0
2014-10-30,14:40:00,25.21,25.21,25.18,25.19,600,0
2014-10-30,17:40:00,25.16,25.16,25.16,25.16,300,0
2014-10-30,17:50:00,25.15,25.15,25.15,25.15,300,0
2014-10-30,17:55:00,25.16,25.16,25.16,25.16,518,0
2014-10-30,18:45:00,24.87,24.87,24.87,24.87,185,0
2014-11-03,20:50:00,24.95,24.95,24.95,24.95,328,0
2014-11-03,21:05:00,24.9,24.9,24.9,24.9,200,0
2014-11-03,21:55:00,24.89,24.89,24.89,24.89,100,0
2014-11-04,17:55:00,24.77,24.77,24.76,24.76,500,0
2014-11-04,18:55:00,25.0,25.0,25.0,25.0,200,0
2014-11-04,20:10:00,25.05,25.05,25.05,25.05,200,0
2014-11-04,22:00:00,25.15,25.15,25.15,25.15,100,0
2014-11-05,16:55:00,25.05,25.05,25.05,25.05,100,0
2014-11-05,17:50:00,25.05,25.05,25.05,25.05,100,0
2014-11-06,17:20:00,24.87,24.87,24.87,24.87,200,0
2014-11-06,18:25:00,25.1,25.1,25.1,25.1,400,0
2014-11-06,21:05:00,24.95,24.95,24.88,24.88,2000,0
2014-11-07,16:05:00,25.08,25.08,25.08,25.08,100,0
2014-11-07,17:00:00,24.85,24.85,24.85,24.85,200,0
2014-11-07,20:45:00,24.85,24.9,24.85,24.9,400,0
2014-11-07,21:50:00,25.01,25.01,25.01,25.01,200,0
2014-11-07,22:00:00,25.01,25.01,25.01,25.01,200,0
2014-11-10,21:35:00,24.89,24.89,24.66,24.66,11790,0
2014-11-11,15:35:00,24.59,24.59,24.55,24.55,500,0
2014-11-11,16:00:00,24.72,24.72,24.72,24.72,770,0
2014-11-11,18:45:00,24.31,24.31,24.26,24.27,800,0
2014-11-11,18:55:00,24.36,24.39,24.36,24.39,300,0
2014-11-11,19:20:00,24.4,24.4,24.4,24.4,170,0
2014-11-11,20:10:00,24.34,24.34,24.32,24.34,1400,0
2014-11-11,20:25:00,24.37,24.37,24.37,24.37,400,0
2014-11-11,20:30:00,24.38,24.38,24.38,24.38,200,0
2014-11-11,20:35:00,24.35,24.35,24.35,24.35,200,0
2014-11-11,20:45:00,24.28,24.28,24.27,24.27,200,0
2014-11-11,21:05:00,24.27,24.27,24.2,24.2,1600,0
2014-11-11,21:10:00,24.23,24.23,24.23,24.23,100,0
2014-11-11,21:15:00,24.35,24.35,24.32,24.32,200,0
2014-11-11,21:25:00,24.38,24.46,24.38,24.46,2100,0
2014-11-11,21:55:00,24.24,24.24,24.24,24.24,100,0
2014-11-11,22:00:00,24.3,24.4,24.27,24.4,300,0
2014-11-12,16:20:00,24.45,24.45,24.45,24.45,250,0
2014-11-12,16:40:00,24.43,24.43,24.43,24.43,200,0
2014-11-12,17:00:00,24.43,24.43,24.43,24.43,550,0
2014-11-12,17:10:00,24.42,24.47,24.42,24.47,1000,0
2014-11-12,17:35:00,24.64,24.64,24.64,24.64,200,0
2014-11-12,21:55:00,24.48,24.48,24.48,24.48,400,0
2014-11-13,17:45:00,24.5,24.5,24.5,24.5,1000,0
2014-11-13,18:10:00,24.5,24.5,24.5,24.5,350,0
2014-11-13,18:15:00,24.5,24.5,24.5,24.5,200,0
2014-11-13,18:30:00,24.54,24.54,24.54,24.54,400,0
2014-11-13,18:35:00,24.53,24.53,24.5,24.5,600,0
2014-11-13,18:55:00,24.5,24.5,24.5,24.5,558,0
2014-11-13,19:05:00,24.5,24.5,24.5,24.5,300,0
2014-11-13,20:35:00,24.37,24.5,24.36,24.5,1000,0
2014-11-13,21:15:00,24.33,24.33,24.31,24.31,3434,0
2014-11-13,21:20:00,24.4,24.4,24.4,24.4,250,0
2014-11-13,21:40:00,24.42,24.5,24.39,24.5,1000,0
2014-11-13,22:00:00,24.16,24.2,24.16,24.2,1500,0
2014-11-14,16:15:00,24.2,24.2,24.1,24.1,1975,0
2014-11-14,16:50:00,24.5,24.5,24.5,24.5,100,0
2014-11-14,17:45:00,24.24,24.24,24.24,24.24,100,0
2014-11-14,17:50:00,24.11,24.11,24.11,24.11,100,0
2014-11-14,18:45:00,24.12,24.12,24.12,24.12,100,0
2014-11-14,18:50:00,24.11,24.11,24.11,24.11,100,0
2014-11-14,18:55:00,24.1,24.1,24.1,24.1,500,0
2014-11-14,19:00:00,24.1,24.1,24.1,24.1,200,0
2014-11-14,19:05:00,24.1,24.1,24.01,24.01,400,0
2014-11-14,19:15:00,24.01,24.01,24.01,24.01,200,0
2014-11-14,19:25:00,23.93,23.93,23.93,23.93,200,0
2014-11-14,19:30:00,23.94,23.94,23.94,23.94,100,0
2014-11-14,19:35:00,23.95,23.95,23.95,23.95,200,0
2014-11-14,19:40:00,23.96,23.96,23.96,23.96,100,0
2014-11-14,19:45:00,23.96,23.96,23.96,23.96,200,0
2014-11-14,19:50:00,23.96,23.96,23.96,23.96,100,0
2014-11-14,19:55:00,23.96,23.96,23.96,23.96,200,0
2014-11-14,20:00:00,23.95,24.25,23.95,24.25,600,0
2014-11-14,20:05:00,23.95,23.95,23.95,23.95,200,0
2014-11-14,20:10:00,23.97,23.97,23.97,23.97,100,0
2014-11-14,20:15:00,23.95,23.95,23.95,23.95,200,0
2014-11-14,20:20:00,23.95,23.95,23.95,23.95,200,0
2014-11-14,20:25:00,23.92,23.92,23.92,23.92,200,0
2014-11-14,20:30:00,23.91,23.91,23.91,23.91,100,0
2014-11-14,20:35:00,23.9,24.01,23.9,24.01,300,0
2014-11-14,20:40:00,23.91,23.91,23.91,23.91,100,0
2014-11-14,20:45:00,23.92,23.92,23.92,23.92,100,0
2014-11-14,20:50:00,23.94,24.01,23.94,24.01,200,0
2014-11-14,20:55:00,24.01,24.01,24.01,24.01,200,0
2014-11-14,21:05:00,23.96,23.96,23.96,23.96,100,0
2014-11-14,21:10:00,23.96,23.96,23.95,23.95,900,0
2014-11-14,21:15:00,24.04,24.04,24.04,24.04,100,0
2014-11-14,21:20:00,24.04,24.04,24.04,24.04,100,0
2014-11-14,21:25:00,23.97,23.97,23.97,23.97,400,0
2014-11-14,21:30:00,24.13,24.14,23.99,23.99,300,0
2014-11-14,21:35:00,23.96,23.96,23.96,23.96,100,0
2014-11-14,21:40:00,23.96,24.0,23.95,24.0,300,0
2014-11-14,21:45:00,23.92,23.92,23.92,23.92,8900,0
2014-11-14,21:50:00,23.92,23.99,23.92,23.99,5200,0
2014-11-14,22:00:00,24.0,24.0,23.92,24.0,1600,0
2014-11-17,15:35:00,23.91,23.91,23.91,23.91,200,0
2014-11-17,15:40:00,23.9,23.9,23.9,23.9,200,0
2014-11-17,15:45:00,24.0,24.0,24.0,24.0,300,0
2014-11-17,17:35:00,24.12,24.12,24.1,24.1,300,0
2014-11-17,18:40:00,24.42,24.47,24.4,24.4,1600,0
2014-11-17,18:45:00,24.4,24.45,24.25,24.25,1776,0
2014-11-17,19:20:00,24.41,24.41,24.41,24.41,300,0
2014-11-17,19:25:00,24.41,24.41,24.41,24.41,300,0
2014-11-17,20:00:00,24.38,24.38,24.38,24.38,100,0
2014-11-17,20:05:00,24.37,24.37,24.37,24.37,636,0
2014-11-17,20:30:00,24.36,24.47,24.36,24.47,400,0
2014-11-17,20:35:00,24.47,24.47,24.47,24.47,400,0
2014-11-17,20:50:00,24.35,24.35,24.35,24.35,700,0
2014-11-17,21:30:00,24.3,24.3,24.3,24.3,900,0
2014-11-17,21:35:00,24.27,24.34,24.27,24.34,703,0
2014-11-17,21:40:00,24.27,24.27,24.27,24.27,200,0
2014-11-17,21:45:00,24.35,24.35,24.34,24.35,1030,0
2014-11-17,21:50:00,24.38,24.4,24.38,24.4,400,0
2014-11-17,22:00:00,24.4,24.4,24.38,24.38,612,0
2014-11-18,15:40:00,24.5,24.5,24.5,24.5,500,0
2014-11-18,16:00:00,24.7,24.7,24.7,24.7,300,0
2014-11-18,16:05:00,24.6,24.6,24.6,24.6,800,0
2014-11-18,17:20:00,24.6,24.6,24.25,24.25,900,0
2014-11-18,18:45:00,24.7,24.7,24.7,24.7,1250,0
2014-11-18,20:40:00,24.46,24.46,24.46,24.46,100,0
2014-11-18,20:45:00,24.43,24.43,24.43,24.43,200,0
2014-11-18,20:50:00,24.45,24.45,24.45,24.45,100,0
2014-11-18,21:00:00,24.42,24.43,24.42,24.43,700,0
2014-11-18,21:15:00,24.5,24.5,24.5,24.5,808,0
2014-11-18,21:20:00,24.5,24.5,24.5,24.5,100,0
2014-11-18,21:30:00,24.5,24.5,24.5,24.5,200,0
2014-11-18,21:40:00,24.5,24.5,24.5,24.5,100,0
2014-11-18,21:50:00,24.7,24.7,24.7,24.7,225,0
2014-11-20,15:40:00,24.69,24.69,24.69,24.69,100,0
2014-11-20,18:50:00,24.69,24.69,24.69,24.69,300,0
2014-11-20,20:50:00,24.69,24.69,24.69,24.69,300,0
2014-11-20,21:25:00,24.65,24.69,24.65,24.69,1100,0
2014-11-21,16:25:00,24.87,24.87,24.87,24.87,310,0
2014-11-21,18:25:00,24.82,24.86,24.82,24.82,2116,0
2014-11-21,19:30:00,24.87,24.87,24.82,24.86,700,0
2014-11-21,19:55:00,24.8,24.8,24.8,24.8,100,0
2014-11-24,15:45:00,24.74,24.74,24.74,24.74,750,0
2014-11-24,16:35:00,24.55,24.57,24.55,24.55,1600,0
2014-11-24,21:35:00,24.7,24.7,24.7,24.7,627,0
2014-11-24,21:55:00,24.7,24.7,24.7,24.7,423,0
2014-11-25,18:25:00,24.61,24.62,24.61,24.62,2000,0
2014-11-25,19:00:00,24.7,24.7,24.7,24.7,200,0
2014-11-25,19:15:00,24.72,24.79,24.72,24.79,1300,0
2014-11-25,20:25:00,24.76,24.8,24.76,24.8,1615,0
2014-11-25,20:55:00,24.89,25.06,24.89,25.04,1004,0
2014-11-26,15:45:00,24.84,24.84,24.84,24.84,485,0
2014-11-26,20:40:00,24.84,24.99,24.75,24.78,900,0
2014-11-28,15:35:00,24.75,24.75,24.75,24.75,200,0
2014-11-28,17:50:00,25.15,25.15,25.15,25.15,200,0
2014-11-28,18:20:00,24.86,24.86,24.6,24.6,1000,0
2014-12-01,15:35:00,24.61,24.61,24.61,24.61,300,0
2014-12-01,18:30:00,24.9,24.95,24.9,24.95,1300,0
2014-12-01,20:05:00,24.9,24.93,24.9,24.93,983,0
2014-12-02,21:30:00,24.78,24.78,24.75,24.75,1749,0
2014-12-02,21:35:00,24.74,24.74,24.74,24.74,200,0
2014-12-02,21:45:00,24.65,24.65,24.65,24.65,183,0
2014-12-03,17:05:00,24.75,24.75,24.75,24.75,500,0
2014-12-03,17:15:00,24.58,24.61,24.58,24.61,1250,0
2014-12-03,17:20:00,24.71,24.71,24.71,24.71,820,0
2014-12-03,18:00:00,24.59,24.59,24.59,24.59,400,0
2014-12-03,18:15:00,24.58,24.58,24.58,24.58,792,0
2014-12-03,19:05:00,24.61,24.61,24.61,24.61,1000,0
2014-12-04,21:30:00,25.01,25.01,25.01,25.01,1000,0
2014-12-04,21:50:00,25.01,25.01,25.01,25.01,200,0
2014-12-05,16:00:00,24.8,24.8,24.8,24.8,300,0
2014-12-05,18:15:00,24.75,24.75,24.75,24.75,1250,0
2014-12-05,18:40:00,24.7,24.7,24.7,24.7,500,0
2014-12-08,16:55:00,24.59,24.59,24.59,24.59,600,0
2014-12-08,19:10:00,24.62,24.62,24.6,24.6,3000,0
2014-12-08,19:15:00,24.59,24.59,24.59,24.59,400,0
2014-12-08,19:25:00,24.57,24.57,24.57,24.57,600,0
2014-12-08,20:10:00,24.52,24.52,24.52,24.52,200,0
2014-12-08,20:20:00,24.58,24.58,24.58,24.58,1000,0
2014-12-08,21:35:00,24.57,24.58,24.56,24.57,2200,0
2014-12-08,21:50:00,24.58,24.59,24.58,24.59,1000,0
2014-12-08,21:55:00,24.59,24.59,24.59,24.59,300,0
2014-12-08,22:00:00,24.6,24.8,24.6,24.75,1750,0
2014-12-09,16:15:00,24.85,24.85,24.85,24.85,100,0
2014-12-09,16:20:00,24.54,24.55,24.53,24.55,2071,0
2014-12-09,17:05:00,24.52,24.52,24.52,24.52,800,0
2014-12-09,17:35:00,24.7,24.7,24.7,24.7,200,0
2014-12-09,18:20:00,24.68,24.68,24.68,24.68,500,0
2014-12-09,19:55:00,24.52,24.52,24.52,24.52,800,0
2014-12-09,20:00:00,24.67,24.7,24.67,24.7,1000,0
2014-12-09,20:15:00,24.56,24.56,24.55,24.55,700,0
2014-12-09,20:30:00,24.68,24.7,24.67,24.7,1200,0
2014-12-09,21:15:00,24.91,24.91,24.7,24.7,1400,0
2014-12-09,21:40:00,24.55,24.7,24.55,24.7,765,0
2014-12-10,16:20:00,24.65,24.65,24.65,24.65,400,0
2014-12-10,18:30:00,24.53,24.53,24.53,24.53,250,0
2014-12-10,18:45:00,24.61,24.64,24.6,24.6,1500,0
2014-12-10,20:40:00,24.5,24.52,24.5,24.5,600,0
2014-12-10,20:55:00,24.5,24.5,24.5,24.5,900,0
2014-12-10,21:15:00,24.6,24.64,24.6,24.6,3620,0
2014-12-10,21:40:00,24.65,24.65,24.65,24.65,500,0
2014-12-11,16:00:00,24.7,24.7,24.7,24.7,600,0
2014-12-11,16:45:00,24.65,24.65,24.65,24.65,250,0
2014-12-11,17:05:00,24.65,24.65,24.65,24.65,600,0
2014-12-11,18:35:00,24.6,24.65,24.6,24.65,250,0
2014-12-11,19:10:00,24.55,24.55,24.55,24.55,100,0
2014-12-11,20:15:00,24.53,24.53,24.53,24.53,100,0
2014-12-11,20:40:00,24.65,24.65,24.65,24.65,575,0
2014-12-11,21:00:00,24.7,24.7,24.7,24.7,392,0
2014-12-11,21:10:00,24.7,24.7,24.7,24.7,443,0
2014-12-12,16:10:00,24.91,24.91,24.91,24.91,100,0
2014-12-12,16:55:00,24.63,24.63,24.63,24.63,1000,0
2014-12-12,17:40:00,24.53,24.92,24.53,24.92,1570,0
2014-12-12,18:30:00,24.84,24.84,24.84,24.84,100,0
2014-12-12,19:30:00,24.53,24.53,24.53,24.53,200,0
2014-12-12,19:45:00,24.8,24.8,24.8,24.8,100,0
2014-12-12,20:05:00,24.85,24.86,24.85,24.86,200,0
2014-12-12,20:45:00,24.84,24.84,24.84,24.84,100,0
2014-12-12,21:25:00,24.89,24.89,24.89,24.89,100,0
2014-12-15,18:30:00,24.8,24.8,24.8,24.8,1000,0
2014-12-15,19:25:00,24.5,24.5,24.5,24.5,600,0
2014-12-15,19:55:00,24.5,24.5,24.5,24.5,400,0
2014-12-15,20:00:00,24.5,24.5,24.5,24.5,860,0
2014-12-15,20:15:00,24.75,24.75,24.75,24.75,400,0
2014-12-15,20:40:00,24.5,24.5,24.5,24.5,800,0
2014-12-15,20:55:00,24.5,24.5,24.5,24.5,460,0
2014-12-15,21:20:00,24.8,24.8,24.8,24.8,1566,0
2014-12-16,20:15:00,24.51,24.51,24.51,24.51,210,0
2014-12-16,20:55:00,24.51,24.51,24.51,24.51,200,0
2014-12-16,21:00:00,24.51,24.51,24.51,24.51,300,0
2014-12-17,17:15:00,24.5,24.5,24.5,24.5,100,0
2014-12-17,17:20:00,24.52,24.52,24.51,24.51,300,0
2014-12-17,17:30:00,24.52,24.52,24.5,24.5,600,0
2014-12-17,18:10:00,24.51,24.51,24.5,24.5,1700,0
2014-12-17,18:15:00,24.5,24.5,24.5,24.5,270,0
2014-12-17,18:20:00,24.5,24.5,24.5,24.5,200,0
2014-12-17,20:10:00,24.49,24.49,24.49,24.49,100,0
2014-12-17,21:20:00,24.46,24.5,24.46,24.5,400,0
2014-12-17,21:25:00,24.5,24.5,24.5,24.5,300,0
2014-12-18,15:45:00,24.5,24.5,24.5,24.5,100,0
2014-12-18,16:45:00,24.5,24.5,24.5,24.5,100,0
2014-12-18,17:10:00,24.75,24.75,24.75,24.75,300,0
2014-12-18,19:05:00,24.75,24.75,24.75,24.75,260,0
2014-12-18,19:10:00,24.75,24.75,24.75,24.75,200,0
2014-12-18,19:20:00,24.76,24.76,24.75,24.76,1000,0
2014-12-18,19:30:00,24.75,24.75,24.75,24.75,950,0
2014-12-18,19:35:00,24.75,24.75,24.75,24.75,285,0
2014-12-18,19:45:00,24.75,24.75,24.75,24.75,500,0
2014-12-18,19:50:00,24.75,24.75,24.75,24.75,450,0
2014-12-18,19:55:00,24.75,24.75,24.75,24.75,600,0
2014-12-18,20:35:00,24.56,24.56,24.56,24.56,180,0
2014-12-18,20:45:00,24.56,24.56,24.56,24.56,175,0
2014-12-18,20:50:00,24.58,24.58,24.58,24.58,500,0
2014-12-18,21:10:00,24.59,24.59,24.56,24.56,200,0
2014-12-19,18:55:00,24.6,24.6,24.6,24.6,500,0
2014-12-19,19:20:00,24.6,24.6,24.6,24.6,1720,0
2014-12-19,20:35:00,24.6,24.6,24.6,24.6,220,0
2014-12-19,21:00:00,24.6,24.6,24.6,24.6,1000,0
2014-12-19,21:05:00,24.59,24.59,24.59,24.59,300,0
2014-12-19,21:10:00,24.6,24.6,24.55,24.55,600,0
2014-12-19,21:25:00,24.3,24.3,24.3,24.3,400,0
2014-12-19,21:30:00,24.3,24.3,24.3,24.3,650,0
2014-12-19,21:35:00,24.36,24.36,24.3,24.3,430,0
2014-12-19,21:40:00,23.96,24.1,23.96,24.1,462,0
2014-12-19,21:45:00,24.05,24.05,24.05,24.05,225,0
2014-12-19,22:00:00,24.58,24.58,24.58,24.58,100,0
2014-12-22,15:45:00,24.6,24.6,24.6,24.6,100,0
2014-12-22,17:45:00,24.55,24.55,24.55,24.55,220,0
2014-12-22,21:05:00,24.75,24.75,24.75,24.75,680,0
2014-12-23,15:50:00,24.75,24.75,24.75,24.75,500,0
2014-12-23,20:30:00,24.91,24.93,24.91,24.93,1100,0
2014-12-23,21:00:00,24.78,24.78,24.55,24.55,3200,0
2014-12-23,22:00:00,24.6,24.6,24.55,24.55,1480,0
2014-12-24,19:00:00,24.19,24.19,24.18,24.18,300,0
2014-12-26,19:25:00,24.2,24.2,24.14,24.14,700,0
2014-12-26,19:40:00,24.14,24.14,24.14,24.14,100,0
2014-12-26,19:55:00,24.14,24.14,24.13,24.13,800,0
2014-12-29,18:05:00,24.45,24.45,24.45,24.45,900,0
2014-12-29,18:55:00,24.45,24.45,24.45,24.45,200,0
2014-12-29,20:05:00,24.5,24.5,24.1,24.1,550,0
2014-12-29,20:10:00,24.12,24.12,24.12,24.12,350,0
2014-12-30,16:15:00,24.36,24.36,24.36,24.36,200,0
2014-12-30,18:15:00,24.05,24.05,24.05,24.05,100,0
2014-12-30,19:20:00,24.06,24.45,24.05,24.13,5300,0
2014-12-30,21:50:00,24.26,24.26,24.26,24.26,400,0
2014-12-30,22:00:00,24.25,24.25,24.0,24.0,700,0
2014-12-31,17:50:00,24.59,24.59,24.59,24.59,100,0
2014-12-31,19:40:00,24.64,24.64,24.64,24.64,200,0
2014-12-31,21:05:00,24.66,24.66,24.66,24.66,300,0
2014-12-31,22:00:00,24.35,24.35,24.35,24.35,200,0
2015-01-02,19:40:00,24.5,24.52,24.5,24.52,700,0
2015-01-02,20:25:00,24.52,24.52,24.52,24.52,300,0
2015-01-02,21:40:00,24.65,24.66,24.65,24.66,257,0
2015-01-05,16:00:00,24.5,24.5,24.5,24.5,700,0
2015-01-05,17:20:00,24.95,24.95,24.95,24.95,265,0
2015-01-05,19:25:00,24.5,24.5,24.5,24.5,900,0
2015-01-06,18:30:00,24.63,24.64,24.6,24.64,600,0
2015-01-06,19:15:00,24.83,24.83,24.6,24.6,300,0
2015-01-06,19:25:00,24.94,24.94,24.94,24.94,1000,0
2015-01-06,21:50:00,24.8,24.8,24.8,24.8,400,0
2015-01-07,16:05:00,24.8,24.8,24.8,24.8,100,0
2015-01-07,16:15:00,24.93,24.93,24.93,24.93,100,0
2015-01-07,17:15:00,24.8,24.8,24.8,24.8,400,0
2015-01-07,17:35:00,24.92,24.93,24.92,24.93,500,0
2015-01-07,20:55:00,24.8,24.8,24.8,24.8,460,0
2015-01-07,21:05:00,24.8,24.8,24.8,24.8,700,0
2015-01-07,21:15:00,24.8,24.8,24.7,24.7,900,0
2015-01-07,21:40:00,24.65,24.65,24.6,24.6,965,0
2015-01-08,17:00:00,24.72,24.72,24.72,24.72,200,0
2015-01-08,17:55:00,24.52,24.65,24.26,24.26,10200,0
2015-01-08,18:10:00,24.7,24.7,24.7,24.7,540,0
2015-01-08,18:15:00,24.7,24.7,24.7,24.7,900,0
2015-01-08,18:35:00,24.26,24.26,24.26,24.26,100,0
2015-01-08,18:45:00,24.66,24.66,24.66,24.66,400,0
2015-01-08,19:20:00,24.28,24.28,24.28,24.28,200,0
2015-01-08,19:25:00,24.28,24.28,24.28,24.28,500,0
2015-01-08,19:30:00,24.28,24.28,24.28,24.28,300,0
2015-01-08,19:35:00,24.28,24.32,24.28,24.3,750,0
2015-01-08,19:40:00,24.3,24.32,24.3,24.32,600,0
2015-01-08,19:45:00,24.31,24.36,24.31,24.36,400,0
2015-01-08,19:50:00,24.31,24.31,24.31,24.31,1000,0
2015-01-08,21:10:00,24.5,24.5,24.5,24.5,100,0
2015-01-08,21:25:00,24.37,24.37,24.36,24.36,300,0
2015-01-08,21:30:00,24.45,24.45,24.45,24.45,100,0
2015-01-08,21:35:00,24.45,24.56,24.44,24.56,1200,0
2015-01-08,21:45:00,24.36,24.36,24.36,24.36,1100,0
2015-01-08,21:50:00,24.36,24.36,24.36,24.36,616,0
2015-01-08,22:00:00,24.46,24.46,24.46,24.46,200,0
2015-01-09,16:00:00,24.59,24.59,24.59,24.59,2000,0
2015-01-09,16:25:00,24.5,24.5,24.5,24.5,100,0
2015-01-09,18:20:00,24.5,24.5,24.5,24.5,300,0
2015-01-09,19:50:00,24.49,24.49,24.49,24.49,800,0
2015-01-09,20:20:00,24.48,24.5,24.48,24.5,1421,0
2015-01-09,20:25:00,24.51,24.51,24.51,24.51,1000,0
2015-01-09,20:50:00,24.56,24.56,24.56,24.56,1500,0
2015-01-09,21:10:00,24.42,24.42,24.42,24.42,300,0
2015-01-09,21:25:00,24.43,24.43,24.43,24.43,200,0
2015-01-09,21:40:00,24.44,24.44,24.44,24.44,250,0
2015-01-09,22:00:00,24.5,24.57,24.5,24.57,400,0
2015-01-12,16:40:00,24.35,24.38,24.2,24.38,1800,0
2015-01-12,16:50:00,24.38,24.38,24.38,24.38,1700,0
2015-01-13,15:50:00,24.35,24.35,24.35,24.35,400,0
2015-01-13,16:15:00,24.44,24.45,24.36,24.45,1900,0
2015-01-13,16:20:00,24.45,24.45,24.45,24.45,200,0
2015-01-13,17:00:00,24.45,24.95,24.45,24.93,1450,0
2015-01-14,17:05:00,24.58,24.62,24.58,24.62,800,0
2015-01-14,17:45:00,24.62,24.62,24.61,24.61,2010,0
2015-01-14,17:50:00,24.8,24.8,24.8,24.8,100,0
2015-01-14,18:50:00,24.31,24.34,24.31,24.34,600,0
2015-01-14,19:55:00,24.31,24.31,24.31,24.31,200,0
2015-01-14,20:05:00,24.31,24.31,24.31,24.31,200,0
2015-01-14,20:25:00,24.34,24.34,24.34,24.34,200,0
2015-01-14,20:45:00,24.31,24.31,24.31,24.31,300,0
2015-01-14,21:15:00,24.35,24.35,24.31,24.31,350,0
2015-01-14,21:40:00,24.33,24.33,24.31,24.31,300,0
2015-01-14,21:55:00,24.32,24.32,24.32,24.32,1100,0
2015-01-14,22:00:00,24.31,24.31,24.3,24.3,340,0
2015-01-15,15:50:00,24.35,24.35,24.35,24.35,300,0
2015-01-15,16:15:00,24.35,24.35,24.35,24.35,300,0
2015-01-15,17:05:00,24.43,24.49,24.43,24.49,200,0
2015-01-15,17:50:00,24.48,24.58,24.48,24.54,3572,0
2015-01-15,18:00:00,24.38,24.38,24.38,24.38,100,0
2015-01-15,19:05:00,24.36,24.36,24.36,24.36,200,0
2015-01-15,19:10:00,24.36,24.36,24.36,24.36,200,0
2015-01-15,19:30:00,24.23,24.23,24.23,24.23,600,0
2015-01-15,20:15:00,24.23,24.23,24.14,24.14,870,0
2015-01-15,20:45:00,23.93,24.01,23.93,23.95,500,0
2015-01-15,21:20:00,23.96,23.96,23.96,23.96,200,0
2015-01-15,21:25:00,23.98,23.98,23.98,23.98,500,0
2015-01-15,21:35:00,24.35,24.35,24.35,24.35,100,0
2015-01-15,21:40:00,24.0,24.0,23.92,23.92,818,0
2015-01-15,22:00:00,23.93,23.93,23.92,23.92,600,0
2015-01-16,16:20:00,24.25,24.25,24.25,24.25,100,0
2015-01-16,16:50:00,24.28,24.28,24.28,24.28,400,0
2015-01-16,17:45:00,24.27,24.27,24.16,24.16,1000,0
2015-01-16,19:55:00,24.22,24.22,24.17,24.17,400,0
2015-01-16,20:20:00,24.28,24.28,24.28,24.28,100,0
2015-01-16,20:25:00,24.28,24.28,24.28,24.28,100,0
2015-01-16,20:30:00,24.28,24.28,24.28,24.28,100,0
2015-01-16,20:35:00,24.04,24.04,24.04,24.04,100,0
2015-01-16,20:40:00,24.03,24.03,24.03,24.03,200,0
2015-01-16,20:45:00,24.07,24.07,24.07,24.07,200,0
2015-01-16,21:45:00,23.93,23.93,23.93,23.93,100,0
2015-01-20,16:25:00,24.28,24.28,24.28,24.28,100,0
2015-01-20,16:55:00,24.25,24.25,24.25,24.25,200,0
2015-01-20,18:55:00,24.03,24.03,24.03,24.03,100,0
2015-01-20,19:35:00,24.28,24.28,24.28,24.28,550,0
2015-01-20,19:50:00,24.28,24.28,24.28,24.28,500,0
2015-01-20,20:00:00,24.03,24.03,24.01,24.01,1300,0
2015-01-20,21:25:00,24.0,24.0,23.82,23.9,2150,0
2015-01-20,21:30:00,24.0,24.0,24.0,24.0,200,0
2015-01-20,21:45:00,23.58,23.67,23.58,23.6,900,0
2015-01-20,21:55:00,23.9,23.9,23.61,23.61,1000,0
2015-01-20,22:00:00,23.64,24.0,23.58,24.0,1300,0
2015-01-21,15:35:00,23.98,23.99,23.98,23.99,1800,0
2015-01-21,17:55:00,23.94,23.94,23.94,23.94,300,0
2015-01-21,18:05:00,23.97,23.97,23.97,23.97,100,0
2015-01-21,18:40:00,23.7,23.7,23.7,23.7,800,0
2015-01-21,19:45:00,23.89,23.89,23.89,23.89,856,0
2015-01-21,20:15:00,23.98,23.98,23.98,23.98,100,0
2015-01-21,20:30:00,23.99,23.99,23.99,23.99,500,0
2015-01-21,21:15:00,23.7,23.7,23.7,23.7,265,0
2015-01-22,16:55:00,23.71,23.71,23.71,23.71,200,0
2015-01-22,17:05:00,23.71,23.71,23.71,23.71,300,0
2015-01-22,17:10:00,23.71,23.71,23.71,23.71,200,0
2015-01-22,17:15:00,23.71,23.71,23.71,23.71,200,0
2015-01-22,17:35:00,23.72,23.72,23.72,23.72,400,0
2015-01-22,18:45:00,23.72,23.72,23.72,23.72,540,0
2015-01-22,20:50:00,23.76,23.76,23.76,23.76,400,0
2015-01-22,22:00:00,23.95,23.95,23.95,23.95,100,0
2015-01-23,16:15:00,24.15,24.15,24.15,24.15,100,0
2015-01-23,16:20:00,24.27,24.27,24.27,24.27,150,0
2015-01-23,17:10:00,23.74,23.98,23.74,23.98,990,0
2015-01-23,17:20:00,23.75,23.95,23.75,23.95,960,0
2015-01-23,17:45:00,23.74,23.74,23.74,23.74,400,0
2015-01-23,18:35:00,23.98,24.1,23.98,24.03,2330,0
2015-01-23,18:50:00,24.03,24.03,23.76,23.76,1000,0
2015-01-23,20:55:00,24.3,24.3,24.3,24.3,200,0
2015-01-23,21:00:00,23.79,23.79,23.76,23.76,4926,0
2015-01-23,21:15:00,23.78,23.78,23.78,23.78,200,0
2015-01-23,21:40:00,23.78,23.78,23.78,23.78,200,0
2015-01-23,21:45:00,23.79,23.79,23.78,23.78,800,0
2015-01-23,21:50:00,23.8,23.81,23.8,23.8,700,0
2015-01-23,21:55:00,23.8,23.8,23.8,23.8,700,0
2015-01-23,22:00:00,23.82,23.82,23.82,23.82,400,0
2015-01-26,15:35:00,23.97,24.24,23.97,24.24,600,0
2015-01-26,16:15:00,24.26,24.26,24.26,24.26,200,0
2015-01-26,17:50:00,24.18,24.19,24.18,24.19,200,0
2015-01-26,19:05:00,24.17,24.26,24.17,24.26,700,0
2015-01-26,19:10:00,24.25,24.25,24.25,24.25,200,0
2015-01-26,19:55:00,24.15,24.15,24.15,24.15,200,0
2015-01-26,20:50:00,24.1,24.1,24.1,24.1,200,0
2015-01-26,21:25:00,24.1,24.1,24.1,24.1,300,0
2015-01-26,21:45:00,24.1,24.1,24.1,24.1,100,0
2015-01-26,21:50:00,24.1,24.23,24.1,24.23,5066,0
2015-01-26,22:00:00,24.2,24.22,24.14,24.14,3800,0
2015-01-27,15:55:00,24.24,24.26,24.17,24.17,2300,0
2015-01-27,16:35:00,24.0,24.0,24.0,24.0,2000,0
2015-01-27,19:25:00,24.3,24.3,24.25,24.25,2100,0
2015-01-27,21:25:00,24.25,24.25,24.25,24.25,100,0
2015-01-27,21:30:00,24.25,24.25,24.25,24.25,100,0
2015-01-28,15:45:00,24.24,24.37,24.24,24.37,2000,0
2015-01-28,15:55:00,24.33,24.36,24.33,24.36,400,0
2015-01-28,17:10:00,24.13,24.13,24.12,24.12,1000,0
2015-01-28,17:40:00,24.29,24.31,24.26,24.29,1898,0
2015-01-28,17:50:00,24.33,24.33,24.27,24.27,1000,0
2015-01-28,17:55:00,24.33,24.33,24.33,24.33,800,0
2015-01-28,19:05:00,24.37,24.37,24.3,24.37,1536,0
2015-01-28,19:35:00,24.16,24.16,24.16,24.16,200,0
2015-01-28,21:05:00,24.32,24.32,24.32,24.32,269,0
2015-01-29,17:00:00,24.36,24.36,24.36,24.36,100,0
2015-01-29,18:45:00,24.27,24.27,24.27,24.27,100,0
2015-01-29,18:55:00,24.36,24.36,24.36,24.36,600,0
2015-01-29,19:00:00,24.28,24.28,24.28,24.28,160,0
2015-01-29,19:05:00,24.36,24.36,24.29,24.36,735,0
2015-01-29,19:35:00,24.36,24.36,24.29,24.29,200,0
2015-01-29,20:40:00,24.16,24.16,24.12,24.15,4800,0
2015-01-29,20:45:00,24.14,24.14,24.12,24.12,1000,0
2015-01-29,20:50:00,24.1,24.1,24.04,24.04,5879,0
2015-01-29,21:05:00,24.06,24.12,24.0,24.12,2400,0
2015-01-29,21:20:00,24.11,24.11,24.11,24.11,300,0
2015-01-30,18:05:00,24.17,24.17,24.17,24.17,150,0
2015-01-30,18:30:00,24.2,24.2,24.2,24.2,300,0
2015-01-30,18:40:00,24.2,24.2,24.2,24.2,400,0
2015-01-30,19:55:00,24.02,24.04,24.02,24.04,3200,0
2015-01-30,20:20:00,24.15,24.2,24.11,24.2,1975,0
2015-01-30,21:15:00,24.19,24.19,24.19,24.19,280,0
2015-02-02,15:50:00,24.11,24.11,24.11,24.11,500,0
2015-02-02,17:15:00,24.31,24.32,24.31,24.31,2398,0
2015-02-02,17:20:00,24.3,24.32,24.3,24.32,1234,0
2015-02-02,17:55:00,24.25,24.25,24.25,24.25,100,0
2015-02-02,18:00:00,24.34,24.37,24.34,24.37,900,0
2015-02-02,18:15:00,24.37,24.37,24.37,24.37,100,0
2015-02-02,20:05:00,24.37,24.37,24.37,24.37,100,0
2015-02-02,20:25:00,24.37,24.37,24.37,24.37,100,0
2015-02-02,20:30:00,24.37,24.37,24.37,24.37,1000,0
2015-02-02,21:15:00,24.49,24.5,24.49,24.5,650,0
2015-02-02,21:55:00,24.33,24.5,24.33,24.35,1060,0
2015-02-03,15:35:00,24.5,24.5,24.5,24.5,100,0
2015-02-03,15:40:00,24.5,24.5,24.5,24.5,300,0
2015-02-03,21:05:00,24.51,24.51,24.51,24.51,300,0
2015-02-03,21:30:00,24.63,24.63,24.63,24.63,400,0
2015-02-03,21:45:00,24.63,24.63,24.63,24.63,300,0
2015-02-04,18:50:00,24.64,24.64,24.64,24.64,150,0
2015-02-04,20:20:00,24.68,24.68,24.68,24.68,100,0
2015-02-04,20:30:00,24.68,24.68,24.68,24.68,100,0
2015-02-04,20:40:00,24.68,24.68,24.68,24.68,100,0
2015-02-04,20:45:00,24.68,24.68,24.68,24.68,100,0
2015-02-04,21:25:00,24.4,24.4,24.4,24.4,100,0
2015-02-04,21:50:00,24.6,24.6,24.6,24.6,1600,0
2015-02-05,16:00:00,24.68,24.68,24.68,24.68,100,0
2015-02-05,17:05:00,24.6,24.6,24.6,24.6,100,0
2015-02-05,18:00:00,24.6,24.6,24.6,24.6,100,0
2015-02-05,18:35:00,24.56,24.56,24.56,24.56,200,0
2015-02-05,19:40:00,24.6,24.6,24.6,24.6,200,0
2015-02-05,19:45:00,24.6,24.6,24.6,24.6,200,0
2015-02-05,20:15:00,24.5,24.6,24.45,24.6,500,0
2015-02-05,20:45:00,24.57,24.69,24.55,24.68,400,0
2015-02-05,21:25:00,24.69,24.69,24.69,24.69,100,0
2015-02-05,21:50:00,24.45,24.61,24.45,24.61,1200,0
2015-02-06,17:10:00,24.64,24.67,24.64,24.67,1900,0
2015-02-06,20:25:00,24.55,24.55,24.55,24.55,300,0
2015-02-06,20:55:00,24.5,24.5,24.5,24.5,340,0
2015-02-06,21:20:00,24.51,24.51,24.5,24.5,1100,0
2015-02-06,21:25:00,24.5,24.5,24.5,24.5,1000,0
2015-02-06,21:55:00,24.51,24.51,24.5,24.5,300,0
2015-02-09,15:45:00,24.69,24.69,24.69,24.69,400,0
2015-02-09,15:50:00,24.47,24.47,24.47,24.47,400,0
2015-02-09,16:50:00,24.57,24.57,24.47,24.54,1300,0
2015-02-09,19:50:00,24.5,24.52,24.5,24.52,1000,0
2015-02-09,19:55:00,24.55,24.55,24.55,24.55,200,0
2015-02-09,20:25:00,24.67,24.67,24.67,24.67,200,0
2015-02-09,20:30:00,24.68,24.68,24.68,24.68,200,0
2015-02-10,20:35:00,24.68,24.68,24.64,24.64,1012,0
2015-02-10,21:50:00,24.64,24.8,24.64,24.8,3160,0
2015-02-10,22:00:00,24.8,24.8,24.8,24.8,300,0
2015-02-11,16:10:00,24.9,24.9,24.9,24.9,100,0
2015-02-11,17:50:00,24.84,24.84,24.84,24.84,100,0
2015-02-11,18:35:00,24.65,24.65,24.65,24.65,553,0
2015-02-11,18:55:00,24.65,24.65,24.65,24.65,250,0
2015-02-11,20:20:00,24.85,24.85,24.85,24.85,200,0
2015-02-11,21:30:00,24.85,24.85,24.85,24.85,100,0
2015-02-12,16:55:00,24.9,24.9,24.9,24.9,200,0
2015-02-12,17:25:00,24.9,24.9,24.9,24.9,100,0
2015-02-12,18:25:00,24.9,24.9,24.9,24.9,553,0
2015-02-12,18:35:00,24.9,24.9,24.85,24.85,1000,0
2015-02-12,19:10:00,24.9,24.9,24.9,24.9,400,0
2015-02-12,20:25:00,25.05,25.05,25.05,25.05,350,0
2015-02-12,21:30:00,25.05,25.05,25.05,25.05,1000,0
2015-02-13,16:10:00,25.1,25.1,25.1,25.1,500,0
2015-02-13,16:15:00,25.1,25.1,25.04,25.04,300,0
2015-02-13,16:20:00,25.04,25.04,25.04,25.04,400,0
2015-02-13,17:10:00,25.09,25.1,25.09,25.1,700,0
2015-02-13,20:35:00,25.1,25.1,25.1,25.1,700,0
2015-02-13,20:40:00,25.1,25.1,25.1,25.1,500,0
2015-02-13,21:05:00,25.19,25.19,25.19,25.19,240,0
2015-02-13,21:15:00,25.26,25.49,25.25,25.49,2300,0
2015-02-13,21:20:00,25.2,25.2,25.2,25.2,100,0
2015-02-17,15:35:00,25.2,25.2,25.2,25.2,1200,0
2015-02-17,15:45:00,25.2,25.22,25.2,25.21,1300,0
2015-02-17,16:00:00,25.22,25.22,25.22,25.22,100,0
2015-02-17,16:10:00,25.22,25.22,25.22,25.22,300,0
2015-02-17,16:20:00,25.1,25.1,25.1,25.1,500,0
2015-02-17,16:25:00,25.22,25.22,25.22,25.22,100,0
2015-02-17,16:35:00,25.22,25.22,25.22,25.22,100,0
2015-02-17,16:55:00,25.22,25.22,25.22,25.22,100,0
2015-02-17,17:10:00,25.2,25.22,25.2,25.22,682,0
2015-02-17,17:20:00,25.22,25.25,25.2,25.25,1200,0
2015-02-17,17:30:00,25.12,25.27,25.12,25.27,500,0
2015-02-17,17:35:00,25.06,25.12,25.06,25.12,200,0
2015-02-17,17:50:00,25.27,25.27,25.27,25.27,100,0
2015-02-17,18:05:00,25.27,25.27,25.27,25.27,100,0
2015-02-17,18:25:00,25.27,25.27,25.27,25.27,100,0
2015-02-17,18:40:00,25.27,25.27,25.27,25.27,100,0
2015-02-17,18:50:00,25.06,25.06,25.06,25.06,100,0
2015-02-17,18:55:00,25.27,25.27,25.05,25.05,400,0
2015-02-17,19:05:00,25.27,25.27,25.27,25.27,100,0
2015-02-17,19:30:00,25.27,25.27,25.27,25.27,260,0
2015-02-17,19:45:00,25.46,25.46,25.46,25.46,3845,0
2015-02-17,20:35:00,25.5,25.5,25.28,25.28,800,0
2015-02-17,20:40:00,25.28,25.28,25.22,25.22,3200,0
2015-02-17,21:10:00,25.29,25.3,25.01,25.01,2300,0
2015-02-17,21:40:00,25.3,25.3,25.3,25.3,600,0
2015-02-17,22:00:00,25.41,25.5,25.41,25.5,2500,0
2015-02-18,16:35:00,25.5,25.5,25.5,25.5,1000,0
2015-02-18,18:05:00,25.5,25.5,25.5,25.5,100,0
2015-02-19,15:35:00,25.5,25.5,25.5,25.5,1500,0
2015-02-19,16:00:00,25.5,25.5,25.5,25.5,400,0
2015-02-19,17:35:00,25.5,25.5,25.5,25.5,1000,0
2015-02-19,20:25:00,25.95,25.95,25.95,25.95,240,0
2015-02-19,21:00:00,25.78,25.89,25.78,25.78,1000,0
2015-02-19,22:00:00,25.65,25.65,25.65,25.65,200,0
2015-02-20,16:20:00,25.81,25.81,25.81,25.81,150,0
2015-02-20,16:25:00,26,26,26,26,500,0
2015-02-20,18:05:00,26,26,26,26,100,0
2015-02-20,18:20:00,26,26,26,26,2000,0
2015-02-20,18:25:00,26,26,26,26,2000,0
2015-02-20,18:50:00,26,26,26,26,800,0
2015-02-20,19:55:00,26,26,26,26,5750,0
2015-02-20,21:50:00,26,26,26,26,1800,0
2015-02-23,15:35:00,26.2,26.2,26.2,26.2,200,0
2015-02-23,16:55:00,26.05,26.05,26.05,26.05,200,0
2015-02-23,17:20:00,26,26,26,26,973,0
2015-02-23,17:30:00,26,26,26,26,5781,0
2015-02-23,21:05:00,26.09,26.1,26.09,26.1,1700,0
