Date,Time,Open,High,Low,Close,Volume,OpenInt
2015-01-28,18:50:00,24.90,24.90,24.90,24.90,700,0
2015-01-28,18:55:00,24.87,24.87,24.87,24.87,900,0
2015-01-28,19:00:00,24.88,24.89,24.87,24.89,2300,0
2015-01-28,19:05:00,24.74,24.74,24.74,24.74,11678,0
2015-01-28,19:15:00,24.87,24.87,24.87,24.87,2120,0
2015-01-28,19:25:00,24.86,24.9,24.86,24.9,4500,0
2015-01-28,19:35:00,24.86,24.86,24.86,24.86,1658,0
2015-01-28,19:40:00,24.85,24.85,24.85,24.85,2746,0
2015-01-28,19:55:00,24.85,24.89,24.85,24.88,2145,0
2015-01-28,20:10:00,24.88,24.88,24.88,24.88,800,0
2015-01-28,20:15:00,24.86,24.88,24.84,24.85,16954,0
2015-01-28,20:20:00,24.86,24.86,24.86,24.86,1000,0
2015-01-28,20:30:00,24.86,24.86,24.83,24.83,2200,0
2015-01-28,20:35:00,24.82,24.82,24.81,24.81,6000,0
2015-01-28,20:40:00,24.82,24.82,24.82,24.82,1200,0
2015-01-28,20:50:00,24.83,24.83,24.83,24.83,500,0
2015-01-28,20:55:00,24.83,24.84,24.81,24.84,2079,0
2015-01-28,21:00:00,24.8,24.8,24.76,24.76,1400,0
2015-01-28,21:05:00,24.76,24.79,24.76,24.77,3400,0
2015-01-28,21:10:00,24.79,24.79,24.79,24.79,2055,0
2015-01-28,21:20:00,24.79,24.82,24.79,24.82,6100,0
2015-01-28,21:25:00,24.81,24.82,24.81,24.81,3380,0
2015-01-28,21:30:00,24.82,24.82,24.82,24.82,2179,0
2015-01-28,21:40:00,24.82,24.83,24.82,24.83,550,0
2015-01-28,21:45:00,24.83,24.83,24.83,24.83,1400,0
2015-01-28,21:50:00,24.81,24.82,24.78,24.81,14093,0
2015-01-28,21:55:00,24.83,24.83,24.83,24.83,500,0
2015-01-28,22:00:00,24.81,24.83,24.81,24.82,4500,0
2015-01-29,15:35:00,24.83,24.83,24.83,24.83,200,0
2015-01-29,15:40:00,24.84,24.84,24.75,24.76,9845,0
2015-01-29,15:45:00,24.75,24.75,24.75,24.75,9300,0
2015-01-29,15:50:00,24.75,24.75,24.75,24.75,2646,0
2015-01-29,15:55:00,24.75,24.8,24.75,24.8,500,0
2015-01-29,16:05:00,24.8,24.8,24.8,24.8,2550,0
2015-01-29,16:10:00,24.82,24.82,24.77,24.8,10700,0
2015-01-29,16:15:00,24.82,24.82,24.82,24.82,1000,0
2015-01-29,16:20:00,24.8,24.83,24.8,24.81,3300,0
2015-01-29,16:25:00,24.84,24.84,24.84,24.84,1100,0
2015-01-29,16:30:00,24.84,24.84,24.84,24.84,700,0
2015-01-29,16:35:00,24.84,24.85,24.84,24.85,5800,0
2015-01-29,16:45:00,24.85,24.85,24.85,24.85,894,0
2015-01-29,16:50:00,24.85,24.85,24.83,24.84,4100,0
2015-01-29,17:00:00,24.84,24.84,24.83,24.83,1000,0
2015-01-29,17:05:00,24.83,24.83,24.83,24.83,500,0
2015-01-29,17:10:00,24.82,24.82,24.81,24.81,3800,0
2015-01-29,17:15:00,24.82,24.82,24.8,24.8,3383,0
2015-01-29,17:20:00,24.8,24.8,24.8,24.8,2976,0
2015-01-29,17:25:00,24.82,24.82,24.82,24.82,2100,0
2015-01-29,17:35:00,24.8,24.8,24.8,24.8,1000,0
2015-01-29,17:45:00,24.8,24.81,24.8,24.8,500,0
2015-01-29,17:50:00,24.8,24.8,24.78,24.78,2684,0
2015-01-29,17:55:00,24.8,24.81,24.8,24.81,3454,0
2015-01-29,18:00:00,24.8,24.82,24.8,24.8,4515,0
2015-01-29,18:05:00,24.82,24.82,24.82,24.82,700,0
2015-01-29,18:10:00,24.8,24.82,24.79,24.79,13004,0
2015-01-29,18:15:00,24.8,24.8,24.8,24.8,2200,0
2015-01-29,18:20:00,24.82,24.82,24.77,24.82,12900,0
2015-01-29,18:30:00,24.78,24.78,24.76,24.78,3350,0
2015-01-29,18:35:00,24.79,24.79,24.75,24.75,10506,0
2015-01-29,18:40:00,24.74,24.75,24.72,24.72,6754,0
2015-01-29,18:45:00,24.75,24.75,24.75,24.75,200,0
2015-01-29,18:50:00,24.75,24.75,24.75,24.75,100,0
2015-01-29,18:55:00,24.75,24.75,24.72,24.72,1512,0
2015-01-29,19:00:00,24.74,24.74,24.72,24.72,500,0
2015-01-29,19:10:00,24.72,24.74,24.72,24.73,1605,0
2015-01-29,19:15:00,24.74,24.8,24.74,24.77,3000,0
2015-01-29,19:25:00,24.76,24.76,24.75,24.75,3800,0
2015-01-29,19:35:00,24.78,24.78,24.78,24.78,1000,0
2015-01-29,19:40:00,24.76,24.78,24.75,24.77,5691,0
2015-01-29,19:45:00,24.77,24.79,24.75,24.75,4757,0
2015-01-29,19:50:00,24.75,24.76,24.75,24.75,4161,0
2015-01-29,20:05:00,24.74,24.76,24.72,24.73,7375,0
2015-01-29,20:10:00,24.74,24.74,24.71,24.71,1600,0
2015-01-29,20:15:00,24.71,24.71,24.69,24.69,6300,0
2015-01-29,20:20:00,24.73,24.73,24.7,24.7,5667,0
2015-01-29,20:25:00,24.72,24.72,24.71,24.71,400,0
2015-01-29,20:30:00,24.69,24.71,24.69,24.7,2200,0
2015-01-29,20:35:00,24.7,24.72,24.69,24.69,12360,0
2015-01-29,20:45:00,24.73,24.73,24.71,24.71,3728,0
2015-01-29,20:50:00,24.72,24.78,24.7,24.73,2949,0
2015-01-29,20:55:00,24.7,24.7,24.7,24.7,100,0
2015-01-29,21:00:00,24.69,24.7,24.69,24.7,1500,0
2015-01-29,21:10:00,24.7,24.75,24.7,24.75,8850,0
2015-01-29,21:15:00,24.74,24.74,24.74,24.74,212,0
2015-01-29,21:20:00,24.74,24.74,24.73,24.73,1212,0
2015-01-29,21:25:00,24.73,24.75,24.73,24.75,1042,0
2015-01-29,21:30:00,24.74,24.74,24.72,24.72,2646,0
2015-01-29,21:35:00,24.72,24.72,24.7,24.7,2864,0
2015-01-29,21:40:00,24.71,24.74,24.71,24.71,2413,0
2015-01-29,21:45:00,24.71,24.73,24.69,24.71,2891,0
2015-01-29,21:50:00,24.72,24.72,24.69,24.71,4325,0
2015-01-29,21:55:00,24.69,24.7,24.66,24.7,8639,0
2015-01-29,22:00:00,24.68,24.68,24.65,24.67,4112,0
2015-01-30,15:35:00,24.67,24.67,24.66,24.66,1100,0
2015-01-30,15:40:00,24.65,24.65,24.65,24.65,2600,0
2015-01-30,15:45:00,24.63,24.7,24.63,24.7,4206,0
2015-01-30,15:50:00,24.73,24.73,24.7,24.73,982,0
2015-01-30,16:10:00,24.7,24.72,24.7,24.72,7100,0
2015-01-30,16:15:00,24.7,24.7,24.7,24.7,800,0
2015-01-30,16:20:00,24.72,24.72,24.72,24.72,212,0
2015-01-30,16:35:00,24.7,24.7,24.7,24.7,450,0
2015-01-30,16:40:00,24.72,24.72,24.72,24.72,3000,0
2015-01-30,16:45:00,24.7,24.7,24.7,24.7,3300,0
2015-01-30,16:55:00,24.7,24.7,24.7,24.7,450,0
2015-01-30,17:00:00,24.74,24.74,24.7,24.71,1300,0
2015-01-30,17:10:00,24.72,24.73,24.72,24.73,1079,0
2015-01-30,17:20:00,24.7,24.73,24.7,24.72,2731,0
2015-01-30,17:25:00,24.73,24.74,24.7,24.7,4694,0
2015-01-30,17:30:00,24.7,24.7,24.66,24.68,1531,0
2015-01-30,17:40:00,24.7,24.72,24.7,24.71,3285,0
2015-01-30,17:45:00,24.7,24.7,24.7,24.7,2000,0
2015-01-30,17:50:00,24.69,24.71,24.67,24.67,1750,0
2015-01-30,17:55:00,24.68,24.68,24.66,24.66,988,0
2015-01-30,18:00:00,24.66,24.66,24.58,24.58,4312,0
2015-01-30,18:05:00,24.58,24.63,24.58,24.63,1288,0
2015-01-30,18:10:00,24.6,24.62,24.58,24.6,6300,0
2015-01-30,18:15:00,24.61,24.62,24.61,24.62,2000,0
2015-01-30,18:20:00,24.62,24.62,24.61,24.61,1200,0
2015-01-30,18:25:00,24.62,24.62,24.6,24.61,1800,0
2015-01-30,18:30:00,24.6,24.61,24.6,24.6,3020,0
2015-01-30,18:35:00,24.61,24.61,24.61,24.61,950,0
2015-01-30,18:40:00,24.62,24.62,24.62,24.62,2630,0
2015-01-30,18:45:00,24.63,24.63,24.63,24.63,450,0
2015-01-30,18:50:00,24.64,24.66,24.62,24.62,1800,0
2015-01-30,19:00:00,24.63,24.66,24.62,24.66,2100,0
2015-01-30,19:20:00,24.66,24.66,24.66,24.66,794,0
2015-01-30,19:40:00,24.64,24.64,24.64,24.64,200,0
2015-01-30,19:45:00,24.63,24.63,24.61,24.61,4970,0
2015-01-30,19:50:00,24.59,24.61,24.58,24.58,4960,0
2015-01-30,19:55:00,24.58,24.61,24.58,24.61,9808,0
2015-01-30,20:10:00,24.65,24.65,24.65,24.65,200,0
2015-01-30,20:20:00,24.64,24.64,24.64,24.64,615,0
2015-01-30,20:25:00,24.63,24.63,24.63,24.63,395,0
2015-01-30,20:40:00,24.62,24.62,24.6,24.62,2200,0
2015-01-30,20:45:00,24.62,24.62,24.62,24.62,450,0
2015-01-30,20:50:00,24.62,24.62,24.6,24.6,800,0
2015-01-30,21:00:00,24.62,24.62,24.61,24.61,735,0
2015-01-30,21:05:00,24.62,24.62,24.62,24.62,940,0
2015-01-30,21:10:00,24.59,24.59,24.56,24.56,7800,0
2015-01-30,21:15:00,24.6,24.6,24.6,24.6,500,0
2015-01-30,21:20:00,24.58,24.6,24.58,24.59,1797,0
2015-01-30,21:30:00,24.58,24.58,24.58,24.58,400,0
2015-01-30,21:35:00,24.59,24.61,24.58,24.61,2533,0
2015-01-30,21:40:00,24.61,24.61,24.61,24.61,200,0
2015-01-30,21:45:00,24.61,24.61,24.61,24.61,600,0
2015-01-30,21:50:00,24.61,24.61,24.6,24.61,3600,0
2015-01-30,21:55:00,24.62,24.62,24.62,24.62,2191,0
2015-01-30,22:00:00,24.62,24.62,24.52,24.52,11996,0
2015-02-02,15:35:00,24.53,24.53,24.53,24.53,100,0
2015-02-02,15:40:00,24.53,24.53,24.53,24.53,6884,0
2015-02-02,15:45:00,24.52,24.52,24.52,24.52,700,0
2015-02-02,15:50:00,24.57,24.57,24.55,24.55,1450,0
2015-02-02,15:55:00,24.55,24.55,24.55,24.55,212,0
2015-02-02,16:05:00,24.55,24.57,24.53,24.56,4760,0
2015-02-02,16:10:00,24.59,24.61,24.55,24.55,29698,0
2015-02-02,16:15:00,24.54,24.54,24.52,24.52,2100,0
2015-02-02,16:25:00,24.52,24.52,24.52,24.52,780,0
2015-02-02,16:35:00,24.54,24.54,24.54,24.54,300,0
2015-02-02,16:40:00,24.53,24.53,24.51,24.51,1200,0
2015-02-02,16:45:00,24.52,24.52,24.52,24.52,1500,0
2015-02-02,16:50:00,24.51,24.51,24.51,24.51,1000,0
2015-02-02,17:05:00,24.51,24.51,24.5,24.5,13215,0
2015-02-02,17:10:00,24.52,24.52,24.5,24.5,4500,0
2015-02-02,17:15:00,24.52,24.58,24.52,24.56,2686,0
2015-02-02,17:20:00,24.55,24.56,24.55,24.56,3200,0
2015-02-02,17:25:00,24.59,24.6,24.56,24.56,5100,0
2015-02-02,17:30:00,24.6,24.6,24.6,24.6,300,0
2015-02-02,17:35:00,24.6,24.61,24.59,24.59,3914,0
2015-02-02,17:40:00,24.59,24.59,24.58,24.58,1700,0
2015-02-02,17:45:00,24.56,24.56,24.56,24.56,1000,0
2015-02-02,17:50:00,24.57,24.57,24.56,24.56,2000,0
2015-02-02,17:55:00,24.56,24.56,24.52,24.52,2600,0
2015-02-02,18:00:00,24.53,24.53,24.53,24.53,6200,0
2015-02-02,18:05:00,24.53,24.53,24.53,24.53,2000,0
2015-02-02,18:10:00,24.56,24.56,24.56,24.56,2160,0
2015-02-02,18:15:00,24.56,24.56,24.56,24.56,8000,0
2015-02-02,18:20:00,24.56,24.56,24.53,24.53,1470,0
2015-02-02,18:25:00,24.56,24.56,24.53,24.53,2000,0
2015-02-02,18:30:00,24.56,24.56,24.55,24.56,2798,0
2015-02-02,18:35:00,24.56,24.56,24.56,24.56,1200,0
2015-02-02,18:40:00,24.57,24.57,24.56,24.57,2300,0
2015-02-02,18:50:00,24.57,24.57,24.57,24.57,1300,0
2015-02-02,18:55:00,24.6,24.6,24.56,24.56,1795,0
2015-02-02,19:10:00,24.59,24.59,24.59,24.59,800,0
2015-02-02,19:15:00,24.59,24.59,24.59,24.59,597,0
2015-02-02,19:20:00,24.56,24.56,24.56,24.56,1200,0
2015-02-02,19:25:00,24.57,24.57,24.56,24.56,3550,0
2015-02-02,19:30:00,24.59,24.59,24.59,24.59,837,0
2015-02-02,19:45:00,24.59,24.59,24.59,24.59,1122,0
2015-02-02,20:00:00,24.59,24.59,24.58,24.59,2200,0
2015-02-02,20:05:00,24.59,24.59,24.58,24.58,2684,0
2015-02-02,20:20:00,24.59,24.59,24.59,24.59,600,0
2015-02-02,20:25:00,24.6,24.61,24.56,24.56,8950,0
2015-02-02,20:30:00,24.58,24.58,24.58,24.58,1000,0
2015-02-02,20:35:00,24.57,24.57,24.57,24.57,700,0
2015-02-02,20:40:00,24.6,24.6,24.6,24.6,600,0
2015-02-02,20:45:00,24.6,24.6,24.57,24.57,2200,0
2015-02-02,20:50:00,24.59,24.59,24.56,24.56,5700,0
2015-02-02,21:00:00,24.59,24.6,24.56,24.58,2110,0
2015-02-02,21:10:00,24.59,24.6,24.56,24.6,12738,0
2015-02-02,21:15:00,24.6,24.6,24.6,24.6,1400,0
2015-02-02,21:20:00,24.6,24.6,24.56,24.56,5550,0
2015-02-02,21:25:00,24.56,24.59,24.56,24.59,8735,0
2015-02-02,21:35:00,24.57,24.59,24.57,24.59,2400,0
2015-02-02,21:40:00,24.58,24.58,24.57,24.57,2600,0
2015-02-02,21:45:00,24.57,24.57,24.57,24.57,1958,0
2015-02-02,21:50:00,24.57,24.57,24.56,24.56,7800,0
2015-02-02,21:55:00,24.57,24.57,24.56,24.57,2400,0
2015-02-02,22:00:00,24.56,24.57,24.56,24.57,1934,0
2015-02-03,15:35:00,24.63,24.63,24.63,24.63,600,0
2015-02-03,15:40:00,24.62,24.64,24.62,24.64,900,0
2015-02-03,15:45:00,24.58,24.64,24.57,24.62,2000,0
2015-02-03,15:55:00,24.57,24.57,24.56,24.56,3300,0
2015-02-03,16:00:00,24.57,24.57,24.56,24.56,950,0
2015-02-03,16:05:00,24.56,24.64,24.56,24.57,2480,0
2015-02-03,16:15:00,24.64,24.64,24.64,24.64,320,0
2015-02-03,16:20:00,24.62,24.62,24.56,24.56,2400,0
2015-02-03,16:25:00,24.55,24.6,24.55,24.6,1000,0
2015-02-03,16:30:00,24.58,24.58,24.58,24.58,100,0
2015-02-03,16:35:00,24.56,24.56,24.55,24.56,3739,0
2015-02-03,16:45:00,24.55,24.55,24.55,24.55,1000,0
2015-02-03,16:50:00,24.57,24.57,24.56,24.57,2360,0
2015-02-03,16:55:00,24.56,24.6,24.55,24.6,5539,0
2015-02-03,17:00:00,24.6,24.6,24.6,24.6,3000,0
2015-02-03,17:05:00,24.59,24.59,24.59,24.59,1500,0
2015-02-03,17:10:00,24.58,24.62,24.57,24.62,7716,0
2015-02-03,17:15:00,24.63,24.63,24.63,24.63,800,0
2015-02-03,17:20:00,24.61,24.61,24.59,24.59,700,0
2015-02-03,17:25:00,24.63,24.64,24.63,24.64,1256,0
2015-02-03,17:30:00,24.64,24.67,24.64,24.67,2437,0
2015-02-03,17:35:00,24.63,24.63,24.61,24.61,3055,0
2015-02-03,17:40:00,24.63,24.63,24.62,24.62,4400,0
2015-02-03,17:45:00,24.65,24.65,24.65,24.65,700,0
2015-02-03,17:50:00,24.63,24.63,24.62,24.62,1179,0
2015-02-03,17:55:00,24.65,24.65,24.65,24.65,1352,0
2015-02-03,18:00:00,24.64,24.64,24.64,24.64,2000,0
2015-02-03,18:05:00,24.63,24.63,24.63,24.63,1300,0
2015-02-03,18:10:00,24.64,24.64,24.64,24.64,300,0
2015-02-03,18:20:00,24.65,24.65,24.65,24.65,400,0
2015-02-03,18:25:00,24.64,24.64,24.64,24.64,1248,0
2015-02-03,18:30:00,24.64,24.66,24.64,24.64,800,0
2015-02-03,18:35:00,24.66,24.67,24.65,24.65,2352,0
2015-02-03,18:40:00,24.65,24.65,24.65,24.65,1700,0
2015-02-03,18:45:00,24.65,24.65,24.65,24.65,600,0
2015-02-03,18:50:00,24.65,24.65,24.64,24.64,2226,0
2015-02-03,18:55:00,24.63,24.65,24.63,24.64,2200,0
2015-02-03,19:00:00,24.63,24.63,24.63,24.63,5100,0
2015-02-03,19:05:00,24.63,24.63,24.63,24.63,700,0
2015-02-03,19:10:00,24.64,24.65,24.64,24.65,2900,0
2015-02-03,19:15:00,24.65,24.65,24.65,24.65,912,0
2015-02-03,19:20:00,24.67,24.67,24.64,24.67,3216,0
2015-02-03,19:25:00,24.67,24.67,24.67,24.67,700,0
2015-02-03,19:30:00,24.63,24.63,24.58,24.58,15000,0
2015-02-03,19:35:00,24.62,24.62,24.61,24.62,2100,0
2015-02-03,19:40:00,24.6,24.6,24.6,24.6,1000,0
2015-02-03,20:00:00,24.61,24.65,24.61,24.65,3437,0
2015-02-03,20:05:00,24.65,24.65,24.65,24.65,1290,0
2015-02-03,20:15:00,24.64,24.64,24.64,24.64,750,0
2015-02-03,20:20:00,24.65,24.66,24.65,24.65,13800,0
2015-02-03,20:25:00,24.65,24.66,24.65,24.66,672,0
2015-02-03,20:30:00,24.66,24.67,24.66,24.67,1880,0
2015-02-03,20:35:00,24.67,24.67,24.67,24.67,300,0
2015-02-03,20:40:00,24.68,24.68,24.68,24.68,2350,0
2015-02-03,20:45:00,24.71,24.71,24.66,24.66,1600,0
2015-02-03,20:50:00,24.66,24.67,24.65,24.67,4015,0
2015-02-03,20:55:00,24.67,24.67,24.66,24.66,1160,0
2015-02-03,21:00:00,24.66,24.66,24.65,24.65,316,0
2015-02-03,21:05:00,24.67,24.67,24.67,24.67,3304,0
2015-02-03,21:10:00,24.66,24.68,24.66,24.68,1020,0
2015-02-03,21:15:00,24.67,24.68,24.66,24.68,2360,0
2015-02-03,21:20:00,24.68,24.69,24.68,24.68,5700,0
2015-02-03,21:25:00,24.69,24.69,24.69,24.69,2036,0
2015-02-03,21:30:00,24.68,24.69,24.67,24.67,3394,0
2015-02-03,21:35:00,24.66,24.66,24.64,24.64,2537,0
2015-02-03,21:45:00,24.64,24.64,24.63,24.64,9424,0
2015-02-03,21:50:00,24.64,24.64,24.63,24.64,6485,0
2015-02-03,21:55:00,24.64,24.64,24.64,24.64,2812,0
2015-02-03,22:00:00,24.64,24.64,24.64,24.64,2262,0
2015-02-04,15:35:00,24.68,24.68,24.64,24.66,3888,0
2015-02-04,15:45:00,24.67,24.67,24.67,24.67,100,0
2015-02-04,15:50:00,24.67,24.67,24.64,24.67,416,0
2015-02-04,15:55:00,24.67,24.67,24.67,24.67,200,0
2015-02-04,16:00:00,24.67,24.67,24.67,24.67,200,0
2015-02-04,16:05:00,24.67,24.67,24.67,24.67,200,0
2015-02-04,16:10:00,24.67,24.67,24.67,24.67,200,0
2015-02-04,16:15:00,24.67,24.67,24.64,24.64,700,0
2015-02-04,16:20:00,24.67,24.67,24.64,24.66,1269,0
2015-02-04,16:25:00,24.66,24.66,24.65,24.66,1300,0
2015-02-04,16:30:00,24.66,24.66,24.63,24.66,1223,0
2015-02-04,16:35:00,24.66,24.66,24.65,24.66,1200,0
2015-02-04,16:40:00,24.66,24.66,24.66,24.66,100,0
2015-02-04,16:45:00,24.66,24.66,24.66,24.66,800,0
2015-02-04,16:50:00,24.66,24.66,24.66,24.66,100,0
2015-02-04,16:55:00,24.66,24.67,24.66,24.67,900,0
2015-02-04,17:00:00,24.67,24.67,24.66,24.67,3290,0
2015-02-04,17:05:00,24.67,24.67,24.67,24.67,200,0
2015-02-04,17:10:00,24.67,24.67,24.67,24.67,100,0
2015-02-04,17:15:00,24.67,24.69,24.67,24.69,3500,0
2015-02-04,17:20:00,24.68,24.7,24.68,24.7,5870,0
2015-02-04,17:25:00,24.7,24.71,24.7,24.71,350,0
2015-02-04,17:30:00,24.72,24.72,24.71,24.71,600,0
2015-02-04,17:35:00,24.7,24.71,24.67,24.71,2785,0
2015-02-04,17:40:00,24.72,24.72,24.72,24.72,1370,0
2015-02-04,17:45:00,24.72,24.72,24.72,24.72,100,0
2015-02-04,17:50:00,24.71,24.73,24.71,24.73,900,0
2015-02-04,17:55:00,24.74,24.74,24.69,24.73,4705,0
2015-02-04,18:00:00,24.7,24.74,24.69,24.74,6187,0
2015-02-04,18:05:00,24.73,24.74,24.73,24.74,500,0
2015-02-04,18:10:00,24.72,24.72,24.69,24.69,2200,0
2015-02-04,18:15:00,24.68,24.68,24.68,24.68,3250,0
2015-02-04,18:20:00,24.69,24.72,24.69,24.72,1000,0
2015-02-04,18:25:00,24.72,24.72,24.69,24.72,1060,0
2015-02-04,18:30:00,24.72,24.72,24.7,24.72,900,0
2015-02-04,18:35:00,24.73,24.73,24.73,24.73,100,0
2015-02-04,18:40:00,24.73,24.73,24.72,24.72,280,0
2015-02-04,18:45:00,24.73,24.73,24.73,24.73,1075,0
2015-02-04,18:50:00,24.73,24.73,24.73,24.73,100,0
2015-02-04,18:55:00,24.73,24.73,24.73,24.73,412,0
2015-02-04,19:00:00,24.73,24.73,24.72,24.72,1000,0
2015-02-04,19:05:00,24.73,24.73,24.73,24.73,440,0
2015-02-04,19:10:00,24.73,24.73,24.72,24.73,853,0
2015-02-04,19:15:00,24.74,24.74,24.72,24.72,1488,0
2015-02-04,19:20:00,24.74,24.74,24.74,24.74,1875,0
2015-02-04,19:25:00,24.72,24.72,24.69,24.69,2259,0
2015-02-04,19:30:00,24.7,24.7,24.7,24.7,900,0
2015-02-04,19:35:00,24.7,24.7,24.7,24.7,1840,0
2015-02-04,19:40:00,24.71,24.71,24.69,24.71,5237,0
2015-02-04,19:45:00,24.7,24.7,24.7,24.7,100,0
2015-02-04,19:50:00,24.7,24.7,24.7,24.7,1165,0
2015-02-04,19:55:00,24.7,24.7,24.69,24.7,600,0
2015-02-04,20:00:00,24.7,24.7,24.7,24.7,900,0
2015-02-04,20:05:00,24.7,24.72,24.7,24.72,1400,0
2015-02-04,20:10:00,24.72,24.72,24.72,24.72,500,0
2015-02-04,20:15:00,24.72,24.72,24.72,24.72,500,0
2015-02-04,20:20:00,24.72,24.72,24.72,24.72,300,0
2015-02-04,20:25:00,24.72,24.72,24.7,24.71,1600,0
2015-02-04,20:30:00,24.71,24.71,24.71,24.71,1500,0
2015-02-04,20:35:00,24.72,24.72,24.72,24.72,500,0
2015-02-04,20:40:00,24.72,24.72,24.72,24.72,3116,0
2015-02-04,20:45:00,24.73,24.73,24.73,24.73,300,0
2015-02-04,20:50:00,24.7,24.73,24.7,24.73,3100,0
2015-02-04,20:55:00,24.73,24.73,24.71,24.71,675,0
2015-02-04,21:00:00,24.7,24.73,24.7,24.73,2085,0
2015-02-04,21:05:00,24.73,24.73,24.73,24.73,1430,0
2015-02-04,21:10:00,24.73,24.73,24.72,24.72,536,0
2015-02-04,21:15:00,24.73,24.73,24.73,24.73,400,0
2015-02-04,21:20:00,24.72,24.73,24.72,24.72,1600,0
2015-02-04,21:25:00,24.73,24.73,24.72,24.73,1286,0
2015-02-04,21:30:00,24.72,24.73,24.72,24.73,1430,0
2015-02-04,21:35:00,24.72,24.73,24.72,24.73,612,0
2015-02-04,21:40:00,24.73,24.73,24.73,24.73,1180,0
2015-02-04,21:45:00,24.72,24.73,24.68,24.73,7784,0
2015-02-04,21:50:00,24.72,24.73,24.72,24.73,2305,0
2015-02-04,21:55:00,24.73,24.73,24.7,24.73,3232,0
2015-02-04,22:00:00,24.73,24.73,24.73,24.73,1412,0
2015-02-05,15:35:00,24.68,24.74,24.68,24.74,300,0
2015-02-05,15:40:00,24.73,24.75,24.73,24.74,938,0
2015-02-05,15:45:00,24.73,24.74,24.73,24.73,2200,0
2015-02-05,15:50:00,24.74,24.75,24.74,24.75,2307,0
2015-02-05,15:55:00,24.75,24.75,24.72,24.72,900,0
2015-02-05,16:00:00,24.74,24.77,24.74,24.77,4400,0
2015-02-05,16:05:00,24.73,24.76,24.73,24.76,1600,0
2015-02-05,16:10:00,24.72,24.77,24.72,24.75,1016,0
2015-02-05,16:20:00,24.77,24.77,24.77,24.77,500,0
2015-02-05,16:30:00,24.78,24.78,24.76,24.76,858,0
2015-02-05,16:35:00,24.76,24.76,24.75,24.75,800,0
2015-02-05,16:40:00,24.75,24.78,24.74,24.74,3930,0
2015-02-05,16:45:00,24.76,24.78,24.75,24.75,2949,0
2015-02-05,16:50:00,24.75,24.79,24.75,24.75,11000,0
2015-02-05,16:55:00,24.75,24.78,24.75,24.75,3680,0
2015-02-05,17:00:00,24.77,24.79,24.74,24.79,5600,0
2015-02-05,17:05:00,24.75,24.78,24.75,24.75,5000,0
2015-02-05,17:10:00,24.75,24.75,24.71,24.71,1758,0
2015-02-05,17:15:00,24.72,24.73,24.72,24.73,2100,0
2015-02-05,17:20:00,24.74,24.74,24.72,24.72,1100,0
2015-02-05,17:25:00,24.74,24.74,24.74,24.74,1000,0
2015-02-05,17:30:00,24.73,24.75,24.73,24.74,4300,0
2015-02-05,17:35:00,24.74,24.75,24.73,24.74,2700,0
2015-02-05,17:40:00,24.74,24.75,24.74,24.74,5000,0
2015-02-05,17:45:00,24.74,24.75,24.7,24.7,6200,0
2015-02-05,17:50:00,24.7,24.73,24.7,24.73,700,0
2015-02-05,17:55:00,24.73,24.73,24.72,24.73,2900,0
2015-02-05,18:00:00,24.71,24.73,24.7,24.73,7200,0
2015-02-05,18:05:00,24.73,24.73,24.73,24.73,900,0
2015-02-05,18:45:00,24.72,24.72,24.72,24.72,400,0
2015-02-05,19:10:00,24.73,24.73,24.73,24.73,1425,0
2015-02-05,19:15:00,24.73,24.73,24.73,24.73,1776,0
2015-02-05,19:20:00,24.77,24.77,24.73,24.73,28636,0
2015-02-05,19:25:00,24.73,24.73,24.72,24.72,2500,0
2015-02-05,19:30:00,24.72,24.72,24.72,24.72,600,0
2015-02-05,19:35:00,24.71,24.71,24.71,24.71,700,0
2015-02-05,19:40:00,24.72,24.72,24.69,24.72,3500,0
2015-02-05,19:50:00,24.72,24.72,24.72,24.72,4000,0
2015-02-05,19:55:00,24.72,24.73,24.72,24.73,2705,0
2015-02-05,20:10:00,24.75,24.75,24.73,24.73,1808,0
2015-02-05,20:15:00,24.73,24.74,24.73,24.73,2069,0
2015-02-05,20:20:00,24.75,24.75,24.75,24.75,200,0
2015-02-05,20:25:00,24.75,24.77,24.75,24.77,2000,0
2015-02-05,20:35:00,24.72,24.72,24.72,24.72,1100,0
2015-02-05,20:45:00,24.74,24.74,24.74,24.74,1800,0
2015-02-05,20:50:00,24.74,24.76,24.74,24.74,1033,0
2015-02-05,20:55:00,24.74,24.77,24.74,24.77,2100,0
2015-02-05,21:00:00,24.76,24.76,24.76,24.76,200,0
2015-02-05,21:05:00,24.76,24.77,24.76,24.77,989,0
2015-02-05,21:10:00,24.75,24.75,24.75,24.75,1005,0
2015-02-05,21:15:00,24.73,24.73,24.72,24.72,4160,0
2015-02-05,21:25:00,24.73,24.73,24.73,24.73,600,0
2015-02-05,21:30:00,24.73,24.75,24.73,24.75,3275,0
2015-02-05,21:35:00,24.73,24.75,24.73,24.75,11351,0
2015-02-05,21:45:00,24.77,24.77,24.76,24.77,3568,0
2015-02-05,21:50:00,24.77,24.8,24.77,24.8,2150,0
2015-02-05,21:55:00,24.8,24.82,24.8,24.8,2486,0
2015-02-05,22:00:00,24.8,24.8,24.79,24.8,5300,0
2015-02-06,15:35:00,24.8,24.8,24.8,24.8,1568,0
2015-02-06,15:55:00,24.78,24.8,24.77,24.78,5900,0
2015-02-06,16:00:00,24.77,24.77,24.76,24.76,2200,0
2015-02-06,16:05:00,24.76,24.77,24.76,24.77,1000,0
2015-02-06,16:10:00,24.76,24.76,24.75,24.76,2000,0
2015-02-06,16:15:00,24.76,24.76,24.76,24.76,1700,0
2015-02-06,16:20:00,24.77,24.77,24.76,24.76,1550,0
2015-02-06,16:25:00,24.75,24.75,24.75,24.75,1200,0
2015-02-06,16:30:00,24.75,24.76,24.74,24.74,3105,0
2015-02-06,16:35:00,24.74,24.74,24.74,24.74,400,0
2015-02-06,16:40:00,24.75,24.75,24.75,24.75,1500,0
2015-02-06,16:45:00,24.75,24.75,24.75,24.75,300,0
2015-02-06,16:50:00,24.76,24.76,24.76,24.76,1500,0
2015-02-06,16:55:00,24.74,24.75,24.74,24.74,1550,0
2015-02-06,17:00:00,24.73,24.74,24.73,24.74,2541,0
2015-02-06,17:05:00,24.72,24.72,24.7,24.71,6483,0
2015-02-06,17:10:00,24.7,24.71,24.7,24.7,3792,0
2015-02-06,17:15:00,24.71,24.72,24.71,24.72,300,0
2015-02-06,17:20:00,24.72,24.72,24.72,24.72,100,0
2015-02-06,17:30:00,24.72,24.72,24.72,24.72,853,0
2015-02-06,17:35:00,24.71,24.71,24.71,24.71,1376,0
2015-02-06,17:45:00,24.72,24.73,24.71,24.73,4390,0
2015-02-06,17:50:00,24.73,24.73,24.72,24.72,2000,0
2015-02-06,17:55:00,24.71,24.71,24.71,24.71,500,0
2015-02-06,18:00:00,24.71,24.71,24.7,24.7,3700,0
2015-02-06,18:05:00,24.7,24.7,24.7,24.7,1500,0
2015-02-06,18:10:00,24.72,24.72,24.71,24.71,2233,0
2015-02-06,18:15:00,24.71,24.71,24.7,24.71,1225,0
2015-02-06,18:20:00,24.7,24.7,24.7,24.7,2400,0
2015-02-06,18:25:00,24.71,24.71,24.7,24.7,3339,0
2015-02-06,18:30:00,24.7,24.71,24.7,24.71,400,0
2015-02-06,18:35:00,24.71,24.73,24.71,24.71,3200,0
2015-02-06,18:40:00,24.71,24.71,24.71,24.71,200,0
2015-02-06,18:50:00,24.71,24.71,24.71,24.71,200,0
2015-02-06,18:55:00,24.71,24.72,24.71,24.72,3500,0
2015-02-06,19:00:00,24.72,24.73,24.72,24.73,700,0
2015-02-06,19:10:00,24.74,24.75,24.74,24.75,2100,0
2015-02-06,19:20:00,24.74,24.75,24.72,24.72,3217,0
2015-02-06,19:25:00,24.73,24.75,24.73,24.75,450,0
2015-02-06,19:30:00,24.73,24.77,24.72,24.77,14945,0
2015-02-06,19:35:00,24.72,24.72,24.7,24.71,4722,0
2015-02-06,19:40:00,24.72,24.72,24.72,24.72,207,0
2015-02-06,19:45:00,24.72,24.72,24.72,24.72,1425,0
2015-02-06,19:50:00,24.72,24.74,24.72,24.73,3200,0
2015-02-06,19:55:00,24.74,24.75,24.74,24.75,533,0
2015-02-06,20:00:00,24.75,24.75,24.75,24.75,800,0
2015-02-06,20:05:00,24.75,24.75,24.74,24.74,920,0
2015-02-06,20:10:00,24.75,24.75,24.74,24.75,2800,0
2015-02-06,20:15:00,24.74,24.74,24.74,24.74,233,0
2015-02-06,20:20:00,24.73,24.74,24.73,24.74,2075,0
2015-02-06,20:30:00,24.74,24.74,24.74,24.74,138,0
2015-02-06,20:35:00,24.75,24.75,24.75,24.75,400,0
2015-02-06,20:40:00,24.75,24.75,24.75,24.75,1100,0
2015-02-06,20:45:00,24.75,24.75,24.75,24.75,2100,0
2015-02-06,20:50:00,24.76,24.76,24.75,24.75,900,0
2015-02-06,20:55:00,24.75,24.75,24.75,24.75,400,0
2015-02-06,21:00:00,24.76,24.76,24.76,24.76,822,0
2015-02-06,21:10:00,24.76,24.76,24.74,24.74,4885,0
2015-02-06,21:15:00,24.74,24.74,24.73,24.73,4843,0
2015-02-06,21:20:00,24.74,24.74,24.73,24.74,1317,0
2015-02-06,21:30:00,24.74,24.75,24.74,24.75,3300,0
2015-02-06,21:35:00,24.75,24.75,24.73,24.73,2200,0
2015-02-06,21:40:00,24.73,24.73,24.73,24.73,600,0
2015-02-06,21:45:00,24.74,24.74,24.74,24.74,800,0
2015-02-06,21:50:00,24.73,24.74,24.73,24.74,300,0
2015-02-06,21:55:00,24.75,24.75,24.73,24.73,4042,0
2015-02-06,22:00:00,24.73,24.74,24.73,24.73,1642,0
2015-02-09,15:35:00,24.67,24.67,24.65,24.66,4580,0
2015-02-09,15:40:00,24.65,24.65,24.65,24.65,240,0
2015-02-09,15:55:00,24.65,24.68,24.65,24.68,1630,0
2015-02-09,16:00:00,24.65,24.65,24.64,24.64,4810,0
2015-02-09,16:15:00,24.65,24.65,24.63,24.63,3479,0
2015-02-09,16:20:00,24.62,24.64,24.6,24.62,2000,0
2015-02-09,16:25:00,24.62,24.63,24.62,24.63,2600,0
2015-02-09,16:45:00,24.63,24.63,24.63,24.63,820,0
2015-02-09,16:50:00,24.64,24.64,24.62,24.62,4248,0
2015-02-09,16:55:00,24.62,24.64,24.62,24.62,9300,0
2015-02-09,17:00:00,24.67,24.67,24.62,24.62,7004,0
2015-02-09,17:05:00,24.62,24.64,24.62,24.64,2688,0
2015-02-09,17:10:00,24.66,24.66,24.65,24.66,725,0
2015-02-09,17:15:00,24.66,24.66,24.66,24.66,200,0
2015-02-09,17:20:00,24.65,24.65,24.61,24.61,2960,0
2015-02-09,17:25:00,24.64,24.64,24.63,24.63,2300,0
2015-02-09,17:40:00,24.62,24.64,24.62,24.64,1711,0
2015-02-09,17:45:00,24.64,24.64,24.63,24.63,2650,0
2015-02-09,17:50:00,24.64,24.65,24.62,24.65,4823,0
2015-02-09,17:55:00,24.63,24.64,24.62,24.62,1247,0
2015-02-09,18:00:00,24.62,24.66,24.62,24.65,2386,0
2015-02-09,18:15:00,24.66,24.66,24.65,24.65,1000,0
2015-02-09,18:25:00,24.66,24.66,24.66,24.66,1000,0
2015-02-09,18:30:00,24.66,24.66,24.66,24.66,2100,0
2015-02-09,18:35:00,24.66,24.67,24.66,24.67,600,0
2015-02-09,18:40:00,24.66,24.67,24.66,24.67,362,0
2015-02-09,18:45:00,24.67,24.67,24.67,24.67,1000,0
2015-02-09,18:50:00,24.68,24.68,24.68,24.68,400,0
2015-02-09,19:05:00,24.68,24.68,24.68,24.68,1660,0
2015-02-09,19:10:00,24.69,24.69,24.69,24.69,400,0
2015-02-09,19:15:00,24.69,24.69,24.69,24.69,2000,0
2015-02-09,19:25:00,24.69,24.69,24.69,24.69,1000,0
2015-02-09,19:30:00,24.69,24.69,24.69,24.69,250,0
2015-02-09,19:35:00,24.69,24.69,24.69,24.69,1100,0
2015-02-09,19:50:00,24.69,24.69,24.69,24.69,1800,0
2015-02-09,19:55:00,24.69,24.69,24.69,24.69,800,0
2015-02-09,20:05:00,24.68,24.69,24.67,24.67,7400,0
2015-02-09,20:10:00,24.71,24.71,24.71,24.71,500,0
2015-02-09,20:20:00,24.68,24.68,24.68,24.68,1125,0
2015-02-09,20:25:00,24.67,24.69,24.67,24.69,400,0
2015-02-09,20:30:00,24.71,24.71,24.71,24.71,475,0
2015-02-09,20:35:00,24.71,24.71,24.7,24.71,5400,0
2015-02-09,20:40:00,24.71,24.73,24.71,24.73,1602,0
2015-02-09,20:45:00,24.73,24.73,24.73,24.73,671,0
2015-02-09,20:50:00,24.72,24.72,24.72,24.72,1800,0
2015-02-09,20:55:00,24.72,24.72,24.71,24.71,1000,0
2015-02-09,21:00:00,24.71,24.72,24.71,24.72,1000,0
2015-02-09,21:10:00,24.72,24.72,24.72,24.72,600,0
2015-02-09,21:15:00,24.71,24.71,24.71,24.71,135,0
2015-02-09,21:20:00,24.68,24.72,24.68,24.71,2000,0
2015-02-09,21:25:00,24.68,24.68,24.68,24.68,400,0
2015-02-09,21:35:00,24.7,24.73,24.69,24.72,4300,0
2015-02-09,21:40:00,24.71,24.72,24.71,24.72,700,0
2015-02-09,21:45:00,24.73,24.73,24.73,24.73,2600,0
2015-02-09,21:50:00,24.72,24.72,24.67,24.67,15113,0
2015-02-09,21:55:00,24.68,24.71,24.68,24.7,3200,0
2015-02-09,22:00:00,24.69,24.69,24.69,24.69,200,0
2015-02-10,15:35:00,24.7,24.7,24.7,24.7,100,0
2015-02-10,15:45:00,24.7,24.72,24.7,24.72,650,0
2015-02-10,15:50:00,24.72,24.72,24.72,24.72,924,0
2015-02-10,15:55:00,24.74,24.75,24.7,24.7,3074,0
2015-02-10,16:10:00,24.7,24.7,24.7,24.7,200,0
2015-02-10,16:15:00,24.68,24.71,24.68,24.7,1578,0
2015-02-10,16:35:00,24.7,24.7,24.7,24.7,200,0
2015-02-10,16:40:00,24.71,24.71,24.68,24.69,3963,0
2015-02-10,16:45:00,24.67,24.71,24.67,24.71,2544,0
2015-02-10,16:55:00,24.67,24.67,24.63,24.64,12650,0
2015-02-10,17:00:00,24.69,24.7,24.69,24.7,4100,0
2015-02-10,17:05:00,24.7,24.7,24.7,24.7,700,0
2015-02-10,17:10:00,24.7,24.7,24.69,24.69,2700,0
2015-02-10,17:15:00,24.71,24.71,24.71,24.71,400,0
2015-02-10,17:20:00,24.69,24.69,24.69,24.69,200,0
2015-02-10,17:25:00,24.71,24.71,24.71,24.71,1000,0
2015-02-10,17:30:00,24.71,24.71,24.71,24.71,6525,0
2015-02-10,17:35:00,24.66,24.7,24.66,24.7,3500,0
2015-02-10,17:50:00,24.66,24.66,24.66,24.66,100,0
2015-02-10,17:55:00,24.7,24.7,24.7,24.7,400,0
2015-02-10,18:00:00,24.7,24.7,24.7,24.7,374,0
2015-02-10,18:05:00,24.71,24.71,24.71,24.71,1000,0
2015-02-10,18:10:00,24.76,24.76,24.76,24.76,29270,0
2015-02-10,18:15:00,24.71,24.71,24.71,24.71,2200,0
2015-02-10,18:20:00,24.69,24.7,24.69,24.7,700,0
2015-02-10,18:25:00,24.72,24.72,24.71,24.71,875,0
2015-02-10,18:35:00,24.69,24.72,24.69,24.72,1050,0
2015-02-10,18:40:00,24.72,24.72,24.71,24.71,1400,0
2015-02-10,18:55:00,24.72,24.73,24.72,24.73,212,0
2015-02-10,19:00:00,24.73,24.73,24.72,24.72,2200,0
2015-02-10,19:05:00,24.73,24.73,24.73,24.73,1200,0
2015-02-10,19:40:00,24.73,24.73,24.72,24.72,2600,0
2015-02-10,19:55:00,24.73,24.73,24.73,24.73,300,0
2015-02-10,20:00:00,24.71,24.73,24.7,24.73,3940,0
2015-02-10,20:05:00,24.69,24.69,24.69,24.69,2500,0
2015-02-10,20:10:00,24.72,24.72,24.72,24.72,600,0
2015-02-10,20:15:00,24.73,24.73,24.69,24.73,5984,0
2015-02-10,20:25:00,24.69,24.71,24.67,24.67,10498,0
2015-02-10,20:30:00,24.78,24.78,24.66,24.71,12442,0
2015-02-10,20:35:00,24.7,24.7,24.7,24.7,2400,0
2015-02-10,20:40:00,24.7,24.72,24.7,24.72,1100,0
2015-02-10,20:45:00,24.73,24.73,24.73,24.73,1200,0
2015-02-10,20:50:00,24.73,24.74,24.7,24.73,6725,0
2015-02-10,20:55:00,24.73,24.75,24.73,24.75,2734,0
2015-02-10,21:00:00,24.73,24.73,24.71,24.71,1000,0
2015-02-10,21:05:00,24.7,24.7,24.7,24.7,1150,0
2015-02-10,21:10:00,24.7,24.7,24.7,24.7,400,0
2015-02-10,21:15:00,24.72,24.74,24.72,24.74,2315,0
2015-02-10,21:20:00,24.73,24.73,24.73,24.73,500,0
2015-02-10,21:25:00,24.74,24.74,24.73,24.73,1000,0
2015-02-10,21:35:00,24.74,24.74,24.72,24.74,2700,0
2015-02-10,21:40:00,24.74,24.74,24.74,24.74,2000,0
2015-02-10,21:45:00,24.74,24.76,24.74,24.76,1200,0
2015-02-10,21:50:00,24.76,24.76,24.76,24.76,400,0
2015-02-10,21:55:00,24.76,24.76,24.76,24.76,400,0
2015-02-10,22:00:00,24.76,24.77,24.76,24.77,1400,0
2015-02-11,15:35:00,24.83,24.83,24.74,24.8,970,0
2015-02-11,15:40:00,24.77,24.8,24.75,24.75,3922,0
2015-02-11,15:45:00,24.77,24.78,24.77,24.78,1424,0
2015-02-11,15:50:00,24.77,24.77,24.73,24.73,5696,0
2015-02-11,16:00:00,24.75,24.75,24.75,24.75,300,0
2015-02-11,16:05:00,24.73,24.73,24.73,24.73,1100,0
2015-02-11,16:10:00,24.73,24.73,24.73,24.73,100,0
2015-02-11,16:30:00,24.73,24.75,24.73,24.73,700,0
2015-02-11,16:35:00,24.73,24.73,24.72,24.72,1500,0
2015-02-11,16:40:00,24.73,24.74,24.73,24.73,7200,0
2015-02-11,16:45:00,24.74,24.75,24.74,24.74,9700,0
2015-02-11,16:50:00,24.74,24.74,24.74,24.74,100,0
2015-02-11,16:55:00,24.73,24.73,24.73,24.73,2000,0
2015-02-11,17:00:00,24.74,24.75,24.73,24.73,3712,0
2015-02-11,17:05:00,24.74,24.74,24.73,24.73,1300,0
2015-02-11,17:10:00,24.75,24.75,24.75,24.75,1450,0
2015-02-11,17:15:00,24.72,24.74,24.72,24.74,1375,0
2015-02-11,17:20:00,24.74,24.76,24.74,24.76,2992,0
2015-02-11,17:30:00,24.74,24.76,24.74,24.76,1760,0
2015-02-11,17:35:00,24.76,24.76,24.76,24.76,300,0
2015-02-11,17:40:00,24.74,24.78,24.74,24.78,5375,0
2015-02-11,17:45:00,24.78,24.78,24.77,24.78,1205,0
2015-02-11,17:50:00,24.78,24.78,24.76,24.76,485,0
2015-02-11,17:55:00,24.77,24.77,24.77,24.77,2748,0
2015-02-11,18:00:00,24.76,24.76,24.76,24.76,540,0
2015-02-11,18:05:00,24.74,24.74,24.74,24.74,1000,0
2015-02-11,18:10:00,24.76,24.76,24.75,24.75,1000,0
2015-02-11,18:15:00,24.76,24.76,24.76,24.76,4575,0
2015-02-11,18:20:00,24.76,24.76,24.76,24.76,620,0
2015-02-11,18:30:00,24.77,24.77,24.77,24.77,1295,0
2015-02-11,18:35:00,24.75,24.75,24.73,24.73,6100,0
2015-02-11,18:40:00,24.77,24.77,24.77,24.77,1290,0
2015-02-11,18:55:00,24.73,24.74,24.73,24.74,225,0
2015-02-11,19:00:00,24.73,24.73,24.73,24.73,100,0
2015-02-11,19:05:00,24.76,24.76,24.76,24.76,700,0
2015-02-11,19:10:00,24.76,24.76,24.76,24.76,1100,0
2015-02-11,19:15:00,24.76,24.77,24.76,24.77,503,0
2015-02-11,19:20:00,24.76,24.76,24.76,24.76,100,0
2015-02-11,19:25:00,24.77,24.79,24.77,24.79,5032,0
2015-02-11,19:40:00,24.77,24.77,24.77,24.77,557,0
2015-02-11,19:45:00,24.77,24.77,24.77,24.77,400,0
2015-02-11,20:00:00,24.78,24.78,24.78,24.78,500,0
2015-02-11,20:20:00,24.78,24.8,24.77,24.77,2403,0
2015-02-11,20:35:00,24.8,24.8,24.8,24.8,2000,0
2015-02-11,20:40:00,24.8,24.8,24.79,24.79,356,0
2015-02-11,20:45:00,24.79,24.79,24.77,24.77,7500,0
2015-02-11,20:50:00,24.77,24.77,24.76,24.76,11265,0
2015-02-11,20:55:00,24.76,24.76,24.72,24.72,5284,0
2015-02-11,21:00:00,24.75,24.75,24.75,24.75,300,0
2015-02-11,21:05:00,24.74,24.74,24.74,24.74,1200,0
2015-02-11,21:15:00,24.75,24.75,24.75,24.75,900,0
2015-02-11,21:20:00,24.75,24.75,24.75,24.75,1184,0
2015-02-11,21:25:00,24.78,24.78,24.78,24.78,140,0
2015-02-11,21:30:00,24.78,24.79,24.78,24.79,1100,0
2015-02-11,21:35:00,24.79,24.79,24.78,24.78,1306,0
2015-02-11,21:40:00,24.79,24.79,24.78,24.78,812,0
2015-02-11,21:45:00,24.77,24.77,24.77,24.77,1198,0
2015-02-11,21:50:00,24.77,24.77,24.77,24.77,1150,0
2015-02-11,21:55:00,24.75,24.76,24.75,24.76,2500,0
2015-02-11,22:00:00,24.76,24.76,24.76,24.76,200,0
2015-02-12,15:40:00,24.77,24.79,24.77,24.79,237,0
2015-02-12,15:45:00,24.81,24.81,24.79,24.79,1175,0
2015-02-12,15:50:00,24.78,24.81,24.78,24.81,4013,0
2015-02-12,16:00:00,24.79,24.81,24.79,24.79,1498,0
2015-02-12,16:05:00,24.8,24.8,24.8,24.8,900,0
2015-02-12,16:30:00,24.8,24.81,24.8,24.81,700,0
2015-02-12,16:40:00,24.8,24.81,24.77,24.77,1475,0
2015-02-12,16:45:00,24.79,24.79,24.77,24.77,700,0
2015-02-12,16:55:00,24.8,24.8,24.8,24.8,212,0
2015-02-12,17:05:00,24.8,24.8,24.8,24.8,100,0
2015-02-12,17:10:00,24.78,24.8,24.78,24.8,2120,0
2015-02-12,17:20:00,24.79,24.79,24.79,24.79,240,0
2015-02-12,17:25:00,24.79,24.79,24.79,24.79,100,0
2015-02-12,17:30:00,24.77,24.77,24.77,24.77,1600,0
2015-02-12,17:35:00,24.78,24.79,24.75,24.79,2450,0
2015-02-12,17:45:00,24.75,24.77,24.75,24.76,8000,0
2015-02-12,17:50:00,24.75,24.75,24.73,24.73,1625,0
2015-02-12,17:55:00,24.77,24.77,24.77,24.77,150,0
2015-02-12,18:00:00,24.75,24.76,24.75,24.76,800,0
2015-02-12,18:05:00,24.76,24.76,24.73,24.74,3897,0
2015-02-12,18:20:00,24.73,24.75,24.73,24.75,700,0
2015-02-12,18:40:00,24.75,24.75,24.75,24.75,500,0
2015-02-12,18:45:00,24.75,24.75,24.75,24.75,500,0
2015-02-12,18:50:00,24.75,24.75,24.75,24.75,424,0
2015-02-12,18:55:00,24.75,24.75,24.74,24.74,310,0
2015-02-12,19:10:00,24.75,24.76,24.75,24.76,3111,0
2015-02-12,19:15:00,24.76,24.78,24.76,24.76,2570,0
2015-02-12,19:35:00,24.78,24.78,24.78,24.78,3580,0
2015-02-12,19:45:00,24.78,24.78,24.78,24.78,300,0
2015-02-12,20:00:00,24.78,24.78,24.75,24.75,2400,0
2015-02-12,20:05:00,24.78,24.78,24.78,24.78,200,0
2015-02-12,20:15:00,24.78,24.78,24.77,24.78,3000,0
2015-02-12,20:20:00,24.78,24.78,24.78,24.78,1700,0
2015-02-12,20:25:00,24.77,24.77,24.77,24.77,153,0
2015-02-12,20:35:00,24.78,24.78,24.76,24.76,3249,0
2015-02-12,20:50:00,24.76,24.76,24.74,24.75,13700,0
2015-02-12,20:55:00,24.75,24.75,24.73,24.73,1320,0
2015-02-12,21:00:00,24.74,24.74,24.74,24.74,800,0
2015-02-12,21:05:00,24.73,24.73,24.73,24.73,7000,0
2015-02-12,21:20:00,24.76,24.76,24.76,24.76,300,0
2015-02-12,21:30:00,24.75,24.75,24.72,24.72,11912,0
2015-02-12,21:35:00,24.73,24.73,24.72,24.73,4300,0
2015-02-12,21:45:00,24.72,24.72,24.72,24.72,7213,0
2015-02-12,21:50:00,24.73,24.73,24.72,24.72,3221,0
2015-02-12,21:55:00,24.72,24.73,24.72,24.73,1526,0
2015-02-12,22:00:00,24.73,24.73,24.72,24.73,5519,0
2015-02-13,15:35:00,24.71,24.71,24.71,24.71,1000,0
2015-02-13,15:40:00,24.77,24.77,24.76,24.76,250,0
2015-02-13,15:45:00,24.74,24.74,24.74,24.74,600,0
2015-02-13,16:00:00,24.79,24.79,24.74,24.76,4340,0
2015-02-13,16:05:00,24.78,24.78,24.75,24.75,1955,0
2015-02-13,16:10:00,24.75,24.75,24.75,24.75,1600,0
2015-02-13,16:15:00,24.77,24.77,24.77,24.77,800,0
2015-02-13,16:20:00,24.78,24.78,24.78,24.78,900,0
2015-02-13,16:25:00,24.73,24.73,24.71,24.71,2300,0
2015-02-13,16:30:00,24.72,24.72,24.71,24.71,1100,0
2015-02-13,16:35:00,24.71,24.76,24.71,24.74,1290,0
2015-02-13,16:40:00,24.76,24.76,24.76,24.76,2000,0
2015-02-13,16:45:00,24.77,24.77,24.74,24.74,2226,0
2015-02-13,16:50:00,24.73,24.73,24.73,24.73,500,0
2015-02-13,16:55:00,24.73,24.73,24.72,24.72,1000,0
2015-02-13,17:00:00,24.72,24.72,24.72,24.72,2000,0
2015-02-13,17:20:00,24.75,24.75,24.75,24.75,150,0
2015-02-13,17:30:00,24.76,24.76,24.76,24.76,450,0
2015-02-13,17:35:00,24.77,24.77,24.73,24.76,1250,0
2015-02-13,17:40:00,24.76,24.76,24.76,24.76,300,0
2015-02-13,17:45:00,24.77,24.79,24.77,24.77,1500,0
2015-02-13,17:50:00,24.77,24.79,24.74,24.79,3340,0
2015-02-13,17:55:00,24.79,24.79,24.79,24.79,400,0
2015-02-13,18:05:00,24.76,24.78,24.76,24.78,473,0
2015-02-13,18:10:00,24.76,24.8,24.76,24.79,1600,0
2015-02-13,18:15:00,24.79,24.79,24.79,24.79,1500,0
2015-02-13,18:30:00,24.76,24.79,24.76,24.76,1600,0
2015-02-13,18:35:00,24.76,24.8,24.76,24.8,3850,0
2015-02-13,18:40:00,24.76,24.76,24.76,24.76,1215,0
2015-02-13,18:45:00,24.8,24.8,24.8,24.8,1414,0
2015-02-13,19:00:00,24.8,24.8,24.79,24.8,2400,0
2015-02-13,19:10:00,24.77,24.77,24.76,24.76,1000,0
2015-02-13,19:15:00,24.81,24.81,24.79,24.79,1400,0
2015-02-13,19:20:00,24.81,24.81,24.79,24.79,2500,0
2015-02-13,19:30:00,24.77,24.77,24.76,24.76,2988,0
2015-02-13,19:35:00,24.8,24.8,24.8,24.8,200,0
2015-02-13,19:40:00,24.8,24.8,24.8,24.8,100,0
2015-02-13,19:45:00,24.8,24.8,24.79,24.79,800,0
2015-02-13,19:55:00,24.78,24.81,24.78,24.81,5330,0
2015-02-13,20:05:00,24.8,24.8,24.8,24.8,600,0
2015-02-13,20:15:00,24.8,24.8,24.8,24.8,100,0
2015-02-13,20:20:00,24.77,24.77,24.77,24.77,2870,0
2015-02-13,20:35:00,24.79,24.8,24.76,24.76,800,0
2015-02-13,20:45:00,24.79,24.79,24.79,24.79,200,0
2015-02-13,20:50:00,24.79,24.79,24.79,24.79,100,0
2015-02-13,20:55:00,24.79,24.79,24.79,24.79,1000,0
2015-02-13,21:00:00,24.78,24.78,24.78,24.78,3307,0
2015-02-13,21:05:00,24.79,24.79,24.78,24.78,3565,0
2015-02-13,21:10:00,24.77,24.78,24.77,24.78,700,0
2015-02-13,21:15:00,24.78,24.78,24.78,24.78,500,0
2015-02-13,21:25:00,24.78,24.81,24.78,24.81,5557,0
2015-02-13,21:30:00,24.81,24.81,24.81,24.81,584,0
2015-02-13,21:35:00,24.81,24.81,24.8,24.8,600,0
2015-02-13,21:55:00,24.8,24.82,24.79,24.81,3710,0
2015-02-13,22:00:00,24.81,24.82,24.8,24.8,3070,0
2015-02-17,15:35:00,24.85,24.85,24.83,24.83,2340,0
2015-02-17,15:40:00,24.83,24.83,24.83,24.83,400,0
2015-02-17,15:45:00,24.83,24.83,24.83,24.83,1200,0
2015-02-17,15:55:00,24.83,24.84,24.83,24.83,1500,0
2015-02-17,16:10:00,24.83,24.83,24.83,24.83,300,0
2015-02-17,16:25:00,24.82,24.83,24.82,24.83,600,0
2015-02-17,16:40:00,24.82,24.83,24.82,24.82,800,0
2015-02-17,16:45:00,24.82,24.83,24.82,24.83,3900,0
2015-02-17,16:55:00,24.83,24.83,24.83,24.83,250,0
2015-02-17,17:00:00,24.83,24.84,24.82,24.83,2350,0
2015-02-17,17:05:00,24.83,24.83,24.82,24.82,1300,0
2015-02-17,17:10:00,24.83,24.83,24.83,24.83,1000,0
2015-02-17,17:15:00,24.83,24.83,24.82,24.82,4650,0
2015-02-17,17:20:00,24.83,24.83,24.83,24.83,400,0
2015-02-17,17:30:00,24.83,24.84,24.83,24.84,1212,0
2015-02-17,17:35:00,24.83,24.86,24.83,24.83,3060,0
2015-02-17,17:40:00,24.83,24.83,24.83,24.83,300,0
2015-02-17,17:45:00,24.85,24.86,24.83,24.83,3200,0
2015-02-17,17:50:00,24.84,24.86,24.83,24.83,7650,0
2015-02-17,17:55:00,24.84,24.86,24.83,24.83,3886,0
2015-02-17,18:05:00,24.86,24.86,24.86,24.86,900,0
2015-02-17,18:10:00,24.85,24.85,24.84,24.84,840,0
2015-02-17,18:15:00,24.85,24.85,24.85,24.85,1000,0
2015-02-17,18:20:00,24.85,24.86,24.85,24.86,365,0
2015-02-17,18:35:00,24.84,24.84,24.82,24.82,2512,0
2015-02-17,18:40:00,24.83,24.83,24.83,24.83,500,0
2015-02-17,18:45:00,24.85,24.85,24.82,24.82,1812,0
2015-02-17,18:50:00,24.84,24.84,24.82,24.82,3296,0
2015-02-17,18:55:00,24.81,24.81,24.78,24.78,600,0
2015-02-17,19:05:00,24.81,24.82,24.8,24.8,744,0
2015-02-17,19:10:00,24.81,24.81,24.81,24.81,800,0
2015-02-17,19:20:00,24.82,24.82,24.81,24.81,1050,0
2015-02-17,19:35:00,24.82,24.82,24.82,24.82,100,0
2015-02-17,19:45:00,24.81,24.81,24.81,24.81,1250,0
2015-02-17,19:50:00,24.82,24.82,24.82,24.82,1700,0
2015-02-17,20:05:00,24.83,24.83,24.83,24.83,1855,0
2015-02-17,20:10:00,24.82,24.82,24.8,24.81,3071,0
2015-02-17,20:15:00,24.82,24.82,24.82,24.82,400,0
2015-02-17,20:25:00,24.8,24.8,24.8,24.8,212,0
2015-02-17,20:30:00,24.8,24.8,24.8,24.8,100,0
2015-02-17,20:35:00,24.8,24.81,24.8,24.81,300,0
2015-02-17,20:40:00,24.81,24.82,24.81,24.82,3100,0
2015-02-17,20:45:00,24.82,24.82,24.81,24.81,414,0
2015-02-17,21:00:00,24.81,24.81,24.81,24.81,200,0
2015-02-17,21:15:00,24.79,24.81,24.79,24.79,8100,0
2015-02-17,21:20:00,24.77,24.79,24.77,24.79,5300,0
2015-02-17,21:25:00,24.78,24.78,24.78,24.78,100,0
2015-02-17,21:30:00,24.78,24.78,24.78,24.78,1200,0
2015-02-17,21:40:00,24.79,24.79,24.78,24.79,4945,0
2015-02-17,21:45:00,24.79,24.79,24.78,24.79,2200,0
2015-02-17,21:50:00,24.79,24.79,24.77,24.79,2100,0
2015-02-17,21:55:00,24.79,24.79,24.78,24.78,4200,0
2015-02-17,22:00:00,24.76,24.77,24.76,24.76,5400,0
2015-02-18,15:35:00,24.75,24.75,24.72,24.72,2300,0
2015-02-18,15:40:00,24.73,24.73,24.73,24.73,300,0
2015-02-18,15:45:00,24.73,24.73,24.72,24.73,1860,0
2015-02-18,15:50:00,24.68,24.68,24.66,24.66,1100,0
2015-02-18,15:55:00,24.66,24.68,24.64,24.65,6946,0
2015-02-18,16:00:00,24.65,24.67,24.63,24.67,1700,0
2015-02-18,16:05:00,24.65,24.65,24.64,24.64,330,0
2015-02-18,16:10:00,24.65,24.66,24.65,24.66,500,0
2015-02-18,16:15:00,24.67,24.68,24.64,24.64,5400,0
2015-02-18,16:20:00,24.65,24.65,24.62,24.62,8450,0
2015-02-18,16:25:00,24.63,24.68,24.63,24.64,5500,0
2015-02-18,16:30:00,24.64,24.64,24.64,24.64,200,0
2015-02-18,16:35:00,24.64,24.64,24.64,24.64,500,0
2015-02-18,16:45:00,24.66,24.67,24.65,24.65,2300,0
2015-02-18,16:50:00,24.66,24.67,24.66,24.66,2605,0
2015-02-18,16:55:00,24.66,24.66,24.65,24.65,300,0
2015-02-18,17:00:00,24.65,24.65,24.64,24.64,1500,0
2015-02-18,17:05:00,24.65,24.65,24.63,24.63,4100,0
2015-02-18,17:10:00,24.62,24.62,24.6,24.6,3400,0
2015-02-18,17:15:00,24.64,24.64,24.58,24.58,2171,0
2015-02-18,17:25:00,24.59,24.64,24.59,24.64,4050,0
2015-02-18,17:30:00,24.64,24.64,24.64,24.64,1600,0
2015-02-18,17:35:00,24.6,24.61,24.6,24.6,1300,0
2015-02-18,17:40:00,24.61,24.61,24.56,24.56,5308,0
2015-02-18,17:45:00,24.56,24.59,24.56,24.59,1440,0
2015-02-18,17:50:00,24.59,24.59,24.57,24.57,1020,0
2015-02-18,17:55:00,24.56,24.56,24.56,24.56,4194,0
2015-02-18,18:00:00,24.56,24.56,24.56,24.56,1000,0
2015-02-18,18:05:00,24.56,24.56,24.56,24.56,6480,0
2015-02-18,18:10:00,24.57,24.58,24.56,24.58,1715,0
2015-02-18,18:15:00,24.56,24.56,24.56,24.56,1100,0
2015-02-18,18:20:00,24.56,24.56,24.56,24.56,400,0
2015-02-18,18:25:00,24.58,24.58,24.55,24.58,4420,0
2015-02-18,18:30:00,24.58,24.6,24.51,24.51,9150,0
2015-02-18,18:35:00,24.52,24.52,24.52,24.52,2000,0
2015-02-18,18:50:00,24.54,24.54,24.54,24.54,500,0
2015-02-18,19:00:00,24.54,24.56,24.54,24.56,2820,0
2015-02-18,19:05:00,24.55,24.56,24.55,24.56,1503,0
2015-02-18,19:10:00,24.56,24.59,24.55,24.55,7135,0
2015-02-18,19:25:00,24.59,24.59,24.59,24.59,440,0
2015-02-18,19:35:00,24.59,24.59,24.59,24.59,200,0
2015-02-18,19:45:00,24.58,24.58,24.58,24.58,400,0
2015-02-18,19:50:00,24.57,24.59,24.57,24.59,742,0
2015-02-18,20:00:00,24.57,24.57,24.56,24.56,1010,0
2015-02-18,20:05:00,24.59,24.62,24.59,24.62,3900,0
2015-02-18,20:10:00,24.62,24.63,24.62,24.63,440,0
2015-02-18,20:15:00,24.61,24.62,24.61,24.62,928,0
2015-02-18,20:20:00,24.63,24.63,24.63,24.63,825,0
2015-02-18,20:30:00,24.6,24.6,24.6,24.6,400,0
2015-02-18,20:35:00,24.64,24.65,24.64,24.65,1100,0
2015-02-18,20:40:00,24.61,24.66,24.61,24.66,2450,0
2015-02-18,20:45:00,24.62,24.62,24.62,24.62,600,0
2015-02-18,20:55:00,24.65,24.66,24.64,24.64,2700,0
2015-02-18,21:00:00,24.66,24.68,24.66,24.68,1000,0
2015-02-18,21:05:00,24.68,24.69,24.68,24.69,2744,0
2015-02-18,21:10:00,24.7,24.7,24.65,24.68,4640,0
2015-02-18,21:15:00,24.69,24.69,24.68,24.68,1100,0
2015-02-18,21:20:00,24.68,24.68,24.67,24.68,1400,0
2015-02-18,21:25:00,24.68,24.69,24.68,24.69,500,0
2015-02-18,21:30:00,24.7,24.7,24.7,24.7,1200,0
2015-02-18,21:35:00,24.69,24.7,24.69,24.7,3075,0
2015-02-18,21:45:00,24.7,24.7,24.7,24.7,300,0
2015-02-18,21:50:00,24.7,24.7,24.67,24.67,600,0
2015-02-18,21:55:00,24.69,24.69,24.69,24.69,1200,0
2015-02-18,22:00:00,24.69,24.7,24.69,24.7,3175,0
2015-02-19,15:35:00,24.65,24.65,24.65,24.65,1000,0
2015-02-19,15:40:00,24.62,24.65,24.59,24.59,2100,0
2015-02-19,15:45:00,24.61,24.61,24.58,24.58,300,0
2015-02-19,15:50:00,24.58,24.58,24.58,24.58,200,0
2015-02-19,16:05:00,24.58,24.61,24.58,24.59,4450,0
2015-02-19,16:10:00,24.62,24.64,24.62,24.64,1400,0
2015-02-19,16:15:00,24.64,24.66,24.59,24.66,1850,0
2015-02-19,16:20:00,24.67,24.67,24.67,24.67,325,0
2015-02-19,16:25:00,24.67,24.67,24.65,24.65,861,0
2015-02-19,16:30:00,24.66,24.67,24.66,24.67,500,0
2015-02-19,16:35:00,24.68,24.71,24.68,24.71,1700,0
2015-02-19,16:40:00,24.71,24.71,24.7,24.7,1475,0
2015-02-19,16:45:00,24.71,24.74,24.71,24.74,1595,0
2015-02-19,16:55:00,24.74,24.74,24.72,24.72,700,0
2015-02-19,17:00:00,24.73,24.74,24.73,24.73,2700,0
2015-02-19,17:05:00,24.71,24.75,24.71,24.75,1100,0
2015-02-19,17:10:00,24.75,24.75,24.75,24.75,400,0
2015-02-19,17:15:00,24.75,24.75,24.75,24.75,2550,0
2015-02-19,17:20:00,24.72,24.73,24.72,24.73,1900,0
2015-02-19,17:25:00,24.75,24.75,24.74,24.75,1500,0
2015-02-19,17:30:00,24.76,24.76,24.72,24.72,1410,0
2015-02-19,17:35:00,24.77,24.77,24.73,24.73,1000,0
2015-02-19,17:40:00,24.75,24.75,24.75,24.75,400,0
2015-02-19,17:45:00,24.75,24.75,24.75,24.75,1000,0
2015-02-19,17:50:00,24.75,24.75,24.75,24.75,1600,0
2015-02-19,17:55:00,24.75,24.77,24.75,24.77,2300,0
2015-02-19,18:05:00,24.77,24.77,24.77,24.77,250,0
2015-02-19,18:10:00,24.77,24.77,24.76,24.77,730,0
2015-02-19,18:15:00,24.77,24.77,24.77,24.77,1000,0
2015-02-19,18:20:00,24.77,24.77,24.77,24.77,350,0
2015-02-19,18:25:00,24.74,24.74,24.74,24.74,260,0
2015-02-19,18:30:00,24.75,24.75,24.75,24.75,300,0
2015-02-19,18:35:00,24.75,24.75,24.74,24.74,720,0
2015-02-19,18:40:00,24.75,24.75,24.75,24.75,1500,0
2015-02-19,18:55:00,24.74,24.74,24.74,24.74,1636,0
2015-02-19,19:15:00,24.74,24.74,24.74,24.74,540,0
2015-02-19,19:25:00,24.73,24.74,24.73,24.74,2200,0
2015-02-19,19:35:00,24.75,24.75,24.73,24.73,600,0
2015-02-19,19:45:00,24.74,24.74,24.74,24.74,200,0
2015-02-19,19:55:00,24.74,24.75,24.7,24.7,2590,0
2015-02-19,20:00:00,24.73,24.73,24.73,24.73,800,0
2015-02-19,20:05:00,24.71,24.71,24.7,24.7,750,0
2015-02-19,20:10:00,24.74,24.75,24.74,24.75,3332,0
2015-02-19,20:15:00,24.71,24.74,24.71,24.74,1790,0
2015-02-19,20:20:00,24.72,24.72,24.72,24.72,450,0
2015-02-19,20:25:00,24.75,24.75,24.73,24.73,1300,0
2015-02-19,20:30:00,24.76,24.76,24.75,24.75,1900,0
2015-02-19,20:35:00,24.75,24.76,24.75,24.76,5500,0
2015-02-19,20:40:00,24.75,24.75,24.75,24.75,624,0
2015-02-19,20:45:00,24.73,24.76,24.73,24.76,2800,0
2015-02-19,20:50:00,24.75,24.8,24.75,24.75,2070,0
2015-02-19,20:55:00,24.75,24.75,24.68,24.69,11375,0
2015-02-19,21:00:00,24.69,24.74,24.67,24.74,3572,0
2015-02-19,21:05:00,24.69,24.69,24.68,24.69,2000,0
2015-02-19,21:10:00,24.73,24.73,24.73,24.73,135,0
2015-02-19,21:15:00,24.69,24.71,24.69,24.71,1000,0
2015-02-19,21:25:00,24.71,24.71,24.71,24.71,500,0
2015-02-19,21:30:00,24.73,24.74,24.73,24.74,2400,0
2015-02-19,21:40:00,24.72,24.74,24.71,24.74,800,0
2015-02-19,21:45:00,24.7,24.7,24.7,24.7,1000,0
2015-02-19,21:50:00,24.74,24.74,24.69,24.72,7000,0
2015-02-19,21:55:00,24.73,24.75,24.73,24.75,1670,0
2015-02-19,22:00:00,24.74,24.75,24.74,24.75,1188,0
2015-02-20,15:35:00,24.75,24.75,24.7,24.75,3300,0
2015-02-20,15:40:00,24.75,24.75,24.74,24.74,1500,0
2015-02-20,15:45:00,24.75,24.75,24.75,24.75,200,0
2015-02-20,15:50:00,24.74,24.74,24.74,24.74,300,0
2015-02-20,15:55:00,24.74,24.74,24.74,24.74,100,0
2015-02-20,16:05:00,24.73,24.73,24.73,24.73,800,0
2015-02-20,16:10:00,24.74,24.74,24.74,24.74,100,0
2015-02-20,16:15:00,24.74,24.77,24.74,24.77,2303,0
2015-02-20,16:20:00,24.77,24.79,24.77,24.79,1449,0
2015-02-20,16:25:00,24.78,24.79,24.71,24.71,14166,0
2015-02-20,16:30:00,24.72,24.72,24.72,24.72,100,0
2015-02-20,16:35:00,24.73,24.77,24.72,24.77,1921,0
2015-02-20,16:40:00,24.77,24.77,24.69,24.7,8500,0
2015-02-20,16:45:00,24.74,24.74,24.74,24.74,700,0
2015-02-20,16:50:00,24.73,24.74,24.73,24.74,1900,0
2015-02-20,16:55:00,24.74,24.74,24.74,24.74,970,0
2015-02-20,17:00:00,24.72,24.74,24.72,24.74,1000,0
2015-02-20,17:05:00,24.74,24.74,24.72,24.72,600,0
2015-02-20,17:20:00,24.74,24.74,24.73,24.74,2300,0
2015-02-20,17:25:00,24.72,24.72,24.71,24.71,1800,0
2015-02-20,17:30:00,24.73,24.73,24.73,24.73,500,0
2015-02-20,17:35:00,24.71,24.71,24.71,24.71,2342,0
2015-02-20,17:40:00,24.72,24.73,24.72,24.73,1001,0
2015-02-20,17:45:00,24.71,24.71,24.71,24.71,500,0
2015-02-20,17:55:00,24.73,24.73,24.73,24.73,3760,0
2015-02-20,18:00:00,24.71,24.73,24.71,24.73,2015,0
2015-02-20,18:05:00,24.73,24.73,24.73,24.73,1806,0
2015-02-20,18:15:00,24.73,24.73,24.71,24.71,2925,0
2015-02-20,18:20:00,24.73,24.75,24.73,24.75,3075,0
2015-02-20,18:25:00,24.75,24.75,24.73,24.73,350,0
2015-02-20,18:30:00,24.72,24.72,24.72,24.72,257,0
2015-02-20,18:35:00,24.74,24.74,24.74,24.74,600,0
2015-02-20,18:40:00,24.75,24.75,24.72,24.72,3500,0
2015-02-20,18:50:00,24.75,24.75,24.75,24.75,400,0
2015-02-20,18:55:00,24.75,24.75,24.75,24.75,1100,0
2015-02-20,19:00:00,24.75,24.75,24.73,24.73,800,0
2015-02-20,19:05:00,24.74,24.74,24.74,24.74,860,0
2015-02-20,19:15:00,24.75,24.75,24.75,24.75,265,0
2015-02-20,19:20:00,24.73,24.73,24.73,24.73,1000,0
2015-02-20,19:30:00,24.75,24.75,24.73,24.73,1000,0
2015-02-20,19:35:00,24.73,24.73,24.73,24.73,1800,0
2015-02-20,19:45:00,24.72,24.72,24.72,24.72,5016,0
2015-02-20,19:50:00,24.73,24.78,24.72,24.78,3000,0
2015-02-20,19:55:00,24.74,24.74,24.73,24.73,3515,0
2015-02-20,20:10:00,24.78,24.78,24.76,24.76,800,0
2015-02-20,20:15:00,24.77,24.77,24.76,24.76,2440,0
2015-02-20,20:20:00,24.78,24.78,24.78,24.78,200,0
2015-02-20,20:25:00,24.78,24.78,24.78,24.78,650,0
2015-02-20,20:30:00,24.77,24.79,24.77,24.79,6840,0
2015-02-20,20:40:00,24.75,24.75,24.75,24.75,900,0
2015-02-20,20:50:00,24.79,24.79,24.79,24.79,700,0
2015-02-20,20:55:00,24.78,24.8,24.78,24.8,1425,0
2015-02-20,21:00:00,24.8,24.8,24.8,24.8,500,0
2015-02-20,21:05:00,24.75,24.77,24.75,24.77,600,0
2015-02-20,21:10:00,24.8,24.8,24.75,24.76,2600,0
2015-02-20,21:15:00,24.79,24.79,24.77,24.77,1265,0
2015-02-20,21:20:00,24.77,24.77,24.77,24.77,200,0
2015-02-20,21:25:00,24.75,24.76,24.75,24.75,1600,0
2015-02-20,21:30:00,24.76,24.76,24.76,24.76,1500,0
2015-02-20,21:35:00,24.75,24.76,24.75,24.76,550,0
2015-02-20,21:40:00,24.76,24.76,24.75,24.75,1015,0
2015-02-20,21:50:00,24.75,24.75,24.75,24.75,400,0
2015-02-20,21:55:00,24.75,24.76,24.75,24.76,2748,0
2015-02-20,22:00:00,24.76,24.77,24.76,24.76,1100,0
2015-02-23,15:35:00,24.83,24.84,24.78,24.78,2180,0
2015-02-23,15:40:00,24.84,24.87,24.82,24.82,1797,0
2015-02-23,15:45:00,24.82,24.82,24.82,24.82,300,0
2015-02-23,16:00:00,24.85,24.87,24.85,24.87,200,0
2015-02-23,16:05:00,24.86,24.86,24.86,24.86,936,0
2015-02-23,16:15:00,24.85,24.86,24.85,24.85,2362,0
2015-02-23,16:20:00,24.86,24.86,24.85,24.86,1300,0
2015-02-23,16:25:00,24.86,24.87,24.85,24.87,4100,0
2015-02-23,16:30:00,24.87,24.87,24.86,24.87,1300,0
2015-02-23,16:35:00,24.87,24.87,24.85,24.87,3100,0
2015-02-23,16:40:00,24.87,24.87,24.87,24.87,200,0
2015-02-23,16:50:00,24.85,24.88,24.85,24.87,6440,0
2015-02-23,16:55:00,24.88,24.88,24.87,24.87,400,0
2015-02-23,17:00:00,24.88,24.88,24.87,24.88,4000,0
2015-02-23,17:05:00,24.87,24.88,24.87,24.88,1150,0
2015-02-23,17:10:00,24.88,24.88,24.87,24.87,900,0
2015-02-23,17:15:00,24.87,24.88,24.87,24.87,7300,0
2015-02-23,17:20:00,24.88,24.89,24.87,24.87,2441,0
2015-02-23,17:25:00,24.89,24.89,24.88,24.89,1650,0
2015-02-23,17:30:00,24.89,24.89,24.87,24.87,7080,0
2015-02-23,17:35:00,24.88,24.89,24.87,24.88,1030,0
2015-02-23,17:40:00,24.89,24.89,24.89,24.89,2025,0
2015-02-23,17:45:00,24.89,24.9,24.89,24.9,1500,0
2015-02-23,17:50:00,24.9,24.9,24.89,24.9,9570,0
2015-02-23,17:55:00,24.88,24.88,24.88,24.88,1800,0
2015-02-23,18:00:00,24.88,24.9,24.86,24.86,5890,0
2015-02-23,18:05:00,24.87,24.9,24.87,24.9,4000,0
2015-02-23,18:10:00,24.87,24.9,24.87,24.9,3165,0
2015-02-23,18:15:00,24.88,24.88,24.88,24.88,5000,0
2015-02-23,18:20:00,24.89,24.9,24.89,24.89,1400,0
2015-02-23,18:25:00,24.9,24.9,24.9,24.9,1580,0
2015-02-23,18:30:00,24.89,24.89,24.89,24.89,700,0
2015-02-23,18:35:00,24.9,24.9,24.9,24.9,1000,0
2015-02-23,18:40:00,24.9,24.9,24.89,24.9,5830,0
2015-02-23,18:45:00,24.89,24.89,24.89,24.89,3512,0
2015-02-23,18:50:00,24.9,24.9,24.9,24.9,1400,0
2015-02-23,18:55:00,24.9,24.9,24.9,24.9,2032,0
2015-02-23,19:00:00,24.91,24.91,24.9,24.9,3644,0
2015-02-23,19:05:00,24.92,24.92,24.92,24.92,700,0
2015-02-23,19:10:00,24.9,24.9,24.9,24.9,2037,0
2015-02-23,19:20:00,24.91,24.92,24.9,24.9,10844,0
2015-02-23,19:25:00,24.89,24.89,24.85,24.85,14900,0
2015-02-23,19:30:00,24.85,24.85,24.83,24.84,5120,0
2015-02-23,19:35:00,24.85,24.85,24.85,24.85,4490,0
2015-02-23,19:45:00,24.84,24.85,24.84,24.85,5498,0
2015-02-23,19:50:00,24.85,24.85,24.85,24.85,5455,0
2015-02-23,19:55:00,24.84,24.84,24.83,24.83,2900,0
2015-02-23,20:00:00,24.84,24.84,24.84,24.84,200,0
2015-02-23,20:05:00,24.83,24.83,24.83,24.83,469,0
2015-02-23,20:10:00,24.84,24.84,24.84,24.84,200,0
2015-02-23,20:20:00,24.83,24.88,24.83,24.88,13520,0
2015-02-23,20:25:00,24.85,24.85,24.85,24.85,1022,0
2015-02-23,20:30:00,24.89,24.89,24.89,24.89,2925,0
2015-02-23,20:45:00,24.89,24.89,24.88,24.88,7490,0
2015-02-23,21:00:00,24.86,24.87,24.86,24.86,1400,0
2015-02-23,21:05:00,24.86,24.87,24.86,24.87,888,0
2015-02-23,21:15:00,24.87,24.87,24.87,24.87,550,0
2015-02-23,21:20:00,24.87,24.87,24.87,24.87,1100,0
2015-02-23,21:25:00,24.87,24.87,24.87,24.87,2694,0
2015-02-23,21:35:00,24.9,24.9,24.9,24.9,400,0
2015-02-23,21:40:00,24.9,24.9,24.86,24.86,1734,0
2015-02-23,21:50:00,24.86,24.88,24.86,24.88,1744,0
2015-02-23,22:00:00,24.88,24.88,24.87,24.87,2273,0
