Date,Time,Open,High,Low,Close,Volume,OpenInt
2015-02-03,16:50:00,87.66,87.79,87.64,87.73,39650,0
2015-02-03,16:55:00,87.75,87.77,87.64,87.73,28376,0
2015-02-03,17:00:00,87.72,87.77,87.46,87.46,37619,0
2015-02-03,17:05:00,87.45,87.6,87.42,87.48,41698,0
2015-02-03,17:10:00,87.48,87.68,87.48,87.65,23576,0
2015-02-03,17:15:00,87.65,87.7,87.52,87.64,27882,0
2015-02-03,17:20:00,87.64,87.69,87.53,87.68,35208,0
2015-02-03,17:25:00,87.69,87.73,87.64,87.73,34133,0
2015-02-03,17:30:00,87.73,87.8,87.59,87.59,70944,0
2015-02-03,17:35:00,87.61,87.69,87.61,87.65,35833,0
2015-02-03,17:40:00,87.65,87.65,87.47,87.55,20990,0
2015-02-03,17:45:00,87.55,87.72,87.46,87.65,75785,0
2015-02-03,17:50:00,87.65,87.82,87.6,87.81,41301,0
2015-02-03,17:55:00,87.81,87.88,87.63,87.63,61480,0
2015-02-03,18:00:00,87.66,87.85,87.64,87.81,27936,0
2015-02-03,18:05:00,87.8,87.98,87.8,87.92,34843,0
2015-02-03,18:10:00,87.94,88.11,87.93,88.06,27383,0
2015-02-03,18:15:00,88.04,88.17,87.98,88.17,23965,0
2015-02-03,18:20:00,88.15,88.15,88.03,88.1,27804,0
2015-02-03,18:25:00,88.11,88.21,88.06,88.06,26297,0
2015-02-03,18:30:00,88.07,88.15,88.05,88.15,26138,0
2015-02-03,18:35:00,88.16,88.16,88.02,88.09,26039,0
2015-02-03,18:40:00,88.14,88.23,88.12,88.19,28229,0
2015-02-03,18:45:00,88.22,88.25,88.17,88.25,23664,0
2015-02-03,18:50:00,88.27,88.32,88.22,88.22,24123,0
2015-02-03,18:55:00,88.24,88.44,88.24,88.44,35000,0
2015-02-03,19:00:00,88.42,88.45,88.26,88.3,28233,0
2015-02-03,19:05:00,88.31,88.33,88.16,88.23,45643,0
2015-02-03,19:10:00,88.23,88.26,88.16,88.19,36661,0
2015-02-03,19:15:00,88.15,88.22,88.07,88.15,46552,0
2015-02-03,19:20:00,88.14,88.27,88.14,88.26,85508,0
2015-02-03,19:25:00,88.27,88.5,88.27,88.49,41340,0
2015-02-03,19:30:00,88.49,88.52,88.4,88.5,33628,0
2015-02-03,19:35:00,88.51,88.62,88.49,88.53,30918,0
2015-02-03,19:40:00,88.53,88.57,88.44,88.45,33933,0
2015-02-03,19:45:00,88.46,88.6,88.46,88.6,20086,0
2015-02-03,19:50:00,88.6,88.6,88.42,88.45,29660,0
2015-02-03,19:55:00,88.46,88.51,88.32,88.42,50581,0
2015-02-03,20:00:00,88.43,88.7,88.43,88.7,31724,0
2015-02-03,20:05:00,88.69,88.78,88.65,88.65,28428,0
2015-02-03,20:10:00,88.65,88.67,88.56,88.57,37957,0
2015-02-03,20:15:00,88.58,88.63,88.56,88.61,24434,0
2015-02-03,20:20:00,88.61,88.71,88.59,88.66,28782,0
2015-02-03,20:25:00,88.64,88.65,88.59,88.62,33123,0
2015-02-03,20:30:00,88.62,88.62,88.54,88.59,39424,0
2015-02-03,20:35:00,88.59,88.63,88.41,88.42,73967,0
2015-02-03,20:40:00,88.41,88.42,88.32,88.42,37514,0
2015-02-03,20:45:00,88.42,88.55,88.42,88.53,36742,0
2015-02-03,20:50:00,88.53,88.57,88.42,88.46,38675,0
2015-02-03,20:55:00,88.45,88.47,88.37,88.43,35088,0
2015-02-03,21:00:00,88.42,88.49,88.41,88.49,31988,0
2015-02-03,21:05:00,88.49,88.59,88.46,88.54,37399,0
2015-02-03,21:10:00,88.52,88.56,88.4,88.48,71265,0
2015-02-03,21:15:00,88.48,88.5,88.32,88.42,55339,0
2015-02-03,21:20:00,88.42,88.49,88.4,88.46,65107,0
2015-02-03,21:25:00,88.45,88.49,88.42,88.48,61875,0
2015-02-03,21:30:00,88.48,88.55,88.43,88.55,66067,0
2015-02-03,21:35:00,88.56,88.6,88.49,88.49,65124,0
2015-02-03,21:40:00,88.48,88.63,88.48,88.63,82839,0
2015-02-03,21:45:00,88.63,88.64,88.55,88.6,77332,0
2015-02-03,21:50:00,88.6,88.7,88.6,88.68,104022,0
2015-02-03,21:55:00,88.67,88.68,88.6,88.62,106220,0
2015-02-03,22:00:00,88.62,88.66,88.6,88.63,220167,0
2015-02-04,15:35:00,88.35,88.79,88.16,88.72,27180,0
2015-02-04,15:40:00,88.76,88.77,88.45,88.76,28220,0
2015-02-04,15:45:00,88.7,88.88,88.68,88.88,25642,0
2015-02-04,15:50:00,88.87,88.9,88.57,88.8,63481,0
2015-02-04,15:55:00,88.83,88.95,88.69,88.92,45596,0
2015-02-04,16:00:00,88.92,88.97,88.78,88.88,27962,0
2015-02-04,16:05:00,88.88,89.0,88.83,88.91,37611,0
2015-02-04,16:10:00,88.93,89.04,88.85,88.99,74365,0
2015-02-04,16:15:00,88.98,89.23,88.95,89.17,66882,0
2015-02-04,16:20:00,89.16,89.28,89.09,89.21,58814,0
2015-02-04,16:25:00,89.21,89.24,89.05,89.13,64909,0
2015-02-04,16:30:00,89.12,89.16,88.97,89.13,45858,0
2015-02-04,16:35:00,89.13,89.22,88.99,89.21,36330,0
2015-02-04,16:40:00,89.21,89.3,89.09,89.28,32561,0
2015-02-04,16:45:00,89.28,89.33,89.24,89.32,33805,0
2015-02-04,16:50:00,89.29,89.35,89.23,89.25,34234,0
2015-02-04,16:55:00,89.25,89.34,89.13,89.34,53632,0
2015-02-04,17:00:00,89.34,89.48,89.32,89.46,63799,0
2015-02-04,17:05:00,89.46,89.48,89.35,89.45,61249,0
2015-02-04,17:10:00,89.45,89.5,89.43,89.49,37100,0
2015-02-04,17:15:00,89.48,89.48,89.32,89.45,61113,0
2015-02-04,17:20:00,89.46,89.49,89.35,89.36,30622,0
2015-02-04,17:25:00,89.36,89.49,89.33,89.43,30669,0
2015-02-04,17:30:00,89.46,89.47,89.31,89.35,33366,0
2015-02-04,17:35:00,89.34,89.36,89.2,89.26,42433,0
2015-02-04,17:40:00,89.28,89.32,89.17,89.32,23151,0
2015-02-04,17:45:00,89.3,89.36,89.27,89.35,16753,0
2015-02-04,17:50:00,89.36,89.39,89.1,89.1,37070,0
2015-02-04,17:55:00,89.1,89.1,88.93,88.97,31898,0
2015-02-04,18:00:00,88.95,89.13,88.95,89.11,23787,0
2015-02-04,18:05:00,89.1,89.11,88.96,88.97,25288,0
2015-02-04,18:10:00,88.98,89.06,88.93,89.01,16151,0
2015-02-04,18:15:00,89.01,89.02,88.86,88.92,24670,0
2015-02-04,18:20:00,88.92,88.94,88.88,88.9,15130,0
2015-02-04,18:25:00,88.92,89.11,88.91,89.11,26409,0
2015-02-04,18:30:00,89.11,89.12,88.95,88.99,23740,0
2015-02-04,18:35:00,88.95,89.06,88.95,89.05,14217,0
2015-02-04,18:40:00,89.03,89.03,88.85,88.89,13507,0
2015-02-04,18:45:00,88.9,88.9,88.8,88.83,17702,0
2015-02-04,18:50:00,88.83,88.84,88.76,88.8,25795,0
2015-02-04,18:55:00,88.8,88.82,88.7,88.71,22431,0
2015-02-04,19:00:00,88.72,88.8,88.72,88.74,25130,0
2015-02-04,19:05:00,88.74,88.84,88.73,88.83,18467,0
2015-02-04,19:10:00,88.82,88.83,88.63,88.69,28937,0
2015-02-04,19:15:00,88.71,88.71,88.61,88.61,23525,0
2015-02-04,19:20:00,88.62,88.69,88.62,88.63,16619,0
2015-02-04,19:25:00,88.63,88.69,88.61,88.62,22377,0
2015-02-04,19:30:00,88.63,88.69,88.61,88.66,20672,0
2015-02-04,19:35:00,88.64,88.77,88.63,88.77,27110,0
2015-02-04,19:40:00,88.78,88.8,88.72,88.76,21920,0
2015-02-04,19:45:00,88.76,88.79,88.71,88.79,23922,0
2015-02-04,19:50:00,88.79,88.8,88.64,88.64,15609,0
2015-02-04,19:55:00,88.63,88.7,88.61,88.62,25948,0
2015-02-04,20:00:00,88.61,88.62,88.53,88.62,26067,0
2015-02-04,20:05:00,88.59,88.79,88.59,88.78,31286,0
2015-02-04,20:10:00,88.79,88.8,88.6,88.6,34100,0
2015-02-04,20:15:00,88.6,88.62,88.5,88.55,31694,0
2015-02-04,20:20:00,88.56,88.63,88.51,88.53,21600,0
2015-02-04,20:25:00,88.52,88.6,88.51,88.54,24891,0
2015-02-04,20:30:00,88.54,88.6,88.51,88.53,33973,0
2015-02-04,20:35:00,88.53,88.7,88.52,88.67,35563,0
2015-02-04,20:40:00,88.68,88.84,88.68,88.83,31729,0
2015-02-04,20:45:00,88.83,88.84,88.77,88.8,23873,0
2015-02-04,20:50:00,88.79,88.86,88.74,88.86,28488,0
2015-02-04,20:55:00,88.86,88.93,88.78,88.93,25020,0
2015-02-04,21:00:00,88.92,88.92,88.77,88.87,23469,0
2015-02-04,21:05:00,88.87,88.87,88.68,88.68,28558,0
2015-02-04,21:10:00,88.69,88.77,88.69,88.77,22214,0
2015-02-04,21:15:00,88.77,88.83,88.74,88.78,43623,0
2015-02-04,21:20:00,88.8,88.94,88.79,88.89,40397,0
2015-02-04,21:25:00,88.9,88.96,88.89,88.92,44372,0
2015-02-04,21:30:00,88.9,88.99,88.89,88.97,57336,0
2015-02-04,21:35:00,88.98,89.06,88.97,89.05,57562,0
2015-02-04,21:40:00,89.04,89.14,89.03,89.03,85193,0
2015-02-04,21:45:00,89.03,89.03,88.75,88.75,86645,0
2015-02-04,21:50:00,88.76,88.81,88.54,88.63,94833,0
2015-02-04,21:55:00,88.66,88.67,88.49,88.57,82380,0
2015-02-04,22:00:00,88.58,88.71,88.53,88.68,289848,0
2015-02-05,15:35:00,88.85,88.96,88.52,88.61,21367,0
2015-02-05,15:40:00,88.77,88.91,88.61,88.76,21488,0
2015-02-05,15:45:00,88.8,88.91,88.5,88.91,17766,0
2015-02-05,15:50:00,88.89,89.11,88.75,89.11,26356,0
2015-02-05,15:55:00,89.11,89.15,89.03,89.14,19774,0
2015-02-05,16:00:00,89.12,89.23,89.02,89.15,23256,0
2015-02-05,16:05:00,89.13,89.16,89.04,89.11,16465,0
2015-02-05,16:10:00,89.12,89.22,89.06,89.06,17136,0
2015-02-05,16:15:00,89.08,89.11,88.96,89.0,23200,0
2015-02-05,16:20:00,89.04,89.07,88.97,88.98,13367,0
2015-02-05,16:25:00,88.99,89.09,88.98,89.09,15282,0
2015-02-05,16:30:00,89.09,89.22,89.09,89.21,21187,0
2015-02-05,16:35:00,89.19,89.19,89.04,89.1,16864,0
2015-02-05,16:40:00,89.11,89.11,89.03,89.09,37324,0
2015-02-05,16:45:00,89.09,89.11,89.05,89.05,25290,0
2015-02-05,16:50:00,89.06,89.07,89.0,89.02,33199,0
2015-02-05,16:55:00,89.01,89.12,89.01,89.06,22113,0
2015-02-05,17:00:00,89.05,89.11,89.04,89.04,17438,0
2015-02-05,17:05:00,89.04,89.05,88.96,88.97,21133,0
2015-02-05,17:10:00,88.96,88.98,88.87,88.96,22840,0
2015-02-05,17:15:00,88.96,89.01,88.95,88.97,17992,0
2015-02-05,17:20:00,88.98,89.0,88.81,88.82,13855,0
2015-02-05,17:25:00,88.82,88.96,88.82,88.96,21492,0
2015-02-05,17:30:00,88.96,89.01,88.91,88.96,19730,0
2015-02-05,17:35:00,88.97,89.0,88.96,88.96,13199,0
2015-02-05,17:40:00,88.97,89.01,88.72,88.91,76420,0
2015-02-05,17:45:00,88.93,88.93,88.83,88.83,8478,0
2015-02-05,17:50:00,88.83,88.91,88.83,88.87,12097,0
2015-02-05,17:55:00,88.86,88.87,88.8,88.81,11914,0
2015-02-05,18:00:00,88.81,88.86,88.8,88.81,9752,0
2015-02-05,18:05:00,88.82,88.83,88.71,88.77,38439,0
2015-02-05,18:10:00,88.77,88.86,88.7,88.86,18524,0
2015-02-05,18:15:00,88.86,88.9,88.7,88.75,25890,0
2015-02-05,18:20:00,88.75,88.75,88.6,88.6,23202,0
2015-02-05,18:25:00,88.61,88.63,88.58,88.6,14843,0
2015-02-05,18:30:00,88.61,88.65,88.59,88.61,26904,0
2015-02-05,18:35:00,88.62,88.66,88.61,88.65,16233,0
2015-02-05,18:40:00,88.65,88.72,88.64,88.71,18043,0
2015-02-05,18:45:00,88.7,88.78,88.7,88.78,12810,0
2015-02-05,18:50:00,88.79,88.85,88.75,88.77,10612,0
2015-02-05,18:55:00,88.78,88.86,88.73,88.79,10897,0
2015-02-05,19:00:00,88.8,88.81,88.79,88.79,12140,0
2015-02-05,19:05:00,88.81,88.81,88.71,88.71,27689,0
2015-02-05,19:10:00,88.73,88.75,88.68,88.73,14897,0
2015-02-05,19:15:00,88.73,88.78,88.71,88.76,13617,0
2015-02-05,19:20:00,88.76,88.8,88.69,88.71,21656,0
2015-02-05,19:25:00,88.7,88.74,88.63,88.65,16391,0
2015-02-05,19:30:00,88.67,88.81,88.67,88.79,9500,0
2015-02-05,19:35:00,88.8,88.8,88.76,88.76,11687,0
2015-02-05,19:40:00,88.77,88.77,88.7,88.71,18209,0
2015-02-05,19:45:00,88.7,88.79,88.7,88.77,14350,0
2015-02-05,19:50:00,88.78,88.81,88.75,88.81,12750,0
2015-02-05,19:55:00,88.81,88.85,88.8,88.84,12287,0
2015-02-05,20:00:00,88.85,88.86,88.8,88.8,11346,0
2015-02-05,20:05:00,88.82,88.82,88.72,88.74,19587,0
2015-02-05,20:10:00,88.74,88.79,88.7,88.72,13183,0
2015-02-05,20:15:00,88.73,88.8,88.7,88.72,24224,0
2015-02-05,20:20:00,88.72,88.82,88.69,88.82,29175,0
2015-02-05,20:25:00,88.82,88.82,88.74,88.79,19022,0
2015-02-05,20:30:00,88.79,88.83,88.75,88.82,27098,0
2015-02-05,20:35:00,88.83,88.85,88.78,88.84,18627,0
2015-02-05,20:40:00,88.83,88.87,88.8,88.81,14583,0
2015-02-05,20:45:00,88.8,88.81,88.72,88.73,14871,0
2015-02-05,20:50:00,88.72,88.8,88.72,88.8,28695,0
2015-02-05,20:55:00,88.8,88.86,88.8,88.85,13673,0
2015-02-05,21:00:00,88.86,88.89,88.79,88.88,20403,0
2015-02-05,21:05:00,88.89,88.91,88.85,88.9,20469,0
2015-02-05,21:10:00,88.9,88.91,88.85,88.86,22811,0
2015-02-05,21:15:00,88.86,88.88,88.83,88.88,18017,0
2015-02-05,21:20:00,88.88,88.9,88.82,88.86,53513,0
2015-02-05,21:25:00,88.87,88.92,88.87,88.88,36850,0
2015-02-05,21:30:00,88.9,89.0,88.88,88.99,37117,0
2015-02-05,21:35:00,88.99,89.06,88.96,89.06,40707,0
2015-02-05,21:40:00,89.05,89.14,89.02,89.13,33464,0
2015-02-05,21:45:00,89.13,89.17,89.06,89.1,64856,0
2015-02-05,21:50:00,89.08,89.13,89.03,89.08,98134,0
2015-02-05,21:55:00,89.08,89.15,89.07,89.15,52147,0
2015-02-05,22:00:00,89.15,89.16,89.09,89.12,382043,0
2015-02-06,15:35:00,88.92,89.05,88.77,88.93,13249,0
2015-02-06,15:40:00,88.92,89.0,88.79,89.0,24567,0
2015-02-06,15:45:00,89.01,89.09,88.86,88.86,27484,0
2015-02-06,15:50:00,88.91,89.0,88.76,88.98,50323,0
2015-02-06,15:55:00,88.95,89.0,88.87,89.0,16884,0
2015-02-06,16:00:00,88.98,89.1,88.88,89.1,16194,0
2015-02-06,16:05:00,89.06,89.12,89.04,89.09,8003,0
2015-02-06,16:10:00,89.11,89.14,89.05,89.14,16600,0
2015-02-06,16:15:00,89.13,89.14,89.0,89.03,28085,0
2015-02-06,16:20:00,89.04,89.19,89.02,89.19,32922,0
2015-02-06,16:25:00,89.16,89.16,89.07,89.1,10107,0
2015-02-06,16:30:00,89.1,89.14,89.07,89.07,12440,0
2015-02-06,16:35:00,89.08,89.09,89.06,89.06,12381,0
2015-02-06,16:40:00,89.06,89.06,88.98,88.98,17246,0
2015-02-06,16:45:00,88.97,89.01,88.93,88.97,28267,0
2015-02-06,16:50:00,88.97,88.97,88.89,88.89,11803,0
2015-02-06,16:55:00,88.9,88.9,88.87,88.88,16327,0
2015-02-06,17:00:00,88.89,88.89,88.82,88.86,17778,0
2015-02-06,17:05:00,88.85,88.86,88.72,88.74,21279,0
2015-02-06,17:10:00,88.74,88.83,88.74,88.83,16468,0
2015-02-06,17:15:00,88.82,88.85,88.78,88.82,16923,0
2015-02-06,17:20:00,88.83,88.83,88.81,88.82,15173,0
2015-02-06,17:25:00,88.82,88.88,88.81,88.88,10358,0
2015-02-06,17:30:00,88.89,88.91,88.8,88.82,13667,0
2015-02-06,17:35:00,88.83,88.86,88.82,88.85,7938,0
2015-02-06,17:40:00,88.83,88.85,88.78,88.85,10636,0
2015-02-06,17:45:00,88.84,88.84,88.77,88.8,11165,0
2015-02-06,17:50:00,88.8,88.86,88.79,88.85,14961,0
2015-02-06,17:55:00,88.85,88.86,88.84,88.85,11899,0
2015-02-06,18:00:00,88.84,88.84,88.71,88.72,23515,0
2015-02-06,18:05:00,88.72,88.75,88.72,88.75,17862,0
2015-02-06,18:10:00,88.75,88.75,88.72,88.73,10089,0
2015-02-06,18:15:00,88.74,88.78,88.73,88.78,24384,0
2015-02-06,18:20:00,88.78,88.79,88.76,88.79,13368,0
2015-02-06,18:25:00,88.8,88.81,88.79,88.81,14959,0
2015-02-06,18:30:00,88.82,88.89,88.82,88.89,28251,0
2015-02-06,18:35:00,88.89,88.89,88.87,88.87,22773,0
2015-02-06,18:40:00,88.87,88.92,88.86,88.86,33131,0
2015-02-06,18:45:00,88.85,88.86,88.71,88.71,17980,0
2015-02-06,18:50:00,88.72,88.78,88.69,88.74,25713,0
2015-02-06,18:55:00,88.74,88.76,88.71,88.72,9579,0
2015-02-06,19:00:00,88.71,88.81,88.7,88.79,15348,0
2015-02-06,19:05:00,88.8,88.98,88.8,88.89,32367,0
2015-02-06,19:10:00,88.9,88.9,88.78,88.9,36661,0
2015-02-06,19:15:00,88.9,88.92,88.78,88.78,15672,0
2015-02-06,19:20:00,88.81,88.81,88.67,88.7,14960,0
2015-02-06,19:25:00,88.72,88.72,88.59,88.61,10995,0
2015-02-06,19:30:00,88.6,88.61,88.53,88.6,19290,0
2015-02-06,19:35:00,88.61,88.67,88.61,88.66,15391,0
2015-02-06,19:40:00,88.65,88.65,88.55,88.62,11336,0
2015-02-06,19:45:00,88.63,88.72,88.59,88.61,32990,0
2015-02-06,19:50:00,88.63,88.69,88.61,88.68,17990,0
2015-02-06,19:55:00,88.68,88.76,88.66,88.7,23786,0
2015-02-06,20:00:00,88.71,88.75,88.69,88.72,22175,0
2015-02-06,20:05:00,88.73,88.86,88.68,88.85,31746,0
2015-02-06,20:10:00,88.85,88.9,88.8,88.8,30395,0
2015-02-06,20:15:00,88.77,88.78,88.71,88.78,19076,0
2015-02-06,20:20:00,88.78,88.92,88.78,88.89,39917,0
2015-02-06,20:25:00,88.91,88.95,88.9,88.91,9819,0
2015-02-06,20:30:00,88.92,89.04,88.92,89.02,36158,0
2015-02-06,20:35:00,89.02,89.1,89.02,89.1,34663,0
2015-02-06,20:40:00,89.11,89.2,89.11,89.15,62207,0
2015-02-06,20:45:00,89.16,89.17,89.04,89.06,38191,0
2015-02-06,20:50:00,89.04,89.13,89.03,89.06,29865,0
2015-02-06,20:55:00,89.06,89.12,88.99,89.0,21893,0
2015-02-06,21:00:00,89.01,89.05,89.01,89.04,22349,0
2015-02-06,21:05:00,89.03,89.03,88.75,88.77,39934,0
2015-02-06,21:10:00,88.76,88.84,88.76,88.79,23109,0
2015-02-06,21:15:00,88.78,88.9,88.73,88.84,28406,0
2015-02-06,21:20:00,88.84,88.96,88.77,88.82,32551,0
2015-02-06,21:25:00,88.8,88.85,88.74,88.83,47940,0
2015-02-06,21:30:00,88.84,88.85,88.71,88.74,29144,0
2015-02-06,21:35:00,88.7,88.9,88.66,88.9,38749,0
2015-02-06,21:40:00,88.89,88.93,88.86,88.91,25641,0
2015-02-06,21:45:00,88.91,88.91,88.8,88.85,31146,0
2015-02-06,21:50:00,88.85,88.85,88.76,88.78,55128,0
2015-02-06,21:55:00,88.79,88.94,88.79,88.93,60381,0
2015-02-06,22:00:00,88.93,89.0,88.9,88.98,442777,0
2015-02-09,15:35:00,88.51,88.86,88.13,88.6,40089,0
2015-02-09,15:40:00,88.72,88.89,88.65,88.85,22497,0
2015-02-09,15:45:00,88.86,89.11,88.76,88.8,30821,0
2015-02-09,15:50:00,88.87,89.06,88.79,89.01,34417,0
2015-02-09,15:55:00,89.02,89.14,89.02,89.1,26457,0
2015-02-09,16:00:00,89.1,89.12,89.03,89.06,13049,0
2015-02-09,16:05:00,89.08,89.12,89.03,89.09,33785,0
2015-02-09,16:10:00,89.06,89.14,89.04,89.14,20846,0
2015-02-09,16:15:00,89.1,89.12,89.0,89.07,26675,0
2015-02-09,16:20:00,89.06,89.16,89.06,89.12,13618,0
2015-02-09,16:25:00,89.13,89.13,88.88,88.91,14231,0
2015-02-09,16:30:00,88.93,88.99,88.89,88.94,19431,0
2015-02-09,16:35:00,88.92,88.96,88.88,88.96,14461,0
2015-02-09,16:40:00,88.97,89.03,88.91,88.91,17175,0
2015-02-09,16:45:00,88.92,88.93,88.86,88.86,14378,0
2015-02-09,16:50:00,88.86,88.94,88.8,88.93,15955,0
2015-02-09,16:55:00,88.93,89.02,88.93,88.97,16900,0
2015-02-09,17:00:00,88.95,88.95,88.83,88.84,22440,0
2015-02-09,17:05:00,88.86,88.99,88.86,88.94,13649,0
2015-02-09,17:10:00,88.95,89.02,88.93,89.02,10617,0
2015-02-09,17:15:00,89.01,89.03,88.98,88.99,11392,0
2015-02-09,17:20:00,88.99,89.05,88.98,89.03,15359,0
2015-02-09,17:25:00,89.03,89.1,89.03,89.08,9360,0
2015-02-09,17:30:00,89.11,89.16,89.1,89.15,12191,0
2015-02-09,17:35:00,89.15,89.22,89.11,89.22,10749,0
2015-02-09,17:40:00,89.21,89.21,89.14,89.17,10880,0
2015-02-09,17:45:00,89.17,89.2,89.14,89.19,10577,0
2015-02-09,17:50:00,89.2,89.22,89.18,89.21,11818,0
2015-02-09,17:55:00,89.22,89.25,89.11,89.11,46203,0
2015-02-09,18:00:00,89.11,89.15,89.08,89.1,11616,0
2015-02-09,18:05:00,89.12,89.13,89.05,89.1,13628,0
2015-02-09,18:10:00,89.07,89.1,89.04,89.09,9700,0
2015-02-09,18:15:00,89.09,89.15,89.06,89.07,8552,0
2015-02-09,18:20:00,89.05,89.12,89.03,89.07,8094,0
2015-02-09,18:25:00,89.07,89.08,88.95,88.97,10389,0
2015-02-09,18:30:00,88.97,89.06,88.96,89.06,8705,0
2015-02-09,18:35:00,89.08,89.14,89.07,89.12,11204,0
2015-02-09,18:40:00,89.11,89.11,89.05,89.1,8903,0
2015-02-09,18:45:00,89.09,89.11,89.08,89.11,7640,0
2015-02-09,18:50:00,89.12,89.14,89.06,89.09,9174,0
2015-02-09,18:55:00,89.09,89.11,89.08,89.1,8783,0
2015-02-09,19:00:00,89.09,89.1,89.02,89.05,3704,0
2015-02-09,19:05:00,89.07,89.12,89.0,89.11,19983,0
2015-02-09,19:10:00,89.1,89.17,89.07,89.09,23232,0
2015-02-09,19:15:00,89.11,89.13,89.1,89.11,9029,0
2015-02-09,19:20:00,89.1,89.16,89.1,89.1,7520,0
2015-02-09,19:25:00,89.08,89.08,89.05,89.06,6836,0
2015-02-09,19:30:00,89.06,89.12,89.04,89.04,25433,0
2015-02-09,19:35:00,89.0,89.0,88.95,88.96,8022,0
2015-02-09,19:40:00,88.95,88.98,88.88,88.9,11102,0
2015-02-09,19:45:00,88.88,88.93,88.83,88.83,13669,0
2015-02-09,19:50:00,88.82,88.87,88.81,88.85,13929,0
2015-02-09,19:55:00,88.84,88.91,88.84,88.91,7690,0
2015-02-09,20:00:00,88.91,88.97,88.9,88.95,6460,0
2015-02-09,20:05:00,88.95,88.96,88.91,88.93,10428,0
2015-02-09,20:10:00,88.92,88.92,88.86,88.86,11597,0
2015-02-09,20:15:00,88.87,88.88,88.79,88.79,9606,0
2015-02-09,20:20:00,88.8,88.83,88.74,88.76,13211,0
2015-02-09,20:25:00,88.76,88.8,88.74,88.79,27623,0
2015-02-09,20:30:00,88.81,88.84,88.79,88.84,11159,0
2015-02-09,20:35:00,88.84,88.91,88.84,88.89,18569,0
2015-02-09,20:40:00,88.9,88.94,88.87,88.91,7961,0
2015-02-09,20:45:00,88.9,88.95,88.9,88.95,6922,0
2015-02-09,20:50:00,88.94,88.94,88.82,88.85,9645,0
2015-02-09,20:55:00,88.85,88.9,88.82,88.85,9782,0
2015-02-09,21:00:00,88.83,88.88,88.79,88.81,10122,0
2015-02-09,21:05:00,88.79,88.82,88.73,88.76,17087,0
2015-02-09,21:10:00,88.75,88.75,88.68,88.7,17173,0
2015-02-09,21:15:00,88.69,88.77,88.69,88.72,19303,0
2015-02-09,21:20:00,88.69,88.71,88.61,88.61,26671,0
2015-02-09,21:25:00,88.63,88.79,88.62,88.78,23345,0
2015-02-09,21:30:00,88.78,88.86,88.78,88.86,14890,0
2015-02-09,21:35:00,88.87,88.88,88.75,88.82,19149,0
2015-02-09,21:40:00,88.81,88.89,88.75,88.83,26758,0
2015-02-09,21:45:00,88.84,89.01,88.84,88.91,31731,0
2015-02-09,21:50:00,88.93,89.02,88.93,88.98,38662,0
2015-02-09,21:55:00,88.96,88.97,88.91,88.93,38997,0
2015-02-09,22:00:00,88.93,88.99,88.91,88.95,150472,0
2015-02-10,15:35:00,89.2,89.2,88.85,88.9,39322,0
2015-02-10,15:40:00,88.88,88.88,88.62,88.74,39310,0
2015-02-10,15:45:00,88.71,88.8,88.58,88.59,28325,0
2015-02-10,15:50:00,88.62,88.63,88.53,88.54,17475,0
2015-02-10,15:55:00,88.53,88.64,88.5,88.59,20096,0
2015-02-10,16:00:00,88.61,88.61,88.53,88.53,14756,0
2015-02-10,16:05:00,88.53,88.57,88.5,88.54,26355,0
2015-02-10,16:10:00,88.55,88.75,88.55,88.74,11546,0
2015-02-10,16:15:00,88.74,88.81,88.73,88.78,13975,0
2015-02-10,16:20:00,88.79,88.85,88.7,88.72,19708,0
2015-02-10,16:25:00,88.75,88.78,88.71,88.71,16751,0
2015-02-10,16:30:00,88.71,88.71,88.62,88.67,11610,0
2015-02-10,16:35:00,88.67,88.76,88.6,88.76,8486,0
2015-02-10,16:40:00,88.75,88.77,88.71,88.74,15560,0
2015-02-10,16:45:00,88.72,88.78,88.68,88.69,13390,0
2015-02-10,16:50:00,88.69,88.69,88.51,88.54,10434,0
2015-02-10,16:55:00,88.56,88.62,88.56,88.62,8667,0
2015-02-10,17:00:00,88.61,88.71,88.61,88.69,10418,0
2015-02-10,17:05:00,88.68,88.68,88.59,88.66,10062,0
2015-02-10,17:10:00,88.67,88.78,88.65,88.78,15312,0
2015-02-10,17:15:00,88.81,88.87,88.71,88.71,20041,0
2015-02-10,17:20:00,88.71,88.75,88.69,88.72,10787,0
2015-02-10,17:25:00,88.72,88.84,88.72,88.77,12286,0
2015-02-10,17:30:00,88.77,88.86,88.77,88.84,6127,0
2015-02-10,17:35:00,88.84,88.9,88.82,88.83,9535,0
2015-02-10,17:40:00,88.85,88.9,88.73,88.74,30895,0
2015-02-10,17:45:00,88.74,88.86,88.73,88.82,8253,0
2015-02-10,17:50:00,88.82,88.82,88.76,88.76,16986,0
2015-02-10,17:55:00,88.75,88.75,88.68,88.74,12571,0
2015-02-10,18:00:00,88.74,88.77,88.7,88.71,18021,0
2015-02-10,18:05:00,88.7,88.74,88.6,88.7,71896,0
2015-02-10,18:10:00,88.68,88.7,88.64,88.7,8489,0
2015-02-10,18:15:00,88.7,88.73,88.64,88.66,15079,0
2015-02-10,18:20:00,88.64,88.7,88.62,88.7,8328,0
2015-02-10,18:25:00,88.7,88.75,88.68,88.71,10936,0
2015-02-10,18:30:00,88.72,88.76,88.7,88.7,11024,0
2015-02-10,18:35:00,88.71,88.74,88.68,88.74,53525,0
2015-02-10,18:40:00,88.74,88.75,88.73,88.74,9616,0
2015-02-10,18:45:00,88.74,88.74,88.7,88.7,11135,0
2015-02-10,18:50:00,88.71,88.74,88.69,88.72,9576,0
2015-02-10,18:55:00,88.7,88.72,88.69,88.7,24108,0
2015-02-10,19:00:00,88.7,88.72,88.67,88.69,26473,0
2015-02-10,19:05:00,88.69,88.74,88.68,88.69,25633,0
2015-02-10,19:10:00,88.69,88.74,88.68,88.73,9265,0
2015-02-10,19:15:00,88.72,88.74,88.71,88.72,6622,0
2015-02-10,19:20:00,88.71,88.71,88.7,88.71,10585,0
2015-02-10,19:25:00,88.71,88.71,88.66,88.69,51981,0
2015-02-10,19:30:00,88.7,88.7,88.61,88.63,21532,0
2015-02-10,19:35:00,88.62,88.66,88.62,88.65,5363,0
2015-02-10,19:40:00,88.65,88.66,88.62,88.64,10445,0
2015-02-10,19:45:00,88.64,88.64,88.56,88.56,9346,0
2015-02-10,19:50:00,88.54,88.59,88.5,88.52,15471,0
2015-02-10,19:55:00,88.52,88.56,88.52,88.53,14492,0
2015-02-10,20:00:00,88.51,88.51,88.41,88.41,16641,0
2015-02-10,20:05:00,88.41,88.56,88.4,88.55,22283,0
2015-02-10,20:10:00,88.56,88.57,88.48,88.48,27640,0
2015-02-10,20:15:00,88.48,88.5,88.42,88.44,14056,0
2015-02-10,20:20:00,88.42,88.51,88.4,88.51,18446,0
2015-02-10,20:25:00,88.5,88.5,88.43,88.44,21060,0
2015-02-10,20:30:00,88.43,88.58,88.43,88.56,11926,0
2015-02-10,20:35:00,88.54,88.74,88.54,88.73,25927,0
2015-02-10,20:40:00,88.71,88.73,88.69,88.71,12196,0
2015-02-10,20:45:00,88.71,88.79,88.7,88.73,13775,0
2015-02-10,20:50:00,88.73,88.79,88.73,88.79,9980,0
2015-02-10,20:55:00,88.79,88.82,88.77,88.81,16214,0
2015-02-10,21:00:00,88.82,88.95,88.82,88.93,17776,0
2015-02-10,21:05:00,88.93,88.93,88.83,88.83,32226,0
2015-02-10,21:10:00,88.83,88.9,88.77,88.9,14651,0
2015-02-10,21:15:00,88.91,88.93,88.78,88.79,22330,0
2015-02-10,21:20:00,88.79,88.82,88.72,88.82,33333,0
2015-02-10,21:25:00,88.82,88.84,88.78,88.82,19469,0
2015-02-10,21:30:00,88.84,88.92,88.79,88.92,14249,0
2015-02-10,21:35:00,88.91,88.92,88.86,88.92,17932,0
2015-02-10,21:40:00,88.92,88.97,88.92,88.95,27580,0
2015-02-10,21:45:00,88.95,88.96,88.83,88.89,29201,0
2015-02-10,21:50:00,88.87,88.87,88.77,88.78,36478,0
2015-02-10,21:55:00,88.79,88.8,88.71,88.75,48025,0
2015-02-10,22:00:00,88.76,88.77,88.66,88.75,237925,0
2015-02-11,15:35:00,88.54,88.7,88.43,88.63,13532,0
2015-02-11,15:40:00,88.69,88.74,88.3,88.31,35676,0
2015-02-11,15:45:00,88.31,88.56,88.31,88.49,14977,0
2015-02-11,15:50:00,88.51,88.6,88.46,88.53,21991,0
2015-02-11,15:55:00,88.51,88.51,88.41,88.46,14943,0
2015-02-11,16:00:00,88.45,88.65,88.44,88.65,19457,0
2015-02-11,16:05:00,88.59,88.68,88.58,88.63,10643,0
2015-02-11,16:10:00,88.66,88.67,88.59,88.6,14980,0
2015-02-11,16:15:00,88.63,88.65,88.53,88.54,17873,0
2015-02-11,16:20:00,88.56,88.57,88.4,88.41,14263,0
2015-02-11,16:25:00,88.39,88.48,88.39,88.44,14711,0
2015-02-11,16:30:00,88.44,88.45,88.36,88.39,26029,0
2015-02-11,16:35:00,88.36,88.38,88.28,88.35,21821,0
2015-02-11,16:40:00,88.36,88.4,88.24,88.24,31596,0
2015-02-11,16:45:00,88.26,88.34,88.21,88.23,45139,0
2015-02-11,16:50:00,88.24,88.27,88.18,88.2,12752,0
2015-02-11,16:55:00,88.21,88.29,88.21,88.28,16309,0
2015-02-11,17:00:00,88.3,88.36,88.27,88.33,15695,0
2015-02-11,17:05:00,88.33,88.4,88.33,88.37,17031,0
2015-02-11,17:10:00,88.37,88.38,88.33,88.35,14963,0
2015-02-11,17:15:00,88.36,88.4,88.3,88.37,18742,0
2015-02-11,17:20:00,88.37,88.4,88.26,88.27,15532,0
2015-02-11,17:25:00,88.28,88.35,88.26,88.34,15449,0
2015-02-11,17:30:00,88.35,88.43,88.31,88.4,30510,0
2015-02-11,17:35:00,88.41,88.44,88.33,88.35,28215,0
2015-02-11,17:40:00,88.36,88.43,88.36,88.41,11311,0
2015-02-11,17:45:00,88.42,88.46,88.34,88.35,17363,0
2015-02-11,17:50:00,88.34,88.44,88.33,88.39,54973,0
2015-02-11,17:55:00,88.39,88.42,88.38,88.4,40323,0
2015-02-11,18:00:00,88.4,88.55,88.39,88.49,20194,0
2015-02-11,18:05:00,88.48,88.52,88.4,88.5,18322,0
2015-02-11,18:10:00,88.48,88.56,88.48,88.56,6850,0
2015-02-11,18:15:00,88.56,88.58,88.5,88.58,14906,0
2015-02-11,18:20:00,88.58,88.7,88.57,88.68,10952,0
2015-02-11,18:25:00,88.67,88.78,88.65,88.78,12641,0
2015-02-11,18:30:00,88.78,88.86,88.66,88.68,19100,0
2015-02-11,18:35:00,88.7,88.73,88.7,88.71,6312,0
2015-02-11,18:40:00,88.72,88.73,88.64,88.66,11188,0
2015-02-11,18:45:00,88.67,88.67,88.45,88.45,13526,0
2015-02-11,18:50:00,88.46,88.54,88.45,88.54,19027,0
2015-02-11,18:55:00,88.55,88.59,88.54,88.58,10598,0
2015-02-11,19:00:00,88.57,88.66,88.52,88.53,17710,0
2015-02-11,19:05:00,88.55,88.59,88.54,88.57,13455,0
2015-02-11,19:10:00,88.56,88.57,88.51,88.54,25037,0
2015-02-11,19:15:00,88.54,88.56,88.42,88.48,13147,0
2015-02-11,19:20:00,88.48,88.53,88.42,88.5,23752,0
2015-02-11,19:25:00,88.5,88.53,88.43,88.53,14343,0
2015-02-11,19:30:00,88.51,88.62,88.51,88.61,21344,0
2015-02-11,19:35:00,88.61,88.64,88.54,88.64,16028,0
2015-02-11,19:40:00,88.62,88.77,88.62,88.77,33274,0
2015-02-11,19:45:00,88.77,88.83,88.76,88.77,17250,0
2015-02-11,19:50:00,88.76,88.79,88.72,88.77,10242,0
2015-02-11,19:55:00,88.78,88.82,88.77,88.77,12987,0
2015-02-11,20:00:00,88.78,89.05,88.74,89.04,44068,0
2015-02-11,20:05:00,89.03,89.08,88.92,88.98,31220,0
2015-02-11,20:10:00,88.97,89.08,88.95,89.08,20689,0
2015-02-11,20:15:00,89.05,89.06,88.99,89.01,13010,0
2015-02-11,20:20:00,89.03,89.03,88.94,88.98,20507,0
2015-02-11,20:25:00,88.98,88.99,88.86,88.87,31434,0
2015-02-11,20:30:00,88.86,88.86,88.76,88.82,18909,0
2015-02-11,20:35:00,88.82,88.89,88.8,88.86,15301,0
2015-02-11,20:40:00,88.86,88.88,88.78,88.83,22268,0
2015-02-11,20:45:00,88.84,88.9,88.79,88.79,18373,0
2015-02-11,20:50:00,88.8,88.88,88.76,88.78,23386,0
2015-02-11,20:55:00,88.78,88.92,88.76,88.86,19611,0
2015-02-11,21:00:00,88.85,88.89,88.79,88.81,15917,0
2015-02-11,21:05:00,88.8,88.9,88.78,88.84,14524,0
2015-02-11,21:10:00,88.83,88.88,88.77,88.86,19050,0
2015-02-11,21:15:00,88.86,88.87,88.81,88.85,19180,0
2015-02-11,21:20:00,88.84,88.85,88.77,88.79,29543,0
2015-02-11,21:25:00,88.8,88.9,88.79,88.89,29730,0
2015-02-11,21:30:00,88.9,89.08,88.9,89.04,36488,0
2015-02-11,21:35:00,89.06,89.31,88.9,88.94,62471,0
2015-02-11,21:40:00,88.95,89.05,88.89,88.93,50857,0
2015-02-11,21:45:00,88.93,89.0,88.87,88.91,44641,0
2015-02-11,21:50:00,88.9,88.94,88.76,88.8,44636,0
2015-02-11,21:55:00,88.81,88.83,88.73,88.76,41768,0
2015-02-11,22:00:00,88.76,88.87,88.75,88.82,272372,0
2015-02-12,15:35:00,89.4,89.45,89.07,89.15,29704,0
2015-02-12,15:40:00,89.17,89.39,89.12,89.16,39173,0
2015-02-12,15:45:00,89.12,89.25,89.07,89.1,37779,0
2015-02-12,15:50:00,89.1,89.18,88.94,88.94,51388,0
2015-02-12,15:55:00,89.0,89.01,88.93,88.96,23706,0
2015-02-12,16:00:00,88.96,89.03,88.93,88.93,31810,0
2015-02-12,16:05:00,88.92,88.94,88.73,88.78,65509,0
2015-02-12,16:10:00,88.8,88.86,88.74,88.82,31128,0
2015-02-12,16:15:00,88.81,88.84,88.78,88.79,23305,0
2015-02-12,16:20:00,88.79,88.85,88.74,88.81,25636,0
2015-02-12,16:25:00,88.8,88.81,88.65,88.65,40997,0
2015-02-12,16:30:00,88.67,88.67,88.39,88.42,49524,0
2015-02-12,16:35:00,88.43,88.51,88.39,88.5,32751,0
2015-02-12,16:40:00,88.5,88.66,88.49,88.64,37001,0
2015-02-12,16:45:00,88.66,88.66,88.56,88.62,17743,0
2015-02-12,16:50:00,88.62,88.62,88.53,88.54,35715,0
2015-02-12,16:55:00,88.56,88.6,88.48,88.52,26637,0
2015-02-12,17:00:00,88.53,88.58,88.47,88.48,46663,0
2015-02-12,17:05:00,88.48,88.48,88.4,88.42,26912,0
2015-02-12,17:10:00,88.44,88.47,88.34,88.4,23644,0
2015-02-12,17:15:00,88.38,88.5,88.37,88.44,44288,0
2015-02-12,17:20:00,88.45,88.48,88.4,88.47,18888,0
2015-02-12,17:25:00,88.47,88.47,88.24,88.3,33156,0
2015-02-12,17:30:00,88.3,88.33,88.26,88.3,17284,0
2015-02-12,17:35:00,88.29,88.49,88.29,88.49,28647,0
2015-02-12,17:40:00,88.49,88.59,88.48,88.54,29776,0
2015-02-12,17:45:00,88.55,88.62,88.54,88.58,20606,0
2015-02-12,17:50:00,88.58,88.64,88.45,88.47,28234,0
2015-02-12,17:55:00,88.48,88.5,88.45,88.46,24209,0
2015-02-12,18:00:00,88.47,88.5,88.45,88.49,12300,0
2015-02-12,18:05:00,88.5,88.57,88.49,88.56,16717,0
2015-02-12,18:10:00,88.56,88.61,88.52,88.53,19074,0
2015-02-12,18:15:00,88.54,88.69,88.53,88.68,16969,0
2015-02-12,18:20:00,88.69,88.71,88.63,88.64,19551,0
2015-02-12,18:25:00,88.63,88.63,88.55,88.57,13238,0
2015-02-12,18:30:00,88.58,88.65,88.58,88.59,15273,0
2015-02-12,18:35:00,88.6,88.63,88.56,88.63,35045,0
2015-02-12,18:40:00,88.63,88.68,88.61,88.67,15783,0
2015-02-12,18:45:00,88.67,88.71,88.67,88.7,32414,0
2015-02-12,18:50:00,88.69,88.75,88.68,88.68,22595,0
2015-02-12,18:55:00,88.7,88.71,88.68,88.68,19172,0
2015-02-12,19:00:00,88.68,88.68,88.58,88.59,18054,0
2015-02-12,19:05:00,88.58,88.66,88.57,88.62,18825,0
2015-02-12,19:10:00,88.62,88.64,88.55,88.55,25313,0
2015-02-12,19:15:00,88.55,88.72,88.54,88.7,18895,0
2015-02-12,19:20:00,88.71,88.88,88.71,88.88,20625,0
2015-02-12,19:25:00,88.88,88.97,88.85,88.87,16431,0
2015-02-12,19:30:00,88.86,89.0,88.86,88.98,18347,0
2015-02-12,19:35:00,88.98,88.98,88.91,88.94,23600,0
2015-02-12,19:40:00,88.94,88.96,88.89,88.93,17156,0
2015-02-12,19:45:00,88.93,88.96,88.92,88.94,16133,0
2015-02-12,19:50:00,88.94,88.98,88.86,88.87,20443,0
2015-02-12,19:55:00,88.86,88.89,88.85,88.88,8000,0
2015-02-12,20:00:00,88.87,88.91,88.8,88.91,25201,0
2015-02-12,20:05:00,88.9,88.94,88.88,88.88,25621,0
2015-02-12,20:10:00,88.89,88.94,88.88,88.92,35546,0
2015-02-12,20:15:00,88.92,89.0,88.92,89.0,20013,0
2015-02-12,20:20:00,89.0,89.0,88.97,89.0,31754,0
2015-02-12,20:25:00,89.0,89.06,88.96,89.04,64784,0
2015-02-12,20:30:00,89.04,89.06,89.0,89.0,23724,0
2015-02-12,20:35:00,89.01,89.07,89.0,89.03,25972,0
2015-02-12,20:40:00,89.03,89.06,89.03,89.06,26528,0
2015-02-12,20:45:00,89.05,89.15,89.03,89.15,23633,0
2015-02-12,20:50:00,89.15,89.19,89.11,89.14,36343,0
2015-02-12,20:55:00,89.15,89.23,89.13,89.22,26062,0
2015-02-12,21:00:00,89.22,89.3,89.2,89.28,40608,0
2015-02-12,21:05:00,89.28,89.34,89.24,89.3,52745,0
2015-02-12,21:10:00,89.3,89.31,89.27,89.28,28050,0
2015-02-12,21:15:00,89.27,89.28,89.24,89.26,40291,0
2015-02-12,21:20:00,89.26,89.33,89.25,89.33,36736,0
2015-02-12,21:25:00,89.32,89.35,89.3,89.34,39285,0
2015-02-12,21:30:00,89.33,89.35,89.2,89.25,70322,0
2015-02-12,21:35:00,89.24,89.3,89.23,89.27,41150,0
2015-02-12,21:40:00,89.26,89.31,89.24,89.29,38003,0
2015-02-12,21:45:00,89.29,89.33,89.27,89.28,43760,0
2015-02-12,21:50:00,89.29,89.37,89.28,89.36,55745,0
2015-02-12,21:55:00,89.35,89.36,89.28,89.3,83283,0
2015-02-12,22:00:00,89.3,89.38,89.29,89.37,1025672,0
2015-02-13,15:35:00,89.38,89.41,89.18,89.3,21481,0
2015-02-13,15:40:00,89.35,89.43,89.32,89.42,37465,0
2015-02-13,15:45:00,89.42,89.57,89.35,89.54,40121,0
2015-02-13,15:50:00,89.54,89.65,89.52,89.62,15368,0
2015-02-13,15:55:00,89.66,89.87,89.63,89.84,30458,0
2015-02-13,16:00:00,89.83,90.04,89.83,89.96,262223,0
2015-02-13,16:05:00,89.92,89.93,89.69,89.84,33538,0
2015-02-13,16:10:00,89.84,89.93,89.81,89.88,11404,0
2015-02-13,16:15:00,89.87,89.88,89.79,89.82,14694,0
2015-02-13,16:20:00,89.81,89.87,89.81,89.82,14536,0
2015-02-13,16:25:00,89.81,89.96,89.79,89.91,19315,0
2015-02-13,16:30:00,89.92,89.99,89.92,89.99,21825,0
2015-02-13,16:35:00,89.98,90.09,89.93,90.02,43468,0
2015-02-13,16:40:00,90.01,90.1,89.99,90.06,16666,0
2015-02-13,16:45:00,90.05,90.14,90.03,90.11,30561,0
2015-02-13,16:50:00,90.12,90.15,90.06,90.07,15638,0
2015-02-13,16:55:00,90.07,90.21,90.07,90.2,17601,0
2015-02-13,17:00:00,90.21,90.21,90.14,90.14,29627,0
2015-02-13,17:05:00,90.15,90.3,90.14,90.3,27557,0
2015-02-13,17:10:00,90.3,90.35,90.29,90.33,22882,0
2015-02-13,17:15:00,90.33,90.36,90.28,90.32,14086,0
2015-02-13,17:20:00,90.32,90.33,90.23,90.3,26851,0
2015-02-13,17:25:00,90.3,90.32,90.14,90.19,30262,0
2015-02-13,17:30:00,90.19,90.32,90.19,90.29,31694,0
2015-02-13,17:35:00,90.33,90.39,90.32,90.35,45220,0
2015-02-13,17:40:00,90.35,90.35,90.23,90.3,26631,0
2015-02-13,17:45:00,90.29,90.3,90.21,90.28,30408,0
2015-02-13,17:50:00,90.27,90.27,90.15,90.16,26894,0
2015-02-13,17:55:00,90.15,90.18,90.02,90.04,25456,0
2015-02-13,18:00:00,90.04,90.1,90.01,90.03,20883,0
2015-02-13,18:05:00,90.04,90.09,90.03,90.09,20577,0
2015-02-13,18:10:00,90.08,90.09,89.95,90.01,20157,0
2015-02-13,18:15:00,90.01,90.01,89.91,89.91,22073,0
2015-02-13,18:20:00,89.91,89.92,89.84,89.86,17281,0
2015-02-13,18:25:00,89.84,89.88,89.8,89.88,16942,0
2015-02-13,18:30:00,89.89,89.89,89.8,89.81,16320,0
2015-02-13,18:35:00,89.81,89.82,89.76,89.77,20246,0
2015-02-13,18:40:00,89.76,89.79,89.72,89.73,23393,0
2015-02-13,18:45:00,89.73,89.76,89.7,89.75,15182,0
2015-02-13,18:50:00,89.75,89.75,89.65,89.66,18275,0
2015-02-13,18:55:00,89.67,89.73,89.65,89.65,14538,0
2015-02-13,19:00:00,89.65,89.72,89.59,89.61,26585,0
2015-02-13,19:05:00,89.62,89.73,89.62,89.71,19668,0
2015-02-13,19:10:00,89.72,89.72,89.65,89.68,16611,0
2015-02-13,19:15:00,89.68,89.68,89.59,89.6,28192,0
2015-02-13,19:20:00,89.61,89.78,89.61,89.77,16064,0
2015-02-13,19:25:00,89.78,89.87,89.78,89.82,14315,0
2015-02-13,19:30:00,89.84,89.84,89.76,89.78,17413,0
2015-02-13,19:35:00,89.78,89.79,89.71,89.74,15443,0
2015-02-13,19:40:00,89.76,89.81,89.69,89.81,19450,0
2015-02-13,19:45:00,89.82,89.83,89.72,89.81,11191,0
2015-02-13,19:50:00,89.83,89.83,89.73,89.79,16712,0
2015-02-13,19:55:00,89.79,89.86,89.77,89.82,22685,0
2015-02-13,20:00:00,89.81,89.82,89.78,89.78,19447,0
2015-02-13,20:05:00,89.79,89.85,89.77,89.83,33071,0
2015-02-13,20:10:00,89.83,89.94,89.83,89.93,23811,0
2015-02-13,20:15:00,89.93,89.99,89.9,89.92,18374,0
2015-02-13,20:20:00,89.93,89.99,89.92,89.96,19714,0
2015-02-13,20:25:00,89.95,90.0,89.95,89.99,21875,0
2015-02-13,20:30:00,89.98,90.05,89.98,90.02,14901,0
2015-02-13,20:35:00,90.03,90.05,90.0,90.0,15522,0
2015-02-13,20:40:00,90.0,90.04,89.94,89.94,18344,0
2015-02-13,20:45:00,89.95,90.04,89.95,90.01,37962,0
2015-02-13,20:50:00,90.03,90.1,90.02,90.03,10081,0
2015-02-13,20:55:00,90.04,90.07,90.02,90.07,20792,0
2015-02-13,21:00:00,90.06,90.11,90.05,90.08,14675,0
2015-02-13,21:05:00,90.08,90.08,89.97,90.0,33789,0
2015-02-13,21:10:00,90.01,90.07,89.98,90.01,53430,0
2015-02-13,21:15:00,90.02,90.09,90.01,90.08,21604,0
2015-02-13,21:20:00,90.09,90.09,90.04,90.08,20652,0
2015-02-13,21:25:00,90.07,90.07,90.05,90.06,34830,0
2015-02-13,21:30:00,90.06,90.09,90.04,90.08,24823,0
2015-02-13,21:35:00,90.08,90.11,90.03,90.05,34075,0
2015-02-13,21:40:00,90.06,90.06,89.93,89.95,25585,0
2015-02-13,21:45:00,89.96,90.06,89.92,90.06,32840,0
2015-02-13,21:50:00,90.09,90.12,90.0,90.04,56345,0
2015-02-13,21:55:00,90.04,90.05,89.95,89.95,52322,0
2015-02-13,22:00:00,89.95,90.05,89.94,90.04,957003,0
2015-02-17,15:35:00,89.97,90.35,89.96,90.35,230160,0
2015-02-17,15:40:00,90.36,90.37,90.19,90.24,59282,0
2015-02-17,15:45:00,90.24,90.24,90.05,90.07,67504,0
2015-02-17,15:50:00,90.09,90.13,89.95,89.98,52666,0
2015-02-17,15:55:00,89.96,89.96,89.66,89.76,38258,0
2015-02-17,16:00:00,89.74,89.76,89.51,89.57,41638,0
2015-02-17,16:05:00,89.55,89.61,89.38,89.61,69086,0
2015-02-17,16:10:00,89.61,89.75,89.44,89.66,59594,0
2015-02-17,16:15:00,89.66,89.7,89.57,89.64,58583,0
2015-02-17,16:20:00,89.66,89.66,89.4,89.4,15537,0
2015-02-17,16:25:00,89.43,89.51,89.3,89.35,27985,0
2015-02-17,16:30:00,89.35,89.4,89.21,89.4,25505,0
2015-02-17,16:35:00,89.39,89.48,89.39,89.48,19573,0
2015-02-17,16:40:00,89.51,89.52,89.41,89.42,13837,0
2015-02-17,16:45:00,89.43,89.48,89.43,89.43,9787,0
2015-02-17,16:50:00,89.41,89.42,89.29,89.41,24473,0
2015-02-17,16:55:00,89.42,89.45,89.35,89.38,16953,0
2015-02-17,17:00:00,89.37,89.43,89.36,89.39,20775,0
2015-02-17,17:05:00,89.4,89.46,89.4,89.42,13460,0
2015-02-17,17:10:00,89.43,89.49,89.43,89.48,9829,0
2015-02-17,17:15:00,89.5,89.5,89.45,89.48,15065,0
2015-02-17,17:20:00,89.48,89.51,89.47,89.5,16396,0
2015-02-17,17:25:00,89.5,89.55,89.47,89.47,13986,0
2015-02-17,17:30:00,89.47,89.53,89.46,89.53,10432,0
2015-02-17,17:35:00,89.54,89.7,89.54,89.7,15207,0
2015-02-17,17:40:00,89.69,89.75,89.67,89.68,42139,0
2015-02-17,17:45:00,89.67,89.68,89.58,89.63,15465,0
2015-02-17,17:50:00,89.63,89.66,89.56,89.57,10956,0
2015-02-17,17:55:00,89.57,89.63,89.57,89.61,8449,0
2015-02-17,18:00:00,89.62,89.65,89.6,89.63,14074,0
2015-02-17,18:05:00,89.63,89.74,89.63,89.73,9870,0
2015-02-17,18:10:00,89.73,89.82,89.72,89.8,35372,0
2015-02-17,18:15:00,89.8,89.82,89.74,89.8,9900,0
2015-02-17,18:20:00,89.81,89.86,89.81,89.83,9055,0
2015-02-17,18:25:00,89.82,89.82,89.76,89.78,9084,0
2015-02-17,18:30:00,89.78,89.79,89.75,89.75,8102,0
2015-02-17,18:35:00,89.75,89.88,89.75,89.87,11052,0
2015-02-17,18:40:00,89.87,89.87,89.85,89.85,6382,0
2015-02-17,18:45:00,89.86,89.86,89.77,89.81,13092,0
2015-02-17,18:50:00,89.79,89.86,89.79,89.84,6220,0
2015-02-17,18:55:00,89.84,89.85,89.79,89.84,13171,0
2015-02-17,19:00:00,89.84,89.88,89.82,89.88,11646,0
2015-02-17,19:05:00,89.89,89.93,89.86,89.93,17144,0
2015-02-17,19:10:00,89.95,89.95,89.89,89.93,14305,0
2015-02-17,19:15:00,89.94,90.01,89.93,89.96,16383,0
2015-02-17,19:20:00,89.96,89.96,89.9,89.95,11246,0
2015-02-17,19:25:00,89.95,90.01,89.91,89.95,10258,0
2015-02-17,19:30:00,89.95,89.98,89.89,89.98,9256,0
2015-02-17,19:35:00,90,90,89.97,89.97,12340,0
2015-02-17,19:40:00,89.95,89.95,89.87,89.89,13346,0
2015-02-17,19:45:00,89.89,89.96,89.88,89.96,9303,0
2015-02-17,19:50:00,89.95,89.97,89.91,89.94,9075,0
2015-02-17,19:55:00,89.91,89.91,89.87,89.88,9708,0
2015-02-17,20:00:00,89.88,89.89,89.8,89.86,12574,0
2015-02-17,20:05:00,89.84,89.85,89.78,89.83,25029,0
2015-02-17,20:10:00,89.84,89.89,89.83,89.84,10706,0
2015-02-17,20:15:00,89.84,89.95,89.84,89.92,9726,0
2015-02-17,20:20:00,89.93,89.97,89.91,89.95,15275,0
2015-02-17,20:25:00,89.96,89.99,89.96,89.97,8402,0
2015-02-17,20:30:00,89.98,89.99,89.9,89.91,16179,0
2015-02-17,20:35:00,89.9,89.97,89.9,89.95,11634,0
2015-02-17,20:40:00,89.93,89.93,89.83,89.83,22091,0
2015-02-17,20:45:00,89.82,89.83,89.74,89.74,14156,0
2015-02-17,20:50:00,89.74,89.81,89.71,89.8,23714,0
2015-02-17,20:55:00,89.8,89.83,89.78,89.8,16434,0
2015-02-17,21:00:00,89.8,89.8,89.64,89.64,31032,0
2015-02-17,21:05:00,89.64,89.7,89.64,89.69,16601,0
2015-02-17,21:10:00,89.68,89.81,89.68,89.81,22422,0
2015-02-17,21:15:00,89.82,89.86,89.78,89.86,17222,0
2015-02-17,21:20:00,89.86,89.86,89.81,89.84,19776,0
2015-02-17,21:25:00,89.84,89.91,89.79,89.9,46691,0
2015-02-17,21:30:00,89.9,89.91,89.86,89.9,39174,0
2015-02-17,21:35:00,89.9,89.9,89.76,89.76,35907,0
2015-02-17,21:40:00,89.76,89.81,89.75,89.79,33414,0
2015-02-17,21:45:00,89.79,89.81,89.77,89.79,53394,0
2015-02-17,21:50:00,89.79,89.83,89.75,89.78,73526,0
2015-02-17,21:55:00,89.78,89.8,89.75,89.77,49978,0
2015-02-17,22:00:00,89.77,89.92,89.77,89.92,204194,0
2015-02-18,15:35:00,91.75,91.75,91.37,91.59,265115,0
2015-02-18,15:40:00,91.59,91.88,91.45,91.67,312320,0
2015-02-18,15:45:00,91.69,91.9,91.58,91.9,189046,0
2015-02-18,15:50:00,91.9,91.92,91.61,91.72,186522,0
2015-02-18,15:55:00,91.73,91.86,91.65,91.66,104769,0
2015-02-18,16:00:00,91.71,91.75,91.63,91.74,120714,0
2015-02-18,16:05:00,91.73,91.89,91.63,91.7,163985,0
2015-02-18,16:10:00,91.7,91.75,91.62,91.72,113182,0
2015-02-18,16:15:00,91.72,91.75,91.68,91.74,97596,0
2015-02-18,16:20:00,91.74,91.8,91.69,91.76,201046,0
2015-02-18,16:25:00,91.75,91.78,91.65,91.7,121611,0
2015-02-18,16:30:00,91.7,91.8,91.68,91.75,74192,0
2015-02-18,16:35:00,91.76,91.85,91.65,91.85,79276,0
2015-02-18,16:40:00,91.83,91.85,91.72,91.74,61412,0
2015-02-18,16:45:00,91.74,91.75,91.67,91.72,57124,0
2015-02-18,16:50:00,91.73,91.87,91.72,91.85,85176,0
2015-02-18,16:55:00,91.84,91.85,91.69,91.71,76214,0
2015-02-18,17:00:00,91.72,91.8,91.72,91.75,40382,0
2015-02-18,17:05:00,91.74,91.78,91.72,91.74,39551,0
2015-02-18,17:10:00,91.73,91.75,91.53,91.59,128485,0
2015-02-18,17:15:00,91.59,91.7,91.59,91.62,68758,0
2015-02-18,17:20:00,91.63,91.71,91.62,91.65,51314,0
2015-02-18,17:25:00,91.64,91.69,91.52,91.61,53052,0
2015-02-18,17:30:00,91.61,91.72,91.61,91.62,44737,0
2015-02-18,17:35:00,91.62,91.65,91.55,91.56,55838,0
2015-02-18,17:40:00,91.57,91.64,91.55,91.64,48129,0
2015-02-18,17:45:00,91.64,91.65,91.56,91.57,55670,0
2015-02-18,17:50:00,91.57,91.62,91.5,91.6,83794,0
2015-02-18,17:55:00,91.62,91.62,91.54,91.56,32884,0
2015-02-18,18:00:00,91.56,91.61,91.54,91.57,55516,0
2015-02-18,18:05:00,91.56,91.65,91.55,91.65,38844,0
2015-02-18,18:10:00,91.65,91.66,91.59,91.61,38657,0
2015-02-18,18:15:00,91.61,91.67,91.59,91.65,24869,0
2015-02-18,18:20:00,91.65,91.77,91.65,91.72,43879,0
2015-02-18,18:25:00,91.74,91.75,91.68,91.75,67009,0
2015-02-18,18:30:00,91.74,91.75,91.69,91.75,76590,0
2015-02-18,18:35:00,91.73,91.74,91.63,91.65,38196,0
2015-02-18,18:40:00,91.65,91.7,91.63,91.69,54171,0
2015-02-18,18:45:00,91.68,91.7,91.64,91.67,45511,0
2015-02-18,18:50:00,91.67,91.7,91.67,91.7,25969,0
2015-02-18,18:55:00,91.7,91.7,91.67,91.68,33635,0
2015-02-18,19:00:00,91.68,91.75,91.67,91.72,57435,0
2015-02-18,19:05:00,91.71,91.82,91.71,91.78,58038,0
2015-02-18,19:10:00,91.79,91.81,91.78,91.81,21296,0
2015-02-18,19:15:00,91.81,91.85,91.77,91.81,51647,0
2015-02-18,19:20:00,91.82,91.89,91.78,91.89,39035,0
2015-02-18,19:25:00,91.88,91.91,91.82,91.89,85014,0
2015-02-18,19:30:00,91.89,91.97,91.85,91.96,63431,0
2015-02-18,19:35:00,91.95,92.15,91.95,92.13,175945,0
2015-02-18,19:40:00,92.12,92.13,92.05,92.13,44592,0
2015-02-18,19:45:00,92.12,92.22,92.12,92.19,50623,0
2015-02-18,19:50:00,92.19,92.26,92.15,92.26,73649,0
2015-02-18,19:55:00,92.25,92.3,92.25,92.29,48964,0
2015-02-18,20:00:00,92.29,92.45,92.26,92.39,114754,0
2015-02-18,20:05:00,92.38,92.55,92.37,92.45,109224,0
2015-02-18,20:10:00,92.47,92.5,92.41,92.46,73546,0
2015-02-18,20:15:00,92.43,92.52,92.41,92.51,49078,0
2015-02-18,20:20:00,92.52,92.56,92.36,92.52,70237,0
2015-02-18,20:25:00,92.53,92.59,92.48,92.57,81499,0
2015-02-18,20:30:00,92.58,92.59,92.46,92.49,52848,0
2015-02-18,20:35:00,92.49,92.54,92.48,92.49,78274,0
2015-02-18,20:40:00,92.49,92.5,92.44,92.44,42648,0
2015-02-18,20:45:00,92.45,92.51,92.43,92.47,63048,0
2015-02-18,20:50:00,92.47,92.49,92.39,92.46,59186,0
2015-02-18,20:55:00,92.47,92.6,92.45,92.58,69037,0
2015-02-18,21:00:00,92.57,92.7,92.56,92.63,108659,0
2015-02-18,21:05:00,92.62,92.63,92.53,92.59,121481,0
2015-02-18,21:10:00,92.59,92.69,92.58,92.62,116347,0
2015-02-18,21:15:00,92.63,92.66,92.53,92.53,71672,0
2015-02-18,21:20:00,92.54,92.65,92.53,92.65,73948,0
2015-02-18,21:25:00,92.66,92.67,92.62,92.66,59739,0
2015-02-18,21:30:00,92.66,92.68,92.64,92.66,53828,0
2015-02-18,21:35:00,92.66,92.71,92.63,92.7,79242,0
2015-02-18,21:40:00,92.71,92.71,92.61,92.7,98396,0
2015-02-18,21:45:00,92.69,92.75,92.67,92.67,103064,0
2015-02-18,21:50:00,92.68,92.69,92.63,92.68,147034,0
2015-02-18,21:55:00,92.67,92.68,92.65,92.67,160350,0
2015-02-18,22:00:00,92.67,92.77,92.64,92.75,404913,0
2015-02-19,15:35:00,92.44,92.46,91.65,92.04,104488,0
2015-02-19,15:40:00,92.05,92.06,91.73,91.88,96522,0
2015-02-19,15:45:00,91.85,91.96,91.64,91.9,129311,0
2015-02-19,15:50:00,91.92,91.97,91.74,91.74,82922,0
2015-02-19,15:55:00,91.78,91.88,91.77,91.87,70118,0
2015-02-19,16:00:00,91.88,91.88,91.7,91.81,53921,0
2015-02-19,16:05:00,91.83,91.91,91.75,91.85,48458,0
2015-02-19,16:10:00,91.87,91.97,91.86,91.92,59019,0
2015-02-19,16:15:00,91.94,91.94,91.86,91.93,45101,0
2015-02-19,16:20:00,91.93,91.94,91.83,91.88,61884,0
2015-02-19,16:25:00,91.88,92.14,91.88,92.07,98161,0
2015-02-19,16:30:00,92.07,92.1,91.97,92.04,59534,0
2015-02-19,16:35:00,92.03,92.1,92,92.02,49791,0
2015-02-19,16:40:00,92.01,92.18,92,92.07,77811,0
2015-02-19,16:45:00,92.07,92.11,92.03,92.07,35953,0
2015-02-19,16:50:00,92.08,92.12,92.04,92.05,31024,0
2015-02-19,16:55:00,92.05,92.09,91.98,91.99,40658,0
2015-02-19,17:00:00,91.99,92.01,91.97,91.99,37761,0
2015-02-19,17:05:00,91.98,92.01,91.94,91.98,42568,0
2015-02-19,17:10:00,91.98,92.02,91.94,91.94,47470,0
2015-02-19,17:15:00,91.95,91.96,91.93,91.94,24945,0
2015-02-19,17:20:00,91.93,92,91.86,91.91,71331,0
2015-02-19,17:25:00,91.91,92.01,91.91,91.96,30677,0
2015-02-19,17:30:00,91.95,92.03,91.93,92.02,48460,0
2015-02-19,17:35:00,92.01,92.07,91.99,92.02,34583,0
2015-02-19,17:40:00,92.02,92.03,91.89,91.95,35076,0
2015-02-19,17:45:00,91.95,92.04,91.95,92.02,40195,0
2015-02-19,17:50:00,92,92.04,91.98,92,20175,0
2015-02-19,17:55:00,92,92.16,91.99,92.15,60407,0
2015-02-19,18:00:00,92.15,92.33,92.15,92.25,113817,0
2015-02-19,18:05:00,92.25,92.28,92.09,92.09,77372,0
2015-02-19,18:10:00,92.09,92.21,92.02,92.21,47500,0
2015-02-19,18:15:00,92.21,92.21,92.12,92.19,49948,0
2015-02-19,18:20:00,92.2,92.21,92.14,92.17,40906,0
2015-02-19,18:25:00,92.17,92.2,92.09,92.09,35082,0
2015-02-19,18:30:00,92.09,92.11,92.06,92.1,38708,0
2015-02-19,18:35:00,92.09,92.1,92.02,92.02,59619,0
2015-02-19,18:40:00,92.02,92.08,91.97,92.08,109367,0
2015-02-19,18:45:00,92.05,92.19,92.01,92.16,73885,0
2015-02-19,18:50:00,92.17,92.22,92.15,92.19,37672,0
2015-02-19,18:55:00,92.18,92.22,92.12,92.15,75817,0
2015-02-19,19:00:00,92.13,92.17,92.12,92.16,53818,0
2015-02-19,19:05:00,92.16,92.17,92.07,92.13,76976,0
2015-02-19,19:10:00,92.14,92.31,92.13,92.28,74711,0
2015-02-19,19:15:00,92.28,92.28,92.16,92.19,51010,0
2015-02-19,19:20:00,92.19,92.2,92.09,92.16,48005,0
2015-02-19,19:25:00,92.15,92.22,92.12,92.13,27298,0
2015-02-19,19:30:00,92.13,92.18,92.1,92.18,34756,0
2015-02-19,19:35:00,92.18,92.21,92.11,92.16,30348,0
2015-02-19,19:40:00,92.16,92.2,92.1,92.14,48642,0
2015-02-19,19:45:00,92.14,92.2,92.1,92.2,41017,0
2015-02-19,19:50:00,92.2,92.2,92.1,92.11,23971,0
2015-02-19,19:55:00,92.11,92.17,92.1,92.16,32498,0
2015-02-19,20:00:00,92.16,92.16,92.02,92.03,59876,0
2015-02-19,20:05:00,92.02,92.04,91.88,91.89,98392,0
2015-02-19,20:10:00,91.89,91.93,91.85,91.86,65406,0
2015-02-19,20:15:00,91.86,91.95,91.85,91.86,79949,0
2015-02-19,20:20:00,91.86,91.94,91.85,91.85,60087,0
2015-02-19,20:25:00,91.85,91.97,91.84,91.9,71283,0
2015-02-19,20:30:00,91.91,91.93,91.87,91.87,43133,0
2015-02-19,20:35:00,91.87,91.89,91.75,91.75,72414,0
2015-02-19,20:40:00,91.77,91.86,91.76,91.78,57276,0
2015-02-19,20:45:00,91.79,91.92,91.78,91.9,46921,0
2015-02-19,20:50:00,91.91,91.98,91.9,91.96,31108,0
2015-02-19,20:55:00,91.98,91.98,91.89,91.95,61343,0
2015-02-19,21:00:00,91.97,91.97,91.93,91.97,22640,0
2015-02-19,21:05:00,91.96,92,91.93,91.97,37567,0
2015-02-19,21:10:00,91.98,92.01,91.94,91.95,150787,0
2015-02-19,21:15:00,91.95,92.01,91.92,91.92,39630,0
2015-02-19,21:20:00,91.92,91.93,91.88,91.89,36664,0
2015-02-19,21:25:00,91.89,91.92,91.85,91.9,60337,0
2015-02-19,21:30:00,91.89,91.91,91.86,91.87,57214,0
2015-02-19,21:35:00,91.87,91.89,91.7,91.72,173938,0
2015-02-19,21:40:00,91.73,91.73,91.64,91.7,107448,0
2015-02-19,21:45:00,91.71,91.71,91.63,91.63,113001,0
2015-02-19,21:50:00,91.63,91.63,91.45,91.45,181608,0
2015-02-19,21:55:00,91.46,91.7,91.44,91.6,163262,0
2015-02-19,22:00:00,91.61,91.71,91.49,91.71,1645279,0
2015-02-20,15:35:00,90.66,91.5,90.47,91.03,257632,0
2015-02-20,15:40:00,91.07,91.25,90.65,90.91,155562,0
2015-02-20,15:45:00,90.89,90.92,90.53,90.71,109038,0
2015-02-20,15:50:00,90.7,90.7,90.2,90.5,304343,0
2015-02-20,15:55:00,90.47,90.54,90.27,90.38,129264,0
2015-02-20,16:00:00,90.38,90.44,89.91,90.24,264729,0
2015-02-20,16:05:00,90.22,90.26,89.98,90.17,125142,0
2015-02-20,16:10:00,90.19,90.5,90.12,90.47,234262,0
2015-02-20,16:15:00,90.48,91.15,90.47,90.8,305222,0
2015-02-20,16:20:00,90.82,91.06,90.58,90.95,139977,0
2015-02-20,16:25:00,90.93,91.55,90.93,91.41,290188,0
2015-02-20,16:30:00,91.41,91.44,91.04,91.13,99420,0
2015-02-20,16:35:00,91.1,91.26,90.9,91,90411,0
2015-02-20,16:40:00,91.04,91.06,90.71,90.91,82645,0
2015-02-20,16:45:00,90.91,91.22,90.9,91.22,56010,0
2015-02-20,16:50:00,91.23,91.28,91.11,91.19,57787,0
2015-02-20,16:55:00,91.19,91.25,91.12,91.19,71088,0
2015-02-20,17:00:00,91.16,91.21,91.08,91.09,74142,0
2015-02-20,17:05:00,91.12,91.61,91.12,91.49,118944,0
2015-02-20,17:10:00,91.44,91.52,91.33,91.34,46721,0
2015-02-20,17:15:00,91.35,91.47,91.32,91.43,45903,0
2015-02-20,17:20:00,91.43,91.72,91.42,91.68,95227,0
2015-02-20,17:25:00,91.63,92.03,91.63,91.75,116704,0
2015-02-20,17:30:00,91.74,91.75,91.5,91.58,78021,0
2015-02-20,17:35:00,91.58,91.8,91.58,91.74,45609,0
2015-02-20,17:40:00,91.74,91.81,91.62,91.76,51527,0
2015-02-20,17:45:00,91.76,92.15,91.76,92,85798,0
2015-02-20,17:50:00,92.02,92.16,91.95,91.97,65558,0
2015-02-20,17:55:00,91.96,92.01,91.92,92,68577,0
2015-02-20,18:00:00,91.99,92.04,91.94,92.03,89040,0
2015-02-20,18:05:00,92.02,92.27,91.98,92.18,79254,0
2015-02-20,18:10:00,92.18,92.18,92,92.08,47792,0
2015-02-20,18:15:00,92.09,92.15,91.98,91.98,37944,0
2015-02-20,18:20:00,91.96,92.1,91.91,92.09,42790,0
2015-02-20,18:25:00,92.1,92.1,91.95,92.02,22500,0
2015-02-20,18:30:00,92.03,92.04,91.84,91.84,44366,0
2015-02-20,18:35:00,91.84,91.88,91.74,91.85,63938,0
2015-02-20,18:40:00,91.81,92.07,91.81,91.99,75451,0
2015-02-20,18:45:00,91.99,92.06,91.88,92,34953,0
2015-02-20,18:50:00,92.01,92.08,91.99,91.99,28908,0
2015-02-20,18:55:00,92.02,92.02,91.86,91.96,31860,0
2015-02-20,19:00:00,91.96,91.97,91.85,91.85,26611,0
2015-02-20,19:05:00,91.86,92.18,91.86,92.05,81083,0
2015-02-20,19:10:00,92.08,92.18,92.01,92.06,64962,0
2015-02-20,19:15:00,92.05,92.1,92.02,92.05,36209,0
2015-02-20,19:20:00,92.05,92.09,92.01,92.04,46591,0
2015-02-20,19:25:00,92.04,92.16,92.03,92.05,29480,0
2015-02-20,19:30:00,92.07,92.11,92,92.01,42033,0
2015-02-20,19:35:00,92,92.14,92,92.1,27762,0
2015-02-20,19:40:00,92.09,92.12,92.05,92.07,35649,0
2015-02-20,19:45:00,92.08,92.1,91.81,91.83,66694,0
2015-02-20,19:50:00,91.84,91.87,91.66,91.77,117068,0
2015-02-20,19:55:00,91.77,91.9,91.57,91.63,108489,0
2015-02-20,20:00:00,91.66,91.68,91.58,91.61,53360,0
2015-02-20,20:05:00,91.61,91.64,91.58,91.64,64252,0
2015-02-20,20:10:00,91.64,91.87,91.63,91.8,41146,0
2015-02-20,20:15:00,91.81,91.84,91.62,91.68,31832,0
2015-02-20,20:20:00,91.68,91.68,91.61,91.61,37348,0
2015-02-20,20:25:00,91.62,91.79,91.6,91.79,25464,0
2015-02-20,20:30:00,91.79,91.81,91.72,91.73,30518,0
2015-02-20,20:35:00,91.73,91.77,91.65,91.73,37965,0
2015-02-20,20:40:00,91.73,91.78,91.72,91.76,41022,0
2015-02-20,20:45:00,91.75,92,91.69,91.94,45271,0
2015-02-20,20:50:00,91.93,91.98,91.91,91.97,31761,0
2015-02-20,20:55:00,91.95,92.14,91.95,92.1,39979,0
2015-02-20,21:00:00,92.11,92.24,92.1,92.22,74646,0
2015-02-20,21:05:00,92.21,92.25,92.12,92.14,56401,0
2015-02-20,21:10:00,92.15,92.22,92.09,92.19,44242,0
2015-02-20,21:15:00,92.19,92.22,92.16,92.21,46054,0
2015-02-20,21:20:00,92.21,92.24,92.16,92.2,69108,0
2015-02-20,21:25:00,92.2,92.22,92.17,92.21,48058,0
2015-02-20,21:30:00,92.2,92.33,92.18,92.33,92995,0
2015-02-20,21:35:00,92.33,92.36,92.28,92.36,93166,0
2015-02-20,21:40:00,92.36,92.36,92.28,92.3,84736,0
2015-02-20,21:45:00,92.29,92.46,92.29,92.41,137731,0
2015-02-20,21:50:00,92.4,92.47,92.4,92.42,179078,0
2015-02-20,21:55:00,92.42,92.42,92.15,92.16,131362,0
2015-02-20,22:00:00,92.16,92.45,92.12,92.43,2152748,0
2015-02-23,15:35:00,92.02,92.09,91.76,91.83,39806,0
2015-02-23,15:40:00,91.86,91.93,91.56,91.83,107289,0
2015-02-23,15:45:00,91.79,91.79,91.2,91.36,64231,0
2015-02-23,15:50:00,91.36,91.42,91.2,91.28,69493,0
2015-02-23,15:55:00,91.28,91.38,91.2,91.37,54153,0
2015-02-23,16:00:00,91.37,91.37,91.18,91.3,43181,0
2015-02-23,16:05:00,91.33,91.34,91.22,91.26,35854,0
2015-02-23,16:10:00,91.26,91.36,91.21,91.25,53671,0
2015-02-23,16:15:00,91.23,91.26,91.07,91.13,56572,0
2015-02-23,16:20:00,91.11,91.11,90.96,90.97,48757,0
2015-02-23,16:25:00,90.97,91.49,90.94,91.49,105089,0
2015-02-23,16:30:00,91.49,91.71,91.39,91.39,52272,0
2015-02-23,16:35:00,91.4,91.42,91.33,91.36,17619,0
2015-02-23,16:40:00,91.37,91.56,91.32,91.56,34515,0
2015-02-23,16:45:00,91.53,91.59,91.48,91.59,49984,0
2015-02-23,16:50:00,91.58,91.68,91.58,91.68,38083,0
2015-02-23,16:55:00,91.69,91.78,91.66,91.78,46935,0
2015-02-23,17:00:00,91.78,91.79,91.56,91.57,27075,0
2015-02-23,17:05:00,91.57,91.58,91.38,91.38,30794,0
2015-02-23,17:10:00,91.38,91.38,91.32,91.36,28847,0
2015-02-23,17:15:00,91.36,91.48,91.35,91.35,19859,0
2015-02-23,17:20:00,91.37,91.47,91.35,91.47,27559,0
2015-02-23,17:25:00,91.48,91.52,91.43,91.45,12593,0
2015-02-23,17:30:00,91.44,91.47,91.4,91.45,25264,0
2015-02-23,17:35:00,91.46,91.46,91.37,91.44,25882,0
2015-02-23,17:40:00,91.44,91.44,91.37,91.39,31902,0
2015-02-23,17:45:00,91.38,91.43,91.34,91.43,37545,0
2015-02-23,17:50:00,91.45,91.47,91.37,91.41,15524,0
2015-02-23,17:55:00,91.4,91.43,91.36,91.42,35569,0
2015-02-23,18:00:00,91.41,91.47,91.35,91.44,56171,0
2015-02-23,18:05:00,91.44,91.48,91.32,91.37,27240,0
2015-02-23,18:10:00,91.36,91.42,91.31,91.42,21105,0
2015-02-23,18:15:00,91.43,91.5,91.43,91.5,11929,0
2015-02-23,18:20:00,91.49,91.5,91.37,91.41,19482,0
2015-02-23,18:25:00,91.43,91.46,91.38,91.45,17538,0
2015-02-23,18:30:00,91.43,91.45,91.4,91.42,15030,0
2015-02-23,18:35:00,91.42,91.42,91.34,91.4,19494,0
2015-02-23,18:40:00,91.4,91.41,91.36,91.39,29389,0
2015-02-23,18:45:00,91.39,91.39,91.28,91.28,20441,0
2015-02-23,18:50:00,91.25,91.33,91.17,91.25,30712,0
2015-02-23,18:55:00,91.25,91.31,91.25,91.28,20283,0
2015-02-23,19:00:00,91.27,91.28,91.18,91.18,13752,0
2015-02-23,19:05:00,91.18,91.3,91.18,91.26,32724,0
2015-02-23,19:10:00,91.28,91.3,91.26,91.29,13102,0
2015-02-23,19:15:00,91.29,91.29,91.26,91.28,19400,0
2015-02-23,19:20:00,91.29,91.29,91.18,91.19,27343,0
2015-02-23,19:25:00,91.19,91.19,91.11,91.11,20546,0
2015-02-23,19:30:00,91.11,91.12,91.06,91.07,27232,0
2015-02-23,19:35:00,91.06,91.27,91.06,91.27,40731,0
2015-02-23,19:40:00,91.27,91.33,91.25,91.28,16933,0
2015-02-23,19:45:00,91.27,91.32,91.15,91.15,16916,0
2015-02-23,19:50:00,91.15,91.27,91.14,91.27,31869,0
2015-02-23,19:55:00,91.27,91.36,91.27,91.32,33236,0
2015-02-23,20:00:00,91.31,91.31,91.16,91.17,25589,0
2015-02-23,20:05:00,91.17,91.17,91.05,91.06,24709,0
2015-02-23,20:10:00,91.06,91.07,91.01,91.02,53345,0
2015-02-23,20:15:00,91.01,91.14,91,91.09,41413,0
2015-02-23,20:20:00,91.08,91.08,91.01,91.04,29870,0
2015-02-23,20:25:00,91.03,91.3,91.03,91.06,111997,0
2015-02-23,20:30:00,91.06,91.07,90.99,91,35362,0
2015-02-23,20:35:00,91,91.02,90.98,91.02,43022,0
2015-02-23,20:40:00,91.01,91.07,91.01,91.05,25986,0
2015-02-23,20:45:00,91.05,91.07,91,91.02,21202,0
2015-02-23,20:50:00,91.03,91.1,91.01,91.09,22736,0
2015-02-23,20:55:00,91.08,91.11,91.06,91.11,27564,0
2015-02-23,21:00:00,91.11,91.14,91.11,91.12,25591,0
2015-02-23,21:05:00,91.1,91.11,90.98,90.99,37014,0
2015-02-23,21:10:00,90.99,91,90.94,90.99,40768,0
2015-02-23,21:15:00,90.99,91.06,90.97,90.97,49947,0
2015-02-23,21:20:00,90.97,91.03,90.95,91.02,35652,0
2015-02-23,21:25:00,91.03,91.06,91.02,91.04,40666,0
2015-02-23,21:30:00,91.04,91.05,90.99,91,46938,0
2015-02-23,21:35:00,91.01,91.01,90.95,90.95,50389,0
2015-02-23,21:40:00,90.96,91.02,90.96,91,57766,0
2015-02-23,21:45:00,91,91.02,90.98,91.02,55349,0
2015-02-23,21:50:00,91.02,91.09,90.93,90.93,108280,0
2015-02-23,21:55:00,90.93,90.93,90.82,90.9,202556,0
2015-02-23,22:00:00,90.9,90.98,90.89,90.98,210692,0
