Date,Time,Open,High,Low,Close,Volume,OpenInt
2015-01-14,19:00:00,23.66,23.66,23.66,23.66,1250,0
2015-01-14,19:10:00,23.653,23.653,23.653,23.653,1098,0
2015-01-14,19:20:00,23.673,23.673,23.663,23.663,520,0
2015-01-14,20:45:00,23.682,23.682,23.682,23.682,405,0
2015-01-14,20:55:00,23.682,23.682,23.653,23.653,760,0
2015-01-14,21:00:00,23.663,23.742,23.663,23.742,1778,0
2015-01-14,21:05:00,23.752,23.84,23.702,23.84,2877,0
2015-01-14,21:10:00,23.84,23.84,23.772,23.772,1428,0
2015-01-14,21:25:00,23.772,23.772,23.772,23.772,102,0
2015-01-14,21:30:00,23.762,23.762,23.762,23.762,102,0
2015-01-14,21:35:00,23.762,23.762,23.752,23.752,203,0
2015-01-14,21:40:00,23.742,23.742,23.742,23.742,102,0
2015-01-14,21:45:00,23.742,23.772,23.742,23.772,609,0
2015-01-14,21:55:00,23.712,23.712,23.712,23.712,203,0
2015-01-14,22:00:00,23.712,23.712,23.682,23.682,995,0
2015-01-15,15:45:00,23.949,23.949,23.949,23.949,1014,0
2015-01-15,15:50:00,23.752,23.782,23.752,23.782,203,0
2015-01-15,15:55:00,23.712,23.712,23.712,23.712,407,0
2015-01-15,17:25:00,23.732,23.732,23.732,23.732,202,0
2015-01-15,17:35:00,23.732,23.732,23.732,23.732,304,0
2015-01-15,17:55:00,23.752,23.752,23.752,23.752,304,0
2015-01-15,18:00:00,23.762,23.782,23.762,23.782,2389,0
2015-01-15,18:15:00,23.772,23.782,23.772,23.782,305,0
2015-01-15,18:35:00,23.752,23.752,23.752,23.752,608,0
2015-01-15,18:45:00,23.752,23.752,23.742,23.742,312,0
2015-01-15,18:50:00,23.752,23.752,23.752,23.752,842,0
2015-01-15,19:10:00,23.722,23.752,23.712,23.752,1978,0
2015-01-15,19:35:00,23.722,23.722,23.712,23.712,711,0
2015-01-15,19:45:00,23.712,23.722,23.712,23.722,304,0
2015-01-15,20:05:00,23.732,23.732,23.712,23.712,407,0
2015-01-15,20:15:00,23.712,23.712,23.712,23.712,102,0
2015-01-15,20:25:00,23.722,23.732,23.712,23.712,1217,0
2015-01-15,20:30:00,23.712,23.712,23.712,23.712,203,0
2015-01-15,20:35:00,23.712,23.712,23.692,23.692,1088,0
2015-01-15,20:40:00,23.712,23.712,23.712,23.712,102,0
2015-01-15,20:50:00,23.712,23.722,23.712,23.722,1318,0
2015-01-15,21:00:00,23.712,23.712,23.712,23.712,304,0
2015-01-15,21:10:00,23.712,23.712,23.712,23.712,304,0
2015-01-15,21:15:00,23.712,23.712,23.712,23.712,1724,0
2015-01-15,21:20:00,23.712,23.712,23.692,23.692,304,0
2015-01-15,21:25:00,23.692,23.692,23.692,23.692,507,0
2015-01-15,21:30:00,23.692,23.692,23.692,23.692,203,0
2015-01-15,21:35:00,23.692,23.692,23.682,23.692,2128,0
2015-01-15,21:40:00,23.682,23.682,23.682,23.682,304,0
2015-01-15,21:45:00,23.682,23.682,23.682,23.682,304,0
2015-01-15,21:50:00,23.682,23.712,23.682,23.692,3009,0
2015-01-15,21:55:00,23.682,23.712,23.682,23.682,1420,0
2015-01-15,22:00:00,23.692,23.692,23.682,23.682,2108,0
2015-01-16,15:35:00,23.782,23.782,23.782,23.782,102,0
2015-01-16,15:50:00,23.782,23.782,23.782,23.782,1014,0
2015-01-16,15:55:00,23.732,23.732,23.682,23.732,912,0
2015-01-16,16:20:00,23.732,23.732,23.712,23.712,609,0
2015-01-16,16:25:00,23.732,23.732,23.722,23.732,1319,0
2015-01-16,16:30:00,23.732,23.732,23.732,23.732,305,0
2015-01-16,16:35:00,23.732,23.732,23.732,23.732,407,0
2015-01-16,16:40:00,23.732,23.732,23.712,23.732,1453,0
2015-01-16,16:45:00,23.722,23.732,23.722,23.732,712,0
2015-01-16,16:50:00,23.732,23.732,23.722,23.732,407,0
2015-01-16,16:55:00,23.732,23.732,23.722,23.722,406,0
2015-01-16,17:00:00,23.732,23.732,23.722,23.722,407,0
2015-01-16,17:05:00,23.732,23.732,23.732,23.732,508,0
2015-01-16,17:10:00,23.732,23.732,23.712,23.732,441,0
2015-01-16,17:15:00,23.742,23.742,23.742,23.742,159,0
2015-01-16,17:20:00,23.722,23.722,23.722,23.722,359,0
2015-01-16,17:30:00,23.712,23.712,23.712,23.712,102,0
2015-01-16,17:50:00,23.752,23.811,23.752,23.801,1322,0
2015-01-16,18:10:00,23.732,23.732,23.732,23.732,102,0
2015-01-16,18:15:00,23.742,23.742,23.742,23.742,102,0
2015-01-16,18:25:00,23.772,23.772,23.772,23.772,254,0
2015-01-16,18:30:00,23.782,23.782,23.782,23.782,821,0
2015-01-16,18:55:00,23.742,23.742,23.742,23.742,407,0
2015-01-16,19:20:00,23.772,23.85,23.772,23.782,2941,0
2015-01-16,19:25:00,23.782,23.782,23.732,23.732,407,0
2015-01-16,19:35:00,23.732,23.732,23.682,23.682,2027,0
2015-01-16,19:45:00,23.692,23.692,23.692,23.692,160,0
2015-01-16,19:50:00,23.692,23.692,23.692,23.692,102,0
2015-01-16,19:55:00,23.782,23.782,23.782,23.782,506,0
2015-01-16,20:00:00,23.702,23.702,23.692,23.692,203,0
2015-01-16,20:20:00,23.712,23.782,23.712,23.722,1116,0
2015-01-16,20:25:00,23.712,23.762,23.712,23.762,203,0
2015-01-16,20:50:00,23.712,23.712,23.712,23.712,407,0
2015-01-16,21:00:00,23.692,23.692,23.692,23.692,102,0
2015-01-16,21:10:00,23.692,23.692,23.692,23.692,102,0
2015-01-16,21:20:00,23.682,23.682,23.682,23.682,405,0
2015-01-16,21:30:00,23.682,23.682,23.682,23.682,1115,0
2015-01-16,21:35:00,23.702,23.702,23.663,23.663,710,0
2015-01-16,21:40:00,23.663,23.692,23.653,23.653,407,0
2015-01-16,21:45:00,23.692,23.692,23.653,23.653,608,0
2015-01-16,21:50:00,23.653,23.692,23.634,23.692,2583,0
2015-01-16,21:55:00,23.644,23.644,23.644,23.644,407,0
2015-01-16,22:00:00,23.634,23.663,23.584,23.584,1929,0
2015-01-20,15:40:00,23.722,23.722,23.692,23.712,508,0
2015-01-20,15:45:00,23.692,23.692,23.692,23.692,588,0
2015-01-20,15:55:00,23.712,23.762,23.663,23.663,4359,0
2015-01-20,16:05:00,23.702,23.801,23.702,23.801,1624,0
2015-01-20,16:10:00,23.792,23.792,23.792,23.792,608,0
2015-01-20,16:15:00,23.821,23.821,23.692,23.692,456,0
2015-01-20,16:30:00,23.732,23.752,23.732,23.752,203,0
2015-01-20,16:40:00,23.712,23.742,23.712,23.742,203,0
2015-01-20,16:45:00,23.712,23.712,23.712,23.712,102,0
2015-01-20,16:50:00,23.702,23.722,23.692,23.692,3793,0
2015-01-20,17:10:00,23.692,23.722,23.692,23.722,812,0
2015-01-20,17:30:00,23.722,23.722,23.722,23.722,305,0
2015-01-20,17:35:00,23.742,23.742,23.742,23.742,407,0
2015-01-20,17:40:00,23.722,23.722,23.722,23.722,102,0
2015-01-20,17:45:00,23.722,23.722,23.722,23.722,102,0
2015-01-20,17:50:00,23.722,23.722,23.722,23.722,102,0
2015-01-20,17:55:00,23.692,23.702,23.692,23.702,609,0
2015-01-20,18:05:00,23.692,23.692,23.692,23.692,102,0
2015-01-20,18:10:00,23.712,23.722,23.692,23.692,1238,0
2015-01-20,18:20:00,23.722,23.722,23.692,23.722,2332,0
2015-01-20,18:30:00,23.712,23.712,23.712,23.712,102,0
2015-01-20,18:40:00,23.702,23.702,23.702,23.702,203,0
2015-01-20,18:45:00,23.702,23.702,23.692,23.692,619,0
2015-01-20,18:50:00,23.702,23.702,23.702,23.702,102,0
2015-01-20,19:05:00,23.682,23.682,23.682,23.682,610,0
2015-01-20,19:10:00,23.722,23.722,23.682,23.682,610,0
2015-01-20,19:25:00,23.722,23.821,23.722,23.821,2889,0
2015-01-20,19:35:00,23.782,23.782,23.692,23.692,1419,0
2015-01-20,19:50:00,23.692,23.692,23.692,23.692,102,0
2015-01-20,20:00:00,23.692,23.692,23.692,23.692,102,0
2015-01-20,20:05:00,23.752,23.752,23.752,23.752,102,0
2015-01-20,20:25:00,23.722,23.722,23.722,23.722,305,0
2015-01-20,20:30:00,23.722,23.722,23.722,23.722,102,0
2015-01-20,20:40:00,23.722,23.722,23.722,23.722,203,0
2015-01-20,20:50:00,23.722,23.722,23.722,23.722,203,0
2015-01-20,20:55:00,23.742,23.742,23.742,23.742,205,0
2015-01-20,21:10:00,23.722,23.732,23.722,23.732,407,0
2015-01-20,21:15:00,23.742,23.742,23.742,23.742,305,0
2015-01-20,21:25:00,23.742,23.742,23.742,23.742,305,0
2015-01-20,21:30:00,23.752,23.752,23.752,23.752,304,0
2015-01-20,21:35:00,23.752,23.752,23.752,23.752,1202,0
2015-01-20,21:40:00,23.752,23.762,23.752,23.762,737,0
2015-01-20,21:45:00,23.762,23.762,23.762,23.762,913,0
2015-01-20,21:55:00,23.772,23.772,23.722,23.722,691,0
2015-01-20,22:00:00,23.722,23.752,23.722,23.752,1892,0
2015-01-21,15:40:00,23.99,23.99,23.772,23.881,403,0
2015-01-21,15:45:00,23.881,23.881,23.881,23.881,201,0
2015-01-21,15:50:00,23.811,23.811,23.762,23.762,3642,0
2015-01-21,15:55:00,23.792,23.821,23.792,23.821,201,0
2015-01-21,16:00:00,23.811,23.811,23.811,23.811,101,0
2015-01-21,16:10:00,23.801,23.801,23.801,23.801,101,0
2015-01-21,16:15:00,23.792,23.792,23.792,23.792,201,0
2015-01-21,16:20:00,23.782,23.782,23.782,23.782,101,0
2015-01-21,16:25:00,23.772,23.772,23.772,23.772,101,0
2015-01-21,16:30:00,23.772,23.782,23.772,23.782,705,0
2015-01-21,16:35:00,23.792,23.792,23.792,23.792,302,0
2015-01-21,16:40:00,23.792,23.792,23.782,23.782,201,0
2015-01-21,16:45:00,23.782,23.782,23.782,23.782,101,0
2015-01-21,16:50:00,23.782,23.792,23.782,23.782,403,0
2015-01-21,16:55:00,23.792,23.792,23.782,23.782,1611,0
2015-01-21,17:00:00,23.792,23.851,23.792,23.851,302,0
2015-01-21,17:10:00,23.792,23.792,23.792,23.792,101,0
2015-01-21,17:15:00,23.811,23.841,23.811,23.841,302,0
2015-01-21,17:20:00,23.792,23.841,23.762,23.841,3121,0
2015-01-21,17:25:00,23.782,23.891,23.782,23.841,705,0
2015-01-21,17:30:00,23.871,23.871,23.871,23.871,101,0
2015-01-21,17:35:00,23.831,23.831,23.831,23.831,101,0
2015-01-21,17:40:00,23.792,23.792,23.792,23.792,302,0
2015-01-21,17:50:00,23.811,23.831,23.811,23.831,302,0
2015-01-21,18:00:00,23.851,23.851,23.851,23.851,705,0
2015-01-21,18:05:00,23.861,23.861,23.851,23.861,906,0
2015-01-21,18:10:00,23.881,23.881,23.871,23.871,201,0
2015-01-21,18:25:00,23.881,23.881,23.881,23.881,101,0
2015-01-21,18:30:00,23.881,23.891,23.851,23.891,622,0
2015-01-21,18:35:00,23.891,23.891,23.891,23.891,101,0
2015-01-21,18:40:00,23.891,23.891,23.891,23.891,101,0
2015-01-21,18:45:00,23.861,23.861,23.861,23.861,101,0
2015-01-21,18:50:00,23.891,23.891,23.891,23.891,101,0
2015-01-21,18:55:00,23.881,23.881,23.881,23.881,101,0
2015-01-21,19:00:00,23.901,23.901,23.901,23.901,101,0
2015-01-21,19:05:00,23.901,23.911,23.901,23.911,201,0
2015-01-21,19:10:00,23.861,23.911,23.861,23.911,302,0
2015-01-21,19:15:00,23.911,24.099,23.911,23.96,8345,0
2015-01-21,19:20:00,23.941,23.97,23.931,23.95,604,0
2015-01-21,19:25:00,23.96,23.96,23.96,23.96,101,0
2015-01-21,19:30:00,23.921,23.921,23.891,23.891,302,0
2015-01-21,19:35:00,23.941,23.96,23.941,23.96,503,0
2015-01-21,19:40:00,23.941,23.941,23.941,23.941,302,0
2015-01-21,19:45:00,23.931,23.931,23.931,23.931,101,0
2015-01-21,19:50:00,23.95,23.95,23.95,23.95,101,0
2015-01-21,19:55:00,23.931,23.931,23.931,23.931,101,0
2015-01-21,20:00:00,23.931,23.931,23.931,23.931,201,0
2015-01-21,20:10:00,23.891,23.891,23.891,23.891,403,0
2015-01-21,20:20:00,23.901,23.901,23.901,23.901,403,0
2015-01-21,20:25:00,23.901,23.901,23.901,23.901,101,0
2015-01-21,20:35:00,23.891,23.891,23.891,23.891,403,0
2015-01-21,20:40:00,23.891,23.891,23.891,23.891,101,0
2015-01-21,20:45:00,23.871,23.911,23.871,23.901,1007,0
2015-01-21,20:50:00,23.901,23.901,23.901,23.901,101,0
2015-01-21,20:55:00,23.901,23.901,23.901,23.901,101,0
2015-01-21,21:00:00,23.911,23.911,23.911,23.911,250,0
2015-01-21,21:05:00,23.901,23.901,23.901,23.901,262,0
2015-01-21,21:10:00,23.901,23.901,23.901,23.901,101,0
2015-01-21,21:15:00,23.901,23.901,23.901,23.901,302,0
2015-01-21,21:20:00,23.891,23.891,23.891,23.891,101,0
2015-01-21,21:25:00,23.891,23.891,23.881,23.881,201,0
2015-01-21,21:30:00,23.871,23.871,23.871,23.871,101,0
2015-01-21,21:35:00,23.861,23.861,23.861,23.861,201,0
2015-01-21,21:40:00,23.881,23.881,23.851,23.851,487,0
2015-01-21,21:45:00,23.841,23.841,23.841,23.841,201,0
2015-01-21,21:50:00,23.831,23.831,23.831,23.831,101,0
2015-01-21,21:55:00,23.821,23.831,23.821,23.831,302,0
2015-01-21,22:00:00,23.831,23.831,23.831,23.831,302,0
2015-01-22,15:40:00,23.901,23.901,23.901,23.901,387,0
2015-01-22,15:45:00,23.901,23.901,23.901,23.901,403,0
2015-01-22,16:20:00,23.851,23.851,23.851,23.851,201,0
2015-01-22,16:40:00,23.881,23.911,23.871,23.871,2517,0
2015-01-22,16:45:00,23.891,23.891,23.891,23.891,176,0
2015-01-22,16:50:00,23.871,23.871,23.871,23.871,906,0
2015-01-22,17:30:00,23.871,23.871,23.871,23.871,101,0
2015-01-22,17:40:00,23.871,23.901,23.871,23.901,403,0
2015-01-22,17:45:00,23.891,23.891,23.891,23.891,101,0
2015-01-22,17:55:00,23.861,23.861,23.861,23.861,101,0
2015-01-22,18:05:00,23.871,23.901,23.871,23.901,2411,0
2015-01-22,18:10:00,23.901,23.901,23.901,23.901,1130,0
2015-01-22,18:15:00,23.891,23.901,23.891,23.901,1611,0
2015-01-22,18:25:00,23.871,23.871,23.871,23.871,101,0
2015-01-22,18:35:00,23.881,23.881,23.881,23.881,302,0
2015-01-22,18:55:00,23.881,23.881,23.881,23.881,101,0
2015-01-22,19:10:00,23.881,23.881,23.881,23.881,101,0
2015-01-22,19:20:00,23.881,23.881,23.881,23.881,101,0
2015-01-22,19:30:00,23.881,23.881,23.881,23.881,101,0
2015-01-22,19:40:00,23.881,23.881,23.881,23.881,101,0
2015-01-22,19:50:00,23.881,23.881,23.881,23.881,201,0
2015-01-22,20:00:00,23.881,23.881,23.881,23.881,201,0
2015-01-22,20:05:00,23.891,23.891,23.891,23.891,1046,0
2015-01-22,20:10:00,23.881,23.881,23.881,23.881,101,0
2015-01-22,20:15:00,23.891,23.891,23.891,23.891,101,0
2015-01-22,20:20:00,23.891,23.901,23.881,23.901,1538,0
2015-01-22,20:25:00,23.901,23.931,23.901,23.931,986,0
2015-01-22,20:30:00,23.931,23.941,23.921,23.941,1711,0
2015-01-22,20:35:00,23.95,23.95,23.95,23.95,1258,0
2015-01-22,20:45:00,23.941,23.96,23.941,23.941,3616,0
2015-01-22,20:55:00,23.97,23.98,23.95,23.97,2114,0
2015-01-22,21:10:00,23.98,24,23.98,24,2013,0
2015-01-22,21:15:00,24,24.02,24,24.01,403,0
2015-01-22,21:25:00,23.98,23.98,23.95,23.95,201,0
2015-01-22,21:30:00,23.95,23.95,23.921,23.941,705,0
2015-01-22,21:40:00,23.921,23.921,23.921,23.921,101,0
2015-01-22,21:45:00,23.921,23.921,23.921,23.921,101,0
2015-01-22,21:50:00,23.941,23.95,23.921,23.921,403,0
2015-01-22,21:55:00,23.931,23.931,23.921,23.921,604,0
2015-01-22,22:00:00,23.921,23.921,23.901,23.911,7248,0
2015-01-23,15:35:00,24,24.09,24,24.09,705,0
2015-01-23,15:45:00,23.95,23.95,23.95,23.95,101,0
2015-01-23,15:50:00,23.99,23.99,23.95,23.95,503,0
2015-01-23,16:20:00,23.98,23.98,23.98,23.98,302,0
2015-01-23,16:25:00,23.98,24.02,23.98,24.02,1438,0
2015-01-23,16:45:00,23.99,23.99,23.99,23.99,101,0
2015-01-23,16:50:00,23.95,23.95,23.95,23.95,604,0
2015-01-23,16:55:00,23.941,23.941,23.941,23.941,201,0
2015-01-23,17:20:00,23.95,23.95,23.95,23.95,503,0
2015-01-23,17:25:00,23.941,23.941,23.941,23.941,201,0
2015-01-23,17:35:00,23.941,23.941,23.941,23.941,101,0
2015-01-23,17:40:00,23.95,23.95,23.95,23.95,101,0
2015-01-23,18:00:00,23.95,23.95,23.95,23.95,403,0
2015-01-23,18:05:00,23.941,23.96,23.941,23.96,1107,0
2015-01-23,18:20:00,23.96,23.97,23.96,23.97,604,0
2015-01-23,18:25:00,23.95,23.95,23.95,23.95,201,0
2015-01-23,18:55:00,23.96,23.96,23.941,23.95,1510,0
2015-01-23,19:10:00,23.941,23.941,23.941,23.941,1680,0
2015-01-23,19:20:00,23.921,23.921,23.921,23.921,1107,0
2015-01-23,19:40:00,23.911,23.911,23.901,23.901,1409,0
2015-01-23,20:15:00,23.911,23.911,23.911,23.911,1007,0
2015-01-23,20:20:00,23.901,23.901,23.901,23.901,2114,0
2015-01-23,20:30:00,23.911,23.911,23.911,23.911,1611,0
2015-01-23,20:40:00,23.931,23.99,23.931,23.99,805,0
2015-01-23,20:55:00,23.98,23.99,23.96,23.99,705,0
2015-01-23,21:55:00,23.98,23.98,23.98,23.98,201,0
2015-01-23,22:00:00,23.95,23.98,23.95,23.98,503,0
2015-01-26,15:35:00,24.07,24.07,24.03,24.03,806,0
2015-01-26,15:40:00,23.99,24.04,23.99,23.99,1913,0
2015-01-26,15:55:00,24.03,24.03,24.03,24.03,240,0
2015-01-26,16:00:00,24.01,24.04,24.01,24.04,1381,0
2015-01-26,16:05:00,24.03,24.04,24.03,24.04,3423,0
2015-01-26,16:10:00,24.04,24.04,24.04,24.04,101,0
2015-01-26,16:15:00,24.04,24.04,24.01,24.01,705,0
2015-01-26,16:20:00,24.03,24.03,24.03,24.03,1236,0
2015-01-26,16:45:00,24.04,24.04,24.04,24.04,302,0
2015-01-26,17:00:00,24.04,24.04,24.04,24.04,101,0
2015-01-26,17:05:00,24.04,24.04,24.04,24.04,3322,0
2015-01-26,17:10:00,24.03,24.03,24.03,24.03,1535,0
2015-01-26,17:45:00,24.03,24.03,24.03,24.03,101,0
2015-01-26,17:55:00,24.03,24.03,24.03,24.03,584,0
2015-01-26,18:30:00,24.01,24.01,24.01,24.01,503,0
2015-01-26,18:45:00,24.01,24.01,24.01,24.01,201,0
2015-01-26,19:00:00,24.03,24.07,24.03,24.04,1208,0
2015-01-26,19:05:00,24.04,24.04,24.01,24.01,1158,0
2015-01-26,19:30:00,24.01,24.03,24.01,24.03,700,0
2015-01-26,20:00:00,24.02,24.02,24.01,24.01,7670,0
2015-01-26,20:15:00,24.02,24.02,24.02,24.02,503,0
2015-01-26,20:30:00,24.02,24.02,24,24.01,1711,0
2015-01-26,20:35:00,24,24,24,24,403,0
2015-01-26,20:45:00,24.01,24.01,24.01,24.01,101,0
2015-01-26,21:15:00,24.01,24.01,24.01,24.01,604,0
2015-01-26,21:20:00,24.02,24.02,24.02,24.02,403,0
2015-01-26,21:25:00,24.02,24.02,24.02,24.02,2469,0
2015-01-26,21:40:00,24.02,24.02,24.02,24.02,101,0
2015-01-26,21:55:00,24.02,24.02,24.02,24.02,201,0
2015-01-26,22:00:00,24.02,24.03,24.01,24.03,1236,0
2015-01-27,15:40:00,24.06,24.07,24.06,24.07,2316,0
2015-01-27,15:45:00,24.07,24.139,24.07,24.07,2786,0
2015-01-27,15:50:00,24.08,24.08,24.08,24.08,383,0
2015-01-27,15:55:00,24.139,24.169,24.139,24.169,403,0
2015-01-27,16:00:00,24.189,24.199,24.189,24.199,1059,0
2015-01-27,16:05:00,24.199,24.248,24.199,24.248,11235,0
2015-01-27,16:10:00,24.239,24.239,24.239,24.239,323,0
2015-01-27,16:15:00,24.258,24.258,24.258,24.258,101,0
2015-01-27,16:20:00,24.099,24.099,24.099,24.099,101,0
2015-01-27,16:25:00,24.099,24.248,24.099,24.248,906,0
2015-01-27,16:30:00,24.149,24.248,24.149,24.199,1008,0
2015-01-27,16:35:00,24.179,24.179,24.149,24.149,202,0
2015-01-27,16:40:00,24.179,24.179,24.179,24.179,403,0
2015-01-27,16:45:00,24.169,24.169,24.169,24.169,503,0
2015-01-27,16:55:00,24.189,24.189,24.139,24.139,202,0
2015-01-27,17:00:00,24.179,24.179,24.169,24.169,434,0
2015-01-27,17:05:00,24.179,24.189,24.179,24.189,505,0
2015-01-27,17:25:00,24.189,24.189,24.189,24.189,606,0
2015-01-27,17:45:00,24.179,24.179,24.179,24.179,101,0
2015-01-27,17:50:00,24.109,24.109,24.099,24.099,1209,0
2015-01-27,17:55:00,24.109,24.109,24.109,24.109,604,0
2015-01-27,18:00:00,24.119,24.139,24.109,24.139,907,0
2015-01-27,18:05:00,24.099,24.169,23.97,24.169,1422,0
2015-01-27,18:40:00,24.159,24.159,24.159,24.159,503,0
2015-01-27,18:45:00,24.149,24.149,24.149,24.149,303,0
2015-01-27,19:00:00,24.159,24.159,24.159,24.159,159,0
2015-01-27,19:15:00,24.159,24.159,24.159,24.159,101,0
2015-01-27,19:30:00,24.149,24.149,24.149,24.149,505,0
2015-01-27,19:35:00,24.149,24.159,24.149,24.159,202,0
2015-01-27,19:40:00,24.159,24.159,24.159,24.159,303,0
2015-01-27,19:45:00,24.169,24.179,24.169,24.179,403,0
2015-01-27,19:50:00,24.159,24.159,24.149,24.149,655,0
2015-01-27,19:55:00,24.179,24.179,24.179,24.179,402,0
2015-01-27,20:00:00,24.179,24.199,24.179,24.199,1966,0
2015-01-27,20:05:00,24.199,24.199,24.199,24.199,705,0
2015-01-27,20:10:00,24.199,24.199,24.199,24.199,932,0
2015-01-27,20:15:00,24.199,24.199,24.199,24.199,1006,0
2015-01-27,20:20:00,24.01,24.199,24.01,24.199,907,0
2015-01-27,20:25:00,24.199,24.209,24.199,24.209,833,0
2015-01-27,20:30:00,24.417,24.417,24.407,24.407,1005,0
2015-01-27,20:35:00,24.427,24.427,24.417,24.417,505,0
2015-01-27,20:40:00,24.417,24.417,24.348,24.397,1206,0
2015-01-27,20:45:00,24.427,24.427,24.427,24.427,1233,0
2015-01-27,20:50:00,24.427,24.427,24.427,24.427,754,0
2015-01-27,20:55:00,24.427,24.427,24.427,24.427,822,0
2015-01-27,21:00:00,24.417,24.417,24.368,24.407,1570,0
2015-01-27,21:05:00,24.417,24.417,24.397,24.397,930,0
2015-01-27,21:10:00,24.397,24.397,24.397,24.397,404,0
2015-01-27,21:15:00,24.397,24.397,24.397,24.397,303,0
2015-01-27,21:20:00,24.397,24.417,24.397,24.417,505,0
2015-01-27,21:25:00,24.417,24.417,24.417,24.417,404,0
2015-01-27,21:30:00,24.417,24.427,24.417,24.417,505,0
2015-01-27,21:35:00,24.417,24.437,24.328,24.328,2014,0
2015-01-27,21:40:00,24.288,24.288,24.288,24.288,505,0
2015-01-27,21:45:00,24.338,24.368,24.288,24.368,3727,0
2015-01-27,21:50:00,24.368,24.368,24.368,24.368,1015,0
2015-01-27,21:55:00,24.368,24.397,24.338,24.338,1816,0
2015-01-27,22:00:00,24.338,24.338,24.248,24.248,1625,0
2015-01-28,15:35:00,24.258,24.388,24.258,24.388,707,0
2015-01-28,16:00:00,24.308,24.308,24.308,24.308,101,0
2015-01-28,16:05:00,24.338,24.338,24.338,24.338,181,0
2015-01-28,16:15:00,24.298,24.298,24.298,24.298,503,0
2015-01-28,16:20:00,24.338,24.338,24.338,24.338,402,0
2015-01-28,17:00:00,24.258,24.258,24.209,24.209,1111,0
2015-01-28,17:05:00,24.189,24.189,24.189,24.189,202,0
2015-01-28,17:15:00,24.139,24.219,24.139,24.219,1210,0
2015-01-28,17:30:00,24.179,24.179,24.179,24.179,101,0
2015-01-28,17:40:00,24.169,24.169,24.169,24.169,202,0
2015-01-28,17:50:00,24.139,24.229,24.139,24.139,1160,0
2015-01-28,17:55:00,24.149,24.149,24.149,24.149,4530,0
2015-01-28,18:15:00,24.169,24.169,24.169,24.169,202,0
2015-01-28,18:25:00,24.169,24.169,24.169,24.169,202,0
2015-01-28,18:30:00,24.169,24.169,24.169,24.169,101,0
2015-01-28,18:35:00,24.169,24.179,24.149,24.149,1914,0
2015-01-28,18:40:00,24.149,24.149,24.149,24.149,101,0
2015-01-28,18:45:00,24.149,24.149,24.149,24.149,101,0
2015-01-28,18:50:00,24.159,24.159,24.149,24.149,2900,0
2015-01-28,18:55:00,24.149,24.149,24.149,24.149,101,0
2015-01-28,19:00:00,24.149,24.149,24.149,24.149,202,0
2015-01-28,19:15:00,24.219,24.288,24.199,24.288,5136,0
2015-01-28,19:25:00,24.288,24.368,24.278,24.338,4810,0
2015-01-28,19:30:00,24.338,24.338,24.338,24.338,403,0
2015-01-28,19:35:00,24.338,24.338,24.338,24.338,604,0
2015-01-28,20:00:00,24.368,24.368,24.368,24.368,402,0
2015-01-28,20:25:00,24.368,24.368,24.368,24.368,906,0
2015-01-28,20:40:00,24.358,24.358,24.328,24.328,403,0
2015-01-28,20:50:00,24.288,24.298,24.278,24.278,635,0
2015-01-28,21:20:00,24.278,24.278,24.278,24.278,201,0
2015-01-28,21:25:00,24.278,24.278,24.278,24.278,205,0
2015-01-28,21:30:00,24.278,24.278,24.278,24.278,202,0
2015-01-28,21:45:00,24.298,24.298,24.298,24.298,804,0
2015-01-28,21:50:00,24.298,24.308,24.298,24.308,604,0
2015-01-28,21:55:00,24.338,24.338,24.308,24.308,613,0
2015-01-29,16:00:00,24.308,24.308,24.308,24.308,433,0
2015-01-29,16:05:00,24.248,24.248,24.248,24.248,504,0
2015-01-29,16:10:00,24.229,24.239,24.199,24.199,807,0
2015-01-29,16:15:00,24.189,24.189,24.189,24.189,303,0
2015-01-29,16:20:00,24.169,24.169,24.169,24.169,303,0
2015-01-29,16:30:00,24.229,24.229,24.229,24.229,101,0
2015-01-29,16:35:00,24.229,24.258,24.229,24.258,807,0
2015-01-29,16:40:00,24.258,24.258,24.258,24.258,101,0
2015-01-29,16:45:00,24.268,24.288,24.268,24.278,1712,0
2015-01-29,16:50:00,24.278,24.288,24.278,24.288,403,0
2015-01-29,16:55:00,24.288,24.417,24.288,24.288,1209,0
2015-01-29,17:00:00,24.288,24.298,24.288,24.298,1508,0
2015-01-29,17:15:00,24.248,24.248,24.248,24.248,303,0
2015-01-29,17:20:00,24.288,24.288,24.288,24.288,101,0
2015-01-29,17:25:00,24.248,24.248,24.229,24.229,706,0
2015-01-29,17:30:00,24.229,24.229,24.229,24.229,503,0
2015-01-29,17:55:00,24.288,24.288,24.288,24.288,101,0
2015-01-29,18:30:00,24.258,24.258,24.258,24.258,411,0
2015-01-29,18:40:00,24.278,24.278,24.278,24.278,101,0
2015-01-29,18:55:00,24.318,24.318,24.318,24.318,101,0
2015-01-29,19:00:00,24.338,24.338,24.338,24.338,202,0
2015-01-29,19:05:00,24.338,24.338,24.338,24.338,101,0
2015-01-29,19:10:00,24.338,24.348,24.338,24.348,705,0
2015-01-29,19:15:00,24.348,24.348,24.348,24.348,202,0
2015-01-29,19:20:00,24.348,24.348,24.348,24.348,202,0
2015-01-29,19:25:00,24.348,24.348,24.348,24.348,202,0
2015-01-29,19:30:00,24.348,24.348,24.348,24.348,907,0
2015-01-29,19:35:00,24.348,24.348,24.348,24.348,202,0
2015-01-29,19:40:00,24.348,24.348,24.348,24.348,604,0
2015-01-29,19:45:00,24.348,24.368,24.348,24.368,2682,0
2015-01-29,19:50:00,24.378,24.397,24.378,24.378,2216,0
2015-01-29,19:55:00,24.447,24.447,24.427,24.427,404,0
2015-01-29,20:00:00,24.417,24.427,24.397,24.397,4101,0
2015-01-29,20:05:00,24.417,24.427,24.397,24.397,2115,0
2015-01-29,20:10:00,24.427,24.427,24.397,24.397,808,0
2015-01-29,20:20:00,24.407,24.407,24.407,24.407,359,0
2015-01-29,20:25:00,24.417,24.427,24.397,24.397,1509,0
2015-01-29,20:30:00,24.427,24.447,24.397,24.447,1915,0
2015-01-29,20:35:00,24.437,24.437,24.437,24.437,202,0
2015-01-29,20:40:00,24.427,24.427,24.427,24.427,202,0
2015-01-29,20:50:00,24.407,24.407,24.407,24.407,101,0
2015-01-29,20:55:00,24.427,24.427,24.427,24.427,303,0
2015-01-29,21:00:00,24.407,24.407,24.407,24.407,807,0
2015-01-29,21:10:00,24.378,24.427,24.378,24.427,706,0
2015-01-29,21:15:00,24.407,24.407,24.378,24.378,1209,0
2015-01-29,21:20:00,24.407,24.407,24.407,24.407,101,0
2015-01-29,21:25:00,24.437,24.437,24.397,24.397,504,0
2015-01-29,21:30:00,24.437,24.447,24.437,24.447,303,0
2015-01-29,21:35:00,24.447,24.447,24.447,24.447,504,0
2015-01-29,21:40:00,24.447,24.447,24.447,24.447,101,0
2015-01-29,21:45:00,24.447,24.487,24.447,24.487,3425,0
2015-01-29,21:50:00,24.507,24.507,24.477,24.487,1010,0
2015-01-29,21:55:00,24.487,24.566,24.487,24.497,4433,0
2015-01-29,22:00:00,24.517,24.546,24.477,24.546,1816,0
2015-01-30,15:35:00,24.517,24.566,24.358,24.358,3878,0
2015-01-30,15:55:00,24.497,24.497,24.497,24.497,101,0
2015-01-30,16:05:00,24.417,24.437,24.417,24.437,787,0
2015-01-30,16:10:00,24.417,24.417,24.378,24.378,302,0
2015-01-30,16:15:00,24.378,24.378,24.378,24.378,101,0
2015-01-30,16:20:00,24.368,24.368,24.368,24.368,303,0
2015-01-30,16:25:00,24.358,24.358,24.358,24.358,606,0
2015-01-30,17:15:00,24.348,24.348,24.348,24.348,202,0
2015-01-30,17:20:00,24.348,24.348,24.348,24.348,370,0
2015-01-30,17:50:00,24.388,24.388,24.378,24.378,403,0
2015-01-30,17:55:00,24.338,24.338,24.338,24.338,503,0
2015-01-30,18:00:00,24.348,24.348,24.348,24.348,101,0
2015-01-30,18:25:00,24.328,24.328,24.328,24.328,294,0
2015-01-30,19:20:00,24.348,24.348,24.348,24.348,403,0
2015-01-30,19:25:00,24.358,24.358,24.358,24.358,303,0
2015-01-30,19:40:00,24.348,24.348,24.348,24.348,202,0
2015-01-30,19:45:00,24.348,24.388,24.348,24.348,1511,0
2015-01-30,19:50:00,24.348,24.388,24.348,24.388,403,0
2015-01-30,20:10:00,24.338,24.338,24.338,24.338,202,0
2015-01-30,20:40:00,24.378,24.388,24.378,24.388,1712,0
2015-01-30,20:45:00,24.388,24.407,24.388,24.407,604,0
2015-01-30,20:50:00,24.397,24.407,24.388,24.407,1309,0
2015-01-30,21:10:00,24.407,24.407,24.397,24.407,1017,0
2015-01-30,21:45:00,24.368,24.368,24.368,24.368,163,0
2015-01-30,21:55:00,24.397,24.407,24.397,24.407,606,0
2015-01-30,22:00:00,24.397,24.407,24.358,24.407,808,0
2015-02-02,15:35:00,24.467,24.467,24.467,24.467,5776,0
2015-02-02,15:40:00,24.437,24.437,24.388,24.397,605,0
2015-02-02,15:45:00,24.397,24.397,24.368,24.378,1009,0
2015-02-02,15:55:00,24.378,24.397,24.378,24.397,705,0
2015-02-02,16:00:00,24.417,24.457,24.378,24.457,3238,0
2015-02-02,16:05:00,24.477,24.477,24.437,24.437,1414,0
2015-02-02,16:10:00,24.467,24.467,24.467,24.467,101,0
2015-02-02,16:15:00,24.477,24.477,24.407,24.477,1239,0
2015-02-02,16:20:00,24.407,24.407,24.407,24.407,101,0
2015-02-02,16:45:00,24.437,24.437,24.407,24.407,303,0
2015-02-02,16:50:00,24.427,24.427,24.397,24.407,606,0
2015-02-02,16:55:00,24.417,24.417,24.417,24.417,278,0
2015-02-02,17:00:00,24.417,24.417,24.407,24.407,808,0
2015-02-02,17:15:00,24.417,24.417,24.417,24.417,303,0
2015-02-02,17:20:00,24.417,24.417,24.417,24.417,606,0
2015-02-02,17:35:00,24.467,24.467,24.417,24.417,427,0
2015-02-02,18:25:00,24.457,24.457,24.457,24.457,101,0
2015-02-02,18:45:00,24.467,24.467,24.467,24.467,101,0
2015-02-02,19:10:00,24.457,24.457,24.457,24.457,111,0
2015-02-02,19:40:00,24.457,24.457,24.457,24.457,269,0
2015-02-02,20:00:00,24.457,24.457,24.457,24.457,290,0
2015-02-02,20:05:00,24.467,24.467,24.467,24.467,202,0
2015-02-02,20:30:00,24.477,24.477,24.477,24.477,202,0
2015-02-02,20:35:00,24.477,24.477,24.437,24.437,1108,0
2015-02-02,20:40:00,24.457,24.457,24.457,24.457,1510,0
2015-02-02,21:30:00,24.437,24.437,24.437,24.437,503,0
2015-02-02,21:40:00,24.447,24.447,24.447,24.447,101,0
2015-02-02,21:50:00,24.447,24.447,24.437,24.447,2073,0
2015-02-02,21:55:00,24.447,24.457,24.427,24.457,2014,0
2015-02-02,22:00:00,24.427,24.457,24.427,24.457,735,0
2015-02-03,15:40:00,24.457,24.457,24.457,24.457,303,0
2015-02-03,15:45:00,24.407,24.407,24.407,24.407,212,0
2015-02-03,15:50:00,24.407,24.407,24.388,24.388,303,0
2015-02-03,15:55:00,24.388,24.388,24.388,24.388,202,0
2015-02-03,16:00:00,24.378,24.378,24.378,24.378,101,0
2015-02-03,16:05:00,24.368,24.388,24.368,24.378,519,0
2015-02-03,16:10:00,24.427,24.427,24.427,24.427,463,0
2015-02-03,16:20:00,24.368,24.407,24.368,24.407,202,0
2015-02-03,16:25:00,24.368,24.397,24.368,24.368,1312,0
2015-02-03,16:30:00,24.368,24.368,24.358,24.358,404,0
2015-02-03,16:35:00,24.338,24.338,24.338,24.338,302,0
2015-02-03,16:40:00,24.348,24.358,24.338,24.338,1422,0
2015-02-03,16:45:00,24.338,24.338,24.338,24.338,101,0
2015-02-03,16:50:00,24.338,24.338,24.338,24.338,1767,0
2015-02-03,16:55:00,24.378,24.378,24.378,24.378,101,0
2015-02-03,17:00:00,24.348,24.348,24.338,24.338,707,0
2015-02-03,17:05:00,24.338,24.338,24.328,24.328,944,0
2015-02-03,17:10:00,24.328,24.328,24.318,24.318,1611,0
2015-02-03,17:15:00,24.338,24.338,24.338,24.338,202,0
2015-02-03,17:25:00,24.378,24.378,24.378,24.378,101,0
2015-02-03,17:30:00,24.378,24.378,24.378,24.378,101,0
2015-02-03,17:40:00,24.378,24.378,24.378,24.378,202,0
2015-02-03,17:45:00,24.358,24.397,24.358,24.397,1009,0
2015-02-03,17:50:00,24.397,24.397,24.358,24.358,3334,0
2015-02-03,18:05:00,24.338,24.338,24.328,24.328,303,0
2015-02-03,18:10:00,24.318,24.318,24.318,24.318,101,0
2015-02-03,18:15:00,24.318,24.318,24.318,24.318,101,0
2015-02-03,18:20:00,24.328,24.328,24.328,24.328,101,0
2015-02-03,18:25:00,24.318,24.318,24.308,24.308,504,0
2015-02-03,18:30:00,24.308,24.308,24.308,24.308,101,0
2015-02-03,18:35:00,24.308,24.308,24.308,24.308,404,0
2015-02-03,18:45:00,24.308,24.308,24.308,24.308,404,0
2015-02-03,18:50:00,24.338,24.338,24.338,24.338,101,0
2015-02-03,18:55:00,24.338,24.338,24.338,24.338,206,0
2015-02-03,19:05:00,24.338,24.338,24.338,24.338,101,0
2015-02-03,19:15:00,24.338,24.338,24.338,24.338,101,0
2015-02-03,19:20:00,24.338,24.338,24.308,24.328,2666,0
2015-02-03,19:25:00,24.338,24.338,24.338,24.338,101,0
2015-02-03,19:30:00,24.328,24.328,24.328,24.328,303,0
2015-02-03,19:35:00,24.338,24.338,24.338,24.338,1209,0
2015-02-03,19:40:00,24.318,24.318,24.318,24.318,526,0
2015-02-03,19:45:00,24.338,24.338,24.338,24.338,101,0
2015-02-03,19:50:00,24.308,24.308,24.278,24.278,978,0
2015-02-03,20:05:00,24.318,24.328,24.318,24.328,1007,0
2015-02-03,20:10:00,24.328,24.328,24.328,24.328,101,0
2015-02-03,20:15:00,24.318,24.318,24.318,24.318,202,0
2015-02-03,20:20:00,24.338,24.338,24.328,24.328,606,0
2015-02-03,20:35:00,24.328,24.328,24.328,24.328,202,0
2015-02-03,20:45:00,24.328,24.328,24.288,24.298,1363,0
2015-02-03,20:55:00,24.318,24.318,24.318,24.318,1414,0
2015-02-03,21:00:00,24.318,24.318,24.318,24.318,1107,0
2015-02-03,21:05:00,24.318,24.318,24.288,24.288,1823,0
2015-02-03,21:10:00,24.318,24.318,24.318,24.318,504,0
2015-02-03,21:15:00,24.308,24.328,24.308,24.328,303,0
2015-02-03,21:20:00,24.328,24.328,24.328,24.328,101,0
2015-02-03,21:25:00,24.338,24.338,24.338,24.338,517,0
2015-02-03,21:30:00,24.338,24.338,24.338,24.338,101,0
2015-02-03,21:35:00,24.328,24.328,24.328,24.328,101,0
2015-02-03,21:40:00,24.318,24.318,24.318,24.318,303,0
2015-02-03,21:50:00,24.328,24.328,24.328,24.328,202,0
2015-02-03,21:55:00,24.338,24.338,24.338,24.338,1919,0
2015-02-03,22:00:00,24.338,24.338,24.318,24.328,806,0
2015-02-04,15:50:00,24.328,24.338,24.318,24.318,504,0
2015-02-04,16:00:00,24.278,24.278,24.278,24.278,900,0
2015-02-04,16:05:00,24.278,24.288,24.229,24.229,3223,0
2015-02-04,16:10:00,24.229,24.229,24.229,24.229,202,0
2015-02-04,16:15:00,24.229,24.229,24.229,24.229,496,0
2015-02-04,16:25:00,24.239,24.239,24.239,24.239,101,0
2015-02-04,16:30:00,24.229,24.229,24.229,24.229,705,0
2015-02-04,16:35:00,24.219,24.219,24.199,24.219,1200,0
2015-02-04,16:40:00,24.229,24.239,24.219,24.239,806,0
2015-02-04,17:00:00,24.199,24.199,24.199,24.199,202,0
2015-02-04,17:05:00,24.189,24.189,24.179,24.179,807,0
2015-02-04,17:15:00,24.179,24.179,24.179,24.179,101,0
2015-02-04,17:25:00,24.179,24.189,24.179,24.189,4027,0
2015-02-04,17:30:00,24.179,24.179,24.179,24.179,101,0
2015-02-04,17:40:00,24.179,24.179,24.179,24.179,202,0
2015-02-04,17:50:00,24.179,24.179,24.179,24.179,616,0
2015-02-04,17:55:00,24.179,24.179,24.179,24.179,201,0
2015-02-04,18:05:00,24.179,24.179,24.179,24.179,201,0
2015-02-04,18:15:00,24.179,24.179,24.179,24.179,201,0
2015-02-04,18:30:00,24.179,24.179,24.179,24.179,402,0
2015-02-04,18:40:00,24.179,24.179,24.179,24.179,201,0
2015-02-04,18:45:00,24.179,24.179,24.179,24.179,635,0
2015-02-04,18:50:00,24.179,24.179,24.179,24.179,201,0
2015-02-04,18:55:00,24.179,24.179,24.179,24.179,302,0
2015-02-04,19:00:00,24.179,24.179,24.179,24.179,1490,0
2015-02-04,19:15:00,24.169,24.169,24.169,24.169,202,0
2015-02-04,19:25:00,24.159,24.159,24.159,24.159,302,0
2015-02-04,19:40:00,24.159,24.159,24.159,24.159,302,0
2015-02-04,19:55:00,24.149,24.159,24.149,24.159,504,0
2015-02-04,20:10:00,24.149,24.159,24.149,24.159,885,0
2015-02-04,20:20:00,24.139,24.139,24.139,24.139,403,0
2015-02-04,20:30:00,24.149,24.149,24.129,24.129,805,0
2015-02-04,20:35:00,24.129,24.129,24.129,24.129,808,0
2015-02-04,20:40:00,24.109,24.109,24.109,24.109,124,0
2015-02-04,20:45:00,24.109,24.109,24.109,24.109,402,0
2015-02-04,20:55:00,24.109,24.109,24.109,24.109,312,0
2015-02-04,21:05:00,24.09,24.09,24.09,24.09,734,0
2015-02-04,21:10:00,24.09,24.09,24.09,24.09,302,0
2015-02-04,21:20:00,24.09,24.09,24.09,24.09,302,0
2015-02-04,21:30:00,24.099,24.099,24.099,24.099,416,0
2015-02-04,21:35:00,24.119,24.159,24.119,24.159,7186,0
2015-02-04,21:40:00,24.109,24.109,24.109,24.109,202,0
2015-02-04,21:45:00,24.119,24.119,24.109,24.109,202,0
2015-02-04,21:55:00,24.09,24.119,24.09,24.099,1007,0
2015-02-04,22:00:00,24.109,24.139,24.09,24.139,2298,0
2015-02-05,15:35:00,24.03,24.08,23.95,24.05,5192,0
2015-02-05,15:40:00,24.109,24.109,24.109,24.109,101,0
2015-02-05,15:45:00,24.099,24.099,24.06,24.07,909,0
2015-02-05,15:50:00,24.07,24.08,24.07,24.08,404,0
2015-02-05,15:55:00,24.08,24.08,24.08,24.08,303,0
2015-02-05,16:00:00,24.08,24.08,24.08,24.08,403,0
2015-02-05,16:05:00,24.08,24.08,24.08,24.08,101,0
2015-02-05,16:10:00,24.07,24.07,24.07,24.07,505,0
2015-02-05,16:35:00,24.08,24.08,24.07,24.07,1913,0
2015-02-05,16:40:00,24.07,24.07,24.07,24.07,303,0
2015-02-05,16:45:00,24.07,24.07,24.07,24.07,101,0
2015-02-05,16:50:00,24.07,24.07,24.07,24.07,402,0
2015-02-05,17:00:00,24.03,24.03,24.03,24.03,505,0
2015-02-05,17:15:00,24.06,24.09,24.06,24.09,5234,0
2015-02-05,17:25:00,24.06,24.06,24.06,24.06,603,0
2015-02-05,17:40:00,24.06,24.09,24.06,24.09,303,0
2015-02-05,17:45:00,24.08,24.08,24.05,24.05,1746,0
2015-02-05,17:50:00,24.05,24.08,24.01,24.01,3484,0
2015-02-05,18:15:00,24.02,24.02,24.02,24.02,678,0
2015-02-05,18:20:00,24.06,24.06,24.06,24.06,202,0
2015-02-05,18:25:00,24.07,24.07,24.07,24.07,124,0
2015-02-05,18:30:00,24.02,24.02,24.02,24.02,101,0
2015-02-05,18:35:00,24.02,24.07,24.02,24.06,610,0
2015-02-05,18:55:00,24.08,24.08,24.08,24.08,404,0
2015-02-05,19:05:00,24.03,24.03,23.98,23.98,2416,0
2015-02-05,19:10:00,24.05,24.05,24.05,24.05,101,0
2015-02-05,19:20:00,24.04,24.04,24.04,24.04,505,0
2015-02-05,19:35:00,24.03,24.03,24.03,24.03,397,0
2015-02-05,19:40:00,24.03,24.03,24.03,24.03,101,0
2015-02-05,19:45:00,24.03,24.03,24.01,24.01,202,0
2015-02-05,19:50:00,24.03,24.04,24.03,24.04,905,0
2015-02-05,20:00:00,24.02,24.02,24.02,24.02,202,0
2015-02-05,20:05:00,24.02,24.02,24.02,24.02,101,0
2015-02-05,20:10:00,24.02,24.02,24.02,24.02,202,0
2015-02-05,20:15:00,24.03,24.03,24.03,24.03,505,0
2015-02-05,20:20:00,24.02,24.02,24.02,24.02,101,0
2015-02-05,20:25:00,24.02,24.02,24,24,2115,0
2015-02-05,20:35:00,24.01,24.02,24.01,24.02,303,0
2015-02-05,20:40:00,24.02,24.02,24.02,24.02,101,0
2015-02-05,20:45:00,24.02,24.02,24.02,24.02,101,0
2015-02-05,20:50:00,24.01,24.01,24.01,24.01,101,0
2015-02-05,20:55:00,24.01,24.01,24.01,24.01,303,0
2015-02-05,21:05:00,24.02,24.02,24.02,24.02,202,0
2015-02-05,21:10:00,24.02,24.02,24.01,24.01,404,0
2015-02-05,21:20:00,24.01,24.04,24,24,1964,0
2015-02-05,21:25:00,24.01,24.01,24.01,24.01,101,0
2015-02-05,21:30:00,24.02,24.06,24.02,24.06,2001,0
2015-02-05,21:35:00,24.03,24.03,24.02,24.02,505,0
2015-02-05,21:40:00,24.02,24.02,24.02,24.02,101,0
2015-02-05,21:45:00,24,24.01,24,24.01,707,0
2015-02-05,21:50:00,24,24.03,24,24.01,907,0
2015-02-05,21:55:00,23.99,24,23.99,24,303,0
2015-02-05,22:00:00,23.99,24.02,23.99,24,505,0
2015-02-06,16:05:00,24.02,24.149,23.95,24.099,13960,0
2015-02-06,16:10:00,24.119,24.119,23.891,23.96,18882,0
2015-02-06,16:15:00,23.921,23.921,23.921,23.921,404,0
2015-02-06,16:20:00,23.921,23.921,23.921,23.921,101,0
2015-02-06,16:25:00,23.921,23.921,23.921,23.921,101,0
2015-02-06,16:35:00,23.921,23.99,23.921,23.99,1211,0
2015-02-06,16:45:00,23.921,24.01,23.921,24.01,1714,0
2015-02-06,16:50:00,24,24,23.99,24,1515,0
2015-02-06,16:55:00,24,24.04,24,24.04,888,0
2015-02-06,17:00:00,23.99,23.99,23.99,23.99,202,0
2015-02-06,17:05:00,23.99,23.99,23.99,23.99,202,0
2015-02-06,17:10:00,23.99,23.99,23.99,23.99,101,0
2015-02-06,17:20:00,23.97,23.97,23.97,23.97,202,0
2015-02-06,17:25:00,23.97,23.97,23.97,23.97,101,0
2015-02-06,17:30:00,23.97,23.97,23.96,23.96,303,0
2015-02-06,17:40:00,23.941,23.941,23.941,23.941,202,0
2015-02-06,17:50:00,23.941,23.941,23.941,23.941,2013,0
2015-02-06,19:20:00,23.921,23.921,23.921,23.921,202,0
2015-02-06,19:25:00,23.921,23.921,23.921,23.921,132,0
2015-02-06,19:35:00,23.911,23.97,23.911,23.97,2719,0
2015-02-06,19:40:00,23.97,23.98,23.97,23.98,1309,0
2015-02-06,19:55:00,23.95,23.98,23.95,23.98,536,0
2015-02-06,20:15:00,23.95,24.01,23.95,24.01,755,0
2015-02-06,20:30:00,24.01,24.01,24.01,24.01,505,0
2015-02-06,20:40:00,23.99,23.99,23.99,23.99,202,0
2015-02-06,20:45:00,24,24,23.97,23.97,1158,0
2015-02-06,20:50:00,23.97,23.97,23.97,23.97,1307,0
2015-02-06,21:10:00,23.99,23.99,23.99,23.99,101,0
2015-02-06,21:30:00,23.99,24.02,23.99,24.02,2219,0
2015-02-06,21:40:00,24.03,24.03,24.03,24.03,403,0
2015-02-06,21:45:00,24.04,24.04,24.04,24.04,422,0
2015-02-06,21:50:00,24.03,24.03,24.03,24.03,247,0
2015-02-06,21:55:00,24.04,24.04,24.04,24.04,202,0
2015-02-06,22:00:00,24.06,24.099,24.06,24.099,303,0
2015-02-09,15:35:00,23.911,23.931,23.911,23.931,908,0
2015-02-09,15:40:00,24.02,24.02,24.01,24.01,202,0
2015-02-09,15:45:00,24.04,24.04,24.03,24.03,1107,0
2015-02-09,15:55:00,24.02,24.02,24.02,24.02,101,0
2015-02-09,16:00:00,24.01,24.01,24.01,24.01,202,0
2015-02-09,16:05:00,24,24,24,24,101,0
2015-02-09,16:10:00,24.01,24.01,24.01,24.01,101,0
2015-02-09,16:30:00,24.01,24.01,24.01,24.01,202,0
2015-02-09,16:35:00,24.01,24.01,24.01,24.01,101,0
2015-02-09,16:45:00,24,24,24,24,101,0
2015-02-09,16:50:00,24,24,24,24,101,0
2015-02-09,17:15:00,24,24,23.99,23.99,621,0
2015-02-09,17:25:00,24,24,23.99,23.99,605,0
2015-02-09,17:30:00,23.98,23.98,23.98,23.98,1007,0
2015-02-09,17:35:00,24,24.05,24,24.05,720,0
2015-02-09,17:55:00,24.05,24.05,24.05,24.05,3182,0
2015-02-09,18:00:00,24.05,24.05,24.05,24.05,2409,0
2015-02-09,19:40:00,24.08,24.08,24.08,24.08,5286,0
2015-02-09,20:55:00,24.06,24.109,24.05,24.109,3323,0
2015-02-09,21:35:00,24.109,24.209,24.109,24.179,2617,0
2015-02-09,21:50:00,24.189,24.189,24.189,24.189,2015,0
2015-02-09,22:00:00,24.209,24.209,24.209,24.209,311,0
2015-02-10,16:20:00,24.189,24.189,24.189,24.189,606,0
2015-02-10,17:00:00,24.189,24.189,24.189,24.189,4830,0
2015-02-10,17:45:00,24.179,24.189,24.179,24.189,3285,0
2015-02-10,17:55:00,24.189,24.189,24.139,24.139,2417,0
2015-02-10,18:15:00,24.189,24.189,24.189,24.189,3624,0
2015-02-10,18:20:00,24.199,24.199,24.199,24.199,403,0
2015-02-10,18:25:00,24.189,24.189,24.189,24.189,3523,0
2015-02-10,18:45:00,24.189,24.189,24.189,24.189,1510,0
2015-02-10,18:55:00,24.189,24.189,24.189,24.189,101,0
2015-02-10,19:30:00,24.189,24.189,24.189,24.189,3021,0
2015-02-10,21:15:00,24.189,24.189,24.189,24.189,6039,0
2015-02-10,21:45:00,24.189,24.189,24.189,24.189,906,0
2015-02-10,22:00:00,24.189,24.199,24.189,24.199,604,0
2015-02-11,15:55:00,24.149,24.149,24.099,24.099,1008,0
2015-02-11,16:10:00,24.139,24.149,24.119,24.119,1210,0
2015-02-11,17:25:00,24.119,24.119,24.109,24.109,1411,0
2015-02-11,17:40:00,24.109,24.109,24.109,24.109,402,0
2015-02-11,18:10:00,24.139,24.139,24.139,24.139,518,0
2015-02-11,18:30:00,24.119,24.139,24.119,24.139,302,0
2015-02-11,19:05:00,24.129,24.129,24.119,24.119,353,0
2015-02-11,19:10:00,24.129,24.129,24.05,24.129,2920,0
2015-02-11,20:05:00,24.08,24.08,24.08,24.08,505,0
2015-02-11,20:15:00,24.07,24.07,24.07,24.07,303,0
2015-02-11,20:25:00,24.08,24.08,24.08,24.08,1813,0
2015-02-11,20:35:00,24.05,24.05,24.05,24.05,604,0
2015-02-11,20:50:00,24.05,24.05,24.05,24.05,403,0
2015-02-11,20:55:00,24.06,24.06,24.06,24.06,505,0
2015-02-11,21:00:00,24.06,24.07,24.06,24.07,1212,0
2015-02-11,21:10:00,24.05,24.05,24.05,24.05,806,0
2015-02-11,21:30:00,24.06,24.09,24.05,24.09,1645,0
2015-02-11,21:35:00,24.09,24.09,24.09,24.09,302,0
2015-02-11,21:40:00,24.09,24.09,24.05,24.05,505,0
2015-02-11,21:45:00,24.05,24.09,24.05,24.09,756,0
2015-02-11,21:50:00,24.05,24.05,24.05,24.05,605,0
2015-02-11,21:55:00,24.05,24.05,24.05,24.05,303,0
2015-02-11,22:00:00,24.05,24.05,24.04,24.04,303,0
2015-02-12,15:35:00,24.149,24.149,24.149,24.149,202,0
2015-02-12,16:20:00,24.05,24.09,24.05,24.09,717,0
2015-02-12,16:25:00,24.06,24.099,24.06,24.099,681,0
2015-02-12,16:35:00,24.09,24.09,24.09,24.09,925,0
2015-02-12,16:40:00,24.06,24.06,24.06,24.06,202,0
2015-02-12,16:45:00,24.05,24.05,24.05,24.05,509,0
2015-02-12,17:10:00,24.07,24.09,24.07,24.09,202,0
2015-02-12,17:20:00,24.099,24.099,24.099,24.099,202,0
2015-02-12,18:20:00,24.099,24.099,24.099,24.099,303,0
2015-02-12,18:50:00,24.099,24.099,24.099,24.099,202,0
2015-02-12,18:55:00,24.099,24.099,24.099,24.099,303,0
2015-02-12,19:10:00,24.099,24.099,24.09,24.09,1641,0
2015-02-12,19:20:00,24.099,24.099,24.09,24.09,504,0
2015-02-12,19:25:00,24.099,24.099,24.09,24.09,1918,0
2015-02-12,19:30:00,24.099,24.109,24.099,24.109,2468,0
2015-02-12,19:50:00,24.09,24.09,24.09,24.09,604,0
2015-02-12,20:05:00,24.099,24.099,24.099,24.099,503,0
2015-02-12,20:15:00,24.09,24.09,24.09,24.09,705,0
2015-02-12,20:20:00,24.09,24.09,24.07,24.07,771,0
2015-02-12,20:25:00,24.099,24.099,24.099,24.099,4133,0
2015-02-12,20:35:00,24.09,24.09,24.09,24.09,202,0
2015-02-12,20:40:00,24.099,24.099,24.08,24.08,302,0
2015-02-12,20:45:00,24.099,24.099,24.099,24.099,202,0
2015-02-12,20:50:00,24.109,24.109,24.109,24.109,202,0
2015-02-12,20:55:00,24.119,24.119,24.119,24.119,404,0
2015-02-12,21:05:00,24.109,24.119,24.109,24.109,909,0
2015-02-12,21:10:00,24.119,24.119,24.119,24.119,808,0
2015-02-12,21:15:00,24.099,24.099,24.099,24.099,706,0
2015-02-12,21:20:00,24.119,24.119,24.119,24.119,290,0
2015-02-12,21:25:00,24.139,24.139,24.129,24.129,705,0
2015-02-12,21:30:00,24.139,24.139,24.099,24.099,1211,0
2015-02-12,21:35:00,24.129,24.129,24.109,24.129,909,0
2015-02-12,21:40:00,24.139,24.139,24.119,24.139,1210,0
2015-02-12,21:45:00,24.139,24.139,24.129,24.129,505,0
2015-02-12,21:50:00,24.119,24.139,24.119,24.139,1211,0
2015-02-12,21:55:00,24.139,24.139,24.099,24.119,1110,0
2015-02-12,22:00:00,24.109,24.129,24.09,24.09,1954,0
2015-02-13,15:40:00,24.179,24.189,24.179,24.189,505,0
2015-02-13,15:45:00,24.139,24.159,24.139,24.159,504,0
2015-02-13,15:55:00,24.139,24.139,24.129,24.129,907,0
2015-02-13,16:05:00,24.119,24.119,24.119,24.119,101,0
2015-02-13,16:15:00,24.139,24.159,24.139,24.139,806,0
2015-02-13,16:30:00,24.119,24.119,24.119,24.119,101,0
2015-02-13,16:35:00,24.129,24.189,24.119,24.189,21703,0
2015-02-13,17:05:00,24.189,24.248,24.189,24.239,15244,0
2015-02-13,17:10:00,24.239,24.248,24.239,24.239,4633,0
2015-02-13,17:15:00,24.209,24.209,24.189,24.189,2819,0
2015-02-13,17:35:00,24.189,24.189,24.179,24.179,2065,0
2015-02-13,17:40:00,24.179,24.179,24.179,24.179,201,0
2015-02-13,17:45:00,24.229,24.229,24.229,24.229,3002,0
2015-02-13,17:50:00,24.179,24.229,24.179,24.229,1108,0
2015-02-13,18:00:00,24.229,24.229,24.179,24.179,1813,0
2015-02-13,18:30:00,24.189,24.189,24.189,24.189,201,0
2015-02-13,18:40:00,24.189,24.189,24.189,24.189,202,0
2015-02-13,18:50:00,24.189,24.189,24.189,24.189,404,0
2015-02-13,19:00:00,24.199,24.199,24.199,24.199,303,0
2015-02-13,19:05:00,24.189,24.189,24.189,24.189,503,0
2015-02-13,19:10:00,24.179,24.179,24.179,24.179,1612,0
2015-02-13,19:15:00,24.179,24.179,24.179,24.179,101,0
2015-02-13,19:20:00,24.179,24.179,24.179,24.179,303,0
2015-02-13,19:45:00,24.209,24.219,24.209,24.219,503,0
2015-02-13,19:55:00,24.209,24.209,24.209,24.209,201,0
2015-02-13,20:05:00,24.209,24.209,24.209,24.209,201,0
2015-02-13,20:10:00,24.209,24.209,24.209,24.209,332,0
2015-02-13,20:15:00,24.179,24.179,24.179,24.179,303,0
2015-02-13,20:25:00,24.169,24.169,24.159,24.159,1309,0
2015-02-13,20:35:00,24.169,24.169,24.169,24.169,101,0
2015-02-13,20:50:00,24.159,24.159,24.159,24.159,101,0
2015-02-13,20:55:00,24.159,24.159,24.159,24.159,202,0
2015-02-13,21:05:00,24.159,24.159,24.159,24.159,202,0
2015-02-13,21:10:00,24.159,24.159,24.159,24.159,2316,0
2015-02-13,21:15:00,24.149,24.149,24.149,24.149,202,0
2015-02-13,21:20:00,24.149,24.149,24.149,24.149,201,0
2015-02-13,21:25:00,24.169,24.169,24.169,24.169,103,0
2015-02-13,21:30:00,24.159,24.159,24.159,24.159,201,0
2015-02-13,21:35:00,24.149,24.149,24.149,24.149,404,0
2015-02-13,21:40:00,24.149,24.169,24.149,24.169,703,0
2015-02-13,21:45:00,24.169,24.169,24.169,24.169,303,0
2015-02-13,21:50:00,24.169,24.189,24.169,24.189,907,0
2015-02-13,21:55:00,24.169,24.169,24.169,24.169,460,0
2015-02-13,22:00:00,24.149,24.169,24.119,24.119,1836,0
2015-02-17,15:40:00,24.139,24.248,24.139,24.248,3122,0
2015-02-17,15:50:00,24.189,24.219,24.189,24.219,1123,0
2015-02-17,16:00:00,24.189,24.189,24.139,24.139,1008,0
2015-02-17,16:10:00,24.119,24.179,24.119,24.179,2921,0
2015-02-17,16:15:00,24.179,24.179,24.179,24.179,101,0
2015-02-17,16:25:00,24.119,24.119,24.119,24.119,706,0
2015-02-17,16:35:00,24.119,24.119,24.119,24.119,101,0
2015-02-17,16:50:00,24.119,24.119,24.119,24.119,202,0
2015-02-17,17:00:00,24.129,24.129,24.09,24.109,1739,0
2015-02-17,17:05:00,24.099,24.099,24.099,24.099,202,0
2015-02-17,17:10:00,24.099,24.099,24.099,24.099,303,0
2015-02-17,17:15:00,24.099,24.099,24.099,24.099,292,0
2015-02-17,17:20:00,24.139,24.139,24.109,24.109,1107,0
2015-02-17,17:30:00,24.109,24.109,24.09,24.09,606,0
2015-02-17,18:00:00,24.109,24.109,24.109,24.109,302,0
2015-02-17,18:10:00,24.109,24.109,24.099,24.099,403,0
2015-02-17,18:20:00,24.139,24.139,24.099,24.099,504,0
2015-02-17,18:35:00,24.099,24.099,24.09,24.09,303,0
2015-02-17,18:45:00,24.099,24.099,24.099,24.099,704,0
2015-02-17,18:55:00,24.09,24.139,24.08,24.139,11200,0
2015-02-17,19:00:00,24.08,24.109,24.08,24.109,2616,0
2015-02-17,19:10:00,24.06,24.06,24.06,24.06,504,0
2015-02-17,19:25:00,24.07,24.07,24.07,24.07,302,0
2015-02-17,19:35:00,24.06,24.06,24.06,24.06,504,0
2015-02-17,19:50:00,24.06,24.07,24.06,24.07,605,0
2015-02-17,19:55:00,24.06,24.06,24.06,24.06,605,0
2015-02-17,20:00:00,24.07,24.07,24.06,24.06,331,0
2015-02-17,20:05:00,24.07,24.07,24.07,24.07,705,0
2015-02-17,20:10:00,24.05,24.09,24.04,24.09,2316,0
2015-02-17,20:20:00,24.099,24.099,24.099,24.099,202,0
2015-02-17,20:40:00,24.06,24.06,24.06,24.06,686,0
2015-02-17,20:50:00,24.06,24.06,24.04,24.04,2218,0
2015-02-17,20:55:00,24.04,24.04,24.04,24.04,1637,0
2015-02-17,21:00:00,24.05,24.06,24.05,24.06,1109,0
2015-02-17,21:05:00,24.04,24.04,24.04,24.04,503,0
2015-02-17,21:10:00,24.08,24.08,24.08,24.08,1007,0
2015-02-17,21:25:00,24.04,24.04,24.04,24.04,1108,0
2015-02-17,21:35:00,24.03,24.03,24.03,24.03,403,0
2015-02-17,21:40:00,23.99,24.04,23.99,24.04,505,0
2015-02-17,21:45:00,23.99,23.99,23.99,23.99,1126,0
2015-02-17,21:50:00,23.99,23.99,23.99,23.99,202,0
2015-02-17,21:55:00,23.99,23.99,23.99,23.99,604,0
2015-02-17,22:00:00,23.99,24.02,23.99,24.02,3557,0
2015-02-18,15:35:00,24.21,24.23,24.18,24.23,2000,0
2015-02-18,15:55:00,24.21,24.22,24.21,24.21,800,0
2015-02-18,16:00:00,24.2,24.2,24.2,24.2,200,0
2015-02-18,16:05:00,24.2,24.2,24.2,24.2,900,0
2015-02-18,16:20:00,24.2,24.2,24.16,24.2,550,0
2015-02-18,16:25:00,24.2,24.2,24.2,24.2,200,0
2015-02-18,16:30:00,24.2,24.22,24.17,24.17,1000,0
2015-02-18,16:50:00,24.21,24.24,24.21,24.24,3300,0
2015-02-18,17:10:00,24.19,24.24,24.19,24.24,300,0
2015-02-18,17:20:00,24.19,24.3,24.19,24.3,6300,0
2015-02-18,17:25:00,24.25,24.25,24.25,24.25,1224,0
2015-02-18,17:30:00,24.29,24.31,24.26,24.26,5162,0
2015-02-18,17:35:00,24.28,24.28,24.28,24.28,312,0
2015-02-18,17:40:00,24.26,24.26,24.26,24.26,100,0
2015-02-18,18:10:00,24.26,24.26,24.26,24.26,300,0
2015-02-18,18:15:00,24.28,24.28,24.28,24.28,510,0
2015-02-18,18:20:00,24.29,24.29,24.28,24.28,500,0
2015-02-18,18:25:00,24.26,24.3,24.26,24.26,1600,0
2015-02-18,18:55:00,24.27,24.27,24.27,24.27,600,0
2015-02-18,19:00:00,24.27,24.27,24.27,24.27,200,0
2015-02-18,19:05:00,24.27,24.27,24.27,24.27,400,0
2015-02-18,19:10:00,24.29,24.29,24.29,24.29,247,0
2015-02-18,19:35:00,24.27,24.27,24.27,24.27,107,0
2015-02-18,19:40:00,24.25,24.25,24.24,24.24,900,0
2015-02-18,19:45:00,24.23,24.23,24.23,24.23,200,0
2015-02-18,20:00:00,24.22,24.23,24.22,24.23,700,0
2015-02-18,20:05:00,24.23,24.23,24.23,24.23,200,0
2015-02-18,20:10:00,24.24,24.24,24.24,24.24,100,0
2015-02-18,20:30:00,24.21,24.26,24.21,24.26,1400,0
2015-02-18,20:35:00,24.22,24.22,24.22,24.22,700,0
2015-02-18,20:50:00,24.22,24.22,24.22,24.22,490,0
2015-02-18,20:55:00,24.24,24.26,24.24,24.26,200,0
2015-02-18,21:20:00,24.23,24.23,24.23,24.23,700,0
2015-02-18,21:30:00,24.25,24.25,24.25,24.25,700,0
2015-02-18,21:45:00,24.25,24.25,24.25,24.25,500,0
2015-02-18,21:50:00,24.25,24.25,24.25,24.25,600,0
2015-02-18,21:55:00,24.25,24.26,24.25,24.26,1300,0
2015-02-18,22:00:00,24.25,24.26,24.25,24.26,1600,0
2015-02-19,15:35:00,24.25,24.29,24.21,24.25,1700,0
2015-02-19,15:40:00,24.29,24.29,24.29,24.29,400,0
2015-02-19,15:45:00,24.31,24.31,24.25,24.25,3633,0
2015-02-19,15:50:00,24.21,24.21,24.21,24.21,200,0
2015-02-19,15:55:00,24.25,24.26,24.18,24.18,4460,0
2015-02-19,16:00:00,24.18,24.23,24.18,24.19,1003,0
2015-02-19,16:20:00,24.22,24.28,24.21,24.28,1457,0
2015-02-19,16:25:00,24.21,24.21,24.21,24.21,100,0
2015-02-19,16:30:00,24.21,24.21,24.21,24.21,200,0
2015-02-19,16:35:00,24.21,24.22,24.21,24.22,300,0
2015-02-19,16:40:00,24.22,24.22,24.22,24.22,100,0
2015-02-19,16:45:00,24.24,24.26,24.24,24.26,700,0
2015-02-19,16:50:00,24.28,24.28,24.24,24.24,1100,0
2015-02-19,17:00:00,24.22,24.22,24.22,24.22,100,0
2015-02-19,17:05:00,24.22,24.22,24.22,24.22,100,0
2015-02-19,17:10:00,24.24,24.24,24.23,24.24,700,0
2015-02-19,17:20:00,24.22,24.22,24.22,24.22,100,0
2015-02-19,17:25:00,24.22,24.22,24.22,24.22,200,0
2015-02-19,17:30:00,24.22,24.22,24.22,24.22,300,0
2015-02-19,17:35:00,24.22,24.22,24.22,24.22,100,0
2015-02-19,17:40:00,24.24,24.24,24.22,24.24,1200,0
2015-02-19,17:45:00,24.24,24.24,24.22,24.22,850,0
2015-02-19,17:50:00,24.22,24.22,24.22,24.22,300,0
2015-02-19,17:55:00,24.24,24.24,24.24,24.24,400,0
2015-02-19,18:10:00,24.22,24.22,24.22,24.22,280,0
2015-02-19,18:15:00,24.22,24.24,24.22,24.24,1395,0
2015-02-19,18:20:00,24.27,24.27,24.27,24.27,300,0
2015-02-19,18:40:00,24.2,24.2,24.2,24.2,100,0
2015-02-19,18:45:00,24.21,24.21,24.21,24.21,400,0
2015-02-19,18:50:00,24.21,24.21,24.21,24.21,100,0
2015-02-19,18:55:00,24.21,24.21,24.21,24.21,100,0
2015-02-19,19:05:00,24.21,24.21,24.2,24.2,300,0
2015-02-19,19:15:00,24.2,24.2,24.2,24.2,200,0
2015-02-19,19:20:00,24.25,24.25,24.25,24.25,1350,0
2015-02-19,19:25:00,24.2,24.2,24.2,24.2,100,0
2015-02-19,19:35:00,24.2,24.2,24.2,24.2,100,0
2015-02-19,19:40:00,24.22,24.22,24.2,24.2,310,0
2015-02-19,19:50:00,24.2,24.2,24.2,24.2,100,0
2015-02-19,19:55:00,24.2,24.2,24.2,24.2,100,0
2015-02-19,20:05:00,24.2,24.2,24.2,24.2,300,0
2015-02-19,20:10:00,24.2,24.2,24.2,24.2,400,0
2015-02-19,20:15:00,24.2,24.2,24.2,24.2,200,0
2015-02-19,20:20:00,24.2,24.21,24.2,24.2,1200,0
2015-02-19,20:30:00,24.2,24.21,24.2,24.21,600,0
2015-02-19,20:50:00,24.21,24.21,24.21,24.21,600,0
2015-02-19,21:00:00,24.22,24.22,24.2,24.2,701,0
2015-02-19,21:10:00,24.21,24.21,24.2,24.21,500,0
2015-02-19,21:15:00,24.2,24.2,24.2,24.2,1495,0
2015-02-19,21:20:00,24.21,24.22,24.2,24.22,1236,0
2015-02-19,21:25:00,24.22,24.22,24.21,24.21,300,0
2015-02-19,21:30:00,24.21,24.21,24.21,24.21,300,0
2015-02-19,21:35:00,24.18,24.18,24.18,24.18,200,0
2015-02-19,21:40:00,24.18,24.2,24.18,24.2,400,0
2015-02-19,21:45:00,24.18,24.2,24.18,24.19,500,0
2015-02-19,21:50:00,24.19,24.21,24.19,24.21,1226,0
2015-02-19,21:55:00,24.18,24.21,24.18,24.21,614,0
2015-02-19,22:00:00,24.19,24.19,24.19,24.19,799,0
2015-02-20,15:40:00,24.25,24.25,24.25,24.25,181,0
2015-02-20,15:45:00,24.26,24.26,24.26,24.26,699,0
2015-02-20,15:50:00,24.27,24.27,24.27,24.27,165,0
2015-02-20,15:55:00,24.26,24.26,24.26,24.26,305,0
2015-02-20,16:00:00,24.25,24.25,24.21,24.25,4119,0
2015-02-20,16:05:00,24.21,24.25,24.21,24.25,600,0
2015-02-20,16:10:00,24.23,24.23,24.21,24.21,300,0
2015-02-20,16:15:00,24.21,24.21,24.21,24.21,100,0
2015-02-20,16:20:00,24.21,24.21,24.2,24.2,700,0
2015-02-20,16:30:00,24.24,24.24,24.24,24.24,590,0
2015-02-20,17:00:00,24.22,24.24,24.22,24.24,1500,0
2015-02-20,18:10:00,24.25,24.25,24.25,24.25,1100,0
2015-02-20,18:15:00,24.25,24.25,24.25,24.25,1789,0
2015-02-20,19:15:00,24.23,24.25,24.21,24.21,2411,0
2015-02-20,19:30:00,24.25,24.25,24.25,24.25,1600,0
2015-02-20,19:35:00,24.22,24.22,24.22,24.22,200,0
2015-02-20,20:00:00,24.24,24.24,24.24,24.24,200,0
2015-02-20,20:30:00,24.24,24.24,24.24,24.24,911,0
2015-02-20,20:35:00,24.25,24.25,24.25,24.25,300,0
2015-02-20,21:25:00,24.23,24.23,24.23,24.23,100,0
2015-02-20,21:30:00,24.25,24.25,24.25,24.25,1870,0
2015-02-20,21:35:00,24.24,24.24,24.22,24.24,2200,0
2015-02-20,21:40:00,24.24,24.24,24.24,24.24,200,0
2015-02-20,21:50:00,24.25,24.25,24.25,24.25,1656,0
2015-02-23,15:50:00,24.32,24.33,24.32,24.33,1700,0
2015-02-23,16:00:00,24.33,24.33,24.33,24.33,370,0
2015-02-23,16:10:00,24.33,24.33,24.33,24.33,400,0
2015-02-23,16:20:00,24.34,24.35,24.34,24.35,1400,0
2015-02-23,16:25:00,24.35,24.4,24.35,24.4,700,0
2015-02-23,16:30:00,24.35,24.35,24.35,24.35,400,0
2015-02-23,17:25:00,24.34,24.35,24.33,24.35,1285,0
2015-02-23,17:30:00,24.35,24.35,24.35,24.35,5200,0
2015-02-23,17:35:00,24.35,24.35,24.35,24.35,2600,0
2015-02-23,18:05:00,24.35,24.35,24.35,24.35,2300,0
2015-02-23,18:10:00,24.35,24.35,24.35,24.35,100,0
2015-02-23,18:15:00,24.35,24.35,24.35,24.35,300,0
2015-02-23,18:45:00,24.34,24.34,24.34,24.34,100,0
2015-02-23,18:50:00,24.35,24.35,24.35,24.35,3200,0
2015-02-23,18:55:00,24.35,24.35,24.35,24.35,1100,0
2015-02-23,19:00:00,24.34,24.34,24.34,24.34,400,0
2015-02-23,19:20:00,24.35,24.35,24.35,24.35,1400,0
2015-02-23,19:40:00,24.35,24.35,24.35,24.35,100,0
2015-02-23,19:50:00,24.35,24.35,24.34,24.35,3000,0
2015-02-23,20:05:00,24.35,24.35,24.35,24.35,400,0
2015-02-23,20:10:00,24.35,24.35,24.35,24.35,200,0
2015-02-23,20:15:00,24.35,24.35,24.35,24.35,200,0
2015-02-23,20:20:00,24.35,24.35,24.35,24.35,100,0
2015-02-23,20:40:00,24.35,24.35,24.35,24.35,4900,0
2015-02-23,20:45:00,24.36,24.36,24.35,24.35,300,0
2015-02-23,21:10:00,24.36,24.36,24.36,24.36,164,0
2015-02-23,21:20:00,24.35,24.35,24.35,24.35,100,0
2015-02-23,21:25:00,24.38,24.38,24.38,24.38,100,0
2015-02-23,21:35:00,24.36,24.36,24.36,24.36,450,0
2015-02-23,21:50:00,24.38,24.38,24.38,24.38,100,0
2015-02-23,21:55:00,24.39,24.39,24.39,24.39,200,0
2015-02-23,22:00:00,24.39,24.39,24.39,24.39,600,0
