Date,Time,Open,High,Low,Close,Volume,OpenInt
2015-01-22,18:10:00,22.43,22.43,22.40,22.40,805,0
2015-01-22,18:15:00,22.415,22.445,22.415,22.415,2917,0
2015-01-22,18:20:00,22.405,22.435,22.405,22.425,848,0
2015-01-22,18:25:00,22.405,22.405,22.395,22.395,3722,0
2015-01-22,18:30:00,22.455,22.455,22.455,22.455,138,0
2015-01-22,18:40:00,22.405,22.455,22.405,22.455,1331,0
2015-01-22,18:45:00,22.415,22.455,22.415,22.455,453,0
2015-01-22,18:50:00,22.405,22.435,22.405,22.435,6087,0
2015-01-22,18:55:00,22.415,22.415,22.405,22.405,2012,0
2015-01-22,19:00:00,22.405,22.405,22.405,22.405,604,0
2015-01-22,19:05:00,22.415,22.415,22.415,22.415,459,0
2015-01-22,19:10:00,22.435,22.455,22.415,22.415,6558,0
2015-01-22,19:15:00,22.455,22.455,22.415,22.415,2465,0
2015-01-22,19:20:00,22.445,22.464,22.435,22.464,4628,0
2015-01-22,19:25:00,22.455,22.474,22.435,22.435,1559,0
2015-01-22,19:45:00,22.464,22.474,22.455,22.455,3958,0
2015-01-22,19:50:00,22.474,22.484,22.474,22.484,1182,0
2015-01-22,19:55:00,22.455,22.455,22.455,22.455,101,0
2015-01-22,20:00:00,22.484,22.544,22.474,22.534,11417,0
2015-01-22,20:05:00,22.474,22.524,22.474,22.524,302,0
2015-01-22,20:10:00,22.524,22.534,22.464,22.534,4728,0
2015-01-22,20:15:00,22.494,22.544,22.494,22.544,4823,0
2015-01-22,20:20:00,22.574,22.584,22.574,22.584,445,0
2015-01-22,20:25:00,22.584,22.584,22.564,22.564,2247,0
2015-01-22,20:30:00,22.594,22.633,22.594,22.633,1509,0
2015-01-22,20:35:00,22.633,22.633,22.564,22.564,3722,0
2015-01-22,20:40:00,22.554,22.554,22.554,22.554,1408,0
2015-01-22,20:45:00,22.554,22.584,22.554,22.584,1408,0
2015-01-22,20:50:00,22.554,22.574,22.554,22.574,905,0
2015-01-22,20:55:00,22.574,22.584,22.554,22.554,2558,0
2015-01-22,21:05:00,22.564,22.564,22.564,22.564,1160,0
2015-01-22,21:15:00,22.584,22.584,22.584,22.584,2213,0
2015-01-22,21:20:00,22.614,22.614,22.614,22.614,1107,0
2015-01-22,21:25:00,22.614,22.614,22.594,22.614,1358,0
2015-01-22,21:30:00,22.604,22.604,22.604,22.604,2012,0
2015-01-22,21:35:00,22.604,22.614,22.554,22.554,3119,0
2015-01-22,21:40:00,22.554,22.554,22.504,22.554,6321,0
2015-01-22,21:45:00,22.604,22.614,22.604,22.614,1107,0
2015-01-22,21:50:00,22.614,22.614,22.614,22.614,503,0
2015-01-22,21:55:00,22.614,22.614,22.604,22.614,1734,0
2015-01-22,22:00:00,22.614,22.624,22.584,22.624,4800,0
2015-01-23,15:35:00,22.693,22.753,22.653,22.733,4673,0
2015-01-23,15:50:00,22.753,22.753,22.713,22.753,552,0
2015-01-23,15:55:00,22.733,22.733,22.713,22.723,19790,0
2015-01-23,16:00:00,22.703,22.703,22.673,22.673,591,0
2015-01-23,16:10:00,22.693,22.703,22.663,22.663,2032,0
2015-01-23,16:20:00,22.673,22.673,22.673,22.673,252,0
2015-01-23,16:25:00,22.673,22.683,22.673,22.683,5835,0
2015-01-23,16:35:00,22.683,22.683,22.683,22.683,1207,0
2015-01-23,16:40:00,22.713,22.713,22.713,22.713,201,0
2015-01-23,16:45:00,22.733,22.733,22.683,22.683,729,0
2015-01-23,16:50:00,22.723,22.723,22.723,22.723,2819,0
2015-01-23,16:55:00,22.703,22.733,22.703,22.713,4829,0
2015-01-23,17:00:00,22.703,22.743,22.703,22.743,1259,0
2015-01-23,17:10:00,22.713,22.733,22.713,22.733,1006,0
2015-01-23,17:15:00,22.733,22.763,22.733,22.763,3521,0
2015-01-23,17:20:00,22.763,22.773,22.753,22.773,7124,0
2015-01-23,17:25:00,22.802,22.802,22.802,22.802,503,0
2015-01-23,17:40:00,22.792,22.792,22.792,22.792,151,0
2015-01-23,17:45:00,22.723,22.743,22.723,22.743,755,0
2015-01-23,17:50:00,22.753,22.783,22.743,22.783,956,0
2015-01-23,17:55:00,22.713,22.792,22.703,22.783,2741,0
2015-01-23,18:00:00,22.783,22.792,22.783,22.792,1610,0
2015-01-23,18:05:00,22.713,22.792,22.713,22.792,1092,0
2015-01-23,18:30:00,22.773,22.792,22.773,22.773,1749,0
2015-01-23,18:35:00,22.802,22.832,22.802,22.832,1668,0
2015-01-23,18:45:00,22.832,22.832,22.812,22.812,1286,0
2015-01-23,18:50:00,22.792,22.792,22.783,22.783,356,0
2015-01-23,18:55:00,22.842,22.842,22.832,22.842,825,0
2015-01-23,19:00:00,22.842,22.842,22.842,22.842,1383,0
2015-01-23,19:10:00,22.832,22.832,22.832,22.832,503,0
2015-01-23,19:20:00,22.842,22.842,22.842,22.842,1509,0
2015-01-23,19:25:00,22.832,22.832,22.812,22.832,3340,0
2015-01-23,19:30:00,22.802,22.812,22.802,22.812,1333,0
2015-01-23,19:40:00,22.802,22.842,22.802,22.812,1207,0
2015-01-23,19:50:00,22.842,22.842,22.842,22.842,101,0
2015-01-23,19:55:00,22.842,22.882,22.842,22.882,4352,0
2015-01-23,20:05:00,22.852,22.862,22.822,22.862,1564,0
2015-01-23,20:10:00,22.822,22.902,22.822,22.902,1710,0
2015-01-23,20:20:00,22.912,22.971,22.902,22.971,65690,0
2015-01-23,20:25:00,22.942,22.971,22.942,22.971,704,0
2015-01-23,20:30:00,22.952,22.952,22.922,22.922,2414,0
2015-01-23,20:35:00,22.922,22.922,22.922,22.922,302,0
2015-01-23,20:40:00,22.971,22.971,22.912,22.912,2213,0
2015-01-23,20:45:00,22.961,22.961,22.961,22.961,1308,0
2015-01-23,20:50:00,22.961,22.981,22.961,22.961,1852,0
2015-01-23,20:55:00,23.001,23.001,23.001,23.001,1301,0
2015-01-23,21:05:00,23.001,23.011,23.001,23.011,1107,0
2015-01-23,21:10:00,23.011,23.021,23.011,23.021,224,0
2015-01-23,21:20:00,22.981,22.991,22.952,22.981,3684,0
2015-01-23,21:30:00,22.952,22.961,22.952,22.952,1811,0
2015-01-23,21:35:00,22.942,22.942,22.942,22.942,3622,0
2015-01-23,21:40:00,22.942,22.942,22.902,22.902,2417,0
2015-01-23,21:45:00,22.902,22.902,22.902,22.902,471,0
2015-01-23,21:50:00,22.942,22.942,22.942,22.942,1308,0
2015-01-23,21:55:00,22.942,22.942,22.942,22.942,300,0
2015-01-23,22:00:00,22.932,23.011,22.932,23.011,3724,0
2015-01-26,15:35:00,22.733,22.733,22.723,22.723,1911,0
2015-01-26,15:40:00,22.733,22.792,22.703,22.703,8702,0
2015-01-26,15:45:00,22.743,22.743,22.743,22.743,101,0
2015-01-26,15:50:00,22.733,22.743,22.713,22.743,3722,0
2015-01-26,15:55:00,22.763,22.763,22.713,22.743,2314,0
2015-01-26,16:00:00,22.783,22.783,22.733,22.733,2817,0
2015-01-26,16:15:00,22.783,22.842,22.783,22.842,3306,0
2015-01-26,16:30:00,22.763,22.763,22.763,22.763,131,0
2015-01-26,16:35:00,22.802,22.812,22.802,22.812,302,0
2015-01-26,16:40:00,22.773,22.773,22.773,22.773,101,0
2015-01-26,16:45:00,22.792,22.852,22.792,22.812,5209,0
2015-01-26,16:55:00,22.822,22.842,22.822,22.822,604,0
2015-01-26,17:00:00,22.812,22.812,22.812,22.812,302,0
2015-01-26,17:05:00,22.832,22.852,22.802,22.842,2143,0
2015-01-26,17:10:00,22.842,22.842,22.842,22.842,218,0
2015-01-26,17:15:00,22.852,22.852,22.852,22.852,402,0
2015-01-26,17:25:00,22.822,22.822,22.822,22.822,402,0
2015-01-26,17:30:00,22.822,22.822,22.822,22.822,101,0
2015-01-26,17:55:00,22.792,22.792,22.792,22.792,342,0
2015-01-26,18:05:00,22.822,22.822,22.822,22.822,101,0
2015-01-26,18:15:00,22.783,22.792,22.783,22.792,302,0
2015-01-26,18:25:00,22.802,22.802,22.802,22.802,604,0
2015-01-26,18:30:00,22.802,22.802,22.802,22.802,2716,0
2015-01-26,18:35:00,22.852,22.852,22.852,22.852,101,0
2015-01-26,18:45:00,22.852,22.852,22.852,22.852,1509,0
2015-01-26,19:30:00,22.892,22.892,22.852,22.852,402,0
2015-01-26,19:35:00,22.932,22.932,22.932,22.932,252,0
2015-01-26,19:40:00,22.932,22.932,22.932,22.932,1207,0
2015-01-26,19:45:00,22.922,22.922,22.922,22.922,201,0
2015-01-26,19:50:00,22.922,22.922,22.912,22.922,1207,0
2015-01-26,19:55:00,22.922,22.971,22.912,22.912,3672,0
2015-01-26,20:00:00,22.952,22.991,22.912,22.912,3421,0
2015-01-26,20:15:00,22.991,23.011,22.991,23.011,1610,0
2015-01-26,20:25:00,22.981,22.981,22.981,22.981,604,0
2015-01-26,20:35:00,22.981,22.981,22.981,22.981,451,0
2015-01-26,20:45:00,22.971,22.971,22.882,22.952,5469,0
2015-01-26,21:00:00,22.902,22.902,22.892,22.892,1489,0
2015-01-26,21:05:00,22.902,22.902,22.892,22.902,1006,0
2015-01-26,21:10:00,22.892,22.892,22.852,22.852,3702,0
2015-01-26,21:15:00,22.872,22.942,22.872,22.932,1209,0
2015-01-26,21:20:00,22.882,22.932,22.872,22.932,1207,0
2015-01-26,21:30:00,22.942,22.942,22.942,22.942,222,0
2015-01-26,21:40:00,22.872,22.872,22.842,22.842,565,0
2015-01-26,21:45:00,22.892,22.892,22.872,22.872,402,0
2015-01-26,21:50:00,22.852,22.942,22.842,22.942,2414,0
2015-01-26,21:55:00,22.892,22.942,22.892,22.922,1419,0
2015-01-26,22:00:00,22.882,22.942,22.882,22.942,1288,0
2015-01-27,15:40:00,22.942,22.942,22.932,22.932,1875,0
2015-01-27,15:45:00,22.942,22.942,22.942,22.942,1727,0
2015-01-27,15:50:00,22.932,22.932,22.932,22.932,641,0
2015-01-27,15:55:00,22.942,23.011,22.942,22.981,3750,0
2015-01-27,16:00:00,23.011,23.071,23.011,23.071,2837,0
2015-01-27,16:05:00,23.071,23.071,23.071,23.071,704,0
2015-01-27,16:10:00,23.091,23.091,23.051,23.051,504,0
2015-01-27,16:20:00,23.091,23.121,23.051,23.121,403,0
2015-01-27,16:25:00,23.121,23.14,23.121,23.14,2622,0
2015-01-27,16:30:00,23.061,23.061,23.051,23.051,936,0
2015-01-27,16:35:00,23.051,23.051,23.051,23.051,563,0
2015-01-27,16:40:00,23.13,23.13,23.13,23.13,504,0
2015-01-27,16:45:00,23.15,23.15,23.15,23.15,101,0
2015-01-27,17:00:00,23.091,23.091,23.091,23.091,256,0
2015-01-27,17:05:00,23.091,23.091,23.091,23.091,504,0
2015-01-27,17:10:00,23.15,23.15,23.15,23.15,1710,0
2015-01-27,17:15:00,23.15,23.15,23.15,23.15,302,0
2015-01-27,17:20:00,23.15,23.15,23.15,23.15,4024,0
2015-01-27,17:25:00,23.13,23.15,23.121,23.13,2254,0
2015-01-27,17:30:00,23.17,23.17,23.101,23.101,555,0
2015-01-27,17:45:00,23.111,23.111,23.111,23.111,905,0
2015-01-27,17:50:00,23.111,23.14,23.111,23.13,3321,0
2015-01-27,18:00:00,23.111,23.111,23.111,23.111,1409,0
2015-01-27,18:15:00,23.14,23.19,23.14,23.19,4197,0
2015-01-27,18:20:00,23.19,23.19,23.19,23.19,660,0
2015-01-27,18:40:00,23.19,23.25,23.121,23.25,4960,0
2015-01-27,18:45:00,23.25,23.25,23.19,23.2,5935,0
2015-01-27,19:00:00,23.24,23.25,23.2,23.21,1585,0
2015-01-27,19:20:00,23.17,23.2,23.17,23.2,2921,0
2015-01-27,19:35:00,23.21,23.21,23.2,23.2,907,0
2015-01-27,19:40:00,23.17,23.21,23.17,23.21,4444,0
2015-01-27,19:45:00,23.16,23.16,23.15,23.15,1057,0
2015-01-27,19:50:00,23.14,23.14,23.13,23.13,604,0
2015-01-27,19:55:00,23.14,23.14,23.14,23.14,1006,0
2015-01-27,20:00:00,23.13,23.13,23.13,23.13,2012,0
2015-01-27,20:05:00,23.16,23.16,23.15,23.15,2012,0
2015-01-27,20:10:00,23.14,23.14,23.121,23.121,4455,0
2015-01-27,20:15:00,23.121,23.121,23.121,23.121,503,0
2015-01-27,20:20:00,23.15,23.15,23.15,23.15,503,0
2015-01-27,20:25:00,23.121,23.121,23.121,23.121,1399,0
2015-01-27,20:30:00,23.13,23.13,23.13,23.13,202,0
2015-01-27,20:35:00,23.111,23.111,23.111,23.111,1760,0
2015-01-27,20:40:00,23.111,23.111,23.061,23.061,6525,0
2015-01-27,20:45:00,23.061,23.13,23.051,23.13,5476,0
2015-01-27,20:50:00,23.14,23.14,23.121,23.121,4880,0
2015-01-27,20:55:00,23.111,23.111,23.111,23.111,921,0
2015-01-27,21:00:00,23.111,23.111,23.111,23.111,1177,0
2015-01-27,21:05:00,23.111,23.111,23.111,23.111,352,0
2015-01-27,21:10:00,23.15,23.15,23.15,23.15,201,0
2015-01-27,21:15:00,23.14,23.15,23.111,23.111,2113,0
2015-01-27,21:20:00,23.15,23.15,23.15,23.15,704,0
2015-01-27,21:25:00,23.111,23.16,23.111,23.16,8987,0
2015-01-27,21:30:00,23.16,23.16,23.16,23.16,722,0
2015-01-27,21:40:00,23.111,23.13,23.111,23.111,2113,0
2015-01-27,21:45:00,23.111,23.111,23.111,23.111,6641,0
2015-01-27,21:50:00,23.081,23.081,23.071,23.071,3764,0
2015-01-27,21:55:00,23.071,23.101,23.071,23.101,1547,0
2015-01-27,22:00:00,23.111,23.13,23.071,23.13,2666,0
2015-01-28,15:35:00,23.081,23.081,23.081,23.081,202,0
2015-01-28,15:40:00,23.111,23.17,23.111,23.17,3026,0
2015-01-28,15:50:00,23.16,23.18,23.16,23.16,1107,0
2015-01-28,15:55:00,23.18,23.18,23.18,23.18,201,0
2015-01-28,16:10:00,23.21,23.23,23.21,23.23,1600,0
2015-01-28,16:15:00,23.23,23.23,23.21,23.21,1228,0
2015-01-28,16:20:00,23.24,23.28,23.23,23.28,1813,0
2015-01-28,16:25:00,23.28,23.28,23.28,23.28,503,0
2015-01-28,16:40:00,23.21,23.23,23.21,23.23,1308,0
2015-01-28,16:55:00,23.19,23.19,23.101,23.101,7049,0
2015-01-28,17:00:00,23.081,23.081,23.041,23.061,9199,0
2015-01-28,17:05:00,23.061,23.111,23.061,23.071,3975,0
2015-01-28,17:10:00,23.091,23.091,23.091,23.091,101,0
2015-01-28,17:15:00,23.111,23.111,23.111,23.111,2516,0
2015-01-28,17:25:00,23.111,23.111,23.111,23.111,1511,0
2015-01-28,17:30:00,23.121,23.121,23.081,23.081,1008,0
2015-01-28,17:40:00,23.111,23.111,23.111,23.111,302,0
2015-01-28,17:45:00,23.13,23.13,23.13,23.13,303,0
2015-01-28,17:55:00,23.13,23.13,23.081,23.081,1009,0
2015-01-28,18:05:00,23.101,23.101,23.101,23.101,468,0
2015-01-28,18:30:00,23.15,23.15,23.14,23.14,320,0
2015-01-28,18:35:00,23.14,23.16,23.14,23.16,1204,0
2015-01-28,18:45:00,23.16,23.17,23.16,23.17,1831,0
2015-01-28,19:10:00,23.19,23.19,23.18,23.18,806,0
2015-01-28,19:20:00,23.19,23.19,23.19,23.19,413,0
2015-01-28,19:25:00,23.19,23.19,23.19,23.19,2315,0
2015-01-28,19:35:00,23.19,23.19,23.19,23.19,3018,0
2015-01-28,19:40:00,23.18,23.18,23.18,23.18,1006,0
2015-01-28,19:45:00,23.19,23.19,23.19,23.19,604,0
2015-01-28,19:50:00,23.18,23.19,23.17,23.17,2010,0
2015-01-28,20:00:00,23.22,23.22,23.121,23.121,906,0
2015-01-28,20:05:00,23.14,23.2,23.091,23.2,1729,0
2015-01-28,20:10:00,23.091,23.091,23.061,23.061,1811,0
2015-01-28,20:15:00,23.041,23.041,23.041,23.041,101,0
2015-01-28,20:20:00,23.041,23.041,23.041,23.041,202,0
2015-01-28,20:25:00,23.16,23.16,23.041,23.051,10970,0
2015-01-28,20:30:00,23.081,23.081,23.051,23.051,1176,0
2015-01-28,20:35:00,23.051,23.051,23.051,23.051,303,0
2015-01-28,20:40:00,23.051,23.17,23.051,23.111,2884,0
2015-01-28,20:45:00,23.111,23.111,23.111,23.111,322,0
2015-01-28,21:05:00,23.15,23.15,23.15,23.15,3620,0
2015-01-28,21:45:00,23.19,23.19,23.16,23.16,2515,0
2015-01-28,21:50:00,23.15,23.15,23.15,23.15,907,0
2015-01-28,21:55:00,23.2,23.21,23.2,23.21,402,0
2015-01-29,15:35:00,23.299,23.299,23.26,23.26,6439,0
2015-01-29,15:40:00,23.309,23.309,23.309,23.309,1006,0
2015-01-29,15:45:00,23.309,23.309,23.309,23.309,101,0
2015-01-29,15:50:00,23.379,23.379,23.379,23.379,604,0
2015-01-29,15:55:00,23.309,23.309,23.309,23.309,604,0
2015-01-29,16:05:00,23.339,23.339,23.309,23.319,1609,0
2015-01-29,16:15:00,23.329,23.339,23.329,23.339,505,0
2015-01-29,16:20:00,23.339,23.339,23.339,23.339,642,0
2015-01-29,16:25:00,23.339,23.349,23.339,23.339,2114,0
2015-01-29,16:35:00,23.339,23.349,23.339,23.349,605,0
2015-01-29,16:40:00,23.349,23.349,23.309,23.309,3322,0
2015-01-29,16:45:00,23.349,23.389,23.349,23.369,1722,0
2015-01-29,16:50:00,23.379,23.379,23.379,23.379,825,0
2015-01-29,16:55:00,23.369,23.369,23.359,23.359,635,0
2015-01-29,17:10:00,23.369,23.369,23.359,23.369,7702,0
2015-01-29,17:15:00,23.359,23.359,23.359,23.359,302,0
2015-01-29,17:30:00,23.319,23.349,23.319,23.349,946,0
2015-01-29,17:45:00,23.359,23.359,23.359,23.359,101,0
2015-01-29,17:50:00,23.339,23.339,23.339,23.339,401,0
2015-01-29,18:00:00,23.359,23.359,23.359,23.359,604,0
2015-01-29,18:20:00,23.359,23.359,23.359,23.359,1710,0
2015-01-29,18:25:00,23.359,23.439,23.359,23.439,5705,0
2015-01-29,18:55:00,23.379,23.449,23.369,23.449,5157,0
2015-01-29,19:00:00,23.399,23.399,23.399,23.399,161,0
2015-01-29,19:05:00,23.379,23.399,23.379,23.389,3658,0
2015-01-29,19:15:00,23.449,23.449,23.449,23.449,202,0
2015-01-29,19:20:00,23.449,23.449,23.449,23.449,303,0
2015-01-29,19:25:00,23.449,23.449,23.359,23.359,4213,0
2015-01-29,19:30:00,23.409,23.409,23.349,23.359,2920,0
2015-01-29,19:35:00,23.339,23.339,23.339,23.339,2012,0
2015-01-29,19:55:00,23.389,23.429,23.379,23.429,6900,0
2015-01-29,20:05:00,23.419,23.419,23.419,23.419,201,0
2015-01-29,20:10:00,23.389,23.409,23.389,23.409,2652,0
2015-01-29,20:30:00,23.458,23.508,23.458,23.508,1081,0
2015-01-29,20:35:00,23.468,23.468,23.468,23.468,403,0
2015-01-29,20:45:00,23.468,23.468,23.468,23.468,302,0
2015-01-29,20:50:00,23.528,23.538,23.508,23.508,906,0
2015-01-29,21:05:00,23.548,23.558,23.528,23.558,1309,0
2015-01-29,21:15:00,23.578,23.578,23.578,23.578,101,0
2015-01-29,21:20:00,23.568,23.568,23.449,23.518,2744,0
2015-01-29,21:25:00,23.508,23.508,23.488,23.488,628,0
2015-01-29,21:30:00,23.548,23.548,23.548,23.548,201,0
2015-01-29,21:35:00,23.478,23.478,23.478,23.478,202,0
2015-01-29,21:55:00,23.538,23.538,23.419,23.439,3359,0
2015-01-29,22:00:00,23.409,23.498,23.409,23.498,776,0
2015-01-30,15:35:00,23.488,23.488,23.449,23.449,10741,0
2015-01-30,15:40:00,23.449,23.449,23.449,23.449,1006,0
2015-01-30,15:45:00,23.429,23.429,23.419,23.419,1136,0
2015-01-30,15:50:00,23.419,23.488,23.409,23.488,4905,0
2015-01-30,15:55:00,23.488,23.518,23.488,23.518,2079,0
2015-01-30,16:05:00,23.458,23.458,23.458,23.458,805,0
2015-01-30,16:10:00,23.498,23.498,23.498,23.498,101,0
2015-01-30,16:15:00,23.478,23.478,23.478,23.478,201,0
2015-01-30,16:20:00,23.409,23.439,23.379,23.379,17692,0
2015-01-30,16:30:00,23.389,23.389,23.389,23.389,756,0
2015-01-30,16:35:00,23.508,23.508,23.508,23.508,251,0
2015-01-30,16:40:00,23.468,23.478,23.458,23.458,1410,0
2015-01-30,16:50:00,23.508,23.508,23.498,23.508,1811,0
2015-01-30,16:55:00,23.548,23.548,23.548,23.548,202,0
2015-01-30,17:00:00,23.508,23.508,23.508,23.508,201,0
2015-01-30,17:05:00,23.538,23.558,23.508,23.508,5134,0
2015-01-30,17:10:00,23.558,23.558,23.538,23.558,881,0
2015-01-30,17:15:00,23.508,23.508,23.508,23.508,704,0
2015-01-30,17:20:00,23.558,23.558,23.508,23.508,503,0
2015-01-30,17:25:00,23.558,23.568,23.508,23.568,2049,0
2015-01-30,17:35:00,23.598,23.598,23.518,23.558,3374,0
2015-01-30,17:45:00,23.568,23.568,23.518,23.518,628,0
2015-01-30,17:50:00,23.558,23.558,23.558,23.558,181,0
2015-01-30,17:55:00,23.538,23.548,23.538,23.548,866,0
2015-01-30,18:05:00,23.558,23.558,23.508,23.508,931,0
2015-01-30,18:25:00,23.538,23.538,23.538,23.538,202,0
2015-01-30,18:35:00,23.538,23.538,23.538,23.538,212,0
2015-01-30,18:40:00,23.548,23.558,23.548,23.558,1607,0
2015-01-30,19:00:00,23.518,23.518,23.518,23.518,1510,0
2015-01-30,19:05:00,23.518,23.518,23.518,23.518,855,0
2015-01-30,19:10:00,23.508,23.508,23.508,23.508,1083,0
2015-01-30,19:20:00,23.508,23.508,23.508,23.508,2012,0
2015-01-30,19:25:00,23.518,23.558,23.518,23.558,4413,0
2015-01-30,19:30:00,23.528,23.528,23.528,23.528,503,0
2015-01-30,19:35:00,23.528,23.528,23.508,23.508,11881,0
2015-01-30,19:40:00,23.488,23.488,23.468,23.468,1358,0
2015-01-30,19:55:00,23.478,23.478,23.478,23.478,290,0
2015-01-30,20:05:00,23.458,23.488,23.458,23.488,4093,0
2015-01-30,20:10:00,23.468,23.468,23.468,23.468,2012,0
2015-01-30,20:30:00,23.488,23.498,23.478,23.498,1509,0
2015-01-30,20:40:00,23.449,23.449,23.449,23.449,976,0
2015-01-30,20:50:00,23.468,23.468,23.468,23.468,1006,0
2015-01-30,21:20:00,23.458,23.458,23.458,23.458,503,0
2015-01-30,21:35:00,23.468,23.488,23.468,23.478,1424,0
2015-01-30,21:45:00,23.478,23.488,23.478,23.488,513,0
2015-01-30,21:50:00,23.478,23.478,23.478,23.478,101,0
2015-01-30,21:55:00,23.488,23.488,23.478,23.478,2515,0
2015-01-30,22:00:00,23.488,23.488,23.478,23.488,832,0
2015-02-02,15:50:00,23.608,23.677,23.608,23.677,706,0
2015-02-02,16:00:00,23.608,23.608,23.608,23.608,1470,0
2015-02-02,16:05:00,23.647,23.647,23.608,23.608,1083,0
2015-02-02,16:10:00,23.647,23.657,23.608,23.608,2570,0
2015-02-02,16:15:00,23.608,23.608,23.608,23.608,434,0
2015-02-02,16:20:00,23.627,23.627,23.627,23.627,101,0
2015-02-02,16:25:00,23.627,23.627,23.608,23.608,1106,0
2015-02-02,16:30:00,23.618,23.618,23.608,23.608,2856,0
2015-02-02,16:35:00,23.618,23.657,23.608,23.657,2927,0
2015-02-02,16:40:00,23.657,23.677,23.657,23.667,2016,0
2015-02-02,16:55:00,23.687,23.697,23.627,23.697,2515,0
2015-02-02,17:05:00,23.757,23.757,23.727,23.727,997,0
2015-02-02,17:10:00,23.757,23.866,23.757,23.796,2704,0
2015-02-02,17:20:00,23.876,23.876,23.796,23.876,1007,0
2015-02-02,17:30:00,23.757,23.757,23.757,23.757,1509,0
2015-02-02,17:35:00,23.727,23.727,23.727,23.727,1006,0
2015-02-02,17:40:00,23.737,23.737,23.737,23.737,1310,0
2015-02-02,17:45:00,23.757,23.786,23.757,23.767,2266,0
2015-02-02,17:50:00,23.767,23.786,23.757,23.757,1195,0
2015-02-02,17:55:00,23.757,23.757,23.707,23.707,2137,0
2015-02-02,18:00:00,23.717,23.717,23.707,23.707,1469,0
2015-02-02,18:10:00,23.697,23.717,23.687,23.687,5181,0
2015-02-02,18:15:00,23.657,23.687,23.657,23.687,606,0
2015-02-02,18:20:00,23.657,23.657,23.657,23.657,252,0
2015-02-02,18:30:00,23.687,23.697,23.687,23.697,327,0
2015-02-02,18:40:00,23.657,23.657,23.618,23.618,2535,0
2015-02-02,18:50:00,23.667,23.667,23.657,23.657,6574,0
2015-02-02,19:20:00,23.667,23.677,23.657,23.667,3119,0
2015-02-02,19:25:00,23.667,23.667,23.667,23.667,1613,0
2015-02-02,19:30:00,23.667,23.667,23.667,23.667,257,0
2015-02-02,19:45:00,23.657,23.657,23.657,23.657,471,0
2015-02-02,19:55:00,23.637,23.667,23.637,23.667,1007,0
2015-02-02,20:15:00,23.618,23.667,23.618,23.667,634,0
2015-02-02,20:30:00,23.618,23.627,23.608,23.618,1258,0
2015-02-02,20:40:00,23.618,23.657,23.618,23.657,3461,0
2015-02-02,20:45:00,23.627,23.657,23.608,23.618,2514,0
2015-02-02,20:50:00,23.637,23.657,23.608,23.637,6508,0
2015-02-02,20:55:00,23.608,23.657,23.568,23.568,3321,0
2015-02-02,21:00:00,23.568,23.588,23.548,23.558,2457,0
2015-02-02,21:05:00,23.568,23.608,23.528,23.608,1107,0
2015-02-02,21:10:00,23.568,23.568,23.568,23.568,302,0
2015-02-02,21:15:00,23.568,23.637,23.558,23.558,928,0
2015-02-02,21:20:00,23.558,23.637,23.528,23.637,2021,0
2015-02-02,21:25:00,23.578,23.637,23.548,23.548,2717,0
2015-02-02,21:30:00,23.608,23.608,23.548,23.558,3120,0
2015-02-02,21:35:00,23.548,23.637,23.528,23.637,1914,0
2015-02-02,21:40:00,23.538,23.637,23.538,23.578,2768,0
2015-02-02,21:45:00,23.598,23.627,23.558,23.578,5836,0
2015-02-02,21:50:00,23.578,23.598,23.458,23.528,6187,0
2015-02-02,21:55:00,23.468,23.468,23.468,23.468,906,0
2015-02-02,22:00:00,23.498,23.498,23.468,23.468,1636,0
2015-02-03,15:35:00,23.458,23.458,23.458,23.458,3357,0
2015-02-03,15:40:00,23.498,23.498,23.468,23.498,731,0
2015-02-03,15:55:00,23.508,23.508,23.508,23.508,352,0
2015-02-03,16:05:00,23.468,23.468,23.468,23.468,420,0
2015-02-03,16:15:00,23.468,23.498,23.458,23.458,2614,0
2015-02-03,16:20:00,23.528,23.528,23.528,23.528,2868,0
2015-02-03,16:25:00,23.458,23.528,23.419,23.419,2517,0
2015-02-03,16:35:00,23.449,23.458,23.449,23.458,303,0
2015-02-03,16:45:00,23.429,23.429,23.419,23.419,302,0
2015-02-03,16:50:00,23.419,23.429,23.419,23.429,2011,0
2015-02-03,16:55:00,23.409,23.409,23.409,23.409,237,0
2015-02-03,17:00:00,23.429,23.429,23.429,23.429,201,0
2015-02-03,17:05:00,23.439,23.439,23.439,23.439,1284,0
2015-02-03,17:15:00,23.409,23.449,23.409,23.449,1369,0
2015-02-03,17:20:00,23.429,23.429,23.429,23.429,153,0
2015-02-03,17:25:00,23.439,23.449,23.439,23.449,2014,0
2015-02-03,17:30:00,23.458,23.458,23.458,23.458,644,0
2015-02-03,17:40:00,23.409,23.409,23.289,23.339,8485,0
2015-02-03,17:45:00,23.309,23.349,23.309,23.349,1741,0
2015-02-03,17:55:00,23.339,23.339,23.339,23.339,226,0
2015-02-03,18:00:00,23.289,23.349,23.289,23.289,2968,0
2015-02-03,18:10:00,23.289,23.289,23.289,23.289,202,0
2015-02-03,18:20:00,23.319,23.319,23.319,23.319,101,0
2015-02-03,18:25:00,23.349,23.349,23.349,23.349,503,0
2015-02-03,18:30:00,23.349,23.359,23.349,23.349,1107,0
2015-02-03,18:45:00,23.349,23.349,23.299,23.299,202,0
2015-02-03,18:50:00,23.299,23.359,23.299,23.349,1184,0
2015-02-03,18:55:00,23.359,23.359,23.349,23.349,1609,0
2015-02-03,19:00:00,23.299,23.299,23.299,23.299,503,0
2015-02-03,19:05:00,23.289,23.289,23.289,23.289,2556,0
2015-02-03,19:20:00,23.329,23.329,23.309,23.329,2086,0
2015-02-03,19:25:00,23.339,23.339,23.309,23.309,704,0
2015-02-03,19:30:00,23.319,23.339,23.319,23.339,1107,0
2015-02-03,19:35:00,23.309,23.309,23.27,23.27,1509,0
2015-02-03,19:45:00,23.299,23.339,23.299,23.339,2097,0
2015-02-03,20:05:00,23.27,23.27,23.27,23.27,1109,0
2015-02-03,20:15:00,23.27,23.27,23.27,23.27,805,0
2015-02-03,20:20:00,23.319,23.319,23.319,23.319,302,0
2015-02-03,20:25:00,23.329,23.349,23.27,23.349,2740,0
2015-02-03,20:30:00,23.359,23.359,23.359,23.359,3067,0
2015-02-03,20:35:00,23.339,23.349,23.339,23.349,1006,0
2015-02-03,20:50:00,23.339,23.339,23.339,23.339,202,0
2015-02-03,20:55:00,23.339,23.339,23.339,23.339,239,0
2015-02-03,21:00:00,23.339,23.339,23.309,23.319,303,0
2015-02-03,21:05:00,23.289,23.289,23.289,23.289,255,0
2015-02-03,21:20:00,23.349,23.349,23.289,23.289,2214,0
2015-02-03,21:30:00,23.329,23.329,23.289,23.289,1912,0
2015-02-03,21:35:00,23.299,23.349,23.289,23.349,2542,0
2015-02-03,21:40:00,23.349,23.349,23.349,23.349,156,0
2015-02-03,21:45:00,23.289,23.289,23.289,23.289,1006,0
2015-02-03,21:50:00,23.329,23.329,23.329,23.329,201,0
2015-02-03,21:55:00,23.289,23.289,23.289,23.289,101,0
2015-02-03,22:00:00,23.349,23.349,23.27,23.339,5035,0
2015-02-04,15:35:00,23.289,23.289,23.289,23.289,1006,0
2015-02-04,15:50:00,23.309,23.439,23.27,23.319,6327,0
2015-02-04,16:05:00,23.419,23.419,23.289,23.289,606,0
2015-02-04,16:20:00,23.27,23.27,23.27,23.27,1107,0
2015-02-04,16:30:00,23.309,23.309,23.309,23.309,2013,0
2015-02-04,16:45:00,23.309,23.349,23.309,23.309,3617,0
2015-02-04,16:50:00,23.309,23.369,23.27,23.369,4535,0
2015-02-04,16:55:00,23.369,23.389,23.329,23.329,3648,0
2015-02-04,17:00:00,23.299,23.349,23.289,23.349,2416,0
2015-02-04,17:05:00,23.359,23.359,23.27,23.27,7300,0
2015-02-04,17:10:00,23.27,23.27,23.26,23.26,18317,0
2015-02-04,17:15:00,23.359,23.369,23.26,23.26,6282,0
2015-02-04,17:20:00,23.359,23.359,23.359,23.359,202,0
2015-02-04,17:25:00,23.369,23.379,23.369,23.369,5435,0
2015-02-04,17:30:00,23.409,23.409,23.409,23.409,1348,0
2015-02-04,17:35:00,23.379,23.379,23.369,23.369,6340,0
2015-02-04,17:40:00,23.309,23.309,23.28,23.28,1309,0
2015-02-04,17:45:00,23.28,23.289,23.28,23.28,1812,0
2015-02-04,18:00:00,23.309,23.309,23.309,23.309,252,0
2015-02-04,18:05:00,23.309,23.309,23.28,23.28,1509,0
2015-02-04,18:10:00,23.339,23.339,23.339,23.339,503,0
2015-02-04,18:20:00,23.299,23.339,23.299,23.339,1408,0
2015-02-04,18:35:00,23.28,23.28,23.28,23.28,604,0
2015-02-04,18:40:00,23.339,23.339,23.339,23.339,1006,0
2015-02-04,18:45:00,23.339,23.339,23.309,23.339,6841,0
2015-02-04,19:00:00,23.28,23.28,23.28,23.28,1322,0
2015-02-04,19:10:00,23.339,23.339,23.27,23.27,1639,0
2015-02-04,19:15:00,23.27,23.289,23.27,23.289,711,0
2015-02-04,19:20:00,23.27,23.28,23.26,23.27,1211,0
2015-02-04,19:25:00,23.299,23.299,23.27,23.27,266,0
2015-02-04,19:35:00,23.27,23.289,23.27,23.289,806,0
2015-02-04,19:40:00,23.289,23.289,23.27,23.27,841,0
2015-02-04,19:50:00,23.299,23.299,23.27,23.27,2417,0
2015-02-04,20:10:00,23.27,23.27,23.26,23.26,4730,0
2015-02-04,20:15:00,23.319,23.319,23.309,23.309,1914,0
2015-02-04,20:20:00,23.309,23.319,23.309,23.319,1146,0
2015-02-04,20:25:00,23.27,23.27,23.27,23.27,439,0
2015-02-04,20:40:00,23.28,23.28,23.28,23.28,101,0
2015-02-04,20:55:00,23.299,23.299,23.299,23.299,1148,0
2015-02-04,21:00:00,23.28,23.28,23.28,23.28,1008,0
2015-02-04,21:05:00,23.329,23.329,23.28,23.329,1714,0
2015-02-04,21:25:00,23.309,23.309,23.27,23.309,5438,0
2015-02-04,21:35:00,23.27,23.27,23.27,23.27,202,0
2015-02-04,21:40:00,23.309,23.309,23.299,23.309,2525,0
2015-02-04,21:45:00,23.309,23.309,23.28,23.28,3476,0
2015-02-04,21:50:00,23.27,23.27,23.27,23.27,1006,0
2015-02-04,22:00:00,23.28,23.289,23.26,23.289,1956,0
2015-02-05,15:35:00,23.349,23.349,23.349,23.349,599,0
2015-02-05,16:15:00,23.389,23.389,23.389,23.389,503,0
2015-02-05,16:25:00,23.349,23.349,23.349,23.349,402,0
2015-02-05,16:35:00,23.349,23.349,23.349,23.349,202,0
2015-02-05,16:50:00,23.349,23.349,23.349,23.349,1308,0
2015-02-05,16:55:00,23.349,23.349,23.349,23.349,2012,0
2015-02-05,17:05:00,23.299,23.319,23.299,23.319,1967,0
2015-02-05,17:10:00,23.299,23.349,23.23,23.23,25950,0
2015-02-05,17:15:00,23.26,23.26,23.26,23.26,804,0
2015-02-05,17:20:00,23.26,23.26,23.26,23.26,805,0
2015-02-05,17:25:00,23.22,23.26,23.22,23.26,2450,0
2015-02-05,17:40:00,23.25,23.25,23.25,23.25,433,0
2015-02-05,17:45:00,23.2,23.2,23.17,23.17,1540,0
2015-02-05,18:00:00,23.27,23.27,23.27,23.27,171,0
2015-02-05,18:05:00,23.21,23.27,23.21,23.27,952,0
2015-02-05,18:10:00,23.21,23.21,23.21,23.21,2012,0
2015-02-05,18:20:00,23.26,23.28,23.26,23.28,1813,0
2015-02-05,18:25:00,23.28,23.28,23.25,23.25,2123,0
2015-02-05,18:45:00,23.25,23.25,23.2,23.2,1912,0
2015-02-05,19:10:00,23.26,23.26,23.26,23.26,1107,0
2015-02-05,19:20:00,23.28,23.28,23.28,23.28,883,0
2015-02-05,19:30:00,23.28,23.28,23.28,23.28,433,0
2015-02-05,19:40:00,23.23,23.28,23.23,23.23,4585,0
2015-02-05,19:45:00,23.23,23.23,23.23,23.23,806,0
2015-02-05,19:50:00,23.289,23.289,23.24,23.26,3935,0
2015-02-05,19:55:00,23.21,23.22,23.19,23.22,4238,0
2015-02-05,20:00:00,23.22,23.289,23.22,23.289,7957,0
2015-02-05,20:05:00,23.329,23.339,23.26,23.26,2925,0
2015-02-05,20:10:00,23.309,23.309,23.26,23.26,4435,0
2015-02-05,20:15:00,23.24,23.24,23.19,23.22,3229,0
2015-02-05,20:20:00,23.19,23.24,23.19,23.24,5680,0
2015-02-05,20:25:00,23.28,23.329,23.26,23.28,12257,0
2015-02-05,20:30:00,23.309,23.339,23.2,23.23,5855,0
2015-02-05,20:35:00,23.24,23.26,23.2,23.26,7092,0
2015-02-05,20:40:00,23.27,23.289,23.27,23.289,742,0
2015-02-05,20:45:00,23.28,23.28,23.28,23.28,303,0
2015-02-05,20:50:00,23.22,23.28,23.22,23.28,1232,0
2015-02-05,20:55:00,23.28,23.28,23.24,23.24,1040,0
2015-02-05,21:00:00,23.26,23.26,23.26,23.26,1408,0
2015-02-05,21:05:00,23.26,23.26,23.26,23.26,704,0
2015-02-05,21:10:00,23.2,23.2,23.2,23.2,302,0
2015-02-05,21:15:00,23.26,23.26,23.26,23.26,1006,0
2015-02-05,21:20:00,23.26,23.26,23.26,23.26,1006,0
2015-02-05,21:30:00,23.26,23.26,23.2,23.26,2866,0
2015-02-05,21:40:00,23.25,23.25,23.25,23.25,4226,0
2015-02-05,21:45:00,23.26,23.26,23.26,23.26,604,0
2015-02-05,21:55:00,23.22,23.22,23.22,23.22,804,0
2015-02-05,22:00:00,23.22,23.23,23.22,23.23,1308,0
2015-02-06,15:35:00,23.17,23.26,23.16,23.16,706,0
2015-02-06,15:40:00,23.16,23.16,23.16,23.16,1106,0
2015-02-06,15:45:00,23.13,23.13,23.051,23.051,834,0
2015-02-06,15:50:00,23.051,23.15,23.051,23.15,5554,0
2015-02-06,15:55:00,23.21,23.27,23.21,23.26,4317,0
2015-02-06,16:10:00,23.19,23.19,23.19,23.19,101,0
2015-02-06,16:15:00,23.25,23.26,23.22,23.22,1410,0
2015-02-06,16:20:00,23.22,23.22,23.22,23.22,1288,0
2015-02-06,16:25:00,23.18,23.18,23.17,23.17,504,0
2015-02-06,16:30:00,23.17,23.17,23.17,23.17,503,0
2015-02-06,16:35:00,23.22,23.22,23.22,23.22,1307,0
2015-02-06,16:50:00,23.21,23.21,23.21,23.21,1006,0
2015-02-06,16:55:00,23.2,23.22,23.2,23.22,530,0
2015-02-06,17:05:00,23.24,23.24,23.24,23.24,1710,0
2015-02-06,17:10:00,23.24,23.24,23.24,23.24,402,0
2015-02-06,17:15:00,23.24,23.24,23.22,23.22,353,0
2015-02-06,17:20:00,23.26,23.26,23.22,23.24,1382,0
2015-02-06,17:25:00,23.24,23.24,23.24,23.24,174,0
2015-02-06,17:35:00,23.26,23.26,23.26,23.26,101,0
2015-02-06,17:40:00,23.24,23.26,23.22,23.26,2193,0
2015-02-06,17:45:00,23.26,23.26,23.24,23.26,2717,0
2015-02-06,17:50:00,23.26,23.26,23.26,23.26,303,0
2015-02-06,18:00:00,23.27,23.27,23.27,23.27,303,0
2015-02-06,18:05:00,23.28,23.299,23.28,23.299,421,0
2015-02-06,18:10:00,23.289,23.299,23.289,23.299,1208,0
2015-02-06,18:15:00,23.299,23.299,23.299,23.299,101,0
2015-02-06,18:20:00,23.299,23.299,23.299,23.299,638,0
2015-02-06,18:25:00,23.309,23.379,23.309,23.359,2617,0
2015-02-06,18:30:00,23.389,23.389,23.389,23.389,101,0
2015-02-06,18:35:00,23.369,23.399,23.369,23.399,303,0
2015-02-06,18:40:00,23.399,23.399,23.399,23.399,101,0
2015-02-06,18:45:00,23.399,23.399,23.399,23.399,101,0
2015-02-06,18:50:00,23.329,23.399,23.329,23.399,453,0
2015-02-06,18:55:00,23.389,23.389,23.359,23.379,1752,0
2015-02-06,19:00:00,23.389,23.389,23.389,23.389,101,0
2015-02-06,19:05:00,23.379,23.379,23.379,23.379,226,0
2015-02-06,19:10:00,23.389,23.389,23.359,23.359,1006,0
2015-02-06,19:20:00,23.389,23.389,23.379,23.379,237,0
2015-02-06,19:25:00,23.389,23.389,23.389,23.389,503,0
2015-02-06,19:30:00,23.399,23.399,23.369,23.399,606,0
2015-02-06,19:40:00,23.359,23.359,23.359,23.359,3522,0
2015-02-06,19:45:00,23.319,23.319,23.299,23.299,5514,0
2015-02-06,19:50:00,23.329,23.359,23.329,23.359,1962,0
2015-02-06,19:55:00,23.369,23.369,23.369,23.369,101,0
2015-02-06,20:00:00,23.369,23.369,23.369,23.369,202,0
2015-02-06,20:05:00,23.359,23.359,23.359,23.359,303,0
2015-02-06,20:10:00,23.369,23.369,23.369,23.369,101,0
2015-02-06,20:25:00,23.369,23.369,23.369,23.369,202,0
2015-02-06,20:30:00,23.379,23.379,23.379,23.379,101,0
2015-02-06,20:35:00,23.379,23.379,23.379,23.379,202,0
2015-02-06,20:45:00,23.399,23.399,23.399,23.399,629,0
2015-02-06,20:50:00,23.399,23.399,23.299,23.299,1317,0
2015-02-06,21:00:00,23.399,23.399,23.359,23.359,2279,0
2015-02-06,21:05:00,23.379,23.409,23.359,23.409,2717,0
2015-02-06,21:15:00,23.409,23.409,23.409,23.409,101,0
2015-02-06,21:20:00,23.409,23.409,23.409,23.409,101,0
2015-02-06,21:25:00,23.409,23.409,23.409,23.409,101,0
2015-02-06,21:30:00,23.409,23.409,23.409,23.409,202,0
2015-02-06,21:35:00,23.349,23.349,23.26,23.26,6975,0
2015-02-06,21:40:00,23.26,23.26,23.26,23.26,505,0
2015-02-06,21:50:00,23.26,23.26,23.26,23.26,404,0
2015-02-06,21:55:00,23.26,23.28,23.24,23.28,910,0
2015-02-06,22:00:00,23.24,23.24,23.24,23.24,707,0
2015-02-09,15:45:00,23.299,23.319,23.299,23.319,1481,0
2015-02-09,16:05:00,23.419,23.419,23.419,23.419,1107,0
2015-02-09,16:35:00,23.458,23.458,23.458,23.458,302,0
2015-02-09,16:40:00,23.498,23.498,23.498,23.498,805,0
2015-02-09,16:55:00,23.369,23.369,23.369,23.369,512,0
2015-02-09,17:10:00,23.389,23.389,23.389,23.389,488,0
2015-02-09,17:15:00,23.458,23.458,23.458,23.458,252,0
2015-02-09,17:25:00,23.429,23.429,23.429,23.429,201,0
2015-02-09,17:35:00,23.389,23.419,23.389,23.419,604,0
2015-02-09,18:00:00,23.379,23.379,23.369,23.369,403,0
2015-02-09,18:15:00,23.468,23.468,23.468,23.468,204,0
2015-02-09,18:45:00,23.379,23.379,23.359,23.359,1140,0
2015-02-09,18:50:00,23.409,23.439,23.409,23.439,503,0
2015-02-09,19:25:00,23.439,23.439,23.439,23.439,428,0
2015-02-09,19:40:00,23.399,23.409,23.379,23.409,3785,0
2015-02-09,19:45:00,23.359,23.379,23.339,23.339,10608,0
2015-02-09,19:50:00,23.359,23.359,23.319,23.349,1010,0
2015-02-09,19:55:00,23.299,23.369,23.299,23.319,8108,0
2015-02-09,20:00:00,23.329,23.359,23.309,23.309,1515,0
2015-02-09,20:05:00,23.309,23.309,23.24,23.24,888,0
2015-02-09,20:15:00,23.309,23.309,23.309,23.309,101,0
2015-02-09,20:20:00,23.21,23.27,23.21,23.27,1978,0
2015-02-09,20:25:00,23.23,23.23,23.23,23.23,202,0
2015-02-09,20:35:00,23.21,23.21,23.21,23.21,452,0
2015-02-09,20:55:00,23.319,23.319,23.27,23.289,1610,0
2015-02-09,21:05:00,23.299,23.299,23.299,23.299,2515,0
2015-02-09,21:15:00,23.26,23.26,23.26,23.26,1409,0
2015-02-09,21:20:00,23.22,23.26,23.21,23.26,3876,0
2015-02-09,21:40:00,23.24,23.24,23.23,23.23,1057,0
2015-02-09,21:55:00,23.22,23.25,23.22,23.25,4110,0
2015-02-09,22:00:00,23.23,23.25,23.21,23.21,1906,0
2015-02-10,15:35:00,23.19,23.2,23.19,23.2,4128,0
2015-02-10,15:40:00,23.18,23.21,23.111,23.111,7154,0
2015-02-10,15:45:00,23.2,23.2,23.14,23.17,2798,0
2015-02-10,15:50:00,23.18,23.21,23.14,23.21,3722,0
2015-02-10,15:55:00,23.18,23.299,23.18,23.299,4071,0
2015-02-10,16:00:00,23.28,23.28,23.27,23.27,303,0
2015-02-10,16:05:00,23.26,23.289,23.24,23.25,2929,0
2015-02-10,16:10:00,23.25,23.319,23.25,23.319,5668,0
2015-02-10,16:35:00,23.309,23.309,23.26,23.26,3583,0
2015-02-10,17:10:00,23.26,23.26,23.26,23.26,101,0
2015-02-10,17:15:00,23.26,23.26,23.22,23.22,1010,0
2015-02-10,17:20:00,23.21,23.21,23.21,23.21,3269,0
2015-02-10,17:25:00,23.22,23.22,23.21,23.21,1410,0
2015-02-10,17:30:00,23.17,23.17,23.16,23.16,1208,0
2015-02-10,17:35:00,23.16,23.16,23.16,23.16,1509,0
2015-02-10,17:40:00,23.16,23.2,23.16,23.16,907,0
2015-02-10,17:55:00,23.14,23.14,23.14,23.14,202,0
2015-02-10,18:10:00,23.14,23.14,23.14,23.14,101,0
2015-02-10,18:25:00,23.14,23.14,23.14,23.14,202,0
2015-02-10,18:35:00,23.16,23.16,23.14,23.14,602,0
2015-02-10,18:40:00,23.15,23.15,23.121,23.121,202,0
2015-02-10,18:45:00,23.15,23.21,23.121,23.121,2981,0
2015-02-10,19:00:00,23.16,23.16,23.16,23.16,604,0
2015-02-10,19:15:00,23.14,23.14,23.14,23.14,1006,0
2015-02-10,19:20:00,23.16,23.16,23.14,23.14,5860,0
2015-02-10,19:30:00,23.14,23.14,23.14,23.14,505,0
2015-02-10,19:35:00,23.121,23.121,23.121,23.121,202,0
2015-02-10,19:55:00,23.14,23.14,23.13,23.13,696,0
2015-02-10,20:00:00,23.14,23.16,23.13,23.15,4963,0
2015-02-10,20:10:00,23.121,23.121,23.111,23.111,832,0
2015-02-10,20:15:00,23.111,23.111,23.111,23.111,674,0
2015-02-10,20:20:00,23.101,23.111,23.101,23.111,2214,0
2015-02-10,20:30:00,23.101,23.101,23.101,23.101,166,0
2015-02-10,20:40:00,23.091,23.091,23.091,23.091,332,0
2015-02-10,20:50:00,23.091,23.091,23.091,23.091,641,0
2015-02-10,20:55:00,23.101,23.101,23.081,23.081,2819,0
2015-02-10,21:00:00,23.071,23.071,23.071,23.071,202,0
2015-02-10,21:05:00,23.071,23.071,23.071,23.071,302,0
2015-02-10,21:10:00,23.061,23.061,23.061,23.061,471,0
2015-02-10,21:15:00,23.061,23.061,23.061,23.061,2466,0
2015-02-10,21:20:00,23.051,23.051,23.051,23.051,1099,0
2015-02-10,21:25:00,23.041,23.041,22.981,23.021,4957,0
2015-02-10,21:30:00,22.981,23.001,22.902,22.991,2417,0
2015-02-10,21:40:00,22.942,22.981,22.902,22.981,1388,0
2015-02-10,21:45:00,22.932,22.932,22.912,22.932,707,0
2015-02-10,21:50:00,22.922,22.991,22.912,22.991,1641,0
2015-02-10,21:55:00,22.952,22.981,22.902,22.981,7362,0
2015-02-10,22:00:00,22.902,22.902,22.902,22.902,606,0
2015-02-11,15:35:00,23.03,23.03,23.03,23.03,482,0
2015-02-11,16:25:00,23.12,23.12,23.12,23.12,500,0
2015-02-11,16:30:00,23.19,23.19,23.19,23.19,725,0
2015-02-11,16:35:00,23.09,23.09,23.09,23.09,1000,0
2015-02-11,16:45:00,23.09,23.09,23.08,23.08,1750,0
2015-02-11,17:05:00,23.06,23.06,22.94,22.96,4397,0
2015-02-11,17:10:00,23.01,23.01,23.01,23.01,600,0
2015-02-11,17:25:00,23.0,23.01,22.92,23.01,1800,0
2015-02-11,17:35:00,23.01,23.01,22.97,22.97,1308,0
2015-02-11,17:45:00,22.99,23.0,22.99,23.0,2900,0
2015-02-11,17:55:00,22.92,22.92,22.92,22.92,1211,0
2015-02-11,18:05:00,22.96,22.96,22.96,22.96,250,0
2015-02-11,18:30:00,22.96,22.96,22.9,22.96,4754,0
2015-02-11,18:35:00,22.94,22.94,22.93,22.93,300,0
2015-02-11,18:40:00,22.91,22.91,22.91,22.91,363,0
2015-02-11,18:50:00,22.9,22.9,22.9,22.9,600,0
2015-02-11,18:55:00,22.9,22.9,22.9,22.9,250,0
2015-02-11,19:20:00,22.91,22.91,22.91,22.91,300,0
2015-02-11,19:30:00,22.91,22.91,22.91,22.91,100,0
2015-02-11,19:35:00,22.9,22.9,22.84,22.84,2600,0
2015-02-11,19:50:00,22.81,22.81,22.81,22.81,200,0
2015-02-11,20:00:00,22.8,22.81,22.8,22.81,300,0
2015-02-11,20:10:00,22.83,22.83,22.83,22.83,200,0
2015-02-11,20:15:00,22.82,22.82,22.82,22.82,100,0
2015-02-11,20:20:00,22.82,22.82,22.82,22.82,2850,0
2015-02-11,20:25:00,22.82,22.82,22.82,22.82,200,0
2015-02-11,20:30:00,22.82,22.82,22.82,22.82,1331,0
2015-02-11,20:35:00,22.81,22.83,22.81,22.83,3729,0
2015-02-11,20:40:00,22.83,22.83,22.83,22.83,200,0
2015-02-11,20:45:00,22.83,22.86,22.8,22.8,4450,0
2015-02-11,20:50:00,22.8,22.82,22.8,22.8,2900,0
2015-02-11,20:55:00,22.72,22.74,22.72,22.74,1800,0
2015-02-11,21:00:00,22.74,22.8,22.74,22.8,2998,0
2015-02-11,21:05:00,22.77,22.87,22.74,22.87,6875,0
2015-02-11,21:10:00,22.87,22.9,22.85,22.87,4900,0
2015-02-11,21:15:00,22.81,22.81,22.77,22.8,4574,0
2015-02-11,21:20:00,22.77,22.87,22.76,22.84,6499,0
2015-02-11,21:25:00,22.89,22.89,22.84,22.85,4165,0
2015-02-11,21:30:00,22.85,22.88,22.78,22.84,8744,0
2015-02-11,21:35:00,22.87,22.88,22.83,22.87,6903,0
2015-02-11,21:40:00,22.82,22.87,22.8,22.85,1916,0
2015-02-11,21:45:00,22.85,22.87,22.77,22.79,3250,0
2015-02-11,21:50:00,22.78,22.88,22.77,22.83,6311,0
2015-02-11,21:55:00,22.83,22.87,22.8,22.82,4709,0
2015-02-11,22:00:00,22.79,22.83,22.76,22.77,4381,0
2015-02-12,15:40:00,22.9,22.9,22.9,22.9,1000,0
2015-02-12,15:50:00,22.87,22.88,22.87,22.88,2334,0
2015-02-12,16:00:00,22.85,22.85,22.85,22.85,700,0
2015-02-12,16:05:00,22.86,22.86,22.86,22.86,900,0
2015-02-12,16:10:00,22.92,22.93,22.92,22.93,1100,0
2015-02-12,16:15:00,22.93,22.95,22.93,22.95,800,0
2015-02-12,16:30:00,22.99,22.99,22.99,22.99,250,0
2015-02-12,16:40:00,22.99,22.99,22.99,22.99,200,0
2015-02-12,16:45:00,22.94,22.94,22.94,22.94,100,0
2015-02-12,16:50:00,22.94,22.98,22.94,22.95,3600,0
2015-02-12,16:55:00,22.99,22.99,22.99,22.99,770,0
2015-02-12,17:05:00,22.97,22.97,22.97,22.97,501,0
2015-02-12,17:25:00,22.95,22.95,22.95,22.95,214,0
2015-02-12,17:40:00,22.98,22.98,22.98,22.98,756,0
2015-02-12,17:50:00,22.95,22.95,22.94,22.94,625,0
2015-02-12,18:05:00,22.92,22.92,22.92,22.92,130,0
2015-02-12,18:20:00,23.0,23.01,22.97,23.0,11125,0
2015-02-12,18:25:00,23.0,23.01,23.0,23.01,5800,0
2015-02-12,18:35:00,22.95,22.95,22.95,22.95,218,0
2015-02-12,18:45:00,22.97,22.97,22.97,22.97,415,0
2015-02-12,18:55:00,22.97,23.0,22.95,22.97,6975,0
2015-02-12,19:00:00,22.98,23.0,22.91,22.91,2500,0
2015-02-12,19:05:00,22.94,22.96,22.93,22.96,2396,0
2015-02-12,19:10:00,22.96,22.96,22.92,22.93,1500,0
2015-02-12,19:30:00,22.94,22.94,22.94,22.94,1100,0
2015-02-12,19:50:00,22.91,22.91,22.91,22.91,2000,0
2015-02-12,19:55:00,22.99,22.99,22.97,22.97,500,0
2015-02-12,20:00:00,22.96,23.05,22.93,22.97,8202,0
2015-02-12,20:05:00,22.94,22.98,22.94,22.94,2200,0
2015-02-12,20:15:00,22.91,22.93,22.91,22.93,2300,0
2015-02-12,20:20:00,22.93,22.95,22.93,22.95,1650,0
2015-02-12,20:25:00,22.91,22.97,22.91,22.97,2950,0
2015-02-12,20:30:00,22.96,22.96,22.96,22.96,500,0
2015-02-12,20:45:00,22.98,22.99,22.95,22.99,1500,0
2015-02-12,20:50:00,23.0,23.0,23.0,23.0,400,0
2015-02-12,21:15:00,23.0,23.0,23.0,23.0,100,0
2015-02-12,21:25:00,23.0,23.05,22.94,23.04,4458,0
2015-02-12,21:30:00,23.02,23.06,22.96,23.06,7615,0
2015-02-12,21:45:00,23.02,23.02,22.98,22.98,1601,0
2015-02-12,21:50:00,22.98,22.98,22.94,22.94,3652,0
2015-02-12,21:55:00,22.93,22.93,22.93,22.93,400,0
2015-02-12,22:00:00,22.93,22.93,22.91,22.91,1628,0
2015-02-13,15:55:00,23.02,23.03,23.0,23.03,2462,0
2015-02-13,16:05:00,23.04,23.04,23.0,23.0,1782,0
2015-02-13,16:10:00,23.0,23.0,23.0,23.0,2000,0
2015-02-13,16:15:00,22.96,22.96,22.95,22.95,1618,0
2015-02-13,16:35:00,22.95,22.95,22.95,22.95,1000,0
2015-02-13,16:50:00,22.95,22.95,22.95,22.95,1500,0
2015-02-13,17:00:00,23.01,23.01,23.01,23.01,462,0
2015-02-13,17:15:00,23.02,23.02,22.95,22.95,1485,0
2015-02-13,17:20:00,22.94,23.02,22.93,23.02,1300,0
2015-02-13,17:30:00,23.03,23.03,22.93,22.93,2325,0
2015-02-13,17:35:00,22.93,22.93,22.91,22.91,800,0
2015-02-13,17:40:00,22.92,22.98,22.91,22.94,2225,0
2015-02-13,17:45:00,22.96,23.01,22.95,22.95,2101,0
2015-02-13,17:50:00,22.98,22.98,22.91,22.91,2000,0
2015-02-13,18:00:00,22.94,22.94,22.91,22.91,1950,0
2015-02-13,18:15:00,22.93,22.96,22.93,22.96,2754,0
2015-02-13,18:20:00,22.96,22.96,22.96,22.96,200,0
2015-02-13,18:30:00,22.98,22.98,22.98,22.98,2654,0
2015-02-13,18:40:00,22.97,22.97,22.93,22.93,1500,0
2015-02-13,19:00:00,22.92,22.92,22.92,22.92,700,0
2015-02-13,19:05:00,22.99,22.99,22.99,22.99,870,0
2015-02-13,19:15:00,22.92,22.92,22.92,22.92,850,0
2015-02-13,19:25:00,22.92,22.92,22.92,22.92,100,0
2015-02-13,19:30:00,22.91,22.91,22.88,22.88,1655,0
2015-02-13,19:45:00,22.88,22.88,22.88,22.88,300,0
2015-02-13,19:50:00,22.87,22.87,22.86,22.86,395,0
2015-02-13,19:55:00,22.86,22.94,22.86,22.94,4402,0
2015-02-13,20:00:00,22.92,22.93,22.92,22.92,1400,0
2015-02-13,20:05:00,22.92,22.97,22.88,22.88,5500,0
2015-02-13,20:10:00,22.97,22.97,22.92,22.92,7200,0
2015-02-13,20:15:00,22.92,22.95,22.92,22.95,200,0
2015-02-13,20:20:00,22.92,22.92,22.91,22.91,1388,0
2015-02-13,20:30:00,22.92,22.92,22.92,22.92,400,0
2015-02-13,20:35:00,22.89,22.91,22.88,22.91,3867,0
2015-02-13,21:25:00,22.94,22.94,22.94,22.94,315,0
2015-02-13,21:40:00,22.86,22.89,22.86,22.87,2292,0
2015-02-13,21:45:00,22.85,22.85,22.85,22.85,800,0
2015-02-13,21:55:00,22.85,22.85,22.85,22.85,500,0
2015-02-13,22:00:00,22.85,22.85,22.85,22.85,970,0
2015-02-17,15:35:00,22.89,22.97,22.85,22.85,1566,0
2015-02-17,15:40:00,22.86,22.86,22.85,22.85,6286,0
2015-02-17,16:00:00,22.85,22.85,22.85,22.85,1100,0
2015-02-17,16:05:00,22.85,22.85,22.85,22.85,500,0
2015-02-17,16:10:00,22.97,22.97,22.86,22.86,900,0
2015-02-17,16:20:00,22.88,22.89,22.88,22.89,1100,0
2015-02-17,16:25:00,22.89,22.89,22.83,22.85,3899,0
2015-02-17,16:30:00,22.85,22.86,22.85,22.85,1900,0
2015-02-17,16:35:00,22.81,22.81,22.67,22.68,6112,0
2015-02-17,16:40:00,22.72,22.72,22.71,22.72,1706,0
2015-02-17,16:45:00,22.66,22.66,22.62,22.62,1275,0
2015-02-17,16:50:00,22.61,22.61,22.61,22.61,100,0
2015-02-17,17:00:00,22.61,22.66,22.6,22.6,5030,0
2015-02-17,17:05:00,22.61,22.61,22.61,22.61,100,0
2015-02-17,17:10:00,22.6,22.64,22.6,22.64,1100,0
2015-02-17,17:15:00,22.6,22.64,22.6,22.64,2700,0
2015-02-17,17:20:00,22.64,22.64,22.64,22.64,1000,0
2015-02-17,17:25:00,22.65,22.69,22.62,22.62,1252,0
2015-02-17,17:30:00,22.64,22.64,22.64,22.64,1000,0
2015-02-17,17:35:00,22.67,22.67,22.67,22.67,100,0
2015-02-17,17:40:00,22.65,22.65,22.61,22.61,2400,0
2015-02-17,17:45:00,22.67,22.67,22.61,22.67,625,0
2015-02-17,17:50:00,22.66,22.66,22.61,22.62,500,0
2015-02-17,17:55:00,22.67,22.67,22.62,22.67,1625,0
2015-02-17,18:00:00,22.67,22.7,22.67,22.69,2625,0
2015-02-17,18:05:00,22.67,22.67,22.62,22.62,11100,0
2015-02-17,18:10:00,22.69,22.69,22.69,22.69,100,0
2015-02-17,18:15:00,22.7,22.71,22.66,22.71,1300,0
2015-02-17,18:20:00,22.71,22.71,22.65,22.65,754,0
2015-02-17,18:25:00,22.63,22.65,22.63,22.63,700,0
2015-02-17,18:30:00,22.62,22.62,22.57,22.57,6070,0
2015-02-17,18:45:00,22.61,22.62,22.61,22.62,200,0
2015-02-17,18:50:00,22.62,22.62,22.62,22.62,200,0
2015-02-17,18:55:00,22.61,22.62,22.57,22.57,1900,0
2015-02-17,19:05:00,22.58,22.61,22.51,22.51,5897,0
2015-02-17,19:10:00,22.5,22.52,22.5,22.52,800,0
2015-02-17,19:15:00,22.52,22.52,22.49,22.5,3326,0
2015-02-17,19:30:00,22.47,22.5,22.47,22.5,988,0
2015-02-17,19:35:00,22.49,22.49,22.46,22.46,550,0
2015-02-17,19:40:00,22.5,22.5,22.46,22.46,2400,0
2015-02-17,19:45:00,22.46,22.46,22.46,22.46,200,0
2015-02-17,19:50:00,22.47,22.47,22.47,22.47,855,0
2015-02-17,20:00:00,22.47,22.47,22.45,22.45,1100,0
2015-02-17,20:05:00,22.47,22.48,22.42,22.42,2650,0
2015-02-17,20:10:00,22.44,22.44,22.44,22.44,1797,0
2015-02-17,20:20:00,22.44,22.44,22.42,22.44,1438,0
2015-02-17,20:25:00,22.45,22.45,22.45,22.45,1695,0
2015-02-17,20:30:00,22.46,22.49,22.46,22.49,1515,0
2015-02-17,20:35:00,22.51,22.51,22.48,22.48,500,0
2015-02-17,20:40:00,22.48,22.48,22.48,22.48,300,0
2015-02-17,20:45:00,22.48,22.51,22.45,22.5,2020,0
2015-02-17,20:50:00,22.48,22.51,22.48,22.49,1350,0
2015-02-17,20:55:00,22.5,22.5,22.45,22.45,1200,0
2015-02-17,21:00:00,22.48,22.48,22.45,22.45,200,0
2015-02-17,21:05:00,22.47,22.48,22.43,22.46,3468,0
2015-02-17,21:10:00,22.44,22.48,22.44,22.48,3053,0
2015-02-17,21:20:00,22.44,22.51,22.44,22.49,4494,0
2015-02-17,21:25:00,22.5,22.53,22.47,22.5,4506,0
2015-02-17,21:30:00,22.5,22.5,22.48,22.5,2700,0
2015-02-17,21:40:00,22.5,22.51,22.5,22.51,1180,0
2015-02-17,21:50:00,22.47,22.47,22.42,22.42,1415,0
2015-02-17,22:00:00,22.47,22.5,22.43,22.43,1688,0
2015-02-18,15:35:00,22.38,22.38,22.38,22.38,1300,0
2015-02-18,15:40:00,22.47,22.48,22.47,22.48,4300,0
2015-02-18,15:45:00,22.5,22.5,22.5,22.5,1100,0
2015-02-18,15:55:00,22.51,22.55,22.5,22.55,3445,0
2015-02-18,16:00:00,22.51,22.53,22.5,22.51,500,0
2015-02-18,16:05:00,22.54,22.54,22.48,22.52,10931,0
2015-02-18,16:10:00,22.54,22.54,22.48,22.48,5400,0
2015-02-18,16:15:00,22.48,22.52,22.48,22.51,900,0
2015-02-18,16:20:00,22.49,22.51,22.49,22.51,1300,0
2015-02-18,16:25:00,22.51,22.51,22.51,22.51,1600,0
2015-02-18,16:30:00,22.49,22.5,22.49,22.5,4914,0
2015-02-18,16:35:00,22.49,22.55,22.49,22.53,7860,0
2015-02-18,16:40:00,22.52,22.52,22.49,22.5,11356,0
2015-02-18,16:45:00,22.5,22.55,22.48,22.55,8182,0
2015-02-18,16:50:00,22.55,22.56,22.52,22.52,6086,0
2015-02-18,16:55:00,22.54,22.56,22.52,22.53,6557,0
2015-02-18,17:00:00,22.52,22.54,22.52,22.54,1710,0
2015-02-18,17:05:00,22.54,22.56,22.51,22.52,6580,0
2015-02-18,17:10:00,22.53,22.54,22.53,22.54,1100,0
2015-02-18,17:15:00,22.54,22.54,22.54,22.54,1700,0
2015-02-18,17:40:00,22.54,22.54,22.54,22.54,200,0
2015-02-18,17:45:00,22.54,22.54,22.54,22.54,100,0
2015-02-18,18:10:00,22.5,22.5,22.5,22.5,333,0
2015-02-18,18:15:00,22.55,22.57,22.55,22.57,1898,0
2015-02-18,18:20:00,22.56,22.56,22.56,22.56,800,0
2015-02-18,18:35:00,22.53,22.53,22.53,22.53,300,0
2015-02-18,18:50:00,22.5,22.5,22.5,22.5,100,0
2015-02-18,18:55:00,22.51,22.51,22.51,22.51,500,0
2015-02-18,19:00:00,22.5,22.54,22.5,22.5,900,0
2015-02-18,19:10:00,22.5,22.5,22.5,22.5,1100,0
2015-02-18,19:15:00,22.5,22.5,22.5,22.5,200,0
2015-02-18,19:20:00,22.54,22.54,22.54,22.54,100,0
2015-02-18,19:30:00,22.5,22.5,22.5,22.5,100,0
2015-02-18,19:45:00,22.53,22.53,22.53,22.53,228,0
2015-02-18,19:50:00,22.53,22.53,22.5,22.5,400,0
2015-02-18,20:00:00,22.51,22.54,22.5,22.53,4550,0
2015-02-18,20:05:00,22.54,22.57,22.54,22.56,2302,0
2015-02-18,20:10:00,22.53,22.56,22.47,22.5,7500,0
2015-02-18,20:15:00,22.46,22.5,22.46,22.48,1762,0
2015-02-18,20:20:00,22.47,22.5,22.47,22.5,1800,0
2015-02-18,20:25:00,22.5,22.5,22.5,22.5,1100,0
2015-02-18,20:30:00,22.54,22.56,22.54,22.54,3701,0
2015-02-18,20:35:00,22.54,22.59,22.54,22.59,3221,0
2015-02-18,20:40:00,22.59,22.61,22.59,22.61,3961,0
2015-02-18,20:45:00,22.65,22.77,22.64,22.64,6721,0
2015-02-18,20:55:00,22.68,22.68,22.62,22.62,3558,0
2015-02-18,21:05:00,22.71,22.71,22.66,22.69,2700,0
2015-02-18,21:10:00,22.66,22.66,22.66,22.66,800,0
2015-02-18,21:35:00,22.65,22.65,22.62,22.62,2486,0
2015-02-18,21:40:00,22.62,22.62,22.59,22.59,1200,0
2015-02-18,21:50:00,22.59,22.59,22.59,22.59,100,0
2015-02-18,21:55:00,22.59,22.59,22.59,22.59,100,0
2015-02-18,22:00:00,22.6,22.6,22.6,22.6,600,0
2015-02-19,15:35:00,22.67,22.67,22.67,22.67,580,0
2015-02-19,15:40:00,22.56,22.56,22.55,22.55,700,0
2015-02-19,15:45:00,22.64,22.84,22.64,22.79,7375,0
2015-02-19,16:05:00,22.71,22.71,22.59,22.59,622,0
2015-02-19,16:20:00,22.69,22.78,22.69,22.78,535,0
2015-02-19,16:35:00,22.66,22.66,22.66,22.66,1350,0
2015-02-19,16:45:00,22.74,22.75,22.74,22.75,800,0
2015-02-19,17:20:00,22.74,22.74,22.72,22.72,3002,0
2015-02-19,17:25:00,22.72,22.72,22.72,22.72,800,0
2015-02-19,17:30:00,22.7,22.71,22.7,22.71,1300,0
2015-02-19,17:35:00,22.68,22.68,22.63,22.63,602,0
2015-02-19,17:55:00,22.65,22.66,22.59,22.65,6700,0
2015-02-19,18:05:00,22.65,22.65,22.6,22.6,675,0
2015-02-19,18:10:00,22.64,22.66,22.64,22.66,2200,0
2015-02-19,18:15:00,22.63,22.63,22.63,22.63,1404,0
2015-02-19,18:40:00,22.59,22.59,22.59,22.59,409,0
2015-02-19,19:00:00,22.61,22.61,22.61,22.61,400,0
2015-02-19,19:05:00,22.7,22.7,22.7,22.7,100,0
2015-02-19,19:10:00,22.64,22.66,22.64,22.66,850,0
2015-02-19,19:15:00,22.7,22.7,22.7,22.7,500,0
2015-02-19,19:25:00,22.64,22.65,22.59,22.65,2436,0
2015-02-19,19:50:00,22.67,22.67,22.67,22.67,200,0
2015-02-19,19:55:00,22.7,22.71,22.7,22.71,700,0
2015-02-19,20:00:00,22.67,22.67,22.66,22.66,1550,0
2015-02-19,20:05:00,22.61,22.61,22.61,22.61,400,0
2015-02-19,20:10:00,22.7,22.7,22.57,22.58,500,0
2015-02-19,20:15:00,22.55,22.55,22.55,22.55,1551,0
2015-02-19,20:20:00,22.7,22.7,22.7,22.7,155,0
2015-02-19,20:25:00,22.58,22.58,22.58,22.58,1400,0
2015-02-19,20:50:00,22.65,22.65,22.65,22.65,222,0
2015-02-19,20:55:00,22.6,22.6,22.6,22.6,100,0
2015-02-19,21:10:00,22.64,22.64,22.64,22.64,100,0
2015-02-19,21:15:00,22.63,22.63,22.63,22.63,1200,0
2015-02-19,21:20:00,22.63,22.68,22.63,22.68,2040,0
2015-02-19,21:30:00,22.67,22.67,22.67,22.67,200,0
2015-02-19,22:00:00,22.62,22.66,22.62,22.66,1280,0
2015-02-20,15:40:00,22.74,22.74,22.74,22.74,276,0
2015-02-20,15:50:00,22.69,22.74,22.69,22.74,3700,0
2015-02-20,15:55:00,22.74,22.74,22.7,22.7,3000,0
2015-02-20,16:00:00,22.69,22.69,22.69,22.69,200,0
2015-02-20,16:10:00,22.75,22.82,22.75,22.82,4965,0
2015-02-20,16:15:00,22.87,22.87,22.87,22.87,1400,0
2015-02-20,16:20:00,22.7,22.87,22.7,22.78,2775,0
2015-02-20,16:45:00,22.71,22.73,22.71,22.71,3400,0
2015-02-20,16:50:00,22.71,22.71,22.65,22.65,2200,0
2015-02-20,16:55:00,22.71,22.71,22.71,22.71,1000,0
2015-02-20,17:05:00,22.67,22.67,22.67,22.67,500,0
2015-02-20,17:10:00,22.7,22.7,22.68,22.69,3800,0
2015-02-20,17:15:00,22.69,22.69,22.68,22.68,2693,0
2015-02-20,17:25:00,22.69,22.7,22.69,22.7,1900,0
2015-02-20,17:40:00,22.65,22.65,22.65,22.65,850,0
2015-02-20,17:45:00,22.7,22.7,22.7,22.7,1075,0
2015-02-20,17:55:00,22.65,22.65,22.65,22.65,3000,0
2015-02-20,18:10:00,22.66,22.66,22.66,22.66,200,0
2015-02-20,18:15:00,22.67,22.67,22.67,22.67,300,0
2015-02-20,18:35:00,22.66,22.66,22.66,22.66,1330,0
2015-02-20,18:55:00,22.64,22.64,22.64,22.64,2900,0
2015-02-20,19:15:00,22.67,22.7,22.64,22.7,3623,0
2015-02-20,19:20:00,22.69,22.7,22.69,22.7,8417,0
2015-02-20,19:25:00,22.72,22.72,22.72,22.72,241,0
2015-02-20,19:30:00,22.7,22.72,22.66,22.66,6704,0
2015-02-20,19:35:00,22.68,22.7,22.68,22.7,4167,0
2015-02-20,19:40:00,22.7,22.7,22.7,22.7,307,0
2015-02-20,20:05:00,22.7,22.7,22.7,22.7,450,0
2015-02-20,20:20:00,22.72,22.72,22.72,22.72,100,0
2015-02-20,20:30:00,22.72,22.72,22.72,22.72,500,0
2015-02-20,20:35:00,22.7,22.7,22.7,22.7,743,0
2015-02-20,20:40:00,22.69,22.69,22.69,22.69,100,0
2015-02-20,20:45:00,22.66,22.66,22.61,22.61,3100,0
2015-02-20,20:55:00,22.7,22.7,22.64,22.64,749,0
2015-02-20,21:00:00,22.61,22.62,22.58,22.62,5285,0
2015-02-20,21:05:00,22.59,22.59,22.59,22.59,2000,0
2015-02-20,21:25:00,22.67,22.67,22.67,22.67,4850,0
2015-02-20,21:30:00,22.66,22.66,22.66,22.66,300,0
2015-02-20,21:35:00,22.67,22.73,22.67,22.73,4510,0
2015-02-20,21:50:00,22.66,22.69,22.66,22.69,961,0
2015-02-20,21:55:00,22.68,22.69,22.68,22.69,1423,0
2015-02-20,22:00:00,22.66,22.68,22.66,22.67,3071,0
2015-02-23,15:50:00,22.69,22.69,22.69,22.69,200,0
2015-02-23,16:00:00,22.72,22.72,22.65,22.66,830,0
2015-02-23,16:05:00,22.74,22.74,22.7,22.7,300,0
2015-02-23,16:25:00,22.7,22.7,22.7,22.7,1340,0
2015-02-23,16:30:00,22.7,22.7,22.7,22.7,450,0
2015-02-23,17:00:00,22.7,22.79,22.7,22.78,4903,0
2015-02-23,17:15:00,22.78,22.78,22.78,22.78,737,0
2015-02-23,17:25:00,22.75,22.8,22.72,22.72,7869,0
2015-02-23,17:30:00,22.73,22.73,22.73,22.73,1400,0
2015-02-23,17:35:00,22.71,22.73,22.66,22.69,3000,0
2015-02-23,17:40:00,22.69,22.71,22.66,22.7,8743,0
2015-02-23,17:45:00,22.7,22.71,22.7,22.71,1663,0
2015-02-23,17:55:00,22.7,22.7,22.66,22.66,892,0
2015-02-23,18:00:00,22.69,22.69,22.66,22.66,1832,0
2015-02-23,18:05:00,22.73,22.73,22.68,22.71,4800,0
2015-02-23,18:10:00,22.68,22.79,22.68,22.77,7700,0
2015-02-23,18:15:00,22.79,22.79,22.75,22.75,4248,0
2015-02-23,18:20:00,22.75,22.76,22.74,22.74,4630,0
2015-02-23,18:30:00,22.75,22.75,22.75,22.75,100,0
2015-02-23,18:35:00,22.77,22.78,22.77,22.78,1800,0
2015-02-23,18:45:00,22.75,22.75,22.75,22.75,636,0
2015-02-23,18:50:00,22.74,22.74,22.74,22.74,342,0
2015-02-23,19:15:00,22.72,22.8,22.72,22.8,893,0
2015-02-23,19:25:00,22.72,22.72,22.72,22.72,350,0
2015-02-23,19:30:00,22.72,22.72,22.72,22.72,2522,0
2015-02-23,19:40:00,22.76,22.76,22.76,22.76,484,0
2015-02-23,19:55:00,22.77,22.79,22.77,22.79,1000,0
2015-02-23,20:05:00,22.79,22.81,22.79,22.81,2724,0
2015-02-23,20:10:00,22.84,22.84,22.84,22.84,200,0
2015-02-23,20:30:00,22.84,22.84,22.84,22.84,100,0
2015-02-23,20:35:00,22.85,22.86,22.81,22.81,3805,0
2015-02-23,20:40:00,22.81,22.81,22.81,22.81,200,0
2015-02-23,20:45:00,22.86,22.87,22.86,22.87,1357,0
2015-02-23,20:50:00,22.89,22.91,22.89,22.91,1300,0
2015-02-23,20:55:00,22.92,22.98,22.92,22.98,5000,0
2015-02-23,21:00:00,22.92,22.92,22.92,22.92,200,0
2015-02-23,21:05:00,22.93,22.93,22.93,22.93,500,0
2015-02-23,21:20:00,22.95,22.96,22.93,22.93,1935,0
2015-02-23,21:40:00,22.93,22.93,22.93,22.93,1449,0
