Date,Time,Open,High,Low,Close,Volume,OpenInt
2015-01-23,20:00:00,24.51,24.51,24.51,24.51,300,0
2015-01-23,20:05:00,24.54,24.56,24.54,24.56,1102,0
2015-01-23,20:15:00,24.56,24.58,24.53,24.58,2490,0
2015-01-23,20:20:00,24.58,24.58,24.53,24.53,2006,0
2015-01-23,20:25:00,24.54,24.54,24.54,24.54,700,0
2015-01-23,20:30:00,24.54,24.54,24.51,24.54,1555,0
2015-01-23,20:40:00,24.54,24.54,24.54,24.54,941,0
2015-01-23,20:55:00,24.53,24.53,24.53,24.53,1400,0
2015-01-23,21:00:00,24.52,24.52,24.52,24.52,500,0
2015-01-23,21:10:00,24.5,24.5,24.5,24.5,200,0
2015-01-23,21:25:00,24.5,24.5,24.5,24.5,5900,0
2015-01-23,21:30:00,24.5,24.5,24.5,24.5,400,0
2015-01-23,21:35:00,24.5,24.5,24.5,24.5,802,0
2015-01-23,21:45:00,24.49,24.49,24.49,24.49,238,0
2015-01-23,21:50:00,24.5,24.51,24.5,24.51,273,0
2015-01-23,21:55:00,24.51,24.53,24.51,24.51,6345,0
2015-01-23,22:00:00,24.5,24.51,24.49,24.49,945,0
2015-01-26,15:35:00,24.43,24.43,24.43,24.43,2031,0
2015-01-26,15:55:00,24.49,24.49,24.49,24.49,700,0
2015-01-26,16:00:00,24.5,24.5,24.5,24.5,245,0
2015-01-26,16:05:00,24.5,24.5,24.5,24.5,600,0
2015-01-26,16:10:00,24.5,24.5,24.49,24.49,1500,0
2015-01-26,16:20:00,24.5,24.5,24.5,24.5,3200,0
2015-01-26,16:25:00,24.5,24.5,24.49,24.5,1385,0
2015-01-26,16:30:00,24.5,24.5,24.5,24.5,2267,0
2015-01-26,16:35:00,24.5,24.5,24.5,24.5,200,0
2015-01-26,16:40:00,24.5,24.5,24.5,24.5,300,0
2015-01-26,16:45:00,24.5,24.5,24.5,24.5,245,0
2015-01-26,16:50:00,24.49,24.49,24.49,24.49,3990,0
2015-01-26,17:05:00,24.49,24.49,24.49,24.49,600,0
2015-01-26,17:15:00,24.49,24.49,24.48,24.49,2077,0
2015-01-26,17:20:00,24.49,24.49,24.49,24.49,945,0
2015-01-26,17:40:00,24.48,24.5,24.48,24.5,3890,0
2015-01-26,17:45:00,24.5,24.5,24.49,24.5,652,0
2015-01-26,17:50:00,24.5,24.5,24.5,24.5,900,0
2015-01-26,18:05:00,24.49,24.5,24.49,24.5,3597,0
2015-01-26,18:10:00,24.5,24.5,24.5,24.5,100,0
2015-01-26,18:15:00,24.5,24.5,24.48,24.49,2045,0
2015-01-26,18:20:00,24.5,24.5,24.5,24.5,900,0
2015-01-26,18:35:00,24.49,24.49,24.49,24.49,500,0
2015-01-26,19:05:00,24.49,24.5,24.49,24.5,4695,0
2015-01-26,19:10:00,24.5,24.5,24.5,24.5,100,0
2015-01-26,19:15:00,24.5,24.5,24.49,24.5,536,0
2015-01-26,19:20:00,24.5,24.5,24.49,24.49,3601,0
2015-01-26,19:25:00,24.5,24.5,24.5,24.5,589,0
2015-01-26,19:30:00,24.5,24.5,24.5,24.5,5185,0
2015-01-26,19:35:00,24.5,24.5,24.5,24.5,300,0
2015-01-26,19:40:00,24.5,24.5,24.5,24.5,700,0
2015-01-26,19:45:00,24.5,24.5,24.5,24.5,300,0
2015-01-26,19:50:00,24.5,24.5,24.5,24.5,2753,0
2015-01-26,19:55:00,24.5,24.5,24.5,24.5,300,0
2015-01-26,20:00:00,24.5,24.51,24.5,24.5,3400,0
2015-01-26,20:05:00,24.5,24.5,24.49,24.5,2530,0
2015-01-26,20:10:00,24.5,24.5,24.5,24.5,500,0
2015-01-26,20:15:00,24.5,24.5,24.49,24.5,550,0
2015-01-26,20:20:00,24.5,24.5,24.5,24.5,100,0
2015-01-26,20:25:00,24.5,24.5,24.5,24.5,2100,0
2015-01-26,20:30:00,24.5,24.5,24.5,24.5,200,0
2015-01-26,20:35:00,24.5,24.5,24.5,24.5,1300,0
2015-01-26,20:40:00,24.5,24.5,24.49,24.49,300,0
2015-01-26,20:45:00,24.5,24.5,24.5,24.5,500,0
2015-01-26,20:50:00,24.5,24.5,24.5,24.5,100,0
2015-01-26,20:55:00,24.5,24.5,24.5,24.5,415,0
2015-01-26,21:00:00,24.5,24.5,24.5,24.5,700,0
2015-01-26,21:05:00,24.49,24.5,24.49,24.5,3670,0
2015-01-26,21:10:00,24.5,24.5,24.5,24.5,300,0
2015-01-26,21:15:00,24.5,24.5,24.5,24.5,1865,0
2015-01-26,21:20:00,24.5,24.5,24.5,24.5,100,0
2015-01-26,21:25:00,24.5,24.5,24.5,24.5,900,0
2015-01-26,21:30:00,24.5,24.5,24.5,24.5,396,0
2015-01-26,21:35:00,24.5,24.5,24.5,24.5,1106,0
2015-01-26,21:40:00,24.5,24.5,24.5,24.5,556,0
2015-01-26,21:45:00,24.5,24.5,24.5,24.5,200,0
2015-01-26,21:50:00,24.5,24.5,24.5,24.5,700,0
2015-01-26,21:55:00,24.5,24.5,24.5,24.5,300,0
2015-01-26,22:00:00,24.5,24.5,24.49,24.5,2528,0
2015-01-27,15:35:00,24.42,24.42,24.42,24.42,600,0
2015-01-27,15:40:00,24.47,24.47,24.47,24.47,700,0
2015-01-27,16:00:00,24.5,24.5,24.5,24.5,1956,0
2015-01-27,16:05:00,24.49,24.49,24.49,24.49,100,0
2015-01-27,16:10:00,24.5,24.52,24.5,24.5,3511,0
2015-01-27,16:15:00,24.53,24.53,24.53,24.53,589,0
2015-01-27,16:20:00,24.52,24.53,24.52,24.53,978,0
2015-01-27,16:25:00,24.53,24.53,24.52,24.52,3800,0
2015-01-27,16:30:00,24.54,24.54,24.54,24.54,200,0
2015-01-27,16:35:00,24.54,24.54,24.54,24.54,100,0
2015-01-27,16:40:00,24.51,24.51,24.51,24.51,4704,0
2015-01-27,16:50:00,24.53,24.53,24.53,24.53,970,0
2015-01-27,16:55:00,24.51,24.55,24.51,24.55,959,0
2015-01-27,17:00:00,24.55,24.55,24.54,24.54,4500,0
2015-01-27,17:05:00,24.54,24.54,24.54,24.54,1055,0
2015-01-27,17:10:00,24.54,24.54,24.54,24.54,700,0
2015-01-27,17:15:00,24.54,24.54,24.54,24.54,600,0
2015-01-27,17:25:00,24.54,24.54,24.54,24.54,6400,0
2015-01-27,17:30:00,24.54,24.55,24.54,24.55,2870,0
2015-01-27,17:35:00,24.57,24.57,24.56,24.57,2310,0
2015-01-27,17:40:00,24.58,24.58,24.58,24.58,1235,0
2015-01-27,18:05:00,24.56,24.56,24.56,24.56,215,0
2015-01-27,18:15:00,24.55,24.56,24.55,24.56,1029,0
2015-01-27,18:20:00,24.56,24.56,24.56,24.56,2026,0
2015-01-27,18:25:00,24.54,24.54,24.54,24.54,1600,0
2015-01-27,18:30:00,24.55,24.55,24.55,24.55,100,0
2015-01-27,18:40:00,24.55,24.55,24.55,24.55,439,0
2015-01-27,18:45:00,24.56,24.56,24.56,24.56,1000,0
2015-01-27,18:50:00,24.56,24.56,24.56,24.56,400,0
2015-01-27,19:00:00,24.56,24.56,24.56,24.56,1290,0
2015-01-27,19:10:00,24.55,24.55,24.55,24.55,440,0
2015-01-27,19:50:00,24.56,24.56,24.56,24.56,212,0
2015-01-27,19:55:00,24.57,24.57,24.57,24.57,490,0
2015-01-27,20:10:00,24.56,24.57,24.54,24.54,1306,0
2015-01-27,20:20:00,24.56,24.56,24.56,24.56,1234,0
2015-01-27,20:25:00,24.56,24.56,24.56,24.56,490,0
2015-01-27,20:40:00,24.56,24.56,24.56,24.56,500,0
2015-01-27,20:55:00,24.54,24.54,24.54,24.54,369,0
2015-01-27,21:00:00,24.56,24.56,24.55,24.56,2281,0
2015-01-27,21:10:00,24.57,24.57,24.55,24.55,3900,0
2015-01-27,21:15:00,24.57,24.57,24.57,24.57,900,0
2015-01-27,21:40:00,24.55,24.56,24.55,24.55,4346,0
2015-01-27,21:45:00,24.57,24.57,24.57,24.57,2400,0
2015-01-27,21:50:00,24.57,24.57,24.57,24.57,905,0
2015-01-27,22:00:00,24.56,24.56,24.54,24.55,7400,0
2015-01-28,16:30:00,24.59,24.59,24.55,24.55,1900,0
2015-01-28,16:35:00,24.59,24.59,24.59,24.59,300,0
2015-01-28,16:50:00,24.58,24.58,24.57,24.57,1210,0
2015-01-28,17:05:00,24.56,24.56,24.55,24.55,2300,0
2015-01-28,17:20:00,24.57,24.57,24.57,24.57,100,0
2015-01-28,17:25:00,24.57,24.57,24.57,24.57,500,0
2015-01-28,17:35:00,24.56,24.56,24.56,24.56,1360,0
2015-01-28,17:40:00,24.56,24.56,24.56,24.56,1221,0
2015-01-28,17:50:00,24.57,24.57,24.57,24.57,100,0
2015-01-28,18:00:00,24.57,24.57,24.57,24.57,200,0
2015-01-28,18:05:00,24.57,24.57,24.56,24.56,900,0
2015-01-28,18:10:00,24.56,24.57,24.56,24.57,1688,0
2015-01-28,18:15:00,24.56,24.56,24.56,24.56,2400,0
2015-01-28,18:20:00,24.57,24.57,24.57,24.57,100,0
2015-01-28,18:25:00,24.57,24.57,24.57,24.57,1113,0
2015-01-28,18:35:00,24.57,24.57,24.57,24.57,400,0
2015-01-28,18:40:00,24.57,24.57,24.57,24.57,2235,0
2015-01-28,18:50:00,24.57,24.57,24.57,24.57,200,0
2015-01-28,18:55:00,24.57,24.57,24.57,24.57,100,0
2015-01-28,19:15:00,24.57,24.57,24.57,24.57,262,0
2015-01-28,19:30:00,24.56,24.56,24.56,24.56,816,0
2015-01-28,19:35:00,24.58,24.58,24.58,24.58,1100,0
2015-01-28,19:40:00,24.57,24.57,24.57,24.57,530,0
2015-01-28,19:50:00,24.57,24.57,24.56,24.56,2979,0
2015-01-28,19:55:00,24.57,24.57,24.57,24.57,980,0
2015-01-28,20:05:00,24.57,24.57,24.57,24.57,300,0
2015-01-28,20:15:00,24.57,24.57,24.57,24.57,850,0
2015-01-28,20:25:00,24.57,24.57,24.57,24.57,272,0
2015-01-28,20:30:00,24.57,24.57,24.56,24.56,469,0
2015-01-28,20:35:00,24.57,24.57,24.57,24.57,694,0
2015-01-28,20:40:00,24.57,24.57,24.57,24.57,2033,0
2015-01-28,20:45:00,24.57,24.57,24.57,24.57,4335,0
2015-01-28,20:50:00,24.57,24.61,24.57,24.61,6774,0
2015-01-28,20:55:00,24.6,24.62,24.6,24.62,1000,0
2015-01-28,21:00:00,24.62,24.62,24.62,24.62,300,0
2015-01-28,21:10:00,24.63,24.63,24.63,24.63,800,0
2015-01-28,21:15:00,24.63,24.64,24.63,24.64,500,0
2015-01-28,21:20:00,24.63,24.66,24.63,24.66,24512,0
2015-01-28,21:25:00,24.69,24.69,24.69,24.69,200,0
2015-01-28,21:30:00,24.69,24.7,24.69,24.7,300,0
2015-01-28,21:40:00,24.69,24.69,24.69,24.69,200,0
2015-01-28,21:45:00,24.69,24.69,24.69,24.69,3144,0
2015-01-28,21:50:00,24.69,24.69,24.69,24.69,800,0
2015-01-28,22:00:00,24.71,24.75,24.69,24.69,3595,0
2015-01-29,15:35:00,24.69,24.75,24.69,24.75,2872,0
2015-01-29,16:00:00,24.72,24.73,24.72,24.73,1750,0
2015-01-29,16:05:00,24.77,24.77,24.76,24.76,3200,0
2015-01-29,16:10:00,24.77,24.77,24.75,24.76,1100,0
2015-01-29,16:15:00,24.77,24.77,24.77,24.77,4800,0
2015-01-29,16:20:00,24.76,24.76,24.76,24.76,425,0
2015-01-29,16:25:00,24.75,24.75,24.75,24.75,1200,0
2015-01-29,16:30:00,24.77,24.78,24.77,24.78,2786,0
2015-01-29,16:35:00,24.76,24.76,24.76,24.76,4200,0
2015-01-29,16:40:00,24.79,24.79,24.76,24.76,3389,0
2015-01-29,16:45:00,24.76,24.79,24.75,24.75,6485,0
2015-01-29,16:50:00,24.74,24.74,24.74,24.74,500,0
2015-01-29,16:55:00,24.72,24.72,24.7,24.7,919,0
2015-01-29,17:05:00,24.7,24.7,24.7,24.7,926,0
2015-01-29,17:15:00,24.7,24.7,24.7,24.7,100,0
2015-01-29,17:20:00,24.7,24.7,24.7,24.7,689,0
2015-01-29,17:25:00,24.7,24.72,24.7,24.72,1752,0
2015-01-29,17:30:00,24.72,24.75,24.72,24.75,650,0
2015-01-29,17:35:00,24.75,24.75,24.75,24.75,200,0
2015-01-29,17:45:00,24.75,24.75,24.75,24.75,400,0
2015-01-29,17:50:00,24.76,24.87,24.76,24.79,11185,0
2015-01-29,17:55:00,24.79,24.82,24.79,24.82,1382,0
2015-01-29,18:05:00,24.83,24.83,24.83,24.83,100,0
2015-01-29,18:10:00,24.8,24.8,24.8,24.8,1500,0
2015-01-29,18:15:00,24.8,24.8,24.8,24.8,207,0
2015-01-29,18:20:00,24.8,24.8,24.79,24.79,1564,0
2015-01-29,18:30:00,24.8,24.8,24.8,24.8,400,0
2015-01-29,18:35:00,24.8,24.8,24.8,24.8,506,0
2015-01-29,18:40:00,24.8,24.8,24.8,24.8,690,0
2015-01-29,18:50:00,24.79,24.8,24.79,24.79,786,0
2015-01-29,18:55:00,24.78,24.78,24.78,24.78,900,0
2015-01-29,19:00:00,24.78,24.78,24.78,24.78,200,0
2015-01-29,19:05:00,24.78,24.78,24.76,24.76,800,0
2015-01-29,19:10:00,24.76,24.76,24.76,24.76,870,0
2015-01-29,19:20:00,24.76,24.76,24.76,24.76,100,0
2015-01-29,19:25:00,24.76,24.76,24.76,24.76,100,0
2015-01-29,19:35:00,24.76,24.76,24.76,24.76,245,0
2015-01-29,19:40:00,24.75,24.75,24.75,24.75,243,0
2015-01-29,19:45:00,24.76,24.76,24.76,24.76,900,0
2015-01-29,19:50:00,24.76,24.76,24.76,24.76,1456,0
2015-01-29,20:00:00,24.74,24.77,24.74,24.77,25100,0
2015-01-29,20:10:00,24.77,24.77,24.77,24.77,500,0
2015-01-29,20:20:00,24.77,24.77,24.77,24.77,100,0
2015-01-29,20:25:00,24.77,24.77,24.77,24.77,100,0
2015-01-29,20:30:00,24.76,24.76,24.76,24.76,500,0
2015-01-29,20:35:00,24.77,24.77,24.77,24.77,465,0
2015-01-29,20:40:00,24.76,24.77,24.76,24.76,1600,0
2015-01-29,20:45:00,24.77,24.77,24.76,24.76,1200,0
2015-01-29,20:50:00,24.76,24.76,24.76,24.76,500,0
2015-01-29,20:55:00,24.76,24.76,24.75,24.75,400,0
2015-01-29,21:00:00,24.75,24.77,24.75,24.76,1250,0
2015-01-29,21:05:00,24.75,24.76,24.75,24.75,400,0
2015-01-29,21:10:00,24.75,24.75,24.74,24.75,3100,0
2015-01-29,21:15:00,24.73,24.75,24.73,24.75,3100,0
2015-01-29,21:20:00,24.76,24.76,24.76,24.76,200,0
2015-01-29,21:25:00,24.77,24.77,24.74,24.74,1152,0
2015-01-29,21:30:00,24.73,24.74,24.73,24.74,700,0
2015-01-29,21:35:00,24.74,24.74,24.71,24.71,1704,0
2015-01-29,21:40:00,24.72,24.73,24.71,24.72,3435,0
2015-01-29,21:45:00,24.74,24.74,24.72,24.72,700,0
2015-01-29,21:50:00,24.72,24.75,24.72,24.72,700,0
2015-01-29,21:55:00,24.75,24.75,24.72,24.73,1200,0
2015-01-29,22:00:00,24.73,24.75,24.7,24.74,3511,0
2015-01-30,15:50:00,24.74,24.77,24.74,24.77,1800,0
2015-01-30,16:05:00,24.75,24.75,24.75,24.75,8658,0
2015-01-30,16:10:00,24.75,24.75,24.75,24.75,6000,0
2015-01-30,16:15:00,24.75,24.75,24.75,24.75,2400,0
2015-01-30,16:20:00,24.75,24.75,24.75,24.75,1900,0
2015-01-30,16:25:00,24.75,24.75,24.74,24.74,456,0
2015-01-30,16:35:00,24.75,24.75,24.75,24.75,2700,0
2015-01-30,16:40:00,24.75,24.75,24.75,24.75,400,0
2015-01-30,16:45:00,24.75,24.75,24.75,24.75,700,0
2015-01-30,16:50:00,24.75,24.75,24.74,24.74,7028,0
2015-01-30,16:55:00,24.73,24.74,24.73,24.74,600,0
2015-01-30,17:05:00,24.74,24.74,24.73,24.73,600,0
2015-01-30,17:10:00,24.73,24.73,24.72,24.72,2489,0
2015-01-30,17:15:00,24.73,24.73,24.73,24.73,965,0
2015-01-30,17:20:00,24.73,24.73,24.7,24.7,1700,0
2015-01-30,17:25:00,24.71,24.71,24.71,24.71,1444,0
2015-01-30,17:30:00,24.69,24.69,24.69,24.69,4000,0
2015-01-30,17:40:00,24.74,24.74,24.74,24.74,100,0
2015-01-30,17:55:00,24.75,24.75,24.75,24.75,1300,0
2015-01-30,18:00:00,24.75,24.75,24.75,24.75,400,0
2015-01-30,18:05:00,24.75,24.75,24.75,24.75,690,0
2015-01-30,18:30:00,24.75,24.75,24.75,24.75,400,0
2015-01-30,18:35:00,24.75,24.75,24.75,24.75,244,0
2015-01-30,18:40:00,24.75,24.75,24.75,24.75,500,0
2015-01-30,18:45:00,24.75,24.75,24.75,24.75,304,0
2015-01-30,18:55:00,24.73,24.73,24.73,24.73,760,0
2015-01-30,19:15:00,24.75,24.75,24.75,24.75,5000,0
2015-01-30,19:20:00,24.75,24.75,24.75,24.75,200,0
2015-01-30,19:25:00,24.74,24.74,24.74,24.74,324,0
2015-01-30,19:30:00,24.73,24.73,24.73,24.73,808,0
2015-01-30,19:40:00,24.75,24.75,24.75,24.75,126,0
2015-01-30,19:50:00,24.73,24.73,24.73,24.73,2000,0
2015-01-30,19:55:00,24.75,24.75,24.75,24.75,10535,0
2015-01-30,20:00:00,24.75,24.81,24.75,24.81,4672,0
2015-01-30,20:05:00,24.78,24.78,24.78,24.78,513,0
2015-01-30,20:15:00,24.81,24.81,24.81,24.81,2000,0
2015-01-30,20:25:00,24.81,24.81,24.81,24.81,500,0
2015-01-30,20:35:00,24.82,24.82,24.82,24.82,1323,0
2015-01-30,20:40:00,24.8,24.8,24.79,24.8,1100,0
2015-01-30,20:55:00,24.82,24.82,24.81,24.82,1200,0
2015-01-30,21:00:00,24.82,24.82,24.82,24.82,100,0
2015-01-30,21:05:00,24.76,24.83,24.76,24.81,2800,0
2015-01-30,21:15:00,24.84,24.86,24.84,24.86,4182,0
2015-01-30,21:30:00,24.83,24.83,24.83,24.83,132,0
2015-01-30,21:35:00,24.86,24.86,24.84,24.84,1389,0
2015-01-30,21:40:00,24.83,24.83,24.83,24.83,200,0
2015-01-30,21:45:00,24.83,24.83,24.83,24.83,400,0
2015-01-30,21:50:00,24.83,24.83,24.83,24.83,700,0
2015-01-30,21:55:00,24.84,24.89,24.84,24.89,6783,0
2015-01-30,22:00:00,24.95,24.96,24.89,24.89,10350,0
2015-02-02,15:40:00,24.94,24.94,24.92,24.92,3806,0
2015-02-02,15:55:00,24.96,24.96,24.95,24.95,2300,0
2015-02-02,16:05:00,24.95,24.96,24.94,24.94,1055,0
2015-02-02,16:10:00,24.95,24.96,24.95,24.96,1045,0
2015-02-02,16:20:00,24.96,24.96,24.96,24.96,700,0
2015-02-02,16:25:00,24.96,24.96,24.96,24.96,300,0
2015-02-02,16:35:00,24.95,24.95,24.95,24.95,900,0
2015-02-02,16:50:00,24.96,24.96,24.96,24.96,1100,0
2015-02-02,16:55:00,24.96,24.96,24.94,24.96,814,0
2015-02-02,17:05:00,24.96,24.96,24.96,24.96,250,0
2015-02-02,17:20:00,24.95,24.95,24.95,24.95,1100,0
2015-02-02,17:25:00,24.95,24.96,24.95,24.96,1200,0
2015-02-02,17:30:00,24.96,24.96,24.96,24.96,400,0
2015-02-02,17:35:00,24.96,24.96,24.96,24.96,2500,0
2015-02-02,17:40:00,24.96,24.96,24.96,24.96,600,0
2015-02-02,17:45:00,24.96,24.97,24.96,24.97,23816,0
2015-02-02,17:50:00,24.97,24.97,24.97,24.97,300,0
2015-02-02,17:55:00,24.97,24.97,24.96,24.97,560,0
2015-02-02,18:00:00,24.97,24.97,24.97,24.97,100,0
2015-02-02,18:05:00,24.97,24.97,24.97,24.97,800,0
2015-02-02,18:15:00,24.97,24.97,24.97,24.97,354,0
2015-02-02,18:20:00,24.97,24.97,24.97,24.97,1200,0
2015-02-02,18:35:00,24.98,24.98,24.97,24.97,2600,0
2015-02-02,18:45:00,24.97,24.98,24.97,24.98,500,0
2015-02-02,19:05:00,24.98,24.98,24.98,24.98,100,0
2015-02-02,19:10:00,24.97,24.97,24.97,24.97,600,0
2015-02-02,19:20:00,24.98,24.98,24.98,24.98,3008,0
2015-02-02,19:25:00,24.98,24.98,24.98,24.98,100,0
2015-02-02,19:30:00,24.98,24.99,24.98,24.99,707,0
2015-02-02,19:35:00,24.99,24.99,24.98,24.99,2200,0
2015-02-02,19:45:00,24.98,24.98,24.98,24.98,800,0
2015-02-02,20:00:00,24.98,24.98,24.98,24.98,400,0
2015-02-02,20:05:00,24.98,24.99,24.98,24.99,1770,0
2015-02-02,20:10:00,24.99,24.99,24.98,24.99,1122,0
2015-02-02,20:15:00,24.98,24.98,24.98,24.98,584,0
2015-02-02,20:20:00,24.98,24.99,24.98,24.99,3374,0
2015-02-02,20:25:00,24.99,24.99,24.99,24.99,244,0
2015-02-02,20:35:00,24.99,24.99,24.99,24.99,100,0
2015-02-02,20:45:00,24.99,24.99,24.97,24.97,1784,0
2015-02-02,20:50:00,24.94,24.97,24.94,24.97,2100,0
2015-02-02,21:00:00,24.97,24.97,24.97,24.97,1000,0
2015-02-02,21:05:00,24.97,24.97,24.97,24.97,200,0
2015-02-02,21:10:00,24.96,24.97,24.96,24.97,1762,0
2015-02-02,21:15:00,24.97,24.97,24.97,24.97,918,0
2015-02-02,21:30:00,24.97,24.97,24.97,24.97,100,0
2015-02-02,21:35:00,24.96,24.97,24.96,24.97,1298,0
2015-02-02,21:45:00,24.97,24.97,24.97,24.97,1200,0
2015-02-02,21:50:00,24.97,24.97,24.97,24.97,1000,0
2015-02-02,21:55:00,24.97,24.97,24.97,24.97,1678,0
2015-02-02,22:00:00,24.96,24.99,24.96,24.98,7665,0
2015-02-03,15:35:00,24.96,24.96,24.95,24.95,930,0
2015-02-03,15:40:00,24.95,24.95,24.95,24.95,1100,0
2015-02-03,15:50:00,24.94,24.94,24.94,24.94,2000,0
2015-02-03,15:55:00,24.93,24.93,24.91,24.91,13933,0
2015-02-03,16:00:00,24.92,24.93,24.92,24.93,4100,0
2015-02-03,16:05:00,24.94,24.94,24.91,24.91,1700,0
2015-02-03,16:15:00,24.93,24.93,24.93,24.93,100,0
2015-02-03,16:20:00,24.93,24.93,24.93,24.93,100,0
2015-02-03,16:25:00,24.93,24.93,24.93,24.93,100,0
2015-02-03,16:30:00,24.93,24.97,24.93,24.97,8000,0
2015-02-03,16:40:00,24.97,24.97,24.97,24.97,840,0
2015-02-03,16:55:00,24.97,24.98,24.97,24.97,2199,0
2015-02-03,17:00:00,24.98,24.98,24.98,24.98,300,0
2015-02-03,17:05:00,24.98,24.98,24.98,24.98,1000,0
2015-02-03,17:15:00,24.99,24.99,24.99,24.99,100,0
2015-02-03,17:20:00,24.98,24.98,24.98,24.98,1000,0
2015-02-03,17:30:00,24.98,24.98,24.96,24.96,1536,0
2015-02-03,17:35:00,24.96,24.96,24.96,24.96,200,0
2015-02-03,17:40:00,24.96,24.96,24.96,24.96,400,0
2015-02-03,17:45:00,24.96,24.96,24.96,24.96,600,0
2015-02-03,17:50:00,24.96,24.96,24.96,24.96,1040,0
2015-02-03,17:55:00,24.95,24.95,24.95,24.95,130,0
2015-02-03,18:00:00,24.96,24.97,24.96,24.97,745,0
2015-02-03,18:05:00,24.98,24.98,24.98,24.98,7100,0
2015-02-03,18:15:00,24.98,24.98,24.98,24.98,600,0
2015-02-03,18:20:00,24.98,24.98,24.98,24.98,224,0
2015-02-03,18:25:00,24.98,24.98,24.98,24.98,1100,0
2015-02-03,18:30:00,24.98,24.98,24.98,24.98,1014,0
2015-02-03,18:35:00,24.98,24.98,24.98,24.98,245,0
2015-02-03,18:45:00,24.98,24.98,24.98,24.98,900,0
2015-02-03,19:00:00,24.99,24.99,24.98,24.98,500,0
2015-02-03,19:10:00,24.98,24.98,24.98,24.98,318,0
2015-02-03,19:30:00,24.99,24.99,24.99,24.99,430,0
2015-02-03,19:35:00,24.99,24.99,24.99,24.99,1000,0
2015-02-03,19:50:00,24.99,24.99,24.98,24.99,4490,0
2015-02-03,19:55:00,24.97,24.98,24.97,24.98,1100,0
2015-02-03,20:00:00,24.98,24.98,24.98,24.98,900,0
2015-02-03,20:05:00,24.97,24.98,24.97,24.97,3183,0
2015-02-03,20:15:00,24.97,24.97,24.95,24.95,2054,0
2015-02-03,20:20:00,24.95,24.96,24.95,24.96,1260,0
2015-02-03,20:30:00,24.95,24.96,24.95,24.96,1717,0
2015-02-03,20:35:00,24.96,24.96,24.96,24.96,245,0
2015-02-03,20:45:00,24.95,24.95,24.94,24.94,300,0
2015-02-03,20:50:00,24.96,24.96,24.96,24.96,163,0
2015-02-03,21:05:00,24.96,24.96,24.96,24.96,1000,0
2015-02-03,21:15:00,24.96,24.96,24.96,24.96,800,0
2015-02-03,21:20:00,24.96,24.96,24.95,24.95,675,0
2015-02-03,21:25:00,24.96,24.96,24.95,24.95,15300,0
2015-02-03,21:30:00,24.97,24.97,24.97,24.97,2250,0
2015-02-03,21:35:00,24.97,24.97,24.97,24.97,2225,0
2015-02-03,21:40:00,24.97,24.97,24.97,24.97,480,0
2015-02-03,21:45:00,24.97,24.97,24.96,24.96,3075,0
2015-02-03,21:50:00,24.97,24.99,24.97,24.99,1300,0
2015-02-03,21:55:00,24.99,24.99,24.99,24.99,400,0
2015-02-03,22:00:00,24.98,24.99,24.98,24.99,4256,0
2015-02-04,15:35:00,24.96,24.97,24.95,24.96,2000,0
2015-02-04,15:55:00,24.96,24.96,24.92,24.92,1287,0
2015-02-04,16:05:00,24.93,24.93,24.92,24.92,840,0
2015-02-04,16:10:00,24.92,24.92,24.92,24.92,200,0
2015-02-04,16:25:00,24.92,24.93,24.92,24.93,675,0
2015-02-04,16:30:00,24.92,24.92,24.88,24.91,1700,0
2015-02-04,16:35:00,24.91,24.91,24.89,24.9,1070,0
2015-02-04,16:40:00,24.89,24.89,24.84,24.87,2155,0
2015-02-04,16:45:00,24.88,24.89,24.88,24.89,1000,0
2015-02-04,17:05:00,24.89,24.89,24.89,24.89,100,0
2015-02-04,17:10:00,24.88,24.89,24.88,24.89,2200,0
2015-02-04,17:15:00,24.89,24.89,24.89,24.89,300,0
2015-02-04,17:20:00,24.9,24.91,24.9,24.91,1000,0
2015-02-04,17:30:00,24.91,24.91,24.91,24.91,230,0
2015-02-04,17:35:00,24.91,24.91,24.89,24.9,5450,0
2015-02-04,17:40:00,24.9,24.91,24.9,24.9,2000,0
2015-02-04,17:45:00,24.9,24.9,24.9,24.9,500,0
2015-02-04,17:55:00,24.9,24.9,24.9,24.9,300,0
2015-02-04,18:25:00,24.9,24.9,24.9,24.9,200,0
2015-02-04,18:30:00,24.9,24.9,24.9,24.9,700,0
2015-02-04,18:35:00,24.89,24.89,24.89,24.89,125,0
2015-02-04,18:40:00,24.9,24.9,24.9,24.9,200,0
2015-02-04,18:45:00,24.89,24.89,24.89,24.89,2000,0
2015-02-04,19:10:00,24.89,24.9,24.89,24.9,945,0
2015-02-04,19:15:00,24.9,24.9,24.89,24.9,1136,0
2015-02-04,19:20:00,24.89,24.89,24.88,24.88,450,0
2015-02-04,19:30:00,24.9,24.9,24.9,24.9,360,0
2015-02-04,19:35:00,24.9,24.9,24.9,24.9,800,0
2015-02-04,19:40:00,24.9,24.94,24.9,24.93,5905,0
2015-02-04,20:00:00,24.93,24.93,24.93,24.93,420,0
2015-02-04,20:05:00,24.92,24.92,24.92,24.92,1020,0
2015-02-04,20:15:00,24.91,24.91,24.9,24.9,868,0
2015-02-04,20:25:00,24.89,24.89,24.89,24.89,300,0
2015-02-04,20:35:00,24.9,24.92,24.9,24.9,1800,0
2015-02-04,20:40:00,24.89,24.89,24.89,24.89,352,0
2015-02-04,20:45:00,24.9,24.9,24.9,24.9,200,0
2015-02-04,20:50:00,24.9,24.91,24.9,24.91,1750,0
2015-02-04,20:55:00,24.89,24.9,24.89,24.9,497,0
2015-02-04,21:00:00,24.9,24.91,24.9,24.91,1220,0
2015-02-04,21:05:00,24.91,24.91,24.9,24.9,2300,0
2015-02-04,21:10:00,24.91,24.91,24.9,24.9,3698,0
2015-02-04,21:25:00,24.9,24.9,24.9,24.9,200,0
2015-02-04,21:30:00,24.9,24.9,24.9,24.9,450,0
2015-02-04,21:35:00,24.9,24.9,24.89,24.9,1700,0
2015-02-04,21:45:00,24.9,24.92,24.9,24.9,2379,0
2015-02-04,21:50:00,24.9,24.9,24.9,24.9,100,0
2015-02-04,21:55:00,24.9,24.9,24.89,24.9,2000,0
2015-02-04,22:00:00,24.9,24.91,24.89,24.89,5555,0
2015-02-05,15:35:00,24.94,24.94,24.94,24.94,300,0
2015-02-05,15:40:00,24.9,24.9,24.9,24.9,100,0
2015-02-05,15:45:00,24.89,24.89,24.89,24.89,1000,0
2015-02-05,15:50:00,24.93,24.96,24.93,24.94,2900,0
2015-02-05,15:55:00,24.94,24.94,24.93,24.94,1527,0
2015-02-05,16:00:00,24.92,24.92,24.92,24.92,500,0
2015-02-05,16:05:00,24.93,24.93,24.93,24.93,800,0
2015-02-05,16:10:00,24.92,24.92,24.92,24.92,150,0
2015-02-05,16:15:00,24.93,24.93,24.93,24.93,300,0
2015-02-05,16:20:00,24.93,24.93,24.93,24.93,400,0
2015-02-05,16:25:00,24.93,24.93,24.93,24.93,100,0
2015-02-05,16:35:00,24.93,24.93,24.93,24.93,1414,0
2015-02-05,16:45:00,24.93,24.93,24.93,24.93,735,0
2015-02-05,16:50:00,24.92,24.93,24.92,24.93,1000,0
2015-02-05,16:55:00,24.92,24.93,24.92,24.93,3100,0
2015-02-05,17:00:00,24.92,24.92,24.91,24.91,14656,0
2015-02-05,17:25:00,24.92,24.92,24.92,24.92,100,0
2015-02-05,17:35:00,24.92,24.92,24.92,24.92,1100,0
2015-02-05,17:45:00,24.91,24.91,24.91,24.91,1400,0
2015-02-05,17:50:00,24.9,24.9,24.84,24.84,6405,0
2015-02-05,18:00:00,24.85,24.85,24.85,24.85,620,0
2015-02-05,18:10:00,24.86,24.86,24.86,24.86,297,0
2015-02-05,18:15:00,24.86,24.87,24.86,24.87,700,0
2015-02-05,18:20:00,24.88,24.88,24.87,24.87,300,0
2015-02-05,18:40:00,24.87,24.87,24.87,24.87,570,0
2015-02-05,18:45:00,24.88,24.88,24.88,24.88,100,0
2015-02-05,18:50:00,24.87,24.89,24.87,24.88,2428,0
2015-02-05,19:00:00,24.88,24.88,24.88,24.88,245,0
2015-02-05,19:05:00,24.89,24.89,24.89,24.89,489,0
2015-02-05,19:10:00,24.89,24.89,24.89,24.89,150,0
2015-02-05,19:15:00,24.89,24.89,24.88,24.89,1023,0
2015-02-05,19:30:00,24.89,24.89,24.89,24.89,400,0
2015-02-05,19:40:00,24.89,24.89,24.89,24.89,200,0
2015-02-05,19:45:00,24.9,24.9,24.9,24.9,806,0
2015-02-05,20:00:00,24.89,24.89,24.89,24.89,2619,0
2015-02-05,20:05:00,24.89,24.89,24.89,24.89,589,0
2015-02-05,20:15:00,24.88,24.88,24.88,24.88,600,0
2015-02-05,20:20:00,24.9,24.9,24.9,24.9,3500,0
2015-02-05,20:25:00,24.9,24.9,24.9,24.9,1508,0
2015-02-05,20:30:00,24.9,24.9,24.9,24.9,1501,0
2015-02-05,20:35:00,24.9,24.9,24.9,24.9,845,0
2015-02-05,20:40:00,24.9,24.9,24.9,24.9,400,0
2015-02-05,20:45:00,24.9,24.9,24.89,24.9,3700,0
2015-02-05,20:50:00,24.9,24.9,24.9,24.9,4000,0
2015-02-05,21:00:00,24.9,24.9,24.89,24.89,834,0
2015-02-05,21:05:00,24.9,24.9,24.9,24.9,1800,0
2015-02-05,21:10:00,24.9,24.9,24.9,24.9,100,0
2015-02-05,21:15:00,24.9,24.9,24.9,24.9,1178,0
2015-02-05,21:20:00,24.9,24.9,24.9,24.9,1000,0
2015-02-05,21:25:00,24.9,24.9,24.9,24.9,200,0
2015-02-05,21:30:00,24.9,24.9,24.89,24.9,1794,0
2015-02-05,21:35:00,24.9,24.9,24.89,24.89,2937,0
2015-02-05,21:40:00,24.9,24.9,24.88,24.88,2861,0
2015-02-05,21:45:00,24.9,24.9,24.87,24.87,2363,0
2015-02-05,21:50:00,24.9,24.9,24.9,24.9,200,0
2015-02-05,21:55:00,24.9,24.9,24.89,24.9,865,0
2015-02-05,22:00:00,24.9,24.9,24.88,24.88,22650,0
2015-02-06,15:35:00,24.89,24.89,24.86,24.86,1200,0
2015-02-06,15:40:00,24.86,24.87,24.86,24.87,1189,0
2015-02-06,15:45:00,24.87,24.9,24.87,24.9,3100,0
2015-02-06,15:50:00,24.9,24.9,24.9,24.9,500,0
2015-02-06,16:05:00,24.91,24.91,24.91,24.91,1264,0
2015-02-06,16:20:00,24.9,24.91,24.89,24.9,4609,0
2015-02-06,16:25:00,24.9,24.9,24.9,24.9,220,0
2015-02-06,16:35:00,24.89,24.89,24.89,24.89,160,0
2015-02-06,16:40:00,24.9,24.9,24.9,24.9,7962,0
2015-02-06,17:10:00,24.89,24.89,24.89,24.89,1196,0
2015-02-06,17:15:00,24.89,24.89,24.87,24.87,3378,0
2015-02-06,17:20:00,24.88,24.88,24.88,24.88,940,0
2015-02-06,17:25:00,24.88,24.88,24.88,24.88,350,0
2015-02-06,17:30:00,24.88,24.88,24.88,24.88,700,0
2015-02-06,17:40:00,24.87,24.87,24.87,24.87,200,0
2015-02-06,17:45:00,24.86,24.86,24.86,24.86,2100,0
2015-02-06,17:55:00,24.85,24.85,24.85,24.85,200,0
2015-02-06,18:00:00,24.86,24.86,24.86,24.86,3172,0
2015-02-06,18:10:00,24.85,24.85,24.85,24.85,600,0
2015-02-06,18:15:00,24.86,24.86,24.86,24.86,729,0
2015-02-06,18:25:00,24.85,24.85,24.85,24.85,130,0
2015-02-06,18:30:00,24.85,24.85,24.85,24.85,700,0
2015-02-06,18:35:00,24.86,24.86,24.85,24.85,647,0
2015-02-06,18:40:00,24.86,24.86,24.86,24.86,1000,0
2015-02-06,18:45:00,24.85,24.85,24.85,24.85,1792,0
2015-02-06,18:50:00,24.85,24.85,24.85,24.85,1900,0
2015-02-06,19:05:00,24.86,24.86,24.86,24.86,400,0
2015-02-06,19:50:00,24.85,24.86,24.85,24.86,719,0
2015-02-06,19:55:00,24.86,24.86,24.86,24.86,5700,0
2015-02-06,20:00:00,24.85,24.86,24.85,24.86,5575,0
2015-02-06,20:10:00,24.85,24.85,24.85,24.85,1190,0
2015-02-06,20:15:00,24.86,24.86,24.85,24.85,772,0
2015-02-06,20:30:00,24.85,24.86,24.85,24.86,452,0
2015-02-06,20:45:00,24.84,24.86,24.84,24.86,2800,0
2015-02-06,20:55:00,24.86,24.86,24.85,24.85,1460,0
2015-02-06,21:05:00,24.86,24.86,24.86,24.86,950,0
2015-02-06,21:10:00,24.85,24.85,24.84,24.84,1300,0
2015-02-06,21:15:00,24.84,24.86,24.84,24.85,2014,0
2015-02-06,21:20:00,24.84,24.84,24.84,24.84,600,0
2015-02-06,21:25:00,24.85,24.85,24.85,24.85,357,0
2015-02-06,21:50:00,24.86,24.86,24.86,24.86,1200,0
2015-02-06,22:00:00,24.86,24.86,24.84,24.86,834,0
2015-02-09,15:35:00,24.89,24.89,24.89,24.89,3500,0
2015-02-09,15:40:00,24.88,24.88,24.87,24.87,700,0
2015-02-09,15:55:00,24.89,24.89,24.89,24.89,490,0
2015-02-09,16:00:00,24.88,24.89,24.88,24.89,2411,0
2015-02-09,16:05:00,24.88,24.88,24.88,24.88,1356,0
2015-02-09,16:10:00,24.89,24.89,24.88,24.89,500,0
2015-02-09,16:15:00,24.87,24.89,24.87,24.89,2300,0
2015-02-09,16:25:00,24.87,24.88,24.87,24.88,2300,0
2015-02-09,16:45:00,24.88,24.88,24.88,24.88,400,0
2015-02-09,16:50:00,24.88,24.88,24.88,24.88,300,0
2015-02-09,16:55:00,24.87,24.89,24.87,24.89,2000,0
2015-02-09,17:00:00,24.89,24.89,24.89,24.89,300,0
2015-02-09,17:05:00,24.89,24.89,24.89,24.89,980,0
2015-02-09,17:10:00,24.89,24.89,24.88,24.89,2700,0
2015-02-09,17:15:00,24.88,24.88,24.88,24.88,640,0
2015-02-09,17:20:00,24.89,24.89,24.89,24.89,600,0
2015-02-09,17:25:00,24.88,24.88,24.88,24.88,4640,0
2015-02-09,17:35:00,24.88,24.89,24.88,24.88,6319,0
2015-02-09,17:55:00,24.89,24.89,24.89,24.89,300,0
2015-02-09,18:05:00,24.89,24.9,24.89,24.9,400,0
2015-02-09,18:25:00,24.9,24.9,24.88,24.88,1600,0
2015-02-09,18:30:00,24.89,24.89,24.89,24.89,789,0
2015-02-09,18:40:00,24.89,24.9,24.89,24.9,6335,0
2015-02-09,18:45:00,24.9,24.9,24.9,24.9,300,0
2015-02-09,18:50:00,24.9,24.9,24.9,24.9,246,0
2015-02-09,19:00:00,24.89,24.89,24.89,24.89,153,0
2015-02-09,19:25:00,24.9,24.9,24.89,24.89,1070,0
2015-02-09,19:30:00,24.9,24.9,24.89,24.89,800,0
2015-02-09,20:00:00,24.91,24.91,24.89,24.89,1000,0
2015-02-09,20:05:00,24.9,24.9,24.89,24.89,2435,0
2015-02-09,20:20:00,24.89,24.89,24.89,24.89,400,0
2015-02-09,20:25:00,24.89,24.89,24.89,24.89,300,0
2015-02-09,20:30:00,24.91,24.91,24.89,24.89,2500,0
2015-02-09,20:35:00,24.88,24.89,24.88,24.89,1854,0
2015-02-09,20:40:00,24.88,24.89,24.88,24.88,900,0
2015-02-09,20:45:00,24.88,24.89,24.88,24.89,526,0
2015-02-09,21:00:00,24.89,24.89,24.89,24.89,100,0
2015-02-09,21:10:00,24.89,24.89,24.89,24.89,400,0
2015-02-09,21:15:00,24.89,24.89,24.89,24.89,245,0
2015-02-09,21:20:00,24.88,24.89,24.88,24.89,1778,0
2015-02-09,21:25:00,24.87,24.87,24.87,24.87,570,0
2015-02-09,21:45:00,24.89,24.89,24.89,24.89,2300,0
2015-02-09,21:50:00,24.89,24.89,24.89,24.89,2000,0
2015-02-09,22:00:00,24.89,24.89,24.87,24.87,800,0
2015-02-10,15:35:00,24.85,24.88,24.82,24.82,3232,0
2015-02-10,15:40:00,24.83,24.92,24.82,24.92,1184,0
2015-02-10,15:45:00,24.91,24.91,24.91,24.91,100,0
2015-02-10,15:50:00,24.86,24.89,24.86,24.89,972,0
2015-02-10,16:05:00,24.87,24.89,24.85,24.85,1500,0
2015-02-10,16:15:00,24.85,24.85,24.85,24.85,400,0
2015-02-10,16:20:00,24.85,24.85,24.85,24.85,100,0
2015-02-10,16:25:00,24.85,24.85,24.85,24.85,4800,0
2015-02-10,16:35:00,24.85,24.85,24.85,24.85,3847,0
2015-02-10,16:50:00,24.85,24.85,24.85,24.85,1670,0
2015-02-10,17:15:00,24.85,24.85,24.85,24.85,2200,0
2015-02-10,17:20:00,24.85,24.85,24.84,24.85,1004,0
2015-02-10,17:30:00,24.85,24.85,24.85,24.85,1106,0
2015-02-10,17:50:00,24.85,24.85,24.84,24.85,1772,0
2015-02-10,17:55:00,24.84,24.85,24.83,24.85,6900,0
2015-02-10,18:10:00,24.84,24.84,24.84,24.84,400,0
2015-02-10,18:15:00,24.84,24.84,24.83,24.83,1806,0
2015-02-10,18:30:00,24.84,24.84,24.83,24.83,700,0
2015-02-10,18:40:00,24.83,24.84,24.83,24.84,3600,0
2015-02-10,18:45:00,24.82,24.82,24.81,24.81,1595,0
2015-02-10,18:50:00,24.81,24.81,24.8,24.8,113190,0
2015-02-10,18:55:00,24.82,24.82,24.82,24.82,1470,0
2015-02-10,19:20:00,24.82,24.82,24.82,24.82,4500,0
2015-02-10,19:25:00,24.82,24.82,24.82,24.82,1600,0
2015-02-10,19:30:00,24.82,24.82,24.82,24.82,100,0
2015-02-10,19:35:00,24.82,24.82,24.82,24.82,1700,0
2015-02-10,19:45:00,24.82,24.83,24.82,24.82,3336,0
2015-02-10,19:50:00,24.82,24.82,24.82,24.82,1446,0
2015-02-10,19:55:00,24.82,24.82,24.82,24.82,200,0
2015-02-10,20:00:00,24.81,24.81,24.81,24.81,2219,0
2015-02-10,20:10:00,24.81,24.81,24.81,24.81,200,0
2015-02-10,20:15:00,24.81,24.81,24.81,24.81,100,0
2015-02-10,20:25:00,24.81,24.81,24.8,24.8,1120,0
2015-02-10,20:30:00,24.81,24.81,24.81,24.81,100,0
2015-02-10,20:35:00,24.81,24.81,24.8,24.8,3437,0
2015-02-10,20:40:00,24.8,24.81,24.77,24.77,3045,0
2015-02-10,20:50:00,24.81,24.81,24.81,24.81,1100,0
2015-02-10,20:55:00,24.81,24.81,24.81,24.81,3800,0
2015-02-10,21:00:00,24.81,24.81,24.81,24.81,1500,0
2015-02-10,21:05:00,24.81,24.81,24.77,24.81,7185,0
2015-02-10,21:10:00,24.81,24.81,24.81,24.81,250,0
2015-02-10,21:15:00,24.81,24.81,24.81,24.81,4790,0
2015-02-10,21:20:00,24.81,24.81,24.81,24.81,500,0
2015-02-10,21:25:00,24.81,24.81,24.81,24.81,300,0
2015-02-10,21:30:00,24.81,24.81,24.81,24.81,200,0
2015-02-10,21:35:00,24.81,24.81,24.81,24.81,3600,0
2015-02-10,21:40:00,24.81,24.81,24.81,24.81,300,0
2015-02-10,21:45:00,24.81,24.81,24.81,24.81,2260,0
2015-02-10,22:00:00,24.81,24.81,24.81,24.81,3300,0
2015-02-11,15:35:00,24.8,24.8,24.8,24.8,1467,0
2015-02-11,15:40:00,24.8,24.86,24.8,24.86,350,0
2015-02-11,15:45:00,24.85,24.85,24.85,24.85,1890,0
2015-02-11,15:50:00,24.83,24.85,24.83,24.84,1300,0
2015-02-11,16:05:00,24.83,24.83,24.83,24.83,436,0
2015-02-11,16:25:00,24.82,24.82,24.82,24.82,490,0
2015-02-11,16:30:00,24.82,24.82,24.82,24.82,1714,0
2015-02-11,16:50:00,24.8,24.8,24.76,24.79,8126,0
2015-02-11,16:55:00,24.79,24.79,24.76,24.76,750,0
2015-02-11,17:00:00,24.76,24.79,24.76,24.79,7200,0
2015-02-11,17:05:00,24.78,24.78,24.78,24.78,200,0
2015-02-11,17:20:00,24.81,24.82,24.81,24.82,565,0
2015-02-11,17:40:00,24.82,24.82,24.82,24.82,1400,0
2015-02-11,17:55:00,24.82,24.82,24.82,24.82,400,0
2015-02-11,18:00:00,24.82,24.82,24.81,24.81,1689,0
2015-02-11,18:20:00,24.81,24.82,24.81,24.82,4000,0
2015-02-11,18:25:00,24.82,24.82,24.82,24.82,500,0
2015-02-11,18:30:00,24.82,24.82,24.82,24.82,388,0
2015-02-11,18:40:00,24.82,24.82,24.82,24.82,1400,0
2015-02-11,18:50:00,24.81,24.82,24.81,24.81,6557,0
2015-02-11,19:10:00,24.82,24.82,24.81,24.81,5585,0
2015-02-11,19:50:00,24.82,24.82,24.82,24.82,3000,0
2015-02-11,19:55:00,24.82,24.82,24.81,24.81,1400,0
2015-02-11,20:00:00,24.82,24.82,24.82,24.82,200,0
2015-02-11,20:10:00,24.82,24.82,24.81,24.82,2400,0
2015-02-11,20:15:00,24.82,24.82,24.81,24.82,1700,0
2015-02-11,20:20:00,24.82,24.82,24.81,24.82,1153,0
2015-02-11,20:35:00,24.82,24.82,24.82,24.82,500,0
2015-02-11,20:40:00,24.82,24.82,24.82,24.82,1605,0
2015-02-11,20:45:00,24.82,24.82,24.82,24.82,3000,0
2015-02-11,20:55:00,24.82,24.82,24.81,24.81,4915,0
2015-02-11,21:00:00,24.81,24.81,24.81,24.81,2200,0
2015-02-11,21:15:00,24.81,24.82,24.81,24.81,5100,0
2015-02-11,21:20:00,24.82,24.82,24.82,24.82,4974,0
2015-02-11,21:25:00,24.82,24.82,24.81,24.81,1500,0
2015-02-11,21:30:00,24.82,24.82,24.82,24.82,2866,0
2015-02-11,21:35:00,24.82,24.82,24.82,24.82,1505,0
2015-02-11,21:40:00,24.82,24.82,24.82,24.82,4452,0
2015-02-11,21:45:00,24.82,24.82,24.82,24.82,900,0
2015-02-11,21:50:00,24.82,24.82,24.81,24.82,6150,0
2015-02-11,21:55:00,24.82,24.82,24.82,24.82,200,0
2015-02-11,22:00:00,24.82,24.82,24.82,24.82,803,0
2015-02-12,15:35:00,24.85,24.86,24.85,24.86,3643,0
2015-02-12,15:45:00,24.87,24.88,24.85,24.86,2690,0
2015-02-12,15:50:00,24.89,24.89,24.85,24.88,3980,0
2015-02-12,15:55:00,24.86,24.86,24.86,24.86,200,0
2015-02-12,16:05:00,24.86,24.86,24.82,24.82,10366,0
2015-02-12,16:15:00,24.85,24.85,24.82,24.83,110800,0
2015-02-12,16:25:00,24.82,24.82,24.82,24.82,1600,0
2015-02-12,16:40:00,24.82,24.82,24.82,24.82,490,0
2015-02-12,16:45:00,24.83,24.84,24.83,24.83,3500,0
2015-02-12,16:55:00,24.84,24.84,24.84,24.84,500,0
2015-02-12,17:00:00,24.84,24.84,24.83,24.83,1100,0
2015-02-12,17:05:00,24.83,24.85,24.83,24.83,9400,0
2015-02-12,17:10:00,24.84,24.84,24.82,24.82,4120,0
2015-02-12,17:15:00,24.82,24.83,24.82,24.83,1589,0
2015-02-12,17:20:00,24.82,24.82,24.82,24.82,465,0
2015-02-12,17:25:00,24.83,24.83,24.83,24.83,2618,0
2015-02-12,17:30:00,24.83,24.83,24.83,24.83,100,0
2015-02-12,17:35:00,24.82,24.82,24.82,24.82,600,0
2015-02-12,17:50:00,24.83,24.83,24.83,24.83,100,0
2015-02-12,17:55:00,24.83,24.83,24.83,24.83,3200,0
2015-02-12,18:00:00,24.83,24.83,24.83,24.83,100,0
2015-02-12,18:10:00,24.83,24.83,24.83,24.83,300,0
2015-02-12,18:20:00,24.83,24.83,24.83,24.83,1809,0
2015-02-12,18:30:00,24.82,24.82,24.82,24.82,1750,0
2015-02-12,18:40:00,24.83,24.83,24.83,24.83,200,0
2015-02-12,18:45:00,24.83,24.83,24.83,24.83,2015,0
2015-02-12,18:50:00,24.83,24.83,24.83,24.83,1600,0
2015-02-12,18:55:00,24.83,24.83,24.83,24.83,1000,0
2015-02-12,19:00:00,24.83,24.83,24.83,24.83,402,0
2015-02-12,19:10:00,24.83,24.83,24.82,24.82,2410,0
2015-02-12,19:15:00,24.83,24.83,24.83,24.83,388,0
2015-02-12,19:20:00,24.83,24.83,24.82,24.82,2534,0
2015-02-12,19:25:00,24.82,24.82,24.82,24.82,1000,0
2015-02-12,19:30:00,24.82,24.82,24.82,24.82,1900,0
2015-02-12,19:40:00,24.82,24.82,24.82,24.82,800,0
2015-02-12,19:45:00,24.82,24.83,24.81,24.82,2700,0
2015-02-12,19:50:00,24.82,24.82,24.82,24.82,1500,0
2015-02-12,20:00:00,24.81,24.81,24.81,24.81,380,0
2015-02-12,20:10:00,24.82,24.82,24.81,24.82,2354,0
2015-02-12,20:15:00,24.81,24.81,24.81,24.81,380,0
2015-02-12,20:20:00,24.83,24.83,24.83,24.83,100,0
2015-02-12,20:30:00,24.83,24.83,24.83,24.83,2000,0
2015-02-12,20:40:00,24.83,24.83,24.82,24.83,9806,0
2015-02-12,20:45:00,24.83,24.83,24.83,24.83,117,0
2015-02-12,20:50:00,24.82,24.82,24.82,24.82,2800,0
2015-02-12,21:00:00,24.82,24.82,24.82,24.82,3189,0
2015-02-12,21:10:00,24.83,24.83,24.83,24.83,2300,0
2015-02-12,21:25:00,24.83,24.83,24.83,24.83,100,0
2015-02-12,21:30:00,24.83,24.83,24.83,24.83,1698,0
2015-02-12,21:40:00,24.83,24.83,24.83,24.83,100,0
2015-02-12,21:45:00,24.82,24.82,24.82,24.82,200,0
2015-02-12,21:50:00,24.83,24.83,24.82,24.83,2550,0
2015-02-12,21:55:00,24.82,24.83,24.82,24.83,1877,0
2015-02-12,22:00:00,24.83,24.83,24.82,24.83,3320,0
2015-02-13,15:40:00,24.82,24.82,24.82,24.82,100,0
2015-02-13,15:45:00,24.82,24.82,24.82,24.82,200,0
2015-02-13,15:50:00,24.81,24.83,24.8,24.81,500,0
2015-02-13,16:10:00,24.8,24.8,24.8,24.8,300,0
2015-02-13,16:20:00,24.8,24.8,24.78,24.78,1990,0
2015-02-13,16:35:00,24.79,24.79,24.79,24.79,575,0
2015-02-13,16:40:00,24.8,24.8,24.78,24.78,400,0
2015-02-13,16:45:00,24.79,24.79,24.79,24.79,100,0
2015-02-13,17:00:00,24.78,24.78,24.78,24.78,1389,0
2015-02-13,17:05:00,24.8,24.8,24.8,24.8,488,0
2015-02-13,17:10:00,24.78,24.78,24.78,24.78,300,0
2015-02-13,17:15:00,24.77,24.78,24.76,24.76,1744,0
2015-02-13,17:20:00,24.78,24.78,24.78,24.78,720,0
2015-02-13,17:25:00,24.79,24.79,24.78,24.78,300,0
2015-02-13,17:30:00,24.79,24.79,24.77,24.77,500,0
2015-02-13,17:45:00,24.79,24.81,24.79,24.81,500,0
2015-02-13,17:50:00,24.79,24.8,24.78,24.79,629,0
2015-02-13,18:05:00,24.8,24.8,24.77,24.79,2210,0
2015-02-13,18:10:00,24.79,24.79,24.79,24.79,350,0
2015-02-13,18:20:00,24.79,24.81,24.79,24.8,1200,0
2015-02-13,18:25:00,24.81,24.81,24.79,24.79,648,0
2015-02-13,18:30:00,24.79,24.82,24.79,24.82,810,0
2015-02-13,18:35:00,24.82,24.82,24.79,24.79,2200,0
2015-02-13,18:45:00,24.82,24.82,24.81,24.81,700,0
2015-02-13,18:50:00,24.82,24.82,24.79,24.79,2875,0
2015-02-13,19:00:00,24.81,24.81,24.79,24.79,561,0
2015-02-13,19:15:00,24.79,24.79,24.79,24.79,212,0
2015-02-13,19:20:00,24.79,24.79,24.79,24.79,356,0
2015-02-13,19:25:00,24.79,24.79,24.79,24.79,100,0
2015-02-13,19:30:00,24.79,24.79,24.79,24.79,1010,0
2015-02-13,19:45:00,24.8,24.81,24.79,24.79,2100,0
2015-02-13,19:50:00,24.79,24.81,24.79,24.81,700,0
2015-02-13,19:55:00,24.79,24.81,24.79,24.81,4100,0
2015-02-13,20:00:00,24.8,24.8,24.8,24.8,200,0
2015-02-13,20:05:00,24.79,24.79,24.79,24.79,400,0
2015-02-13,20:10:00,24.79,24.79,24.79,24.79,690,0
2015-02-13,20:15:00,24.78,24.8,24.78,24.79,2472,0
2015-02-13,20:20:00,24.79,24.79,24.79,24.79,500,0
2015-02-13,20:25:00,24.81,24.81,24.78,24.78,3484,0
2015-02-13,20:30:00,24.79,24.79,24.79,24.79,489,0
2015-02-13,20:40:00,24.78,24.78,24.78,24.78,400,0
2015-02-13,20:50:00,24.79,24.79,24.79,24.79,1200,0
2015-02-13,21:00:00,24.78,24.78,24.78,24.78,1000,0
2015-02-13,21:10:00,24.79,24.79,24.79,24.79,1332,0
2015-02-13,21:15:00,24.78,24.78,24.78,24.78,1222,0
2015-02-13,21:20:00,24.79,24.79,24.79,24.79,1100,0
2015-02-13,21:25:00,24.78,24.79,24.78,24.79,752,0
2015-02-13,21:30:00,24.79,24.79,24.79,24.79,300,0
2015-02-13,21:40:00,24.78,24.78,24.78,24.78,600,0
2015-02-13,21:45:00,24.79,24.79,24.79,24.79,1500,0
2015-02-13,21:50:00,24.79,24.79,24.79,24.79,468,0
2015-02-13,21:55:00,24.77,24.77,24.77,24.77,266,0
2015-02-13,22:00:00,24.78,24.8,24.73,24.73,8703,0
2015-02-17,15:35:00,24.75,24.81,24.75,24.81,300,0
2015-02-17,15:40:00,24.76,24.77,24.75,24.77,1114,0
2015-02-17,15:50:00,24.75,24.75,24.74,24.74,400,0
2015-02-17,16:00:00,24.73,24.73,24.73,24.73,1725,0
2015-02-17,16:10:00,24.75,24.77,24.75,24.77,800,0
2015-02-17,16:15:00,24.76,24.76,24.73,24.75,800,0
2015-02-17,16:20:00,24.75,24.77,24.75,24.77,800,0
2015-02-17,16:25:00,24.75,24.75,24.75,24.75,100,0
2015-02-17,16:30:00,24.74,24.74,24.74,24.74,1389,0
2015-02-17,16:45:00,24.77,24.77,24.75,24.75,700,0
2015-02-17,17:00:00,24.77,24.77,24.75,24.75,1100,0
2015-02-17,17:10:00,24.75,24.75,24.75,24.75,600,0
2015-02-17,17:15:00,24.73,24.75,24.73,24.75,2289,0
2015-02-17,17:20:00,24.74,24.74,24.74,24.74,100,0
2015-02-17,17:25:00,24.75,24.75,24.74,24.74,900,0
2015-02-17,17:30:00,24.75,24.75,24.75,24.75,400,0
2015-02-17,17:35:00,24.75,24.77,24.74,24.74,2700,0
2015-02-17,17:40:00,24.76,24.77,24.75,24.75,2000,0
2015-02-17,17:45:00,24.75,24.75,24.74,24.74,800,0
2015-02-17,17:50:00,24.74,24.74,24.74,24.74,100,0
2015-02-17,17:55:00,24.75,24.75,24.74,24.74,1800,0
2015-02-17,18:00:00,24.75,24.75,24.74,24.74,700,0
2015-02-17,18:30:00,24.75,24.76,24.75,24.76,1900,0
2015-02-17,18:35:00,24.76,24.76,24.76,24.76,200,0
2015-02-17,18:40:00,24.76,24.76,24.74,24.75,7948,0
2015-02-17,18:45:00,24.74,24.74,24.74,24.74,300,0
2015-02-17,18:50:00,24.74,24.74,24.74,24.74,596,0
2015-02-17,19:05:00,24.74,24.74,24.74,24.74,1000,0
2015-02-17,19:10:00,24.74,24.74,24.73,24.74,3910,0
2015-02-17,19:20:00,24.74,24.74,24.71,24.71,1185,0
2015-02-17,19:25:00,24.72,24.72,24.71,24.71,1320,0
2015-02-17,19:30:00,24.71,24.71,24.7,24.7,2673,0
2015-02-17,19:35:00,24.7,24.7,24.7,24.7,100,0
2015-02-17,19:40:00,24.72,24.72,24.72,24.72,1120,0
2015-02-17,19:45:00,24.72,24.72,24.7,24.7,1102,0
2015-02-17,19:50:00,24.68,24.68,24.68,24.68,200,0
2015-02-17,19:55:00,24.7,24.7,24.69,24.69,2400,0
2015-02-17,20:00:00,24.68,24.68,24.68,24.68,100,0
2015-02-17,20:10:00,24.67,24.67,24.65,24.65,2100,0
2015-02-17,20:15:00,24.66,24.7,24.66,24.7,2000,0
2015-02-17,20:20:00,24.7,24.7,24.7,24.7,354,0
2015-02-17,20:25:00,24.67,24.69,24.67,24.69,700,0
2015-02-17,20:30:00,24.67,24.68,24.67,24.67,2300,0
2015-02-17,20:35:00,24.67,24.67,24.65,24.65,926,0
2015-02-17,20:40:00,24.65,24.71,24.65,24.71,17120,0
2015-02-17,20:45:00,24.68,24.68,24.68,24.68,200,0
2015-02-17,20:50:00,24.67,24.67,24.66,24.66,400,0
2015-02-17,20:55:00,24.66,24.66,24.66,24.66,400,0
2015-02-17,21:00:00,24.65,24.65,24.65,24.65,6300,0
2015-02-17,21:05:00,24.65,24.69,24.65,24.69,1500,0
2015-02-17,21:10:00,24.68,24.68,24.66,24.67,1547,0
2015-02-17,21:15:00,24.67,24.67,24.66,24.66,10826,0
2015-02-17,21:20:00,24.66,24.68,24.66,24.68,1245,0
2015-02-17,21:25:00,24.66,24.67,24.66,24.66,6343,0
2015-02-17,21:30:00,24.66,24.66,24.66,24.66,300,0
2015-02-17,21:35:00,24.66,24.66,24.65,24.66,1737,0
2015-02-17,21:40:00,24.63,24.66,24.63,24.66,407,0
2015-02-17,21:45:00,24.67,24.67,24.67,24.67,300,0
2015-02-17,21:50:00,24.65,24.65,24.65,24.65,1246,0
2015-02-17,21:55:00,24.65,24.65,24.64,24.64,400,0
2015-02-17,22:00:00,24.65,24.65,24.61,24.61,689,0
2015-02-18,15:35:00,24.65,24.65,24.65,24.65,938,0
2015-02-18,15:40:00,24.61,24.61,24.61,24.61,300,0
2015-02-18,15:55:00,24.56,24.56,24.5,24.51,15000,0
2015-02-18,16:00:00,24.48,24.5,24.46,24.5,6600,0
2015-02-18,16:05:00,24.5,24.52,24.5,24.5,5000,0
2015-02-18,16:15:00,24.5,24.5,24.5,24.5,100,0
2015-02-18,16:20:00,24.5,24.61,24.48,24.53,27400,0
2015-02-18,16:25:00,24.54,24.58,24.54,24.58,2820,0
2015-02-18,16:30:00,24.54,24.55,24.54,24.55,500,0
2015-02-18,16:35:00,24.55,24.55,24.55,24.55,100,0
2015-02-18,16:40:00,24.58,24.58,24.55,24.55,4000,0
2015-02-18,16:45:00,24.55,24.58,24.54,24.54,1300,0
2015-02-18,16:50:00,24.54,24.55,24.52,24.55,1625,0
2015-02-18,16:55:00,24.55,24.55,24.55,24.55,100,0
2015-02-18,17:05:00,24.56,24.56,24.56,24.56,200,0
2015-02-18,17:15:00,24.55,24.55,24.54,24.54,2100,0
2015-02-18,17:20:00,24.55,24.55,24.55,24.55,100,0
2015-02-18,17:25:00,24.56,24.56,24.55,24.55,200,0
2015-02-18,17:35:00,24.55,24.55,24.54,24.54,400,0
2015-02-18,17:40:00,24.55,24.55,24.5,24.5,3836,0
2015-02-18,17:45:00,24.5,24.5,24.5,24.5,300,0
2015-02-18,17:55:00,24.48,24.49,24.48,24.48,1200,0
2015-02-18,18:00:00,24.49,24.49,24.48,24.48,400,0
2015-02-18,18:05:00,24.48,24.5,24.48,24.5,400,0
2015-02-18,18:10:00,24.5,24.51,24.5,24.51,300,0
2015-02-18,18:15:00,24.51,24.51,24.5,24.51,2000,0
2015-02-18,18:20:00,24.5,24.51,24.5,24.51,2621,0
2015-02-18,18:25:00,24.51,24.51,24.51,24.51,2200,0
2015-02-18,18:35:00,24.51,24.51,24.5,24.5,2700,0
2015-02-18,18:45:00,24.5,24.5,24.5,24.5,400,0
2015-02-18,18:55:00,24.5,24.5,24.5,24.5,100,0
2015-02-18,19:00:00,24.52,24.52,24.51,24.51,2710,0
2015-02-18,19:05:00,24.5,24.5,24.5,24.5,2500,0
2015-02-18,19:10:00,24.51,24.52,24.51,24.52,930,0
2015-02-18,19:15:00,24.52,24.52,24.52,24.52,344,0
2015-02-18,19:20:00,24.51,24.52,24.5,24.51,2115,0
2015-02-18,19:25:00,24.51,24.51,24.51,24.51,2100,0
2015-02-18,19:35:00,24.5,24.5,24.5,24.5,300,0
2015-02-18,19:45:00,24.51,24.51,24.49,24.49,2500,0
2015-02-18,19:50:00,24.51,24.51,24.5,24.5,2200,0
2015-02-18,19:55:00,24.5,24.5,24.45,24.47,6400,0
2015-02-18,20:00:00,24.5,24.5,24.5,24.5,200,0
2015-02-18,20:05:00,24.51,24.55,24.5,24.55,2874,0
2015-02-18,20:10:00,24.55,24.55,24.55,24.55,2750,0
2015-02-18,20:15:00,24.54,24.56,24.54,24.54,11500,0
2015-02-18,20:20:00,24.54,24.55,24.54,24.54,1600,0
2015-02-18,20:25:00,24.55,24.55,24.55,24.55,200,0
2015-02-18,20:30:00,24.6,24.6,24.55,24.56,6689,0
2015-02-18,20:35:00,24.6,24.61,24.57,24.57,3100,0
2015-02-18,20:40:00,24.58,24.58,24.55,24.55,1619,0
2015-02-18,20:45:00,24.55,24.59,24.55,24.55,4293,0
2015-02-18,20:50:00,24.58,24.58,24.55,24.55,3777,0
2015-02-18,21:00:00,24.56,24.56,24.56,24.56,889,0
2015-02-18,21:05:00,24.6,24.6,24.55,24.55,1300,0
2015-02-18,21:20:00,24.59,24.61,24.59,24.61,600,0
2015-02-18,21:25:00,24.58,24.61,24.53,24.53,3356,0
2015-02-18,21:35:00,24.6,24.6,24.6,24.6,200,0
2015-02-18,21:40:00,24.6,24.6,24.54,24.55,1100,0
2015-02-18,21:45:00,24.54,24.55,24.54,24.55,200,0
2015-02-18,21:50:00,24.55,24.55,24.53,24.55,540,0
2015-02-18,21:55:00,24.55,24.55,24.54,24.55,3900,0
2015-02-18,22:00:00,24.55,24.55,24.55,24.55,1505,0
2015-02-19,15:35:00,24.55,24.55,24.55,24.55,379,0
2015-02-19,15:55:00,24.5,24.52,24.5,24.52,1750,0
2015-02-19,16:00:00,24.5,24.51,24.5,24.5,800,0
2015-02-19,16:15:00,24.56,24.57,24.56,24.57,900,0
2015-02-19,16:40:00,24.54,24.56,24.54,24.56,3245,0
2015-02-19,16:45:00,24.54,24.57,24.54,24.56,4072,0
2015-02-19,16:50:00,24.58,24.58,24.55,24.55,11024,0
2015-02-19,17:05:00,24.58,24.58,24.58,24.58,890,0
2015-02-19,17:10:00,24.55,24.55,24.55,24.55,4300,0
2015-02-19,17:40:00,24.55,24.55,24.54,24.54,1200,0
2015-02-19,17:45:00,24.55,24.58,24.54,24.54,1465,0
2015-02-19,17:55:00,24.58,24.58,24.53,24.53,1200,0
2015-02-19,18:00:00,24.57,24.58,24.57,24.58,500,0
2015-02-19,18:05:00,24.57,24.57,24.57,24.57,113,0
2015-02-19,18:10:00,24.55,24.55,24.55,24.55,38415,0
2015-02-19,18:20:00,24.55,24.55,24.55,24.55,100,0
2015-02-19,18:30:00,24.53,24.53,24.53,24.53,160,0
2015-02-19,18:35:00,24.54,24.55,24.54,24.55,424,0
2015-02-19,18:55:00,24.55,24.56,24.53,24.53,1572,0
2015-02-19,19:00:00,24.56,24.56,24.56,24.56,600,0
2015-02-19,19:05:00,24.53,24.55,24.53,24.55,855,0
2015-02-19,19:10:00,24.55,24.55,24.55,24.55,1535,0
2015-02-19,19:15:00,24.55,24.55,24.55,24.55,548,0
2015-02-19,19:20:00,24.52,24.52,24.52,24.52,166,0
2015-02-19,19:25:00,24.55,24.56,24.55,24.56,1600,0
2015-02-19,19:30:00,24.52,24.52,24.52,24.52,1363,0
2015-02-19,19:35:00,24.55,24.55,24.55,24.55,248,0
2015-02-19,19:40:00,24.53,24.53,24.53,24.53,2200,0
2015-02-19,19:45:00,24.54,24.54,24.54,24.54,900,0
2015-02-19,19:55:00,24.53,24.54,24.53,24.54,1020,0
2015-02-19,20:05:00,24.51,24.51,24.51,24.51,1200,0
2015-02-19,20:10:00,24.54,24.54,24.53,24.53,288,0
2015-02-19,20:20:00,24.51,24.51,24.51,24.51,1178,0
2015-02-19,20:25:00,24.53,24.53,24.5,24.5,5700,0
2015-02-19,20:40:00,24.5,24.53,24.5,24.53,1800,0
2015-02-19,20:45:00,24.48,24.51,24.48,24.51,583,0
2015-02-19,20:50:00,24.47,24.47,24.47,24.47,710,0
2015-02-19,20:55:00,24.51,24.51,24.51,24.51,1062,0
2015-02-19,21:15:00,24.5,24.5,24.48,24.48,4000,0
2015-02-19,21:20:00,24.49,24.49,24.49,24.49,100,0
2015-02-19,21:25:00,24.5,24.5,24.5,24.5,10496,0
2015-02-19,21:40:00,24.5,24.5,24.5,24.5,960,0
2015-02-19,21:45:00,24.5,24.5,24.5,24.5,713,0
2015-02-19,21:50:00,24.49,24.49,24.48,24.48,434,0
2015-02-19,21:55:00,24.49,24.49,24.49,24.49,1500,0
2015-02-19,22:00:00,24.49,24.5,24.49,24.49,6111,0
2015-02-20,15:35:00,24.53,24.53,24.53,24.53,1700,0
2015-02-20,15:40:00,24.53,24.53,24.52,24.52,6900,0
2015-02-20,15:55:00,24.59,24.59,24.52,24.52,1100,0
2015-02-20,16:10:00,24.58,24.58,24.58,24.58,132,0
2015-02-20,16:20:00,24.59,24.6,24.59,24.6,1524,0
2015-02-20,16:25:00,24.6,24.6,24.54,24.54,2400,0
2015-02-20,16:30:00,24.54,24.58,24.54,24.58,4075,0
2015-02-20,16:35:00,24.6,24.6,24.6,24.6,358,0
2015-02-20,16:40:00,24.6,24.6,24.5,24.51,6858,0
2015-02-20,16:45:00,24.5,24.5,24.49,24.49,900,0
2015-02-20,16:50:00,24.53,24.53,24.5,24.5,1600,0
2015-02-20,16:55:00,24.48,24.55,24.48,24.51,2800,0
2015-02-20,17:00:00,24.5,24.52,24.5,24.52,1489,0
2015-02-20,17:15:00,24.5,24.5,24.5,24.5,545,0
2015-02-20,17:20:00,24.5,24.5,24.49,24.49,2734,0
2015-02-20,17:30:00,24.51,24.51,24.5,24.5,3000,0
2015-02-20,17:35:00,24.5,24.5,24.5,24.5,2000,0
2015-02-20,17:55:00,24.5,24.53,24.5,24.5,3500,0
2015-02-20,18:05:00,24.5,24.5,24.5,24.5,1500,0
2015-02-20,18:10:00,24.5,24.5,24.5,24.5,500,0
2015-02-20,18:15:00,24.5,24.52,24.49,24.5,4900,0
2015-02-20,18:20:00,24.51,24.51,24.5,24.5,845,0
2015-02-20,18:25:00,24.5,24.5,24.5,24.5,2700,0
2015-02-20,18:30:00,24.5,24.5,24.5,24.5,1900,0
2015-02-20,18:35:00,24.5,24.5,24.49,24.5,686,0
2015-02-20,18:40:00,24.5,24.5,24.5,24.5,3860,0
2015-02-20,18:50:00,24.5,24.5,24.5,24.5,3300,0
2015-02-20,18:55:00,24.5,24.5,24.49,24.49,3300,0
2015-02-20,19:05:00,24.5,24.5,24.5,24.5,3300,0
2015-02-20,19:10:00,24.5,24.5,24.5,24.5,1900,0
2015-02-20,19:15:00,24.5,24.5,24.5,24.5,1300,0
2015-02-20,19:20:00,24.55,24.55,24.55,24.55,15000,0
2015-02-20,19:25:00,24.49,24.5,24.49,24.5,744,0
2015-02-20,19:30:00,24.49,24.49,24.49,24.49,544,0
2015-02-20,19:45:00,24.5,24.5,24.48,24.48,5516,0
2015-02-20,19:50:00,24.48,24.49,24.46,24.49,3208,0
2015-02-20,20:05:00,24.47,24.47,24.46,24.47,6482,0
2015-02-20,20:10:00,24.46,24.47,24.46,24.46,1400,0
2015-02-20,20:15:00,24.47,24.47,24.46,24.46,3078,0
2015-02-20,20:20:00,24.47,24.47,24.46,24.47,2100,0
2015-02-20,20:25:00,24.46,24.46,24.45,24.45,3555,0
2015-02-20,20:30:00,24.45,24.47,24.45,24.47,1400,0
2015-02-20,20:35:00,24.46,24.47,24.45,24.46,1122,0
2015-02-20,20:40:00,24.46,24.47,24.46,24.46,355,0
2015-02-20,20:45:00,24.47,24.5,24.46,24.47,7057,0
2015-02-20,20:50:00,24.46,24.47,24.46,24.47,1400,0
2015-02-20,20:55:00,24.46,24.46,24.46,24.46,511,0
2015-02-20,21:00:00,24.46,24.47,24.46,24.47,811,0
2015-02-20,21:05:00,24.45,24.45,24.45,24.45,2572,0
2015-02-20,21:10:00,24.47,24.48,24.44,24.44,2600,0
2015-02-20,21:20:00,24.45,24.49,24.45,24.45,30205,0
2015-02-20,21:25:00,24.46,24.46,24.46,24.46,1022,0
2015-02-20,21:30:00,24.45,24.45,24.45,24.45,100,0
2015-02-20,21:35:00,24.45,24.45,24.45,24.45,2000,0
2015-02-20,21:40:00,24.44,24.44,24.44,24.44,200,0
2015-02-20,21:45:00,24.46,24.46,24.46,24.46,402,0
2015-02-20,21:50:00,24.45,24.45,24.45,24.45,3674,0
2015-02-20,22:00:00,24.43,24.47,24.43,24.47,350,0
2015-02-23,15:35:00,24.48,24.48,24.48,24.48,266,0
2015-02-23,16:00:00,24.46,24.5,24.46,24.48,5425,0
2015-02-23,16:05:00,24.48,24.48,24.48,24.48,300,0
2015-02-23,16:10:00,24.48,24.48,24.48,24.48,300,0
2015-02-23,16:15:00,24.48,24.5,24.47,24.47,2400,0
2015-02-23,16:20:00,24.46,24.47,24.46,24.47,800,0
2015-02-23,16:25:00,24.47,24.48,24.47,24.47,2787,0
2015-02-23,16:30:00,24.48,24.48,24.45,24.45,6502,0
2015-02-23,16:35:00,24.45,24.48,24.45,24.45,1393,0
2015-02-23,16:40:00,24.47,24.47,24.45,24.45,12700,0
2015-02-23,16:45:00,24.47,24.47,24.45,24.45,600,0
2015-02-23,16:50:00,24.47,24.48,24.45,24.48,900,0
2015-02-23,16:55:00,24.45,24.48,24.45,24.45,912,0
2015-02-23,17:00:00,24.48,24.48,24.48,24.48,100,0
2015-02-23,17:05:00,24.45,24.48,24.45,24.48,249,0
2015-02-23,17:15:00,24.48,24.48,24.48,24.48,100,0
2015-02-23,17:20:00,24.48,24.48,24.46,24.46,200,0
2015-02-23,17:25:00,24.48,24.49,24.48,24.49,400,0
2015-02-23,17:30:00,24.49,24.5,24.49,24.5,2279,0
2015-02-23,17:35:00,24.52,24.53,24.5,24.5,10707,0
2015-02-23,17:40:00,24.5,24.5,24.5,24.5,200,0
2015-02-23,17:45:00,24.5,24.51,24.5,24.51,1373,0
2015-02-23,17:50:00,24.51,24.51,24.51,24.51,400,0
2015-02-23,18:00:00,24.51,24.55,24.5,24.55,1245,0
2015-02-23,18:05:00,24.53,24.55,24.47,24.47,6200,0
2015-02-23,18:10:00,24.5,24.52,24.5,24.5,1171,0
2015-02-23,18:15:00,24.53,24.53,24.5,24.5,1814,0
2015-02-23,18:20:00,24.5,24.5,24.5,24.5,1900,0
2015-02-23,18:25:00,24.5,24.5,24.5,24.5,2796,0
2015-02-23,18:30:00,24.51,24.51,24.49,24.49,916,0
2015-02-23,18:40:00,24.52,24.52,24.52,24.52,1400,0
2015-02-23,18:45:00,24.53,24.53,24.5,24.5,5231,0
2015-02-23,18:50:00,24.5,24.5,24.5,24.5,4407,0
2015-02-23,18:55:00,24.51,24.53,24.5,24.53,5200,0
2015-02-23,19:00:00,24.52,24.52,24.52,24.52,200,0
2015-02-23,19:05:00,24.52,24.52,24.5,24.5,6178,0
2015-02-23,19:10:00,24.51,24.51,24.5,24.5,7600,0
2015-02-23,19:15:00,24.54,24.54,24.49,24.49,7188,0
2015-02-23,19:20:00,24.53,24.53,24.53,24.53,200,0
2015-02-23,19:25:00,24.5,24.5,24.5,24.5,6900,0
2015-02-23,19:30:00,24.52,24.52,24.52,24.52,100,0
2015-02-23,19:35:00,24.52,24.53,24.5,24.5,1400,0
2015-02-23,19:45:00,24.5,24.5,24.5,24.5,2100,0
2015-02-23,19:55:00,24.5,24.5,24.47,24.47,7900,0
2015-02-23,20:00:00,24.49,24.5,24.47,24.5,1219,0
2015-02-23,20:10:00,24.49,24.52,24.49,24.52,8001,0
2015-02-23,20:15:00,24.53,24.53,24.5,24.5,17462,0
2015-02-23,20:20:00,24.5,24.5,24.5,24.5,2042,0
2015-02-23,20:25:00,24.52,24.52,24.52,24.52,410,0
2015-02-23,20:30:00,24.51,24.52,24.5,24.51,886,0
2015-02-23,20:35:00,24.5,24.52,24.5,24.5,1800,0
2015-02-23,20:40:00,24.5,24.52,24.5,24.5,960,0
2015-02-23,20:45:00,24.5,24.52,24.5,24.5,1809,0
2015-02-23,20:50:00,24.5,24.52,24.5,24.51,1230,0
2015-02-23,20:55:00,24.5,24.5,24.5,24.5,600,0
2015-02-23,21:00:00,24.5,24.52,24.5,24.5,5569,0
2015-02-23,21:05:00,24.5,24.5,24.5,24.5,900,0
2015-02-23,21:10:00,24.51,24.51,24.5,24.5,810,0
2015-02-23,21:15:00,24.5,24.52,24.5,24.5,1400,0
2015-02-23,21:20:00,24.5,24.5,24.5,24.5,1500,0
2015-02-23,21:25:00,24.5,24.5,24.49,24.49,800,0
2015-02-23,21:30:00,24.48,24.48,24.48,24.48,600,0
2015-02-23,21:35:00,24.48,24.48,24.47,24.47,800,0
2015-02-23,21:40:00,24.48,24.5,24.47,24.47,3174,0
2015-02-23,21:45:00,24.47,24.49,24.47,24.48,1000,0
2015-02-23,21:50:00,24.48,24.48,24.47,24.47,700,0
2015-02-23,21:55:00,24.48,24.49,24.47,24.49,2100,0
2015-02-23,22:00:00,24.47,24.5,24.47,24.5,2800,0
