Date,Time,Open,High,Low,Close,Volume,OpenInt
2015-01-28,19:55:00,19.08,19.09,19.08,19.09,800,0
2015-01-28,20:00:00,19.08,19.08,19.07,19.08,500,0
2015-01-28,20:30:00,19.08,19.08,19.07,19.07,250,0
2015-01-28,20:35:00,19.07,19.07,19.06,19.07,500,0
2015-01-28,20:45:00,19.06,19.06,19.05,19.05,700,0
2015-01-28,20:50:00,19.06,19.08,19.05,19.05,3200,0
2015-01-28,20:55:00,19.05,19.07,19.05,19.07,500,0
2015-01-28,21:00:00,19.06,19.08,19.06,19.08,800,0
2015-01-28,21:05:00,19.09,19.09,19.07,19.08,1100,0
2015-01-28,21:10:00,19.07,19.09,19.07,19.09,1800,0
2015-01-28,21:15:00,19.08,19.08,19.08,19.08,1200,0
2015-01-28,21:20:00,19.1,19.1,19.08,19.08,5872,0
2015-01-28,21:25:00,19.08,19.08,19.07,19.08,1100,0
2015-01-28,21:30:00,19.05,19.07,19.05,19.07,500,0
2015-01-28,21:35:00,19.08,19.08,19.07,19.07,500,0
2015-01-28,21:40:00,19.05,19.05,19.02,19.02,500,0
2015-01-28,21:45:00,19.02,19.04,19.0,19.03,1800,0
2015-01-28,21:55:00,19.0,19.0,18.98,18.99,1000,0
2015-01-28,22:00:00,18.99,19.06,18.98,19.05,16049,0
2015-01-29,15:35:00,18.96,18.96,18.96,18.96,500,0
2015-01-29,15:40:00,19.03,19.03,19.03,19.03,600,0
2015-01-29,15:50:00,19.02,19.02,19.02,19.02,100,0
2015-01-29,15:55:00,19.03,19.03,19.03,19.03,200,0
2015-01-29,16:10:00,19.04,19.04,19.04,19.04,300,0
2015-01-29,16:20:00,19.04,19.05,19.04,19.05,1300,0
2015-01-29,16:30:00,19.05,19.05,19.05,19.05,700,0
2015-01-29,16:35:00,19.09,19.09,19.09,19.09,100,0
2015-01-29,16:40:00,19.09,19.09,19.09,19.09,200,0
2015-01-29,16:45:00,19.08,19.09,19.07,19.09,1400,0
2015-01-29,16:50:00,19.08,19.09,19.08,19.09,200,0
2015-01-29,16:55:00,19.09,19.09,19.09,19.09,400,0
2015-01-29,17:00:00,19.08,19.08,19.08,19.08,300,0
2015-01-29,17:05:00,19.09,19.09,19.09,19.09,100,0
2015-01-29,17:10:00,19.09,19.09,19.09,19.09,300,0
2015-01-29,17:20:00,19.09,19.09,19.09,19.09,1689,0
2015-01-29,17:25:00,19.09,19.09,19.09,19.09,400,0
2015-01-29,17:35:00,19.09,19.09,19.09,19.09,1612,0
2015-01-29,17:40:00,19.09,19.09,19.07,19.09,700,0
2015-01-29,17:45:00,19.09,19.09,19.08,19.09,2300,0
2015-01-29,17:50:00,19.09,19.09,19.09,19.09,800,0
2015-01-29,17:55:00,19.09,19.09,19.09,19.09,500,0
2015-01-29,18:00:00,19.09,19.09,19.08,19.08,1000,0
2015-01-29,18:10:00,19.06,19.06,19.06,19.06,300,0
2015-01-29,18:15:00,19.08,19.08,19.08,19.08,400,0
2015-01-29,18:25:00,19.09,19.09,19.09,19.09,700,0
2015-01-29,18:35:00,19.09,19.09,19.09,19.09,1000,0
2015-01-29,18:40:00,19.09,19.09,19.07,19.07,1000,0
2015-01-29,18:45:00,19.07,19.07,19.07,19.07,200,0
2015-01-29,18:55:00,19.08,19.08,19.08,19.08,100,0
2015-01-29,19:05:00,19.06,19.08,19.02,19.08,750,0
2015-01-29,19:25:00,19.06,19.06,19.05,19.05,600,0
2015-01-29,19:40:00,19.06,19.08,19.06,19.08,1300,0
2015-01-29,19:45:00,19.09,19.09,19.09,19.09,1500,0
2015-01-29,19:50:00,19.09,19.1,19.07,19.09,17300,0
2015-01-29,19:55:00,19.09,19.2,19.09,19.09,29882,0
2015-01-29,20:00:00,19.1,19.1,19.08,19.08,7200,0
2015-01-29,20:05:00,19.08,19.1,19.08,19.08,1300,0
2015-01-29,20:10:00,19.1,19.1,19.08,19.08,1700,0
2015-01-29,20:15:00,19.08,19.1,19.08,19.08,5800,0
2015-01-29,20:20:00,19.09,19.1,19.09,19.1,400,0
2015-01-29,20:25:00,19.09,19.1,19.09,19.1,2200,0
2015-01-29,20:30:00,19.1,19.1,19.09,19.09,2900,0
2015-01-29,20:35:00,19.1,19.1,19.1,19.1,200,0
2015-01-29,20:40:00,19.1,19.1,19.1,19.1,200,0
2015-01-29,20:45:00,19.1,19.1,19.09,19.09,550,0
2015-01-29,20:50:00,19.1,19.1,19.1,19.1,200,0
2015-01-29,20:55:00,19.09,19.09,19.09,19.09,500,0
2015-01-29,21:10:00,19.1,19.1,19.09,19.09,1750,0
2015-01-29,21:15:00,19.1,19.1,19.09,19.1,3860,0
2015-01-29,21:20:00,19.1,19.1,19.1,19.1,375,0
2015-01-29,21:25:00,19.1,19.1,19.1,19.1,2800,0
2015-01-29,21:30:00,19.1,19.1,19.1,19.1,900,0
2015-01-29,21:35:00,19.09,19.1,19.09,19.1,500,0
2015-01-29,21:40:00,19.1,19.1,19.1,19.1,930,0
2015-01-29,21:45:00,19.1,19.1,19.09,19.09,3041,0
2015-01-29,21:50:00,19.1,19.1,19.09,19.1,4000,0
2015-01-29,21:55:00,19.1,19.1,19.09,19.09,200,0
2015-01-29,22:00:00,19.1,19.11,19.09,19.11,8249,0
2015-01-30,15:35:00,19.03,19.13,19.03,19.1,700,0
2015-01-30,15:40:00,19.12,19.12,19.12,19.12,600,0
2015-01-30,15:45:00,19.14,19.14,19.14,19.14,100,0
2015-01-30,15:50:00,19.11,19.17,19.11,19.11,500,0
2015-01-30,16:00:00,19.18,19.18,19.17,19.17,415,0
2015-01-30,16:05:00,19.13,19.15,19.13,19.15,3800,0
2015-01-30,16:10:00,19.13,19.14,19.12,19.12,1200,0
2015-01-30,16:15:00,19.12,19.13,19.12,19.12,500,0
2015-01-30,16:25:00,19.09,19.13,19.05,19.13,2300,0
2015-01-30,16:35:00,19.09,19.09,19.08,19.08,300,0
2015-01-30,16:40:00,19.04,19.04,19.03,19.04,1300,0
2015-01-30,16:55:00,19.12,19.18,19.06,19.06,8142,0
2015-01-30,17:00:00,19.1,19.18,19.1,19.16,1984,0
2015-01-30,17:05:00,19.15,19.17,19.15,19.15,400,0
2015-01-30,17:10:00,19.13,19.13,19.13,19.13,220,0
2015-01-30,17:15:00,19.17,19.17,19.17,19.17,300,0
2015-01-30,17:20:00,19.13,19.13,19.13,19.13,200,0
2015-01-30,17:30:00,19.14,19.14,19.14,19.14,100,0
2015-01-30,17:35:00,19.15,19.15,19.15,19.15,100,0
2015-01-30,17:45:00,19.15,19.18,19.15,19.16,500,0
2015-01-30,17:50:00,19.18,19.18,19.18,19.18,100,0
2015-01-30,18:00:00,19.18,19.2,19.18,19.2,900,0
2015-01-30,18:05:00,19.2,19.2,19.13,19.17,11600,0
2015-01-30,18:10:00,19.17,19.2,19.17,19.17,2200,0
2015-01-30,18:15:00,19.19,19.19,19.19,19.19,100,0
2015-01-30,18:20:00,19.19,19.19,19.17,19.17,1100,0
2015-01-30,18:30:00,19.14,19.17,19.14,19.17,300,0
2015-01-30,18:40:00,19.14,19.14,19.14,19.14,100,0
2015-01-30,18:45:00,19.17,19.19,19.16,19.19,843,0
2015-01-30,18:55:00,19.16,19.16,19.16,19.16,100,0
2015-01-30,19:00:00,19.19,19.22,19.18,19.2,14066,0
2015-01-30,19:05:00,19.22,19.22,19.2,19.2,3500,0
2015-01-30,19:15:00,19.15,19.15,19.15,19.15,700,0
2015-01-30,19:25:00,19.17,19.19,19.16,19.16,400,0
2015-01-30,19:30:00,19.16,19.16,19.14,19.14,700,0
2015-01-30,19:35:00,19.18,19.18,19.15,19.17,1500,0
2015-01-30,19:40:00,19.16,19.17,19.13,19.16,600,0
2015-01-30,19:45:00,19.16,19.16,19.14,19.14,300,0
2015-01-30,19:55:00,19.17,19.17,19.14,19.14,200,0
2015-01-30,20:00:00,19.15,19.17,19.15,19.17,400,0
2015-01-30,20:05:00,19.15,19.17,19.15,19.17,2400,0
2015-01-30,20:10:00,19.17,19.17,19.15,19.17,800,0
2015-01-30,20:15:00,19.17,19.17,19.17,19.17,200,0
2015-01-30,20:20:00,19.16,19.16,19.16,19.16,1300,0
2015-01-30,20:25:00,19.14,19.16,19.14,19.16,1300,0
2015-01-30,20:30:00,19.15,19.17,19.15,19.17,300,0
2015-01-30,20:35:00,19.16,19.16,19.16,19.16,400,0
2015-01-30,20:40:00,19.17,19.18,19.16,19.18,2149,0
2015-01-30,20:45:00,19.16,19.18,19.14,19.14,900,0
2015-01-30,20:50:00,19.16,19.16,19.15,19.16,700,0
2015-01-30,20:55:00,19.14,19.15,19.14,19.15,200,0
2015-01-30,21:00:00,19.15,19.15,19.15,19.15,500,0
2015-01-30,21:05:00,19.17,19.17,19.13,19.15,1400,0
2015-01-30,21:10:00,19.15,19.15,19.11,19.11,1200,0
2015-01-30,21:15:00,19.07,19.11,19.06,19.06,300,0
2015-01-30,21:20:00,19.11,19.11,19.06,19.06,800,0
2015-01-30,21:25:00,19.06,19.1,19.03,19.1,1200,0
2015-01-30,21:30:00,19.09,19.09,19.04,19.06,1500,0
2015-01-30,21:35:00,19.07,19.07,19.02,19.02,1300,0
2015-01-30,21:40:00,19.03,19.05,19.0,19.05,2000,0
2015-01-30,21:45:00,19.02,19.04,19.0,19.02,2800,0
2015-01-30,21:50:00,19.03,19.03,19.01,19.01,800,0
2015-01-30,21:55:00,19.01,19.02,19.0,19.01,2400,0
2015-01-30,22:00:00,19.02,19.02,19.0,19.01,10699,0
2015-02-02,15:35:00,19.0,19.08,19.0,19.08,300,0
2015-02-02,15:45:00,19.12,19.12,19.1,19.1,1300,0
2015-02-02,15:55:00,19.04,19.04,19.04,19.04,500,0
2015-02-02,16:00:00,19.06,19.06,19.05,19.05,1600,0
2015-02-02,16:10:00,19.05,19.09,19.0,19.01,6729,0
2015-02-02,16:15:00,19.0,19.0,19.0,19.0,600,0
2015-02-02,16:25:00,19.05,19.05,19.05,19.05,500,0
2015-02-02,16:30:00,19.05,19.14,19.04,19.14,2100,0
2015-02-02,16:35:00,19.06,19.1,19.06,19.1,900,0
2015-02-02,16:40:00,19.06,19.13,19.06,19.13,1400,0
2015-02-02,16:45:00,19.14,19.14,19.13,19.14,1000,0
2015-02-02,16:50:00,19.13,19.13,19.1,19.1,200,0
2015-02-02,16:55:00,19.11,19.11,19.11,19.11,1500,0
2015-02-02,17:15:00,19.09,19.14,19.09,19.13,400,0
2015-02-02,17:35:00,19.05,19.19,19.05,19.14,1200,0
2015-02-02,17:40:00,19.16,19.21,19.16,19.16,1524,0
2015-02-02,17:45:00,19.16,19.21,19.16,19.21,200,0
2015-02-02,17:55:00,19.18,19.2,19.18,19.18,300,0
2015-02-02,18:00:00,19.14,19.17,19.13,19.13,762,0
2015-02-02,18:05:00,19.14,19.14,19.14,19.14,100,0
2015-02-02,18:15:00,19.11,19.11,19.11,19.11,100,0
2015-02-02,18:20:00,19.12,19.12,19.12,19.12,100,0
2015-02-02,18:30:00,19.11,19.16,19.11,19.13,300,0
2015-02-02,18:35:00,19.13,19.13,19.13,19.13,300,0
2015-02-02,18:55:00,19.13,19.13,19.11,19.11,300,0
2015-02-02,19:10:00,19.11,19.11,19.09,19.1,2200,0
2015-02-02,19:15:00,19.1,19.13,19.1,19.13,455,0
2015-02-02,19:20:00,19.1,19.1,19.1,19.1,100,0
2015-02-02,19:25:00,19.12,19.12,19.1,19.1,400,0
2015-02-02,19:30:00,19.12,19.13,19.12,19.13,200,0
2015-02-02,19:55:00,19.15,19.19,19.15,19.19,200,0
2015-02-02,20:00:00,19.15,19.15,19.15,19.15,300,0
2015-02-02,20:10:00,19.2,19.2,19.17,19.17,200,0
2015-02-02,20:15:00,19.17,19.17,19.17,19.17,100,0
2015-02-02,20:25:00,19.2,19.2,19.2,19.2,100,0
2015-02-02,20:40:00,19.18,19.18,19.14,19.15,1300,0
2015-02-02,20:45:00,19.18,19.18,19.17,19.17,200,0
2015-02-02,20:50:00,19.2,19.25,19.2,19.23,9292,0
2015-02-02,20:55:00,19.22,19.23,19.22,19.23,400,0
2015-02-02,21:00:00,19.22,19.22,19.19,19.21,1100,0
2015-02-02,21:05:00,19.18,19.18,19.18,19.18,200,0
2015-02-02,21:10:00,19.18,19.2,19.17,19.17,700,0
2015-02-02,21:20:00,19.14,19.23,19.14,19.23,200,0
2015-02-02,21:30:00,19.21,19.21,19.21,19.21,100,0
2015-02-02,21:35:00,19.15,19.2,19.15,19.2,1000,0
2015-02-02,21:40:00,19.17,19.17,19.17,19.17,300,0
2015-02-02,21:45:00,19.25,19.25,19.23,19.23,800,0
2015-02-02,21:50:00,19.25,19.25,19.21,19.22,7073,0
2015-02-02,21:55:00,19.25,19.25,19.24,19.25,2700,0
2015-02-02,22:00:00,19.25,19.33,19.24,19.32,16610,0
2015-02-03,15:35:00,19.4,19.4,19.36,19.36,12698,0
2015-02-03,15:40:00,19.39,19.4,19.37,19.39,5900,0
2015-02-03,15:45:00,19.39,19.39,19.38,19.39,2100,0
2015-02-03,15:50:00,19.38,19.38,19.36,19.38,700,0
2015-02-03,15:55:00,19.38,19.38,19.37,19.37,2310,0
2015-02-03,16:00:00,19.38,19.39,19.38,19.38,1700,0
2015-02-03,16:05:00,19.38,19.39,19.38,19.39,300,0
2015-02-03,16:10:00,19.39,19.39,19.39,19.39,300,0
2015-02-03,16:15:00,19.39,19.39,19.39,19.39,300,0
2015-02-03,16:20:00,19.48,19.74,19.48,19.74,6100,0
2015-02-03,16:25:00,19.7,20.18,19.65,20.18,18439,0
2015-02-03,16:30:00,20.24,20.37,19.86,20.08,33940,0
2015-02-03,16:35:00,20.12,20.21,20.11,20.21,1400,0
2015-02-03,16:40:00,20.23,20.25,20.13,20.17,3441,0
2015-02-03,16:45:00,20.23,20.23,20.16,20.22,2136,0
2015-02-03,16:50:00,20.22,20.22,19.99,20.05,4700,0
2015-02-03,16:55:00,19.96,19.96,19.81,19.84,2200,0
2015-02-03,17:00:00,19.71,19.8,19.7,19.75,2152,0
2015-02-03,17:05:00,19.65,19.82,19.62,19.62,7831,0
2015-02-03,17:10:00,19.63,19.71,19.55,19.62,2400,0
2015-02-03,17:15:00,19.59,19.59,19.59,19.59,200,0
2015-02-03,17:20:00,19.64,19.7,19.64,19.64,4500,0
2015-02-03,17:25:00,19.64,19.67,19.64,19.67,300,0
2015-02-03,17:30:00,19.64,19.65,19.59,19.6,1200,0
2015-02-03,17:35:00,19.62,19.67,19.62,19.62,1100,0
2015-02-03,17:40:00,19.62,19.62,19.62,19.62,1200,0
2015-02-03,17:45:00,19.65,19.66,19.64,19.66,600,0
2015-02-03,17:50:00,19.64,19.64,19.55,19.55,1100,0
2015-02-03,18:05:00,19.48,19.48,19.48,19.48,1200,0
2015-02-03,18:10:00,19.43,19.43,19.4,19.4,800,0
2015-02-03,18:15:00,19.42,19.42,19.42,19.42,100,0
2015-02-03,18:20:00,19.42,19.42,19.4,19.42,1400,0
2015-02-03,18:35:00,19.42,19.42,19.42,19.42,600,0
2015-02-03,18:40:00,19.45,19.56,19.45,19.56,4510,0
2015-02-03,18:45:00,19.58,19.72,19.58,19.66,3200,0
2015-02-03,18:50:00,19.62,19.65,19.55,19.59,1925,0
2015-02-03,18:55:00,19.61,19.61,19.59,19.59,600,0
2015-02-03,19:00:00,19.61,19.61,19.52,19.52,1000,0
2015-02-03,19:10:00,19.54,19.55,19.48,19.5,1900,0
2015-02-03,19:15:00,19.55,19.55,19.51,19.51,500,0
2015-02-03,19:20:00,19.51,19.51,19.51,19.51,100,0
2015-02-03,19:25:00,19.56,19.57,19.47,19.48,1500,0
2015-02-03,19:30:00,19.5,19.51,19.49,19.49,947,0
2015-02-03,19:35:00,19.54,19.54,19.54,19.54,200,0
2015-02-03,19:40:00,19.54,19.54,19.54,19.54,400,0
2015-02-03,19:45:00,19.5,19.5,19.5,19.5,100,0
2015-02-03,19:50:00,19.51,19.55,19.51,19.55,1604,0
2015-02-03,19:55:00,19.55,19.55,19.54,19.54,900,0
2015-02-03,20:00:00,19.57,19.57,19.57,19.57,200,0
2015-02-03,20:05:00,19.6,19.6,19.56,19.56,200,0
2015-02-03,20:10:00,19.56,19.56,19.5,19.5,1272,0
2015-02-03,20:15:00,19.55,19.55,19.55,19.55,900,0
2015-02-03,20:20:00,19.54,19.54,19.54,19.54,100,0
2015-02-03,20:25:00,19.55,19.55,19.55,19.55,500,0
2015-02-03,20:30:00,19.55,19.55,19.52,19.52,200,0
2015-02-03,20:35:00,19.52,19.52,19.49,19.49,900,0
2015-02-03,20:40:00,19.48,19.48,19.48,19.48,100,0
2015-02-03,20:45:00,19.48,19.48,19.48,19.48,200,0
2015-02-03,20:50:00,19.53,19.55,19.53,19.55,400,0
2015-02-03,20:55:00,19.57,19.57,19.55,19.55,2700,0
2015-02-03,21:00:00,19.55,19.55,19.47,19.47,1900,0
2015-02-03,21:05:00,19.5,19.56,19.5,19.56,3132,0
2015-02-03,21:10:00,19.6,19.6,19.6,19.6,200,0
2015-02-03,21:15:00,19.6,19.6,19.6,19.6,400,0
2015-02-03,21:20:00,19.56,19.6,19.55,19.55,1100,0
2015-02-03,21:25:00,19.55,19.56,19.55,19.56,1000,0
2015-02-03,21:30:00,19.56,19.56,19.55,19.56,1400,0
2015-02-03,21:35:00,19.55,19.63,19.54,19.63,7917,0
2015-02-03,21:40:00,19.6,19.62,19.6,19.6,2800,0
2015-02-03,21:45:00,19.52,19.59,19.52,19.56,1350,0
2015-02-03,21:50:00,19.56,19.6,19.54,19.57,2091,0
2015-02-03,21:55:00,19.59,19.64,19.59,19.62,1500,0
2015-02-03,22:00:00,19.62,19.73,19.58,19.66,15428,0
2015-02-04,15:35:00,19.44,19.44,19.44,19.44,300,0
2015-02-04,15:40:00,19.55,19.6,19.55,19.6,400,0
2015-02-04,15:50:00,19.62,19.62,19.62,19.62,600,0
2015-02-04,16:10:00,19.65,19.7,19.65,19.7,2910,0
2015-02-04,16:15:00,19.7,19.71,19.7,19.71,400,0
2015-02-04,16:20:00,19.7,19.72,19.7,19.72,600,0
2015-02-04,16:30:00,19.75,19.75,19.75,19.75,200,0
2015-02-04,16:40:00,19.71,19.71,19.71,19.71,200,0
2015-02-04,16:50:00,19.69,19.69,19.69,19.69,100,0
2015-02-04,16:55:00,19.69,19.77,19.69,19.77,400,0
2015-02-04,17:20:00,19.78,19.81,19.78,19.81,500,0
2015-02-04,17:35:00,19.83,19.83,19.83,19.83,997,0
2015-02-04,17:40:00,19.83,19.83,19.75,19.78,2400,0
2015-02-04,17:45:00,19.8,19.8,19.77,19.77,600,0
2015-02-04,17:55:00,19.75,19.75,19.75,19.75,100,0
2015-02-04,18:00:00,19.8,19.8,19.79,19.8,3836,0
2015-02-04,18:05:00,19.8,19.83,19.8,19.8,2500,0
2015-02-04,18:25:00,19.74,19.74,19.69,19.69,800,0
2015-02-04,18:30:00,19.64,19.64,19.64,19.64,200,0
2015-02-04,18:40:00,19.69,19.69,19.69,19.69,200,0
2015-02-04,19:35:00,19.69,19.69,19.69,19.69,100,0
2015-02-04,20:10:00,19.65,19.69,19.65,19.66,1100,0
2015-02-04,20:20:00,19.65,19.69,19.65,19.65,1200,0
2015-02-04,20:25:00,19.65,19.68,19.61,19.65,2000,0
2015-02-04,20:50:00,19.65,19.65,19.65,19.65,1200,0
2015-02-04,20:55:00,19.64,19.64,19.64,19.64,100,0
2015-02-04,21:00:00,19.65,19.65,19.65,19.65,300,0
2015-02-04,21:25:00,19.63,19.66,19.63,19.66,300,0
2015-02-04,21:30:00,19.59,19.59,19.58,19.58,700,0
2015-02-04,21:35:00,19.6,19.63,19.6,19.63,500,0
2015-02-04,21:40:00,19.6,19.6,19.6,19.6,1060,0
2015-02-04,21:50:00,19.55,19.64,19.55,19.62,1100,0
2015-02-04,21:55:00,19.62,19.63,19.58,19.58,1800,0
2015-02-04,22:00:00,19.5,19.58,19.48,19.58,11525,0
2015-02-05,15:35:00,19.56,19.65,19.56,19.58,300,0
2015-02-05,15:40:00,19.63,19.63,19.63,19.63,1500,0
2015-02-05,16:00:00,19.65,19.65,19.63,19.63,1000,0
2015-02-05,16:10:00,19.6,19.6,19.55,19.56,1800,0
2015-02-05,16:30:00,19.59,19.6,19.56,19.6,600,0
2015-02-05,16:40:00,19.6,19.6,19.6,19.6,100,0
2015-02-05,16:45:00,19.58,19.6,19.56,19.6,800,0
2015-02-05,16:50:00,19.56,19.6,19.56,19.6,300,0
2015-02-05,16:55:00,19.6,19.6,19.6,19.6,100,0
2015-02-05,17:00:00,19.6,19.64,19.6,19.64,200,0
2015-02-05,17:05:00,19.64,19.64,19.64,19.64,100,0
2015-02-05,17:10:00,19.6,19.64,19.6,19.64,200,0
2015-02-05,17:15:00,19.65,19.65,19.65,19.65,100,0
2015-02-05,17:20:00,19.64,19.64,19.64,19.64,200,0
2015-02-05,17:25:00,19.6,19.64,19.6,19.62,1800,0
2015-02-05,17:30:00,19.64,19.65,19.64,19.65,300,0
2015-02-05,17:35:00,19.64,19.65,19.64,19.65,800,0
2015-02-05,17:50:00,19.63,19.7,19.63,19.64,4319,0
2015-02-05,17:55:00,19.7,19.82,19.7,19.82,300,0
2015-02-05,18:00:00,19.87,19.87,19.87,19.87,200,0
2015-02-05,18:05:00,19.89,19.89,19.89,19.89,200,0
2015-02-05,18:10:00,19.83,19.84,19.83,19.84,700,0
2015-02-05,18:15:00,19.85,19.87,19.85,19.87,400,0
2015-02-05,18:25:00,19.89,19.89,19.84,19.89,700,0
2015-02-05,18:30:00,19.89,19.89,19.89,19.89,200,0
2015-02-05,18:35:00,19.89,19.89,19.89,19.89,100,0
2015-02-05,18:40:00,19.89,19.89,19.89,19.89,100,0
2015-02-05,18:45:00,19.89,19.89,19.89,19.89,100,0
2015-02-05,18:50:00,19.89,19.89,19.89,19.89,100,0
2015-02-05,18:55:00,19.85,19.85,19.85,19.85,100,0
2015-02-05,19:00:00,19.87,19.89,19.85,19.85,2000,0
2015-02-05,19:05:00,19.85,19.9,19.82,19.82,1200,0
2015-02-05,19:10:00,19.88,19.88,19.88,19.88,100,0
2015-02-05,19:15:00,19.88,19.88,19.82,19.82,1200,0
2015-02-05,19:20:00,19.82,19.86,19.8,19.86,2350,0
2015-02-05,19:25:00,19.78,19.86,19.78,19.86,200,0
2015-02-05,19:35:00,19.87,19.87,19.87,19.87,100,0
2015-02-05,19:40:00,19.84,19.84,19.78,19.78,600,0
2015-02-05,19:45:00,19.86,19.86,19.86,19.86,100,0
2015-02-05,19:50:00,19.9,19.9,19.9,19.9,100,0
2015-02-05,19:55:00,19.81,19.89,19.81,19.89,200,0
2015-02-05,20:00:00,19.89,19.89,19.89,19.89,100,0
2015-02-05,20:05:00,19.83,19.9,19.83,19.85,5900,0
2015-02-05,20:10:00,19.88,19.88,19.88,19.88,100,0
2015-02-05,20:15:00,19.85,19.85,19.84,19.85,500,0
2015-02-05,20:20:00,19.85,19.85,19.83,19.85,1944,0
2015-02-05,20:25:00,19.85,19.85,19.85,19.85,300,0
2015-02-05,20:30:00,19.83,19.83,19.77,19.79,2503,0
2015-02-05,20:35:00,19.79,19.85,19.79,19.8,22735,0
2015-02-05,20:40:00,19.78,19.78,19.76,19.78,300,0
2015-02-05,20:45:00,19.8,19.84,19.72,19.74,9161,0
2015-02-05,20:55:00,19.8,19.8,19.8,19.8,200,0
2015-02-05,21:00:00,19.8,19.85,19.8,19.85,500,0
2015-02-05,21:05:00,19.82,19.85,19.79,19.79,1000,0
2015-02-05,21:10:00,19.82,19.82,19.79,19.79,896,0
2015-02-05,21:15:00,19.79,19.84,19.79,19.84,900,0
2015-02-05,21:20:00,19.81,19.83,19.81,19.83,400,0
2015-02-05,21:30:00,19.85,19.85,19.85,19.85,200,0
2015-02-05,21:35:00,19.85,19.85,19.81,19.82,3500,0
2015-02-05,21:40:00,19.82,19.85,19.8,19.84,2600,0
2015-02-05,21:50:00,19.82,19.84,19.81,19.81,2300,0
2015-02-05,21:55:00,19.84,19.84,19.84,19.84,600,0
2015-02-05,22:00:00,19.84,19.85,19.81,19.85,10314,0
2015-02-06,15:35:00,19.85,19.85,19.7,19.83,300,0
2015-02-06,15:40:00,19.84,19.85,19.84,19.85,2050,0
2015-02-06,15:45:00,19.85,19.89,19.84,19.84,5900,0
2015-02-06,15:50:00,19.84,19.84,19.82,19.84,1600,0
2015-02-06,16:00:00,19.85,19.87,19.85,19.87,1100,0
2015-02-06,16:05:00,19.89,19.89,19.81,19.81,200,0
2015-02-06,16:10:00,19.89,19.89,19.89,19.89,100,0
2015-02-06,16:15:00,19.89,19.9,19.89,19.9,1100,0
2015-02-06,16:20:00,19.9,20.0,19.9,19.99,19026,0
2015-02-06,16:25:00,20.0,20.15,19.94,20.15,19723,0
2015-02-06,16:30:00,20.15,20.42,20.15,20.4,16252,0
2015-02-06,16:35:00,20.26,20.26,20.05,20.06,3700,0
2015-02-06,16:40:00,20.17,20.17,20.15,20.16,1050,0
2015-02-06,16:45:00,20.19,20.19,20.07,20.07,1213,0
2015-02-06,16:50:00,20.11,20.11,20.05,20.05,2800,0
2015-02-06,16:55:00,20.11,20.11,20.08,20.09,1400,0
2015-02-06,17:00:00,20.05,20.11,20.05,20.11,1100,0
2015-02-06,17:05:00,20.08,20.11,20.05,20.11,1000,0
2015-02-06,17:10:00,20.11,20.11,20.05,20.05,4700,0
2015-02-06,17:15:00,20.0,20.02,20.0,20.0,1200,0
2015-02-06,17:20:00,20.0,20.0,20.0,20.0,800,0
2015-02-06,17:25:00,20.08,20.08,20.04,20.05,2500,0
2015-02-06,17:30:00,20.04,20.04,20.0,20.0,600,0
2015-02-06,17:40:00,20.01,20.05,20.01,20.05,700,0
2015-02-06,17:45:00,20.05,20.11,20.05,20.05,6500,0
2015-02-06,17:50:00,20.05,20.05,20.05,20.05,500,0
2015-02-06,17:55:00,20.06,20.06,20.06,20.06,200,0
2015-02-06,18:00:00,20.06,20.06,20.04,20.04,1100,0
2015-02-06,18:05:00,20.06,20.06,20.04,20.04,1100,0
2015-02-06,18:15:00,20.0,20.0,20.0,20.0,100,0
2015-02-06,18:20:00,20.01,20.04,20.01,20.04,1100,0
2015-02-06,18:25:00,20.04,20.04,19.96,20.0,6800,0
2015-02-06,18:35:00,19.97,20.03,19.97,20.03,300,0
2015-02-06,18:40:00,20.0,20.0,20.0,20.0,300,0
2015-02-06,18:45:00,20.0,20.04,20.0,20.0,500,0
2015-02-06,18:50:00,20.0,20.03,20.0,20.03,400,0
2015-02-06,18:55:00,20.04,20.04,20.03,20.03,400,0
2015-02-06,19:00:00,20.04,20.06,20.04,20.05,1500,0
2015-02-06,19:10:00,20.0,20.0,20.0,20.0,300,0
2015-02-06,19:20:00,20.0,20.06,20.0,20.06,300,0
2015-02-06,19:30:00,20.03,20.06,20.03,20.06,1000,0
2015-02-06,19:35:00,20.02,20.06,20.02,20.04,2021,0
2015-02-06,19:40:00,20.01,20.03,20.01,20.03,1100,0
2015-02-06,19:45:00,20.04,20.04,20.01,20.01,500,0
2015-02-06,20:00:00,20.05,20.05,20.0,20.0,600,0
2015-02-06,20:05:00,20.01,20.05,20.01,20.05,200,0
2015-02-06,20:10:00,20.05,20.05,20.02,20.05,600,0
2015-02-06,20:15:00,20.02,20.05,20.02,20.05,1100,0
2015-02-06,20:20:00,20.06,20.06,20.06,20.06,100,0
2015-02-06,20:25:00,20.0,20.05,20.0,20.05,500,0
2015-02-06,20:30:00,20.05,20.05,20.0,20.0,600,0
2015-02-06,20:35:00,20.02,20.02,20.0,20.02,1000,0
2015-02-06,20:40:00,20.02,20.06,20.02,20.03,4222,0
2015-02-06,20:45:00,20.06,20.06,19.99,19.99,2800,0
2015-02-06,20:50:00,19.96,19.96,19.9,19.95,2200,0
2015-02-06,20:55:00,19.9,20.11,19.9,20.03,5651,0
2015-02-06,21:00:00,20.06,20.06,19.93,19.93,800,0
2015-02-06,21:10:00,19.92,19.92,19.92,19.92,100,0
2015-02-06,21:15:00,19.97,19.97,19.81,19.84,3300,0
2015-02-06,21:20:00,20.0,20.0,20.0,20.0,600,0
2015-02-06,21:25:00,19.87,19.96,19.87,19.93,600,0
2015-02-06,21:30:00,19.96,19.96,19.89,19.89,1443,0
2015-02-06,21:35:00,19.94,19.94,19.89,19.9,2600,0
2015-02-06,21:40:00,19.92,19.92,19.87,19.87,372,0
2015-02-06,21:45:00,19.92,19.92,19.92,19.92,100,0
2015-02-06,21:50:00,19.92,19.92,19.82,19.85,2455,0
2015-02-06,21:55:00,19.83,19.99,19.83,19.92,4100,0
2015-02-06,22:00:00,19.92,20.0,19.89,19.99,11800,0
2015-02-09,15:35:00,19.9,19.9,19.86,19.9,800,0
2015-02-09,15:40:00,19.88,19.9,19.88,19.9,600,0
2015-02-09,15:45:00,19.9,19.9,19.9,19.9,100,0
2015-02-09,15:50:00,19.9,20.0,19.9,20.0,1600,0
2015-02-09,15:55:00,20.13,20.13,20.13,20.13,400,0
2015-02-09,16:00:00,20.11,20.11,20.11,20.11,100,0
2015-02-09,16:05:00,20.15,20.22,20.15,20.22,700,0
2015-02-09,16:10:00,20.21,20.21,20.1,20.1,1500,0
2015-02-09,16:15:00,20.21,20.24,20.21,20.24,1700,0
2015-02-09,16:20:00,20.24,20.24,20.15,20.15,500,0
2015-02-09,16:25:00,20.23,20.23,20.23,20.23,100,0
2015-02-09,16:30:00,20.24,20.24,20.24,20.24,200,0
2015-02-09,16:35:00,20.24,20.24,20.24,20.24,100,0
2015-02-09,16:40:00,20.24,20.24,20.24,20.24,400,0
2015-02-09,16:45:00,20.25,20.25,20.25,20.25,100,0
2015-02-09,16:50:00,20.25,20.25,20.17,20.2,900,0
2015-02-09,17:10:00,20.14,20.19,20.14,20.16,600,0
2015-02-09,17:15:00,20.19,20.19,20.19,20.19,100,0
2015-02-09,17:20:00,20.15,20.23,20.15,20.23,300,0
2015-02-09,17:25:00,20.13,20.13,20.08,20.08,1300,0
2015-02-09,17:30:00,20.19,20.19,20.19,20.19,200,0
2015-02-09,17:35:00,20.1,20.1,20.1,20.1,100,0
2015-02-09,17:40:00,20.1,20.15,20.1,20.1,300,0
2015-02-09,17:45:00,20.1,20.1,20.08,20.09,1000,0
2015-02-09,18:05:00,20.09,20.11,20.09,20.1,800,0
2015-02-09,18:10:00,20.1,20.1,20.1,20.1,100,0
2015-02-09,18:15:00,20.1,20.1,20.1,20.1,900,0
2015-02-09,18:25:00,20.09,20.09,19.92,19.94,5248,0
2015-02-09,18:30:00,20.03,20.03,20.01,20.01,300,0
2015-02-09,18:35:00,20.1,20.1,20.1,20.1,200,0
2015-02-09,18:40:00,19.96,20.0,19.93,19.94,1600,0
2015-02-09,18:45:00,19.96,20.04,19.95,20.04,400,0
2015-02-09,18:55:00,19.94,20.0,19.94,20.0,700,0
2015-02-09,19:00:00,19.95,19.95,19.9,19.9,1100,0
2015-02-09,19:05:00,19.94,19.94,19.94,19.94,100,0
2015-02-09,19:10:00,19.94,19.94,19.94,19.94,200,0
2015-02-09,19:20:00,19.94,19.98,19.94,19.98,1100,0
2015-02-09,19:25:00,19.99,20.0,19.98,20.0,2300,0
2015-02-09,19:30:00,20.02,20.02,20.02,20.02,100,0
2015-02-09,19:40:00,20.05,20.05,19.98,19.98,1500,0
2015-02-09,19:50:00,19.92,19.92,19.92,19.92,6000,0
2015-02-09,20:00:00,19.92,19.92,19.9,19.91,1500,0
2015-02-09,20:05:00,19.9,19.9,19.9,19.9,500,0
2015-02-09,20:10:00,19.93,19.93,19.93,19.93,150,0
2015-02-09,20:15:00,19.95,19.95,19.95,19.95,100,0
2015-02-09,20:20:00,19.95,19.95,19.9,19.94,800,0
2015-02-09,20:25:00,19.9,19.9,19.9,19.9,800,0
2015-02-09,20:30:00,19.94,19.94,19.9,19.93,700,0
2015-02-09,20:35:00,19.94,19.94,19.9,19.91,500,0
2015-02-09,20:40:00,19.94,19.94,19.9,19.9,900,0
2015-02-09,20:45:00,19.94,19.94,19.9,19.9,300,0
2015-02-09,20:50:00,19.9,19.94,19.86,19.86,3100,0
2015-02-09,20:55:00,19.87,19.93,19.87,19.93,1700,0
2015-02-09,21:00:00,19.93,19.93,19.92,19.92,1700,0
2015-02-09,21:05:00,19.97,19.97,19.92,19.96,575,0
2015-02-09,21:10:00,19.92,19.93,19.87,19.87,2600,0
2015-02-09,21:15:00,19.87,19.92,19.87,19.92,300,0
2015-02-09,21:20:00,19.86,19.86,19.78,19.82,1000,0
2015-02-09,21:25:00,19.78,19.81,19.78,19.81,591,0
2015-02-09,21:30:00,19.76,19.8,19.76,19.8,500,0
2015-02-09,21:35:00,19.78,19.84,19.78,19.82,1600,0
2015-02-09,21:40:00,19.82,19.9,19.8,19.83,3500,0
2015-02-09,21:45:00,19.83,19.98,19.83,19.95,1600,0
2015-02-09,21:50:00,19.93,19.94,19.83,19.88,2100,0
2015-02-09,21:55:00,19.88,19.98,19.87,19.92,4261,0
2015-02-09,22:00:00,19.89,20.08,19.89,19.98,13008,0
2015-02-10,15:35:00,20.23,20.23,20.23,20.23,700,0
2015-02-10,15:45:00,20.14,20.14,20.1,20.1,1200,0
2015-02-10,15:50:00,20.06,20.06,20.06,20.06,100,0
2015-02-10,15:55:00,19.98,20.01,19.98,19.98,4300,0
2015-02-10,16:00:00,19.98,20.0,19.98,20.0,1400,0
2015-02-10,16:05:00,20.02,20.02,20.02,20.02,500,0
2015-02-10,16:10:00,20.02,20.02,19.98,19.98,800,0
2015-02-10,16:15:00,19.98,19.98,19.98,19.98,700,0
2015-02-10,16:20:00,19.99,19.99,19.95,19.95,200,0
2015-02-10,16:25:00,19.87,19.87,19.87,19.87,100,0
2015-02-10,16:30:00,19.83,19.84,19.83,19.83,400,0
2015-02-10,16:35:00,19.86,19.86,19.85,19.85,200,0
2015-02-10,16:40:00,19.87,19.94,19.87,19.92,2812,0
2015-02-10,16:45:00,19.85,19.85,19.85,19.85,200,0
2015-02-10,16:50:00,19.84,19.84,19.8,19.8,1400,0
2015-02-10,16:55:00,19.79,19.79,19.79,19.79,100,0
2015-02-10,17:05:00,19.8,19.8,19.79,19.79,1100,0
2015-02-10,17:10:00,19.8,19.8,19.8,19.8,800,0
2015-02-10,17:15:00,19.81,19.81,19.81,19.81,200,0
2015-02-10,17:20:00,19.81,19.86,19.81,19.86,300,0
2015-02-10,17:25:00,19.9,19.9,19.84,19.84,1200,0
2015-02-10,17:35:00,19.84,19.84,19.84,19.84,100,0
2015-02-10,17:40:00,19.85,19.9,19.85,19.9,1000,0
2015-02-10,17:45:00,19.91,19.95,19.91,19.95,600,0
2015-02-10,17:50:00,19.94,19.97,19.94,19.97,300,0
2015-02-10,17:55:00,19.97,19.97,19.97,19.97,200,0
2015-02-10,18:00:00,19.98,19.98,19.97,19.97,400,0
2015-02-10,18:05:00,19.95,19.97,19.95,19.95,1000,0
2015-02-10,18:20:00,19.95,19.95,19.95,19.95,100,0
2015-02-10,18:25:00,19.97,19.97,19.97,19.97,100,0
2015-02-10,18:30:00,19.98,19.98,19.98,19.98,200,0
2015-02-10,18:35:00,19.98,19.98,19.95,19.95,700,0
2015-02-10,18:40:00,19.98,19.98,19.93,19.93,300,0
2015-02-10,18:45:00,19.98,19.98,19.97,19.97,200,0
2015-02-10,18:50:00,19.98,19.98,19.98,19.98,100,0
2015-02-10,18:55:00,19.98,20.04,19.98,20.03,2377,0
2015-02-10,19:00:00,20.0,20.0,20.0,20.0,100,0
2015-02-10,19:05:00,20.02,20.02,20.02,20.02,200,0
2015-02-10,19:10:00,20.05,20.05,20.04,20.04,200,0
2015-02-10,19:15:00,20.03,20.03,20.03,20.03,300,0
2015-02-10,19:20:00,20.04,20.04,20.04,20.04,100,0
2015-02-10,19:25:00,19.97,20.0,19.97,20.0,300,0
2015-02-10,19:30:00,19.9,19.93,19.9,19.93,300,0
2015-02-10,19:35:00,19.93,19.93,19.93,19.93,600,0
2015-02-10,19:40:00,19.93,19.93,19.93,19.93,100,0
2015-02-10,19:45:00,19.93,19.96,19.93,19.96,400,0
2015-02-10,19:50:00,19.95,19.95,19.95,19.95,400,0
2015-02-10,19:55:00,19.96,19.96,19.96,19.96,100,0
2015-02-10,20:00:00,20.03,20.03,20.03,20.03,300,0
2015-02-10,20:05:00,20.04,20.04,20.0,20.03,900,0
2015-02-10,20:10:00,20.09,20.09,20.09,20.09,100,0
2015-02-10,20:15:00,20.09,20.1,20.09,20.1,300,0
2015-02-10,20:20:00,20.08,20.09,20.08,20.09,600,0
2015-02-10,20:25:00,20.1,20.1,20.1,20.1,200,0
2015-02-10,20:30:00,20.06,20.08,20.0,20.04,7800,0
2015-02-10,20:35:00,20.05,20.05,20.05,20.05,100,0
2015-02-10,20:40:00,20.0,20.0,20.0,20.0,300,0
2015-02-10,20:45:00,20.0,20.01,20.0,20.0,1400,0
2015-02-10,21:00:00,20.0,20.0,20.0,20.0,400,0
2015-02-10,21:05:00,20.06,20.06,20.06,20.06,400,0
2015-02-10,21:10:00,20.04,20.04,20.04,20.04,200,0
2015-02-10,21:15:00,19.97,19.99,19.94,19.99,1000,0
2015-02-10,21:20:00,20.0,20.0,20.0,20.0,200,0
2015-02-10,21:25:00,20.0,20.0,20.0,20.0,500,0
2015-02-10,21:30:00,20.05,20.09,20.05,20.05,800,0
2015-02-10,21:35:00,20.09,20.1,20.04,20.04,1100,0
2015-02-10,21:40:00,20.08,20.1,20.08,20.1,800,0
2015-02-10,21:45:00,20.1,20.17,20.07,20.11,1400,0
2015-02-10,21:50:00,20.13,20.14,20.05,20.1,1200,0
2015-02-10,21:55:00,20.07,20.18,20.05,20.08,3712,0
2015-02-10,22:00:00,20.1,20.15,19.97,20.01,6673,0
2015-02-11,15:35:00,20.0,20.0,19.99,19.99,300,0
2015-02-11,15:40:00,19.86,19.86,19.71,19.71,4000,0
2015-02-11,15:45:00,19.85,19.85,19.85,19.85,200,0
2015-02-11,15:50:00,19.83,19.83,19.83,19.83,100,0
2015-02-11,15:55:00,19.8,19.85,19.8,19.85,1100,0
2015-02-11,16:00:00,20.0,20.0,19.9,19.9,200,0
2015-02-11,16:05:00,19.99,19.99,19.99,19.99,200,0
2015-02-11,16:10:00,19.89,20.0,19.89,19.95,3400,0
2015-02-11,16:15:00,19.89,19.99,19.89,19.99,600,0
2015-02-11,16:25:00,19.93,20.04,19.93,20.03,5359,0
2015-02-11,16:30:00,20.0,20.05,19.95,20.05,2300,0
2015-02-11,16:35:00,20.01,20.05,19.97,20.05,600,0
2015-02-11,16:40:00,19.97,19.97,19.97,19.97,300,0
2015-02-11,16:45:00,20.0,20.0,19.98,19.98,1000,0
2015-02-11,16:50:00,19.99,19.99,19.99,19.99,200,0
2015-02-11,16:55:00,19.99,20.02,19.98,20.02,600,0
2015-02-11,17:00:00,20.02,20.02,20.02,20.02,200,0
2015-02-11,17:05:00,20.0,20.03,20.0,20.03,1200,0
2015-02-11,17:10:00,20.02,20.03,20.02,20.03,400,0
2015-02-11,17:15:00,20.02,20.02,20.02,20.02,500,0
2015-02-11,17:20:00,20.02,20.02,20.02,20.02,300,0
2015-02-11,17:25:00,20.05,20.05,20.03,20.04,400,0
2015-02-11,17:30:00,20.03,20.04,20.03,20.03,500,0
2015-02-11,17:35:00,20.04,20.04,20.03,20.03,300,0
2015-02-11,17:40:00,20.05,20.12,20.05,20.06,1700,0
2015-02-11,17:45:00,20.15,20.15,20.15,20.15,200,0
2015-02-11,17:50:00,20.19,20.19,20.19,20.19,450,0
2015-02-11,17:55:00,20.19,20.19,20.19,20.19,100,0
2015-02-11,18:00:00,20.19,20.19,20.14,20.14,3700,0
2015-02-11,18:05:00,20.15,20.15,20.06,20.06,1300,0
2015-02-11,18:10:00,20.08,20.08,20.08,20.08,200,0
2015-02-11,18:15:00,20.08,20.08,20.08,20.08,200,0
2015-02-11,18:20:00,20.06,20.06,19.98,20.03,7660,0
2015-02-11,18:25:00,20.03,20.03,20.03,20.03,300,0
2015-02-11,18:40:00,20.02,20.03,20.01,20.03,400,0
2015-02-11,18:45:00,20.05,20.05,20.01,20.05,1300,0
2015-02-11,18:50:00,20.01,20.04,20.01,20.04,700,0
2015-02-11,18:55:00,20.03,20.03,20.0,20.0,1200,0
2015-02-11,19:00:00,19.98,19.98,19.98,19.98,300,0
2015-02-11,19:10:00,19.98,19.98,19.96,19.97,1800,0
2015-02-11,19:20:00,19.95,19.95,19.95,19.95,100,0
2015-02-11,19:25:00,19.97,19.97,19.97,19.97,200,0
2015-02-11,19:30:00,19.97,19.97,19.97,19.97,100,0
2015-02-11,19:35:00,20.0,20.0,20.0,20.0,200,0
2015-02-11,19:40:00,19.99,20.0,19.99,20.0,1100,0
2015-02-11,19:45:00,20.0,20.0,20.0,20.0,200,0
2015-02-11,19:50:00,20.0,20.0,19.96,20.0,6200,0
2015-02-11,19:55:00,20.0,20.0,20.0,20.0,400,0
2015-02-11,20:00:00,20.0,20.03,19.98,19.98,1700,0
2015-02-11,20:10:00,19.97,19.97,19.97,19.97,100,0
2015-02-11,20:15:00,19.98,19.98,19.98,19.98,100,0
2015-02-11,20:20:00,19.98,19.98,19.95,19.95,1042,0
2015-02-11,20:25:00,20.01,20.01,20.01,20.01,200,0
2015-02-11,20:30:00,20.02,20.02,19.99,20.01,600,0
2015-02-11,20:35:00,20.01,20.01,20.01,20.01,200,0
2015-02-11,20:40:00,20.03,20.08,20.03,20.06,1200,0
2015-02-11,20:45:00,20.05,20.05,20.05,20.05,200,0
2015-02-11,20:50:00,20.05,20.05,20.03,20.03,1100,0
2015-02-11,21:00:00,20.05,20.05,20.05,20.05,200,0
2015-02-11,21:05:00,20.05,20.05,20.05,20.05,200,0
2015-02-11,21:10:00,20.04,20.06,20.0,20.03,2900,0
2015-02-11,21:15:00,20.0,20.02,19.97,19.97,2400,0
2015-02-11,21:20:00,19.95,20.01,19.95,19.99,3300,0
2015-02-11,21:25:00,20.0,20.01,19.97,19.97,1600,0
2015-02-11,21:30:00,19.96,19.96,19.92,19.92,200,0
2015-02-11,21:35:00,19.96,19.96,19.91,19.91,1600,0
2015-02-11,21:40:00,19.91,19.91,19.91,19.91,300,0
2015-02-11,21:45:00,19.91,19.95,19.91,19.95,400,0
2015-02-11,21:50:00,19.95,19.95,19.91,19.92,2666,0
2015-02-11,21:55:00,19.98,20.0,19.93,19.97,5763,0
2015-02-11,22:00:00,19.97,19.98,19.91,19.97,7154,0
2015-02-12,15:40:00,20.0,20.0,19.99,20.0,854,0
2015-02-12,15:45:00,20.19,20.19,20.19,20.19,1380,0
2015-02-12,16:10:00,20.01,20.02,20.01,20.02,1000,0
2015-02-12,16:15:00,20.04,20.06,20.04,20.06,200,0
2015-02-12,16:20:00,20.04,20.04,20.0,20.02,1100,0
2015-02-12,16:25:00,20.02,20.05,20.01,20.01,600,0
2015-02-12,16:30:00,20.01,20.01,20.01,20.01,100,0
2015-02-12,16:35:00,20.02,20.02,20.02,20.02,200,0
2015-02-12,16:40:00,20.02,20.02,20.02,20.02,100,0
2015-02-12,16:45:00,20.03,20.03,20.0,20.0,1100,0
2015-02-12,16:50:00,20.03,20.05,20.03,20.05,200,0
2015-02-12,16:55:00,20.04,20.07,20.03,20.06,1500,0
2015-02-12,17:00:00,20.05,20.05,20.05,20.05,100,0
2015-02-12,17:10:00,20.07,20.08,20.04,20.08,1100,0
2015-02-12,17:15:00,20.06,20.06,20.06,20.06,200,0
2015-02-12,17:20:00,20.07,20.07,20.05,20.05,600,0
2015-02-12,17:25:00,20.01,20.01,19.99,19.99,1400,0
2015-02-12,17:30:00,19.99,19.99,19.99,19.99,100,0
2015-02-12,17:35:00,20.03,20.05,20.03,20.03,1500,0
2015-02-12,17:40:00,20.05,20.05,20.05,20.05,100,0
2015-02-12,17:45:00,20.05,20.05,20.05,20.05,200,0
2015-02-12,17:50:00,20.05,20.05,20.05,20.05,100,0
2015-02-12,17:55:00,20.05,20.05,20.05,20.05,100,0
2015-02-12,18:00:00,20.05,20.05,20.05,20.05,1500,0
2015-02-12,18:05:00,20.05,20.05,20.03,20.03,200,0
2015-02-12,18:10:00,20.05,20.05,20.05,20.05,100,0
2015-02-12,18:15:00,20.07,20.07,20.05,20.05,300,0
2015-02-12,18:20:00,20.04,20.04,20.04,20.04,500,0
2015-02-12,18:30:00,20.03,20.03,20.03,20.03,2340,0
2015-02-12,18:35:00,20.0,20.08,20.0,20.0,880,0
2015-02-12,18:55:00,20.01,20.01,19.97,19.97,400,0
2015-02-12,19:00:00,20.01,20.01,20.01,20.01,100,0
2015-02-12,19:05:00,20.07,20.07,20.07,20.07,100,0
2015-02-12,19:10:00,20.01,20.1,20.01,20.1,300,0
2015-02-12,19:15:00,20.07,20.07,20.07,20.07,100,0
2015-02-12,19:20:00,20.01,20.03,20.01,20.03,700,0
2015-02-12,19:25:00,20.09,20.09,20.09,20.09,100,0
2015-02-12,19:30:00,20.07,20.07,20.07,20.07,100,0
2015-02-12,19:35:00,20.07,20.07,20.04,20.04,500,0
2015-02-12,19:40:00,20.07,20.07,20.04,20.04,500,0
2015-02-12,19:50:00,20.09,20.09,20.09,20.09,100,0
2015-02-12,19:55:00,20.03,20.03,20.03,20.03,100,0
2015-02-12,20:00:00,20.03,20.03,20.03,20.03,300,0
2015-02-12,20:05:00,20.07,20.07,20.05,20.05,300,0
2015-02-12,20:10:00,20.05,20.08,20.05,20.08,200,0
2015-02-12,20:15:00,20.08,20.1,20.06,20.06,300,0
2015-02-12,20:20:00,20.08,20.08,20.06,20.06,1300,0
2015-02-12,20:35:00,20.04,20.04,20.04,20.04,100,0
2015-02-12,20:40:00,20.03,20.03,20.03,20.03,200,0
2015-02-12,20:45:00,20.04,20.04,20.04,20.04,200,0
2015-02-12,20:50:00,20.08,20.1,20.06,20.1,3500,0
2015-02-12,20:55:00,20.06,20.08,20.06,20.06,2000,0
2015-02-12,21:05:00,20.06,20.06,20.03,20.03,400,0
2015-02-12,21:10:00,20.04,20.04,20.0,20.0,2798,0
2015-02-12,21:15:00,19.98,20.0,19.98,20.0,200,0
2015-02-12,21:20:00,20.0,20.0,20.0,20.0,400,0
2015-02-12,21:25:00,20.01,20.01,20.01,20.01,200,0
2015-02-12,21:30:00,20.03,20.03,19.95,19.96,3300,0
2015-02-12,21:35:00,20.0,20.06,20.0,20.02,1398,0
2015-02-12,21:40:00,20.02,20.02,20.02,20.02,100,0
2015-02-12,21:45:00,20.04,20.11,20.04,20.05,3557,0
2015-02-12,21:50:00,20.08,20.08,20.03,20.06,900,0
2015-02-12,21:55:00,20.1,20.1,20.07,20.08,900,0
2015-02-12,22:00:00,20.09,20.14,20.04,20.09,5227,0
2015-02-13,15:35:00,20.02,20.02,19.82,19.93,900,0
2015-02-13,15:40:00,20.01,20.01,19.95,19.95,500,0
2015-02-13,15:45:00,20.04,20.04,19.95,19.97,600,0
2015-02-13,15:50:00,19.98,19.98,19.97,19.97,600,0
2015-02-13,15:55:00,20.02,20.02,20.0,20.0,500,0
2015-02-13,16:05:00,20.08,20.08,20.08,20.08,200,0
2015-02-13,16:15:00,20.13,20.13,20.13,20.13,100,0
2015-02-13,16:20:00,20.06,20.11,20.03,20.03,2100,0
2015-02-13,16:25:00,20.0,20.04,20.0,20.04,15769,0
2015-02-13,16:30:00,20.0,20.03,20.0,20.0,1500,0
2015-02-13,16:35:00,20.02,20.03,20.02,20.03,200,0
2015-02-13,16:40:00,20.02,20.03,20.02,20.03,800,0
2015-02-13,16:45:00,20.02,20.02,20.02,20.02,400,0
2015-02-13,16:50:00,20.0,20.0,20.0,20.0,100,0
2015-02-13,16:55:00,20.02,20.03,19.98,19.98,700,0
2015-02-13,17:00:00,20.03,20.03,20.03,20.03,100,0
2015-02-13,17:05:00,19.99,20.03,19.99,20.03,200,0
2015-02-13,17:10:00,19.98,19.98,19.95,19.95,200,0
2015-02-13,17:15:00,19.99,20.03,19.99,20.03,200,0
2015-02-13,17:20:00,20.0,20.0,20.0,20.0,100,0
2015-02-13,17:25:00,20.0,20.0,19.97,19.97,200,0
2015-02-13,17:30:00,20.0,20.0,20.0,20.0,200,0
2015-02-13,17:35:00,20.0,20.0,19.99,19.99,200,0
2015-02-13,17:40:00,20.02,20.03,20.01,20.01,1800,0
2015-02-13,17:45:00,19.97,19.97,19.97,19.97,600,0
2015-02-13,18:00:00,19.99,19.99,19.99,19.99,100,0
2015-02-13,18:05:00,20.02,20.02,20.02,20.02,100,0
2015-02-13,18:10:00,20.03,20.03,20.03,20.03,200,0
2015-02-13,18:15:00,20.02,20.03,20.02,20.03,500,0
2015-02-13,18:20:00,20.03,20.03,20.03,20.03,500,0
2015-02-13,18:25:00,20.02,20.03,20.02,20.02,1093,0
2015-02-13,18:30:00,20.02,20.02,20.02,20.02,100,0
2015-02-13,18:40:00,20.01,20.01,20.01,20.01,200,0
2015-02-13,18:45:00,19.99,19.99,19.99,19.99,300,0
2015-02-13,19:05:00,20.01,20.01,19.95,19.95,200,0
2015-02-13,19:10:00,20.0,20.0,20.0,20.0,100,0
2015-02-13,19:15:00,20.01,20.01,19.97,19.97,500,0
2015-02-13,19:20:00,20.01,20.01,20.0,20.0,200,0
2015-02-13,19:25:00,19.98,19.98,19.95,19.98,2200,0
2015-02-13,19:35:00,19.92,19.97,19.92,19.97,200,0
2015-02-13,19:40:00,19.98,19.99,19.97,19.99,300,0
2015-02-13,19:45:00,19.99,19.99,19.99,19.99,100,0
2015-02-13,19:50:00,20.02,20.02,20.02,20.02,200,0
2015-02-13,19:55:00,20.0,20.0,20.0,20.0,100,0
2015-02-13,20:00:00,20.0,20.0,20.0,20.0,100,0
2015-02-13,20:05:00,20.0,20.0,20.0,20.0,100,0
2015-02-13,20:10:00,19.98,19.98,19.98,19.98,100,0
2015-02-13,20:15:00,20.0,20.0,20.0,20.0,200,0
2015-02-13,20:20:00,19.98,19.98,19.97,19.98,500,0
2015-02-13,20:30:00,19.97,19.97,19.96,19.96,300,0
2015-02-13,20:35:00,19.97,19.97,19.97,19.97,400,0
2015-02-13,20:45:00,20.01,20.01,19.99,19.99,1691,0
2015-02-13,20:50:00,20.01,20.01,20.01,20.01,100,0
2015-02-13,20:55:00,20.01,20.02,20.01,20.02,200,0
2015-02-13,21:00:00,20.0,20.0,20.0,20.0,100,0
2015-02-13,21:05:00,20.0,20.02,19.96,19.97,1800,0
2015-02-13,21:15:00,20.0,20.02,20.0,20.0,2600,0
2015-02-13,21:20:00,20.0,20.02,20.0,20.0,700,0
2015-02-13,21:25:00,20.02,20.02,19.99,20.0,5200,0
2015-02-13,21:40:00,19.91,19.97,19.91,19.93,600,0
2015-02-13,21:45:00,19.97,19.99,19.97,19.99,2700,0
2015-02-13,21:50:00,19.99,19.99,19.96,19.98,799,0
2015-02-13,21:55:00,19.97,20.0,19.97,19.99,4781,0
2015-02-13,22:00:00,19.99,19.99,19.91,19.93,6110,0
2015-02-17,15:35:00,19.81,19.87,19.81,19.84,8805,0
2015-02-17,15:40:00,19.82,19.9,19.82,19.9,1083,0
2015-02-17,15:45:00,19.86,19.86,19.86,19.86,2000,0
2015-02-17,15:50:00,19.86,19.86,19.84,19.84,1100,0
2015-02-17,16:00:00,19.84,19.84,19.84,19.84,700,0
2015-02-17,16:15:00,19.9,19.9,19.9,19.9,100,0
2015-02-17,16:20:00,19.92,19.92,19.92,19.92,100,0
2015-02-17,16:25:00,19.94,19.94,19.94,19.94,100,0
2015-02-17,16:30:00,19.93,19.94,19.93,19.94,300,0
2015-02-17,16:35:00,19.96,19.96,19.96,19.96,400,0
2015-02-17,16:40:00,19.97,20.15,19.97,20.09,91275,0
2015-02-17,16:45:00,20.02,20.06,20.02,20.02,1000,0
2015-02-17,16:50:00,20.02,20.09,20.02,20.02,6000,0
2015-02-17,16:55:00,20.02,20.1,20.02,20.06,1200,0
2015-02-17,17:05:00,20.06,20.09,20.04,20.06,8900,0
2015-02-17,17:10:00,20.03,20.03,20,20,1131,0
2015-02-17,17:15:00,20.01,20.03,20,20.03,2800,0
2015-02-17,17:20:00,20.03,20.03,20.03,20.03,100,0
2015-02-17,17:25:00,20.03,20.03,20.03,20.03,200,0
2015-02-17,17:30:00,20.03,20.03,20.01,20.02,1900,0
2015-02-17,17:35:00,20.03,20.03,20.03,20.03,100,0
2015-02-17,17:40:00,20.03,20.06,20.02,20.03,6900,0
2015-02-17,17:45:00,20.03,20.03,20.03,20.03,1100,0
2015-02-17,17:50:00,20.03,20.05,20.03,20.03,500,0
2015-02-17,17:55:00,20.04,20.04,20.02,20.03,900,0
2015-02-17,18:00:00,20.03,20.03,20.03,20.03,100,0
2015-02-17,18:05:00,20.03,20.04,20,20.02,1600,0
2015-02-17,18:10:00,20.02,20.02,20.02,20.02,100,0
2015-02-17,18:20:00,20.02,20.04,20.02,20.02,1300,0
2015-02-17,18:35:00,20.05,20.05,20.04,20.05,1400,0
2015-02-17,18:40:00,20.05,20.08,20.04,20.04,5906,0
2015-02-17,18:45:00,20.06,20.08,20.05,20.05,2500,0
2015-02-17,18:55:00,20.05,20.07,20.05,20.07,300,0
2015-02-17,19:00:00,20.04,20.05,20.04,20.04,5732,0
2015-02-17,19:15:00,20.03,20.04,20.03,20.04,1300,0
2015-02-17,19:20:00,20.04,20.05,20.04,20.04,5477,0
2015-02-17,19:25:00,20.04,20.06,20.03,20.06,400,0
2015-02-17,19:30:00,20.03,20.03,20.02,20.02,2400,0
2015-02-17,19:35:00,20.01,20.01,19.97,19.97,2400,0
2015-02-17,19:40:00,19.97,19.97,19.92,19.92,401,0
2015-02-17,19:45:00,19.95,19.95,19.95,19.95,800,0
2015-02-17,19:50:00,19.95,20,19.95,19.99,800,0
2015-02-17,19:55:00,20.02,20.02,20.01,20.01,1800,0
2015-02-17,20:00:00,20,20,20,20,100,0
2015-02-17,20:05:00,19.99,19.99,19.99,19.99,100,0
2015-02-17,20:10:00,20,20,20,20,700,0
2015-02-17,20:15:00,19.99,20,19.99,20,200,0
2015-02-17,20:20:00,20,20,20,20,400,0
2015-02-17,20:25:00,20,20,20,20,100,0
2015-02-17,20:30:00,20,20,20,20,100,0
2015-02-17,20:35:00,20,20,19.98,20,700,0
2015-02-17,20:40:00,19.98,19.98,19.97,19.97,500,0
2015-02-17,20:50:00,19.98,19.98,19.98,19.98,400,0
2015-02-17,20:55:00,20,20,19.94,19.94,3447,0
2015-02-17,21:00:00,19.91,19.94,19.9,19.94,615,0
2015-02-17,21:15:00,19.96,19.96,19.96,19.96,100,0
2015-02-17,21:20:00,19.96,19.96,19.93,19.93,500,0
2015-02-17,21:25:00,19.95,19.96,19.95,19.96,200,0
2015-02-17,21:30:00,19.92,19.96,19.92,19.96,400,0
2015-02-17,21:35:00,19.94,19.94,19.92,19.92,1400,0
2015-02-17,21:40:00,19.94,19.94,19.8,19.8,4183,0
2015-02-17,21:45:00,19.85,19.86,19.84,19.84,400,0
2015-02-17,21:50:00,19.85,19.85,19.82,19.85,600,0
2015-02-17,21:55:00,19.85,19.9,19.84,19.85,3000,0
2015-02-17,22:00:00,19.85,20,19.85,19.96,14071,0
2015-02-18,16:05:00,19.86,19.86,19.86,19.86,100,0
2015-02-18,16:10:00,19.87,19.87,19.87,19.87,200,0
2015-02-18,16:15:00,19.87,19.87,19.87,19.87,100,0
2015-02-18,16:20:00,19.86,19.9,19.86,19.9,200,0
2015-02-18,16:25:00,19.9,19.9,19.9,19.9,300,0
2015-02-18,16:35:00,19.91,19.91,19.85,19.91,1500,0
2015-02-18,16:40:00,19.91,20.07,19.91,20,800,0
2015-02-18,16:45:00,20,20,20,20,100,0
2015-02-18,16:55:00,19.99,19.99,19.9,19.9,1400,0
2015-02-18,17:00:00,19.96,19.96,19.96,19.96,200,0
2015-02-18,17:10:00,19.95,19.96,19.9,19.9,300,0
2015-02-18,17:15:00,19.95,19.95,19.95,19.95,100,0
2015-02-18,17:20:00,19.93,19.96,19.93,19.96,600,0
2015-02-18,17:25:00,19.97,19.97,19.92,19.92,400,0
2015-02-18,17:30:00,19.96,19.96,19.87,19.87,400,0
2015-02-18,17:35:00,19.93,19.93,19.93,19.93,100,0
2015-02-18,17:40:00,19.94,19.94,19.9,19.9,700,0
2015-02-18,17:45:00,19.94,19.94,19.94,19.94,100,0
2015-02-18,17:50:00,19.9,19.92,19.89,19.89,500,0
2015-02-18,17:55:00,19.93,19.93,19.93,19.93,300,0
2015-02-18,18:05:00,19.93,19.94,19.93,19.94,200,0
2015-02-18,18:10:00,19.94,19.94,19.94,19.94,100,0
2015-02-18,18:20:00,19.97,19.97,19.92,19.92,800,0
2015-02-18,18:25:00,19.9,19.92,19.85,19.92,1700,0
2015-02-18,18:30:00,19.88,19.88,19.88,19.88,300,0
2015-02-18,18:35:00,19.88,19.88,19.86,19.88,1136,0
2015-02-18,18:40:00,19.82,19.82,19.82,19.82,100,0
2015-02-18,18:50:00,19.85,19.85,19.78,19.78,400,0
2015-02-18,19:00:00,19.85,19.85,19.8,19.83,800,0
2015-02-18,19:05:00,19.8,19.86,19.8,19.82,1100,0
2015-02-18,19:10:00,19.82,19.83,19.8,19.83,1900,0
2015-02-18,19:15:00,19.82,19.82,19.82,19.82,500,0
2015-02-18,19:20:00,19.82,19.84,19.82,19.84,500,0
2015-02-18,19:25:00,19.83,19.83,19.83,19.83,150,0
2015-02-18,19:30:00,19.84,19.85,19.79,19.85,900,0
2015-02-18,19:35:00,19.83,19.83,19.83,19.83,100,0
2015-02-18,19:40:00,19.86,19.86,19.86,19.86,100,0
2015-02-18,19:45:00,19.8,19.8,19.8,19.8,100,0
2015-02-18,19:50:00,19.83,19.86,19.78,19.84,2900,0
2015-02-18,20:05:00,19.85,19.85,19.84,19.84,200,0
2015-02-18,20:10:00,19.8,19.85,19.8,19.85,3000,0
2015-02-18,20:20:00,19.85,19.85,19.82,19.83,700,0
2015-02-18,20:25:00,19.85,19.85,19.85,19.85,400,0
2015-02-18,20:30:00,19.84,19.84,19.84,19.84,308,0
2015-02-18,20:35:00,19.87,19.87,19.87,19.87,100,0
2015-02-18,20:40:00,19.86,19.88,19.83,19.88,1176,0
2015-02-18,20:45:00,19.88,19.97,19.87,19.92,400,0
2015-02-18,20:50:00,19.92,19.92,19.92,19.92,300,0
2015-02-18,20:55:00,19.9,19.95,19.9,19.95,576,0
2015-02-18,21:00:00,19.93,19.93,19.91,19.93,500,0
2015-02-18,21:05:00,19.91,19.91,19.89,19.89,300,0
2015-02-18,21:10:00,19.9,19.9,19.9,19.9,100,0
2015-02-18,21:15:00,19.9,19.97,19.9,19.97,400,0
2015-02-18,21:20:00,19.92,19.92,19.9,19.9,200,0
2015-02-18,21:25:00,19.93,19.93,19.93,19.93,100,0
2015-02-18,21:30:00,19.9,19.94,19.9,19.94,300,0
2015-02-18,21:35:00,19.97,19.97,19.88,19.88,1000,0
2015-02-18,21:40:00,19.85,19.86,19.85,19.86,300,0
2015-02-18,21:45:00,19.87,19.87,19.85,19.85,300,0
2015-02-18,21:50:00,19.91,19.92,19.91,19.91,500,0
2015-02-18,21:55:00,19.87,19.9,19.87,19.89,800,0
2015-02-18,22:00:00,19.92,19.99,19.84,19.85,4758,0
2015-02-19,15:35:00,19.9,19.9,19.9,19.9,3040,0
2015-02-19,15:45:00,19.87,19.87,19.87,19.87,800,0
2015-02-19,16:00:00,19.88,19.88,19.88,19.88,400,0
2015-02-19,16:05:00,19.87,19.88,19.87,19.87,500,0
2015-02-19,16:10:00,19.89,19.89,19.85,19.85,600,0
2015-02-19,16:15:00,19.88,19.9,19.86,19.86,2178,0
2015-02-19,16:25:00,19.85,19.87,19.85,19.86,2370,0
2015-02-19,16:35:00,19.89,19.89,19.85,19.85,1000,0
2015-02-19,16:55:00,19.84,19.94,19.84,19.94,2000,0
2015-02-19,17:00:00,19.9,19.9,19.9,19.9,800,0
2015-02-19,17:10:00,19.9,19.9,19.9,19.9,500,0
2015-02-19,17:15:00,19.9,19.9,19.9,19.9,1100,0
2015-02-19,17:45:00,19.86,19.86,19.86,19.86,400,0
2015-02-19,18:00:00,19.89,19.9,19.89,19.9,400,0
2015-02-19,18:05:00,19.85,19.87,19.85,19.86,700,0
2015-02-19,18:10:00,19.86,19.9,19.86,19.9,2200,0
2015-02-19,18:15:00,19.9,19.9,19.9,19.9,200,0
2015-02-19,18:20:00,19.87,19.87,19.87,19.87,300,0
2015-02-19,18:25:00,19.9,19.9,19.87,19.87,2000,0
2015-02-19,19:10:00,19.88,19.88,19.87,19.87,500,0
2015-02-19,19:15:00,19.85,19.85,19.83,19.84,1000,0
2015-02-19,19:20:00,19.88,19.88,19.83,19.87,1900,0
2015-02-19,19:25:00,19.86,19.86,19.86,19.86,300,0
2015-02-19,19:40:00,19.85,19.86,19.76,19.82,4870,0
2015-02-19,19:45:00,19.82,19.86,19.76,19.86,2860,0
2015-02-19,19:50:00,19.86,19.87,19.81,19.87,2726,0
2015-02-19,19:55:00,19.85,19.85,19.81,19.81,500,0
2015-02-19,20:00:00,19.76,19.76,19.76,19.76,801,0
2015-02-19,20:05:00,19.82,19.82,19.82,19.82,400,0
2015-02-19,20:10:00,19.77,19.81,19.77,19.81,800,0
2015-02-19,20:15:00,19.77,19.77,19.77,19.77,200,0
2015-02-19,20:20:00,19.77,19.81,19.75,19.77,2800,0
2015-02-19,20:30:00,19.82,19.86,19.82,19.86,2865,0
2015-02-19,20:40:00,19.77,19.89,19.77,19.89,2600,0
2015-02-19,20:45:00,19.92,19.92,19.92,19.92,100,0
2015-02-19,20:50:00,19.85,19.9,19.82,19.82,1400,0
2015-02-19,21:00:00,19.83,19.88,19.83,19.88,600,0
2015-02-19,21:10:00,19.83,19.83,19.83,19.83,100,0
2015-02-19,21:15:00,19.85,19.9,19.85,19.9,700,0
2015-02-19,21:20:00,19.86,19.86,19.86,19.86,100,0
2015-02-19,21:25:00,19.9,19.9,19.88,19.88,300,0
2015-02-19,21:30:00,19.87,19.87,19.87,19.87,500,0
2015-02-19,21:35:00,19.86,19.9,19.86,19.89,1500,0
2015-02-19,21:40:00,19.87,19.87,19.82,19.85,3258,0
2015-02-19,21:45:00,19.82,19.82,19.82,19.82,500,0
2015-02-19,21:50:00,19.86,19.86,19.86,19.86,500,0
2015-02-19,21:55:00,19.85,19.87,19.85,19.86,2000,0
2015-02-19,22:00:00,19.88,19.9,19.82,19.88,10668,0
2015-02-20,15:35:00,19.91,19.91,19.91,19.91,1056,0
2015-02-20,15:45:00,19.91,19.91,19.91,19.91,600,0
2015-02-20,16:05:00,19.85,19.9,19.85,19.9,3201,0
2015-02-20,16:10:00,19.83,19.85,19.82,19.85,900,0
2015-02-20,16:15:00,19.79,19.79,19.79,19.79,300,0
2015-02-20,16:20:00,19.76,19.79,19.75,19.79,500,0
2015-02-20,16:25:00,19.84,19.84,19.84,19.84,100,0
2015-02-20,16:30:00,19.78,19.78,19.71,19.71,2000,0
2015-02-20,16:40:00,19.72,19.75,19.7,19.7,3017,0
2015-02-20,16:45:00,19.7,19.7,19.7,19.7,100,0
2015-02-20,16:50:00,19.75,19.75,19.75,19.75,2100,0
2015-02-20,16:55:00,19.75,19.79,19.75,19.79,400,0
2015-02-20,17:05:00,19.8,19.8,19.77,19.77,900,0
2015-02-20,17:25:00,19.76,19.79,19.76,19.79,500,0
2015-02-20,17:30:00,19.76,19.76,19.76,19.76,100,0
2015-02-20,17:35:00,19.76,19.79,19.76,19.79,300,0
2015-02-20,17:45:00,19.82,19.82,19.82,19.82,100,0
2015-02-20,17:50:00,19.82,19.82,19.82,19.82,100,0
2015-02-20,18:00:00,19.81,19.81,19.81,19.81,100,0
2015-02-20,18:05:00,19.8,19.8,19.79,19.79,200,0
2015-02-20,18:10:00,19.79,19.81,19.79,19.81,400,0
2015-02-20,18:15:00,19.79,19.81,19.79,19.81,750,0
2015-02-20,18:20:00,19.8,19.8,19.8,19.8,100,0
2015-02-20,18:30:00,19.79,19.8,19.79,19.8,300,0
2015-02-20,18:35:00,19.79,19.79,19.79,19.79,200,0
2015-02-20,18:40:00,19.8,19.8,19.8,19.8,100,0
2015-02-20,18:45:00,19.8,19.8,19.8,19.8,500,0
2015-02-20,18:50:00,19.79,19.79,19.79,19.79,100,0
2015-02-20,18:55:00,19.79,19.79,19.79,19.79,100,0
2015-02-20,19:00:00,19.8,19.8,19.77,19.77,300,0
2015-02-20,19:10:00,19.79,19.79,19.79,19.79,200,0
2015-02-20,19:15:00,19.79,19.81,19.79,19.81,1100,0
2015-02-20,19:20:00,19.77,19.77,19.77,19.77,100,0
2015-02-20,19:25:00,19.79,19.79,19.79,19.79,100,0
2015-02-20,19:40:00,19.79,19.8,19.79,19.8,900,0
2015-02-20,19:45:00,19.78,19.78,19.78,19.78,100,0
2015-02-20,19:55:00,19.77,19.82,19.77,19.82,300,0
2015-02-20,20:05:00,19.82,19.82,19.82,19.82,300,0
2015-02-20,20:15:00,19.83,19.83,19.8,19.8,200,0
2015-02-20,20:20:00,19.79,19.79,19.79,19.79,100,0
2015-02-20,20:25:00,19.84,19.84,19.84,19.84,100,0
2015-02-20,20:30:00,19.83,19.84,19.83,19.84,200,0
2015-02-20,20:40:00,19.8,19.83,19.79,19.79,634,0
2015-02-20,20:45:00,19.79,19.79,19.79,19.79,100,0
2015-02-20,20:50:00,19.78,19.83,19.76,19.83,500,0
2015-02-20,20:55:00,19.78,19.78,19.78,19.78,300,0
2015-02-20,21:00:00,19.83,19.83,19.83,19.83,400,0
2015-02-20,21:05:00,19.83,19.83,19.83,19.83,100,0
2015-02-20,21:15:00,19.84,19.84,19.84,19.84,300,0
2015-02-20,21:20:00,19.78,19.83,19.78,19.78,500,0
2015-02-20,21:25:00,19.81,19.83,19.81,19.82,1205,0
2015-02-20,21:30:00,19.78,19.78,19.78,19.78,200,0
2015-02-20,21:35:00,19.8,19.84,19.8,19.8,600,0
2015-02-20,21:40:00,19.8,19.83,19.8,19.8,400,0
2015-02-20,21:45:00,19.8,19.84,19.8,19.84,400,0
2015-02-20,21:50:00,19.8,19.84,19.8,19.84,2500,0
2015-02-20,21:55:00,19.79,19.79,19.77,19.77,2399,0
2015-02-20,22:00:00,19.83,19.83,19.76,19.76,5905,0
2015-02-23,15:35:00,19.78,19.85,19.78,19.85,778,0
2015-02-23,15:40:00,19.79,19.83,19.79,19.83,5400,0
2015-02-23,15:45:00,19.78,19.8,19.75,19.75,1378,0
2015-02-23,15:50:00,19.79,19.81,19.79,19.8,3414,0
2015-02-23,15:55:00,19.8,19.87,19.8,19.85,4800,0
2015-02-23,16:00:00,19.85,19.85,19.85,19.85,100,0
2015-02-23,16:05:00,19.85,19.85,19.85,19.85,100,0
2015-02-23,16:10:00,19.85,19.91,19.83,19.91,400,0
2015-02-23,16:15:00,19.87,19.9,19.85,19.89,800,0
2015-02-23,16:20:00,19.9,19.9,19.83,19.86,500,0
2015-02-23,16:25:00,19.86,19.86,19.86,19.86,200,0
2015-02-23,16:30:00,19.83,19.87,19.83,19.83,1000,0
2015-02-23,16:35:00,19.85,19.85,19.85,19.85,600,0
2015-02-23,16:40:00,19.87,19.9,19.87,19.9,200,0
2015-02-23,16:45:00,19.87,19.9,19.87,19.9,200,0
2015-02-23,16:50:00,19.88,19.9,19.87,19.87,802,0
2015-02-23,16:55:00,19.9,19.9,19.85,19.85,300,0
2015-02-23,17:00:00,19.9,19.9,19.9,19.9,200,0
2015-02-23,17:05:00,19.9,19.9,19.9,19.9,200,0
2015-02-23,17:10:00,19.9,19.9,19.88,19.88,200,0
2015-02-23,17:15:00,19.9,19.9,19.88,19.88,900,0
2015-02-23,17:20:00,19.89,19.89,19.89,19.89,200,0
2015-02-23,17:25:00,19.89,19.89,19.89,19.89,200,0
2015-02-23,17:30:00,19.89,19.89,19.89,19.89,200,0
2015-02-23,17:35:00,19.89,19.89,19.89,19.89,100,0
2015-02-23,17:40:00,19.89,19.9,19.89,19.9,200,0
2015-02-23,17:45:00,19.85,19.9,19.85,19.89,800,0
2015-02-23,17:50:00,19.89,19.89,19.89,19.89,100,0
2015-02-23,17:55:00,19.92,19.92,19.89,19.89,200,0
2015-02-23,18:00:00,19.87,19.87,19.87,19.87,200,0
2015-02-23,18:05:00,19.88,19.88,19.88,19.88,100,0
2015-02-23,18:10:00,19.86,19.89,19.86,19.89,300,0
2015-02-23,18:15:00,19.89,19.89,19.86,19.86,300,0
2015-02-23,18:20:00,19.89,19.89,19.86,19.86,300,0
2015-02-23,18:25:00,19.86,19.89,19.85,19.85,500,0
2015-02-23,18:35:00,19.83,19.86,19.83,19.85,1100,0
2015-02-23,18:40:00,19.87,19.87,19.87,19.87,200,0
2015-02-23,18:45:00,19.9,19.91,19.9,19.9,1500,0
2015-02-23,18:50:00,19.87,19.87,19.82,19.84,2500,0
2015-02-23,18:55:00,19.84,19.84,19.84,19.84,200,0
2015-02-23,19:00:00,19.82,19.82,19.8,19.8,200,0
2015-02-23,19:05:00,19.83,19.83,19.83,19.83,100,0
2015-02-23,19:10:00,19.83,19.83,19.83,19.83,100,0
2015-02-23,19:15:00,19.83,19.83,19.81,19.81,200,0
2015-02-23,19:20:00,19.83,19.83,19.83,19.83,200,0
2015-02-23,19:30:00,19.83,19.83,19.73,19.83,1005,0
2015-02-23,19:35:00,19.83,19.83,19.75,19.77,2300,0
2015-02-23,19:40:00,19.78,19.84,19.73,19.77,2379,0
2015-02-23,19:45:00,19.79,19.83,19.79,19.83,400,0
2015-02-23,19:50:00,19.81,19.82,19.81,19.82,300,0
2015-02-23,19:55:00,19.82,19.82,19.76,19.81,500,0
2015-02-23,20:00:00,19.8,19.83,19.78,19.83,1086,0
2015-02-23,20:05:00,19.8,19.82,19.8,19.8,1625,0
2015-02-23,20:10:00,19.8,19.82,19.8,19.82,300,0
2015-02-23,20:15:00,19.76,19.82,19.76,19.82,406,0
2015-02-23,20:20:00,19.81,19.82,19.81,19.82,1175,0
2015-02-23,20:25:00,19.85,19.85,19.83,19.83,1000,0
2015-02-23,20:30:00,19.83,19.83,19.83,19.83,400,0
2015-02-23,20:35:00,19.85,19.85,19.85,19.85,300,0
2015-02-23,20:40:00,19.85,19.85,19.83,19.83,400,0
2015-02-23,20:45:00,19.82,19.84,19.82,19.84,1400,0
2015-02-23,20:50:00,19.83,19.83,19.82,19.82,1100,0
2015-02-23,20:55:00,19.83,19.85,19.83,19.85,644,0
2015-02-23,21:00:00,19.85,19.98,19.85,19.98,1700,0
2015-02-23,21:05:00,19.98,19.98,19.98,19.98,300,0
2015-02-23,21:10:00,19.96,19.98,19.96,19.98,700,0
2015-02-23,21:15:00,19.97,19.97,19.95,19.97,1200,0
2015-02-23,21:20:00,19.95,19.97,19.92,19.92,1600,0
2015-02-23,21:25:00,19.94,19.95,19.91,19.91,16100,0
2015-02-23,21:30:00,19.91,19.91,19.87,19.9,700,0
2015-02-23,21:35:00,19.89,19.9,19.85,19.85,3368,0
2015-02-23,21:40:00,19.88,19.88,19.88,19.88,1800,0
2015-02-23,21:45:00,19.88,19.95,19.88,19.88,1000,0
2015-02-23,21:50:00,19.88,19.94,19.88,19.94,2100,0
2015-02-23,21:55:00,19.95,19.98,19.92,19.92,1000,0
2015-02-23,22:00:00,20,20,19.85,19.94,4199,0
