Date,Time,Open,High,Low,Close,Volume,OpenInt
2015-02-03,16:45:00,28.77,28.77,28.72,28.76,7086,0
2015-02-03,16:50:00,28.77,28.79,28.74,28.77,4100,0
2015-02-03,16:55:00,28.78,28.79,28.76,28.76,2556,0
2015-02-03,17:00:00,28.77,28.77,28.75,28.75,2200,0
2015-02-03,17:05:00,28.75,28.81,28.74,28.81,26113,0
2015-02-03,17:10:00,28.79,28.82,28.77,28.81,18136,0
2015-02-03,17:15:00,28.8,28.82,28.78,28.8,12143,0
2015-02-03,17:20:00,28.81,28.85,28.81,28.82,9511,0
2015-02-03,17:25:00,28.83,28.83,28.77,28.78,10384,0
2015-02-03,17:30:00,28.78,28.8,28.76,28.76,9893,0
2015-02-03,17:35:00,28.76,28.86,28.76,28.86,26563,0
2015-02-03,17:40:00,28.86,28.94,28.85,28.94,10859,0
2015-02-03,17:45:00,28.94,28.95,28.91,28.95,4849,0
2015-02-03,17:50:00,28.95,28.96,28.94,28.95,3252,0
2015-02-03,17:55:00,28.95,28.96,28.93,28.94,5138,0
2015-02-03,18:00:00,28.94,28.96,28.92,28.95,3903,0
2015-02-03,18:05:00,28.94,28.95,28.92,28.94,2600,0
2015-02-03,18:10:00,28.94,28.96,28.93,28.96,2200,0
2015-02-03,18:15:00,28.94,28.97,28.94,28.97,4150,0
2015-02-03,18:20:00,28.97,28.97,28.97,28.97,600,0
2015-02-03,18:25:00,28.97,28.97,28.94,28.95,2507,0
2015-02-03,18:30:00,28.96,28.97,28.94,28.95,2900,0
2015-02-03,18:35:00,28.94,28.97,28.94,28.94,1749,0
2015-02-03,18:40:00,28.93,28.97,28.93,28.97,12488,0
2015-02-03,18:45:00,28.98,28.99,28.98,28.99,3000,0
2015-02-03,18:50:00,28.98,28.99,28.98,28.99,2200,0
2015-02-03,18:55:00,28.99,29.0,28.99,29.0,1472,0
2015-02-03,19:00:00,28.98,28.99,28.97,28.97,2500,0
2015-02-03,19:05:00,28.97,28.99,28.97,28.99,1900,0
2015-02-03,19:10:00,28.98,28.98,28.96,28.97,6111,0
2015-02-03,19:15:00,28.97,29.04,28.97,29.02,15200,0
2015-02-03,19:20:00,29.03,29.05,29.02,29.04,4000,0
2015-02-03,19:25:00,29.06,29.06,29.04,29.04,5503,0
2015-02-03,19:30:00,29.04,29.05,29.03,29.05,2536,0
2015-02-03,19:35:00,29.05,29.07,29.04,29.05,8102,0
2015-02-03,19:40:00,29.05,29.07,29.02,29.02,4640,0
2015-02-03,19:45:00,29.01,29.03,29.01,29.02,3976,0
2015-02-03,19:50:00,29.02,29.05,28.98,28.98,23217,0
2015-02-03,19:55:00,28.98,29.03,28.96,29.03,15472,0
2015-02-03,20:00:00,29.03,29.05,29.02,29.05,7800,0
2015-02-03,20:05:00,29.05,29.08,29.01,29.01,5900,0
2015-02-03,20:10:00,28.99,29.0,28.98,29.0,6415,0
2015-02-03,20:15:00,28.99,28.99,28.93,28.94,27838,0
2015-02-03,20:20:00,28.93,28.93,28.9,28.91,19942,0
2015-02-03,20:25:00,28.9,28.9,28.89,28.9,8542,0
2015-02-03,20:30:00,28.89,28.89,28.85,28.85,13037,0
2015-02-03,20:35:00,28.85,28.86,28.79,28.84,27850,0
2015-02-03,20:40:00,28.84,28.85,28.83,28.85,9580,0
2015-02-03,20:45:00,28.85,28.85,28.85,28.85,7433,0
2015-02-03,20:50:00,28.85,28.85,28.84,28.85,5390,0
2015-02-03,20:55:00,28.85,28.85,28.81,28.81,16636,0
2015-02-03,21:00:00,28.83,28.86,28.78,28.79,26191,0
2015-02-03,21:05:00,28.79,28.82,28.79,28.79,24407,0
2015-02-03,21:10:00,28.8,28.81,28.79,28.8,12881,0
2015-02-03,21:15:00,28.81,28.81,28.79,28.8,18378,0
2015-02-03,21:20:00,28.8,28.81,28.78,28.78,15042,0
2015-02-03,21:25:00,28.78,28.84,28.78,28.83,11798,0
2015-02-03,21:30:00,28.83,28.86,28.81,28.86,6700,0
2015-02-03,21:35:00,28.87,28.89,28.85,28.87,9100,0
2015-02-03,21:40:00,28.84,28.93,28.84,28.93,13410,0
2015-02-03,21:45:00,28.94,28.95,28.89,28.95,14512,0
2015-02-03,21:50:00,28.95,28.99,28.93,28.93,35570,0
2015-02-03,21:55:00,28.94,29.04,28.94,29.04,39877,0
2015-02-03,22:00:00,29.04,29.05,28.96,28.97,187623,0
2015-02-04,15:35:00,28.71,28.78,28.33,28.34,34512,0
2015-02-04,15:40:00,28.4,28.65,28.37,28.65,20245,0
2015-02-04,15:45:00,28.64,28.69,28.55,28.57,8281,0
2015-02-04,15:50:00,28.57,28.78,28.55,28.69,15703,0
2015-02-04,15:55:00,28.73,28.77,28.69,28.74,5100,0
2015-02-04,16:00:00,28.71,28.75,28.67,28.68,10285,0
2015-02-04,16:05:00,28.68,28.75,28.68,28.69,6962,0
2015-02-04,16:10:00,28.67,28.73,28.67,28.7,12705,0
2015-02-04,16:15:00,28.7,28.75,28.69,28.7,7750,0
2015-02-04,16:20:00,28.7,28.72,28.65,28.67,14250,0
2015-02-04,16:25:00,28.68,28.69,28.64,28.69,13675,0
2015-02-04,16:30:00,28.69,28.73,28.67,28.72,8364,0
2015-02-04,16:35:00,28.72,28.77,28.72,28.74,7388,0
2015-02-04,16:40:00,28.75,28.75,28.68,28.72,13150,0
2015-02-04,16:45:00,28.73,28.76,28.71,28.71,5032,0
2015-02-04,16:50:00,28.71,28.75,28.7,28.74,4767,0
2015-02-04,16:55:00,28.75,28.77,28.74,28.74,6884,0
2015-02-04,17:00:00,28.75,28.76,28.71,28.71,4800,0
2015-02-04,17:05:00,28.7,28.77,28.69,28.77,9443,0
2015-02-04,17:10:00,28.77,28.78,28.76,28.76,6391,0
2015-02-04,17:15:00,28.78,28.79,28.76,28.79,8600,0
2015-02-04,17:20:00,28.8,28.81,28.74,28.74,3008,0
2015-02-04,17:25:00,28.74,28.77,28.74,28.76,3900,0
2015-02-04,17:30:00,28.77,28.77,28.74,28.77,4375,0
2015-02-04,17:35:00,28.78,28.8,28.77,28.8,5723,0
2015-02-04,17:40:00,28.79,28.79,28.76,28.76,1508,0
2015-02-04,17:45:00,28.75,28.75,28.72,28.72,4981,0
2015-02-04,17:50:00,28.72,28.74,28.71,28.73,1629,0
2015-02-04,17:55:00,28.72,28.74,28.72,28.72,3611,0
2015-02-04,18:00:00,28.73,28.75,28.72,28.75,4659,0
2015-02-04,18:05:00,28.75,28.77,28.72,28.74,4386,0
2015-02-04,18:10:00,28.75,28.76,28.75,28.76,2500,0
2015-02-04,18:15:00,28.76,28.77,28.74,28.75,4528,0
2015-02-04,18:20:00,28.75,28.77,28.75,28.76,5900,0
2015-02-04,18:25:00,28.75,28.76,28.74,28.76,4351,0
2015-02-04,18:30:00,28.76,28.76,28.73,28.73,5785,0
2015-02-04,18:35:00,28.74,28.76,28.74,28.76,3650,0
2015-02-04,18:40:00,28.75,28.76,28.74,28.74,8185,0
2015-02-04,18:45:00,28.73,28.75,28.72,28.73,5104,0
2015-02-04,18:50:00,28.72,28.72,28.67,28.67,15728,0
2015-02-04,18:55:00,28.66,28.66,28.63,28.64,6715,0
2015-02-04,19:00:00,28.64,28.65,28.64,28.65,5400,0
2015-02-04,19:05:00,28.66,28.68,28.65,28.68,5300,0
2015-02-04,19:10:00,28.67,28.71,28.65,28.71,5352,0
2015-02-04,19:15:00,28.71,28.71,28.67,28.67,3429,0
2015-02-04,19:20:00,28.67,28.69,28.67,28.69,2800,0
2015-02-04,19:25:00,28.67,28.7,28.67,28.7,6656,0
2015-02-04,19:30:00,28.7,28.73,28.7,28.73,4067,0
2015-02-04,19:35:00,28.73,28.74,28.72,28.73,6902,0
2015-02-04,19:40:00,28.74,28.74,28.72,28.73,3000,0
2015-02-04,19:45:00,28.73,28.73,28.71,28.73,8360,0
2015-02-04,19:50:00,28.73,28.75,28.73,28.74,5362,0
2015-02-04,19:55:00,28.73,28.74,28.71,28.73,2900,0
2015-02-04,20:00:00,28.71,28.72,28.71,28.71,3511,0
2015-02-04,20:05:00,28.72,28.72,28.7,28.71,12649,0
2015-02-04,20:10:00,28.71,28.71,28.68,28.69,8429,0
2015-02-04,20:15:00,28.69,28.69,28.66,28.66,6202,0
2015-02-04,20:20:00,28.66,28.68,28.63,28.64,11919,0
2015-02-04,20:25:00,28.64,28.65,28.64,28.64,5136,0
2015-02-04,20:30:00,28.65,28.65,28.65,28.65,1500,0
2015-02-04,20:35:00,28.66,28.68,28.65,28.66,10473,0
2015-02-04,20:40:00,28.67,28.68,28.67,28.68,3300,0
2015-02-04,20:45:00,28.67,28.68,28.66,28.68,5874,0
2015-02-04,20:50:00,28.68,28.73,28.68,28.73,7961,0
2015-02-04,20:55:00,28.73,28.74,28.72,28.73,2552,0
2015-02-04,21:00:00,28.73,28.74,28.72,28.73,3649,0
2015-02-04,21:05:00,28.73,28.73,28.69,28.7,7278,0
2015-02-04,21:10:00,28.7,28.7,28.69,28.7,6128,0
2015-02-04,21:15:00,28.7,28.73,28.7,28.73,5800,0
2015-02-04,21:20:00,28.73,28.76,28.73,28.75,9706,0
2015-02-04,21:25:00,28.75,28.77,28.74,28.76,8370,0
2015-02-04,21:30:00,28.75,28.75,28.7,28.7,18309,0
2015-02-04,21:35:00,28.71,28.73,28.69,28.71,22454,0
2015-02-04,21:40:00,28.71,28.75,28.7,28.71,11068,0
2015-02-04,21:45:00,28.7,28.7,28.67,28.67,11550,0
2015-02-04,21:50:00,28.68,28.7,28.65,28.7,10051,0
2015-02-04,21:55:00,28.7,28.71,28.68,28.69,16780,0
2015-02-04,22:00:00,28.7,28.76,28.7,28.75,140435,0
2015-02-05,15:35:00,28.75,28.89,28.75,28.77,22072,0
2015-02-05,15:40:00,28.77,28.82,28.69,28.72,3702,0
2015-02-05,15:45:00,28.69,28.77,28.66,28.69,16316,0
2015-02-05,15:50:00,28.68,28.69,28.65,28.65,8575,0
2015-02-05,15:55:00,28.64,28.71,28.64,28.68,7044,0
2015-02-05,16:00:00,28.73,28.73,28.69,28.7,12375,0
2015-02-05,16:05:00,28.7,28.73,28.68,28.69,5599,0
2015-02-05,16:10:00,28.71,28.72,28.69,28.69,4250,0
2015-02-05,16:15:00,28.69,28.77,28.68,28.77,5000,0
2015-02-05,16:20:00,28.78,28.84,28.78,28.84,2300,0
2015-02-05,16:25:00,28.85,28.85,28.83,28.83,1601,0
2015-02-05,16:30:00,28.86,28.86,28.84,28.84,700,0
2015-02-05,16:35:00,28.85,28.86,28.77,28.77,7133,0
2015-02-05,16:40:00,28.77,28.77,28.72,28.74,9432,0
2015-02-05,16:45:00,28.75,28.75,28.72,28.73,3456,0
2015-02-05,16:50:00,28.72,28.75,28.72,28.75,1700,0
2015-02-05,16:55:00,28.75,28.75,28.72,28.73,2954,0
2015-02-05,17:00:00,28.73,28.76,28.71,28.74,9341,0
2015-02-05,17:05:00,28.73,28.75,28.71,28.75,4527,0
2015-02-05,17:10:00,28.75,28.76,28.74,28.76,14850,0
2015-02-05,17:15:00,28.76,28.76,28.74,28.76,7223,0
2015-02-05,17:20:00,28.77,28.77,28.75,28.75,2850,0
2015-02-05,17:25:00,28.75,28.75,28.72,28.73,11940,0
2015-02-05,17:30:00,28.72,28.74,28.71,28.74,2434,0
2015-02-05,17:35:00,28.74,28.75,28.72,28.74,4000,0
2015-02-05,17:40:00,28.75,28.75,28.74,28.75,1300,0
2015-02-05,17:45:00,28.75,28.79,28.74,28.78,4083,0
2015-02-05,17:50:00,28.79,28.81,28.78,28.8,6599,0
2015-02-05,17:55:00,28.81,28.82,28.75,28.76,4000,0
2015-02-05,18:00:00,28.77,28.78,28.76,28.78,10752,0
2015-02-05,18:05:00,28.78,28.78,28.76,28.77,2450,0
2015-02-05,18:10:00,28.76,28.77,28.75,28.77,3800,0
2015-02-05,18:15:00,28.77,28.78,28.77,28.78,1426,0
2015-02-05,18:20:00,28.78,28.79,28.77,28.79,2200,0
2015-02-05,18:25:00,28.78,28.78,28.78,28.78,2400,0
2015-02-05,18:30:00,28.78,28.78,28.77,28.78,1990,0
2015-02-05,18:35:00,28.8,28.83,28.8,28.82,10313,0
2015-02-05,18:40:00,28.82,28.82,28.79,28.8,2317,0
2015-02-05,18:45:00,28.8,28.83,28.8,28.82,2875,0
2015-02-05,18:50:00,28.82,28.84,28.8,28.8,7742,0
2015-02-05,18:55:00,28.8,28.8,28.78,28.78,700,0
2015-02-05,19:00:00,28.78,28.79,28.77,28.78,4478,0
2015-02-05,19:05:00,28.79,28.79,28.78,28.79,3045,0
2015-02-05,19:10:00,28.79,28.79,28.79,28.79,4600,0
2015-02-05,19:15:00,28.79,28.8,28.78,28.8,9050,0
2015-02-05,19:20:00,28.8,28.82,28.79,28.81,6750,0
2015-02-05,19:25:00,28.82,28.82,28.78,28.78,4960,0
2015-02-05,19:30:00,28.79,28.79,28.77,28.78,1295,0
2015-02-05,19:35:00,28.77,28.77,28.76,28.77,3500,0
2015-02-05,19:40:00,28.76,28.78,28.76,28.78,3820,0
2015-02-05,19:45:00,28.78,28.8,28.78,28.8,2200,0
2015-02-05,19:50:00,28.8,28.84,28.8,28.83,4694,0
2015-02-05,19:55:00,28.83,28.83,28.8,28.8,5880,0
2015-02-05,20:00:00,28.8,28.8,28.79,28.79,4162,0
2015-02-05,20:05:00,28.8,28.82,28.79,28.82,4700,0
2015-02-05,20:10:00,28.82,28.83,28.81,28.83,7900,0
2015-02-05,20:15:00,28.83,28.85,28.82,28.83,6623,0
2015-02-05,20:20:00,28.82,28.82,28.79,28.8,7443,0
2015-02-05,20:25:00,28.8,28.8,28.78,28.78,4050,0
2015-02-05,20:30:00,28.79,28.81,28.77,28.8,11404,0
2015-02-05,20:35:00,28.8,28.8,28.79,28.8,3450,0
2015-02-05,20:40:00,28.8,28.8,28.76,28.77,9186,0
2015-02-05,20:45:00,28.77,28.77,28.76,28.77,3643,0
2015-02-05,20:50:00,28.76,28.78,28.76,28.77,4520,0
2015-02-05,20:55:00,28.78,28.8,28.77,28.78,7096,0
2015-02-05,21:00:00,28.77,28.77,28.75,28.77,10802,0
2015-02-05,21:05:00,28.77,28.77,28.76,28.76,7035,0
2015-02-05,21:10:00,28.76,28.76,28.75,28.76,2512,0
2015-02-05,21:15:00,28.76,28.77,28.76,28.77,4168,0
2015-02-05,21:20:00,28.78,28.81,28.78,28.81,2107,0
2015-02-05,21:25:00,28.81,28.82,28.81,28.82,2800,0
2015-02-05,21:30:00,28.82,28.83,28.81,28.82,8532,0
2015-02-05,21:35:00,28.82,28.83,28.79,28.82,27959,0
2015-02-05,21:40:00,28.83,28.9,28.83,28.9,15826,0
2015-02-05,21:45:00,28.89,28.91,28.89,28.91,6348,0
2015-02-05,21:50:00,28.9,28.91,28.88,28.89,6998,0
2015-02-05,21:55:00,28.89,28.98,28.89,28.98,21202,0
2015-02-05,22:00:00,28.98,29.0,28.93,28.96,212509,0
2015-02-06,15:35:00,28.87,28.87,28.59,28.63,1900,0
2015-02-06,15:40:00,28.55,28.55,28.47,28.51,4674,0
2015-02-06,15:45:00,28.53,28.55,28.4,28.45,7856,0
2015-02-06,15:50:00,28.38,28.42,28.3,28.41,11400,0
2015-02-06,15:55:00,28.41,28.41,28.31,28.31,5900,0
2015-02-06,16:00:00,28.31,28.31,28.23,28.26,13460,0
2015-02-06,16:05:00,28.26,28.26,28.19,28.25,12480,0
2015-02-06,16:10:00,28.23,28.24,28.16,28.16,13465,0
2015-02-06,16:15:00,28.17,28.18,28.11,28.12,9709,0
2015-02-06,16:20:00,28.12,28.13,28.07,28.07,8029,0
2015-02-06,16:25:00,28.07,28.09,28.04,28.06,13290,0
2015-02-06,16:30:00,28.06,28.13,28.04,28.13,16758,0
2015-02-06,16:35:00,28.11,28.16,28.1,28.12,12263,0
2015-02-06,16:40:00,28.13,28.18,28.13,28.18,10216,0
2015-02-06,16:45:00,28.18,28.27,28.18,28.27,6915,0
2015-02-06,16:50:00,28.27,28.29,28.26,28.26,4024,0
2015-02-06,16:55:00,28.28,28.33,28.28,28.33,3450,0
2015-02-06,17:00:00,28.31,28.31,28.24,28.25,3993,0
2015-02-06,17:05:00,28.25,28.29,28.24,28.24,3000,0
2015-02-06,17:10:00,28.23,28.23,28.2,28.2,4150,0
2015-02-06,17:15:00,28.2,28.21,28.19,28.19,4326,0
2015-02-06,17:20:00,28.19,28.19,28.15,28.16,3000,0
2015-02-06,17:25:00,28.16,28.17,28.15,28.15,4125,0
2015-02-06,17:30:00,28.15,28.16,28.1,28.1,11065,0
2015-02-06,17:35:00,28.11,28.14,28.11,28.14,3250,0
2015-02-06,17:40:00,28.14,28.14,28.08,28.09,18261,0
2015-02-06,17:45:00,28.09,28.09,28.05,28.08,5350,0
2015-02-06,17:50:00,28.07,28.07,28.05,28.05,3350,0
2015-02-06,17:55:00,28.04,28.05,28.03,28.04,4276,0
2015-02-06,18:00:00,28.04,28.04,28.01,28.01,2700,0
2015-02-06,18:05:00,28.01,28.02,27.98,28.01,16039,0
2015-02-06,18:10:00,28.01,28.04,28.01,28.03,3100,0
2015-02-06,18:15:00,28.02,28.02,27.99,27.99,4989,0
2015-02-06,18:20:00,27.99,27.99,27.97,27.98,9400,0
2015-02-06,18:25:00,27.97,27.97,27.9,27.9,12711,0
2015-02-06,18:30:00,27.9,27.9,27.89,27.89,9400,0
2015-02-06,18:35:00,27.9,27.91,27.9,27.9,1300,0
2015-02-06,18:40:00,27.89,27.91,27.88,27.89,6222,0
2015-02-06,18:45:00,27.88,27.88,27.83,27.84,16051,0
2015-02-06,18:50:00,27.84,27.91,27.83,27.9,7654,0
2015-02-06,18:55:00,27.91,27.91,27.9,27.9,1250,0
2015-02-06,19:00:00,27.9,27.93,27.9,27.91,6976,0
2015-02-06,19:05:00,27.91,27.91,27.88,27.88,6504,0
2015-02-06,19:10:00,27.88,27.9,27.87,27.89,4712,0
2015-02-06,19:15:00,27.9,27.91,27.84,27.85,35023,0
2015-02-06,19:20:00,27.84,27.85,27.83,27.83,12056,0
2015-02-06,19:25:00,27.84,27.87,27.84,27.86,4051,0
2015-02-06,19:30:00,27.86,27.86,27.81,27.84,8127,0
2015-02-06,19:35:00,27.83,27.85,27.83,27.85,3400,0
2015-02-06,19:40:00,27.85,27.86,27.82,27.85,7203,0
2015-02-06,19:45:00,27.86,27.86,27.82,27.82,8806,0
2015-02-06,19:50:00,27.83,27.83,27.8,27.83,14790,0
2015-02-06,19:55:00,27.83,27.9,27.83,27.89,10290,0
2015-02-06,20:00:00,27.88,27.9,27.88,27.9,5100,0
2015-02-06,20:05:00,27.89,27.9,27.89,27.89,4610,0
2015-02-06,20:10:00,27.9,27.93,27.85,27.85,17739,0
2015-02-06,20:15:00,27.86,27.88,27.85,27.87,11249,0
2015-02-06,20:20:00,27.86,27.86,27.84,27.85,5076,0
2015-02-06,20:25:00,27.85,27.85,27.81,27.83,9221,0
2015-02-06,20:30:00,27.82,27.83,27.82,27.83,4278,0
2015-02-06,20:35:00,27.83,27.84,27.8,27.81,5860,0
2015-02-06,20:40:00,27.82,27.83,27.8,27.8,13067,0
2015-02-06,20:45:00,27.8,27.81,27.78,27.78,11747,0
2015-02-06,20:50:00,27.78,27.78,27.76,27.76,9828,0
2015-02-06,20:55:00,27.77,27.77,27.72,27.72,14568,0
2015-02-06,21:00:00,27.73,27.73,27.68,27.71,12138,0
2015-02-06,21:05:00,27.72,27.73,27.68,27.7,12929,0
2015-02-06,21:10:00,27.71,27.75,27.71,27.75,9322,0
2015-02-06,21:15:00,27.73,27.74,27.72,27.72,10114,0
2015-02-06,21:20:00,27.71,27.73,27.65,27.65,14996,0
2015-02-06,21:25:00,27.66,27.7,27.66,27.7,2900,0
2015-02-06,21:30:00,27.7,27.7,27.69,27.7,6809,0
2015-02-06,21:35:00,27.69,27.7,27.67,27.68,18685,0
2015-02-06,21:40:00,27.67,27.74,27.67,27.74,17033,0
2015-02-06,21:45:00,27.74,27.75,27.7,27.71,16606,0
2015-02-06,21:50:00,27.71,27.75,27.71,27.74,26431,0
2015-02-06,21:55:00,27.75,27.79,27.74,27.79,35225,0
2015-02-06,22:00:00,27.8,27.83,27.78,27.83,96841,0
2015-02-09,15:35:00,27.81,27.95,27.81,27.95,2014,0
2015-02-09,15:40:00,27.94,27.94,27.83,27.83,3600,0
2015-02-09,15:45:00,27.86,27.86,27.77,27.77,3600,0
2015-02-09,15:50:00,27.8,27.88,27.79,27.84,9570,0
2015-02-09,15:55:00,27.84,27.89,27.82,27.84,18015,0
2015-02-09,16:00:00,27.84,27.84,27.79,27.82,8945,0
2015-02-09,16:05:00,27.83,27.85,27.79,27.8,8230,0
2015-02-09,16:10:00,27.81,27.83,27.78,27.78,9410,0
2015-02-09,16:15:00,27.77,27.77,27.7,27.7,15730,0
2015-02-09,16:20:00,27.7,27.71,27.66,27.66,6800,0
2015-02-09,16:25:00,27.65,27.65,27.61,27.61,6725,0
2015-02-09,16:30:00,27.61,27.63,27.59,27.59,7781,0
2015-02-09,16:35:00,27.58,27.6,27.56,27.59,9800,0
2015-02-09,16:40:00,27.59,27.61,27.57,27.57,9085,0
2015-02-09,16:45:00,27.57,27.57,27.54,27.54,9564,0
2015-02-09,16:50:00,27.54,27.54,27.52,27.54,7783,0
2015-02-09,16:55:00,27.51,27.52,27.45,27.46,13366,0
2015-02-09,17:00:00,27.47,27.49,27.46,27.47,5001,0
2015-02-09,17:05:00,27.47,27.47,27.42,27.45,17801,0
2015-02-09,17:10:00,27.44,27.49,27.44,27.49,5800,0
2015-02-09,17:15:00,27.5,27.51,27.5,27.5,8082,0
2015-02-09,17:20:00,27.5,27.52,27.5,27.51,20644,0
2015-02-09,17:25:00,27.52,27.58,27.51,27.58,8900,0
2015-02-09,17:30:00,27.58,27.66,27.58,27.65,13343,0
2015-02-09,17:35:00,27.64,27.64,27.62,27.63,8550,0
2015-02-09,17:40:00,27.62,27.63,27.61,27.62,8300,0
2015-02-09,17:45:00,27.62,27.63,27.6,27.61,6984,0
2015-02-09,17:50:00,27.61,27.63,27.6,27.63,15070,0
2015-02-09,17:55:00,27.63,27.64,27.62,27.63,7312,0
2015-02-09,18:00:00,27.62,27.64,27.62,27.62,7415,0
2015-02-09,18:05:00,27.62,27.62,27.6,27.6,3613,0
2015-02-09,18:10:00,27.61,27.61,27.59,27.59,15020,0
2015-02-09,18:15:00,27.58,27.59,27.56,27.56,9783,0
2015-02-09,18:20:00,27.56,27.56,27.49,27.53,17600,0
2015-02-09,18:25:00,27.52,27.57,27.52,27.57,5275,0
2015-02-09,18:30:00,27.57,27.59,27.57,27.59,4400,0
2015-02-09,18:35:00,27.6,27.6,27.55,27.56,10511,0
2015-02-09,18:40:00,27.56,27.56,27.51,27.53,16962,0
2015-02-09,18:45:00,27.53,27.55,27.52,27.54,15462,0
2015-02-09,18:50:00,27.54,27.55,27.54,27.54,4055,0
2015-02-09,18:55:00,27.53,27.53,27.52,27.53,9496,0
2015-02-09,19:00:00,27.54,27.54,27.52,27.52,5204,0
2015-02-09,19:05:00,27.52,27.54,27.52,27.53,4899,0
2015-02-09,19:10:00,27.53,27.54,27.53,27.54,3939,0
2015-02-09,19:15:00,27.55,27.59,27.55,27.59,2875,0
2015-02-09,19:20:00,27.6,27.62,27.58,27.59,8415,0
2015-02-09,19:25:00,27.58,27.59,27.58,27.59,10336,0
2015-02-09,19:30:00,27.6,27.6,27.58,27.58,6110,0
2015-02-09,19:35:00,27.57,27.57,27.56,27.57,6100,0
2015-02-09,19:40:00,27.57,27.57,27.56,27.56,5186,0
2015-02-09,19:45:00,27.56,27.56,27.52,27.52,27412,0
2015-02-09,19:50:00,27.52,27.54,27.52,27.53,9283,0
2015-02-09,19:55:00,27.53,27.54,27.53,27.54,9438,0
2015-02-09,20:00:00,27.54,27.55,27.54,27.54,1107,0
2015-02-09,20:05:00,27.54,27.55,27.52,27.53,18803,0
2015-02-09,20:10:00,27.54,27.56,27.52,27.54,11410,0
2015-02-09,20:15:00,27.53,27.54,27.53,27.53,3200,0
2015-02-09,20:20:00,27.52,27.53,27.52,27.52,18218,0
2015-02-09,20:25:00,27.53,27.55,27.52,27.55,8350,0
2015-02-09,20:30:00,27.56,27.61,27.56,27.61,2200,0
2015-02-09,20:35:00,27.61,27.61,27.57,27.58,9906,0
2015-02-09,20:40:00,27.57,27.58,27.57,27.58,1284,0
2015-02-09,20:45:00,27.57,27.58,27.56,27.58,5881,0
2015-02-09,20:50:00,27.58,27.58,27.51,27.53,29682,0
2015-02-09,20:55:00,27.53,27.54,27.51,27.52,24314,0
2015-02-09,21:00:00,27.52,27.53,27.51,27.51,11621,0
2015-02-09,21:05:00,27.51,27.54,27.5,27.52,6322,0
2015-02-09,21:10:00,27.52,27.52,27.49,27.5,15266,0
2015-02-09,21:15:00,27.51,27.52,27.51,27.51,6310,0
2015-02-09,21:20:00,27.51,27.51,27.45,27.45,15827,0
2015-02-09,21:25:00,27.45,27.5,27.45,27.5,6773,0
2015-02-09,21:30:00,27.5,27.5,27.49,27.5,4808,0
2015-02-09,21:35:00,27.5,27.5,27.48,27.49,11677,0
2015-02-09,21:40:00,27.48,27.5,27.47,27.48,9382,0
2015-02-09,21:45:00,27.48,27.5,27.48,27.5,13979,0
2015-02-09,21:50:00,27.5,27.5,27.49,27.5,9430,0
2015-02-09,21:55:00,27.49,27.5,27.49,27.5,7596,0
2015-02-09,22:00:00,27.49,27.5,27.49,27.5,63736,0
2015-02-10,15:35:00,27.44,27.47,27.41,27.47,3958,0
2015-02-10,15:40:00,27.49,27.5,27.49,27.5,2500,0
2015-02-10,15:45:00,27.46,27.48,27.38,27.41,5894,0
2015-02-10,15:50:00,27.44,27.44,27.36,27.36,3000,0
2015-02-10,15:55:00,27.36,27.36,27.27,27.29,4164,0
2015-02-10,16:00:00,27.29,27.34,27.29,27.33,3400,0
2015-02-10,16:05:00,27.31,27.32,27.31,27.32,824,0
2015-02-10,16:10:00,27.31,27.36,27.31,27.35,14950,0
2015-02-10,16:15:00,27.36,27.37,27.34,27.35,7350,0
2015-02-10,16:20:00,27.35,27.36,27.32,27.33,7180,0
2015-02-10,16:25:00,27.32,27.33,27.29,27.3,2800,0
2015-02-10,16:30:00,27.31,27.34,27.3,27.33,16037,0
2015-02-10,16:35:00,27.34,27.34,27.27,27.27,1786,0
2015-02-10,16:40:00,27.27,27.27,27.24,27.26,25617,0
2015-02-10,16:45:00,27.27,27.32,27.27,27.32,3883,0
2015-02-10,16:50:00,27.32,27.36,27.31,27.31,19092,0
2015-02-10,16:55:00,27.3,27.3,27.29,27.3,1952,0
2015-02-10,17:00:00,27.3,27.34,27.3,27.32,5300,0
2015-02-10,17:05:00,27.32,27.32,27.3,27.3,3225,0
2015-02-10,17:10:00,27.29,27.31,27.29,27.31,2100,0
2015-02-10,17:15:00,27.32,27.32,27.31,27.32,7376,0
2015-02-10,17:20:00,27.33,27.34,27.32,27.34,6126,0
2015-02-10,17:25:00,27.34,27.35,27.34,27.34,1900,0
2015-02-10,17:30:00,27.34,27.36,27.33,27.35,7385,0
2015-02-10,17:35:00,27.36,27.36,27.35,27.35,3164,0
2015-02-10,17:40:00,27.35,27.35,27.33,27.33,2370,0
2015-02-10,17:45:00,27.34,27.34,27.32,27.32,7173,0
2015-02-10,17:50:00,27.32,27.32,27.31,27.31,2074,0
2015-02-10,17:55:00,27.31,27.31,27.26,27.26,2297,0
2015-02-10,18:00:00,27.27,27.27,27.23,27.23,3234,0
2015-02-10,18:05:00,27.23,27.23,27.22,27.22,1305,0
2015-02-10,18:10:00,27.23,27.23,27.19,27.2,7447,0
2015-02-10,18:15:00,27.21,27.24,27.2,27.23,3696,0
2015-02-10,18:20:00,27.23,27.24,27.21,27.24,6900,0
2015-02-10,18:25:00,27.26,27.26,27.23,27.24,5401,0
2015-02-10,18:30:00,27.23,27.23,27.22,27.23,2600,0
2015-02-10,18:35:00,27.24,27.3,27.23,27.3,9077,0
2015-02-10,18:40:00,27.31,27.33,27.31,27.32,4313,0
2015-02-10,18:45:00,27.33,27.38,27.33,27.38,3475,0
2015-02-10,18:50:00,27.37,27.41,27.37,27.4,19430,0
2015-02-10,18:55:00,27.4,27.42,27.4,27.42,4859,0
2015-02-10,19:00:00,27.41,27.42,27.38,27.39,4598,0
2015-02-10,19:05:00,27.39,27.4,27.36,27.36,2840,0
2015-02-10,19:10:00,27.37,27.37,27.35,27.35,2900,0
2015-02-10,19:15:00,27.35,27.36,27.34,27.34,2600,0
2015-02-10,19:20:00,27.35,27.35,27.34,27.34,700,0
2015-02-10,19:25:00,27.35,27.38,27.34,27.37,3200,0
2015-02-10,19:30:00,27.37,27.38,27.37,27.38,2313,0
2015-02-10,19:35:00,27.37,27.38,27.36,27.38,2907,0
2015-02-10,19:40:00,27.39,27.42,27.39,27.42,3745,0
2015-02-10,19:45:00,27.43,27.43,27.42,27.43,1000,0
2015-02-10,19:50:00,27.43,27.44,27.42,27.44,3140,0
2015-02-10,19:55:00,27.44,27.45,27.43,27.43,7900,0
2015-02-10,20:00:00,27.44,27.48,27.43,27.47,6762,0
2015-02-10,20:05:00,27.46,27.48,27.46,27.47,1753,0
2015-02-10,20:10:00,27.47,27.48,27.47,27.48,7537,0
2015-02-10,20:15:00,27.48,27.56,27.48,27.56,9000,0
2015-02-10,20:20:00,27.57,27.57,27.53,27.56,26095,0
2015-02-10,20:25:00,27.55,27.56,27.54,27.55,2600,0
2015-02-10,20:30:00,27.55,27.6,27.54,27.6,4101,0
2015-02-10,20:35:00,27.59,27.62,27.56,27.61,17410,0
2015-02-10,20:40:00,27.62,27.63,27.62,27.63,3900,0
2015-02-10,20:45:00,27.63,27.65,27.63,27.65,11501,0
2015-02-10,20:50:00,27.66,27.66,27.65,27.66,1700,0
2015-02-10,20:55:00,27.66,27.66,27.66,27.66,1700,0
2015-02-10,21:00:00,27.66,27.7,27.66,27.69,14349,0
2015-02-10,21:05:00,27.69,27.69,27.68,27.69,2100,0
2015-02-10,21:10:00,27.68,27.68,27.65,27.66,3950,0
2015-02-10,21:15:00,27.66,27.68,27.66,27.66,10231,0
2015-02-10,21:20:00,27.67,27.67,27.64,27.67,17494,0
2015-02-10,21:25:00,27.67,27.67,27.66,27.67,4800,0
2015-02-10,21:30:00,27.67,27.72,27.66,27.72,12950,0
2015-02-10,21:35:00,27.72,27.72,27.67,27.7,16629,0
2015-02-10,21:40:00,27.7,27.7,27.67,27.69,12212,0
2015-02-10,21:45:00,27.69,27.75,27.69,27.72,21072,0
2015-02-10,21:50:00,27.73,27.76,27.71,27.72,15329,0
2015-02-10,21:55:00,27.71,27.72,27.68,27.69,19681,0
2015-02-10,22:00:00,27.69,27.7,27.67,27.7,85876,0
2015-02-11,15:40:00,27.82,28.04,27.82,27.94,6837,0
2015-02-11,15:45:00,27.95,27.99,27.94,27.97,1525,0
2015-02-11,15:50:00,27.97,27.98,27.89,27.89,5110,0
2015-02-11,15:55:00,27.86,27.86,27.83,27.83,3600,0
2015-02-11,16:00:00,27.86,27.88,27.79,27.82,5146,0
2015-02-11,16:05:00,27.83,27.84,27.75,27.75,3422,0
2015-02-11,16:10:00,27.74,27.74,27.71,27.72,9393,0
2015-02-11,16:15:00,27.72,27.77,27.71,27.73,9287,0
2015-02-11,16:20:00,27.74,27.74,27.71,27.72,5410,0
2015-02-11,16:25:00,27.72,27.72,27.71,27.71,2320,0
2015-02-11,16:30:00,27.71,27.78,27.71,27.78,2000,0
2015-02-11,16:35:00,27.77,27.82,27.77,27.8,6236,0
2015-02-11,16:40:00,27.8,27.89,27.8,27.86,17920,0
2015-02-11,16:45:00,27.86,27.89,27.86,27.88,5977,0
2015-02-11,16:50:00,27.88,27.91,27.88,27.9,9388,0
2015-02-11,16:55:00,27.9,27.9,27.88,27.88,3495,0
2015-02-11,17:00:00,27.89,27.91,27.88,27.9,6379,0
2015-02-11,17:05:00,27.91,27.91,27.88,27.89,4106,0
2015-02-11,17:10:00,27.89,27.89,27.86,27.88,6209,0
2015-02-11,17:15:00,27.88,27.88,27.81,27.81,4188,0
2015-02-11,17:20:00,27.81,27.81,27.79,27.79,7196,0
2015-02-11,17:25:00,27.78,27.79,27.75,27.79,13304,0
2015-02-11,17:30:00,27.79,27.79,27.74,27.74,13775,0
2015-02-11,17:35:00,27.74,27.74,27.71,27.74,6567,0
2015-02-11,17:40:00,27.74,27.74,27.69,27.72,11099,0
2015-02-11,17:45:00,27.73,27.75,27.73,27.74,24090,0
2015-02-11,17:50:00,27.74,27.78,27.74,27.78,6304,0
2015-02-11,17:55:00,27.77,27.78,27.75,27.76,4000,0
2015-02-11,18:00:00,27.75,27.75,27.7,27.71,3650,0
2015-02-11,18:05:00,27.71,27.72,27.69,27.72,6650,0
2015-02-11,18:10:00,27.72,27.75,27.72,27.72,9079,0
2015-02-11,18:15:00,27.73,27.73,27.72,27.72,2580,0
2015-02-11,18:20:00,27.72,27.72,27.7,27.71,5216,0
2015-02-11,18:25:00,27.7,27.7,27.67,27.67,6114,0
2015-02-11,18:30:00,27.68,27.68,27.67,27.68,2300,0
2015-02-11,18:35:00,27.69,27.7,27.69,27.7,4008,0
2015-02-11,18:40:00,27.7,27.7,27.67,27.67,3314,0
2015-02-11,18:45:00,27.67,27.67,27.65,27.65,7635,0
2015-02-11,18:50:00,27.65,27.66,27.65,27.65,2301,0
2015-02-11,18:55:00,27.64,27.67,27.64,27.65,8733,0
2015-02-11,19:00:00,27.65,27.65,27.63,27.63,4093,0
2015-02-11,19:05:00,27.63,27.67,27.63,27.65,12885,0
2015-02-11,19:10:00,27.65,27.68,27.64,27.65,15251,0
2015-02-11,19:15:00,27.64,27.64,27.61,27.63,5050,0
2015-02-11,19:20:00,27.64,27.64,27.61,27.62,2750,0
2015-02-11,19:25:00,27.61,27.63,27.6,27.63,1700,0
2015-02-11,19:30:00,27.62,27.62,27.58,27.59,6900,0
2015-02-11,19:35:00,27.58,27.6,27.57,27.6,2750,0
2015-02-11,19:40:00,27.58,27.62,27.58,27.62,8128,0
2015-02-11,19:45:00,27.63,27.71,27.63,27.7,3750,0
2015-02-11,19:50:00,27.69,27.69,27.67,27.67,600,0
2015-02-11,19:55:00,27.69,27.74,27.69,27.74,4928,0
2015-02-11,20:00:00,27.74,27.8,27.73,27.8,3211,0
2015-02-11,20:05:00,27.8,27.8,27.75,27.76,4533,0
2015-02-11,20:10:00,27.76,27.77,27.73,27.73,3651,0
2015-02-11,20:15:00,27.73,27.73,27.61,27.64,22917,0
2015-02-11,20:20:00,27.64,27.69,27.63,27.68,21168,0
2015-02-11,20:25:00,27.68,27.68,27.67,27.67,4094,0
2015-02-11,20:30:00,27.66,27.69,27.64,27.69,7713,0
2015-02-11,20:35:00,27.69,27.69,27.66,27.67,9455,0
2015-02-11,20:40:00,27.67,27.67,27.67,27.67,2800,0
2015-02-11,20:45:00,27.68,27.69,27.67,27.67,6248,0
2015-02-11,20:50:00,27.68,27.71,27.68,27.7,4145,0
2015-02-11,20:55:00,27.7,27.71,27.7,27.71,4114,0
2015-02-11,21:00:00,27.71,27.73,27.69,27.73,9000,0
2015-02-11,21:05:00,27.73,27.74,27.72,27.73,3546,0
2015-02-11,21:10:00,27.73,27.77,27.72,27.77,84838,0
2015-02-11,21:15:00,27.76,27.78,27.76,27.77,2800,0
2015-02-11,21:20:00,27.77,27.78,27.75,27.77,9261,0
2015-02-11,21:25:00,27.78,27.82,27.78,27.81,17539,0
2015-02-11,21:30:00,27.81,27.86,27.81,27.84,27600,0
2015-02-11,21:35:00,27.85,27.87,27.85,27.87,9095,0
2015-02-11,21:40:00,27.87,27.88,27.83,27.83,7700,0
2015-02-11,21:45:00,27.84,27.85,27.81,27.85,7050,0
2015-02-11,21:50:00,27.85,27.85,27.8,27.83,18900,0
2015-02-11,21:55:00,27.83,27.87,27.82,27.85,24776,0
2015-02-11,22:00:00,27.84,27.9,27.83,27.87,87404,0
2015-02-12,15:35:00,27.86,27.92,27.86,27.92,6678,0
2015-02-12,15:40:00,27.88,27.9,27.79,27.79,3526,0
2015-02-12,15:45:00,27.77,27.82,27.74,27.78,9314,0
2015-02-12,15:50:00,27.81,27.83,27.78,27.81,31402,0
2015-02-12,15:55:00,27.79,27.85,27.79,27.82,3400,0
2015-02-12,16:00:00,27.84,27.88,27.83,27.88,3228,0
2015-02-12,16:05:00,27.88,28.02,27.88,28.02,11560,0
2015-02-12,16:10:00,28.01,28.04,27.98,28.02,6415,0
2015-02-12,16:15:00,28.0,28.03,27.98,27.99,17404,0
2015-02-12,16:20:00,28.0,28.0,27.92,27.92,5862,0
2015-02-12,16:25:00,27.91,27.92,27.88,27.9,14800,0
2015-02-12,16:30:00,27.89,27.92,27.88,27.9,11743,0
2015-02-12,16:35:00,27.9,27.93,27.9,27.92,1100,0
2015-02-12,16:40:00,27.92,27.92,27.88,27.88,5944,0
2015-02-12,16:45:00,27.89,27.92,27.88,27.91,4700,0
2015-02-12,16:50:00,27.92,27.97,27.92,27.97,4602,0
2015-02-12,16:55:00,27.98,27.99,27.97,27.98,7600,0
2015-02-12,17:00:00,27.99,28.01,27.98,28.01,9500,0
2015-02-12,17:05:00,28.01,28.01,27.96,27.97,9700,0
2015-02-12,17:10:00,27.97,27.97,27.94,27.94,3394,0
2015-02-12,17:15:00,27.95,27.97,27.94,27.97,3873,0
2015-02-12,17:20:00,27.96,28.0,27.96,27.99,6371,0
2015-02-12,17:25:00,27.99,28.02,27.99,28.0,5100,0
2015-02-12,17:30:00,27.99,28.03,27.97,28.03,6699,0
2015-02-12,17:35:00,28.05,28.06,28.03,28.04,3825,0
2015-02-12,17:40:00,28.03,28.05,27.99,28.0,6800,0
2015-02-12,17:45:00,28.0,28.01,27.99,28.0,4663,0
2015-02-12,17:50:00,27.99,28.1,27.99,28.1,9012,0
2015-02-12,17:55:00,28.08,28.13,28.08,28.13,5782,0
2015-02-12,18:00:00,28.11,28.13,28.1,28.13,8801,0
2015-02-12,18:05:00,28.14,28.15,28.14,28.15,2500,0
2015-02-12,18:10:00,28.16,28.18,28.16,28.18,7908,0
2015-02-12,18:15:00,28.17,28.21,28.17,28.2,9269,0
2015-02-12,18:20:00,28.2,28.21,28.19,28.21,6500,0
2015-02-12,18:25:00,28.21,28.23,28.21,28.23,13831,0
2015-02-12,18:30:00,28.23,28.25,28.23,28.25,2257,0
2015-02-12,18:35:00,28.25,28.26,28.24,28.26,4600,0
2015-02-12,18:40:00,28.26,28.26,28.21,28.21,12467,0
2015-02-12,18:45:00,28.2,28.25,28.19,28.25,9359,0
2015-02-12,18:50:00,28.26,28.26,28.24,28.26,3079,0
2015-02-12,18:55:00,28.25,28.26,28.23,28.24,4470,0
2015-02-12,19:00:00,28.23,28.23,28.18,28.2,13540,0
2015-02-12,19:05:00,28.19,28.19,28.14,28.15,4200,0
2015-02-12,19:10:00,28.16,28.2,28.16,28.18,7002,0
2015-02-12,19:15:00,28.17,28.18,28.14,28.14,7150,0
2015-02-12,19:20:00,28.14,28.18,28.14,28.17,13094,0
2015-02-12,19:25:00,28.17,28.2,28.17,28.19,9069,0
2015-02-12,19:30:00,28.19,28.19,28.18,28.18,3250,0
2015-02-12,19:35:00,28.19,28.2,28.19,28.19,7132,0
2015-02-12,19:40:00,28.18,28.2,28.17,28.18,7450,0
2015-02-12,19:45:00,28.18,28.18,28.16,28.16,4300,0
2015-02-12,19:50:00,28.15,28.15,28.1,28.1,6325,0
2015-02-12,19:55:00,28.09,28.11,28.08,28.09,7002,0
2015-02-12,20:00:00,28.1,28.13,28.1,28.11,4628,0
2015-02-12,20:05:00,28.1,28.1,28.08,28.08,3400,0
2015-02-12,20:10:00,28.07,28.1,28.07,28.08,3854,0
2015-02-12,20:15:00,28.08,28.09,28.07,28.08,5800,0
2015-02-12,20:20:00,28.07,28.09,28.05,28.07,12608,0
2015-02-12,20:25:00,28.07,28.07,28.03,28.03,17882,0
2015-02-12,20:30:00,28.03,28.03,27.99,28.0,6384,0
2015-02-12,20:35:00,27.99,28.02,27.98,28.01,26520,0
2015-02-12,20:40:00,28.02,28.04,28.01,28.04,5524,0
2015-02-12,20:45:00,28.03,28.07,28.02,28.07,11302,0
2015-02-12,20:50:00,28.05,28.08,28.05,28.07,10904,0
2015-02-12,20:55:00,28.06,28.06,28.05,28.05,7160,0
2015-02-12,21:00:00,28.05,28.07,28.03,28.07,11263,0
2015-02-12,21:05:00,28.07,28.1,28.07,28.1,11831,0
2015-02-12,21:10:00,28.09,28.11,28.07,28.1,26608,0
2015-02-12,21:15:00,28.1,28.1,28.08,28.09,9257,0
2015-02-12,21:20:00,28.08,28.09,28.06,28.06,6805,0
2015-02-12,21:25:00,28.06,28.07,28.05,28.07,7114,0
2015-02-12,21:30:00,28.06,28.07,28.04,28.04,6800,0
2015-02-12,21:35:00,28.04,28.06,28.04,28.05,16556,0
2015-02-12,21:40:00,28.07,28.12,28.06,28.12,16958,0
2015-02-12,21:45:00,28.12,28.16,28.12,28.12,20496,0
2015-02-12,21:50:00,28.13,28.17,28.13,28.17,19549,0
2015-02-12,21:55:00,28.17,28.18,28.14,28.14,24716,0
2015-02-12,22:00:00,28.14,28.18,28.14,28.17,119683,0
2015-02-13,15:35:00,28.05,28.05,27.89,27.93,19935,0
2015-02-13,15:40:00,27.94,27.94,27.92,27.92,2700,0
2015-02-13,15:45:00,27.91,27.93,27.87,27.93,6877,0
2015-02-13,15:50:00,27.93,27.93,27.89,27.9,7968,0
2015-02-13,15:55:00,27.91,27.93,27.9,27.93,2268,0
2015-02-13,16:00:00,27.93,27.95,27.9,27.94,12305,0
2015-02-13,16:05:00,27.91,27.96,27.88,27.89,11350,0
2015-02-13,16:10:00,27.88,27.92,27.87,27.91,4200,0
2015-02-13,16:15:00,27.9,27.91,27.83,27.87,4908,0
2015-02-13,16:20:00,27.86,27.89,27.85,27.86,3190,0
2015-02-13,16:25:00,27.85,27.9,27.85,27.88,4098,0
2015-02-13,16:30:00,27.9,27.94,27.9,27.93,14745,0
2015-02-13,16:35:00,27.92,27.94,27.92,27.93,1609,0
2015-02-13,16:40:00,27.93,27.95,27.92,27.95,3227,0
2015-02-13,16:45:00,27.94,27.94,27.93,27.94,1800,0
2015-02-13,16:50:00,27.95,27.99,27.95,27.99,2400,0
2015-02-13,16:55:00,28.0,28.0,27.99,28.0,2800,0
2015-02-13,17:00:00,27.99,27.99,27.92,27.92,5700,0
2015-02-13,17:05:00,27.93,28.01,27.93,28.01,3391,0
2015-02-13,17:10:00,28.02,28.07,28.01,28.07,104300,0
2015-02-13,17:15:00,28.08,28.12,28.07,28.12,14554,0
2015-02-13,17:20:00,28.13,28.13,28.1,28.13,6994,0
2015-02-13,17:25:00,28.12,28.13,28.11,28.13,2200,0
2015-02-13,17:30:00,28.14,28.14,28.08,28.09,5325,0
2015-02-13,17:35:00,28.08,28.09,28.01,28.03,5138,0
2015-02-13,17:40:00,28.03,28.06,28.02,28.05,62005,0
2015-02-13,17:45:00,28.05,28.05,28.02,28.04,7900,0
2015-02-13,17:50:00,28.04,28.04,27.99,28.0,5034,0
2015-02-13,17:55:00,28.01,28.03,28.01,28.01,7883,0
2015-02-13,18:00:00,28.01,28.01,28.01,28.01,1400,0
2015-02-13,18:05:00,28.01,28.01,27.99,28.01,3930,0
2015-02-13,18:10:00,28.02,28.02,28.0,28.01,5842,0
2015-02-13,18:15:00,28.02,28.02,28.0,28.01,3788,0
2015-02-13,18:20:00,28.02,28.03,28.0,28.01,4821,0
2015-02-13,18:25:00,28.0,28.0,27.99,27.99,3895,0
2015-02-13,18:30:00,27.99,28.0,27.9,27.92,9216,0
2015-02-13,18:35:00,27.92,27.92,27.89,27.9,4800,0
2015-02-13,18:40:00,27.9,27.92,27.88,27.91,21120,0
2015-02-13,18:45:00,27.9,27.92,27.9,27.91,3168,0
2015-02-13,18:50:00,27.91,27.93,27.89,27.89,20252,0
2015-02-13,18:55:00,27.89,27.92,27.89,27.91,81597,0
2015-02-13,19:00:00,27.91,27.91,27.9,27.9,111858,0
2015-02-13,19:05:00,27.9,27.92,27.9,27.92,6662,0
2015-02-13,19:10:00,27.93,27.93,27.9,27.9,8383,0
2015-02-13,19:15:00,27.9,27.9,27.85,27.85,3750,0
2015-02-13,19:20:00,27.85,27.85,27.81,27.84,7337,0
2015-02-13,19:25:00,27.83,27.84,27.8,27.81,1910,0
2015-02-13,19:30:00,27.81,27.85,27.81,27.84,9036,0
2015-02-13,19:35:00,27.85,27.85,27.79,27.79,4053,0
2015-02-13,19:40:00,27.8,27.8,27.77,27.8,4998,0
2015-02-13,19:45:00,27.81,27.82,27.8,27.82,2600,0
2015-02-13,19:50:00,27.84,27.84,27.84,27.84,2240,0
2015-02-13,19:55:00,27.84,27.85,27.84,27.85,4153,0
2015-02-13,20:00:00,27.84,27.84,27.84,27.84,100,0
2015-02-13,20:05:00,27.84,27.87,27.84,27.86,5100,0
2015-02-13,20:10:00,27.86,27.89,27.86,27.88,5926,0
2015-02-13,20:15:00,27.87,27.91,27.87,27.9,7753,0
2015-02-13,20:20:00,27.9,27.91,27.88,27.89,4002,0
2015-02-13,20:25:00,27.89,27.89,27.87,27.87,3057,0
2015-02-13,20:30:00,27.89,27.92,27.89,27.9,6200,0
2015-02-13,20:35:00,27.9,27.91,27.87,27.9,6000,0
2015-02-13,20:40:00,27.88,27.88,27.87,27.88,1850,0
2015-02-13,20:45:00,27.86,27.9,27.85,27.9,6998,0
2015-02-13,20:50:00,27.88,27.9,27.88,27.9,2620,0
2015-02-13,20:55:00,27.88,27.89,27.85,27.87,8750,0
2015-02-13,21:00:00,27.88,27.89,27.86,27.88,11568,0
2015-02-13,21:05:00,27.87,27.88,27.85,27.85,2195,0
2015-02-13,21:10:00,27.85,27.94,27.85,27.91,70575,0
2015-02-13,21:15:00,27.91,27.94,27.91,27.92,4299,0
2015-02-13,21:20:00,27.92,27.92,27.9,27.9,3012,0
2015-02-13,21:25:00,27.9,27.9,27.88,27.89,57100,0
2015-02-13,21:30:00,27.89,27.9,27.88,27.9,4700,0
2015-02-13,21:35:00,27.9,27.94,27.89,27.93,8824,0
2015-02-13,21:40:00,27.93,27.98,27.93,27.95,14882,0
2015-02-13,21:45:00,27.95,27.97,27.95,27.95,6166,0
2015-02-13,21:50:00,27.96,27.96,27.94,27.95,15600,0
2015-02-13,21:55:00,27.95,27.99,27.95,27.97,18318,0
2015-02-13,22:00:00,27.97,27.98,27.91,27.93,134323,0
2015-02-17,15:35:00,27.92,27.97,27.72,27.74,12668,0
2015-02-17,15:40:00,27.91,27.98,27.86,27.92,3091,0
2015-02-17,15:45:00,27.97,28.16,27.97,28.16,20505,0
2015-02-17,15:50:00,28.18,28.18,28.06,28.1,9280,0
2015-02-17,15:55:00,28.13,28.2,28.11,28.11,13891,0
2015-02-17,16:00:00,28.15,28.24,28.15,28.24,2694,0
2015-02-17,16:05:00,28.28,28.28,28.17,28.21,9267,0
2015-02-17,16:10:00,28.19,28.23,28.19,28.22,6160,0
2015-02-17,16:15:00,28.22,28.22,28.14,28.21,7449,0
2015-02-17,16:20:00,28.21,28.27,28.19,28.23,7340,0
2015-02-17,16:25:00,28.27,28.27,28.24,28.25,1400,0
2015-02-17,16:30:00,28.26,28.3,28.25,28.3,4142,0
2015-02-17,16:35:00,28.29,28.29,28.24,28.28,12600,0
2015-02-17,16:40:00,28.28,28.31,28.26,28.3,4620,0
2015-02-17,16:45:00,28.3,28.32,28.28,28.29,8000,0
2015-02-17,16:50:00,28.3,28.3,28.19,28.19,6952,0
2015-02-17,16:55:00,28.2,28.2,28.13,28.16,6279,0
2015-02-17,17:00:00,28.15,28.15,28.11,28.11,4000,0
2015-02-17,17:05:00,28.11,28.17,28.11,28.15,51271,0
2015-02-17,17:10:00,28.15,28.21,28.15,28.2,6200,0
2015-02-17,17:15:00,28.22,28.22,28.17,28.18,9200,0
2015-02-17,17:20:00,28.2,28.2,28.11,28.15,7928,0
2015-02-17,17:25:00,28.15,28.19,28.15,28.16,3383,0
2015-02-17,17:30:00,28.17,28.18,28.15,28.17,6382,0
2015-02-17,17:35:00,28.15,28.18,28.13,28.18,9100,0
2015-02-17,17:40:00,28.16,28.18,28.13,28.16,7158,0
2015-02-17,17:45:00,28.16,28.17,28.09,28.09,5597,0
2015-02-17,17:50:00,28.1,28.13,28.08,28.08,5113,0
2015-02-17,17:55:00,28.1,28.1,28.07,28.09,2566,0
2015-02-17,18:00:00,28.11,28.15,28.11,28.15,5429,0
2015-02-17,18:05:00,28.14,28.16,28.13,28.14,8334,0
2015-02-17,18:10:00,28.12,28.15,28.12,28.14,5047,0
2015-02-17,18:15:00,28.12,28.13,28.08,28.08,12300,0
2015-02-17,18:20:00,28.09,28.09,28.05,28.06,5718,0
2015-02-17,18:25:00,28.06,28.08,28.05,28.06,2974,0
2015-02-17,18:30:00,28.07,28.09,28.05,28.07,5500,0
2015-02-17,18:35:00,28.08,28.11,28.08,28.08,3485,0
2015-02-17,18:40:00,28.1,28.1,28.06,28.06,9937,0
2015-02-17,18:45:00,28.05,28.07,28.05,28.06,2240,0
2015-02-17,18:50:00,28.08,28.12,28.07,28.11,5246,0
2015-02-17,18:55:00,28.11,28.12,28.1,28.12,5802,0
2015-02-17,19:00:00,28.11,28.12,28.1,28.1,2755,0
2015-02-17,19:05:00,28.11,28.14,28.11,28.13,4352,0
2015-02-17,19:10:00,28.13,28.13,28.09,28.09,5890,0
2015-02-17,19:15:00,28.1,28.1,28.06,28.09,5322,0
2015-02-17,19:20:00,28.08,28.08,28,28,10854,0
2015-02-17,19:25:00,28.02,28.02,27.97,27.97,3302,0
2015-02-17,19:30:00,27.98,28,27.94,27.94,7701,0
2015-02-17,19:35:00,27.93,27.96,27.91,27.95,5156,0
2015-02-17,19:40:00,27.96,27.99,27.95,27.99,6700,0
2015-02-17,19:45:00,27.98,27.99,27.93,27.96,7600,0
2015-02-17,19:50:00,27.97,27.97,27.92,27.92,4650,0
2015-02-17,19:55:00,27.94,27.95,27.91,27.91,5726,0
2015-02-17,20:00:00,27.91,27.92,27.9,27.91,4761,0
2015-02-17,20:05:00,27.91,27.93,27.89,27.92,14815,0
2015-02-17,20:10:00,27.92,27.95,27.92,27.95,7321,0
2015-02-17,20:15:00,27.95,27.96,27.93,27.94,8071,0
2015-02-17,20:20:00,27.94,27.95,27.94,27.94,3975,0
2015-02-17,20:25:00,27.96,27.97,27.93,27.93,6214,0
2015-02-17,20:30:00,27.94,27.95,27.92,27.92,5954,0
2015-02-17,20:35:00,27.93,27.93,27.89,27.92,5337,0
2015-02-17,20:40:00,27.92,27.94,27.91,27.92,8182,0
2015-02-17,20:45:00,27.93,27.94,27.92,27.93,31900,0
2015-02-17,20:50:00,27.93,27.94,27.91,27.93,6966,0
2015-02-17,20:55:00,27.92,27.92,27.89,27.9,14315,0
2015-02-17,21:00:00,27.89,27.92,27.89,27.9,25890,0
2015-02-17,21:05:00,27.91,27.92,27.88,27.88,11623,0
2015-02-17,21:10:00,27.89,27.9,27.89,27.89,6630,0
2015-02-17,21:15:00,27.9,27.9,27.87,27.87,10875,0
2015-02-17,21:20:00,27.88,27.9,27.83,27.83,16097,0
2015-02-17,21:25:00,27.83,27.84,27.78,27.78,21683,0
2015-02-17,21:30:00,27.78,27.79,27.75,27.75,6000,0
2015-02-17,21:35:00,27.75,27.81,27.75,27.79,23937,0
2015-02-17,21:40:00,27.8,27.88,27.79,27.82,37052,0
2015-02-17,21:45:00,27.83,27.87,27.83,27.87,11117,0
2015-02-17,21:50:00,27.87,27.93,27.87,27.93,16057,0
2015-02-17,21:55:00,27.93,28.09,27.91,28.08,130078,0
2015-02-17,22:00:00,28.08,28.11,27.97,28.11,357959,0
2015-02-18,15:35:00,28.13,28.18,27.99,28.12,17399,0
2015-02-18,15:40:00,28,28.06,27.85,27.85,4630,0
2015-02-18,15:45:00,27.85,27.88,27.7,27.7,5434,0
2015-02-18,15:50:00,27.7,27.94,27.7,27.9,7029,0
2015-02-18,15:55:00,27.85,27.98,27.85,27.95,5930,0
2015-02-18,16:00:00,27.96,27.99,27.94,27.99,3100,0
2015-02-18,16:05:00,27.98,28.06,27.93,28.06,9850,0
2015-02-18,16:10:00,28.06,28.13,28,28,6940,0
2015-02-18,16:15:00,28,28.05,27.95,27.98,7154,0
2015-02-18,16:20:00,27.98,28,27.93,27.94,17689,0
2015-02-18,16:25:00,27.94,27.96,27.84,27.96,23200,0
2015-02-18,16:30:00,27.92,27.96,27.89,27.91,12250,0
2015-02-18,16:35:00,27.9,27.94,27.86,27.89,7607,0
2015-02-18,16:40:00,27.9,27.92,27.85,27.87,11558,0
2015-02-18,16:45:00,27.86,27.91,27.84,27.9,13705,0
2015-02-18,16:50:00,27.89,27.93,27.87,27.92,8800,0
2015-02-18,16:55:00,27.92,27.94,27.88,27.91,10449,0
2015-02-18,17:00:00,27.9,27.96,27.9,27.9,6900,0
2015-02-18,17:05:00,27.9,27.93,27.79,27.81,14960,0
2015-02-18,17:10:00,27.81,27.82,27.74,27.78,7970,0
2015-02-18,17:15:00,27.78,27.84,27.78,27.8,8016,0
2015-02-18,17:20:00,27.8,27.83,27.8,27.82,4854,0
2015-02-18,17:25:00,27.82,27.87,27.82,27.87,10880,0
2015-02-18,17:30:00,27.87,27.9,27.87,27.88,4844,0
2015-02-18,17:35:00,27.87,27.89,27.87,27.88,7029,0
2015-02-18,17:40:00,27.89,27.93,27.89,27.93,7018,0
2015-02-18,17:45:00,27.94,27.97,27.88,27.89,8820,0
2015-02-18,17:50:00,27.89,27.95,27.88,27.91,6665,0
2015-02-18,17:55:00,27.91,28.02,27.87,27.99,41730,0
2015-02-18,18:00:00,27.99,28,27.95,27.95,6500,0
2015-02-18,18:05:00,27.94,28,27.94,27.99,6771,0
2015-02-18,18:10:00,27.98,27.99,27.91,27.91,13571,0
2015-02-18,18:15:00,27.9,27.92,27.9,27.9,5946,0
2015-02-18,18:20:00,27.9,27.94,27.9,27.93,3501,0
2015-02-18,18:25:00,27.93,27.96,27.89,27.89,10760,0
2015-02-18,18:30:00,27.9,27.96,27.9,27.92,7684,0
2015-02-18,18:35:00,27.92,27.94,27.9,27.9,8560,0
2015-02-18,18:40:00,27.9,27.92,27.9,27.92,3060,0
2015-02-18,18:45:00,27.92,27.94,27.91,27.94,9190,0
2015-02-18,18:50:00,27.94,27.99,27.94,27.94,5300,0
2015-02-18,18:55:00,27.95,27.97,27.94,27.94,30345,0
2015-02-18,19:00:00,27.93,27.97,27.93,27.97,3400,0
2015-02-18,19:05:00,27.97,28.01,27.97,28,7656,0
2015-02-18,19:10:00,28,28,27.96,27.97,3930,0
2015-02-18,19:15:00,27.99,27.99,27.99,27.99,300,0
2015-02-18,19:20:00,27.99,28,27.97,27.98,5298,0
2015-02-18,19:25:00,27.99,27.99,27.97,27.97,4042,0
2015-02-18,19:30:00,27.97,27.99,27.97,27.98,12000,0
2015-02-18,19:35:00,27.98,28,27.96,27.96,8050,0
2015-02-18,19:40:00,27.93,27.97,27.93,27.96,2800,0
2015-02-18,19:45:00,27.96,27.97,27.92,27.93,3809,0
2015-02-18,19:50:00,27.92,27.93,27.91,27.91,4720,0
2015-02-18,19:55:00,27.91,27.96,27.91,27.92,8715,0
2015-02-18,20:00:00,27.91,27.95,27.91,27.94,9596,0
2015-02-18,20:05:00,27.95,28.11,27.95,28.09,27710,0
2015-02-18,20:10:00,28.09,28.12,28.07,28.11,32553,0
2015-02-18,20:15:00,28.11,28.14,28.08,28.12,33762,0
2015-02-18,20:20:00,28.11,28.18,28.1,28.16,13775,0
2015-02-18,20:25:00,28.17,28.31,28.16,28.29,13977,0
2015-02-18,20:30:00,28.28,28.29,28.17,28.18,40840,0
2015-02-18,20:35:00,28.19,28.21,28.18,28.2,35421,0
2015-02-18,20:40:00,28.19,28.2,28.17,28.19,14438,0
2015-02-18,20:45:00,28.2,28.21,28.18,28.19,43203,0
2015-02-18,20:50:00,28.18,28.26,28.18,28.26,13036,0
2015-02-18,20:55:00,28.26,28.27,28.25,28.27,8446,0
2015-02-18,21:00:00,28.28,28.28,28.18,28.19,38784,0
2015-02-18,21:05:00,28.2,28.2,28.14,28.16,34955,0
2015-02-18,21:10:00,28.18,28.23,28.17,28.19,42941,0
2015-02-18,21:15:00,28.19,28.21,28.18,28.21,12329,0
2015-02-18,21:20:00,28.21,28.23,28.19,28.21,19962,0
2015-02-18,21:25:00,28.21,28.22,28.2,28.21,10190,0
2015-02-18,21:30:00,28.2,28.23,28.2,28.21,16851,0
2015-02-18,21:35:00,28.21,28.22,28.17,28.21,100663,0
2015-02-18,21:40:00,28.2,28.24,28.19,28.21,19483,0
2015-02-18,21:45:00,28.22,28.22,28.16,28.16,27272,0
2015-02-18,21:50:00,28.17,28.21,28.14,28.15,63383,0
2015-02-18,21:55:00,28.16,28.17,28.15,28.16,44091,0
2015-02-18,22:00:00,28.16,28.16,28.11,28.12,322468,0
2015-02-19,15:35:00,27.96,28.12,27.96,28,2400,0
2015-02-19,15:40:00,27.93,28.05,27.87,27.87,10663,0
2015-02-19,15:45:00,27.81,27.92,27.74,27.91,18728,0
2015-02-19,15:50:00,27.92,27.98,27.88,27.98,16220,0
2015-02-19,15:55:00,27.98,28.12,27.98,28.12,5618,0
2015-02-19,16:00:00,28.12,28.2,28.12,28.13,8390,0
2015-02-19,16:05:00,28.15,28.19,28.13,28.17,5236,0
2015-02-19,16:10:00,28.2,28.21,28.04,28.04,11279,0
2015-02-19,16:15:00,28.06,28.09,28.03,28.03,10220,0
2015-02-19,16:20:00,28.03,28.03,27.95,27.99,5925,0
2015-02-19,16:25:00,27.97,27.97,27.89,27.89,8800,0
2015-02-19,16:30:00,27.91,27.92,27.84,27.85,19115,0
2015-02-19,16:35:00,27.85,27.87,27.82,27.82,15808,0
2015-02-19,16:40:00,27.83,27.85,27.81,27.82,10996,0
2015-02-19,16:45:00,27.82,27.83,27.78,27.79,10946,0
2015-02-19,16:50:00,27.79,27.8,27.78,27.8,10553,0
2015-02-19,16:55:00,27.79,27.8,27.73,27.74,9165,0
2015-02-19,17:00:00,27.74,27.81,27.73,27.8,15845,0
2015-02-19,17:05:00,27.8,27.8,27.74,27.74,10413,0
2015-02-19,17:10:00,27.73,27.73,27.7,27.71,9708,0
2015-02-19,17:15:00,27.7,27.7,27.68,27.69,3011,0
2015-02-19,17:20:00,27.69,27.73,27.69,27.71,22210,0
2015-02-19,17:25:00,27.71,27.73,27.7,27.7,8082,0
2015-02-19,17:30:00,27.7,27.71,27.7,27.7,2685,0
2015-02-19,17:35:00,27.7,27.7,27.63,27.63,18800,0
2015-02-19,17:40:00,27.63,27.65,27.61,27.62,11286,0
2015-02-19,17:45:00,27.63,27.63,27.61,27.62,2238,0
2015-02-19,17:50:00,27.61,27.62,27.55,27.56,19646,0
2015-02-19,17:55:00,27.56,27.58,27.55,27.57,13854,0
2015-02-19,18:00:00,27.58,27.61,27.57,27.61,11102,0
2015-02-19,18:05:00,27.62,27.68,27.62,27.68,4600,0
2015-02-19,18:10:00,27.68,27.68,27.66,27.67,10215,0
2015-02-19,18:15:00,27.68,27.68,27.62,27.63,7801,0
2015-02-19,18:20:00,27.62,27.63,27.57,27.6,20001,0
2015-02-19,18:25:00,27.61,27.62,27.59,27.6,6500,0
2015-02-19,18:30:00,27.6,27.61,27.6,27.6,2200,0
2015-02-19,18:35:00,27.59,27.6,27.57,27.57,8373,0
2015-02-19,18:40:00,27.57,27.58,27.57,27.58,7820,0
2015-02-19,18:45:00,27.58,27.59,27.55,27.56,6186,0
2015-02-19,18:50:00,27.56,27.56,27.51,27.51,16699,0
2015-02-19,18:55:00,27.51,27.51,27.5,27.51,3771,0
2015-02-19,19:00:00,27.51,27.53,27.51,27.52,7847,0
2015-02-19,19:05:00,27.52,27.53,27.49,27.51,16520,0
2015-02-19,19:10:00,27.52,27.54,27.51,27.52,8700,0
2015-02-19,19:15:00,27.53,27.54,27.49,27.49,8490,0
2015-02-19,19:20:00,27.5,27.53,27.5,27.52,10200,0
2015-02-19,19:25:00,27.52,27.54,27.51,27.52,8747,0
2015-02-19,19:30:00,27.52,27.53,27.52,27.52,6485,0
2015-02-19,19:35:00,27.52,27.54,27.52,27.54,14180,0
2015-02-19,19:40:00,27.53,27.54,27.51,27.52,8873,0
2015-02-19,19:45:00,27.53,27.54,27.5,27.5,10991,0
2015-02-19,19:50:00,27.51,27.51,27.49,27.5,11554,0
2015-02-19,19:55:00,27.49,27.53,27.49,27.52,11697,0
2015-02-19,20:00:00,27.52,27.53,27.52,27.52,3600,0
2015-02-19,20:05:00,27.53,27.53,27.48,27.48,12450,0
2015-02-19,20:10:00,27.47,27.51,27.47,27.51,15802,0
2015-02-19,20:15:00,27.51,27.56,27.51,27.54,17634,0
2015-02-19,20:20:00,27.55,27.55,27.54,27.55,3265,0
2015-02-19,20:25:00,27.55,27.55,27.5,27.5,12007,0
2015-02-19,20:30:00,27.5,27.52,27.49,27.52,12780,0
2015-02-19,20:35:00,27.52,27.53,27.51,27.51,12007,0
2015-02-19,20:40:00,27.51,27.51,27.46,27.46,3800,0
2015-02-19,20:45:00,27.45,27.46,27.43,27.44,11451,0
2015-02-19,20:50:00,27.44,27.45,27.42,27.43,6800,0
2015-02-19,20:55:00,27.42,27.43,27.4,27.43,16493,0
2015-02-19,21:00:00,27.43,27.46,27.42,27.46,10112,0
2015-02-19,21:05:00,27.46,27.48,27.46,27.48,6098,0
2015-02-19,21:10:00,27.47,27.49,27.43,27.43,13751,0
2015-02-19,21:15:00,27.43,27.45,27.42,27.42,9900,0
2015-02-19,21:20:00,27.42,27.42,27.39,27.41,8931,0
2015-02-19,21:25:00,27.41,27.45,27.41,27.41,16605,0
2015-02-19,21:30:00,27.43,27.45,27.42,27.44,17523,0
2015-02-19,21:35:00,27.43,27.43,27.39,27.4,17720,0
2015-02-19,21:40:00,27.39,27.41,27.34,27.34,26096,0
2015-02-19,21:45:00,27.34,27.37,27.3,27.35,57783,0
2015-02-19,21:50:00,27.35,27.38,27.35,27.38,10561,0
2015-02-19,21:55:00,27.38,27.39,27.33,27.34,74593,0
2015-02-19,22:00:00,27.34,27.38,27.31,27.38,158573,0
2015-02-20,15:35:00,27.33,27.61,27.29,27.61,7048,0
2015-02-20,15:40:00,27.54,27.54,27.38,27.38,10146,0
2015-02-20,15:45:00,27.43,27.55,27.43,27.55,1800,0
2015-02-20,15:50:00,27.53,27.69,27.53,27.68,7100,0
2015-02-20,15:55:00,27.69,27.76,27.66,27.71,5848,0
2015-02-20,16:00:00,27.71,27.71,27.61,27.61,7785,0
2015-02-20,16:05:00,27.62,27.65,27.57,27.65,12036,0
2015-02-20,16:10:00,27.65,27.66,27.6,27.61,3450,0
2015-02-20,16:15:00,27.61,27.64,27.59,27.64,8350,0
2015-02-20,16:20:00,27.65,27.65,27.62,27.65,7335,0
2015-02-20,16:25:00,27.65,27.67,27.61,27.67,4800,0
2015-02-20,16:30:00,27.68,27.71,27.67,27.67,3700,0
2015-02-20,16:35:00,27.66,27.7,27.64,27.7,4425,0
2015-02-20,16:40:00,27.7,27.76,27.7,27.76,8014,0
2015-02-20,16:45:00,27.76,27.76,27.7,27.7,3700,0
2015-02-20,16:50:00,27.71,27.79,27.71,27.78,3200,0
2015-02-20,16:55:00,27.78,27.81,27.78,27.81,4121,0
2015-02-20,17:00:00,27.82,27.83,27.8,27.82,2840,0
2015-02-20,17:05:00,27.84,27.86,27.83,27.83,2500,0
2015-02-20,17:10:00,27.83,27.83,27.74,27.74,7102,0
2015-02-20,17:15:00,27.75,27.76,27.74,27.75,5745,0
2015-02-20,17:20:00,27.75,27.76,27.71,27.72,6426,0
2015-02-20,17:25:00,27.72,27.72,27.65,27.66,6600,0
2015-02-20,17:30:00,27.66,27.67,27.63,27.63,6400,0
2015-02-20,17:35:00,27.63,27.69,27.63,27.69,7388,0
2015-02-20,17:40:00,27.69,27.71,27.68,27.68,4845,0
2015-02-20,17:45:00,27.68,27.71,27.67,27.68,4894,0
2015-02-20,17:50:00,27.68,27.68,27.66,27.68,6706,0
2015-02-20,17:55:00,27.67,27.67,27.65,27.65,6701,0
2015-02-20,18:00:00,27.65,27.65,27.63,27.63,4500,0
2015-02-20,18:05:00,27.64,27.66,27.64,27.66,16734,0
2015-02-20,18:10:00,27.66,27.68,27.64,27.65,9667,0
2015-02-20,18:15:00,27.64,27.65,27.64,27.65,1100,0
2015-02-20,18:20:00,27.64,27.66,27.64,27.65,2624,0
2015-02-20,18:25:00,27.65,27.65,27.64,27.65,3433,0
2015-02-20,18:30:00,27.65,27.71,27.62,27.7,9764,0
2015-02-20,18:35:00,27.69,27.69,27.67,27.67,3710,0
2015-02-20,18:40:00,27.68,27.72,27.65,27.65,13516,0
2015-02-20,18:45:00,27.66,27.7,27.65,27.67,8090,0
2015-02-20,18:50:00,27.66,27.67,27.66,27.67,1760,0
2015-02-20,18:55:00,27.66,27.7,27.66,27.7,6051,0
2015-02-20,19:00:00,27.7,27.7,27.68,27.68,1500,0
2015-02-20,19:05:00,27.69,27.69,27.67,27.67,4526,0
2015-02-20,19:10:00,27.67,27.68,27.67,27.67,400,0
2015-02-20,19:15:00,27.68,27.69,27.68,27.68,5300,0
2015-02-20,19:20:00,27.68,27.68,27.66,27.66,2114,0
2015-02-20,19:25:00,27.66,27.67,27.65,27.66,5767,0
2015-02-20,19:30:00,27.66,27.7,27.66,27.68,19847,0
2015-02-20,19:35:00,27.67,27.69,27.67,27.69,2851,0
2015-02-20,19:40:00,27.69,27.69,27.67,27.67,5052,0
2015-02-20,19:45:00,27.67,27.67,27.63,27.63,3900,0
2015-02-20,19:50:00,27.63,27.63,27.6,27.61,5690,0
2015-02-20,19:55:00,27.61,27.61,27.58,27.6,5534,0
2015-02-20,20:00:00,27.6,27.62,27.59,27.59,6285,0
2015-02-20,20:05:00,27.58,27.59,27.57,27.57,8077,0
2015-02-20,20:10:00,27.58,27.59,27.56,27.56,5808,0
2015-02-20,20:15:00,27.57,27.58,27.56,27.57,14705,0
2015-02-20,20:20:00,27.56,27.57,27.53,27.53,11668,0
2015-02-20,20:25:00,27.54,27.55,27.53,27.54,3297,0
2015-02-20,20:30:00,27.54,27.56,27.54,27.55,6519,0
2015-02-20,20:35:00,27.55,27.58,27.55,27.58,6749,0
2015-02-20,20:40:00,27.58,27.59,27.58,27.59,3336,0
2015-02-20,20:45:00,27.59,27.59,27.55,27.55,7497,0
2015-02-20,20:50:00,27.54,27.54,27.52,27.53,5195,0
2015-02-20,20:55:00,27.52,27.53,27.51,27.52,10729,0
2015-02-20,21:00:00,27.53,27.55,27.52,27.55,11705,0
2015-02-20,21:05:00,27.55,27.58,27.54,27.56,8624,0
2015-02-20,21:10:00,27.56,27.58,27.56,27.57,4301,0
2015-02-20,21:15:00,27.57,27.58,27.56,27.58,7200,0
2015-02-20,21:20:00,27.59,27.59,27.57,27.57,4300,0
2015-02-20,21:25:00,27.59,27.61,27.58,27.6,5772,0
2015-02-20,21:30:00,27.6,27.61,27.58,27.61,5017,0
2015-02-20,21:35:00,27.61,27.61,27.58,27.6,15516,0
2015-02-20,21:40:00,27.6,27.67,27.59,27.62,28950,0
2015-02-20,21:45:00,27.63,27.63,27.56,27.58,21432,0
2015-02-20,21:50:00,27.59,27.65,27.59,27.59,23337,0
2015-02-20,21:55:00,27.59,27.63,27.59,27.62,30884,0
2015-02-20,22:00:00,27.62,27.66,27.58,27.59,125896,0
2015-02-23,15:35:00,27.63,27.81,27.62,27.74,24587,0
2015-02-23,15:40:00,27.8,27.94,27.77,27.88,6797,0
2015-02-23,15:45:00,27.85,27.98,27.81,27.86,5600,0
2015-02-23,15:50:00,27.79,27.79,27.71,27.73,4710,0
2015-02-23,15:55:00,27.71,27.74,27.7,27.72,3500,0
2015-02-23,16:00:00,27.72,27.72,27.49,27.49,9102,0
2015-02-23,16:05:00,27.51,27.58,27.49,27.56,8000,0
2015-02-23,16:10:00,27.6,27.61,27.52,27.53,5500,0
2015-02-23,16:15:00,27.55,27.58,27.52,27.54,32635,0
2015-02-23,16:20:00,27.56,27.61,27.54,27.54,41179,0
2015-02-23,16:25:00,27.55,27.59,27.54,27.56,26036,0
2015-02-23,16:30:00,27.56,27.58,27.54,27.55,8690,0
2015-02-23,16:35:00,27.55,27.59,27.55,27.59,10432,0
2015-02-23,16:40:00,27.59,27.6,27.53,27.53,7130,0
2015-02-23,16:45:00,27.54,27.56,27.53,27.53,42440,0
2015-02-23,16:50:00,27.53,27.59,27.51,27.55,26972,0
2015-02-23,16:55:00,27.55,27.57,27.48,27.5,10402,0
2015-02-23,17:00:00,27.49,27.55,27.49,27.54,5418,0
2015-02-23,17:05:00,27.54,27.61,27.54,27.58,10720,0
2015-02-23,17:10:00,27.58,27.6,27.56,27.56,9691,0
2015-02-23,17:15:00,27.56,27.63,27.56,27.63,11746,0
2015-02-23,17:20:00,27.64,27.66,27.61,27.62,19215,0
2015-02-23,17:25:00,27.6,27.61,27.59,27.6,4698,0
2015-02-23,17:30:00,27.59,27.59,27.55,27.55,8076,0
2015-02-23,17:35:00,27.55,27.57,27.53,27.57,9811,0
2015-02-23,17:40:00,27.58,27.6,27.56,27.57,12535,0
2015-02-23,17:45:00,27.58,27.6,27.57,27.58,18336,0
2015-02-23,17:50:00,27.58,27.6,27.57,27.57,5618,0
2015-02-23,17:55:00,27.58,27.58,27.56,27.57,9349,0
2015-02-23,18:00:00,27.57,27.57,27.53,27.55,35102,0
2015-02-23,18:05:00,27.55,27.59,27.54,27.57,24105,0
2015-02-23,18:10:00,27.58,27.59,27.57,27.58,11832,0
2015-02-23,18:15:00,27.58,27.6,27.57,27.58,23640,0
2015-02-23,18:20:00,27.59,27.59,27.58,27.58,18996,0
2015-02-23,18:25:00,27.59,27.59,27.58,27.58,11770,0
2015-02-23,18:30:00,27.58,27.59,27.55,27.55,13300,0
2015-02-23,18:35:00,27.55,27.55,27.52,27.52,4677,0
2015-02-23,18:40:00,27.55,27.57,27.53,27.55,45566,0
2015-02-23,18:45:00,27.55,27.56,27.51,27.52,12073,0
2015-02-23,18:50:00,27.52,27.55,27.52,27.52,13694,0
2015-02-23,18:55:00,27.51,27.55,27.51,27.54,11637,0
2015-02-23,19:00:00,27.54,27.55,27.53,27.54,6998,0
2015-02-23,19:05:00,27.54,27.57,27.53,27.56,13143,0
2015-02-23,19:10:00,27.56,27.6,27.56,27.6,22553,0
2015-02-23,19:15:00,27.6,27.65,27.6,27.62,15864,0
2015-02-23,19:20:00,27.62,27.63,27.59,27.59,7484,0
2015-02-23,19:25:00,27.59,27.59,27.56,27.56,14315,0
2015-02-23,19:30:00,27.57,27.63,27.56,27.63,9787,0
2015-02-23,19:35:00,27.63,27.63,27.58,27.58,8128,0
2015-02-23,19:40:00,27.59,27.59,27.54,27.56,7166,0
2015-02-23,19:45:00,27.56,27.57,27.55,27.55,10614,0
2015-02-23,19:50:00,27.54,27.55,27.52,27.54,10156,0
2015-02-23,19:55:00,27.54,27.57,27.54,27.56,8088,0
2015-02-23,20:00:00,27.56,27.58,27.55,27.58,9084,0
2015-02-23,20:05:00,27.59,27.63,27.59,27.63,13600,0
2015-02-23,20:10:00,27.64,27.7,27.63,27.69,8823,0
2015-02-23,20:15:00,27.68,27.69,27.64,27.64,17974,0
2015-02-23,20:20:00,27.64,27.65,27.62,27.64,5999,0
2015-02-23,20:25:00,27.64,27.7,27.63,27.63,13054,0
2015-02-23,20:30:00,27.64,27.64,27.61,27.62,13606,0
2015-02-23,20:35:00,27.61,27.68,27.61,27.67,7640,0
2015-02-23,20:40:00,27.67,27.7,27.64,27.65,43350,0
2015-02-23,20:45:00,27.64,27.65,27.63,27.64,6210,0
2015-02-23,20:50:00,27.64,27.65,27.62,27.64,5800,0
2015-02-23,20:55:00,27.63,27.63,27.6,27.6,3800,0
2015-02-23,21:00:00,27.59,27.6,27.59,27.6,2452,0
2015-02-23,21:05:00,27.6,27.63,27.6,27.62,15519,0
2015-02-23,21:10:00,27.61,27.64,27.6,27.62,19549,0
2015-02-23,21:15:00,27.63,27.64,27.61,27.63,7788,0
2015-02-23,21:20:00,27.62,27.63,27.61,27.62,11984,0
2015-02-23,21:25:00,27.62,27.62,27.58,27.61,17090,0
2015-02-23,21:30:00,27.62,27.62,27.6,27.6,6168,0
2015-02-23,21:35:00,27.61,27.64,27.6,27.63,15232,0
2015-02-23,21:40:00,27.63,27.7,27.62,27.67,24054,0
2015-02-23,21:45:00,27.68,27.68,27.63,27.63,12923,0
2015-02-23,21:50:00,27.64,27.7,27.64,27.68,26891,0
2015-02-23,21:55:00,27.67,27.76,27.65,27.7,63917,0
2015-02-23,22:00:00,27.7,27.72,27.68,27.71,219881,0
