Date,Time,Open,High,Low,Close,Volume,OpenInt
2014-07-14,20:25:00,24.66,24.67,24.66,24.67,414,0
2014-07-14,20:30:00,24.667,24.667,24.667,24.667,518,0
2014-07-14,20:40:00,24.667,24.705,24.657,24.705,724,0
2014-07-14,20:45:00,24.705,24.705,24.705,24.705,414,0
2014-07-14,20:55:00,24.715,24.715,24.715,24.715,362,0
2014-07-14,21:15:00,24.705,24.705,24.705,24.705,1346,0
2014-07-14,21:35:00,24.705,24.705,24.705,24.705,207,0
2014-07-14,21:50:00,24.705,24.705,24.705,24.705,828,0
2014-07-15,16:40:00,24.685,24.705,24.685,24.705,523,0
2014-07-15,19:00:00,24.667,24.667,24.667,24.667,207,0
2014-07-15,21:25:00,24.685,24.685,24.685,24.685,207,0
2014-07-15,21:40:00,24.667,24.667,24.637,24.637,1656,0
2014-07-15,22:00:00,24.637,24.637,24.637,24.637,1138,0
2014-07-16,17:20:00,24.676,24.676,24.647,24.676,724,0
2014-07-16,20:40:00,24.705,24.705,24.705,24.705,414,0
2014-07-16,21:05:00,24.647,24.647,24.647,24.647,295,0
2014-07-16,21:25:00,24.705,24.705,24.705,24.705,207,0
2014-07-16,22:00:00,24.657,24.657,24.657,24.657,207,0
2014-07-17,16:15:00,24.725,24.725,24.725,24.725,771,0
2014-07-17,16:30:00,24.657,24.657,24.657,24.657,1656,0
2014-07-17,16:35:00,24.657,24.657,24.657,24.657,672,0
2014-07-17,16:40:00,24.705,24.705,24.705,24.705,621,0
2014-07-17,17:15:00,24.685,24.685,24.685,24.685,104,0
2014-07-17,19:10:00,24.715,24.715,24.715,24.715,104,0
2014-07-17,21:10:00,24.705,24.705,24.705,24.705,258,0
2014-07-17,21:45:00,24.667,24.667,24.667,24.667,207,0
2014-07-17,22:00:00,24.695,24.695,24.695,24.695,392,0
2014-07-18,17:45:00,24.725,24.725,24.725,24.725,518,0
2014-07-18,17:50:00,24.725,24.725,24.725,24.725,207,0
2014-07-18,18:00:00,24.667,24.667,24.667,24.667,207,0
2014-07-18,19:05:00,24.725,24.725,24.725,24.725,207,0
2014-07-18,19:25:00,24.783,24.792,24.783,24.792,724,0
2014-07-21,16:45:00,24.734,24.734,24.734,24.734,104,0
2014-07-21,19:10:00,24.715,24.715,24.715,24.715,310,0
2014-07-22,17:10:00,24.743,24.743,24.734,24.734,973,0
2014-07-22,17:15:00,24.734,24.734,24.734,24.734,104,0
2014-07-23,16:55:00,24.734,24.734,24.734,24.734,621,0
2014-07-23,17:15:00,24.685,24.685,24.685,24.685,104,0
2014-07-23,17:50:00,24.734,24.734,24.685,24.685,1552,0
2014-07-23,18:05:00,24.685,24.685,24.685,24.685,104,0
2014-07-23,20:00:00,24.783,24.783,24.783,24.783,207,0
2014-07-23,20:05:00,24.695,24.695,24.695,24.695,104,0
2014-07-23,20:10:00,24.734,24.734,24.734,24.734,104,0
2014-07-23,20:50:00,24.801,24.801,24.801,24.801,518,0
2014-07-23,21:00:00,24.695,24.695,24.695,24.695,104,0
2014-07-23,21:05:00,24.685,24.685,24.685,24.685,104,0
2014-07-24,17:55:00,24.792,24.801,24.743,24.743,621,0
2014-07-24,18:00:00,24.743,24.743,24.743,24.743,104,0
2014-07-24,21:00:00,24.831,24.831,24.831,24.831,518,0
2014-07-24,21:05:00,24.831,24.831,24.831,24.831,104,0
2014-07-24,21:20:00,24.831,24.831,24.831,24.831,207,0
2014-07-24,21:25:00,24.821,24.831,24.734,24.734,621,0
2014-07-24,21:30:00,24.734,24.734,24.734,24.734,104,0
2014-07-24,21:55:00,24.831,24.831,24.831,24.831,362,0
2014-07-24,22:00:00,24.743,24.743,24.734,24.734,207,0
2014-07-25,17:45:00,24.753,24.753,24.753,24.753,199,0
2014-07-25,21:20:00,24.831,24.937,24.831,24.937,891,0
2014-07-25,21:25:00,24.927,24.927,24.927,24.927,310,0
2014-07-25,21:30:00,24.927,24.927,24.927,24.927,414,0
2014-07-25,21:35:00,24.763,24.763,24.763,24.763,104,0
2014-07-25,21:40:00,24.753,24.753,24.753,24.753,104,0
2014-07-25,21:45:00,24.753,24.753,24.743,24.743,207,0
2014-07-25,21:50:00,24.753,24.753,24.743,24.743,310,0
2014-07-25,21:55:00,24.753,24.753,24.743,24.743,310,0
2014-07-25,22:00:00,24.743,24.763,24.743,24.763,828,0
2014-07-28,18:20:00,24.773,24.773,24.773,24.773,104,0
2014-07-28,19:30:00,24.899,24.899,24.899,24.899,282,0
2014-07-28,20:50:00,24.801,24.801,24.801,24.801,207,0
2014-07-28,20:55:00,24.85,24.889,24.801,24.889,1449,0
2014-07-28,21:00:00,24.859,24.859,24.792,24.792,1449,0
2014-07-28,21:15:00,24.85,24.889,24.783,24.783,828,0
2014-07-28,21:20:00,24.783,24.783,24.783,24.783,104,0
2014-07-29,15:50:00,24.783,24.783,24.743,24.743,904,0
2014-07-29,16:10:00,24.734,24.734,24.734,24.734,104,0
2014-07-29,16:25:00,24.831,24.831,24.821,24.821,518,0
2014-07-29,16:30:00,24.821,24.821,24.821,24.821,104,0
2014-07-29,18:40:00,24.841,24.841,24.811,24.811,1849,0
2014-07-29,18:50:00,24.811,24.811,24.811,24.811,310,0
2014-07-29,18:55:00,24.811,24.811,24.743,24.743,621,0
2014-07-29,20:30:00,24.734,24.734,24.734,24.734,207,0
2014-07-29,21:20:00,24.792,24.792,24.743,24.743,1242,0
2014-07-29,21:30:00,24.734,24.734,24.734,24.734,207,0
2014-07-29,21:55:00,24.773,24.773,24.734,24.734,1138,0
2014-07-29,22:00:00,24.743,24.743,24.743,24.743,104,0
2014-07-30,15:35:00,25.053,25.053,25.053,25.053,6207,0
2014-07-30,21:55:00,24.869,24.869,24.869,24.869,104,0
2014-07-30,22:00:00,25.053,25.053,25.043,25.043,270,0
2014-07-31,16:00:00,24.927,24.927,24.927,24.927,207,0
2014-07-31,16:10:00,24.879,24.879,24.879,24.879,1242,0
2014-07-31,17:00:00,24.879,24.879,24.879,24.879,199,0
2014-07-31,18:45:00,24.879,24.879,24.879,24.879,827,0
2014-07-31,19:05:00,24.879,24.879,24.879,24.879,621,0
2014-07-31,19:15:00,24.879,24.879,24.841,24.841,828,0
2014-07-31,20:00:00,24.841,24.841,24.841,24.841,207,0
2014-07-31,21:40:00,24.869,24.879,24.869,24.879,866,0
2014-07-31,21:45:00,24.841,24.841,24.841,24.841,1138,0
2014-08-04,17:30:00,24.831,24.831,24.831,24.831,828,0
2014-08-05,17:10:00,24.792,24.792,24.792,24.792,473,0
2014-08-05,21:50:00,24.831,24.831,24.831,24.831,1035,0
2014-08-06,15:45:00,24.753,24.801,24.734,24.801,1035,0
2014-08-06,18:50:00,24.792,24.792,24.647,24.647,1863,0
2014-08-06,20:30:00,24.734,24.734,24.734,24.734,1449,0
2014-08-06,21:40:00,24.734,24.734,24.734,24.734,518,0
2014-08-07,17:10:00,24.753,24.753,24.753,24.753,518,0
2014-08-07,17:30:00,24.734,24.743,24.734,24.743,207,0
2014-08-07,20:40:00,24.763,24.763,24.763,24.763,1035,0
2014-08-07,21:45:00,24.821,24.831,24.811,24.831,1570,0
2014-08-08,16:55:00,24.753,24.753,24.753,24.753,621,0
2014-08-08,18:05:00,24.763,24.763,24.743,24.743,207,0
2014-08-08,20:00:00,24.743,24.743,24.743,24.743,104,0
2014-08-11,16:05:00,24.763,24.763,24.763,24.763,104,0
2014-08-11,19:05:00,24.773,24.773,24.773,24.773,104,0
2014-08-11,19:10:00,24.763,24.763,24.734,24.734,4761,0
2014-08-11,20:20:00,24.734,24.743,24.734,24.734,4295,0
2014-08-11,20:45:00,24.715,24.734,24.715,24.715,1138,0
2014-08-11,21:45:00,24.705,24.734,24.705,24.734,2277,0
2014-08-11,22:00:00,24.734,24.734,24.734,24.734,518,0
2014-08-12,17:20:00,24.685,24.685,24.685,24.685,129,0
2014-08-12,21:40:00,24.705,24.705,24.685,24.685,256,0
2014-08-12,22:00:00,24.734,24.734,24.734,24.734,104,0
2014-08-13,16:05:00,24.685,24.685,24.685,24.685,414,0
2014-08-13,19:50:00,24.734,24.734,24.725,24.734,4122,0
2014-08-13,20:25:00,24.734,24.734,24.734,24.734,414,0
2014-08-13,21:35:00,24.734,24.734,24.734,24.734,207,0
2014-08-14,20:50:00,24.695,24.695,24.695,24.695,310,0
2014-08-14,21:25:00,24.685,24.685,24.685,24.685,310,0
2014-08-15,17:35:00,24.695,24.695,24.695,24.695,104,0
2014-08-15,18:50:00,24.695,24.695,24.695,24.695,414,0
2014-08-15,19:05:00,24.695,24.695,24.695,24.695,104,0
2014-08-15,20:05:00,24.715,24.715,24.715,24.715,414,0
2014-08-15,20:20:00,24.715,24.715,24.715,24.715,621,0
2014-08-15,20:35:00,24.715,24.715,24.715,24.715,1656,0
2014-08-15,20:45:00,24.695,24.715,24.695,24.715,207,0
2014-08-18,19:35:00,24.783,24.783,24.783,24.783,207,0
2014-08-18,21:05:00,24.705,24.705,24.705,24.705,2070,0
2014-08-18,21:20:00,24.811,24.811,24.811,24.811,261,0
2014-08-20,16:55:00,24.899,24.908,24.899,24.908,1180,0
2014-08-20,18:00:00,24.734,24.734,24.725,24.734,8383,0
2014-08-20,19:40:00,24.831,24.831,24.831,24.831,104,0
2014-08-20,20:10:00,24.734,24.734,24.734,24.734,207,0
2014-08-20,20:45:00,24.773,24.773,24.773,24.773,1656,0
2014-08-20,21:40:00,24.734,24.734,24.734,24.734,1035,0
2014-08-20,21:50:00,24.734,24.734,24.734,24.734,6003,0
2014-08-20,22:00:00,24.734,24.734,24.734,24.734,104,0
2014-08-21,17:40:00,24.763,24.763,24.763,24.763,552,0
2014-08-22,16:25:00,24.975,24.975,24.975,24.975,188,0
2014-08-22,17:40:00,24.763,24.773,24.763,24.773,518,0
2014-08-22,17:55:00,24.763,24.763,24.763,24.763,181,0
2014-08-22,19:20:00,24.841,24.841,24.841,24.841,1035,0
2014-08-22,21:25:00,24.811,24.811,24.811,24.811,605,0
2014-08-22,22:00:00,24.763,24.763,24.763,24.763,104,0
2014-08-25,17:05:00,24.792,24.792,24.792,24.792,207,0
2014-08-25,20:45:00,24.899,24.899,24.899,24.899,258,0
2014-08-25,22:00:00,24.831,24.831,24.831,24.831,207,0
2014-08-26,17:00:00,24.889,24.889,24.889,24.889,621,0
2014-08-26,17:15:00,24.927,24.927,24.927,24.927,295,0
2014-08-26,17:40:00,24.841,24.841,24.841,24.841,527,0
2014-08-26,18:10:00,24.841,24.841,24.831,24.831,4865,0
2014-08-26,18:15:00,24.831,24.831,24.831,24.831,932,0
2014-08-26,20:10:00,24.821,24.831,24.821,24.831,5175,0
2014-08-26,20:40:00,24.734,24.734,24.734,24.734,207,0
2014-08-26,21:10:00,24.831,24.831,24.821,24.831,9522,0
2014-08-26,21:30:00,24.831,24.831,24.831,24.831,11385,0
2014-08-26,21:35:00,24.831,24.965,23.575,24.463,61440,0
2014-08-26,21:40:00,24.599,24.637,24.551,24.551,13028,0
2014-08-26,21:45:00,24.589,24.589,24.569,24.569,2484,0
2014-08-26,21:50:00,24.589,24.676,24.589,24.676,6313,0
2014-08-26,21:55:00,24.627,24.647,24.599,24.637,4181,0
2014-08-26,22:00:00,24.599,24.637,24.599,24.627,4554,0
2014-08-27,15:40:00,24.637,24.685,24.637,24.667,8487,0
2014-08-27,15:45:00,24.685,24.685,24.685,24.685,621,0
2014-08-27,15:50:00,24.685,24.685,24.676,24.685,2484,0
2014-08-27,16:00:00,24.685,24.685,24.685,24.685,310,0
2014-08-27,16:05:00,24.676,24.676,24.676,24.676,207,0
2014-08-27,16:10:00,24.676,24.676,24.676,24.676,1035,0
2014-08-27,16:55:00,24.725,24.734,24.725,24.734,724,0
2014-08-27,17:00:00,24.753,24.753,24.753,24.753,486,0
2014-08-27,17:25:00,24.734,24.734,24.734,24.734,414,0
2014-08-27,17:50:00,24.715,24.715,24.715,24.715,414,0
2014-08-27,19:15:00,24.734,24.753,24.715,24.753,7349,0
2014-08-27,20:30:00,24.734,24.734,24.734,24.734,2498,0
2014-08-27,21:30:00,24.734,24.734,24.734,24.734,1552,0
2014-08-27,21:40:00,24.734,24.734,24.734,24.734,207,0
2014-08-27,21:50:00,24.734,24.734,24.734,24.734,2070,0
2014-08-27,21:55:00,24.715,24.715,24.715,24.715,207,0
2014-08-27,22:00:00,24.734,24.743,24.734,24.743,1100,0
2014-08-28,15:45:00,24.734,24.734,24.734,24.734,104,0
2014-08-28,15:55:00,24.667,24.667,24.667,24.667,316,0
2014-08-28,16:15:00,24.734,24.734,24.734,24.734,1035,0
2014-08-28,16:40:00,24.743,24.743,24.743,24.743,207,0
2014-08-28,17:00:00,24.705,24.705,24.705,24.705,771,0
2014-08-28,17:25:00,24.763,24.85,24.763,24.831,29601,0
2014-08-28,17:40:00,24.743,24.753,24.734,24.734,1192,0
2014-08-28,18:15:00,24.859,24.927,24.841,24.927,2378,0
2014-08-28,19:45:00,24.763,24.763,24.763,24.763,1229,0
2014-08-28,21:40:00,24.783,24.783,24.773,24.773,310,0
2014-08-28,21:55:00,24.783,24.783,24.783,24.783,104,0
2014-08-28,22:00:00,24.773,24.773,24.773,24.773,207,0
2014-08-29,16:15:00,24.869,24.869,24.869,24.869,610,0
2014-08-29,21:20:00,24.879,24.879,24.879,24.879,414,0
2014-08-29,21:45:00,24.879,24.879,24.879,24.879,414,0
2014-09-02,15:35:00,24.811,24.811,24.695,24.695,414,0
2014-09-02,17:25:00,24.705,24.705,24.705,24.705,706,0
2014-09-02,20:55:00,24.831,24.831,24.831,24.831,207,0
2014-09-02,22:00:00,24.763,24.763,24.734,24.753,2380,0
2014-09-03,19:00:00,24.783,24.859,24.783,24.859,5175,0
2014-09-03,19:05:00,24.792,24.792,24.773,24.773,207,0
2014-09-03,19:30:00,24.821,24.879,24.801,24.841,6625,0
2014-09-03,19:35:00,24.821,24.821,24.821,24.821,1449,0
2014-09-03,19:40:00,24.821,24.879,24.821,24.821,8383,0
2014-09-03,19:45:00,24.831,24.879,24.821,24.841,13248,0
2014-09-03,19:50:00,24.821,24.821,24.821,24.821,828,0
2014-09-03,20:10:00,24.821,24.821,24.821,24.821,104,0
2014-09-03,20:20:00,24.773,24.773,24.773,24.773,724,0
2014-09-03,20:25:00,24.763,24.773,24.763,24.773,414,0
2014-09-03,21:15:00,24.821,24.821,24.821,24.821,156,0
2014-09-03,21:50:00,24.763,24.763,24.753,24.753,310,0
2014-09-03,21:55:00,24.763,24.763,24.763,24.763,104,0
2014-09-04,15:50:00,24.792,24.859,24.773,24.831,5899,0
2014-09-04,15:55:00,24.831,24.85,24.773,24.831,7245,0
2014-09-04,16:00:00,24.821,24.831,24.801,24.831,1138,0
2014-09-04,17:00:00,24.801,24.801,24.801,24.801,104,0
2014-09-04,18:30:00,24.831,24.85,24.811,24.841,828,0
2014-09-04,18:35:00,24.821,24.859,24.811,24.831,3105,0
2014-09-04,21:25:00,24.753,24.753,24.753,24.753,932,0
2014-09-04,21:35:00,24.753,24.753,24.725,24.725,1319,0
2014-09-04,21:55:00,24.734,24.734,24.734,24.734,310,0
2014-09-05,15:45:00,24.801,24.899,24.801,24.831,4865,0
2014-09-05,15:50:00,24.831,24.831,24.725,24.773,6313,0
2014-09-05,17:45:00,24.773,24.773,24.773,24.773,621,0
2014-09-05,18:25:00,24.773,24.821,24.763,24.783,3623,0
2014-09-05,18:30:00,24.783,24.783,24.695,24.705,4243,0
2014-09-05,18:35:00,24.715,24.763,24.667,24.715,5382,0
2014-09-05,18:40:00,24.715,24.763,24.715,24.734,2277,0
2014-09-05,18:45:00,24.734,24.743,24.715,24.715,1346,0
2014-09-05,19:20:00,24.734,24.773,24.725,24.773,1035,0
2014-09-05,22:00:00,24.685,24.773,24.685,24.773,460,0
2014-09-08,15:55:00,24.734,24.801,24.715,24.773,2484,0
2014-09-08,16:00:00,24.773,24.773,24.763,24.763,1552,0
2014-09-08,16:05:00,24.715,24.715,24.685,24.685,1242,0
2014-09-08,20:40:00,24.753,24.753,24.753,24.753,311,0
2014-09-09,17:30:00,24.773,24.773,24.773,24.773,414,0
2014-09-09,21:00:00,24.763,24.801,24.753,24.783,2355,0
2014-09-09,21:05:00,24.773,24.801,24.753,24.763,3829,0
2014-09-09,21:10:00,24.783,24.783,24.783,24.783,310,0
2014-09-09,21:25:00,24.734,24.734,24.734,24.734,207,0
2014-09-10,16:05:00,24.734,24.734,24.734,24.734,104,0
2014-09-10,16:10:00,24.734,24.783,24.715,24.753,2070,0
2014-09-10,16:15:00,24.734,24.783,24.734,24.773,3312,0
2014-09-10,16:20:00,24.734,24.783,24.725,24.734,7452,0
2014-09-10,16:25:00,24.743,24.783,24.734,24.734,4968,0
2014-09-10,16:40:00,24.734,24.783,24.734,24.773,4140,0
2014-09-10,16:45:00,24.783,24.783,24.734,24.763,2277,0
2014-09-10,16:50:00,24.792,24.792,24.753,24.753,3416,0
2014-09-10,17:00:00,24.734,24.743,24.734,24.743,207,0
2014-09-10,17:20:00,24.783,24.821,24.773,24.773,3312,0
2014-09-10,17:25:00,24.773,24.773,24.763,24.763,518,0
2014-09-10,17:45:00,24.734,24.763,24.734,24.743,932,0
2014-09-10,18:00:00,24.734,24.734,24.734,24.734,621,0
2014-09-10,20:05:00,24.734,24.734,24.734,24.734,310,0
2014-09-10,20:25:00,24.734,24.734,24.734,24.734,621,0
2014-09-10,21:20:00,24.725,24.743,24.725,24.743,1863,0
2014-09-10,21:40:00,24.763,24.763,24.763,24.763,134,0
2014-09-10,22:00:00,24.763,24.763,24.763,24.763,104,0
2014-09-11,16:05:00,24.821,24.869,24.821,24.85,2380,0
2014-09-11,16:10:00,24.841,24.859,24.831,24.831,1035,0
2014-09-11,17:10:00,24.792,24.792,24.792,24.792,207,0
2014-09-11,17:15:00,24.792,24.859,24.792,24.811,3726,0
2014-09-11,17:20:00,24.811,24.869,24.811,24.821,5693,0
2014-09-11,17:25:00,24.821,24.841,24.792,24.821,2484,0
2014-09-11,17:40:00,24.811,24.841,24.811,24.831,1656,0
2014-09-11,19:10:00,24.811,24.811,24.811,24.811,104,0
2014-09-11,19:15:00,24.792,24.821,24.792,24.811,414,0
2014-09-11,21:00:00,24.792,24.792,24.783,24.783,8487,0
2014-09-12,17:00:00,24.705,24.783,24.685,24.743,7659,0
2014-09-12,17:05:00,24.763,24.773,24.705,24.705,5589,0
2014-09-12,17:10:00,24.705,24.705,24.705,24.705,104,0
2014-09-12,18:35:00,24.667,24.667,24.647,24.647,1035,0
2014-09-12,19:00:00,24.695,24.743,24.695,24.734,5382,0
2014-09-12,19:05:00,24.725,24.753,24.705,24.715,4347,0
2014-09-12,19:30:00,24.715,24.773,24.705,24.734,4347,0
2014-09-12,19:35:00,24.734,24.753,24.705,24.734,5693,0
2014-09-12,19:40:00,24.753,24.753,24.667,24.676,1656,0
2014-09-15,15:40:00,24.685,24.685,24.685,24.685,724,0
2014-09-15,16:40:00,24.667,24.705,24.667,24.667,1138,0
2014-09-15,16:45:00,24.676,24.715,24.676,24.715,932,0
2014-09-15,17:30:00,24.725,24.725,24.685,24.685,207,0
2014-09-15,18:50:00,24.685,24.685,24.667,24.685,2070,0
2014-09-15,20:00:00,24.685,24.685,24.685,24.685,932,0
2014-09-15,21:55:00,24.647,24.647,24.647,24.647,518,0
2014-09-16,15:45:00,24.627,24.627,24.627,24.627,104,0
2014-09-16,17:00:00,24.657,24.667,24.657,24.667,207,0
2014-09-16,17:25:00,24.647,24.667,24.647,24.667,828,0
2014-09-16,18:40:00,24.647,24.705,24.647,24.676,2588,0
2014-09-16,18:45:00,24.676,24.705,24.676,24.685,6211,0
2014-09-16,18:50:00,24.685,24.685,24.685,24.685,104,0
2014-09-16,18:55:00,24.705,24.705,24.676,24.685,5589,0
2014-09-16,19:00:00,24.685,24.685,24.685,24.685,207,0
2014-09-16,20:00:00,24.685,24.715,24.676,24.715,1449,0
2014-09-16,20:05:00,24.705,24.705,24.685,24.695,1552,0
2014-09-16,20:25:00,24.676,24.705,24.676,24.705,4140,0
2014-09-16,20:30:00,24.695,24.705,24.695,24.705,310,0
2014-09-16,21:45:00,24.685,24.685,24.685,24.685,104,0
2014-09-16,21:50:00,24.685,24.685,24.685,24.685,207,0
2014-09-17,16:10:00,24.725,24.725,24.725,24.725,1418,0
2014-09-17,17:40:00,24.676,24.695,24.676,24.695,932,0
2014-09-17,18:20:00,24.695,24.695,24.695,24.695,104,0
2014-09-17,19:25:00,24.705,24.705,24.705,24.705,104,0
2014-09-17,20:05:00,24.667,24.667,24.667,24.667,104,0
2014-09-17,20:10:00,24.685,24.695,24.647,24.667,3829,0
2014-09-17,20:15:00,24.667,24.705,24.667,24.667,4554,0
2014-09-17,20:20:00,24.667,24.685,24.667,24.685,4243,0
2014-09-17,20:25:00,24.685,24.685,24.685,24.685,207,0
2014-09-17,20:35:00,24.667,24.705,24.657,24.667,6003,0
2014-09-17,20:40:00,24.667,24.685,24.667,24.667,1552,0
2014-09-17,21:30:00,24.647,24.667,24.647,24.667,414,0
2014-09-17,21:55:00,24.618,24.618,24.618,24.618,104,0
2014-09-18,16:20:00,24.609,24.609,24.579,24.579,830,0
2014-09-18,16:35:00,24.725,24.725,24.725,24.725,310,0
2014-09-18,16:40:00,24.657,24.695,24.637,24.676,4148,0
2014-09-18,16:45:00,24.685,24.685,24.667,24.667,2283,0
2014-09-18,18:10:00,24.705,24.705,24.705,24.705,104,0
2014-09-18,18:15:00,24.725,24.725,24.725,24.725,208,0
2014-09-18,18:25:00,24.734,24.734,24.734,24.734,933,0
2014-09-18,18:45:00,24.685,24.685,24.685,24.685,207,0
2014-09-18,20:15:00,24.734,24.734,24.734,24.734,104,0
2014-09-19,16:15:00,24.637,24.637,24.637,24.637,828,0
2014-09-19,21:35:00,24.685,24.725,24.685,24.705,1453,0
2014-09-19,21:40:00,24.734,24.734,24.705,24.705,1349,0
2014-09-22,17:35:00,24.637,24.637,24.637,24.637,311,0
2014-09-22,21:45:00,24.695,24.695,24.695,24.695,414,0
2014-09-22,21:50:00,24.685,24.734,24.685,24.734,415,0
2014-09-22,22:00:00,24.725,24.725,24.725,24.725,104,0
2014-09-23,16:35:00,24.667,24.667,24.657,24.667,1038,0
2014-09-23,16:40:00,24.715,24.725,24.676,24.676,1349,0
2014-09-23,16:45:00,24.676,24.725,24.676,24.685,1970,0
2014-09-23,17:35:00,24.627,24.627,24.618,24.618,518,0
2014-09-23,20:20:00,24.657,24.657,24.657,24.657,207,0
2014-09-23,20:50:00,24.715,24.715,24.715,24.715,310,0
2014-09-23,20:55:00,24.657,24.657,24.657,24.657,104,0
2014-09-23,21:00:00,24.657,24.657,24.657,24.657,104,0
2014-09-23,21:25:00,24.647,24.647,24.647,24.647,104,0
2014-09-23,21:35:00,24.637,24.676,24.637,24.676,933,0
2014-09-23,21:45:00,24.667,24.667,24.667,24.667,208,0
2014-09-23,21:50:00,24.637,24.637,24.637,24.637,104,0
2014-09-23,21:55:00,24.637,24.637,24.637,24.637,208,0
2014-09-23,22:00:00,24.647,24.647,24.637,24.637,208,0
2014-09-24,17:45:00,24.637,24.637,24.637,24.637,414,0
2014-09-24,17:55:00,24.685,24.685,24.685,24.685,415,0
2014-09-24,18:05:00,24.685,24.753,24.676,24.725,2489,0
2014-09-24,18:10:00,24.725,24.725,24.725,24.725,104,0
2014-09-24,19:20:00,24.647,24.647,24.647,24.647,1035,0
2014-09-24,21:20:00,24.667,24.667,24.647,24.647,724,0
2014-09-24,22:00:00,24.647,24.647,24.647,24.647,1004,0
2014-09-25,16:50:00,24.685,24.753,24.676,24.705,3837,0
2014-09-25,16:55:00,24.695,24.705,24.695,24.695,934,0
2014-09-25,17:00:00,24.695,24.695,24.695,24.695,415,0
2014-09-25,17:15:00,24.705,24.705,24.695,24.705,933,0
2014-09-25,17:20:00,24.695,24.695,24.695,24.695,311,0
2014-09-25,18:35:00,24.695,24.705,24.657,24.695,4868,0
2014-09-25,18:40:00,24.657,24.657,24.657,24.657,104,0
2014-09-25,20:30:00,24.667,24.705,24.667,24.705,3216,0
2014-09-25,20:35:00,24.705,24.753,24.695,24.753,2802,0
2014-09-25,20:40:00,24.753,24.792,24.743,24.753,5187,0
2014-09-25,20:45:00,24.753,24.773,24.685,24.685,6418,0
2014-09-25,20:50:00,24.705,24.705,24.705,24.705,417,0
2014-09-25,21:05:00,24.753,24.753,24.753,24.753,827,0
2014-09-26,15:40:00,24.685,24.734,24.676,24.715,3215,0
2014-09-26,15:45:00,24.715,24.715,24.715,24.715,828,0
2014-09-26,15:50:00,24.715,24.715,24.695,24.695,2698,0
2014-09-26,17:05:00,24.685,24.725,24.685,24.705,2073,0
2014-09-29,15:45:00,24.647,24.647,24.637,24.637,1087,0
2014-09-29,15:50:00,24.647,24.647,24.647,24.647,1867,0
2014-09-29,15:55:00,24.685,24.685,24.667,24.667,1971,0
2014-09-29,16:00:00,24.667,24.667,24.667,24.667,2490,0
2014-09-29,16:05:00,24.637,24.637,24.637,24.637,870,0
2014-09-29,20:45:00,24.667,24.667,24.667,24.667,104,0
2014-09-29,21:15:00,24.657,24.657,24.657,24.657,620,0
2014-09-30,16:05:00,24.647,24.657,24.647,24.657,1759,0
2014-09-30,17:45:00,24.685,24.685,24.685,24.685,207,0
2014-09-30,18:45:00,24.647,24.647,24.647,24.647,931,0
2014-09-30,21:35:00,24.647,24.647,24.647,24.647,207,0
2014-09-30,21:50:00,24.667,24.667,24.667,24.667,414,0
2014-09-30,22:00:00,24.647,24.647,24.637,24.637,931,0
2014-10-01,16:05:00,24.695,24.695,24.695,24.695,413,0
2014-10-01,17:10:00,24.695,24.695,24.695,24.695,193,0
2014-10-01,18:50:00,24.667,24.667,24.667,24.667,208,0
2014-10-01,19:25:00,24.667,24.667,24.667,24.667,828,0
2014-10-01,20:05:00,24.667,24.667,24.637,24.637,6376,0
2014-10-01,20:15:00,24.637,24.637,24.637,24.637,208,0
2014-10-01,21:00:00,24.637,24.637,24.637,24.637,15072,0
2014-10-01,21:40:00,24.627,24.627,24.627,24.627,5174,0
2014-10-02,16:55:00,24.637,24.637,24.637,24.637,1189,0
2014-10-02,19:45:00,24.637,24.637,24.637,24.637,538,0
2014-10-02,21:35:00,24.657,24.657,24.657,24.657,1138,0
2014-10-02,21:40:00,24.676,24.676,24.676,24.676,104,0
2014-10-02,22:00:00,24.705,24.705,24.705,24.705,1139,0
2014-10-03,21:20:00,24.705,24.705,24.705,24.705,104,0
2014-10-06,15:50:00,24.676,24.676,24.676,24.676,518,0
2014-10-06,16:40:00,24.705,24.705,24.705,24.705,518,0
2014-10-06,21:35:00,24.705,24.705,24.705,24.705,310,0
2014-10-07,15:45:00,24.743,24.763,24.743,24.763,208,0
2014-10-07,16:30:00,24.705,24.705,24.695,24.695,413,0
2014-10-07,16:35:00,24.821,24.821,24.821,24.821,104,0
2014-10-07,16:50:00,24.811,24.811,24.811,24.811,414,0
2014-10-07,17:40:00,24.811,24.811,24.811,24.811,207,0
2014-10-07,18:30:00,24.801,24.801,24.801,24.801,207,0
2014-10-07,19:50:00,24.801,24.801,24.801,24.801,310,0
2014-10-07,21:05:00,24.734,24.801,24.734,24.801,311,0
2014-10-07,21:55:00,24.801,24.801,24.801,24.801,208,0
2014-10-07,22:00:00,24.792,24.792,24.792,24.792,104,0
2014-10-09,18:40:00,24.801,24.801,24.801,24.801,208,0
2014-10-09,21:55:00,24.753,24.753,24.676,24.676,5742,0
2014-10-09,22:00:00,24.676,24.676,24.676,24.676,104,0
2014-10-10,16:50:00,24.762,24.762,24.762,24.762,916,0
2014-10-10,18:15:00,24.752,24.752,24.752,24.752,102,0
2014-10-10,18:50:00,24.772,24.772,24.772,24.772,407,0
2014-10-10,19:20:00,24.762,24.762,24.762,24.762,339,0
2014-10-10,19:55:00,24.772,24.772,24.772,24.772,407,0
2014-10-10,20:00:00,24.762,24.772,24.762,24.762,407,0
2014-10-10,20:40:00,24.772,24.772,24.772,24.772,866,0
2014-10-10,20:45:00,24.772,24.772,24.772,24.772,916,0
2014-10-10,21:00:00,24.772,24.772,24.772,24.772,102,0
2014-10-10,21:25:00,24.772,24.772,24.772,24.772,203,0
2014-10-10,21:50:00,24.782,24.782,24.782,24.782,1933,0
2014-10-10,22:00:00,24.782,24.782,24.782,24.782,102,0
2014-10-13,16:40:00,24.713,24.713,24.713,24.713,1017,0
2014-10-13,18:05:00,24.811,24.811,24.811,24.811,1017,0
2014-10-13,18:50:00,24.811,24.811,24.811,24.811,203,0
2014-10-13,22:00:00,24.801,24.801,24.801,24.801,305,0
2014-10-14,16:15:00,24.792,24.792,24.792,24.792,509,0
2014-10-14,17:40:00,24.792,24.792,24.792,24.792,203,0
2014-10-14,18:05:00,24.792,24.792,24.792,24.792,2238,0
2014-10-14,21:00:00,24.792,24.801,24.792,24.792,2035,0
2014-10-14,21:35:00,24.762,24.762,24.762,24.762,1883,0
2014-10-15,15:45:00,24.693,24.693,24.388,24.457,4578,0
2014-10-15,15:50:00,24.526,24.644,24.526,24.644,814,0
2014-10-15,15:55:00,24.644,24.644,24.644,24.644,407,0
2014-10-15,16:05:00,24.664,24.664,24.664,24.664,509,0
2014-10-15,16:50:00,24.624,24.624,24.624,24.624,203,0
2014-10-15,16:55:00,24.624,24.624,24.624,24.624,305,0
2014-10-15,17:15:00,24.624,24.624,24.624,24.624,509,0
2014-10-15,18:25:00,24.654,24.654,24.654,24.654,305,0
2014-10-15,18:30:00,24.654,24.654,24.654,24.654,305,0
2014-10-15,19:05:00,24.664,24.664,24.664,24.664,102,0
2014-10-15,19:10:00,24.654,24.654,24.654,24.654,102,0
2014-10-15,19:15:00,24.654,24.654,24.654,24.654,203,0
2014-10-15,19:20:00,24.624,24.624,24.624,24.624,509,0
2014-10-15,20:25:00,24.644,24.644,24.644,24.644,203,0
2014-10-15,21:45:00,24.693,24.703,24.693,24.703,407,0
2014-10-15,21:55:00,24.762,24.782,24.752,24.782,2035,0
2014-10-16,15:40:00,24.831,24.831,24.821,24.821,712,0
2014-10-16,16:35:00,24.811,24.811,24.772,24.772,610,0
2014-10-16,16:50:00,24.801,24.801,24.801,24.801,763,0
2014-10-16,17:10:00,24.801,24.801,24.801,24.801,203,0
2014-10-16,20:45:00,24.772,24.772,24.772,24.772,203,0
2014-10-16,21:25:00,24.811,24.811,24.811,24.811,102,0
2014-10-17,18:55:00,24.88,24.88,24.88,24.88,2360,0
2014-10-17,20:40:00,24.85,24.85,24.85,24.85,712,0
2014-10-17,21:40:00,24.821,24.821,24.821,24.821,1322,0
2014-10-17,21:55:00,24.85,24.85,24.85,24.85,244,0
2014-10-17,22:00:00,24.85,24.85,24.85,24.85,102,0
2014-10-20,16:35:00,24.85,24.85,24.85,24.85,1221,0
2014-10-20,18:35:00,24.85,24.85,24.85,24.85,1202,0
2014-10-20,20:55:00,24.89,24.89,24.87,24.89,407,0
2014-10-20,21:30:00,24.89,24.89,24.89,24.89,407,0
2014-10-20,21:50:00,24.89,24.89,24.89,24.89,203,0
2014-10-20,21:55:00,24.9,24.949,24.9,24.949,814,0
2014-10-20,22:00:00,24.949,24.949,24.949,24.949,305,0
2014-10-21,20:55:00,24.919,24.919,24.919,24.919,102,0
2014-10-22,16:15:00,24.988,24.988,24.988,24.988,203,0
2014-10-22,16:25:00,24.929,24.929,24.929,24.929,108,0
2014-10-22,17:20:00,24.968,24.988,24.968,24.988,407,0
2014-10-22,17:25:00,24.959,24.959,24.959,24.959,449,0
2014-10-23,15:35:00,24.998,25.077,24.998,25.077,407,0
2014-10-23,17:00:00,24.988,24.988,24.988,24.988,203,0
2014-10-23,17:30:00,25.047,25.047,25.047,25.047,102,0
2014-10-23,19:20:00,25.027,25.027,25.027,25.027,122,0
2014-10-23,21:50:00,25.027,25.027,25.027,25.027,490,0
2014-10-24,19:10:00,24.9,24.959,24.9,24.959,1119,0
2014-10-24,19:15:00,24.959,24.959,24.959,24.959,102,0
2014-10-27,19:40:00,24.87,24.88,24.792,24.792,6108,0
2014-10-27,20:25:00,24.87,24.87,24.87,24.87,102,0
2014-10-27,21:00:00,24.841,24.841,24.733,24.733,15771,0
2014-10-28,15:00:00,24.86,24.86,24.86,24.86,203,0
2014-10-28,16:00:00,24.821,24.821,24.821,24.821,102,0
2014-10-28,17:20:00,24.841,24.841,24.841,24.841,1017,0
2014-10-28,17:50:00,24.792,24.792,24.782,24.782,305,0
2014-10-28,19:20:00,24.831,24.841,24.811,24.811,610,0
2014-10-28,19:40:00,24.821,24.821,24.821,24.821,102,0
2014-10-28,20:25:00,24.85,24.85,24.85,24.85,407,0
2014-10-28,21:00:00,24.831,24.85,24.831,24.841,916,0
2014-10-29,14:40:00,24.86,24.86,24.86,24.86,1221,0
2014-10-29,15:30:00,24.831,24.831,24.821,24.821,381,0
2014-10-29,16:35:00,24.86,24.86,24.86,24.86,1017,0
2014-10-29,16:40:00,24.85,24.85,24.85,24.85,102,0
2014-10-29,16:45:00,24.86,24.86,24.86,24.86,102,0
2014-10-29,16:50:00,24.85,24.85,24.85,24.85,102,0
2014-10-29,16:55:00,24.85,24.85,24.85,24.85,102,0
2014-10-29,17:00:00,24.85,24.85,24.85,24.85,102,0
2014-10-29,17:05:00,24.85,24.85,24.85,24.85,102,0
2014-10-29,17:10:00,24.85,24.85,24.85,24.85,102,0
2014-10-29,17:15:00,24.85,24.85,24.85,24.85,102,0
2014-10-29,17:20:00,24.85,24.85,24.85,24.85,102,0
2014-10-29,17:25:00,24.85,24.85,24.85,24.85,102,0
2014-10-29,17:30:00,24.85,24.85,24.85,24.85,102,0
2014-10-29,17:35:00,24.85,24.85,24.85,24.85,102,0
2014-10-29,17:40:00,24.85,24.85,24.85,24.85,102,0
2014-10-29,17:45:00,24.85,24.85,24.85,24.85,203,0
2014-10-29,18:30:00,24.841,24.841,24.841,24.841,102,0
2014-10-29,18:35:00,24.85,24.85,24.85,24.85,203,0
2014-10-29,18:40:00,24.85,24.85,24.841,24.841,203,0
2014-10-29,18:45:00,24.85,24.85,24.841,24.841,203,0
2014-10-29,18:50:00,24.841,24.841,24.841,24.841,203,0
2014-10-29,18:55:00,24.841,24.85,24.841,24.85,305,0
2014-10-29,19:00:00,24.85,24.85,24.85,24.85,407,0
2014-10-29,19:05:00,24.85,24.85,24.85,24.85,102,0
2014-10-29,19:10:00,24.85,24.85,24.85,24.85,102,0
2014-10-29,19:45:00,24.85,24.85,24.85,24.85,102,0
2014-10-29,19:50:00,24.85,24.85,24.85,24.85,102,0
2014-10-29,19:55:00,24.85,24.85,24.85,24.85,305,0
2014-10-29,20:00:00,24.85,24.85,24.85,24.85,407,0
2014-10-29,20:10:00,24.85,24.85,24.831,24.831,305,0
2014-10-29,20:40:00,24.86,24.919,24.86,24.919,203,0
2014-10-30,14:50:00,25.008,25.027,24.988,24.988,10572,0
2014-10-30,16:05:00,24.988,24.988,24.988,24.988,102,0
2014-10-30,17:10:00,24.86,24.86,24.86,24.86,1017,0
2014-10-30,18:40:00,24.88,24.88,24.88,24.88,203,0
2014-10-30,19:25:00,24.87,24.87,24.841,24.841,6205,0
2014-10-30,19:40:00,24.801,24.801,24.801,24.801,2035,0
2014-10-30,21:00:00,24.831,24.831,24.801,24.801,3154,0
2014-10-31,15:35:00,24.86,24.86,24.86,24.86,102,0
2014-10-31,15:40:00,24.86,24.86,24.841,24.841,1119,0
2014-10-31,20:15:00,24.87,24.87,24.87,24.87,610,0
2014-10-31,20:20:00,24.841,24.841,24.841,24.841,203,0
2014-11-03,17:55:00,24.86,24.86,24.86,24.86,203,0
2014-11-03,19:20:00,24.89,24.89,24.89,24.89,102,0
2014-11-03,20:00:00,24.88,24.88,24.88,24.88,203,0
2014-11-04,20:05:00,24.86,24.86,24.86,24.86,509,0
2014-11-04,20:50:00,24.88,24.88,24.88,24.88,234,0
2014-11-04,21:10:00,24.87,24.909,24.87,24.909,305,0
2014-11-04,21:55:00,24.919,24.919,24.919,24.919,509,0
2014-11-04,22:00:00,24.86,24.86,24.86,24.86,203,0
2014-11-05,16:50:00,24.85,24.85,24.742,24.752,4395,0
2014-11-05,17:05:00,24.831,24.831,24.831,24.831,407,0
2014-11-05,17:55:00,24.85,24.85,24.85,24.85,407,0
2014-11-05,19:00:00,24.841,24.85,24.841,24.85,712,0
2014-11-05,19:15:00,24.86,24.86,24.86,24.86,102,0
2014-11-05,19:20:00,24.86,24.86,24.86,24.86,371,0
2014-11-05,19:25:00,24.86,24.86,24.86,24.86,102,0
2014-11-05,20:25:00,24.841,24.85,24.841,24.85,712,0
2014-11-05,20:35:00,24.909,24.909,24.909,24.909,509,0
2014-11-05,21:20:00,24.909,25.018,24.909,24.968,2133,0
2014-11-05,21:25:00,24.968,24.968,24.968,24.968,180,0
2014-11-06,16:20:00,24.919,24.919,24.919,24.919,102,0
2014-11-06,20:45:00,24.929,24.929,24.919,24.919,407,0
2014-11-06,21:25:00,24.949,24.949,24.949,24.949,651,0
2014-11-07,20:30:00,24.978,24.998,24.978,24.998,610,0
2014-11-07,21:15:00,25.018,25.018,25.008,25.018,1424,0
2014-11-07,21:35:00,25.018,25.018,25.018,25.018,1017,0
2014-11-10,15:40:00,25.008,25.008,25.008,25.008,1628,0
2014-11-10,18:35:00,25.037,25.057,25.037,25.057,2848,0
2014-11-10,18:40:00,25.106,25.106,25.106,25.106,102,0
2014-11-10,18:45:00,25.067,25.096,25.067,25.096,1017,0
2014-11-10,19:10:00,25.136,25.136,25.136,25.136,814,0
2014-11-10,19:15:00,25.136,25.136,25.047,25.047,763,0
2014-11-10,19:20:00,25.047,25.047,25.047,25.047,239,0
2014-11-10,19:55:00,25.047,25.047,25.047,25.047,305,0
2014-11-10,20:05:00,25.057,25.057,25.057,25.057,102,0
2014-11-10,20:30:00,25.057,25.057,25.057,25.057,509,0
2014-11-10,20:55:00,25.047,25.047,25.037,25.037,1811,0
2014-11-10,21:20:00,25.037,25.037,25.037,25.037,1017,0
2014-11-10,21:50:00,25.037,25.037,25.037,25.037,102,0
2014-11-11,18:30:00,25.145,25.155,25.145,25.155,203,0
2014-11-11,20:55:00,25.067,25.067,25.067,25.067,305,0
2014-11-11,21:30:00,25.047,25.047,25.047,25.047,1017,0
2014-11-11,21:35:00,25.047,25.047,25.047,25.047,203,0
2014-11-12,16:20:00,25.077,25.077,25.077,25.077,203,0
2014-11-12,18:45:00,25.086,25.086,25.086,25.086,1526,0
2014-11-12,19:20:00,25.086,25.086,25.086,25.086,1526,0
2014-11-12,19:25:00,25.086,25.106,25.086,25.106,3052,0
2014-11-12,21:15:00,25.086,25.086,25.086,25.086,610,0
2014-11-13,15:40:00,25.086,25.086,25.086,25.086,1017,0
2014-11-13,16:05:00,25.086,25.086,25.086,25.086,203,0
2014-11-13,16:15:00,25.086,25.086,25.086,25.086,203,0
2014-11-13,16:55:00,25.086,25.086,25.086,25.086,203,0
2014-11-13,17:20:00,25.096,25.096,25.096,25.096,1017,0
2014-11-13,17:35:00,25.096,25.116,25.096,25.116,712,0
2014-11-13,17:40:00,25.086,25.086,25.086,25.086,407,0
2014-11-13,18:20:00,25.086,25.086,25.086,25.086,407,0
2014-11-13,19:30:00,25.116,25.116,25.116,25.116,132,0
2014-11-13,19:40:00,25.116,25.116,25.116,25.116,305,0
2014-11-13,20:15:00,25.086,25.086,25.086,25.086,2035,0
2014-11-13,20:25:00,25.116,25.116,25.086,25.086,916,0
2014-11-13,20:30:00,25.116,25.116,25.116,25.116,610,0
2014-11-13,20:35:00,25.116,25.116,25.116,25.116,2664,0
2014-11-14,17:00:00,25.096,25.096,25.057,25.057,3650,0
2014-11-14,17:05:00,25.067,25.067,25.067,25.067,407,0
2014-11-14,17:15:00,25.067,25.067,25.067,25.067,1831,0
2014-11-14,17:55:00,25.047,25.047,25.047,25.047,712,0
2014-11-14,18:05:00,25.047,25.047,25.047,25.047,504,0
2014-11-14,19:20:00,25.086,25.086,25.086,25.086,102,0
2014-11-14,19:35:00,25.106,25.106,25.106,25.106,203,0
2014-11-14,21:55:00,25.047,25.047,25.047,25.047,610,0
2014-11-17,17:50:00,25.057,25.057,25.057,25.057,443,0
2014-11-17,18:05:00,25.145,25.145,25.145,25.145,2035,0
2014-11-17,19:35:00,25.116,25.116,25.116,25.116,610,0
2014-11-17,19:40:00,25.116,25.116,25.116,25.116,305,0
2014-11-17,20:00:00,25.116,25.116,25.116,25.116,1729,0
2014-11-17,20:15:00,25.116,25.116,25.116,25.116,610,0
2014-11-17,20:20:00,25.145,25.145,25.145,25.145,1017,0
2014-11-17,20:35:00,25.145,25.145,25.145,25.145,1373,0
2014-11-17,20:45:00,25.116,25.155,25.116,25.155,2543,0
2014-11-17,21:05:00,25.116,25.116,25.116,25.116,1340,0
2014-11-17,21:10:00,25.116,25.116,25.116,25.116,1017,0
2014-11-17,21:15:00,25.116,25.116,25.116,25.116,916,0
2014-11-18,15:35:00,25.244,25.244,25.155,25.165,1195,0
2014-11-18,15:45:00,25.126,25.126,25.096,25.096,4069,0
2014-11-18,20:40:00,25.165,25.165,25.165,25.165,407,0
2014-11-18,21:25:00,25.165,25.165,25.165,25.165,407,0
2014-11-18,21:30:00,25.116,25.116,25.116,25.116,315,0
2014-11-18,21:55:00,25.165,25.165,25.165,25.165,305,0
2014-11-18,22:00:00,25.136,25.136,25.136,25.136,102,0
2014-11-19,16:30:00,25.224,25.224,25.126,25.126,712,0
2014-11-19,17:35:00,25.234,25.234,25.234,25.234,102,0
2014-11-19,17:50:00,25.195,25.195,25.195,25.195,610,0
2014-11-19,18:35:00,25.214,25.214,25.214,25.214,509,0
2014-11-19,19:25:00,25.185,25.185,25.185,25.185,509,0
2014-11-19,19:35:00,25.204,25.204,25.204,25.204,509,0
2014-11-19,19:40:00,25.204,25.204,25.204,25.204,407,0
2014-11-19,19:45:00,25.185,25.185,25.185,25.185,407,0
2014-11-19,19:50:00,25.204,25.204,25.204,25.204,407,0
2014-11-19,19:55:00,25.185,25.185,25.175,25.175,1424,0
2014-11-19,20:05:00,25.116,25.116,25.116,25.116,305,0
2014-11-19,20:30:00,25.116,25.175,25.116,25.175,1322,0
2014-11-19,21:15:00,25.136,25.136,25.116,25.116,610,0
2014-11-19,21:25:00,25.136,25.136,25.136,25.136,1526,0
2014-11-19,22:00:00,25.145,25.145,25.145,25.145,305,0
2014-11-20,15:40:00,25.165,25.165,25.165,25.165,1119,0
2014-11-20,17:15:00,25.175,25.175,25.175,25.175,102,0
2014-11-20,18:15:00,25.175,25.175,25.136,25.136,1147,0
2014-11-20,18:50:00,25.126,25.126,25.126,25.126,1017,0
2014-11-20,19:05:00,25.126,25.126,25.126,25.126,934,0
2014-11-20,20:40:00,25.126,25.126,25.126,25.126,1017,0
2014-11-20,20:55:00,25.165,25.165,25.165,25.165,407,0
2014-11-21,16:45:00,25.126,25.136,25.126,25.136,4701,0
2014-11-21,16:50:00,25.155,25.155,25.155,25.155,304,0
2014-11-21,17:20:00,25.136,25.136,25.136,25.136,407,0
2014-11-21,18:20:00,25.155,25.155,25.155,25.155,203,0
2014-11-21,20:20:00,25.195,25.195,25.195,25.195,203,0
2014-11-21,20:35:00,25.145,25.195,25.136,25.195,1322,0
2014-11-21,20:40:00,25.214,25.214,25.185,25.185,4680,0
2014-11-21,21:35:00,25.214,25.214,25.214,25.214,388,0
2014-11-24,17:35:00,25.214,25.214,25.214,25.214,509,0
2014-11-24,19:25:00,25.204,25.204,25.175,25.175,305,0
2014-11-24,21:25:00,25.175,25.175,25.175,25.175,407,0
2014-11-25,17:10:00,25.214,25.224,25.185,25.185,1017,0
2014-11-25,19:00:00,25.214,25.214,25.214,25.214,102,0
2014-11-26,15:50:00,25.175,25.175,25.175,25.175,610,0
2014-11-26,17:10:00,25.175,25.175,25.175,25.175,407,0
2014-11-26,17:55:00,25.165,25.165,25.165,25.165,407,0
2014-11-26,18:35:00,25.234,25.234,25.234,25.234,203,0
2014-11-28,15:35:00,25.165,25.165,25.165,25.165,1958,0
2014-11-28,18:15:00,25.244,25.244,25.244,25.244,305,0
2014-11-28,18:25:00,25.185,25.185,25.185,25.185,814,0
2014-12-01,18:00:00,25.175,25.175,25.175,25.175,331,0
2014-12-01,19:05:00,25.224,25.224,25.224,25.224,203,0
2014-12-01,20:55:00,25.165,25.165,25.155,25.155,916,0
2014-12-01,21:35:00,25.175,25.175,25.175,25.175,407,0
2014-12-02,16:10:00,25.175,25.175,25.175,25.175,610,0
2014-12-02,16:15:00,25.165,25.195,25.165,25.195,509,0
2014-12-02,17:10:00,25.214,25.214,25.214,25.214,173,0
2014-12-02,18:35:00,25.165,25.165,25.155,25.155,712,0
2014-12-02,20:15:00,25.214,25.214,25.214,25.214,203,0
2014-12-03,18:10:00,25.214,25.214,25.214,25.214,1017,0
2014-12-03,18:30:00,25.175,25.175,25.175,25.175,712,0
2014-12-03,19:20:00,25.175,25.175,25.175,25.175,738,0
2014-12-03,20:05:00,25.175,25.175,25.175,25.175,102,0
2014-12-03,20:15:00,25.175,25.175,25.175,25.175,407,0
2014-12-03,20:45:00,25.175,25.175,25.175,25.175,102,0
2014-12-04,18:35:00,25.175,25.175,25.175,25.175,305,0
2014-12-04,18:50:00,25.185,25.185,25.175,25.185,305,0
2014-12-04,19:55:00,25.185,25.185,25.185,25.185,203,0
2014-12-04,20:00:00,25.185,25.185,25.185,25.185,102,0
2014-12-04,20:05:00,25.175,25.175,25.175,25.175,102,0
2014-12-04,21:20:00,25.175,25.175,25.175,25.175,814,0
2014-12-04,21:45:00,25.195,25.234,25.185,25.185,1628,0
2014-12-04,22:00:00,25.185,25.185,25.155,25.155,9127,0
2014-12-05,15:40:00,25.136,25.136,25.136,25.136,916,0
2014-12-05,17:15:00,25.185,25.195,25.185,25.195,509,0
2014-12-05,18:55:00,25.214,25.214,25.214,25.214,153,0
2014-12-05,19:50:00,25.204,25.204,25.204,25.204,102,0
2014-12-05,22:00:00,25.165,25.165,25.165,25.165,102,0
2014-12-08,15:40:00,25.175,25.175,25.175,25.175,3290,0
2014-12-08,17:00:00,25.185,25.185,25.126,25.126,3636,0
2014-12-08,17:25:00,25.136,25.136,25.136,25.136,224,0
2014-12-08,18:20:00,25.126,25.126,25.126,25.126,104,0
2014-12-08,19:30:00,25.155,25.165,25.155,25.165,305,0
2014-12-08,20:10:00,25.204,25.204,25.204,25.204,305,0
2014-12-08,20:35:00,25.136,25.136,25.136,25.136,1354,0
2014-12-08,21:55:00,25.145,25.145,25.145,25.145,203,0
2014-12-09,15:40:00,25.126,25.126,25.126,25.126,2543,0
2014-12-09,16:10:00,25.244,25.244,25.244,25.244,610,0
2014-12-09,16:30:00,25.126,25.126,25.126,25.126,1526,0
2014-12-09,17:05:00,25.214,25.214,25.214,25.214,814,0
2014-12-09,17:45:00,25.126,25.126,25.126,25.126,122,0
2014-12-09,17:55:00,25.126,25.126,25.126,25.126,473,0
2014-12-09,18:10:00,25.126,25.126,25.126,25.126,407,0
2014-12-09,18:55:00,25.332,25.332,25.332,25.332,305,0
2014-12-09,19:00:00,25.254,25.254,25.254,25.254,633,0
2014-12-09,19:55:00,25.136,25.136,25.126,25.126,2584,0
2014-12-10,15:45:00,25.126,25.126,25.126,25.126,1017,0
2014-12-10,19:00:00,25.136,25.136,25.126,25.126,2543,0
2014-12-10,20:30:00,25.126,25.126,25.126,25.126,305,0
2014-12-10,21:55:00,25.126,25.126,25.126,25.126,305,0
2014-12-11,16:20:00,25.136,25.136,25.126,25.126,389,0
2014-12-11,16:35:00,25.136,25.136,25.126,25.126,1017,0
2014-12-11,18:35:00,25.254,25.254,25.254,25.254,102,0
2014-12-11,19:25:00,25.165,25.165,25.165,25.165,1017,0
2014-12-11,19:40:00,25.165,25.165,25.165,25.165,102,0
2014-12-11,20:05:00,25.126,25.126,25.126,25.126,102,0
2014-12-11,20:15:00,25.126,25.126,25.126,25.126,102,0
2014-12-11,20:45:00,25.126,25.126,25.126,25.126,4587,0
2014-12-11,21:35:00,25.155,25.155,25.155,25.155,788,0
2014-12-11,21:50:00,25.106,25.106,25.106,25.106,4069,0
2014-12-12,15:55:00,25.214,25.214,25.214,25.214,102,0
2014-12-12,20:10:00,25.096,25.096,25.096,25.096,127,0
2014-12-12,21:50:00,25.096,25.096,25.096,25.096,407,0
2014-12-15,15:45:00,25.096,25.096,25.096,25.096,102,0
2014-12-15,19:50:00,25.106,25.106,25.106,25.106,4069,0
2014-12-16,16:00:00,25.106,25.106,25.106,25.106,2620,0
2014-12-16,16:05:00,25.106,25.106,25.106,25.106,2848,0
2014-12-16,16:10:00,25.106,25.106,25.106,25.106,509,0
2014-12-16,16:50:00,25.096,25.096,25.096,25.096,4069,0
2014-12-16,18:30:00,25.273,25.273,25.273,25.273,1984,0
2014-12-16,19:50:00,25.096,25.096,25.096,25.096,305,0
2014-12-16,20:20:00,25.165,25.165,25.165,25.165,738,0
2014-12-16,21:15:00,25.214,25.214,25.214,25.214,127,0
2014-12-16,21:25:00,25.116,25.116,25.106,25.106,1837,0
2014-12-17,16:25:00,25.106,25.106,25.106,25.106,407,0
2014-12-17,16:30:00,25.106,25.106,25.106,25.106,814,0
2014-12-17,17:50:00,25.106,25.106,25.106,25.106,102,0
2014-12-17,19:00:00,25.116,25.116,25.086,25.086,5595,0
2014-12-17,19:20:00,25.086,25.086,25.077,25.077,5493,0
2014-12-17,20:05:00,25.077,25.077,25.067,25.067,5086,0
2014-12-17,20:20:00,25.077,25.077,25.077,25.077,203,0
2014-12-17,20:55:00,25.086,25.086,25.067,25.067,5392,0
2014-12-17,21:10:00,25.077,25.077,25.067,25.067,10173,0
2014-12-17,21:30:00,25.067,25.067,25.067,25.067,5086,0
2014-12-17,21:45:00,25.067,25.067,25.067,25.067,3662,0
2014-12-18,18:10:00,24.978,24.988,24.929,24.929,509,0
2014-12-18,19:45:00,25.077,25.077,25.077,25.077,203,0
2014-12-18,20:15:00,25.057,25.057,25.057,25.057,102,0
2014-12-18,20:40:00,25.086,25.086,25.086,25.086,509,0
2014-12-18,21:10:00,25.018,25.018,25.018,25.018,280,0
2014-12-19,16:20:00,25.027,25.027,24.998,24.998,1155,0
2014-12-19,19:30:00,25.027,25.027,25.027,25.027,102,0
2014-12-19,21:35:00,25.037,25.037,25.018,25.027,407,0
2014-12-19,21:50:00,24.998,24.998,24.998,24.998,407,0
2014-12-19,21:55:00,25.008,25.008,25.008,25.008,814,0
2014-12-19,22:00:00,24.998,24.998,24.998,24.998,102,0
2014-12-22,15:55:00,24.968,24.968,24.968,24.968,610,0
2014-12-22,19:15:00,25.067,25.067,25.067,25.067,391,0
2014-12-22,19:40:00,25.086,25.086,25.086,25.086,203,0
2014-12-22,21:45:00,25.037,25.037,25.037,25.037,102,0
2014-12-23,16:45:00,25.018,25.018,25.018,25.018,102,0
2014-12-23,18:00:00,25.027,25.027,25.027,25.027,1394,0
2014-12-23,20:40:00,25.057,25.057,25.057,25.057,102,0
2014-12-23,21:45:00,25.067,25.067,25.067,25.067,102,0
2014-12-23,22:00:00,25.077,25.077,25.077,25.077,102,0
2014-12-24,18:50:00,25.145,25.145,25.145,25.145,203,0
2014-12-26,21:55:00,25.077,25.077,25.077,25.077,203,0
2014-12-29,17:55:00,25.067,25.136,25.067,25.136,1160,0
2014-12-29,19:20:00,25.067,25.067,25.067,25.067,407,0
2014-12-29,21:25:00,25.096,25.096,25.096,25.096,488,0
2014-12-29,22:00:00,25.086,25.086,25.077,25.077,305,0
2014-12-30,16:00:00,25.067,25.067,25.067,25.067,305,0
2014-12-30,20:50:00,25.067,25.067,25.067,25.067,407,0
2014-12-31,17:50:00,25.145,25.145,25.145,25.145,1017,0
2014-12-31,18:35:00,25.116,25.116,25.116,25.116,2035,0
2014-12-31,18:45:00,25.106,25.106,25.106,25.106,102,0
2014-12-31,19:00:00,25.106,25.106,25.106,25.106,305,0
2014-12-31,19:35:00,25.106,25.106,25.106,25.106,509,0
2014-12-31,20:05:00,25.116,25.155,25.116,25.155,928,0
2014-12-31,22:00:00,25.145,25.145,25.145,25.145,102,0
2015-01-02,16:05:00,25.145,25.145,25.116,25.116,916,0
2015-01-02,16:15:00,25.185,25.195,25.185,25.195,305,0
2015-01-02,18:35:00,25.136,25.136,25.126,25.126,305,0
2015-01-02,19:25:00,25.126,25.126,25.116,25.126,509,0
2015-01-02,20:25:00,25.136,25.136,25.136,25.136,102,0
2015-01-02,21:50:00,25.136,25.136,25.136,25.136,102,0
2015-01-05,16:45:00,25.145,25.214,25.145,25.214,509,0
2015-01-05,18:30:00,25.155,25.155,25.155,25.155,102,0
2015-01-05,18:40:00,25.145,25.155,25.145,25.155,941,0
2015-01-05,19:30:00,25.195,25.195,25.195,25.195,102,0
2015-01-05,20:25:00,25.175,25.185,25.175,25.185,1017,0
2015-01-05,20:35:00,25.175,25.175,25.175,25.175,1017,0
2015-01-05,20:45:00,25.185,25.185,25.185,25.185,395,0
2015-01-05,21:10:00,25.204,25.204,25.204,25.204,610,0
2015-01-06,16:35:00,25.185,25.185,25.185,25.185,610,0
2015-01-07,16:10:00,25.195,25.195,25.195,25.195,407,0
2015-01-07,18:15:00,25.254,25.254,25.254,25.254,102,0
2015-01-07,19:55:00,25.244,25.244,25.244,25.244,203,0
2015-01-07,20:30:00,25.244,25.244,25.244,25.244,102,0
2015-01-07,21:40:00,25.244,25.244,25.244,25.244,407,0
2015-01-08,16:15:00,25.234,25.244,25.234,25.244,1221,0
2015-01-08,18:40:00,25.244,25.244,25.244,25.244,203,0
2015-01-08,19:40:00,25.273,25.273,25.273,25.273,102,0
2015-01-08,20:05:00,25.273,25.273,25.273,25.273,102,0
2015-01-08,21:05:00,25.254,25.254,25.254,25.254,509,0
2015-01-08,21:50:00,25.254,25.254,25.254,25.254,305,0
2015-01-08,22:00:00,25.263,25.263,25.263,25.263,163,0
2015-01-09,15:55:00,25.263,25.263,25.263,25.263,509,0
2015-01-09,16:20:00,25.283,25.283,25.283,25.283,183,0
2015-01-09,20:15:00,25.273,25.273,25.273,25.273,407,0
2015-01-09,20:20:00,25.273,25.273,25.273,25.273,508,0
2015-01-12,16:00:00,25.303,25.303,25.303,25.303,102,0
2015-01-12,17:55:00,25.313,25.313,25.313,25.313,14587,0
2015-01-12,18:45:00,25.352,25.352,25.352,25.352,1771,0
2015-01-12,20:25:00,25.332,25.332,25.332,25.332,102,0
2015-01-12,21:20:00,25.313,25.313,25.313,25.313,203,0
2015-01-12,21:50:00,25.303,25.303,25.303,25.303,102,0
2015-01-12,22:00:00,25.303,25.313,25.303,25.313,306,0
2015-01-13,16:00:00,25.46,25.46,25.46,25.46,200,0
2015-01-13,19:40:00,25.4,25.41,25.4,25.41,1900,0
2015-01-14,16:20:00,25.4,25.4,25.4,25.4,500,0
2015-01-14,16:40:00,25.46,25.46,25.46,25.46,387,0
2015-01-14,18:25:00,25.56,25.56,25.56,25.56,803,0
2015-01-14,18:50:00,25.67,25.67,25.67,25.67,400,0
2015-01-14,18:55:00,25.58,25.58,25.58,25.58,400,0
2015-01-14,21:50:00,25.62,25.67,25.62,25.67,1113,0
2015-01-15,17:50:00,25.53,25.53,25.52,25.52,500,0
2015-01-15,18:05:00,25.5,25.5,25.5,25.5,100,0
2015-01-15,19:00:00,25.44,25.44,25.44,25.44,200,0
2015-01-15,19:55:00,25.44,25.44,25.44,25.44,1400,0
2015-01-15,20:00:00,25.45,25.45,25.45,25.45,400,0
2015-01-15,20:40:00,25.45,25.45,25.45,25.45,200,0
2015-01-15,21:25:00,25.45,25.45,25.45,25.45,572,0
2015-01-15,21:35:00,25.45,25.45,25.44,25.44,600,0
2015-01-16,19:05:00,25.34,25.34,25.3,25.3,1200,0
2015-01-16,19:20:00,25.28,25.28,25.28,25.28,300,0
2015-01-16,20:15:00,25.32,25.32,25.32,25.32,500,0
2015-01-20,20:15:00,25.36,25.36,25.3,25.3,5030,0
2015-01-20,20:20:00,25.3,25.3,25.3,25.3,400,0
2015-01-20,20:25:00,25.3,25.3,25.3,25.3,100,0
2015-01-20,20:30:00,25.26,25.3,25.26,25.3,200,0
2015-01-20,21:05:00,25.26,25.26,25.26,25.26,100,0
2015-01-20,21:30:00,25.26,25.26,25.25,25.25,700,0
2015-01-20,21:40:00,25.25,25.25,25.21,25.21,2600,0
2015-01-21,18:05:00,25.29,25.29,25.28,25.28,400,0
2015-01-21,19:10:00,25.45,25.45,25.45,25.45,800,0
2015-01-21,19:40:00,25.28,25.28,25.28,25.28,800,0
2015-01-21,20:45:00,25.45,25.45,25.45,25.45,200,0
2015-01-21,21:00:00,25.28,25.28,25.28,25.28,700,0
2015-01-21,22:00:00,25.32,25.32,25.32,25.32,100,0
2015-01-22,16:10:00,25.35,25.35,25.35,25.35,1000,0
2015-01-22,16:20:00,25.28,25.28,25.28,25.28,400,0
2015-01-22,16:25:00,25.35,25.35,25.35,25.35,330,0
2015-01-22,16:30:00,25.27,25.27,25.27,25.27,200,0
2015-01-22,17:25:00,25.28,25.35,25.28,25.35,800,0
2015-01-22,17:30:00,25.32,25.35,25.32,25.35,400,0
2015-01-22,18:10:00,25.35,25.35,25.34,25.34,300,0
2015-01-22,18:50:00,25.35,25.35,25.35,25.35,100,0
2015-01-22,20:00:00,25.34,25.35,25.34,25.35,1200,0
2015-01-22,20:45:00,25.29,25.29,25.29,25.29,300,0
2015-01-22,21:10:00,25.29,25.29,25.29,25.29,100,0
2015-01-22,21:20:00,25.29,25.29,25.29,25.29,100,0
2015-01-22,21:30:00,25.28,25.28,25.28,25.28,100,0
2015-01-22,22:00:00,25.26,25.26,25.25,25.25,300,0
2015-01-23,15:50:00,25.26,25.26,25.26,25.26,700,0
2015-01-23,16:10:00,25.3,25.3,25.3,25.3,200,0
2015-01-23,16:20:00,25.29,25.29,25.29,25.29,150,0
2015-01-23,16:30:00,25.29,25.29,25.29,25.29,300,0
2015-01-23,17:10:00,25.27,25.27,25.27,25.27,400,0
2015-01-23,19:45:00,25.3,25.3,25.3,25.3,1000,0
2015-01-23,21:00:00,25.26,25.26,25.26,25.26,100,0
2015-01-23,21:10:00,25.3,25.3,25.3,25.3,1000,0
2015-01-23,21:35:00,25.29,25.29,25.29,25.29,1000,0
2015-01-23,22:00:00,25.26,25.26,25.26,25.26,300,0
2015-01-26,16:45:00,25.28,25.29,25.27,25.27,1700,0
2015-01-26,16:55:00,25.25,25.25,25.25,25.25,1800,0
2015-01-26,17:05:00,25.24,25.24,25.24,25.24,500,0
2015-01-26,17:15:00,25.24,25.29,25.24,25.29,400,0
2015-01-26,17:45:00,25.25,25.27,25.24,25.27,5100,0
2015-01-26,17:50:00,25.24,25.24,25.24,25.24,200,0
2015-01-26,18:10:00,25.23,25.23,25.22,25.22,8300,0
2015-01-26,18:35:00,25.22,25.24,25.22,25.24,3200,0
2015-01-26,18:40:00,25.24,25.24,25.22,25.24,920,0
2015-01-26,19:40:00,25.22,25.22,25.22,25.22,3000,0
2015-01-26,20:00:00,25.25,25.25,25.25,25.25,100,0
2015-01-26,21:05:00,25.24,25.24,25.23,25.23,200,0
2015-01-27,15:35:00,25.26,25.26,25.26,25.26,600,0
2015-01-27,17:20:00,25.32,25.32,25.32,25.32,1400,0
2015-01-27,17:45:00,25.33,25.33,25.33,25.33,100,0
2015-01-27,18:10:00,25.56,25.56,25.56,25.56,1000,0
2015-01-27,18:35:00,25.5,25.54,25.49,25.54,3834,0
2015-01-27,20:30:00,25.3,25.3,25.29,25.29,1000,0
2015-01-27,20:35:00,25.29,25.29,25.29,25.29,500,0
2015-01-27,21:10:00,25.35,25.36,25.35,25.35,406,0
2015-01-27,21:35:00,25.3,25.3,25.3,25.3,300,0
2015-01-27,21:40:00,25.31,25.31,25.3,25.3,720,0
2015-01-27,21:55:00,25.3,25.3,25.26,25.27,3300,0
2015-01-27,22:00:00,25.27,25.27,25.26,25.26,1200,0
2015-01-28,15:40:00,25.33,25.35,25.33,25.35,600,0
2015-01-28,15:50:00,25.34,25.34,25.34,25.34,240,0
2015-01-28,16:45:00,25.29,25.3,25.27,25.28,800,0
2015-01-28,17:20:00,25.26,25.26,25.26,25.26,300,0
2015-01-28,17:25:00,25.3,25.3,25.3,25.3,856,0
2015-01-28,17:30:00,25.3,25.3,25.26,25.26,1200,0
2015-01-28,17:35:00,25.26,25.26,25.26,25.26,1000,0
2015-01-28,19:25:00,25.33,25.39,25.33,25.39,1950,0
2015-01-29,17:20:00,25.4,25.4,25.39,25.39,2000,0
2015-01-29,19:50:00,25.4,25.4,25.4,25.4,100,0
2015-01-29,19:55:00,25.38,25.38,25.38,25.38,100,0
2015-01-29,21:00:00,25.39,25.39,25.31,25.31,400,0
2015-01-29,22:00:00,25.38,25.38,25.38,25.38,100,0
2015-01-30,15:35:00,25.44,25.45,25.44,25.45,3656,0
2015-01-30,17:20:00,25.32,25.4,25.32,25.4,300,0
2015-01-30,18:05:00,25.4,25.4,25.4,25.4,200,0
2015-01-30,21:10:00,25.34,25.35,25.34,25.35,800,0
2015-01-30,21:25:00,25.36,25.4,25.34,25.4,2200,0
2015-01-30,21:30:00,25.34,25.34,25.34,25.34,100,0
2015-01-30,21:45:00,25.34,25.34,25.34,25.34,200,0
2015-01-30,21:50:00,25.34,25.34,25.34,25.34,2199,0
2015-01-30,21:55:00,25.34,25.34,25.34,25.34,100,0
2015-02-02,16:15:00,25.4,25.4,25.4,25.4,390,0
2015-02-02,18:15:00,25.35,25.35,25.35,25.35,200,0
2015-02-02,21:00:00,25.35,25.35,25.35,25.35,100,0
2015-02-02,22:00:00,25.35,25.35,25.35,25.35,200,0
2015-02-03,16:40:00,25.36,25.36,25.36,25.36,300,0
2015-02-03,17:35:00,25.36,25.36,25.36,25.36,100,0
2015-02-03,17:40:00,25.35,25.35,25.35,25.35,900,0
2015-02-03,18:00:00,25.35,25.35,25.35,25.35,400,0
2015-02-03,19:40:00,25.36,25.36,25.36,25.36,310,0
2015-02-03,20:20:00,25.36,25.36,25.36,25.36,200,0
2015-02-03,20:45:00,25.35,25.35,25.35,25.35,300,0
2015-02-03,21:25:00,25.35,25.35,25.35,25.35,110,0
2015-02-03,21:30:00,25.35,25.35,25.35,25.35,100,0
2015-02-03,21:55:00,25.35,25.35,25.35,25.35,300,0
2015-02-04,16:00:00,25.35,25.35,25.35,25.35,400,0
2015-02-04,17:30:00,25.36,25.36,25.36,25.36,200,0
2015-02-04,18:40:00,25.4,25.4,25.4,25.4,100,0
2015-02-04,19:40:00,25.36,25.36,25.36,25.36,800,0
2015-02-05,16:35:00,25.37,25.37,25.36,25.36,2000,0
2015-02-05,17:10:00,25.38,25.38,25.38,25.38,200,0
2015-02-05,17:15:00,25.39,25.39,25.39,25.39,100,0
2015-02-05,18:20:00,25.4,25.4,25.4,25.4,300,0
2015-02-05,18:40:00,25.39,25.39,25.39,25.39,300,0
2015-02-05,20:45:00,25.38,25.38,25.38,25.38,400,0
2015-02-05,21:15:00,25.38,25.38,25.38,25.38,300,0
2015-02-06,17:20:00,25.35,25.35,25.35,25.35,2700,0
2015-02-06,21:45:00,25.4,25.4,25.4,25.4,199,0
2015-02-09,16:15:00,25.39,25.39,25.39,25.39,600,0
2015-02-09,17:35:00,25.4,25.4,25.4,25.4,100,0
2015-02-09,19:10:00,25.4,25.4,25.4,25.4,3917,0
2015-02-09,20:35:00,25.41,25.41,25.41,25.41,606,0
2015-02-09,20:40:00,25.41,25.41,25.41,25.41,600,0
2015-02-10,16:20:00,25.44,25.44,25.44,25.44,400,0
2015-02-10,19:50:00,25.44,25.44,25.44,25.44,200,0
2015-02-10,21:25:00,25.44,25.44,25.44,25.44,300,0
2015-02-11,16:05:00,25.45,25.45,25.45,25.45,3200,0
2015-02-11,18:45:00,25.45,25.45,25.45,25.45,700,0
2015-02-11,19:00:00,25.45,25.45,25.45,25.45,300,0
2015-02-11,21:25:00,25.46,25.46,25.46,25.46,324,0
2015-02-11,22:00:00,25.46,25.46,25.46,25.46,100,0
2015-02-12,15:35:00,25.42,25.42,25.42,25.42,970,0
2015-02-12,16:25:00,25.43,25.43,25.43,25.43,600,0
2015-02-12,16:50:00,25.42,25.42,25.42,25.42,100,0
2015-02-12,17:05:00,25.42,25.42,25.41,25.41,8735,0
2015-02-12,17:10:00,25.36,25.36,25.34,25.34,10700,0
2015-02-12,18:20:00,25.4,25.4,25.35,25.35,1900,0
2015-02-12,18:25:00,25.35,25.36,25.34,25.34,3109,0
2015-02-12,18:50:00,25.39,25.39,25.39,25.39,1200,0
2015-02-12,21:20:00,25.4,25.4,25.4,25.4,300,0
2015-02-12,21:35:00,25.4,25.4,25.4,25.4,1000,0
2015-02-12,21:50:00,25.4,25.4,25.4,25.4,400,0
2015-02-13,17:15:00,25.42,25.45,25.42,25.45,400,0
2015-02-13,17:20:00,25.46,25.46,25.46,25.46,100,0
2015-02-13,17:25:00,25.43,25.43,25.38,25.38,400,0
2015-02-13,18:05:00,25.49,25.49,25.48,25.48,2000,0
2015-02-13,20:55:00,25.45,25.45,25.45,25.45,100,0
2015-02-17,16:55:00,25.47,25.47,25.43,25.43,900,0
2015-02-17,21:30:00,25.45,25.45,25.45,25.45,400,0
2015-02-17,22:00:00,25.47,25.47,25.47,25.47,100,0
2015-02-18,16:30:00,25.46,25.48,25.46,25.48,975,0
2015-02-18,16:40:00,25.48,25.48,25.48,25.48,400,0
2015-02-18,16:50:00,25.48,25.48,25.48,25.48,500,0
2015-02-19,17:50:00,25.41,25.41,25.41,25.41,400,0
2015-02-19,19:45:00,25.4,25.4,25.4,25.4,553,0
2015-02-19,20:55:00,25.41,25.41,25.41,25.41,200,0
2015-02-19,21:35:00,25.41,25.41,25.4,25.4,450,0
2015-02-20,16:50:00,25.47,25.48,25.47,25.48,5000,0
2015-02-20,16:55:00,25.48,25.48,25.48,25.48,660,0
2015-02-20,17:00:00,25.49,25.49,25.49,25.49,4175,0
2015-02-20,17:15:00,25.49,25.54,25.49,25.54,1425,0
2015-02-20,20:30:00,25.54,25.58,25.51,25.51,4700,0
2015-02-20,20:35:00,25.49,25.5,25.49,25.49,3738,0
2015-02-20,20:40:00,25.49,25.49,25.46,25.46,900,0
2015-02-20,20:45:00,25.45,25.45,25.45,25.45,200,0
2015-02-23,16:55:00,25.45,25.45,25.45,25.45,1500,0
2015-02-23,19:45:00,25.41,25.41,25.41,25.41,157,0
2015-02-23,21:55:00,25.5,25.5,25.5,25.5,100,0
