Date,Time,Open,High,Low,Close,Volume,OpenInt
2015-02-03,16:50:00,17.08,17.09,17.07,17.07,22569,0
2015-02-03,16:55:00,17.08,17.08,17.06,17.07,49677,0
2015-02-03,17:00:00,17.08,17.08,17.06,17.06,10913,0
2015-02-03,17:05:00,17.06,17.08,17.06,17.07,32944,0
2015-02-03,17:10:00,17.07,17.08,17.07,17.08,5896,0
2015-02-03,17:15:00,17.08,17.08,17.06,17.08,20346,0
2015-02-03,17:20:00,17.08,17.12,17.08,17.12,54025,0
2015-02-03,17:25:00,17.12,17.15,17.12,17.13,73329,0
2015-02-03,17:30:00,17.13,17.13,17.12,17.13,45006,0
2015-02-03,17:35:00,17.13,17.13,17.12,17.13,16548,0
2015-02-03,17:40:00,17.12,17.12,17.11,17.12,23949,0
2015-02-03,17:45:00,17.11,17.13,17.11,17.13,17345,0
2015-02-03,17:50:00,17.13,17.13,17.12,17.13,8756,0
2015-02-03,17:55:00,17.13,17.13,17.11,17.12,17519,0
2015-02-03,18:00:00,17.12,17.12,17.11,17.12,1000,0
2015-02-03,18:05:00,17.11,17.12,17.1,17.1,13680,0
2015-02-03,18:10:00,17.11,17.12,17.1,17.12,20830,0
2015-02-03,18:15:00,17.11,17.12,17.11,17.11,2800,0
2015-02-03,18:20:00,17.11,17.12,17.11,17.12,4400,0
2015-02-03,18:25:00,17.12,17.12,17.11,17.11,4400,0
2015-02-03,18:30:00,17.11,17.12,17.11,17.12,10016,0
2015-02-03,18:35:00,17.11,17.12,17.11,17.12,6400,0
2015-02-03,18:40:00,17.11,17.12,17.1,17.11,14700,0
2015-02-03,18:45:00,17.11,17.11,17.1,17.1,33568,0
2015-02-03,18:50:00,17.11,17.11,17.09,17.09,19923,0
2015-02-03,18:55:00,17.09,17.1,17.09,17.1,4784,0
2015-02-03,19:00:00,17.1,17.1,17.09,17.1,30251,0
2015-02-03,19:05:00,17.09,17.1,17.09,17.09,25706,0
2015-02-03,19:10:00,17.1,17.1,17.09,17.09,5269,0
2015-02-03,19:15:00,17.1,17.1,17.09,17.1,14283,0
2015-02-03,19:20:00,17.1,17.1,17.09,17.1,3749,0
2015-02-03,19:25:00,17.1,17.1,17.09,17.1,25797,0
2015-02-03,19:30:00,17.1,17.1,17.09,17.1,8120,0
2015-02-03,19:35:00,17.1,17.1,17.09,17.09,6923,0
2015-02-03,19:40:00,17.1,17.1,17.09,17.1,4009,0
2015-02-03,19:45:00,17.1,17.1,17.09,17.1,12476,0
2015-02-03,19:50:00,17.1,17.1,17.09,17.1,4167,0
2015-02-03,19:55:00,17.09,17.11,17.09,17.1,57926,0
2015-02-03,20:00:00,17.1,17.1,17.09,17.1,1800,0
2015-02-03,20:05:00,17.1,17.1,17.09,17.1,17840,0
2015-02-03,20:10:00,17.09,17.1,17.09,17.1,11597,0
2015-02-03,20:15:00,17.1,17.1,17.07,17.07,47696,0
2015-02-03,20:20:00,17.07,17.08,17.06,17.07,56784,0
2015-02-03,20:25:00,17.07,17.07,17.06,17.06,801,0
2015-02-03,20:30:00,17.06,17.07,17.06,17.07,4400,0
2015-02-03,20:35:00,17.07,17.07,17.05,17.07,50620,0
2015-02-03,20:40:00,17.07,17.08,17.07,17.08,7479,0
2015-02-03,20:45:00,17.08,17.08,17.08,17.08,6070,0
2015-02-03,20:50:00,17.07,17.08,17.07,17.08,6880,0
2015-02-03,20:55:00,17.07,17.08,17.07,17.08,5954,0
2015-02-03,21:00:00,17.07,17.08,17.06,17.07,24940,0
2015-02-03,21:05:00,17.08,17.09,17.08,17.09,32073,0
2015-02-03,21:10:00,17.09,17.1,17.08,17.09,22303,0
2015-02-03,21:15:00,17.1,17.1,17.08,17.09,10373,0
2015-02-03,21:20:00,17.09,17.1,17.08,17.09,17264,0
2015-02-03,21:25:00,17.08,17.09,17.08,17.09,3550,0
2015-02-03,21:30:00,17.09,17.1,17.08,17.09,78626,0
2015-02-03,21:35:00,17.09,17.1,17.08,17.09,26260,0
2015-02-03,21:40:00,17.09,17.1,17.08,17.1,20404,0
2015-02-03,21:45:00,17.09,17.1,17.09,17.09,60243,0
2015-02-03,21:50:00,17.09,17.1,17.08,17.08,48198,0
2015-02-03,21:55:00,17.09,17.09,17.08,17.09,32816,0
2015-02-03,22:00:00,17.09,17.1,17.08,17.09,316812,0
2015-02-04,15:35:00,17.04,17.06,17.01,17.04,60264,0
2015-02-04,15:40:00,17.05,17.07,17.05,17.07,15121,0
2015-02-04,15:45:00,17.07,17.08,17.07,17.07,11155,0
2015-02-04,15:50:00,17.07,17.07,17.06,17.07,28336,0
2015-02-04,15:55:00,17.07,17.1,17.06,17.08,81442,0
2015-02-04,16:00:00,17.08,17.08,17.07,17.08,3500,0
2015-02-04,16:05:00,17.08,17.09,17.08,17.09,19825,0
2015-02-04,16:10:00,17.09,17.09,17.08,17.08,8518,0
2015-02-04,16:15:00,17.09,17.09,17.07,17.08,32124,0
2015-02-04,16:20:00,17.08,17.09,17.08,17.09,21891,0
2015-02-04,16:25:00,17.09,17.09,17.08,17.09,14600,0
2015-02-04,16:30:00,17.09,17.09,17.08,17.09,3400,0
2015-02-04,16:35:00,17.09,17.09,17.07,17.08,35904,0
2015-02-04,16:40:00,17.09,17.09,17.07,17.09,15414,0
2015-02-04,16:45:00,17.09,17.09,17.08,17.09,3400,0
2015-02-04,16:50:00,17.09,17.09,17.08,17.08,21610,0
2015-02-04,16:55:00,17.09,17.09,17.08,17.08,7000,0
2015-02-04,17:00:00,17.08,17.1,17.08,17.1,20300,0
2015-02-04,17:05:00,17.1,17.1,17.09,17.1,69118,0
2015-02-04,17:10:00,17.1,17.1,17.09,17.09,6000,0
2015-02-04,17:15:00,17.1,17.12,17.09,17.12,89456,0
2015-02-04,17:20:00,17.12,17.12,17.11,17.12,38287,0
2015-02-04,17:25:00,17.12,17.14,17.11,17.14,62042,0
2015-02-04,17:30:00,17.14,17.14,17.13,17.14,9670,0
2015-02-04,17:35:00,17.14,17.14,17.13,17.14,50770,0
2015-02-04,17:40:00,17.14,17.14,17.13,17.14,4935,0
2015-02-04,17:45:00,17.14,17.14,17.13,17.14,16992,0
2015-02-04,17:50:00,17.14,17.14,17.13,17.13,7780,0
2015-02-04,17:55:00,17.14,17.14,17.13,17.14,4500,0
2015-02-04,18:00:00,17.13,17.14,17.13,17.14,17620,0
2015-02-04,18:05:00,17.14,17.14,17.12,17.13,17813,0
2015-02-04,18:10:00,17.12,17.13,17.12,17.13,15000,0
2015-02-04,18:15:00,17.12,17.13,17.11,17.12,19428,0
2015-02-04,18:20:00,17.11,17.12,17.11,17.12,10116,0
2015-02-04,18:25:00,17.12,17.12,17.11,17.12,8898,0
2015-02-04,18:30:00,17.11,17.12,17.11,17.12,3945,0
2015-02-04,18:35:00,17.12,17.12,17.11,17.11,3500,0
2015-02-04,18:40:00,17.12,17.12,17.1,17.11,35511,0
2015-02-04,18:45:00,17.11,17.11,17.08,17.08,26613,0
2015-02-04,18:50:00,17.09,17.09,17.08,17.09,8212,0
2015-02-04,18:55:00,17.09,17.1,17.08,17.1,26493,0
2015-02-04,19:00:00,17.1,17.1,17.09,17.1,4903,0
2015-02-04,19:05:00,17.1,17.1,17.09,17.1,3300,0
2015-02-04,19:10:00,17.09,17.1,17.08,17.09,41851,0
2015-02-04,19:15:00,17.09,17.09,17.08,17.09,3703,0
2015-02-04,19:20:00,17.09,17.09,17.08,17.08,10747,0
2015-02-04,19:25:00,17.09,17.09,17.07,17.07,21968,0
2015-02-04,19:30:00,17.08,17.08,17.07,17.07,11831,0
2015-02-04,19:35:00,17.07,17.08,17.07,17.08,16500,0
2015-02-04,19:40:00,17.08,17.08,17.07,17.08,3100,0
2015-02-04,19:45:00,17.08,17.08,17.07,17.08,4100,0
2015-02-04,19:50:00,17.07,17.08,17.07,17.07,60600,0
2015-02-04,19:55:00,17.08,17.08,17.07,17.07,7100,0
2015-02-04,20:00:00,17.08,17.08,17.06,17.07,16009,0
2015-02-04,20:05:00,17.07,17.09,17.07,17.09,22855,0
2015-02-04,20:10:00,17.09,17.09,17.08,17.09,3000,0
2015-02-04,20:15:00,17.09,17.09,17.08,17.08,11329,0
2015-02-04,20:20:00,17.08,17.09,17.06,17.06,7806,0
2015-02-04,20:25:00,17.06,17.07,17.06,17.06,3600,0
2015-02-04,20:30:00,17.06,17.07,17.06,17.06,5107,0
2015-02-04,20:35:00,17.07,17.07,17.06,17.07,5600,0
2015-02-04,20:40:00,17.07,17.07,17.06,17.06,3500,0
2015-02-04,20:45:00,17.06,17.07,17.06,17.06,5109,0
2015-02-04,20:50:00,17.07,17.07,17.06,17.06,6575,0
2015-02-04,20:55:00,17.07,17.07,17.06,17.06,4950,0
2015-02-04,21:00:00,17.07,17.07,17.06,17.07,9418,0
2015-02-04,21:05:00,17.07,17.07,17.06,17.06,28094,0
2015-02-04,21:10:00,17.06,17.09,17.06,17.09,54418,0
2015-02-04,21:15:00,17.08,17.09,17.07,17.09,20067,0
2015-02-04,21:20:00,17.09,17.1,17.09,17.1,6700,0
2015-02-04,21:25:00,17.1,17.1,17.09,17.1,5900,0
2015-02-04,21:30:00,17.1,17.1,17.09,17.1,19221,0
2015-02-04,21:35:00,17.1,17.1,17.09,17.1,21352,0
2015-02-04,21:40:00,17.09,17.09,17.06,17.06,51234,0
2015-02-04,21:45:00,17.06,17.08,17.05,17.05,96383,0
2015-02-04,21:50:00,17.06,17.07,17.03,17.05,99891,0
2015-02-04,21:55:00,17.05,17.05,17.02,17.03,67647,0
2015-02-04,22:00:00,17.03,17.03,17.0,17.0,802068,0
2015-02-05,15:35:00,17.08,17.09,17.05,17.06,16662,0
2015-02-05,15:40:00,17.05,17.09,17.05,17.07,26232,0
2015-02-05,15:45:00,17.08,17.09,17.06,17.08,13000,0
2015-02-05,15:50:00,17.08,17.11,17.08,17.1,57517,0
2015-02-05,15:55:00,17.1,17.1,17.07,17.07,114575,0
2015-02-05,16:00:00,17.07,17.09,17.05,17.05,81904,0
2015-02-05,16:05:00,17.05,17.07,17.05,17.07,8751,0
2015-02-05,16:10:00,17.07,17.07,17.06,17.06,17464,0
2015-02-05,16:15:00,17.06,17.07,17.05,17.05,9443,0
2015-02-05,16:20:00,17.05,17.06,17.05,17.06,2300,0
2015-02-05,16:25:00,17.06,17.06,17.05,17.06,5405,0
2015-02-05,16:30:00,17.06,17.08,17.05,17.07,32914,0
2015-02-05,16:35:00,17.08,17.1,17.06,17.07,117568,0
2015-02-05,16:40:00,17.07,17.08,17.06,17.06,34702,0
2015-02-05,16:45:00,17.06,17.07,17.06,17.06,11924,0
2015-02-05,16:50:00,17.06,17.07,17.06,17.06,7000,0
2015-02-05,16:55:00,17.07,17.08,17.06,17.08,37042,0
2015-02-05,17:00:00,17.08,17.08,17.07,17.07,3537,0
2015-02-05,17:05:00,17.07,17.08,17.07,17.07,5306,0
2015-02-05,17:10:00,17.08,17.09,17.07,17.08,27297,0
2015-02-05,17:15:00,17.09,17.09,17.07,17.08,34025,0
2015-02-05,17:20:00,17.07,17.08,17.07,17.08,15670,0
2015-02-05,17:25:00,17.08,17.08,17.07,17.08,3100,0
2015-02-05,17:30:00,17.07,17.09,17.07,17.09,57038,0
2015-02-05,17:35:00,17.09,17.09,17.08,17.08,7700,0
2015-02-05,17:40:00,17.09,17.1,17.08,17.09,35493,0
2015-02-05,17:45:00,17.09,17.09,17.07,17.07,26267,0
2015-02-05,17:50:00,17.08,17.08,17.06,17.06,14994,0
2015-02-05,17:55:00,17.06,17.07,17.06,17.06,4900,0
2015-02-05,18:00:00,17.06,17.07,17.05,17.06,13288,0
2015-02-05,18:05:00,17.05,17.06,17.05,17.06,1800,0
2015-02-05,18:10:00,17.06,17.06,17.06,17.06,400,0
2015-02-05,18:15:00,17.06,17.06,17.05,17.05,35528,0
2015-02-05,18:20:00,17.06,17.07,17.05,17.07,55855,0
2015-02-05,18:25:00,17.07,17.07,17.06,17.06,3900,0
2015-02-05,18:30:00,17.07,17.07,17.06,17.06,6600,0
2015-02-05,18:35:00,17.06,17.07,17.05,17.06,19876,0
2015-02-05,18:40:00,17.05,17.06,17.05,17.06,2142,0
2015-02-05,18:45:00,17.05,17.06,17.05,17.06,1600,0
2015-02-05,18:50:00,17.06,17.06,17.05,17.06,5907,0
2015-02-05,18:55:00,17.06,17.06,17.05,17.06,1500,0
2015-02-05,19:00:00,17.06,17.07,17.05,17.07,37116,0
2015-02-05,19:05:00,17.06,17.07,17.06,17.07,4700,0
2015-02-05,19:10:00,17.06,17.07,17.06,17.06,28540,0
2015-02-05,19:15:00,17.07,17.07,17.06,17.07,4000,0
2015-02-05,19:20:00,17.07,17.08,17.06,17.08,27823,0
2015-02-05,19:25:00,17.07,17.08,17.07,17.08,1200,0
2015-02-05,19:30:00,17.08,17.08,17.07,17.08,2400,0
2015-02-05,19:35:00,17.08,17.08,17.07,17.08,8912,0
2015-02-05,19:40:00,17.07,17.08,17.06,17.07,27168,0
2015-02-05,19:45:00,17.07,17.07,17.06,17.07,10255,0
2015-02-05,19:50:00,17.07,17.07,17.06,17.07,3400,0
2015-02-05,19:55:00,17.07,17.07,17.06,17.07,11036,0
2015-02-05,20:00:00,17.06,17.07,17.06,17.07,6100,0
2015-02-05,20:05:00,17.06,17.07,17.06,17.07,4000,0
2015-02-05,20:10:00,17.06,17.07,17.06,17.06,7200,0
2015-02-05,20:15:00,17.07,17.07,17.06,17.07,8221,0
2015-02-05,20:20:00,17.07,17.07,17.06,17.07,7923,0
2015-02-05,20:25:00,17.07,17.07,17.07,17.07,9400,0
2015-02-05,20:30:00,17.07,17.07,17.06,17.06,10600,0
2015-02-05,20:35:00,17.07,17.07,17.05,17.06,45015,0
2015-02-05,20:40:00,17.05,17.06,17.05,17.06,5900,0
2015-02-05,20:45:00,17.06,17.06,17.05,17.05,2900,0
2015-02-05,20:50:00,17.06,17.07,17.05,17.06,115016,0
2015-02-05,20:55:00,17.05,17.07,17.05,17.06,41020,0
2015-02-05,21:00:00,17.06,17.07,17.06,17.06,2096,0
2015-02-05,21:05:00,17.06,17.07,17.06,17.06,24267,0
2015-02-05,21:10:00,17.06,17.07,17.06,17.07,12969,0
2015-02-05,21:15:00,17.06,17.07,17.05,17.06,15279,0
2015-02-05,21:20:00,17.06,17.06,17.05,17.05,6100,0
2015-02-05,21:25:00,17.06,17.06,17.05,17.06,4251,0
2015-02-05,21:30:00,17.06,17.07,17.05,17.06,80741,0
2015-02-05,21:35:00,17.05,17.06,17.05,17.05,2000,0
2015-02-05,21:40:00,17.05,17.06,17.05,17.06,6500,0
2015-02-05,21:45:00,17.05,17.07,17.05,17.05,80718,0
2015-02-05,21:50:00,17.05,17.06,17.05,17.05,5305,0
2015-02-05,21:55:00,17.05,17.06,17.05,17.06,7120,0
2015-02-05,22:00:00,17.06,17.06,17.05,17.06,187143,0
2015-02-06,15:35:00,17.06,17.12,17.06,17.09,49231,0
2015-02-06,15:40:00,17.09,17.12,17.09,17.12,12746,0
2015-02-06,15:45:00,17.12,17.12,17.09,17.1,163344,0
2015-02-06,15:50:00,17.1,17.11,17.1,17.1,87697,0
2015-02-06,15:55:00,17.1,17.13,17.1,17.12,372583,0
2015-02-06,16:00:00,17.13,17.17,17.13,17.17,212912,0
2015-02-06,16:05:00,17.16,17.17,17.14,17.14,288491,0
2015-02-06,16:10:00,17.15,17.16,17.14,17.16,36882,0
2015-02-06,16:15:00,17.16,17.18,17.16,17.17,118305,0
2015-02-06,16:20:00,17.18,17.19,17.17,17.18,104338,0
2015-02-06,16:25:00,17.18,17.19,17.15,17.15,74773,0
2015-02-06,16:30:00,17.15,17.16,17.14,17.15,40063,0
2015-02-06,16:35:00,17.15,17.17,17.14,17.16,510246,0
2015-02-06,16:40:00,17.17,17.17,17.16,17.16,7700,0
2015-02-06,16:45:00,17.17,17.18,17.16,17.17,54422,0
2015-02-06,16:50:00,17.16,17.18,17.15,17.17,361421,0
2015-02-06,16:55:00,17.17,17.18,17.16,17.16,151393,0
2015-02-06,17:00:00,17.16,17.17,17.14,17.16,217694,0
2015-02-06,17:05:00,17.16,17.17,17.15,17.17,231515,0
2015-02-06,17:10:00,17.16,17.17,17.16,17.16,487701,0
2015-02-06,17:15:00,17.17,17.19,17.16,17.18,50068,0
2015-02-06,17:20:00,17.18,17.19,17.17,17.19,189719,0
2015-02-06,17:25:00,17.19,17.2,17.19,17.19,11447,0
2015-02-06,17:30:00,17.19,17.2,17.18,17.19,10550,0
2015-02-06,17:35:00,17.19,17.19,17.18,17.19,2000,0
2015-02-06,17:40:00,17.19,17.2,17.18,17.2,28615,0
2015-02-06,17:45:00,17.2,17.2,17.18,17.19,317836,0
2015-02-06,17:50:00,17.19,17.19,17.18,17.19,12618,0
2015-02-06,17:55:00,17.19,17.19,17.19,17.19,3500,0
2015-02-06,18:00:00,17.19,17.19,17.18,17.19,2160,0
2015-02-06,18:05:00,17.19,17.19,17.18,17.19,5300,0
2015-02-06,18:10:00,17.19,17.19,17.18,17.19,9669,0
2015-02-06,18:15:00,17.19,17.2,17.18,17.19,28872,0
2015-02-06,18:20:00,17.19,17.19,17.19,17.19,7700,0
2015-02-06,18:25:00,17.19,17.19,17.18,17.19,13574,0
2015-02-06,18:30:00,17.19,17.19,17.18,17.19,2550,0
2015-02-06,18:35:00,17.19,17.19,17.18,17.19,15800,0
2015-02-06,18:40:00,17.19,17.19,17.18,17.19,2895,0
2015-02-06,18:45:00,17.19,17.19,17.17,17.17,25195,0
2015-02-06,18:50:00,17.18,17.19,17.17,17.19,6687,0
2015-02-06,18:55:00,17.19,17.19,17.19,17.19,600,0
2015-02-06,19:00:00,17.19,17.19,17.18,17.19,4717,0
2015-02-06,19:05:00,17.19,17.19,17.18,17.19,2800,0
2015-02-06,19:10:00,17.19,17.19,17.19,17.19,1300,0
2015-02-06,19:15:00,17.19,17.19,17.18,17.19,2300,0
2015-02-06,19:20:00,17.19,17.19,17.18,17.18,3000,0
2015-02-06,19:25:00,17.19,17.19,17.18,17.19,2400,0
2015-02-06,19:30:00,17.19,17.19,17.18,17.19,2300,0
2015-02-06,19:35:00,17.18,17.19,17.18,17.19,1700,0
2015-02-06,19:40:00,17.18,17.19,17.18,17.19,10380,0
2015-02-06,19:45:00,17.18,17.19,17.18,17.19,6500,0
2015-02-06,19:50:00,17.19,17.19,17.18,17.19,10541,0
2015-02-06,19:55:00,17.19,17.19,17.18,17.19,2276,0
2015-02-06,20:00:00,17.19,17.19,17.18,17.19,7202,0
2015-02-06,20:05:00,17.19,17.19,17.18,17.19,3086,0
2015-02-06,20:10:00,17.19,17.19,17.18,17.19,5100,0
2015-02-06,20:15:00,17.19,17.19,17.18,17.18,18795,0
2015-02-06,20:20:00,17.19,17.19,17.18,17.19,8376,0
2015-02-06,20:25:00,17.19,17.19,17.18,17.19,16239,0
2015-02-06,20:30:00,17.19,17.19,17.18,17.19,4550,0
2015-02-06,20:35:00,17.19,17.19,17.18,17.19,82186,0
2015-02-06,20:40:00,17.19,17.19,17.16,17.16,163980,0
2015-02-06,20:45:00,17.16,17.17,17.15,17.17,38696,0
2015-02-06,20:50:00,17.17,17.17,17.17,17.17,12271,0
2015-02-06,20:55:00,17.17,17.17,17.16,17.17,156485,0
2015-02-06,21:00:00,17.17,17.17,17.15,17.15,25970,0
2015-02-06,21:05:00,17.15,17.16,17.15,17.15,12500,0
2015-02-06,21:10:00,17.16,17.16,17.15,17.16,12777,0
2015-02-06,21:15:00,17.16,17.16,17.14,17.15,126748,0
2015-02-06,21:20:00,17.15,17.16,17.14,17.15,13508,0
2015-02-06,21:25:00,17.15,17.15,17.13,17.14,21857,0
2015-02-06,21:30:00,17.14,17.15,17.13,17.14,12506,0
2015-02-06,21:35:00,17.14,17.15,17.13,17.14,20256,0
2015-02-06,21:40:00,17.14,17.15,17.14,17.15,18537,0
2015-02-06,21:45:00,17.15,17.15,17.13,17.13,30671,0
2015-02-06,21:50:00,17.13,17.13,17.11,17.13,56540,0
2015-02-06,21:55:00,17.13,17.14,17.12,17.14,306115,0
2015-02-06,22:00:00,17.14,17.16,17.13,17.16,367036,0
2015-02-09,15:35:00,17.08,17.13,17.08,17.09,11304,0
2015-02-09,15:40:00,17.09,17.14,17.09,17.11,18584,0
2015-02-09,15:45:00,17.11,17.13,17.11,17.13,8481,0
2015-02-09,15:50:00,17.12,17.14,17.12,17.14,12000,0
2015-02-09,15:55:00,17.13,17.16,17.13,17.14,27541,0
2015-02-09,16:00:00,17.14,17.14,17.13,17.13,6211,0
2015-02-09,16:05:00,17.13,17.14,17.13,17.13,3862,0
2015-02-09,16:10:00,17.13,17.13,17.13,17.13,6238,0
2015-02-09,16:15:00,17.12,17.13,17.11,17.11,4400,0
2015-02-09,16:20:00,17.11,17.12,17.11,17.12,1400,0
2015-02-09,16:25:00,17.11,17.11,17.1,17.11,3500,0
2015-02-09,16:30:00,17.1,17.11,17.1,17.1,1600,0
2015-02-09,16:35:00,17.11,17.13,17.1,17.12,11678,0
2015-02-09,16:40:00,17.12,17.13,17.11,17.12,4900,0
2015-02-09,16:45:00,17.13,17.13,17.11,17.11,3249,0
2015-02-09,16:50:00,17.12,17.13,17.11,17.12,8558,0
2015-02-09,16:55:00,17.13,17.13,17.13,17.13,400,0
2015-02-09,17:00:00,17.13,17.13,17.13,17.13,300,0
2015-02-09,17:05:00,17.13,17.13,17.12,17.13,3500,0
2015-02-09,17:10:00,17.12,17.14,17.12,17.14,9968,0
2015-02-09,17:15:00,17.14,17.15,17.14,17.14,6800,0
2015-02-09,17:20:00,17.14,17.15,17.13,17.15,46355,0
2015-02-09,17:25:00,17.15,17.16,17.14,17.15,42364,0
2015-02-09,17:30:00,17.15,17.16,17.14,17.15,31836,0
2015-02-09,17:35:00,17.15,17.15,17.14,17.14,4300,0
2015-02-09,17:40:00,17.15,17.15,17.13,17.14,13701,0
2015-02-09,17:45:00,17.14,17.14,17.13,17.13,2176,0
2015-02-09,17:50:00,17.14,17.15,17.13,17.15,4652,0
2015-02-09,17:55:00,17.15,17.15,17.14,17.14,3108,0
2015-02-09,18:00:00,17.14,17.15,17.14,17.14,1100,0
2015-02-09,18:05:00,17.15,17.15,17.14,17.14,2394,0
2015-02-09,18:10:00,17.15,17.15,17.14,17.14,1966,0
2015-02-09,18:15:00,17.14,17.15,17.14,17.15,7743,0
2015-02-09,18:20:00,17.14,17.15,17.14,17.15,1395,0
2015-02-09,18:25:00,17.14,17.15,17.14,17.14,2300,0
2015-02-09,18:30:00,17.14,17.15,17.14,17.14,4129,0
2015-02-09,18:35:00,17.14,17.15,17.14,17.14,4100,0
2015-02-09,18:40:00,17.15,17.15,17.14,17.14,2511,0
2015-02-09,18:45:00,17.14,17.15,17.14,17.15,2200,0
2015-02-09,18:50:00,17.15,17.15,17.14,17.14,2500,0
2015-02-09,18:55:00,17.14,17.15,17.14,17.15,3600,0
2015-02-09,19:00:00,17.15,17.15,17.13,17.13,10744,0
2015-02-09,19:05:00,17.13,17.14,17.12,17.12,43044,0
2015-02-09,19:10:00,17.12,17.13,17.12,17.12,1463,0
2015-02-09,19:15:00,17.13,17.13,17.12,17.12,1600,0
2015-02-09,19:20:00,17.13,17.14,17.13,17.13,8920,0
2015-02-09,19:25:00,17.13,17.14,17.13,17.13,900,0
2015-02-09,19:30:00,17.13,17.14,17.12,17.12,48877,0
2015-02-09,19:35:00,17.13,17.13,17.12,17.12,1980,0
2015-02-09,19:40:00,17.13,17.13,17.12,17.13,1700,0
2015-02-09,19:45:00,17.12,17.13,17.12,17.13,11788,0
2015-02-09,19:50:00,17.13,17.14,17.12,17.12,4564,0
2015-02-09,19:55:00,17.13,17.13,17.12,17.13,6768,0
2015-02-09,20:00:00,17.12,17.12,17.1,17.1,36079,0
2015-02-09,20:05:00,17.11,17.11,17.1,17.11,14300,0
2015-02-09,20:10:00,17.11,17.12,17.11,17.11,12728,0
2015-02-09,20:15:00,17.11,17.12,17.07,17.07,47000,0
2015-02-09,20:20:00,17.07,17.08,17.05,17.05,11916,0
2015-02-09,20:25:00,17.05,17.08,17.05,17.07,29922,0
2015-02-09,20:30:00,17.06,17.07,17.06,17.06,4700,0
2015-02-09,20:35:00,17.06,17.07,17.06,17.07,900,0
2015-02-09,20:40:00,17.06,17.07,17.06,17.07,15872,0
2015-02-09,20:45:00,17.07,17.07,17.06,17.06,2400,0
2015-02-09,20:50:00,17.06,17.07,17.02,17.02,33504,0
2015-02-09,20:55:00,17.02,17.05,17.02,17.04,21900,0
2015-02-09,21:00:00,17.04,17.06,17.04,17.05,6250,0
2015-02-09,21:05:00,17.06,17.06,17.03,17.04,18425,0
2015-02-09,21:10:00,17.03,17.04,17.03,17.03,2850,0
2015-02-09,21:15:00,17.03,17.04,17.02,17.03,13600,0
2015-02-09,21:20:00,17.03,17.03,17.02,17.02,38737,0
2015-02-09,21:25:00,17.02,17.05,17.02,17.04,25640,0
2015-02-09,21:30:00,17.05,17.07,17.05,17.07,17175,0
2015-02-09,21:35:00,17.07,17.07,17.05,17.06,11064,0
2015-02-09,21:40:00,17.05,17.06,17.05,17.05,8908,0
2015-02-09,21:45:00,17.05,17.06,17.05,17.05,4400,0
2015-02-09,21:50:00,17.05,17.07,17.05,17.06,37159,0
2015-02-09,21:55:00,17.06,17.06,17.04,17.04,25466,0
2015-02-09,22:00:00,17.05,17.07,17.04,17.07,191408,0
2015-02-10,15:35:00,17.15,17.17,17.13,17.14,38941,0
2015-02-10,15:40:00,17.14,17.19,17.14,17.19,30454,0
2015-02-10,15:45:00,17.18,17.19,17.18,17.19,24228,0
2015-02-10,15:50:00,17.18,17.19,17.17,17.17,9884,0
2015-02-10,15:55:00,17.17,17.17,17.16,17.16,30500,0
2015-02-10,16:00:00,17.17,17.17,17.16,17.17,25600,0
2015-02-10,16:05:00,17.16,17.17,17.16,17.17,24105,0
2015-02-10,16:10:00,17.17,17.2,17.17,17.19,35999,0
2015-02-10,16:15:00,17.19,17.2,17.19,17.19,21393,0
2015-02-10,16:20:00,17.18,17.19,17.16,17.16,75997,0
2015-02-10,16:25:00,17.16,17.17,17.16,17.16,19592,0
2015-02-10,16:30:00,17.17,17.17,17.16,17.16,500,0
2015-02-10,16:35:00,17.16,17.16,17.15,17.16,10823,0
2015-02-10,16:40:00,17.16,17.17,17.15,17.17,40298,0
2015-02-10,16:45:00,17.17,17.17,17.16,17.17,21600,0
2015-02-10,16:50:00,17.17,17.17,17.16,17.17,73762,0
2015-02-10,16:55:00,17.17,17.18,17.17,17.18,9651,0
2015-02-10,17:00:00,17.18,17.18,17.17,17.18,2121,0
2015-02-10,17:05:00,17.18,17.18,17.16,17.17,27178,0
2015-02-10,17:10:00,17.16,17.17,17.15,17.15,31605,0
2015-02-10,17:15:00,17.16,17.16,17.15,17.15,4250,0
2015-02-10,17:20:00,17.15,17.17,17.15,17.15,26537,0
2015-02-10,17:25:00,17.15,17.15,17.14,17.14,1681,0
2015-02-10,17:30:00,17.14,17.15,17.14,17.15,2581,0
2015-02-10,17:35:00,17.15,17.15,17.14,17.15,1600,0
2015-02-10,17:40:00,17.14,17.15,17.14,17.15,3836,0
2015-02-10,17:45:00,17.15,17.15,17.14,17.15,45602,0
2015-02-10,17:50:00,17.16,17.16,17.14,17.15,10178,0
2015-02-10,17:55:00,17.15,17.15,17.15,17.15,3400,0
2015-02-10,18:00:00,17.15,17.16,17.15,17.16,2300,0
2015-02-10,18:05:00,17.16,17.16,17.15,17.16,2200,0
2015-02-10,18:10:00,17.16,17.16,17.15,17.16,8785,0
2015-02-10,18:15:00,17.16,17.17,17.16,17.16,14251,0
2015-02-10,18:20:00,17.17,17.17,17.14,17.15,20512,0
2015-02-10,18:25:00,17.15,17.15,17.14,17.15,700,0
2015-02-10,18:30:00,17.15,17.15,17.14,17.14,2339,0
2015-02-10,18:35:00,17.15,17.15,17.14,17.15,2841,0
2015-02-10,18:40:00,17.14,17.15,17.14,17.14,1772,0
2015-02-10,18:45:00,17.14,17.15,17.14,17.15,2446,0
2015-02-10,18:50:00,17.14,17.15,17.14,17.14,800,0
2015-02-10,18:55:00,17.14,17.15,17.14,17.14,4117,0
2015-02-10,19:00:00,17.14,17.15,17.14,17.14,5658,0
2015-02-10,19:05:00,17.15,17.15,17.15,17.15,4812,0
2015-02-10,19:10:00,17.15,17.16,17.14,17.14,35285,0
2015-02-10,19:15:00,17.15,17.15,17.15,17.15,1000,0
2015-02-10,19:20:00,17.15,17.15,17.15,17.15,4100,0
2015-02-10,19:25:00,17.15,17.15,17.14,17.15,2100,0
2015-02-10,19:30:00,17.15,17.15,17.14,17.15,6276,0
2015-02-10,19:35:00,17.15,17.15,17.14,17.14,5451,0
2015-02-10,19:40:00,17.14,17.15,17.14,17.14,5447,0
2015-02-10,19:45:00,17.14,17.15,17.14,17.15,2200,0
2015-02-10,19:50:00,17.14,17.16,17.14,17.15,51592,0
2015-02-10,19:55:00,17.15,17.15,17.14,17.14,1063,0
2015-02-10,20:00:00,17.14,17.14,17.14,17.14,100,0
2015-02-10,20:05:00,17.14,17.15,17.14,17.15,800,0
2015-02-10,20:10:00,17.14,17.15,17.14,17.14,1700,0
2015-02-10,20:15:00,17.14,17.15,17.14,17.14,1800,0
2015-02-10,20:20:00,17.14,17.15,17.14,17.15,4418,0
2015-02-10,20:25:00,17.14,17.15,17.14,17.15,1453,0
2015-02-10,20:30:00,17.14,17.15,17.14,17.14,3900,0
2015-02-10,20:35:00,17.14,17.15,17.14,17.15,26527,0
2015-02-10,20:40:00,17.15,17.15,17.14,17.15,17511,0
2015-02-10,20:45:00,17.14,17.15,17.14,17.15,700,0
2015-02-10,20:50:00,17.15,17.15,17.14,17.15,1100,0
2015-02-10,20:55:00,17.15,17.16,17.14,17.15,160959,0
2015-02-10,21:00:00,17.15,17.15,17.14,17.15,42459,0
2015-02-10,21:05:00,17.15,17.15,17.14,17.15,600,0
2015-02-10,21:10:00,17.14,17.15,17.14,17.15,4965,0
2015-02-10,21:15:00,17.14,17.15,17.14,17.14,3167,0
2015-02-10,21:20:00,17.15,17.15,17.14,17.14,1968,0
2015-02-10,21:25:00,17.15,17.15,17.14,17.14,2942,0
2015-02-10,21:30:00,17.15,17.15,17.14,17.14,3700,0
2015-02-10,21:35:00,17.14,17.15,17.14,17.15,3021,0
2015-02-10,21:40:00,17.15,17.15,17.14,17.15,68406,0
2015-02-10,21:45:00,17.15,17.15,17.15,17.15,16167,0
2015-02-10,21:50:00,17.14,17.15,17.13,17.14,13701,0
2015-02-10,21:55:00,17.14,17.15,17.13,17.15,45444,0
2015-02-10,22:00:00,17.14,17.15,17.13,17.13,312449,0
2015-02-11,15:35:00,17.12,17.16,17.09,17.15,118985,0
2015-02-11,15:40:00,17.15,17.16,17.14,17.16,45581,0
2015-02-11,15:45:00,17.15,17.16,17.15,17.15,20506,0
2015-02-11,15:50:00,17.16,17.16,17.14,17.15,42378,0
2015-02-11,15:55:00,17.14,17.15,17.14,17.15,65588,0
2015-02-11,16:00:00,17.15,17.16,17.15,17.15,49520,0
2015-02-11,16:05:00,17.15,17.15,17.14,17.15,63809,0
2015-02-11,16:10:00,17.15,17.16,17.14,17.15,50063,0
2015-02-11,16:15:00,17.16,17.16,17.16,17.16,6168,0
2015-02-11,16:20:00,17.15,17.16,17.15,17.15,137368,0
2015-02-11,16:25:00,17.15,17.16,17.15,17.16,9427,0
2015-02-11,16:30:00,17.15,17.16,17.15,17.15,800,0
2015-02-11,16:35:00,17.15,17.16,17.15,17.15,2700,0
2015-02-11,16:40:00,17.15,17.16,17.15,17.16,3923,0
2015-02-11,16:45:00,17.15,17.16,17.14,17.15,27016,0
2015-02-11,16:50:00,17.16,17.16,17.15,17.16,400,0
2015-02-11,16:55:00,17.15,17.16,17.15,17.16,1200,0
2015-02-11,17:00:00,17.15,17.15,17.14,17.14,8000,0
2015-02-11,17:05:00,17.15,17.16,17.14,17.16,16707,0
2015-02-11,17:10:00,17.15,17.16,17.15,17.15,25679,0
2015-02-11,17:15:00,17.16,17.17,17.16,17.17,34833,0
2015-02-11,17:20:00,17.17,17.17,17.15,17.16,183104,0
2015-02-11,17:25:00,17.15,17.17,17.15,17.17,42458,0
2015-02-11,17:30:00,17.17,17.17,17.17,17.17,2600,0
2015-02-11,17:35:00,17.17,17.17,17.16,17.16,1800,0
2015-02-11,17:40:00,17.17,17.17,17.16,17.16,2100,0
2015-02-11,17:45:00,17.16,17.17,17.16,17.16,1600,0
2015-02-11,17:50:00,17.16,17.17,17.16,17.16,2600,0
2015-02-11,17:55:00,17.16,17.17,17.16,17.16,3000,0
2015-02-11,18:00:00,17.17,17.17,17.16,17.16,2400,0
2015-02-11,18:05:00,17.16,17.17,17.16,17.17,11078,0
2015-02-11,18:10:00,17.17,17.17,17.17,17.17,14100,0
2015-02-11,18:15:00,17.17,17.17,17.17,17.17,1000,0
2015-02-11,18:20:00,17.17,17.17,17.16,17.17,5200,0
2015-02-11,18:25:00,17.17,17.17,17.16,17.16,1300,0
2015-02-11,18:30:00,17.17,17.17,17.16,17.17,2900,0
2015-02-11,18:35:00,17.16,17.17,17.16,17.17,48100,0
2015-02-11,18:40:00,17.17,17.17,17.16,17.16,2400,0
2015-02-11,18:45:00,17.16,17.17,17.16,17.17,2900,0
2015-02-11,18:50:00,17.16,17.17,17.16,17.16,2200,0
2015-02-11,18:55:00,17.17,17.17,17.15,17.15,19253,0
2015-02-11,19:00:00,17.15,17.15,17.13,17.14,67018,0
2015-02-11,19:05:00,17.14,17.15,17.13,17.14,61365,0
2015-02-11,19:10:00,17.15,17.15,17.15,17.15,1700,0
2015-02-11,19:15:00,17.15,17.15,17.14,17.15,7500,0
2015-02-11,19:20:00,17.15,17.15,17.14,17.15,2900,0
2015-02-11,19:25:00,17.15,17.15,17.14,17.15,5135,0
2015-02-11,19:30:00,17.15,17.15,17.14,17.15,2503,0
2015-02-11,19:35:00,17.15,17.15,17.14,17.15,3600,0
2015-02-11,19:40:00,17.15,17.15,17.14,17.15,58690,0
2015-02-11,19:45:00,17.15,17.15,17.14,17.15,8100,0
2015-02-11,19:50:00,17.15,17.15,17.14,17.14,8446,0
2015-02-11,19:55:00,17.15,17.15,17.14,17.15,5285,0
2015-02-11,20:00:00,17.14,17.15,17.14,17.15,28251,0
2015-02-11,20:05:00,17.15,17.15,17.14,17.15,11200,0
2015-02-11,20:10:00,17.15,17.16,17.14,17.15,62737,0
2015-02-11,20:15:00,17.15,17.16,17.15,17.15,37179,0
2015-02-11,20:20:00,17.15,17.16,17.15,17.15,29290,0
2015-02-11,20:25:00,17.15,17.16,17.15,17.15,6775,0
2015-02-11,20:30:00,17.16,17.16,17.14,17.15,62710,0
2015-02-11,20:35:00,17.15,17.16,17.15,17.15,4100,0
2015-02-11,20:40:00,17.15,17.16,17.15,17.15,7000,0
2015-02-11,20:45:00,17.16,17.16,17.15,17.15,9725,0
2015-02-11,20:50:00,17.16,17.16,17.15,17.15,6450,0
2015-02-11,20:55:00,17.15,17.16,17.15,17.15,5100,0
2015-02-11,21:00:00,17.15,17.16,17.15,17.15,11300,0
2015-02-11,21:05:00,17.15,17.16,17.15,17.15,5975,0
2015-02-11,21:10:00,17.15,17.17,17.15,17.16,60999,0
2015-02-11,21:15:00,17.16,17.17,17.16,17.16,49642,0
2015-02-11,21:20:00,17.17,17.17,17.15,17.15,23100,0
2015-02-11,21:25:00,17.16,17.16,17.15,17.15,20900,0
2015-02-11,21:30:00,17.15,17.16,17.15,17.15,68593,0
2015-02-11,21:35:00,17.15,17.16,17.15,17.15,32410,0
2015-02-11,21:40:00,17.15,17.16,17.15,17.15,59887,0
2015-02-11,21:45:00,17.15,17.16,17.15,17.15,72698,0
2015-02-11,21:50:00,17.15,17.16,17.15,17.15,87012,0
2015-02-11,21:55:00,17.15,17.15,17.14,17.15,51601,0
2015-02-11,22:00:00,17.15,17.15,17.14,17.15,174885,0
2015-02-12,15:35:00,17.16,17.18,17.14,17.16,144767,0
2015-02-12,15:40:00,17.16,17.19,17.16,17.18,105816,0
2015-02-12,15:45:00,17.19,17.19,17.17,17.18,9399,0
2015-02-12,15:50:00,17.18,17.19,17.18,17.18,4706,0
2015-02-12,15:55:00,17.18,17.2,17.18,17.2,30601,0
2015-02-12,16:00:00,17.2,17.2,17.15,17.15,428969,0
2015-02-12,16:05:00,17.16,17.18,17.15,17.16,489492,0
2015-02-12,16:10:00,17.16,17.21,17.16,17.21,84147,0
2015-02-12,16:15:00,17.22,17.24,17.22,17.23,73657,0
2015-02-12,16:20:00,17.23,17.24,17.22,17.23,276651,0
2015-02-12,16:25:00,17.24,17.24,17.22,17.23,109657,0
2015-02-12,16:30:00,17.24,17.24,17.23,17.23,54196,0
2015-02-12,16:35:00,17.24,17.25,17.23,17.24,162212,0
2015-02-12,16:40:00,17.24,17.25,17.22,17.24,107061,0
2015-02-12,16:45:00,17.24,17.24,17.23,17.24,24283,0
2015-02-12,16:50:00,17.23,17.24,17.23,17.23,2556,0
2015-02-12,16:55:00,17.23,17.24,17.23,17.23,18410,0
2015-02-12,17:00:00,17.23,17.24,17.23,17.24,8610,0
2015-02-12,17:05:00,17.24,17.24,17.23,17.23,25092,0
2015-02-12,17:10:00,17.24,17.24,17.23,17.24,23556,0
2015-02-12,17:15:00,17.23,17.25,17.23,17.25,37978,0
2015-02-12,17:20:00,17.25,17.25,17.24,17.25,11144,0
2015-02-12,17:25:00,17.24,17.26,17.23,17.25,430322,0
2015-02-12,17:30:00,17.25,17.26,17.25,17.25,16145,0
2015-02-12,17:35:00,17.25,17.25,17.24,17.24,5700,0
2015-02-12,17:40:00,17.25,17.25,17.23,17.25,44378,0
2015-02-12,17:45:00,17.25,17.25,17.25,17.25,3760,0
2015-02-12,17:50:00,17.25,17.26,17.25,17.26,19203,0
2015-02-12,17:55:00,17.24,17.25,17.24,17.25,3500,0
2015-02-12,18:00:00,17.24,17.26,17.24,17.26,29307,0
2015-02-12,18:05:00,17.26,17.27,17.26,17.27,18300,0
2015-02-12,18:10:00,17.27,17.27,17.26,17.27,3333,0
2015-02-12,18:15:00,17.27,17.27,17.25,17.26,26140,0
2015-02-12,18:20:00,17.26,17.26,17.25,17.26,7300,0
2015-02-12,18:25:00,17.26,17.26,17.25,17.25,7709,0
2015-02-12,18:30:00,17.25,17.25,17.24,17.24,42671,0
2015-02-12,18:35:00,17.24,17.25,17.24,17.24,3600,0
2015-02-12,18:40:00,17.24,17.25,17.24,17.24,6012,0
2015-02-12,18:45:00,17.25,17.27,17.24,17.26,46219,0
2015-02-12,18:50:00,17.26,17.27,17.26,17.27,13248,0
2015-02-12,18:55:00,17.26,17.26,17.26,17.26,4100,0
2015-02-12,19:00:00,17.27,17.27,17.24,17.24,23371,0
2015-02-12,19:05:00,17.25,17.25,17.23,17.25,123779,0
2015-02-12,19:10:00,17.25,17.25,17.24,17.24,14025,0
2015-02-12,19:15:00,17.25,17.25,17.23,17.24,9451,0
2015-02-12,19:20:00,17.23,17.24,17.23,17.23,5500,0
2015-02-12,19:25:00,17.23,17.24,17.23,17.23,10758,0
2015-02-12,19:30:00,17.23,17.24,17.23,17.23,11635,0
2015-02-12,19:35:00,17.23,17.24,17.23,17.23,3643,0
2015-02-12,19:40:00,17.23,17.24,17.23,17.24,10497,0
2015-02-12,19:45:00,17.23,17.23,17.22,17.23,16981,0
2015-02-12,19:50:00,17.22,17.23,17.22,17.23,17950,0
2015-02-12,19:55:00,17.23,17.23,17.22,17.23,1300,0
2015-02-12,20:00:00,17.22,17.25,17.22,17.25,33522,0
2015-02-12,20:05:00,17.25,17.25,17.24,17.25,12739,0
2015-02-12,20:10:00,17.25,17.25,17.22,17.22,62480,0
2015-02-12,20:15:00,17.22,17.23,17.22,17.23,9275,0
2015-02-12,20:20:00,17.23,17.24,17.23,17.24,38472,0
2015-02-12,20:25:00,17.24,17.25,17.23,17.25,23354,0
2015-02-12,20:30:00,17.25,17.26,17.24,17.25,22136,0
2015-02-12,20:35:00,17.25,17.26,17.24,17.25,27877,0
2015-02-12,20:40:00,17.25,17.25,17.24,17.25,72782,0
2015-02-12,20:45:00,17.25,17.25,17.24,17.25,17522,0
2015-02-12,20:50:00,17.25,17.25,17.25,17.25,34362,0
2015-02-12,20:55:00,17.25,17.25,17.24,17.25,17365,0
2015-02-12,21:00:00,17.25,17.25,17.24,17.24,13233,0
2015-02-12,21:05:00,17.25,17.25,17.24,17.25,283080,0
2015-02-12,21:10:00,17.25,17.25,17.24,17.25,61900,0
2015-02-12,21:15:00,17.25,17.25,17.24,17.25,32524,0
2015-02-12,21:20:00,17.25,17.25,17.24,17.25,23250,0
2015-02-12,21:25:00,17.25,17.26,17.25,17.26,15647,0
2015-02-12,21:30:00,17.25,17.25,17.23,17.23,56686,0
2015-02-12,21:35:00,17.23,17.24,17.22,17.24,69103,0
2015-02-12,21:40:00,17.24,17.24,17.23,17.24,39428,0
2015-02-12,21:45:00,17.24,17.25,17.24,17.25,46138,0
2015-02-12,21:50:00,17.25,17.25,17.24,17.24,72412,0
2015-02-12,21:55:00,17.24,17.25,17.23,17.24,235344,0
2015-02-12,22:00:00,17.24,17.24,17.22,17.24,571501,0
2015-02-13,15:35:00,17.24,17.27,17.2,17.26,39299,0
2015-02-13,15:40:00,17.25,17.29,17.25,17.28,40650,0
2015-02-13,15:45:00,17.28,17.28,17.28,17.28,300,0
2015-02-13,15:50:00,17.28,17.33,17.28,17.33,122572,0
2015-02-13,15:55:00,17.32,17.32,17.31,17.32,11009,0
2015-02-13,16:00:00,17.32,17.32,17.3,17.3,26707,0
2015-02-13,16:05:00,17.3,17.32,17.3,17.31,128686,0
2015-02-13,16:10:00,17.31,17.33,17.3,17.32,89444,0
2015-02-13,16:15:00,17.33,17.33,17.31,17.32,40599,0
2015-02-13,16:20:00,17.33,17.33,17.31,17.31,46442,0
2015-02-13,16:25:00,17.3,17.31,17.3,17.3,12402,0
2015-02-13,16:30:00,17.3,17.33,17.3,17.33,107483,0
2015-02-13,16:35:00,17.33,17.34,17.33,17.34,5270,0
2015-02-13,16:40:00,17.34,17.34,17.32,17.33,21284,0
2015-02-13,16:45:00,17.32,17.33,17.31,17.31,22601,0
2015-02-13,16:50:00,17.31,17.32,17.3,17.3,23662,0
2015-02-13,16:55:00,17.3,17.33,17.3,17.32,130074,0
2015-02-13,17:00:00,17.33,17.33,17.32,17.32,7400,0
2015-02-13,17:05:00,17.32,17.33,17.32,17.32,234530,0
2015-02-13,17:10:00,17.33,17.33,17.31,17.31,23416,0
2015-02-13,17:15:00,17.32,17.32,17.25,17.3,102546,0
2015-02-13,17:20:00,17.3,17.31,17.3,17.3,5073,0
2015-02-13,17:25:00,17.31,17.31,17.3,17.3,8050,0
2015-02-13,17:30:00,17.31,17.31,17.3,17.31,7200,0
2015-02-13,17:35:00,17.31,17.31,17.3,17.31,28362,0
2015-02-13,17:40:00,17.31,17.32,17.3,17.32,19527,0
2015-02-13,17:45:00,17.32,17.32,17.32,17.32,2300,0
2015-02-13,17:50:00,17.32,17.33,17.31,17.33,408000,0
2015-02-13,17:55:00,17.33,17.34,17.31,17.32,37278,0
2015-02-13,18:00:00,17.32,17.33,17.31,17.33,13265,0
2015-02-13,18:05:00,17.33,17.33,17.32,17.32,2100,0
2015-02-13,18:10:00,17.32,17.33,17.32,17.33,5064,0
2015-02-13,18:15:00,17.32,17.33,17.32,17.32,5080,0
2015-02-13,18:20:00,17.33,17.33,17.31,17.32,16293,0
2015-02-13,18:25:00,17.31,17.32,17.31,17.31,3200,0
2015-02-13,18:30:00,17.31,17.32,17.31,17.31,2400,0
2015-02-13,18:35:00,17.31,17.32,17.3,17.32,21068,0
2015-02-13,18:40:00,17.32,17.32,17.32,17.32,1048,0
2015-02-13,18:45:00,17.32,17.32,17.28,17.3,95029,0
2015-02-13,18:50:00,17.3,17.3,17.29,17.3,21368,0
2015-02-13,18:55:00,17.3,17.3,17.29,17.3,2600,0
2015-02-13,19:00:00,17.29,17.29,17.27,17.27,19727,0
2015-02-13,19:05:00,17.27,17.28,17.27,17.27,2900,0
2015-02-13,19:10:00,17.27,17.28,17.27,17.27,3270,0
2015-02-13,19:15:00,17.27,17.27,17.23,17.24,52838,0
2015-02-13,19:20:00,17.24,17.26,17.23,17.24,161169,0
2015-02-13,19:25:00,17.24,17.24,17.24,17.24,700,0
2015-02-13,19:30:00,17.24,17.24,17.23,17.23,3700,0
2015-02-13,19:35:00,17.24,17.24,17.21,17.22,16500,0
2015-02-13,19:40:00,17.21,17.22,17.19,17.2,11350,0
2015-02-13,19:45:00,17.19,17.22,17.19,17.21,43646,0
2015-02-13,19:50:00,17.22,17.22,17.21,17.22,1200,0
2015-02-13,19:55:00,17.22,17.22,17.21,17.22,3760,0
2015-02-13,20:00:00,17.21,17.22,17.2,17.2,86813,0
2015-02-13,20:05:00,17.2,17.21,17.2,17.2,8400,0
2015-02-13,20:10:00,17.2,17.22,17.2,17.2,57340,0
2015-02-13,20:15:00,17.2,17.21,17.2,17.2,16142,0
2015-02-13,20:20:00,17.2,17.22,17.2,17.21,22063,0
2015-02-13,20:25:00,17.21,17.21,17.21,17.21,5751,0
2015-02-13,20:30:00,17.21,17.21,17.2,17.2,10644,0
2015-02-13,20:35:00,17.2,17.21,17.2,17.2,3300,0
2015-02-13,20:40:00,17.2,17.21,17.2,17.2,7970,0
2015-02-13,20:45:00,17.2,17.21,17.2,17.21,11177,0
2015-02-13,20:50:00,17.2,17.21,17.2,17.21,3766,0
2015-02-13,20:55:00,17.21,17.21,17.2,17.2,5720,0
2015-02-13,21:00:00,17.21,17.21,17.2,17.2,26500,0
2015-02-13,21:05:00,17.2,17.21,17.2,17.21,11521,0
2015-02-13,21:10:00,17.21,17.24,17.21,17.23,60078,0
2015-02-13,21:15:00,17.24,17.24,17.23,17.23,1105,0
2015-02-13,21:20:00,17.24,17.24,17.23,17.23,8224,0
2015-02-13,21:25:00,17.23,17.24,17.23,17.23,10940,0
2015-02-13,21:30:00,17.23,17.24,17.22,17.22,28465,0
2015-02-13,21:35:00,17.22,17.23,17.21,17.21,54654,0
2015-02-13,21:40:00,17.21,17.22,17.21,17.22,45920,0
2015-02-13,21:45:00,17.22,17.23,17.21,17.23,32504,0
2015-02-13,21:50:00,17.23,17.25,17.23,17.25,32057,0
2015-02-13,21:55:00,17.25,17.25,17.24,17.25,33779,0
2015-02-13,22:00:00,17.25,17.25,17.2,17.2,552341,0
2015-02-17,15:35:00,17.22,17.27,17.21,17.27,8341,0
2015-02-17,15:40:00,17.24,17.29,17.24,17.28,52899,0
2015-02-17,15:45:00,17.28,17.29,17.28,17.29,3300,0
2015-02-17,15:50:00,17.28,17.29,17.28,17.28,3538,0
2015-02-17,15:55:00,17.28,17.29,17.28,17.28,4000,0
2015-02-17,16:00:00,17.28,17.29,17.28,17.28,1364,0
2015-02-17,16:05:00,17.29,17.3,17.28,17.3,10500,0
2015-02-17,16:10:00,17.3,17.33,17.3,17.33,37123,0
2015-02-17,16:15:00,17.33,17.35,17.32,17.34,128421,0
2015-02-17,16:20:00,17.34,17.39,17.34,17.37,121168,0
2015-02-17,16:25:00,17.37,17.39,17.35,17.35,134563,0
2015-02-17,16:30:00,17.35,17.36,17.34,17.36,37942,0
2015-02-17,16:35:00,17.36,17.42,17.35,17.4,248024,0
2015-02-17,16:40:00,17.4,17.4,17.39,17.4,17562,0
2015-02-17,16:45:00,17.4,17.4,17.38,17.4,28288,0
2015-02-17,16:50:00,17.4,17.4,17.38,17.38,36125,0
2015-02-17,16:55:00,17.39,17.39,17.38,17.38,29723,0
2015-02-17,17:00:00,17.39,17.39,17.37,17.38,87645,0
2015-02-17,17:05:00,17.38,17.39,17.38,17.38,159898,0
2015-02-17,17:10:00,17.39,17.39,17.36,17.37,165326,0
2015-02-17,17:15:00,17.38,17.38,17.37,17.38,3575,0
2015-02-17,17:20:00,17.37,17.38,17.37,17.37,22426,0
2015-02-17,17:25:00,17.37,17.38,17.37,17.38,2400,0
2015-02-17,17:30:00,17.37,17.38,17.37,17.37,6360,0
2015-02-17,17:35:00,17.37,17.38,17.37,17.37,16215,0
2015-02-17,17:40:00,17.37,17.39,17.37,17.39,15546,0
2015-02-17,17:45:00,17.39,17.39,17.38,17.38,4099,0
2015-02-17,17:50:00,17.38,17.39,17.38,17.38,3072,0
2015-02-17,17:55:00,17.39,17.4,17.38,17.4,23649,0
2015-02-17,18:00:00,17.4,17.4,17.39,17.4,2452,0
2015-02-17,18:05:00,17.4,17.4,17.38,17.38,14702,0
2015-02-17,18:10:00,17.39,17.39,17.38,17.38,2300,0
2015-02-17,18:15:00,17.38,17.39,17.38,17.38,5185,0
2015-02-17,18:20:00,17.39,17.39,17.37,17.37,16896,0
2015-02-17,18:25:00,17.37,17.38,17.37,17.37,19068,0
2015-02-17,18:30:00,17.38,17.38,17.37,17.37,1902,0
2015-02-17,18:35:00,17.37,17.4,17.37,17.4,7715,0
2015-02-17,18:40:00,17.4,17.4,17.4,17.4,700,0
2015-02-17,18:45:00,17.4,17.4,17.39,17.39,9960,0
2015-02-17,18:50:00,17.39,17.4,17.39,17.39,2200,0
2015-02-17,18:55:00,17.39,17.4,17.39,17.39,2848,0
2015-02-17,19:00:00,17.39,17.4,17.39,17.4,6856,0
2015-02-17,19:05:00,17.39,17.4,17.39,17.4,2500,0
2015-02-17,19:10:00,17.4,17.4,17.39,17.4,10781,0
2015-02-17,19:15:00,17.4,17.4,17.39,17.4,3500,0
2015-02-17,19:20:00,17.4,17.4,17.39,17.39,3458,0
2015-02-17,19:25:00,17.4,17.4,17.39,17.4,27468,0
2015-02-17,19:30:00,17.4,17.4,17.39,17.4,3400,0
2015-02-17,19:35:00,17.39,17.4,17.39,17.4,2958,0
2015-02-17,19:40:00,17.39,17.4,17.39,17.4,8300,0
2015-02-17,19:45:00,17.39,17.4,17.39,17.39,3426,0
2015-02-17,19:50:00,17.4,17.41,17.39,17.4,65639,0
2015-02-17,19:55:00,17.41,17.41,17.41,17.41,800,0
2015-02-17,20:00:00,17.41,17.41,17.39,17.39,10634,0
2015-02-17,20:05:00,17.4,17.4,17.39,17.39,3206,0
2015-02-17,20:10:00,17.39,17.4,17.39,17.4,1900,0
2015-02-17,20:15:00,17.4,17.4,17.39,17.4,5869,0
2015-02-17,20:20:00,17.4,17.4,17.39,17.4,1500,0
2015-02-17,20:25:00,17.4,17.4,17.39,17.4,2000,0
2015-02-17,20:30:00,17.4,17.4,17.39,17.4,5308,0
2015-02-17,20:35:00,17.4,17.4,17.39,17.39,20164,0
2015-02-17,20:40:00,17.4,17.4,17.39,17.39,3554,0
2015-02-17,20:45:00,17.4,17.4,17.39,17.4,1936,0
2015-02-17,20:50:00,17.4,17.4,17.39,17.39,6392,0
2015-02-17,20:55:00,17.4,17.4,17.39,17.4,1100,0
2015-02-17,21:00:00,17.4,17.4,17.39,17.39,7190,0
2015-02-17,21:05:00,17.4,17.4,17.4,17.4,900,0
2015-02-17,21:10:00,17.4,17.4,17.39,17.4,13209,0
2015-02-17,21:15:00,17.4,17.4,17.39,17.4,8686,0
2015-02-17,21:20:00,17.4,17.4,17.39,17.4,6213,0
2015-02-17,21:25:00,17.4,17.41,17.39,17.4,112416,0
2015-02-17,21:30:00,17.41,17.41,17.4,17.41,23088,0
2015-02-17,21:35:00,17.41,17.41,17.39,17.39,34769,0
2015-02-17,21:40:00,17.39,17.4,17.39,17.39,7593,0
2015-02-17,21:45:00,17.39,17.4,17.38,17.38,45886,0
2015-02-17,21:50:00,17.38,17.38,17.37,17.38,8788,0
2015-02-17,21:55:00,17.38,17.39,17.38,17.39,25642,0
2015-02-17,22:00:00,17.39,17.39,17.36,17.36,276041,0
2015-02-18,15:35:00,17.36,17.36,17.27,17.32,14100,0
2015-02-18,15:40:00,17.32,17.34,17.3,17.34,26683,0
2015-02-18,15:45:00,17.34,17.37,17.34,17.37,4900,0
2015-02-18,15:50:00,17.38,17.39,17.37,17.37,6436,0
2015-02-18,15:55:00,17.37,17.37,17.35,17.36,30540,0
2015-02-18,16:00:00,17.36,17.36,17.36,17.36,5764,0
2015-02-18,16:05:00,17.36,17.36,17.35,17.36,9697,0
2015-02-18,16:10:00,17.37,17.37,17.36,17.37,1337,0
2015-02-18,16:15:00,17.37,17.37,17.37,17.37,9152,0
2015-02-18,16:20:00,17.37,17.38,17.37,17.38,3538,0
2015-02-18,16:25:00,17.37,17.38,17.36,17.37,8616,0
2015-02-18,16:30:00,17.36,17.38,17.36,17.37,10236,0
2015-02-18,16:35:00,17.37,17.39,17.36,17.39,13802,0
2015-02-18,16:40:00,17.39,17.42,17.39,17.42,10507,0
2015-02-18,16:45:00,17.42,17.42,17.4,17.4,27246,0
2015-02-18,16:50:00,17.4,17.42,17.37,17.38,35478,0
2015-02-18,16:55:00,17.37,17.41,17.37,17.4,69870,0
2015-02-18,17:00:00,17.4,17.4,17.39,17.4,11790,0
2015-02-18,17:05:00,17.4,17.42,17.4,17.4,30659,0
2015-02-18,17:10:00,17.41,17.42,17.4,17.41,17253,0
2015-02-18,17:15:00,17.42,17.42,17.41,17.41,7230,0
2015-02-18,17:20:00,17.42,17.45,17.41,17.45,49520,0
2015-02-18,17:25:00,17.45,17.45,17.43,17.45,38926,0
2015-02-18,17:30:00,17.45,17.45,17.42,17.42,25569,0
2015-02-18,17:35:00,17.42,17.43,17.41,17.41,10583,0
2015-02-18,17:40:00,17.41,17.42,17.4,17.4,9524,0
2015-02-18,17:45:00,17.4,17.41,17.4,17.41,3695,0
2015-02-18,17:50:00,17.4,17.41,17.4,17.4,9952,0
2015-02-18,17:55:00,17.4,17.41,17.4,17.4,4557,0
2015-02-18,18:00:00,17.4,17.41,17.4,17.4,7433,0
2015-02-18,18:05:00,17.41,17.41,17.39,17.4,8112,0
2015-02-18,18:10:00,17.4,17.41,17.39,17.41,38383,0
2015-02-18,18:15:00,17.41,17.43,17.41,17.42,8691,0
2015-02-18,18:20:00,17.42,17.42,17.41,17.42,4990,0
2015-02-18,18:25:00,17.42,17.42,17.41,17.42,2493,0
2015-02-18,18:30:00,17.42,17.42,17.41,17.41,21027,0
2015-02-18,18:35:00,17.41,17.42,17.41,17.41,8721,0
2015-02-18,18:40:00,17.42,17.42,17.41,17.42,5290,0
2015-02-18,18:45:00,17.41,17.42,17.4,17.41,9611,0
2015-02-18,18:50:00,17.41,17.42,17.4,17.41,22903,0
2015-02-18,18:55:00,17.41,17.41,17.41,17.41,4914,0
2015-02-18,19:00:00,17.41,17.41,17.4,17.4,5249,0
2015-02-18,19:05:00,17.41,17.41,17.41,17.41,4524,0
2015-02-18,19:10:00,17.41,17.41,17.4,17.4,5514,0
2015-02-18,19:15:00,17.41,17.41,17.4,17.41,7835,0
2015-02-18,19:20:00,17.4,17.41,17.4,17.41,7497,0
2015-02-18,19:25:00,17.41,17.41,17.4,17.4,5000,0
2015-02-18,19:30:00,17.41,17.41,17.4,17.41,6234,0
2015-02-18,19:35:00,17.41,17.41,17.4,17.4,6200,0
2015-02-18,19:40:00,17.41,17.41,17.4,17.41,20121,0
2015-02-18,19:45:00,17.41,17.41,17.4,17.4,12050,0
2015-02-18,19:50:00,17.41,17.41,17.4,17.41,4800,0
2015-02-18,19:55:00,17.4,17.41,17.4,17.41,6591,0
2015-02-18,20:00:00,17.41,17.41,17.4,17.4,10893,0
2015-02-18,20:05:00,17.41,17.41,17.4,17.4,8904,0
2015-02-18,20:10:00,17.41,17.41,17.4,17.4,16773,0
2015-02-18,20:15:00,17.4,17.4,17.39,17.39,6026,0
2015-02-18,20:20:00,17.4,17.4,17.38,17.38,20206,0
2015-02-18,20:25:00,17.39,17.39,17.38,17.38,5788,0
2015-02-18,20:30:00,17.39,17.39,17.38,17.39,11047,0
2015-02-18,20:35:00,17.39,17.39,17.38,17.39,7433,0
2015-02-18,20:40:00,17.39,17.39,17.38,17.38,22244,0
2015-02-18,20:45:00,17.38,17.39,17.38,17.38,4320,0
2015-02-18,20:50:00,17.38,17.39,17.38,17.38,42077,0
2015-02-18,20:55:00,17.38,17.39,17.38,17.38,3415,0
2015-02-18,21:00:00,17.39,17.39,17.38,17.39,15856,0
2015-02-18,21:05:00,17.38,17.39,17.38,17.38,5090,0
2015-02-18,21:10:00,17.38,17.39,17.38,17.38,8036,0
2015-02-18,21:15:00,17.39,17.39,17.38,17.39,13284,0
2015-02-18,21:20:00,17.39,17.4,17.38,17.4,19403,0
2015-02-18,21:25:00,17.4,17.4,17.39,17.39,5083,0
2015-02-18,21:30:00,17.39,17.4,17.39,17.4,7438,0
2015-02-18,21:35:00,17.39,17.4,17.38,17.38,18170,0
2015-02-18,21:40:00,17.38,17.39,17.38,17.39,21502,0
2015-02-18,21:45:00,17.39,17.39,17.38,17.38,12764,0
2015-02-18,21:50:00,17.39,17.39,17.38,17.39,79002,0
2015-02-18,21:55:00,17.39,17.39,17.38,17.38,47459,0
2015-02-18,22:00:00,17.38,17.39,17.38,17.39,416243,0
2015-02-19,15:35:00,17.39,17.4,17.39,17.39,6296,0
2015-02-19,15:40:00,17.37,17.39,17.36,17.39,11740,0
2015-02-19,15:45:00,17.38,17.4,17.38,17.39,39394,0
2015-02-19,15:50:00,17.39,17.4,17.38,17.39,24197,0
2015-02-19,15:55:00,17.38,17.4,17.38,17.4,12482,0
2015-02-19,16:00:00,17.4,17.4,17.39,17.4,11343,0
2015-02-19,16:05:00,17.4,17.41,17.4,17.41,23152,0
2015-02-19,16:10:00,17.4,17.41,17.4,17.41,43988,0
2015-02-19,16:15:00,17.41,17.42,17.41,17.42,20748,0
2015-02-19,16:20:00,17.42,17.42,17.42,17.42,1000,0
2015-02-19,16:25:00,17.42,17.45,17.41,17.45,69807,0
2015-02-19,16:30:00,17.45,17.45,17.44,17.45,5028,0
2015-02-19,16:35:00,17.45,17.47,17.45,17.46,53867,0
2015-02-19,16:40:00,17.45,17.46,17.45,17.46,9533,0
2015-02-19,16:45:00,17.45,17.45,17.45,17.45,5331,0
2015-02-19,16:50:00,17.45,17.47,17.45,17.47,32213,0
2015-02-19,16:55:00,17.46,17.47,17.46,17.47,1800,0
2015-02-19,17:00:00,17.46,17.47,17.46,17.47,5214,0
2015-02-19,17:05:00,17.47,17.48,17.47,17.48,48251,0
2015-02-19,17:10:00,17.48,17.49,17.48,17.49,11052,0
2015-02-19,17:15:00,17.49,17.5,17.49,17.49,22716,0
2015-02-19,17:20:00,17.5,17.5,17.5,17.5,1008,0
2015-02-19,17:25:00,17.5,17.5,17.49,17.49,7613,0
2015-02-19,17:30:00,17.5,17.5,17.49,17.5,2000,0
2015-02-19,17:35:00,17.5,17.5,17.49,17.49,9911,0
2015-02-19,17:40:00,17.5,17.5,17.49,17.5,5900,0
2015-02-19,17:45:00,17.5,17.5,17.49,17.5,4800,0
2015-02-19,17:50:00,17.5,17.5,17.49,17.5,105992,0
2015-02-19,17:55:00,17.5,17.5,17.49,17.49,52340,0
2015-02-19,18:00:00,17.49,17.5,17.49,17.49,4300,0
2015-02-19,18:05:00,17.49,17.5,17.49,17.5,5267,0
2015-02-19,18:10:00,17.49,17.5,17.49,17.49,7700,0
2015-02-19,18:15:00,17.5,17.5,17.49,17.49,11638,0
2015-02-19,18:20:00,17.49,17.49,17.47,17.47,26690,0
2015-02-19,18:25:00,17.47,17.47,17.43,17.43,17647,0
2015-02-19,18:30:00,17.43,17.43,17.43,17.43,2100,0
2015-02-19,18:35:00,17.43,17.44,17.43,17.43,8100,0
2015-02-19,18:40:00,17.43,17.46,17.43,17.46,48942,0
2015-02-19,18:45:00,17.46,17.46,17.45,17.46,4466,0
2015-02-19,18:50:00,17.45,17.46,17.45,17.46,4100,0
2015-02-19,18:55:00,17.46,17.46,17.45,17.46,4100,0
2015-02-19,19:00:00,17.45,17.46,17.45,17.46,3922,0
2015-02-19,19:05:00,17.46,17.46,17.45,17.46,3600,0
2015-02-19,19:10:00,17.46,17.46,17.45,17.46,3800,0
2015-02-19,19:15:00,17.46,17.46,17.46,17.46,3800,0
2015-02-19,19:20:00,17.46,17.46,17.46,17.46,3600,0
2015-02-19,19:25:00,17.46,17.47,17.46,17.47,9093,0
2015-02-19,19:30:00,17.47,17.47,17.46,17.47,4735,0
2015-02-19,19:35:00,17.47,17.47,17.46,17.47,5900,0
2015-02-19,19:40:00,17.47,17.47,17.47,17.47,3400,0
2015-02-19,19:45:00,17.47,17.47,17.46,17.47,4700,0
2015-02-19,19:50:00,17.47,17.47,17.46,17.46,4400,0
2015-02-19,19:55:00,17.47,17.48,17.47,17.48,10383,0
2015-02-19,20:00:00,17.48,17.48,17.47,17.47,5455,0
2015-02-19,20:05:00,17.47,17.48,17.47,17.47,7360,0
2015-02-19,20:10:00,17.47,17.48,17.47,17.47,12623,0
2015-02-19,20:15:00,17.47,17.48,17.47,17.47,10572,0
2015-02-19,20:20:00,17.47,17.48,17.47,17.47,8942,0
2015-02-19,20:25:00,17.47,17.48,17.47,17.47,8592,0
2015-02-19,20:30:00,17.47,17.48,17.46,17.46,23141,0
2015-02-19,20:35:00,17.46,17.46,17.46,17.46,3466,0
2015-02-19,20:40:00,17.46,17.46,17.45,17.45,16969,0
2015-02-19,20:45:00,17.45,17.46,17.45,17.46,9350,0
2015-02-19,20:50:00,17.46,17.46,17.45,17.46,6760,0
2015-02-19,20:55:00,17.46,17.47,17.46,17.47,22350,0
2015-02-19,21:00:00,17.47,17.47,17.46,17.47,5551,0
2015-02-19,21:05:00,17.47,17.47,17.46,17.47,5695,0
2015-02-19,21:10:00,17.47,17.47,17.46,17.47,4800,0
2015-02-19,21:15:00,17.46,17.47,17.46,17.46,6257,0
2015-02-19,21:20:00,17.47,17.47,17.46,17.47,5056,0
2015-02-19,21:25:00,17.47,17.47,17.45,17.45,27823,0
2015-02-19,21:30:00,17.46,17.46,17.45,17.45,22932,0
2015-02-19,21:35:00,17.45,17.45,17.45,17.45,24617,0
2015-02-19,21:40:00,17.45,17.46,17.45,17.45,19730,0
2015-02-19,21:45:00,17.45,17.46,17.45,17.46,18014,0
2015-02-19,21:50:00,17.45,17.46,17.45,17.46,36138,0
2015-02-19,21:55:00,17.45,17.46,17.45,17.45,38032,0
2015-02-19,22:00:00,17.46,17.49,17.45,17.48,229383,0
2015-02-20,15:35:00,17.49,17.49,17.45,17.46,1400,0
2015-02-20,15:40:00,17.47,17.49,17.47,17.48,9911,0
2015-02-20,15:45:00,17.48,17.5,17.45,17.5,157798,0
2015-02-20,15:50:00,17.5,17.5,17.49,17.49,22345,0
2015-02-20,15:55:00,17.49,17.49,17.48,17.48,44355,0
2015-02-20,16:00:00,17.48,17.49,17.48,17.49,22312,0
2015-02-20,16:05:00,17.48,17.48,17.47,17.47,13647,0
2015-02-20,16:10:00,17.48,17.48,17.47,17.47,5495,0
2015-02-20,16:15:00,17.48,17.48,17.47,17.47,3800,0
2015-02-20,16:20:00,17.47,17.48,17.47,17.47,5757,0
2015-02-20,16:25:00,17.48,17.49,17.47,17.48,29206,0
2015-02-20,16:30:00,17.49,17.49,17.48,17.48,9807,0
2015-02-20,16:35:00,17.47,17.48,17.47,17.47,5300,0
2015-02-20,16:40:00,17.47,17.49,17.47,17.49,32812,0
2015-02-20,16:45:00,17.49,17.49,17.49,17.49,2000,0
2015-02-20,16:50:00,17.49,17.49,17.49,17.49,10209,0
2015-02-20,16:55:00,17.49,17.49,17.48,17.49,3300,0
2015-02-20,17:00:00,17.49,17.49,17.48,17.49,6340,0
2015-02-20,17:05:00,17.49,17.5,17.48,17.5,41066,0
2015-02-20,17:10:00,17.49,17.5,17.49,17.49,14660,0
2015-02-20,17:15:00,17.5,17.5,17.49,17.49,9800,0
2015-02-20,17:20:00,17.49,17.5,17.49,17.49,12000,0
2015-02-20,17:25:00,17.49,17.5,17.49,17.49,14850,0
2015-02-20,17:30:00,17.49,17.5,17.49,17.49,3600,0
2015-02-20,17:35:00,17.5,17.5,17.49,17.49,6455,0
2015-02-20,17:40:00,17.5,17.5,17.47,17.47,14868,0
2015-02-20,17:45:00,17.48,17.48,17.47,17.47,4000,0
2015-02-20,17:50:00,17.48,17.49,17.47,17.49,8200,0
2015-02-20,17:55:00,17.49,17.5,17.48,17.5,5507,0
2015-02-20,18:00:00,17.5,17.5,17.49,17.5,2803,0
2015-02-20,18:05:00,17.49,17.49,17.48,17.48,9901,0
2015-02-20,18:10:00,17.49,17.49,17.48,17.48,2700,0
2015-02-20,18:15:00,17.48,17.49,17.48,17.48,3800,0
2015-02-20,18:20:00,17.48,17.49,17.48,17.49,3300,0
2015-02-20,18:25:00,17.48,17.49,17.48,17.49,5908,0
2015-02-20,18:30:00,17.49,17.49,17.48,17.49,4110,0
2015-02-20,18:35:00,17.49,17.49,17.48,17.49,16222,0
2015-02-20,18:40:00,17.49,17.5,17.48,17.49,9832,0
2015-02-20,18:45:00,17.49,17.49,17.49,17.49,6698,0
2015-02-20,18:50:00,17.49,17.5,17.49,17.49,3473,0
2015-02-20,18:55:00,17.5,17.5,17.49,17.5,2000,0
2015-02-20,19:00:00,17.49,17.5,17.49,17.49,2400,0
2015-02-20,19:05:00,17.49,17.5,17.49,17.49,3689,0
2015-02-20,19:10:00,17.5,17.5,17.49,17.49,4400,0
2015-02-20,19:15:00,17.5,17.5,17.49,17.49,2535,0
2015-02-20,19:20:00,17.5,17.5,17.49,17.5,11951,0
2015-02-20,19:25:00,17.5,17.5,17.49,17.5,6712,0
2015-02-20,19:30:00,17.5,17.5,17.49,17.5,8456,0
2015-02-20,19:35:00,17.5,17.5,17.49,17.49,3500,0
2015-02-20,19:40:00,17.49,17.5,17.49,17.49,4200,0
2015-02-20,19:45:00,17.5,17.5,17.49,17.5,4782,0
2015-02-20,19:50:00,17.49,17.5,17.49,17.5,4037,0
2015-02-20,19:55:00,17.5,17.5,17.49,17.49,38940,0
2015-02-20,20:00:00,17.5,17.5,17.48,17.48,28327,0
2015-02-20,20:05:00,17.48,17.49,17.48,17.48,8058,0
2015-02-20,20:10:00,17.48,17.5,17.48,17.49,39088,0
2015-02-20,20:15:00,17.49,17.5,17.49,17.49,9802,0
2015-02-20,20:20:00,17.48,17.5,17.48,17.5,9300,0
2015-02-20,20:25:00,17.49,17.5,17.49,17.49,39793,0
2015-02-20,20:30:00,17.5,17.51,17.5,17.51,86023,0
2015-02-20,20:35:00,17.5,17.51,17.5,17.51,13772,0
2015-02-20,20:40:00,17.51,17.53,17.5,17.52,21754,0
2015-02-20,20:45:00,17.52,17.53,17.52,17.53,11860,0
2015-02-20,20:50:00,17.53,17.53,17.52,17.53,5600,0
2015-02-20,20:55:00,17.53,17.53,17.51,17.51,18798,0
2015-02-20,21:00:00,17.52,17.52,17.51,17.51,3529,0
2015-02-20,21:05:00,17.51,17.52,17.51,17.51,7300,0
2015-02-20,21:10:00,17.52,17.53,17.51,17.52,27121,0
2015-02-20,21:15:00,17.52,17.53,17.52,17.53,2800,0
2015-02-20,21:20:00,17.52,17.53,17.52,17.52,4885,0
2015-02-20,21:25:00,17.52,17.53,17.52,17.52,7288,0
2015-02-20,21:30:00,17.52,17.53,17.52,17.52,12479,0
2015-02-20,21:35:00,17.52,17.53,17.52,17.52,13603,0
2015-02-20,21:40:00,17.52,17.53,17.51,17.51,47579,0
2015-02-20,21:45:00,17.51,17.52,17.51,17.51,41018,0
2015-02-20,21:50:00,17.52,17.53,17.51,17.52,53891,0
2015-02-20,21:55:00,17.52,17.52,17.51,17.52,26636,0
2015-02-20,22:00:00,17.51,17.54,17.51,17.54,288479,0
2015-02-23,15:35:00,17.5,17.59,17.5,17.55,67310,0
2015-02-23,15:40:00,17.53,17.53,17.51,17.51,7700,0
2015-02-23,15:45:00,17.52,17.53,17.5,17.5,6000,0
2015-02-23,15:50:00,17.51,17.51,17.46,17.47,6300,0
2015-02-23,15:55:00,17.47,17.47,17.47,17.47,1600,0
2015-02-23,16:00:00,17.47,17.51,17.47,17.51,34755,0
2015-02-23,16:05:00,17.5,17.51,17.5,17.51,200,0
2015-02-23,16:10:00,17.5,17.51,17.5,17.51,800,0
2015-02-23,16:15:00,17.5,17.51,17.5,17.5,3700,0
2015-02-23,16:20:00,17.51,17.51,17.5,17.51,1120,0
2015-02-23,16:25:00,17.5,17.51,17.5,17.51,3200,0
2015-02-23,16:30:00,17.5,17.51,17.5,17.51,200,0
2015-02-23,16:35:00,17.5,17.54,17.5,17.54,30420,0
2015-02-23,16:40:00,17.54,17.55,17.53,17.55,5950,0
2015-02-23,16:45:00,17.55,17.55,17.54,17.55,4110,0
2015-02-23,16:50:00,17.55,17.55,17.54,17.55,3300,0
2015-02-23,16:55:00,17.55,17.55,17.54,17.55,1600,0
2015-02-23,17:00:00,17.55,17.55,17.54,17.55,5272,0
2015-02-23,17:05:00,17.54,17.55,17.54,17.54,8440,0
2015-02-23,17:10:00,17.55,17.55,17.54,17.54,6820,0
2015-02-23,17:15:00,17.55,17.55,17.54,17.55,4058,0
2015-02-23,17:20:00,17.55,17.55,17.53,17.53,37428,0
2015-02-23,17:25:00,17.54,17.54,17.54,17.54,400,0
2015-02-23,17:30:00,17.54,17.54,17.53,17.54,25887,0
2015-02-23,17:35:00,17.54,17.55,17.53,17.54,6490,0
2015-02-23,17:40:00,17.53,17.54,17.53,17.53,1000,0
2015-02-23,17:45:00,17.53,17.54,17.53,17.54,24260,0
2015-02-23,17:50:00,17.54,17.54,17.53,17.54,1300,0
2015-02-23,17:55:00,17.53,17.53,17.53,17.53,300,0
2015-02-23,18:00:00,17.54,17.54,17.51,17.51,12505,0
2015-02-23,18:05:00,17.51,17.52,17.5,17.51,67671,0
2015-02-23,18:10:00,17.5,17.5,17.5,17.5,33036,0
2015-02-23,18:15:00,17.5,17.51,17.5,17.5,2579,0
2015-02-23,18:20:00,17.5,17.51,17.5,17.5,30047,0
2015-02-23,18:25:00,17.51,17.51,17.5,17.5,2144,0
2015-02-23,18:30:00,17.5,17.51,17.5,17.5,116336,0
2015-02-23,18:35:00,17.5,17.51,17.5,17.51,1000,0
2015-02-23,18:40:00,17.5,17.52,17.5,17.51,19772,0
2015-02-23,18:45:00,17.51,17.51,17.51,17.51,1600,0
2015-02-23,18:50:00,17.51,17.51,17.5,17.51,27283,0
2015-02-23,18:55:00,17.51,17.51,17.5,17.5,1400,0
2015-02-23,19:00:00,17.5,17.52,17.5,17.51,6006,0
2015-02-23,19:05:00,17.52,17.52,17.51,17.51,1817,0
2015-02-23,19:10:00,17.51,17.52,17.51,17.51,1200,0
2015-02-23,19:15:00,17.51,17.52,17.51,17.52,923,0
2015-02-23,19:20:00,17.52,17.53,17.52,17.52,10071,0
2015-02-23,19:25:00,17.52,17.53,17.52,17.53,500,0
2015-02-23,19:30:00,17.52,17.53,17.52,17.53,1700,0
2015-02-23,19:35:00,17.52,17.53,17.51,17.51,3700,0
2015-02-23,19:40:00,17.51,17.53,17.51,17.53,12072,0
2015-02-23,19:45:00,17.52,17.52,17.51,17.51,9255,0
2015-02-23,19:50:00,17.51,17.52,17.51,17.52,8200,0
2015-02-23,19:55:00,17.52,17.52,17.51,17.52,7135,0
2015-02-23,20:00:00,17.51,17.52,17.51,17.52,1400,0
2015-02-23,20:05:00,17.52,17.53,17.52,17.53,8226,0
2015-02-23,20:10:00,17.53,17.53,17.53,17.53,900,0
2015-02-23,20:15:00,17.53,17.53,17.52,17.53,3000,0
2015-02-23,20:20:00,17.53,17.54,17.52,17.52,13751,0
2015-02-23,20:25:00,17.53,17.53,17.53,17.53,400,0
2015-02-23,20:30:00,17.53,17.53,17.52,17.53,4793,0
2015-02-23,20:35:00,17.53,17.53,17.52,17.53,6002,0
2015-02-23,20:40:00,17.52,17.53,17.52,17.52,6604,0
2015-02-23,20:45:00,17.53,17.54,17.52,17.53,66815,0
2015-02-23,20:50:00,17.53,17.55,17.52,17.54,57704,0
2015-02-23,20:55:00,17.54,17.54,17.53,17.53,26694,0
2015-02-23,21:00:00,17.53,17.54,17.53,17.53,8806,0
2015-02-23,21:05:00,17.53,17.54,17.53,17.53,15609,0
2015-02-23,21:10:00,17.53,17.54,17.52,17.53,32885,0
2015-02-23,21:15:00,17.53,17.53,17.52,17.53,10674,0
2015-02-23,21:20:00,17.53,17.53,17.52,17.53,15309,0
2015-02-23,21:25:00,17.54,17.54,17.52,17.53,24228,0
2015-02-23,21:30:00,17.53,17.54,17.53,17.53,8841,0
2015-02-23,21:35:00,17.53,17.54,17.53,17.54,14916,0
2015-02-23,21:40:00,17.54,17.54,17.53,17.53,5900,0
2015-02-23,21:45:00,17.54,17.54,17.53,17.53,23229,0
2015-02-23,21:50:00,17.54,17.54,17.53,17.53,12410,0
2015-02-23,21:55:00,17.54,17.54,17.53,17.54,49311,0
2015-02-23,22:00:00,17.54,17.55,17.53,17.55,1307947,0
