Date,Time,Open,High,Low,Close,Volume,OpenInt
2015-02-02,19:15:00,10.73,10.75,10.72,10.75,4320,0
2015-02-02,19:20:00,10.72,10.75,10.72,10.73,2400,0
2015-02-02,19:25:00,10.71,10.72,10.69,10.72,600,0
2015-02-02,19:30:00,10.74,10.74,10.71,10.73,6946,0
2015-02-02,19:35:00,10.73,10.73,10.72,10.73,1100,0
2015-02-02,19:40:00,10.74,10.74,10.66,10.66,8453,0
2015-02-02,19:45:00,10.65,10.68,10.65,10.67,1100,0
2015-02-02,19:50:00,10.67,10.71,10.67,10.71,2596,0
2015-02-02,19:55:00,10.72,10.72,10.7,10.7,800,0
2015-02-02,20:00:00,10.69,10.7,10.68,10.69,5900,0
2015-02-02,20:05:00,10.67,10.7,10.67,10.7,700,0
2015-02-02,20:10:00,10.72,10.73,10.7,10.71,4762,0
2015-02-02,20:15:00,10.7,10.7,10.69,10.69,700,0
2015-02-02,20:20:00,10.69,10.71,10.68,10.71,1550,0
2015-02-02,20:25:00,10.71,10.72,10.7,10.71,2000,0
2015-02-02,20:30:00,10.72,10.75,10.72,10.74,12600,0
2015-02-02,20:35:00,10.73,10.76,10.73,10.74,2200,0
2015-02-02,20:40:00,10.74,10.76,10.74,10.75,700,0
2015-02-02,20:45:00,10.74,10.74,10.73,10.73,200,0
2015-02-02,20:50:00,10.73,10.77,10.73,10.76,11300,0
2015-02-02,20:55:00,10.77,10.81,10.77,10.81,4300,0
2015-02-02,21:00:00,10.79,10.79,10.78,10.78,1600,0
2015-02-02,21:05:00,10.78,10.78,10.78,10.78,200,0
2015-02-02,21:10:00,10.77,10.79,10.77,10.79,300,0
2015-02-02,21:15:00,10.79,10.82,10.78,10.81,8400,0
2015-02-02,21:20:00,10.82,10.82,10.8,10.8,200,0
2015-02-02,21:25:00,10.81,10.82,10.8,10.8,1700,0
2015-02-02,21:30:00,10.8,10.81,10.8,10.8,1200,0
2015-02-02,21:35:00,10.8,10.83,10.8,10.81,5100,0
2015-02-02,21:40:00,10.8,10.87,10.8,10.85,6600,0
2015-02-02,21:45:00,10.84,10.9,10.84,10.85,11140,0
2015-02-02,21:50:00,10.86,10.87,10.85,10.86,2263,0
2015-02-02,21:55:00,10.88,10.89,10.87,10.88,3700,0
2015-02-02,22:00:00,10.89,10.91,10.87,10.88,24242,0
2015-02-03,15:35:00,10.84,10.95,10.84,10.92,1600,0
2015-02-03,15:40:00,10.95,10.95,10.93,10.94,3700,0
2015-02-03,15:45:00,10.94,10.95,10.93,10.94,2800,0
2015-02-03,15:50:00,10.95,10.95,10.94,10.94,3400,0
2015-02-03,15:55:00,10.95,10.95,10.91,10.91,3300,0
2015-02-03,16:00:00,10.95,10.95,10.94,10.95,4162,0
2015-02-03,16:05:00,10.95,10.95,10.91,10.94,3692,0
2015-02-03,16:10:00,10.92,10.92,10.91,10.91,600,0
2015-02-03,16:15:00,10.91,10.92,10.9,10.92,2200,0
2015-02-03,16:20:00,10.91,10.91,10.87,10.87,1200,0
2015-02-03,16:25:00,10.9,10.91,10.9,10.9,400,0
2015-02-03,16:30:00,10.9,10.93,10.88,10.89,2800,0
2015-02-03,16:35:00,10.91,10.93,10.91,10.91,1100,0
2015-02-03,16:40:00,10.93,10.93,10.92,10.92,500,0
2015-02-03,16:45:00,10.92,10.92,10.88,10.91,26600,0
2015-02-03,16:50:00,10.91,10.95,10.86,10.95,12101,0
2015-02-03,16:55:00,10.95,10.95,10.95,10.95,1042,0
2015-02-03,17:00:00,10.94,10.97,10.94,10.95,700,0
2015-02-03,17:05:00,10.95,10.99,10.95,10.99,2100,0
2015-02-03,17:10:00,10.97,10.97,10.95,10.95,400,0
2015-02-03,17:15:00,10.95,10.99,10.95,10.99,1200,0
2015-02-03,17:20:00,10.97,11.0,10.97,10.98,2300,0
2015-02-03,17:25:00,10.99,11.0,10.95,10.98,1500,0
2015-02-03,17:30:00,10.99,11.0,10.95,11.0,1200,0
2015-02-03,17:35:00,10.98,10.98,10.98,10.98,300,0
2015-02-03,17:40:00,10.99,10.99,10.97,10.97,900,0
2015-02-03,17:45:00,10.97,10.97,10.95,10.95,5800,0
2015-02-03,17:50:00,10.95,10.95,10.94,10.95,1600,0
2015-02-03,17:55:00,10.95,10.95,10.95,10.95,600,0
2015-02-03,18:00:00,10.94,11.0,10.94,11.0,7500,0
2015-02-03,18:05:00,11.0,11.0,11.0,11.0,2000,0
2015-02-03,18:10:00,11.01,11.05,11.01,11.05,1200,0
2015-02-03,18:15:00,11.04,11.05,11.04,11.05,4768,0
2015-02-03,18:20:00,11.05,11.05,11.0,11.0,1800,0
2015-02-03,18:25:00,11.0,11.0,10.99,10.99,400,0
2015-02-03,18:30:00,10.99,10.99,10.99,10.99,200,0
2015-02-03,18:35:00,10.99,10.99,10.99,10.99,400,0
2015-02-03,18:40:00,11.0,11.02,11.0,11.0,1600,0
2015-02-03,18:45:00,11.02,11.02,11.01,11.01,1000,0
2015-02-03,18:50:00,11.02,11.02,11.02,11.02,200,0
2015-02-03,18:55:00,11.03,11.03,11.02,11.03,500,0
2015-02-03,19:00:00,11.03,11.03,11.03,11.03,300,0
2015-02-03,19:05:00,11.02,11.05,11.02,11.05,3900,0
2015-02-03,19:10:00,11.05,11.07,11.04,11.05,26700,0
2015-02-03,19:15:00,11.07,11.07,11.01,11.04,3900,0
2015-02-03,19:20:00,11.05,11.06,11.04,11.04,4228,0
2015-02-03,19:25:00,11.05,11.05,11.04,11.04,1100,0
2015-02-03,19:30:00,11.04,11.04,11.0,11.0,1600,0
2015-02-03,19:35:00,11.0,11.0,11.0,11.0,600,0
2015-02-03,19:40:00,10.97,11.0,10.96,10.98,1500,0
2015-02-03,19:45:00,11.0,11.02,10.98,11.02,2200,0
2015-02-03,19:50:00,11.07,11.09,11.06,11.07,8200,0
2015-02-03,19:55:00,11.07,11.08,11.04,11.07,2400,0
2015-02-03,20:00:00,11.07,11.07,11.06,11.06,1000,0
2015-02-03,20:05:00,11.06,11.09,11.06,11.07,1400,0
2015-02-03,20:10:00,11.07,11.07,11.03,11.03,2700,0
2015-02-03,20:15:00,11.05,11.07,11.04,11.07,1440,0
2015-02-03,20:20:00,11.09,11.09,11.05,11.05,900,0
2015-02-03,20:25:00,11.05,11.06,11.05,11.06,500,0
2015-02-03,20:30:00,11.04,11.06,11.02,11.06,2200,0
2015-02-03,20:35:00,11.05,11.06,11.05,11.06,450,0
2015-02-03,20:40:00,11.05,11.07,11.05,11.06,1100,0
2015-02-03,20:45:00,11.07,11.07,11.06,11.07,3672,0
2015-02-03,20:50:00,11.08,11.14,11.08,11.1,600,0
2015-02-03,20:55:00,11.1,11.1,11.07,11.07,2183,0
2015-02-03,21:00:00,11.06,11.06,11.05,11.06,1200,0
2015-02-03,21:05:00,11.06,11.07,11.05,11.05,3012,0
2015-02-03,21:10:00,11.05,11.09,11.05,11.09,6300,0
2015-02-03,21:15:00,11.07,11.07,11.07,11.07,400,0
2015-02-03,21:20:00,11.07,11.08,11.04,11.06,2000,0
2015-02-03,21:25:00,11.04,11.07,11.04,11.07,1100,0
2015-02-03,21:30:00,11.09,11.09,11.05,11.06,3006,0
2015-02-03,21:35:00,11.07,11.07,11.01,11.01,4100,0
2015-02-03,21:40:00,11.0,11.0,10.97,10.98,2723,0
2015-02-03,21:45:00,11.0,11.04,11.0,11.01,5400,0
2015-02-03,21:50:00,11.02,11.05,11.01,11.04,4504,0
2015-02-03,21:55:00,11.04,11.04,10.96,10.96,11099,0
2015-02-03,22:00:00,10.96,10.98,10.93,10.98,52686,0
2015-02-04,15:35:00,10.88,11.01,10.86,11.01,4450,0
2015-02-04,15:40:00,10.93,11.06,10.93,11.06,2200,0
2015-02-04,15:45:00,11.03,11.03,10.98,10.98,1000,0
2015-02-04,15:50:00,10.97,11.01,10.91,10.91,2000,0
2015-02-04,15:55:00,10.92,10.92,10.86,10.86,1400,0
2015-02-04,16:00:00,10.86,10.95,10.86,10.95,2072,0
2015-02-04,16:05:00,10.97,10.97,10.92,10.92,1000,0
2015-02-04,16:10:00,10.88,10.93,10.86,10.88,1500,0
2015-02-04,16:15:00,10.87,10.92,10.87,10.9,2800,0
2015-02-04,16:20:00,10.87,10.92,10.84,10.92,1100,0
2015-02-04,16:25:00,10.89,10.89,10.85,10.89,1900,0
2015-02-04,16:30:00,10.88,10.91,10.85,10.91,4223,0
2015-02-04,16:35:00,10.89,10.91,10.89,10.9,1300,0
2015-02-04,16:40:00,10.88,10.91,10.88,10.91,2000,0
2015-02-04,16:45:00,10.89,10.9,10.89,10.9,800,0
2015-02-04,16:50:00,10.88,10.9,10.87,10.87,4000,0
2015-02-04,16:55:00,10.87,10.89,10.87,10.89,600,0
2015-02-04,17:00:00,10.89,10.9,10.88,10.9,1300,0
2015-02-04,17:05:00,10.88,10.9,10.86,10.88,4000,0
2015-02-04,17:10:00,10.9,10.96,10.9,10.96,2900,0
2015-02-04,17:15:00,10.99,10.99,10.99,10.99,500,0
2015-02-04,17:20:00,10.99,10.99,10.96,10.98,2550,0
2015-02-04,17:25:00,10.96,10.99,10.96,10.99,700,0
2015-02-04,17:30:00,10.96,10.96,10.96,10.96,400,0
2015-02-04,17:35:00,10.96,11.07,10.96,11.05,2602,0
2015-02-04,17:40:00,11.05,11.05,11.04,11.05,800,0
2015-02-04,17:45:00,11.04,11.06,11.02,11.06,1834,0
2015-02-04,17:50:00,11.06,11.06,11.06,11.06,402,0
2015-02-04,17:55:00,11.03,11.03,11.01,11.01,200,0
2015-02-04,18:00:00,11.03,11.03,11.0,11.03,563,0
2015-02-04,18:05:00,11.0,11.0,10.96,10.98,1200,0
2015-02-04,18:10:00,10.97,10.98,10.97,10.97,900,0
2015-02-04,18:15:00,10.97,10.97,10.97,10.97,400,0
2015-02-04,18:20:00,10.99,10.99,10.94,10.94,1100,0
2015-02-04,18:25:00,10.95,10.96,10.93,10.96,4824,0
2015-02-04,18:30:00,10.96,10.96,10.92,10.95,1400,0
2015-02-04,18:35:00,10.96,10.96,10.95,10.96,400,0
2015-02-04,18:40:00,10.97,10.97,10.97,10.97,200,0
2015-02-04,18:45:00,10.97,10.97,10.95,10.97,1036,0
2015-02-04,18:50:00,10.98,11.04,10.98,11.04,2500,0
2015-02-04,18:55:00,11.04,11.04,11.04,11.04,100,0
2015-02-04,19:00:00,11.02,11.04,11.02,11.04,800,0
2015-02-04,19:05:00,11.03,11.03,11.02,11.03,1000,0
2015-02-04,19:10:00,11.01,11.03,11.01,11.03,1115,0
2015-02-04,19:15:00,11.01,11.01,10.98,11.0,1300,0
2015-02-04,19:20:00,11.0,11.0,11.0,11.0,400,0
2015-02-04,19:25:00,10.99,10.99,10.98,10.98,500,0
2015-02-04,19:30:00,10.98,11.02,10.98,10.99,500,0
2015-02-04,19:35:00,11.0,11.02,10.99,10.99,900,0
2015-02-04,19:40:00,10.99,11.01,10.99,10.99,501,0
2015-02-04,19:45:00,10.98,11.01,10.98,10.98,700,0
2015-02-04,19:50:00,11.01,11.01,10.98,10.98,900,0
2015-02-04,19:55:00,11.01,11.02,10.98,11.02,1800,0
2015-02-04,20:00:00,10.99,11.01,10.98,11.0,2721,0
2015-02-04,20:05:00,10.99,11.01,10.99,10.99,500,0
2015-02-04,20:10:00,11.01,11.06,11.01,11.05,6248,0
2015-02-04,20:15:00,11.03,11.05,11.0,11.0,1300,0
2015-02-04,20:20:00,10.98,11.01,10.98,11.0,600,0
2015-02-04,20:25:00,10.99,10.99,10.99,10.99,300,0
2015-02-04,20:30:00,10.99,11.02,10.99,11.0,2000,0
2015-02-04,20:35:00,11.0,11.05,11.0,11.02,211674,0
2015-02-04,20:40:00,11.04,11.06,11.04,11.06,7490,0
2015-02-04,20:45:00,11.06,11.07,11.06,11.06,1900,0
2015-02-04,20:50:00,11.05,11.05,11.01,11.04,4600,0
2015-02-04,20:55:00,11.02,11.03,11.02,11.03,800,0
2015-02-04,21:00:00,11.04,11.04,11.01,11.01,4100,0
2015-02-04,21:05:00,11.0,11.03,11.0,11.03,3800,0
2015-02-04,21:10:00,11.0,11.0,11.0,11.0,400,0
2015-02-04,21:15:00,11.0,11.03,11.0,11.02,1200,0
2015-02-04,21:20:00,11.03,11.03,11.02,11.03,4400,0
2015-02-04,21:25:00,11.03,11.03,11.01,11.03,6774,0
2015-02-04,21:30:00,11.03,11.04,11.02,11.03,1400,0
2015-02-04,21:35:00,11.03,11.03,10.95,11.0,11654,0
2015-02-04,21:40:00,11.02,11.03,10.94,10.96,11889,0
2015-02-04,21:45:00,10.96,11.0,10.94,10.99,5500,0
2015-02-04,21:50:00,11.0,11.0,10.98,11.0,16800,0
2015-02-04,21:55:00,11.01,11.01,10.96,10.96,7061,0
2015-02-04,22:00:00,10.96,10.99,10.96,10.99,24844,0
2015-02-05,15:35:00,11.05,11.07,10.99,10.99,400,0
2015-02-05,15:40:00,11.06,11.21,11.06,11.21,500,0
2015-02-05,15:45:00,11.16,11.21,11.01,11.17,9900,0
2015-02-05,15:50:00,11.12,11.19,11.11,11.14,2500,0
2015-02-05,15:55:00,11.14,11.14,11.1,11.1,800,0
2015-02-05,16:00:00,11.12,11.13,11.12,11.12,600,0
2015-02-05,16:05:00,11.15,11.15,11.02,11.06,1100,0
2015-02-05,16:10:00,11.08,11.1,11.02,11.02,3400,0
2015-02-05,16:15:00,11.05,11.05,11.02,11.04,800,0
2015-02-05,16:20:00,11.01,11.07,11.01,11.06,3918,0
2015-02-05,16:25:00,11.07,11.08,11.05,11.05,700,0
2015-02-05,16:30:00,11.05,11.05,11.02,11.02,1900,0
2015-02-05,16:40:00,11.03,11.03,11.03,11.03,200,0
2015-02-05,16:45:00,11.05,11.05,11.01,11.03,1600,0
2015-02-05,16:50:00,11.03,11.03,11.03,11.03,200,0
2015-02-05,17:00:00,11.05,11.05,10.99,11.01,4200,0
2015-02-05,17:05:00,11.0,11.03,11.0,11.01,800,0
2015-02-05,17:10:00,11.0,11.03,11.0,11.03,300,0
2015-02-05,17:15:00,11.01,11.03,10.97,11.02,4280,0
2015-02-05,17:20:00,11.02,11.03,10.99,11.03,1119,0
2015-02-05,17:25:00,11.01,11.02,11.0,11.0,1000,0
2015-02-05,17:35:00,11.0,11.01,11.0,11.0,1510,0
2015-02-05,17:40:00,10.99,10.99,10.99,10.99,1000,0
2015-02-05,17:45:00,11.01,11.02,10.99,11.02,2571,0
2015-02-05,17:50:00,11.0,11.02,11.0,11.0,1800,0
2015-02-05,17:55:00,11.01,11.02,11.01,11.02,400,0
2015-02-05,18:00:00,11.02,11.04,11.01,11.01,700,0
2015-02-05,18:05:00,11.02,11.02,11.01,11.02,400,0
2015-02-05,18:10:00,11.0,11.0,11.0,11.0,100,0
2015-02-05,18:15:00,11.02,11.02,10.99,11.0,3400,0
2015-02-05,18:20:00,11.02,11.02,11.0,11.0,1300,0
2015-02-05,18:25:00,11.0,11.03,11.0,11.01,1100,0
2015-02-05,18:30:00,11.02,11.04,11.01,11.04,318,0
2015-02-05,18:35:00,11.04,11.04,11.0,11.0,900,0
2015-02-05,18:40:00,11.0,11.02,10.98,11.0,1300,0
2015-02-05,18:45:00,10.99,11.02,10.99,11.0,400,0
2015-02-05,18:50:00,11.0,11.02,11.0,11.0,1100,0
2015-02-05,18:55:00,11.0,11.01,10.97,10.99,8300,0
2015-02-05,19:00:00,11.01,11.01,10.99,11.0,6200,0
2015-02-05,19:05:00,11.01,11.03,11.0,11.01,5600,0
2015-02-05,19:10:00,11.02,11.02,11.02,11.02,1900,0
2015-02-05,19:15:00,11.02,11.02,11.01,11.02,2100,0
2015-02-05,19:20:00,11.02,11.02,11.02,11.02,800,0
2015-02-05,19:25:00,11.02,11.02,11.02,11.02,2600,0
2015-02-05,19:30:00,11.02,11.02,11.0,11.01,2000,0
2015-02-05,19:35:00,11.01,11.01,10.98,11.0,2682,0
2015-02-05,19:40:00,11.0,11.03,10.98,11.0,1337,0
2015-02-05,19:45:00,11.0,11.01,11.0,11.0,400,0
2015-02-05,19:50:00,11.01,11.01,10.98,11.0,1100,0
2015-02-05,19:55:00,11.01,11.01,11.0,11.01,400,0
2015-02-05,20:00:00,11.02,11.02,10.96,11.01,3000,0
2015-02-05,20:05:00,11.01,11.01,10.99,11.01,800,0
2015-02-05,20:10:00,11.0,11.03,11.0,11.01,1000,0
2015-02-05,20:15:00,11.01,11.02,11.0,11.0,2900,0
2015-02-05,20:20:00,11.01,11.02,11.01,11.02,1000,0
2015-02-05,20:25:00,11.03,11.03,10.98,11.02,2100,0
2015-02-05,20:30:00,11.02,11.02,10.96,11.0,3000,0
2015-02-05,20:35:00,11.0,11.05,11.0,11.05,3509,0
2015-02-05,20:40:00,11.05,11.07,11.03,11.05,6615,0
2015-02-05,20:45:00,11.05,11.05,11.03,11.05,1409,0
2015-02-05,20:50:00,11.03,11.05,11.02,11.04,1400,0
2015-02-05,20:55:00,11.04,11.05,11.04,11.05,1400,0
2015-02-05,21:00:00,11.05,11.05,11.03,11.05,11278,0
2015-02-05,21:05:00,11.08,11.09,11.07,11.09,800,0
2015-02-05,21:10:00,11.09,11.09,11.02,11.05,8823,0
2015-02-05,21:15:00,11.04,11.05,11.03,11.05,1300,0
2015-02-05,21:20:00,11.04,11.05,11.03,11.05,2200,0
2015-02-05,21:25:00,11.06,11.06,11.04,11.05,2600,0
2015-02-05,21:30:00,11.06,11.06,11.04,11.04,3500,0
2015-02-05,21:35:00,11.05,11.06,11.05,11.06,2208,0
2015-02-05,21:40:00,11.06,11.11,11.06,11.11,6118,0
2015-02-05,21:45:00,11.12,11.13,11.06,11.06,7596,0
2015-02-05,21:50:00,11.09,11.09,11.05,11.07,7067,0
2015-02-05,21:55:00,11.08,11.08,11.08,11.08,6511,0
2015-02-05,22:00:00,11.08,11.08,11.05,11.06,83137,0
2015-02-06,15:35:00,11.09,11.09,10.98,10.98,4896,0
2015-02-06,15:40:00,11.03,11.07,11.03,11.07,900,0
2015-02-06,15:45:00,11.08,11.13,11.07,11.13,4481,0
2015-02-06,15:50:00,11.14,11.22,11.13,11.22,3750,0
2015-02-06,15:55:00,11.18,11.18,11.18,11.18,300,0
2015-02-06,16:05:00,11.14,11.14,11.14,11.14,200,0
2015-02-06,16:10:00,11.18,11.22,11.16,11.22,1000,0
2015-02-06,16:15:00,11.21,11.21,11.19,11.21,1200,0
2015-02-06,16:20:00,11.21,11.22,11.19,11.2,5792,0
2015-02-06,16:25:00,11.19,11.21,11.17,11.17,1059,0
2015-02-06,16:30:00,11.17,11.17,11.17,11.17,300,0
2015-02-06,16:35:00,11.17,11.2,11.17,11.2,1800,0
2015-02-06,16:40:00,11.19,11.19,11.19,11.19,800,0
2015-02-06,16:45:00,11.19,11.19,11.17,11.19,1981,0
2015-02-06,16:50:00,11.19,11.19,11.19,11.19,600,0
2015-02-06,16:55:00,11.19,11.19,11.18,11.19,600,0
2015-02-06,17:00:00,11.19,11.19,11.17,11.17,200,0
2015-02-06,17:05:00,11.17,11.19,11.17,11.19,352,0
2015-02-06,17:10:00,11.19,11.19,11.18,11.18,200,0
2015-02-06,17:15:00,11.19,11.2,11.19,11.2,3493,0
2015-02-06,17:20:00,11.2,11.2,11.2,11.2,1300,0
2015-02-06,17:25:00,11.2,11.22,11.2,11.22,2000,0
2015-02-06,17:30:00,11.22,11.22,11.22,11.22,700,0
2015-02-06,17:35:00,11.22,11.22,11.21,11.21,600,0
2015-02-06,17:45:00,11.2,11.2,11.2,11.2,100,0
2015-02-06,17:50:00,11.21,11.21,11.2,11.21,706,0
2015-02-06,18:05:00,11.19,11.21,11.19,11.2,800,0
2015-02-06,18:10:00,11.17,11.21,11.15,11.15,2500,0
2015-02-06,18:15:00,11.16,11.19,11.16,11.18,1267,0
2015-02-06,18:20:00,11.21,11.21,11.21,11.21,100,0
2015-02-06,18:25:00,11.2,11.2,11.2,11.2,200,0
2015-02-06,18:30:00,11.21,11.21,11.21,11.21,200,0
2015-02-06,18:35:00,11.21,11.21,11.19,11.19,300,0
2015-02-06,18:40:00,11.21,11.21,11.21,11.21,200,0
2015-02-06,18:45:00,11.19,11.21,11.19,11.2,2944,0
2015-02-06,18:50:00,11.19,11.19,11.16,11.16,700,0
2015-02-06,18:55:00,11.2,11.2,11.2,11.2,500,0
2015-02-06,19:00:00,11.2,11.2,11.2,11.2,1000,0
2015-02-06,19:05:00,11.2,11.2,11.2,11.2,400,0
2015-02-06,19:10:00,11.19,11.19,11.19,11.19,500,0
2015-02-06,19:15:00,11.18,11.18,11.18,11.18,200,0
2015-02-06,19:20:00,11.16,11.16,11.16,11.16,200,0
2015-02-06,19:25:00,11.17,11.2,11.17,11.19,2402,0
2015-02-06,19:30:00,11.19,11.19,11.19,11.19,200,0
2015-02-06,19:35:00,11.18,11.18,11.18,11.18,100,0
2015-02-06,19:40:00,11.19,11.19,11.16,11.17,1301,0
2015-02-06,19:45:00,11.17,11.17,11.17,11.17,300,0
2015-02-06,19:50:00,11.2,11.2,11.18,11.18,690,0
2015-02-06,19:55:00,11.2,11.2,11.2,11.2,500,0
2015-02-06,20:00:00,11.2,11.2,11.18,11.18,3228,0
2015-02-06,20:05:00,11.19,11.2,11.19,11.19,700,0
2015-02-06,20:15:00,11.19,11.21,11.19,11.21,300,0
2015-02-06,20:25:00,11.21,11.21,11.2,11.2,302,0
2015-02-06,20:30:00,11.21,11.21,11.21,11.21,200,0
2015-02-06,20:35:00,11.18,11.19,11.18,11.19,800,0
2015-02-06,20:40:00,11.2,11.21,11.2,11.2,900,0
2015-02-06,20:45:00,11.2,11.21,11.2,11.2,1300,0
2015-02-06,20:50:00,11.2,11.2,11.18,11.18,800,0
2015-02-06,20:55:00,11.16,11.16,11.16,11.16,200,0
2015-02-06,21:00:00,11.17,11.17,11.16,11.17,600,0
2015-02-06,21:05:00,11.16,11.19,11.16,11.19,500,0
2015-02-06,21:10:00,11.19,11.19,11.19,11.19,100,0
2015-02-06,21:15:00,11.16,11.16,11.16,11.16,300,0
2015-02-06,21:20:00,11.15,11.17,11.15,11.17,600,0
2015-02-06,21:25:00,11.15,11.15,11.12,11.14,1400,0
2015-02-06,21:30:00,11.17,11.17,11.17,11.17,200,0
2015-02-06,21:35:00,11.18,11.18,11.15,11.18,400,0
2015-02-06,21:40:00,11.18,11.19,11.16,11.19,1354,0
2015-02-06,21:45:00,11.16,11.16,11.13,11.13,4000,0
2015-02-06,21:50:00,11.13,11.14,11.12,11.12,1400,0
2015-02-06,21:55:00,11.12,11.14,11.12,11.12,300,0
2015-02-06,22:00:00,11.15,11.15,11.12,11.15,25274,0
2015-02-09,15:35:00,11.14,11.14,11.03,11.04,3466,0
2015-02-09,15:40:00,11.19,11.19,11.19,11.19,100,0
2015-02-09,15:45:00,11.25,11.26,11.16,11.17,1177,0
2015-02-09,15:50:00,11.16,11.19,11.06,11.06,1300,0
2015-02-09,15:55:00,11.11,11.16,11.11,11.13,1316,0
2015-02-09,16:00:00,11.18,11.18,11.18,11.18,200,0
2015-02-09,16:05:00,11.19,11.19,11.19,11.19,600,0
2015-02-09,16:10:00,11.18,11.18,11.18,11.18,400,0
2015-02-09,16:15:00,11.22,11.22,11.18,11.18,400,0
2015-02-09,16:20:00,11.19,11.19,11.18,11.19,1190,0
2015-02-09,16:25:00,11.21,11.21,11.16,11.16,500,0
2015-02-09,16:40:00,11.15,11.15,11.11,11.12,800,0
2015-02-09,16:45:00,11.12,11.12,11.08,11.09,600,0
2015-02-09,16:50:00,11.1,11.1,11.06,11.07,700,0
2015-02-09,16:55:00,11.08,11.13,11.08,11.13,700,0
2015-02-09,17:00:00,11.11,11.11,11.11,11.11,300,0
2015-02-09,17:05:00,11.1,11.1,11.08,11.1,800,0
2015-02-09,17:15:00,11.13,11.13,11.13,11.13,300,0
2015-02-09,17:25:00,11.18,11.21,11.15,11.21,1200,0
2015-02-09,17:30:00,11.16,11.16,11.16,11.16,200,0
2015-02-09,17:35:00,11.16,11.16,11.16,11.16,300,0
2015-02-09,17:40:00,11.15,11.17,11.15,11.16,1309,0
2015-02-09,17:45:00,11.16,11.18,11.13,11.13,700,0
2015-02-09,17:50:00,11.12,11.12,11.12,11.12,800,0
2015-02-09,17:55:00,11.12,11.12,11.11,11.11,400,0
2015-02-09,18:00:00,11.11,11.11,11.09,11.09,300,0
2015-02-09,18:05:00,11.1,11.11,11.09,11.11,1000,0
2015-02-09,18:10:00,11.09,11.1,11.09,11.1,300,0
2015-02-09,18:15:00,11.1,11.1,11.1,11.1,1300,0
2015-02-09,18:20:00,11.14,11.17,11.11,11.17,2300,0
2015-02-09,18:25:00,11.19,11.19,11.1,11.15,4300,0
2015-02-09,18:30:00,11.2,11.2,11.17,11.17,600,0
2015-02-09,18:40:00,11.21,11.21,11.21,11.21,100,0
2015-02-09,18:45:00,11.22,11.22,11.22,11.22,400,0
2015-02-09,18:50:00,11.19,11.19,11.19,11.19,100,0
2015-02-09,18:55:00,11.23,11.24,11.21,11.24,600,0
2015-02-09,19:05:00,11.21,11.22,11.2,11.21,1007,0
2015-02-09,19:10:00,11.24,11.24,11.23,11.24,3209,0
2015-02-09,19:15:00,11.23,11.25,11.22,11.23,2500,0
2015-02-09,19:20:00,11.25,11.25,11.24,11.24,1300,0
2015-02-09,19:25:00,11.24,11.32,11.24,11.3,7916,0
2015-02-09,19:30:00,11.3,11.35,11.3,11.35,3800,0
2015-02-09,19:35:00,11.32,11.32,11.31,11.32,1400,0
2015-02-09,19:40:00,11.32,11.34,11.32,11.32,1400,0
2015-02-09,19:45:00,11.32,11.34,11.31,11.31,1200,0
2015-02-09,19:55:00,11.29,11.31,11.28,11.31,300,0
2015-02-09,20:00:00,11.31,11.32,11.31,11.32,200,0
2015-02-09,20:05:00,11.29,11.29,11.28,11.28,697,0
2015-02-09,20:10:00,11.26,11.28,11.26,11.28,409,0
2015-02-09,20:15:00,11.23,11.25,11.2,11.25,1800,0
2015-02-09,20:20:00,11.23,11.23,11.23,11.23,100,0
2015-02-09,20:25:00,11.21,11.22,11.18,11.18,400,0
2015-02-09,20:35:00,11.22,11.23,11.22,11.23,403,0
2015-02-09,20:40:00,11.25,11.25,11.23,11.23,200,0
2015-02-09,20:45:00,11.22,11.24,11.22,11.24,3130,0
2015-02-09,20:50:00,11.27,11.27,11.23,11.23,999,0
2015-02-09,20:55:00,11.26,11.26,11.25,11.25,700,0
2015-02-09,21:00:00,11.25,11.25,11.24,11.25,2400,0
2015-02-09,21:05:00,11.23,11.23,11.21,11.22,1400,0
2015-02-09,21:10:00,11.21,11.23,11.21,11.23,1300,0
2015-02-09,21:15:00,11.22,11.25,11.22,11.23,2983,0
2015-02-09,21:20:00,11.22,11.23,11.22,11.23,790,0
2015-02-09,21:25:00,11.21,11.21,11.2,11.21,600,0
2015-02-09,21:30:00,11.2,11.21,11.18,11.2,1200,0
2015-02-09,21:35:00,11.19,11.21,11.19,11.19,1300,0
2015-02-09,21:40:00,11.19,11.21,11.16,11.16,2998,0
2015-02-09,21:45:00,11.19,11.19,11.17,11.18,1900,0
2015-02-09,21:50:00,11.17,11.17,11.12,11.17,7500,0
2015-02-09,21:55:00,11.18,11.18,11.14,11.15,2700,0
2015-02-09,22:00:00,11.15,11.17,11.1,11.11,29560,0
2015-02-10,15:35:00,11.12,11.12,11.08,11.08,1200,0
2015-02-10,15:40:00,11.09,11.15,11.09,11.15,2300,0
2015-02-10,15:45:00,11.15,11.19,11.15,11.15,1200,0
2015-02-10,15:50:00,11.19,11.21,11.19,11.21,300,0
2015-02-10,15:55:00,11.2,11.21,11.2,11.21,200,0
2015-02-10,16:05:00,11.2,11.2,11.15,11.15,1700,0
2015-02-10,16:10:00,11.16,11.18,11.16,11.18,802,0
2015-02-10,16:15:00,11.16,11.18,11.16,11.17,600,0
2015-02-10,16:20:00,11.16,11.16,11.15,11.15,1600,0
2015-02-10,16:25:00,11.15,11.16,11.15,11.15,3100,0
2015-02-10,16:30:00,11.15,11.19,11.15,11.19,4800,0
2015-02-10,16:45:00,11.21,11.21,11.21,11.21,200,0
2015-02-10,16:50:00,11.21,11.21,11.19,11.2,500,0
2015-02-10,16:55:00,11.18,11.2,11.18,11.2,1500,0
2015-02-10,17:00:00,11.22,11.22,11.21,11.21,1008,0
2015-02-10,17:05:00,11.21,11.22,11.2,11.2,2000,0
2015-02-10,17:10:00,11.21,11.22,11.21,11.22,600,0
2015-02-10,17:15:00,11.24,11.24,11.24,11.24,100,0
2015-02-10,17:20:00,11.24,11.25,11.24,11.25,600,0
2015-02-10,17:25:00,11.25,11.26,11.25,11.26,1802,0
2015-02-10,17:30:00,11.26,11.26,11.25,11.25,279,0
2015-02-10,17:35:00,11.24,11.27,11.24,11.27,600,0
2015-02-10,17:50:00,11.25,11.27,11.25,11.27,938,0
2015-02-10,17:55:00,11.28,11.29,11.27,11.27,700,0
2015-02-10,18:00:00,11.27,11.27,11.27,11.27,100,0
2015-02-10,18:05:00,11.29,11.29,11.29,11.29,1835,0
2015-02-10,18:10:00,11.28,11.29,11.28,11.29,600,0
2015-02-10,18:15:00,11.3,11.3,11.26,11.26,500,0
2015-02-10,18:30:00,11.27,11.29,11.24,11.29,802,0
2015-02-10,18:35:00,11.29,11.29,11.29,11.29,200,0
2015-02-10,18:40:00,11.28,11.28,11.27,11.27,300,0
2015-02-10,18:45:00,11.29,11.29,11.28,11.28,400,0
2015-02-10,18:50:00,11.29,11.29,11.29,11.29,100,0
2015-02-10,18:55:00,11.28,11.28,11.25,11.28,1200,0
2015-02-10,19:00:00,11.25,11.25,11.25,11.25,200,0
2015-02-10,19:05:00,11.25,11.25,11.25,11.25,200,0
2015-02-10,19:10:00,11.26,11.26,11.26,11.26,100,0
2015-02-10,19:20:00,11.24,11.24,11.24,11.24,200,0
2015-02-10,19:25:00,11.24,11.24,11.24,11.24,100,0
2015-02-10,19:30:00,11.22,11.22,11.21,11.21,400,0
2015-02-10,19:35:00,11.23,11.25,11.23,11.25,500,0
2015-02-10,19:40:00,11.22,11.24,11.19,11.24,800,0
2015-02-10,19:55:00,11.27,11.27,11.25,11.25,700,0
2015-02-10,20:00:00,11.23,11.23,11.23,11.23,200,0
2015-02-10,20:05:00,11.24,11.24,11.24,11.24,150,0
2015-02-10,20:10:00,11.26,11.26,11.25,11.25,500,0
2015-02-10,20:15:00,11.22,11.22,11.22,11.22,300,0
2015-02-10,20:20:00,11.24,11.28,11.24,11.28,2675,0
2015-02-10,20:25:00,11.27,11.29,11.27,11.27,500,0
2015-02-10,20:30:00,11.27,11.28,11.27,11.28,600,0
2015-02-10,20:35:00,11.29,11.3,11.29,11.3,2100,0
2015-02-10,20:40:00,11.3,11.3,11.29,11.3,600,0
2015-02-10,20:45:00,11.3,11.3,11.3,11.3,1000,0
2015-02-10,20:50:00,11.3,11.34,11.29,11.34,12811,0
2015-02-10,20:55:00,11.34,11.4,11.34,11.4,3500,0
2015-02-10,21:00:00,11.4,11.45,11.4,11.42,8035,0
2015-02-10,21:05:00,11.42,11.45,11.42,11.44,5610,0
2015-02-10,21:10:00,11.44,11.45,11.42,11.45,2649,0
2015-02-10,21:15:00,11.44,11.44,11.42,11.44,2500,0
2015-02-10,21:20:00,11.44,11.45,11.39,11.45,3980,0
2015-02-10,21:25:00,11.43,11.45,11.41,11.45,3120,0
2015-02-10,21:30:00,11.47,11.5,11.47,11.5,2400,0
2015-02-10,21:35:00,11.5,11.5,11.47,11.5,3084,0
2015-02-10,21:40:00,11.5,11.5,11.44,11.48,10246,0
2015-02-10,21:45:00,11.48,11.5,11.48,11.5,2100,0
2015-02-10,21:50:00,11.48,11.48,11.41,11.43,6318,0
2015-02-10,21:55:00,11.42,11.43,11.42,11.43,3588,0
2015-02-10,22:00:00,11.44,11.47,11.43,11.44,26199,0
2015-02-11,15:35:00,11.4,11.41,11.3,11.3,2590,0
2015-02-11,15:40:00,11.37,11.41,11.37,11.37,1375,0
2015-02-11,15:45:00,11.36,11.36,11.35,11.35,400,0
2015-02-11,15:55:00,11.41,11.42,11.36,11.4,2072,0
2015-02-11,16:00:00,11.42,11.44,11.37,11.37,434,0
2015-02-11,16:05:00,11.41,11.43,11.41,11.42,700,0
2015-02-11,16:10:00,11.44,11.44,11.4,11.4,1288,0
2015-02-11,16:15:00,11.38,11.4,11.37,11.4,400,0
2015-02-11,16:20:00,11.4,11.4,11.39,11.39,700,0
2015-02-11,16:25:00,11.38,11.39,11.38,11.38,500,0
2015-02-11,16:30:00,11.38,11.39,11.38,11.39,900,0
2015-02-11,16:35:00,11.37,11.37,11.36,11.36,300,0
2015-02-11,16:40:00,11.39,11.4,11.39,11.39,900,0
2015-02-11,16:45:00,11.4,11.42,11.37,11.37,300,0
2015-02-11,16:50:00,11.37,11.38,11.37,11.38,200,0
2015-02-11,16:55:00,11.38,11.4,11.38,11.4,400,0
2015-02-11,17:00:00,11.41,11.41,11.39,11.39,1100,0
2015-02-11,17:05:00,11.42,11.44,11.41,11.41,3415,0
2015-02-11,17:10:00,11.41,11.41,11.38,11.38,600,0
2015-02-11,17:15:00,11.38,11.39,11.37,11.37,1600,0
2015-02-11,17:20:00,11.36,11.36,11.32,11.32,3958,0
2015-02-11,17:25:00,11.33,11.33,11.26,11.3,5548,0
2015-02-11,17:30:00,11.32,11.32,11.32,11.32,200,0
2015-02-11,17:35:00,11.33,11.33,11.29,11.29,12500,0
2015-02-11,17:40:00,11.33,11.35,11.32,11.35,1200,0
2015-02-11,17:45:00,11.37,11.4,11.37,11.39,1223,0
2015-02-11,17:50:00,11.39,11.4,11.36,11.36,700,0
2015-02-11,17:55:00,11.39,11.39,11.34,11.35,1782,0
2015-02-11,18:00:00,11.35,11.35,11.31,11.32,1400,0
2015-02-11,18:05:00,11.32,11.33,11.32,11.33,500,0
2015-02-11,18:10:00,11.33,11.35,11.32,11.32,692,0
2015-02-11,18:15:00,11.33,11.35,11.33,11.34,1210,0
2015-02-11,18:20:00,11.35,11.35,11.32,11.32,1005,0
2015-02-11,18:25:00,11.31,11.33,11.31,11.31,1200,0
2015-02-11,18:30:00,11.32,11.34,11.28,11.29,1806,0
2015-02-11,18:35:00,11.3,11.3,11.3,11.3,100,0
2015-02-11,18:40:00,11.31,11.32,11.3,11.31,715,0
2015-02-11,18:45:00,11.3,11.3,11.29,11.29,623,0
2015-02-11,18:50:00,11.32,11.32,11.29,11.3,1525,0
2015-02-11,18:55:00,11.3,11.31,11.29,11.3,1204,0
2015-02-11,19:00:00,11.28,11.3,11.22,11.22,2550,0
2015-02-11,19:05:00,11.27,11.29,11.25,11.25,1439,0
2015-02-11,19:15:00,11.24,11.24,11.22,11.22,500,0
2015-02-11,19:20:00,11.22,11.22,11.22,11.22,153,0
2015-02-11,19:25:00,11.21,11.21,11.21,11.21,100,0
2015-02-11,19:30:00,11.24,11.25,11.23,11.23,1000,0
2015-02-11,19:45:00,11.24,11.25,11.23,11.23,300,0
2015-02-11,19:50:00,11.24,11.24,11.24,11.24,300,0
2015-02-11,19:55:00,11.26,11.28,11.26,11.28,1000,0
2015-02-11,20:00:00,11.3,11.34,11.3,11.32,2921,0
2015-02-11,20:05:00,11.33,11.33,11.3,11.3,500,0
2015-02-11,20:15:00,11.35,11.35,11.35,11.35,300,0
2015-02-11,20:20:00,11.34,11.34,11.34,11.34,2226,0
2015-02-11,20:30:00,11.38,11.38,11.35,11.35,800,0
2015-02-11,20:40:00,11.39,11.43,11.38,11.43,1400,0
2015-02-11,20:45:00,11.42,11.43,11.41,11.43,820,0
2015-02-11,20:50:00,11.42,11.42,11.42,11.42,100,0
2015-02-11,20:55:00,11.43,11.43,11.4,11.43,1416,0
2015-02-11,21:10:00,11.39,11.4,11.39,11.39,900,0
2015-02-11,21:15:00,11.39,11.4,11.35,11.35,3200,0
2015-02-11,21:20:00,11.35,11.36,11.35,11.35,1700,0
2015-02-11,21:25:00,11.39,11.4,11.39,11.4,700,0
2015-02-11,21:30:00,11.4,11.4,11.38,11.38,1600,0
2015-02-11,21:35:00,11.39,11.41,11.38,11.38,1600,0
2015-02-11,21:40:00,11.37,11.38,11.35,11.38,500,0
2015-02-11,21:45:00,11.38,11.39,11.38,11.38,6236,0
2015-02-11,21:50:00,11.36,11.36,11.32,11.33,6485,0
2015-02-11,21:55:00,11.33,11.34,11.3,11.3,4206,0
2015-02-11,22:00:00,11.3,11.3,11.28,11.3,16431,0
2015-02-12,15:35:00,11.4,11.4,11.3,11.39,11300,0
2015-02-12,15:40:00,11.4,11.45,11.37,11.41,6360,0
2015-02-12,15:45:00,11.45,11.45,11.35,11.42,5500,0
2015-02-12,15:50:00,11.39,11.45,11.39,11.4,2400,0
2015-02-12,15:55:00,11.39,11.43,11.35,11.4,1417,0
2015-02-12,16:00:00,11.37,11.41,11.33,11.33,3800,0
2015-02-12,16:05:00,11.4,11.42,11.35,11.39,7834,0
2015-02-12,16:10:00,11.43,11.43,11.38,11.39,3100,0
2015-02-12,16:25:00,11.39,11.4,11.37,11.37,2400,0
2015-02-12,16:30:00,11.38,11.4,11.38,11.4,3236,0
2015-02-12,16:35:00,11.4,11.41,11.36,11.36,20100,0
2015-02-12,16:40:00,11.38,11.41,11.38,11.41,3286,0
2015-02-12,16:45:00,11.4,11.42,11.4,11.42,2378,0
2015-02-12,16:50:00,11.42,11.43,11.4,11.4,3400,0
2015-02-12,16:55:00,11.4,11.4,11.39,11.4,300,0
2015-02-12,17:00:00,11.4,11.41,11.34,11.39,5988,0
2015-02-12,17:05:00,11.39,11.41,11.39,11.41,5400,0
2015-02-12,17:10:00,11.39,11.39,11.38,11.38,200,0
2015-02-12,17:15:00,11.41,11.41,11.4,11.4,200,0
2015-02-12,17:20:00,11.4,11.4,11.38,11.38,1785,0
2015-02-12,17:25:00,11.37,11.37,11.37,11.37,700,0
2015-02-12,17:30:00,11.36,11.36,11.36,11.36,200,0
2015-02-12,17:35:00,11.36,11.37,11.36,11.37,2403,0
2015-02-12,17:40:00,11.38,11.38,11.38,11.38,904,0
2015-02-12,17:45:00,11.38,11.38,11.38,11.38,1000,0
2015-02-12,17:50:00,11.38,11.38,11.37,11.37,500,0
2015-02-12,17:55:00,11.37,11.37,11.34,11.36,1600,0
2015-02-12,18:00:00,11.36,11.37,11.35,11.37,2230,0
2015-02-12,18:05:00,11.36,11.39,11.27,11.39,13773,0
2015-02-12,18:10:00,11.38,11.39,11.37,11.37,2100,0
2015-02-12,18:15:00,11.38,11.38,11.35,11.35,860,0
2015-02-12,18:20:00,11.37,11.37,11.33,11.33,369,0
2015-02-12,18:25:00,11.34,11.34,11.33,11.33,733,0
2015-02-12,18:30:00,11.32,11.33,11.32,11.32,5189,0
2015-02-12,18:35:00,11.34,11.34,11.34,11.34,431,0
2015-02-12,18:40:00,11.34,11.36,11.33,11.36,8036,0
2015-02-12,18:45:00,11.35,11.35,11.32,11.34,3950,0
2015-02-12,18:50:00,11.35,11.35,11.34,11.35,740,0
2015-02-12,18:55:00,11.35,11.36,11.34,11.35,1200,0
2015-02-12,19:00:00,11.36,11.36,11.34,11.35,1707,0
2015-02-12,19:05:00,11.33,11.35,11.32,11.35,4500,0
2015-02-12,19:10:00,11.35,11.35,11.34,11.34,400,0
2015-02-12,19:15:00,11.35,11.35,11.35,11.35,400,0
2015-02-12,19:25:00,11.35,11.36,11.34,11.36,900,0
2015-02-12,19:30:00,11.34,11.34,11.34,11.34,100,0
2015-02-12,19:35:00,11.36,11.36,11.35,11.36,3699,0
2015-02-12,19:40:00,11.36,11.36,11.35,11.36,600,0
2015-02-12,19:45:00,11.36,11.36,11.36,11.36,1500,0
2015-02-12,19:50:00,11.36,11.36,11.36,11.36,100,0
2015-02-12,19:55:00,11.35,11.36,11.35,11.35,300,0
2015-02-12,20:00:00,11.35,11.36,11.35,11.35,6003,0
2015-02-12,20:05:00,11.35,11.35,11.26,11.3,11040,0
2015-02-12,20:10:00,11.3,11.32,11.3,11.3,1829,0
2015-02-12,20:15:00,11.29,11.3,11.28,11.3,2700,0
2015-02-12,20:20:00,11.3,11.3,11.3,11.3,777,0
2015-02-12,20:25:00,11.3,11.3,11.29,11.3,1819,0
2015-02-12,20:30:00,11.3,11.31,11.29,11.31,500,0
2015-02-12,20:35:00,11.3,11.3,11.29,11.3,2173,0
2015-02-12,20:40:00,11.3,11.31,11.3,11.3,1900,0
2015-02-12,20:45:00,11.31,11.31,11.3,11.3,1974,0
2015-02-12,20:50:00,11.29,11.3,11.29,11.3,300,0
2015-02-12,20:55:00,11.29,11.29,11.28,11.28,824,0
2015-02-12,21:00:00,11.3,11.31,11.29,11.3,2807,0
2015-02-12,21:05:00,11.31,11.31,11.3,11.3,1528,0
2015-02-12,21:10:00,11.3,11.3,11.3,11.3,100,0
2015-02-12,21:15:00,11.29,11.31,11.29,11.3,2000,0
2015-02-12,21:20:00,11.3,11.32,11.29,11.3,4015,0
2015-02-12,21:25:00,11.3,11.31,11.3,11.31,1226,0
2015-02-12,21:30:00,11.31,11.31,11.3,11.3,300,0
2015-02-12,21:35:00,11.31,11.31,11.3,11.31,2828,0
2015-02-12,21:40:00,11.32,11.32,11.31,11.31,1500,0
2015-02-12,21:45:00,11.32,11.34,11.32,11.34,3600,0
2015-02-12,21:50:00,11.34,11.35,11.33,11.35,14837,0
2015-02-12,21:55:00,11.35,11.35,11.34,11.35,7637,0
2015-02-12,22:00:00,11.35,11.35,11.34,11.35,69183,0
2015-02-13,15:35:00,11.34,11.46,11.33,11.46,900,0
2015-02-13,15:40:00,11.45,11.55,11.42,11.54,16673,0
2015-02-13,15:45:00,11.5,11.54,11.49,11.52,3655,0
2015-02-13,15:50:00,11.51,11.51,11.5,11.5,1586,0
2015-02-13,15:55:00,11.51,11.51,11.47,11.48,9491,0
2015-02-13,16:00:00,11.5,11.54,11.49,11.52,11681,0
2015-02-13,16:05:00,11.51,11.51,11.37,11.43,2678,0
2015-02-13,16:10:00,11.43,11.46,11.42,11.46,3100,0
2015-02-13,16:15:00,11.47,11.52,11.45,11.49,2100,0
2015-02-13,16:20:00,11.5,11.52,11.48,11.52,2500,0
2015-02-13,16:25:00,11.52,11.53,11.49,11.51,5240,0
2015-02-13,16:30:00,11.51,11.53,11.51,11.52,4100,0
2015-02-13,16:35:00,11.53,11.53,11.51,11.52,3058,0
2015-02-13,16:40:00,11.53,11.55,11.53,11.53,2100,0
2015-02-13,16:45:00,11.55,11.55,11.52,11.54,3500,0
2015-02-13,16:50:00,11.52,11.53,11.5,11.5,3121,0
2015-02-13,16:55:00,11.5,11.51,11.45,11.5,5505,0
2015-02-13,17:00:00,11.51,11.51,11.5,11.51,2400,0
2015-02-13,17:05:00,11.5,11.52,11.5,11.51,1900,0
2015-02-13,17:15:00,11.49,11.5,11.49,11.49,600,0
2015-02-13,17:20:00,11.49,11.5,11.49,11.5,500,0
2015-02-13,17:25:00,11.49,11.49,11.46,11.47,2500,0
2015-02-13,17:30:00,11.47,11.48,11.46,11.48,3940,0
2015-02-13,17:35:00,11.48,11.5,11.48,11.49,4426,0
2015-02-13,17:40:00,11.49,11.51,11.44,11.46,7148,0
2015-02-13,17:45:00,11.48,11.5,11.48,11.49,2592,0
2015-02-13,17:50:00,11.5,11.5,11.47,11.49,2306,0
2015-02-13,17:55:00,11.49,11.49,11.48,11.49,1300,0
2015-02-13,18:00:00,11.49,11.5,11.49,11.5,1247,0
2015-02-13,18:05:00,11.5,11.51,11.48,11.48,2500,0
2015-02-13,18:10:00,11.49,11.5,11.49,11.49,1410,0
2015-02-13,18:15:00,11.5,11.5,11.49,11.49,3130,0
2015-02-13,18:20:00,11.49,11.5,11.48,11.49,4409,0
2015-02-13,18:25:00,11.49,11.51,11.49,11.5,5800,0
2015-02-13,18:30:00,11.5,11.5,11.5,11.5,2580,0
2015-02-13,18:35:00,11.5,11.5,11.5,11.5,1134,0
2015-02-13,18:40:00,11.5,11.51,11.49,11.5,3600,0
2015-02-13,18:45:00,11.5,11.51,11.5,11.5,4600,0
2015-02-13,18:50:00,11.5,11.5,11.5,11.5,1700,0
2015-02-13,18:55:00,11.5,11.5,11.49,11.5,2000,0
2015-02-13,19:00:00,11.5,11.5,11.5,11.5,800,0
2015-02-13,19:05:00,11.5,11.5,11.49,11.49,1000,0
2015-02-13,19:10:00,11.5,11.5,11.5,11.5,1200,0
2015-02-13,19:15:00,11.5,11.5,11.5,11.5,5250,0
2015-02-13,19:20:00,11.5,11.5,11.5,11.5,800,0
2015-02-13,19:25:00,11.5,11.5,11.49,11.5,2700,0
2015-02-13,19:30:00,11.5,11.5,11.5,11.5,800,0
2015-02-13,19:35:00,11.5,11.5,11.49,11.5,1200,0
2015-02-13,19:40:00,11.49,11.5,11.48,11.5,4900,0
2015-02-13,19:45:00,11.5,11.51,11.49,11.51,4400,0
2015-02-13,19:50:00,11.51,11.51,11.48,11.49,8054,0
2015-02-13,19:55:00,11.49,11.52,11.49,11.52,3800,0
2015-02-13,20:00:00,11.51,11.52,11.51,11.52,1000,0
2015-02-13,20:05:00,11.51,11.52,11.51,11.51,2600,0
2015-02-13,20:10:00,11.52,11.52,11.51,11.52,7200,0
2015-02-13,20:15:00,11.51,11.52,11.49,11.52,11098,0
2015-02-13,20:20:00,11.52,11.52,11.52,11.52,2713,0
2015-02-13,20:25:00,11.52,11.55,11.52,11.55,7013,0
2015-02-13,20:30:00,11.55,11.55,11.52,11.53,9200,0
2015-02-13,20:35:00,11.53,11.54,11.52,11.53,10886,0
2015-02-13,20:40:00,11.53,11.55,11.49,11.54,5399,0
2015-02-13,20:45:00,11.55,11.55,11.54,11.55,2200,0
2015-02-13,20:50:00,11.55,11.55,11.53,11.53,7085,0
2015-02-13,20:55:00,11.54,11.55,11.54,11.55,2400,0
2015-02-13,21:00:00,11.55,11.55,11.54,11.54,2600,0
2015-02-13,21:05:00,11.55,11.55,11.54,11.55,3300,0
2015-02-13,21:10:00,11.55,11.55,11.54,11.55,6426,0
2015-02-13,21:15:00,11.55,11.55,11.54,11.54,8188,0
2015-02-13,21:20:00,11.55,11.55,11.54,11.54,3500,0
2015-02-13,21:25:00,11.55,11.55,11.49,11.53,6900,0
2015-02-13,21:30:00,11.53,11.54,11.53,11.54,3800,0
2015-02-13,21:35:00,11.54,11.55,11.54,11.55,4000,0
2015-02-13,21:40:00,11.55,11.55,11.54,11.55,3400,0
2015-02-13,21:45:00,11.55,11.55,11.54,11.55,5100,0
2015-02-13,21:50:00,11.55,11.55,11.52,11.55,14025,0
2015-02-13,21:55:00,11.55,11.55,11.53,11.54,23474,0
2015-02-13,22:00:00,11.53,11.53,11.46,11.48,48820,0
2015-02-17,15:35:00,11.48,11.52,11.48,11.52,3300,0
2015-02-17,15:45:00,11.56,11.56,11.52,11.53,3000,0
2015-02-17,15:50:00,11.53,11.57,11.51,11.54,9600,0
2015-02-17,15:55:00,11.55,11.57,11.5,11.55,4100,0
2015-02-17,16:00:00,11.55,11.58,11.52,11.54,5056,0
2015-02-17,16:05:00,11.56,11.58,11.53,11.53,8720,0
2015-02-17,16:10:00,11.57,11.62,11.54,11.55,14425,0
2015-02-17,16:15:00,11.55,11.58,11.49,11.51,9968,0
2015-02-17,16:20:00,11.51,11.54,11.48,11.51,4434,0
2015-02-17,16:25:00,11.52,11.55,11.52,11.54,1574,0
2015-02-17,16:30:00,11.55,11.55,11.35,11.44,18453,0
2015-02-17,16:35:00,11.46,11.49,11.43,11.47,3300,0
2015-02-17,16:40:00,11.47,11.53,11.4,11.53,6079,0
2015-02-17,16:45:00,11.53,11.55,11.53,11.55,3400,0
2015-02-17,16:50:00,11.55,11.55,11.54,11.55,5614,0
2015-02-17,16:55:00,11.55,11.56,11.47,11.5,15296,0
2015-02-17,17:00:00,11.5,11.52,11.5,11.52,820,0
2015-02-17,17:05:00,11.52,11.52,11.48,11.48,1800,0
2015-02-17,17:10:00,11.5,11.5,11.49,11.5,2100,0
2015-02-17,17:15:00,11.5,11.53,11.5,11.5,4600,0
2015-02-17,17:20:00,11.5,11.5,11.49,11.5,900,0
2015-02-17,17:25:00,11.5,11.5,11.5,11.5,2000,0
2015-02-17,17:30:00,11.5,11.52,11.5,11.51,1000,0
2015-02-17,17:35:00,11.51,11.52,11.51,11.52,300,0
2015-02-17,17:40:00,11.51,11.51,11.47,11.48,3500,0
2015-02-17,17:45:00,11.46,11.49,11.46,11.49,1100,0
2015-02-17,17:50:00,11.5,11.51,11.49,11.49,7100,0
2015-02-17,17:55:00,11.5,11.52,11.5,11.52,4084,0
2015-02-17,18:00:00,11.51,11.51,11.47,11.47,5528,0
2015-02-17,18:10:00,11.49,11.5,11.49,11.5,300,0
2015-02-17,18:15:00,11.49,11.5,11.47,11.47,1983,0
2015-02-17,18:20:00,11.48,11.5,11.48,11.5,1300,0
2015-02-17,18:25:00,11.5,11.5,11.49,11.49,986,0
2015-02-17,18:30:00,11.5,11.5,11.5,11.5,368,0
2015-02-17,18:35:00,11.51,11.51,11.5,11.5,1400,0
2015-02-17,18:45:00,11.5,11.51,11.5,11.51,800,0
2015-02-17,18:50:00,11.52,11.52,11.52,11.52,2955,0
2015-02-17,18:55:00,11.52,11.56,11.52,11.56,3766,0
2015-02-17,19:00:00,11.58,11.58,11.57,11.58,400,0
2015-02-17,19:05:00,11.6,11.64,11.6,11.64,1400,0
2015-02-17,19:10:00,11.64,11.65,11.61,11.62,7200,0
2015-02-17,19:15:00,11.62,11.62,11.55,11.6,4956,0
2015-02-17,19:20:00,11.59,11.59,11.55,11.59,2009,0
2015-02-17,19:25:00,11.59,11.59,11.59,11.59,700,0
2015-02-17,19:30:00,11.59,11.59,11.56,11.56,3600,0
2015-02-17,19:35:00,11.59,11.59,11.57,11.57,1016,0
2015-02-17,19:40:00,11.57,11.57,11.57,11.57,700,0
2015-02-17,19:45:00,11.6,11.6,11.58,11.58,1229,0
2015-02-17,19:50:00,11.58,11.6,11.58,11.6,800,0
2015-02-17,19:55:00,11.6,11.6,11.6,11.6,100,0
2015-02-17,20:00:00,11.59,11.6,11.56,11.57,4220,0
2015-02-17,20:10:00,11.59,11.6,11.58,11.58,4500,0
2015-02-17,20:15:00,11.58,11.58,11.54,11.57,6800,0
2015-02-17,20:20:00,11.56,11.58,11.55,11.56,5896,0
2015-02-17,20:25:00,11.56,11.58,11.5,11.5,9405,0
2015-02-17,20:30:00,11.51,11.54,11.51,11.54,1300,0
2015-02-17,20:35:00,11.55,11.57,11.54,11.57,1500,0
2015-02-17,20:40:00,11.56,11.57,11.56,11.57,700,0
2015-02-17,20:45:00,11.57,11.6,11.57,11.6,5300,0
2015-02-17,20:50:00,11.59,11.6,11.59,11.6,2100,0
2015-02-17,20:55:00,11.59,11.6,11.59,11.59,3972,0
2015-02-17,21:00:00,11.59,11.6,11.59,11.6,1000,0
2015-02-17,21:05:00,11.59,11.61,11.59,11.6,5891,0
2015-02-17,21:10:00,11.59,11.6,11.59,11.6,1900,0
2015-02-17,21:15:00,11.61,11.62,11.6,11.62,2976,0
2015-02-17,21:20:00,11.62,11.62,11.58,11.58,5006,0
2015-02-17,21:25:00,11.59,11.59,11.58,11.58,942,0
2015-02-17,21:30:00,11.59,11.6,11.58,11.58,7300,0
2015-02-17,21:35:00,11.58,11.59,11.55,11.55,9787,0
2015-02-17,21:40:00,11.56,11.57,11.56,11.56,1634,0
2015-02-17,21:45:00,11.56,11.57,11.53,11.54,14167,0
2015-02-17,21:50:00,11.53,11.54,11.5,11.54,10080,0
2015-02-17,21:55:00,11.53,11.55,11.53,11.55,6800,0
2015-02-17,22:00:00,11.55,11.55,11.54,11.54,19812,0
2015-02-18,15:35:00,11.54,11.57,11.5,11.5,5185,0
2015-02-18,15:40:00,11.6,11.63,11.57,11.63,700,0
2015-02-18,15:45:00,11.56,11.56,11.52,11.56,3437,0
2015-02-18,15:50:00,11.59,11.63,11.59,11.63,5200,0
2015-02-18,15:55:00,11.63,11.65,11.61,11.64,3860,0
2015-02-18,16:00:00,11.62,11.64,11.62,11.63,1226,0
2015-02-18,16:05:00,11.63,11.63,11.58,11.59,1700,0
2015-02-18,16:10:00,11.6,11.63,11.6,11.61,800,0
2015-02-18,16:15:00,11.62,11.63,11.59,11.62,4700,0
2015-02-18,16:20:00,11.61,11.64,11.6,11.62,1637,0
2015-02-18,16:25:00,11.62,11.67,11.62,11.62,2577,0
2015-02-18,16:30:00,11.62,11.65,11.62,11.65,2997,0
2015-02-18,16:35:00,11.64,11.7,11.64,11.68,3700,0
2015-02-18,16:40:00,11.7,11.72,11.69,11.71,2800,0
2015-02-18,16:45:00,11.71,11.72,11.7,11.7,1500,0
2015-02-18,16:50:00,11.7,11.73,11.69,11.69,1700,0
2015-02-18,16:55:00,11.73,11.75,11.73,11.74,3300,0
2015-02-18,17:00:00,11.77,11.78,11.76,11.78,900,0
2015-02-18,17:05:00,11.77,11.77,11.73,11.75,3600,0
2015-02-18,17:10:00,11.74,11.74,11.72,11.72,3100,0
2015-02-18,17:15:00,11.74,11.76,11.74,11.76,1300,0
2015-02-18,17:20:00,11.77,11.8,11.76,11.79,12400,0
2015-02-18,17:25:00,11.78,11.79,11.78,11.79,2100,0
2015-02-18,17:30:00,11.79,11.79,11.71,11.74,6418,0
2015-02-18,17:35:00,11.74,11.77,11.74,11.75,3500,0
2015-02-18,17:40:00,11.75,11.75,11.74,11.75,1300,0
2015-02-18,17:45:00,11.75,11.75,11.75,11.75,600,0
2015-02-18,17:50:00,11.74,11.74,11.7,11.71,3700,0
2015-02-18,17:55:00,11.73,11.73,11.73,11.73,270,0
2015-02-18,18:00:00,11.74,11.74,11.74,11.74,2516,0
2015-02-18,18:05:00,11.74,11.74,11.74,11.74,400,0
2015-02-18,18:10:00,11.74,11.76,11.68,11.7,6800,0
2015-02-18,18:15:00,11.71,11.73,11.71,11.73,631,0
2015-02-18,18:20:00,11.73,11.73,11.73,11.73,300,0
2015-02-18,18:25:00,11.74,11.74,11.72,11.72,1100,0
2015-02-18,18:30:00,11.73,11.73,11.73,11.73,700,0
2015-02-18,18:35:00,11.75,11.75,11.75,11.75,1500,0
2015-02-18,18:40:00,11.74,11.74,11.73,11.73,1600,0
2015-02-18,18:45:00,11.74,11.74,11.7,11.73,1750,0
2015-02-18,18:50:00,11.73,11.75,11.73,11.75,1400,0
2015-02-18,18:55:00,11.75,11.75,11.75,11.75,900,0
2015-02-18,19:00:00,11.75,11.75,11.72,11.73,2499,0
2015-02-18,19:05:00,11.73,11.73,11.73,11.73,300,0
2015-02-18,19:10:00,11.74,11.75,11.71,11.72,4000,0
2015-02-18,19:15:00,11.72,11.72,11.72,11.72,800,0
2015-02-18,19:20:00,11.73,11.74,11.7,11.71,2139,0
2015-02-18,19:25:00,11.71,11.71,11.69,11.69,900,0
2015-02-18,19:30:00,11.69,11.72,11.68,11.72,3182,0
2015-02-18,19:35:00,11.73,11.73,11.72,11.72,700,0
2015-02-18,19:40:00,11.71,11.71,11.68,11.7,2900,0
2015-02-18,19:45:00,11.68,11.68,11.65,11.65,1100,0
2015-02-18,19:50:00,11.69,11.73,11.69,11.7,1800,0
2015-02-18,19:55:00,11.71,11.71,11.71,11.71,500,0
2015-02-18,20:00:00,11.72,11.72,11.71,11.71,2985,0
2015-02-18,20:05:00,11.72,11.72,11.63,11.7,8707,0
2015-02-18,20:10:00,11.71,11.71,11.71,11.71,1600,0
2015-02-18,20:15:00,11.71,11.71,11.7,11.7,2600,0
2015-02-18,20:20:00,11.7,11.7,11.67,11.67,1600,0
2015-02-18,20:25:00,11.69,11.7,11.67,11.7,1400,0
2015-02-18,20:30:00,11.69,11.69,11.67,11.67,2464,0
2015-02-18,20:35:00,11.67,11.67,11.67,11.67,100,0
2015-02-18,20:45:00,11.68,11.68,11.66,11.66,1500,0
2015-02-18,20:50:00,11.66,11.68,11.66,11.68,3600,0
2015-02-18,20:55:00,11.68,11.68,11.67,11.68,1600,0
2015-02-18,21:00:00,11.69,11.69,11.65,11.65,2100,0
2015-02-18,21:05:00,11.69,11.69,11.69,11.69,200,0
2015-02-18,21:10:00,11.69,11.7,11.69,11.7,5831,0
2015-02-18,21:15:00,11.7,11.7,11.69,11.7,3840,0
2015-02-18,21:20:00,11.7,11.7,11.66,11.67,3048,0
2015-02-18,21:25:00,11.69,11.7,11.69,11.7,500,0
2015-02-18,21:30:00,11.69,11.7,11.67,11.67,2973,0
2015-02-18,21:35:00,11.69,11.69,11.68,11.69,1410,0
2015-02-18,21:40:00,11.68,11.68,11.64,11.66,3538,0
2015-02-18,21:45:00,11.65,11.66,11.65,11.65,1987,0
2015-02-18,21:50:00,11.65,11.66,11.64,11.65,17885,0
2015-02-18,21:55:00,11.65,11.65,11.64,11.65,6800,0
2015-02-18,22:00:00,11.65,11.66,11.64,11.65,34915,0
2015-02-19,15:35:00,11.57,11.62,11.56,11.6,9400,0
2015-02-19,15:40:00,11.6,11.6,11.57,11.57,1100,0
2015-02-19,15:45:00,11.59,11.6,11.59,11.6,400,0
2015-02-19,15:50:00,11.6,11.6,11.55,11.56,3479,0
2015-02-19,16:00:00,11.6,11.6,11.59,11.6,2024,0
2015-02-19,16:05:00,11.59,11.59,11.53,11.59,5635,0
2015-02-19,16:10:00,11.59,11.6,11.58,11.6,2400,0
2015-02-19,16:15:00,11.59,11.59,11.55,11.57,1700,0
2015-02-19,16:20:00,11.56,11.56,11.55,11.55,600,0
2015-02-19,16:25:00,11.53,11.54,11.53,11.53,2418,0
2015-02-19,16:30:00,11.53,11.53,11.5,11.5,5209,0
2015-02-19,16:35:00,11.49,11.49,11.45,11.45,2619,0
2015-02-19,16:40:00,11.45,11.5,11.42,11.5,3000,0
2015-02-19,16:45:00,11.5,11.5,11.47,11.48,1216,0
2015-02-19,16:50:00,11.48,11.49,11.48,11.49,453,0
2015-02-19,16:55:00,11.49,11.49,11.48,11.48,521,0
2015-02-19,17:00:00,11.46,11.48,11.45,11.47,1400,0
2015-02-19,17:05:00,11.47,11.5,11.47,11.47,1694,0
2015-02-19,17:10:00,11.48,11.49,11.48,11.49,1800,0
2015-02-19,17:15:00,11.48,11.48,11.47,11.47,640,0
2015-02-19,17:20:00,11.49,11.5,11.48,11.5,1300,0
2015-02-19,17:25:00,11.5,11.5,11.49,11.5,3400,0
2015-02-19,17:30:00,11.51,11.51,11.51,11.51,1300,0
2015-02-19,17:35:00,11.5,11.51,11.47,11.49,4015,0
2015-02-19,17:40:00,11.5,11.51,11.5,11.51,2300,0
2015-02-19,17:45:00,11.51,11.53,11.5,11.52,2200,0
2015-02-19,17:50:00,11.52,11.52,11.52,11.52,900,0
2015-02-19,17:55:00,11.52,11.52,11.5,11.51,4733,0
2015-02-19,18:00:00,11.51,11.53,11.5,11.52,2288,0
2015-02-19,18:05:00,11.52,11.52,11.52,11.52,1900,0
2015-02-19,18:10:00,11.52,11.52,11.52,11.52,700,0
2015-02-19,18:15:00,11.52,11.52,11.51,11.52,1100,0
2015-02-19,18:20:00,11.52,11.53,11.52,11.53,1621,0
2015-02-19,18:25:00,11.53,11.53,11.51,11.51,1900,0
2015-02-19,18:30:00,11.53,11.54,11.53,11.54,1645,0
2015-02-19,18:35:00,11.55,11.55,11.52,11.52,4780,0
2015-02-19,18:40:00,11.52,11.53,11.52,11.53,2000,0
2015-02-19,18:45:00,11.53,11.53,11.52,11.53,1100,0
2015-02-19,18:50:00,11.53,11.53,11.53,11.53,900,0
2015-02-19,18:55:00,11.54,11.54,11.54,11.54,617,0
2015-02-19,19:00:00,11.54,11.54,11.54,11.54,2750,0
2015-02-19,19:05:00,11.54,11.54,11.53,11.53,3800,0
2015-02-19,19:10:00,11.52,11.55,11.52,11.55,4098,0
2015-02-19,19:15:00,11.54,11.54,11.54,11.54,100,0
2015-02-19,19:20:00,11.55,11.55,11.54,11.55,4703,0
2015-02-19,19:25:00,11.55,11.55,11.55,11.55,2528,0
2015-02-19,19:30:00,11.55,11.55,11.55,11.55,1000,0
2015-02-19,19:35:00,11.55,11.57,11.55,11.57,3900,0
2015-02-19,19:40:00,11.57,11.58,11.57,11.58,1100,0
2015-02-19,19:45:00,11.58,11.58,11.58,11.58,600,0
2015-02-19,19:50:00,11.58,11.58,11.57,11.57,2200,0
2015-02-19,19:55:00,11.58,11.58,11.58,11.58,1800,0
2015-02-19,20:00:00,11.58,11.58,11.57,11.58,1296,0
2015-02-19,20:05:00,11.58,11.58,11.57,11.58,1900,0
2015-02-19,20:10:00,11.58,11.58,11.58,11.58,1400,0
2015-02-19,20:15:00,11.58,11.58,11.58,11.58,1485,0
2015-02-19,20:20:00,11.58,11.58,11.58,11.58,800,0
2015-02-19,20:25:00,11.58,11.58,11.58,11.58,3700,0
2015-02-19,20:30:00,11.57,11.58,11.57,11.57,1898,0
2015-02-19,20:35:00,11.57,11.57,11.57,11.57,800,0
2015-02-19,20:40:00,11.56,11.56,11.51,11.51,2242,0
2015-02-19,20:45:00,11.5,11.51,11.5,11.51,1300,0
2015-02-19,20:50:00,11.5,11.51,11.5,11.5,6000,0
2015-02-19,20:55:00,11.5,11.5,11.5,11.5,600,0
2015-02-19,21:00:00,11.5,11.5,11.5,11.5,800,0
2015-02-19,21:05:00,11.5,11.5,11.5,11.5,2204,0
2015-02-19,21:10:00,11.5,11.5,11.5,11.5,1100,0
2015-02-19,21:15:00,11.49,11.5,11.49,11.5,67300,0
2015-02-19,21:20:00,11.5,11.51,11.5,11.51,3400,0
2015-02-19,21:25:00,11.51,11.51,11.5,11.51,4000,0
2015-02-19,21:30:00,11.51,11.51,11.49,11.5,5203,0
2015-02-19,21:35:00,11.5,11.5,11.5,11.5,1800,0
2015-02-19,21:40:00,11.5,11.5,11.49,11.49,1000,0
2015-02-19,21:45:00,11.49,11.5,11.47,11.48,18457,0
2015-02-19,21:50:00,11.48,11.48,11.47,11.48,10545,0
2015-02-19,21:55:00,11.48,11.48,11.46,11.48,10341,0
2015-02-19,22:00:00,11.48,11.5,11.48,11.49,37780,0
2015-02-20,15:35:00,11.53,11.55,11.53,11.55,1300,0
2015-02-20,15:40:00,11.5,11.6,11.5,11.55,9771,0
2015-02-20,15:45:00,11.56,11.56,11.5,11.5,500,0
2015-02-20,15:50:00,11.48,11.48,11.48,11.48,100,0
2015-02-20,15:55:00,11.46,11.46,11.42,11.45,1100,0
2015-02-20,16:00:00,11.47,11.48,11.44,11.48,1582,0
2015-02-20,16:05:00,11.46,11.46,11.4,11.45,3849,0
2015-02-20,16:10:00,11.43,11.48,11.43,11.48,2200,0
2015-02-20,16:15:00,11.48,11.48,11.46,11.48,1200,0
2015-02-20,16:20:00,11.49,11.49,11.43,11.46,3400,0
2015-02-20,16:25:00,11.46,11.51,11.45,11.49,6003,0
2015-02-20,16:30:00,11.49,11.49,11.47,11.48,3100,0
2015-02-20,16:35:00,11.48,11.49,11.48,11.49,3816,0
2015-02-20,16:40:00,11.49,11.5,11.46,11.46,5100,0
2015-02-20,16:45:00,11.5,11.5,11.49,11.5,3203,0
2015-02-20,16:50:00,11.5,11.5,11.46,11.48,5000,0
2015-02-20,16:55:00,11.49,11.5,11.49,11.49,1400,0
2015-02-20,17:00:00,11.5,11.5,11.49,11.5,3600,0
2015-02-20,17:05:00,11.5,11.53,11.5,11.53,4300,0
2015-02-20,17:10:00,11.54,11.55,11.53,11.54,2300,0
2015-02-20,17:15:00,11.55,11.56,11.55,11.56,2200,0
2015-02-20,17:20:00,11.56,11.57,11.56,11.57,900,0
2015-02-20,17:25:00,11.58,11.58,11.58,11.58,500,0
2015-02-20,17:35:00,11.57,11.57,11.51,11.51,9236,0
2015-02-20,17:40:00,11.52,11.52,11.45,11.47,11008,0
2015-02-20,17:45:00,11.47,11.49,11.44,11.44,9929,0
2015-02-20,17:50:00,11.46,11.49,11.43,11.49,2593,0
2015-02-20,17:55:00,11.49,11.5,11.49,11.5,400,0
2015-02-20,18:00:00,11.5,11.5,11.5,11.5,3100,0
2015-02-20,18:05:00,11.5,11.5,11.5,11.5,200,0
2015-02-20,18:10:00,11.5,11.5,11.5,11.5,900,0
2015-02-20,18:15:00,11.5,11.5,11.5,11.5,2160,0
2015-02-20,18:20:00,11.5,11.52,11.5,11.52,1051,0
2015-02-20,18:25:00,11.52,11.52,11.52,11.52,684,0
2015-02-20,18:30:00,11.52,11.52,11.52,11.52,906,0
2015-02-20,18:35:00,11.52,11.52,11.48,11.5,2602,0
2015-02-20,18:40:00,11.51,11.51,11.47,11.49,3208,0
2015-02-20,18:45:00,11.52,11.52,11.51,11.51,1700,0
2015-02-20,18:50:00,11.51,11.51,11.51,11.51,2206,0
2015-02-20,18:55:00,11.51,11.51,11.51,11.51,1683,0
2015-02-20,19:00:00,11.5,11.51,11.46,11.49,2358,0
2015-02-20,19:05:00,11.49,11.5,11.49,11.5,800,0
2015-02-20,19:10:00,11.49,11.5,11.48,11.5,1800,0
2015-02-20,19:15:00,11.5,11.5,11.49,11.49,1500,0
2015-02-20,19:20:00,11.5,11.5,11.49,11.49,1600,0
2015-02-20,19:25:00,11.5,11.5,11.5,11.5,1300,0
2015-02-20,19:30:00,11.5,11.5,11.5,11.5,3000,0
2015-02-20,19:40:00,11.5,11.5,11.49,11.5,5088,0
2015-02-20,19:45:00,11.5,11.5,11.48,11.49,4500,0
2015-02-20,19:50:00,11.5,11.5,11.49,11.5,4000,0
2015-02-20,19:55:00,11.5,11.5,11.49,11.5,1300,0
2015-02-20,20:05:00,11.5,11.5,11.5,11.5,1100,0
2015-02-20,20:10:00,11.5,11.5,11.5,11.5,1500,0
2015-02-20,20:15:00,11.5,11.5,11.5,11.5,300,0
2015-02-20,20:20:00,11.5,11.5,11.49,11.49,200,0
2015-02-20,20:25:00,11.49,11.5,11.47,11.5,5200,0
2015-02-20,20:30:00,11.49,11.49,11.47,11.48,3276,0
2015-02-20,20:35:00,11.47,11.48,11.47,11.48,1600,0
2015-02-20,20:40:00,11.49,11.49,11.49,11.49,600,0
2015-02-20,20:45:00,11.5,11.5,11.5,11.5,300,0
2015-02-20,20:50:00,11.5,11.5,11.5,11.5,300,0
2015-02-20,20:55:00,11.5,11.5,11.49,11.5,2900,0
2015-02-20,21:00:00,11.5,11.5,11.5,11.5,700,0
2015-02-20,21:05:00,11.5,11.5,11.5,11.5,3400,0
2015-02-20,21:10:00,11.5,11.51,11.5,11.51,2500,0
2015-02-20,21:15:00,11.5,11.51,11.47,11.49,9665,0
2015-02-20,21:20:00,11.48,11.48,11.48,11.48,1100,0
2015-02-20,21:25:00,11.48,11.48,11.45,11.45,4003,0
2015-02-20,21:30:00,11.47,11.47,11.47,11.47,100,0
2015-02-20,21:35:00,11.47,11.48,11.46,11.48,2300,0
2015-02-20,21:40:00,11.48,11.48,11.48,11.48,1000,0
2015-02-20,21:45:00,11.48,11.48,11.48,11.48,2347,0
2015-02-20,21:50:00,11.48,11.48,11.48,11.48,3674,0
2015-02-20,21:55:00,11.48,11.48,11.45,11.45,6076,0
2015-02-20,22:00:00,11.46,11.48,11.45,11.48,45261,0
2015-02-23,15:35:00,11.46,11.46,11.33,11.33,2856,0
2015-02-23,15:40:00,11.38,11.42,11.37,11.37,1585,0
2015-02-23,15:45:00,11.36,11.4,11.34,11.36,1300,0
2015-02-23,15:50:00,11.34,11.38,11.3,11.32,2908,0
2015-02-23,15:55:00,11.29,11.33,11.29,11.32,900,0
2015-02-23,16:05:00,11.33,11.34,11.29,11.32,606,0
2015-02-23,16:10:00,11.33,11.36,11.33,11.35,1300,0
2015-02-23,16:15:00,11.33,11.36,11.33,11.36,3300,0
2015-02-23,16:20:00,11.36,11.36,11.34,11.35,915,0
2015-02-23,16:25:00,11.32,11.39,11.31,11.33,5610,0
2015-02-23,16:30:00,11.36,11.36,11.32,11.34,3439,0
2015-02-23,16:35:00,11.38,11.39,11.38,11.39,200,0
2015-02-23,16:40:00,11.4,11.4,11.33,11.38,3700,0
2015-02-23,16:45:00,11.38,11.42,11.3,11.41,19706,0
2015-02-23,16:50:00,11.41,11.41,11.35,11.4,4192,0
2015-02-23,16:55:00,11.4,11.5,11.38,11.48,13250,0
2015-02-23,17:00:00,11.49,11.54,11.49,11.54,6124,0
2015-02-23,17:05:00,11.53,11.53,11.45,11.45,7234,0
2015-02-23,17:15:00,11.47,11.47,11.45,11.45,2900,0
2015-02-23,17:20:00,11.45,11.45,11.4,11.43,2689,0
2015-02-23,17:25:00,11.42,11.43,11.42,11.42,2500,0
2015-02-23,17:30:00,11.43,11.43,11.42,11.42,900,0
2015-02-23,17:35:00,11.43,11.43,11.43,11.43,2400,0
2015-02-23,17:40:00,11.43,11.43,11.42,11.43,2482,0
2015-02-23,17:45:00,11.43,11.43,11.43,11.43,1941,0
2015-02-23,17:50:00,11.43,11.43,11.43,11.43,1500,0
2015-02-23,17:55:00,11.43,11.44,11.43,11.44,2000,0
2015-02-23,18:00:00,11.44,11.44,11.44,11.44,2300,0
2015-02-23,18:05:00,11.44,11.44,11.44,11.44,1000,0
2015-02-23,18:10:00,11.44,11.44,11.44,11.44,4350,0
2015-02-23,18:15:00,11.45,11.46,11.44,11.45,3700,0
2015-02-23,18:20:00,11.46,11.46,11.43,11.44,3164,0
2015-02-23,18:25:00,11.44,11.44,11.43,11.44,2800,0
2015-02-23,18:30:00,11.44,11.44,11.43,11.44,2300,0
2015-02-23,18:35:00,11.44,11.46,11.44,11.46,2825,0
2015-02-23,18:40:00,11.46,11.46,11.46,11.46,2400,0
2015-02-23,18:45:00,11.46,11.46,11.44,11.45,6702,0
2015-02-23,18:50:00,11.45,11.46,11.44,11.46,3800,0
2015-02-23,18:55:00,11.46,11.46,11.43,11.43,2902,0
2015-02-23,19:00:00,11.45,11.45,11.45,11.45,2000,0
2015-02-23,19:05:00,11.45,11.45,11.45,11.45,1600,0
2015-02-23,19:10:00,11.45,11.46,11.45,11.45,3987,0
2015-02-23,19:15:00,11.45,11.45,11.45,11.45,1900,0
2015-02-23,19:20:00,11.45,11.45,11.45,11.45,400,0
2015-02-23,19:25:00,11.45,11.5,11.45,11.49,6527,0
2015-02-23,19:30:00,11.5,11.5,11.5,11.5,700,0
2015-02-23,19:35:00,11.5,11.5,11.48,11.49,3400,0
2015-02-23,19:40:00,11.49,11.49,11.49,11.49,900,0
2015-02-23,19:45:00,11.49,11.5,11.49,11.49,1200,0
2015-02-23,19:50:00,11.49,11.49,11.49,11.49,1400,0
2015-02-23,19:55:00,11.49,11.49,11.49,11.49,500,0
2015-02-23,20:00:00,11.49,11.49,11.48,11.49,1500,0
2015-02-23,20:05:00,11.49,11.49,11.49,11.49,1200,0
2015-02-23,20:10:00,11.49,11.57,11.49,11.57,6922,0
2015-02-23,20:15:00,11.57,11.57,11.53,11.55,4800,0
2015-02-23,20:20:00,11.53,11.54,11.53,11.54,1100,0
2015-02-23,20:25:00,11.53,11.54,11.52,11.52,3700,0
2015-02-23,20:30:00,11.52,11.54,11.52,11.53,3100,0
2015-02-23,20:35:00,11.53,11.53,11.51,11.53,6100,0
2015-02-23,20:40:00,11.52,11.53,11.52,11.53,1500,0
2015-02-23,20:45:00,11.52,11.52,11.51,11.52,1400,0
2015-02-23,20:50:00,11.52,11.53,11.51,11.53,6300,0
2015-02-23,20:55:00,11.53,11.54,11.53,11.54,600,0
2015-02-23,21:00:00,11.54,11.54,11.54,11.54,2900,0
2015-02-23,21:05:00,11.54,11.54,11.51,11.51,4200,0
2015-02-23,21:10:00,11.52,11.53,11.52,11.53,1707,0
2015-02-23,21:15:00,11.54,11.54,11.53,11.54,7500,0
2015-02-23,21:20:00,11.54,11.57,11.54,11.57,3700,0
2015-02-23,21:25:00,11.56,11.58,11.55,11.56,22454,0
2015-02-23,21:30:00,11.56,11.58,11.56,11.58,5982,0
2015-02-23,21:35:00,11.58,11.58,11.57,11.58,2800,0
2015-02-23,21:40:00,11.58,11.58,11.58,11.58,3497,0
2015-02-23,21:45:00,11.58,11.58,11.52,11.55,16221,0
2015-02-23,21:50:00,11.55,11.58,11.55,11.57,9971,0
2015-02-23,21:55:00,11.57,11.58,11.56,11.58,9100,0
2015-02-23,22:00:00,11.58,11.59,11.57,11.59,28429,0
