Date,Time,Open,High,Low,Close,Volume,OpenInt
2015-02-02,17:00:00,20.77,20.80,20.66,20.76,3200,0
2015-02-02,17:05:00,20.85,20.92,20.85,20.92,2600,0
2015-02-02,17:10:00,20.93,20.93,20.88,20.88,2800,0
2015-02-02,17:15:00,20.9,20.92,20.89,20.9,1700,0
2015-02-02,17:20:00,20.87,20.9,20.87,20.87,1000,0
2015-02-02,17:25:00,20.87,20.92,20.87,20.88,700,0
2015-02-02,17:30:00,20.9,21.06,20.9,20.96,16647,0
2015-02-02,17:35:00,20.95,20.98,20.95,20.98,600,0
2015-02-02,17:40:00,21.0,21.0,20.88,20.96,4844,0
2015-02-02,17:45:00,20.91,20.92,20.91,20.92,300,0
2015-02-02,17:50:00,20.86,20.95,20.86,20.91,700,0
2015-02-02,17:55:00,20.92,20.96,20.87,20.87,1200,0
2015-02-02,18:00:00,20.87,20.87,20.84,20.84,1900,0
2015-02-02,18:05:00,20.87,20.88,20.87,20.88,800,0
2015-02-02,18:10:00,20.88,20.9,20.88,20.9,1100,0
2015-02-02,18:15:00,20.9,20.95,20.9,20.92,1800,0
2015-02-02,18:20:00,20.9,20.92,20.9,20.92,387,0
2015-02-02,18:25:00,20.98,20.98,20.95,20.96,700,0
2015-02-02,18:30:00,20.95,21.06,20.94,21.06,7620,0
2015-02-02,18:35:00,21.08,21.12,21.07,21.1,1656,0
2015-02-02,18:40:00,21.08,21.16,21.08,21.13,1100,0
2015-02-02,18:45:00,21.16,21.17,21.14,21.14,1000,0
2015-02-02,18:50:00,21.15,21.15,21.06,21.06,1500,0
2015-02-02,18:55:00,21.04,21.06,21.0,21.0,1968,0
2015-02-02,19:00:00,21.0,21.12,21.0,21.12,3054,0
2015-02-02,19:05:00,21.16,21.18,21.14,21.15,1500,0
2015-02-02,19:10:00,21.15,21.24,21.15,21.24,3500,0
2015-02-02,19:15:00,21.27,21.35,21.27,21.3,2776,0
2015-02-02,19:20:00,21.3,21.3,21.19,21.21,2617,0
2015-02-02,19:25:00,21.27,21.33,21.27,21.33,1300,0
2015-02-02,19:30:00,21.31,21.32,21.31,21.31,800,0
2015-02-02,19:35:00,21.32,21.38,21.32,21.32,4700,0
2015-02-02,19:40:00,21.31,21.32,21.31,21.32,900,0
2015-02-02,19:45:00,21.31,21.33,21.25,21.25,2300,0
2015-02-02,19:50:00,21.26,21.3,21.26,21.27,1200,0
2015-02-02,19:55:00,21.27,21.28,21.22,21.23,2344,0
2015-02-02,20:00:00,21.2,21.23,21.19,21.19,1100,0
2015-02-02,20:05:00,21.19,21.2,21.19,21.19,800,0
2015-02-02,20:10:00,21.24,21.29,21.23,21.26,3100,0
2015-02-02,20:15:00,21.25,21.27,21.25,21.25,700,0
2015-02-02,20:20:00,21.27,21.32,21.24,21.25,3500,0
2015-02-02,20:25:00,21.25,21.27,21.24,21.25,2600,0
2015-02-02,20:30:00,21.26,21.27,21.26,21.27,500,0
2015-02-02,20:35:00,21.27,21.33,21.26,21.33,6787,0
2015-02-02,20:40:00,21.35,21.36,21.29,21.31,3600,0
2015-02-02,20:45:00,21.3,21.37,21.3,21.37,1935,0
2015-02-02,20:50:00,21.35,21.36,21.28,21.36,3600,0
2015-02-02,20:55:00,21.35,21.37,21.33,21.37,1300,0
2015-02-02,21:00:00,21.37,21.37,21.25,21.29,4076,0
2015-02-02,21:05:00,21.3,21.38,21.29,21.38,2920,0
2015-02-02,21:10:00,21.37,21.38,21.27,21.35,15588,0
2015-02-02,21:15:00,21.37,21.4,21.34,21.37,2000,0
2015-02-02,21:20:00,21.39,21.39,21.28,21.28,3600,0
2015-02-02,21:25:00,21.33,21.39,21.33,21.39,1600,0
2015-02-02,21:30:00,21.38,21.38,21.23,21.23,5900,0
2015-02-02,21:35:00,21.24,21.38,21.23,21.28,7483,0
2015-02-02,21:40:00,21.23,21.36,21.2,21.36,2000,0
2015-02-02,21:45:00,21.37,21.43,21.37,21.41,3100,0
2015-02-02,21:50:00,21.39,21.39,21.3,21.34,15100,0
2015-02-02,21:55:00,21.33,21.35,21.28,21.31,9473,0
2015-02-02,22:00:00,21.29,21.33,21.27,21.27,79331,0
2015-02-03,15:35:00,21.41,21.52,21.41,21.52,2858,0
2015-02-03,15:40:00,21.47,21.48,21.29,21.41,8900,0
2015-02-03,15:45:00,21.46,21.48,21.31,21.34,9200,0
2015-02-03,15:50:00,21.48,21.51,21.38,21.43,2996,0
2015-02-03,15:55:00,21.44,21.5,21.43,21.47,900,0
2015-02-03,16:00:00,21.49,21.62,21.47,21.57,1500,0
2015-02-03,16:05:00,21.62,21.63,21.51,21.51,2775,0
2015-02-03,16:10:00,21.5,21.57,21.5,21.57,1209,0
2015-02-03,16:15:00,21.52,21.56,21.51,21.52,1963,0
2015-02-03,16:20:00,21.55,21.58,21.55,21.55,1400,0
2015-02-03,16:25:00,21.55,21.55,21.39,21.47,3121,0
2015-02-03,16:30:00,21.49,21.53,21.44,21.53,1700,0
2015-02-03,16:35:00,21.54,21.54,21.52,21.52,820,0
2015-02-03,16:40:00,21.56,21.59,21.52,21.55,5300,0
2015-02-03,16:45:00,21.56,21.67,21.56,21.63,5972,0
2015-02-03,16:50:00,21.59,21.64,21.57,21.6,8600,0
2015-02-03,16:55:00,21.61,21.62,21.56,21.57,2100,0
2015-02-03,17:00:00,21.54,21.54,21.54,21.54,100,0
2015-02-03,17:05:00,21.55,21.61,21.55,21.6,1300,0
2015-02-03,17:10:00,21.6,21.66,21.58,21.62,2193,0
2015-02-03,17:15:00,21.62,21.62,21.54,21.57,1400,0
2015-02-03,17:20:00,21.61,21.69,21.6,21.68,9937,0
2015-02-03,17:25:00,21.68,21.69,21.63,21.67,1675,0
2015-02-03,17:30:00,21.64,21.73,21.64,21.73,3100,0
2015-02-03,17:35:00,21.72,21.76,21.69,21.72,4500,0
2015-02-03,17:40:00,21.7,21.72,21.69,21.72,1312,0
2015-02-03,17:45:00,21.71,21.72,21.67,21.7,2486,0
2015-02-03,17:50:00,21.71,21.76,21.68,21.73,18250,0
2015-02-03,17:55:00,21.73,21.73,21.71,21.71,400,0
2015-02-03,18:00:00,21.72,21.72,21.69,21.69,1300,0
2015-02-03,18:05:00,21.67,21.67,21.67,21.67,200,0
2015-02-03,18:10:00,21.71,21.73,21.7,21.7,2200,0
2015-02-03,18:15:00,21.71,21.77,21.71,21.75,500,0
2015-02-03,18:20:00,21.75,21.75,21.75,21.75,300,0
2015-02-03,18:25:00,21.75,21.75,21.71,21.74,600,0
2015-02-03,18:30:00,21.79,21.79,21.75,21.76,3150,0
2015-02-03,18:35:00,21.74,21.74,21.68,21.68,700,0
2015-02-03,18:40:00,21.73,21.77,21.67,21.67,5600,0
2015-02-03,18:45:00,21.71,21.73,21.71,21.71,700,0
2015-02-03,18:50:00,21.75,21.77,21.71,21.71,600,0
2015-02-03,18:55:00,21.74,21.78,21.74,21.78,2200,0
2015-02-03,19:00:00,21.8,21.82,21.73,21.76,2000,0
2015-02-03,19:05:00,21.72,21.72,21.72,21.72,600,0
2015-02-03,19:10:00,21.79,21.81,21.74,21.8,1600,0
2015-02-03,19:15:00,21.75,21.79,21.74,21.78,400,0
2015-02-03,19:20:00,21.8,21.8,21.76,21.76,600,0
2015-02-03,19:25:00,21.8,21.86,21.8,21.86,1703,0
2015-02-03,19:30:00,21.86,21.87,21.82,21.86,3183,0
2015-02-03,19:35:00,21.84,21.87,21.8,21.8,2400,0
2015-02-03,19:40:00,21.85,21.85,21.79,21.79,1200,0
2015-02-03,19:45:00,21.77,21.8,21.77,21.8,400,0
2015-02-03,19:50:00,21.82,21.88,21.82,21.86,901,0
2015-02-03,19:55:00,21.85,21.85,21.84,21.84,800,0
2015-02-03,20:00:00,21.85,21.85,21.85,21.85,600,0
2015-02-03,20:05:00,21.85,21.88,21.85,21.88,1300,0
2015-02-03,20:10:00,21.85,21.98,21.84,21.96,18528,0
2015-02-03,20:15:00,21.92,21.92,21.84,21.84,900,0
2015-02-03,20:20:00,21.83,21.85,21.71,21.75,5504,0
2015-02-03,20:25:00,21.74,21.74,21.74,21.74,100,0
2015-02-03,20:30:00,21.74,21.77,21.69,21.76,12831,0
2015-02-03,20:35:00,21.76,21.76,21.74,21.74,600,0
2015-02-03,20:40:00,21.74,21.75,21.72,21.75,2102,0
2015-02-03,20:45:00,21.76,21.76,21.7,21.7,1200,0
2015-02-03,20:50:00,21.7,21.8,21.7,21.8,4200,0
2015-02-03,20:55:00,21.79,21.86,21.76,21.81,12500,0
2015-02-03,21:00:00,21.77,21.81,21.75,21.75,2601,0
2015-02-03,21:05:00,21.8,21.8,21.75,21.75,2550,0
2015-02-03,21:10:00,21.78,21.87,21.78,21.87,3690,0
2015-02-03,21:15:00,21.87,21.87,21.83,21.83,200,0
2015-02-03,21:20:00,21.84,21.88,21.82,21.82,9000,0
2015-02-03,21:25:00,21.81,21.91,21.81,21.89,3298,0
2015-02-03,21:30:00,21.89,21.9,21.82,21.83,4300,0
2015-02-03,21:35:00,21.82,21.83,21.68,21.69,4771,0
2015-02-03,21:40:00,21.66,21.82,21.66,21.8,2089,0
2015-02-03,21:45:00,21.79,21.81,21.78,21.81,1900,0
2015-02-03,21:50:00,21.83,21.9,21.81,21.86,4002,0
2015-02-03,21:55:00,21.87,21.88,21.79,21.83,20004,0
2015-02-03,22:00:00,21.8,21.85,21.78,21.8,57237,0
2015-02-04,15:35:00,21.72,21.8,21.72,21.8,4499,0
2015-02-04,15:40:00,21.75,21.75,21.7,21.75,4503,0
2015-02-04,15:45:00,21.76,21.87,21.76,21.87,2400,0
2015-02-04,15:50:00,21.9,21.9,21.84,21.85,1200,0
2015-02-04,15:55:00,21.87,21.87,21.87,21.87,300,0
2015-02-04,16:00:00,21.84,21.9,21.84,21.9,500,0
2015-02-04,16:05:00,21.91,21.91,21.84,21.84,3700,0
2015-02-04,16:10:00,21.86,21.89,21.84,21.84,14300,0
2015-02-04,16:15:00,21.86,21.91,21.85,21.88,2544,0
2015-02-04,16:20:00,21.86,21.88,21.79,21.85,3500,0
2015-02-04,16:25:00,21.87,21.9,21.84,21.9,10500,0
2015-02-04,16:30:00,21.88,21.89,21.84,21.84,16600,0
2015-02-04,16:35:00,21.84,21.91,21.84,21.9,12800,0
2015-02-04,16:40:00,21.89,21.89,21.8,21.8,1000,0
2015-02-04,16:45:00,21.83,21.85,21.82,21.85,2470,0
2015-02-04,16:55:00,21.97,22.08,21.95,22.03,9515,0
2015-02-04,17:00:00,22.07,22.1,22.07,22.07,800,0
2015-02-04,17:05:00,22.04,22.06,22.04,22.05,3000,0
2015-02-04,17:10:00,22.04,22.08,22.02,22.06,2600,0
2015-02-04,17:15:00,22.06,22.1,22.06,22.1,800,0
2015-02-04,17:20:00,22.08,22.08,21.88,21.91,3200,0
2015-02-04,17:25:00,21.92,21.92,21.92,21.92,100,0
2015-02-04,17:30:00,21.98,22.0,21.98,21.99,700,0
2015-02-04,17:35:00,22.04,22.07,22.04,22.07,500,0
2015-02-04,17:40:00,22.11,22.12,22.09,22.1,1400,0
2015-02-04,17:45:00,22.14,22.15,22.11,22.11,1700,0
2015-02-04,17:50:00,22.11,22.15,22.07,22.07,3388,0
2015-02-04,17:55:00,22.06,22.06,21.95,21.95,1500,0
2015-02-04,18:00:00,21.97,21.98,21.97,21.98,200,0
2015-02-04,18:05:00,21.99,21.99,21.98,21.98,654,0
2015-02-04,18:10:00,21.98,21.98,21.98,21.98,500,0
2015-02-04,18:15:00,21.98,21.98,21.96,21.96,300,0
2015-02-04,18:20:00,21.97,21.97,21.95,21.95,1400,0
2015-02-04,18:25:00,21.96,21.96,21.96,21.96,400,0
2015-02-04,18:30:00,21.95,21.95,21.86,21.88,2344,0
2015-02-04,18:40:00,21.9,21.9,21.89,21.89,300,0
2015-02-04,18:45:00,21.91,21.91,21.91,21.91,100,0
2015-02-04,18:50:00,21.86,21.9,21.86,21.88,1100,0
2015-02-04,18:55:00,21.89,21.91,21.89,21.91,500,0
2015-02-04,19:00:00,21.91,21.91,21.91,21.91,300,0
2015-02-04,19:05:00,21.93,21.93,21.93,21.93,200,0
2015-02-04,19:10:00,21.91,21.92,21.91,21.92,200,0
2015-02-04,19:15:00,21.97,21.98,21.97,21.98,600,0
2015-02-04,19:20:00,21.98,21.98,21.98,21.98,700,0
2015-02-04,19:25:00,21.96,21.96,21.96,21.96,300,0
2015-02-04,19:30:00,21.96,21.96,21.91,21.92,2524,0
2015-02-04,19:40:00,21.92,21.94,21.91,21.92,1700,0
2015-02-04,19:45:00,21.91,21.91,21.67,21.81,3622,0
2015-02-04,19:50:00,21.8,21.84,21.73,21.73,1900,0
2015-02-04,20:00:00,21.78,21.78,21.67,21.72,4800,0
2015-02-04,20:05:00,21.69,21.74,21.69,21.74,945,0
2015-02-04,20:10:00,21.75,21.75,21.67,21.67,805,0
2015-02-04,20:15:00,21.71,21.71,21.71,21.71,100,0
2015-02-04,20:20:00,21.74,21.74,21.74,21.74,200,0
2015-02-04,20:25:00,21.72,21.75,21.72,21.73,604,0
2015-02-04,20:30:00,21.75,21.76,21.75,21.76,200,0
2015-02-04,20:35:00,21.78,21.78,21.68,21.74,4334,0
2015-02-04,20:45:00,21.79,21.79,21.71,21.75,2100,0
2015-02-04,20:50:00,21.76,21.76,21.72,21.72,200,0
2015-02-04,20:55:00,21.85,21.85,21.78,21.78,1400,0
2015-02-04,21:05:00,21.82,21.82,21.82,21.82,100,0
2015-02-04,21:10:00,21.82,21.86,21.82,21.82,2100,0
2015-02-04,21:15:00,21.84,21.86,21.82,21.82,900,0
2015-02-04,21:20:00,21.83,21.83,21.77,21.77,3613,0
2015-02-04,21:25:00,21.8,21.83,21.78,21.8,1380,0
2015-02-04,21:30:00,21.85,21.88,21.84,21.88,1700,0
2015-02-04,21:35:00,21.93,21.94,21.84,21.84,4826,0
2015-02-04,21:40:00,21.83,21.88,21.72,21.72,10823,0
2015-02-04,21:45:00,21.71,21.72,21.66,21.66,3100,0
2015-02-04,21:50:00,21.66,21.75,21.66,21.74,7276,0
2015-02-04,21:55:00,21.73,21.76,21.7,21.73,9958,0
2015-02-04,22:00:00,21.72,21.78,21.72,21.76,40680,0
2015-02-05,15:40:00,21.89,21.95,21.89,21.95,2678,0
2015-02-05,15:45:00,21.96,21.96,21.87,21.87,1800,0
2015-02-05,15:55:00,21.87,21.91,21.87,21.89,1200,0
2015-02-05,16:00:00,21.89,21.95,21.89,21.95,13800,0
2015-02-05,16:05:00,21.94,21.94,21.86,21.86,800,0
2015-02-05,16:10:00,21.91,21.98,21.89,21.98,1000,0
2015-02-05,16:15:00,21.94,21.97,21.94,21.97,500,0
2015-02-05,16:20:00,21.98,22.06,21.98,22.06,2100,0
2015-02-05,16:25:00,22.08,22.1,22.07,22.07,440,0
2015-02-05,16:30:00,22.09,22.13,22.08,22.13,1100,0
2015-02-05,16:35:00,22.13,22.18,22.13,22.18,1500,0
2015-02-05,16:40:00,22.18,22.24,22.18,22.24,2170,0
2015-02-05,16:45:00,22.27,22.27,22.24,22.24,668,0
2015-02-05,16:50:00,22.27,22.27,22.27,22.27,500,0
2015-02-05,16:55:00,22.3,22.3,22.28,22.28,2352,0
2015-02-05,17:00:00,22.24,22.24,22.2,22.2,1900,0
2015-02-05,17:10:00,22.28,22.28,22.24,22.24,3661,0
2015-02-05,17:15:00,22.28,22.31,22.28,22.29,1100,0
2015-02-05,17:20:00,22.29,22.29,22.21,22.22,2500,0
2015-02-05,17:25:00,22.24,22.27,22.24,22.27,1600,0
2015-02-05,17:30:00,22.24,22.24,22.24,22.24,500,0
2015-02-05,17:35:00,22.24,22.24,22.16,22.18,3515,0
2015-02-05,17:40:00,22.2,22.21,22.2,22.21,800,0
2015-02-05,17:45:00,22.17,22.2,22.13,22.2,1300,0
2015-02-05,17:50:00,22.18,22.18,22.18,22.18,225,0
2015-02-05,17:55:00,22.18,22.18,22.18,22.18,100,0
2015-02-05,18:00:00,22.16,22.16,22.1,22.1,800,0
2015-02-05,18:05:00,22.09,22.11,22.09,22.11,710,0
2015-02-05,18:15:00,22.09,22.1,22.01,22.01,2500,0
2015-02-05,18:20:00,22.05,22.05,21.98,22.01,4886,0
2015-02-05,18:25:00,22.03,22.03,22.03,22.03,300,0
2015-02-05,18:30:00,22.03,22.03,22.01,22.01,1500,0
2015-02-05,18:35:00,22.01,22.03,22.01,22.03,400,0
2015-02-05,18:40:00,22.09,22.09,22.09,22.09,100,0
2015-02-05,18:45:00,22.09,22.11,22.09,22.11,600,0
2015-02-05,18:50:00,22.1,22.11,22.03,22.03,700,0
2015-02-05,18:55:00,22.0,22.0,22.0,22.0,500,0
2015-02-05,19:10:00,22.01,22.01,21.99,22.0,1527,0
2015-02-05,19:20:00,22.05,22.07,22.05,22.07,1500,0
2015-02-05,19:25:00,22.07,22.07,21.89,22.01,26600,0
2015-02-05,19:35:00,22.02,22.06,22.0,22.06,1120,0
2015-02-05,19:40:00,22.09,22.1,22.09,22.1,500,0
2015-02-05,19:45:00,22.13,22.14,22.13,22.14,400,0
2015-02-05,20:00:00,22.15,22.2,22.15,22.2,2000,0
2015-02-05,20:05:00,22.21,22.21,22.2,22.2,1400,0
2015-02-05,20:10:00,22.18,22.18,22.13,22.13,3568,0
2015-02-05,20:15:00,22.17,22.17,22.15,22.15,500,0
2015-02-05,20:20:00,22.17,22.22,22.17,22.21,1416,0
2015-02-05,20:25:00,22.14,22.14,22.14,22.14,200,0
2015-02-05,20:30:00,22.17,22.17,22.16,22.16,500,0
2015-02-05,20:35:00,22.2,22.2,22.19,22.19,400,0
2015-02-05,20:40:00,22.22,22.23,22.22,22.23,1800,0
2015-02-05,20:45:00,22.23,22.23,22.14,22.16,4049,0
2015-02-05,20:50:00,22.14,22.16,22.13,22.16,1400,0
2015-02-05,20:55:00,22.15,22.15,22.13,22.13,300,0
2015-02-05,21:00:00,22.16,22.19,22.12,22.12,3800,0
2015-02-05,21:05:00,22.14,22.14,22.08,22.08,1900,0
2015-02-05,21:10:00,22.05,22.05,22.05,22.05,1300,0
2015-02-05,21:15:00,22.02,22.04,21.94,22.04,4890,0
2015-02-05,21:20:00,22.01,22.02,22.0,22.02,1200,0
2015-02-05,21:25:00,22.04,22.07,22.03,22.07,2200,0
2015-02-05,21:30:00,22.07,22.08,22.07,22.07,1818,0
2015-02-05,21:35:00,22.09,22.15,22.09,22.15,2000,0
2015-02-05,21:40:00,22.15,22.15,22.1,22.11,3552,0
2015-02-05,21:45:00,22.13,22.17,22.13,22.14,3106,0
2015-02-05,21:50:00,22.15,22.15,22.1,22.11,1400,0
2015-02-05,21:55:00,22.1,22.16,22.1,22.16,7676,0
2015-02-05,22:00:00,22.14,22.15,22.05,22.13,80496,0
2015-02-06,15:35:00,22.19,22.22,22.17,22.17,7712,0
2015-02-06,15:40:00,22.21,22.25,22.21,22.21,1214,0
2015-02-06,15:50:00,22.32,22.32,22.32,22.32,200,0
2015-02-06,15:55:00,22.35,22.35,22.34,22.34,1550,0
2015-02-06,16:00:00,22.28,22.28,22.22,22.22,400,0
2015-02-06,16:05:00,22.3,22.39,22.3,22.39,1720,0
2015-02-06,16:10:00,22.45,22.47,22.45,22.47,300,0
2015-02-06,16:15:00,22.45,22.5,22.45,22.5,4150,0
2015-02-06,16:20:00,22.56,22.57,22.51,22.51,2945,0
2015-02-06,16:25:00,22.51,22.51,22.43,22.43,3100,0
2015-02-06,16:30:00,22.41,22.41,22.36,22.36,800,0
2015-02-06,16:35:00,22.4,22.42,22.38,22.42,780,0
2015-02-06,16:40:00,22.4,22.4,22.38,22.38,899,0
2015-02-06,16:45:00,22.42,22.46,22.41,22.45,2100,0
2015-02-06,16:50:00,22.4,22.48,22.4,22.47,610,0
2015-02-06,16:55:00,22.45,22.45,22.32,22.38,9403,0
2015-02-06,17:00:00,22.41,22.43,22.4,22.41,1800,0
2015-02-06,17:05:00,22.4,22.43,22.4,22.43,400,0
2015-02-06,17:10:00,22.44,22.45,22.44,22.44,1000,0
2015-02-06,17:15:00,22.46,22.46,22.4,22.42,2924,0
2015-02-06,17:20:00,22.46,22.46,22.45,22.45,2271,0
2015-02-06,17:25:00,22.46,22.46,22.39,22.44,2100,0
2015-02-06,17:30:00,22.44,22.48,22.43,22.45,2800,0
2015-02-06,17:35:00,22.44,22.44,22.36,22.44,3200,0
2015-02-06,17:40:00,22.42,22.44,22.36,22.36,1100,0
2015-02-06,17:45:00,22.4,22.4,22.36,22.36,200,0
2015-02-06,17:50:00,22.4,22.4,22.4,22.4,200,0
2015-02-06,18:00:00,22.4,22.41,22.33,22.4,1600,0
2015-02-06,18:05:00,22.36,22.36,22.36,22.36,400,0
2015-02-06,18:15:00,22.34,22.34,22.26,22.31,2500,0
2015-02-06,18:25:00,22.29,22.29,22.27,22.29,1000,0
2015-02-06,18:35:00,22.31,22.31,22.31,22.31,100,0
2015-02-06,18:45:00,22.33,22.33,22.28,22.31,1100,0
2015-02-06,18:50:00,22.29,22.29,22.29,22.29,200,0
2015-02-06,18:55:00,22.3,22.31,22.26,22.26,6110,0
2015-02-06,19:00:00,22.28,22.28,22.24,22.24,4200,0
2015-02-06,19:05:00,22.24,22.24,22.21,22.23,2480,0
2015-02-06,19:10:00,22.2,22.2,22.17,22.18,900,0
2015-02-06,19:15:00,22.13,22.14,22.13,22.13,700,0
2015-02-06,19:20:00,22.16,22.16,22.16,22.16,300,0
2015-02-06,19:30:00,22.13,22.13,22.07,22.09,1615,0
2015-02-06,19:35:00,22.12,22.12,22.12,22.12,100,0
2015-02-06,19:40:00,22.07,22.07,22.06,22.07,700,0
2015-02-06,19:45:00,22.11,22.13,22.11,22.13,1600,0
2015-02-06,19:50:00,22.13,22.16,22.12,22.14,900,0
2015-02-06,19:55:00,22.15,22.15,22.13,22.13,2100,0
2015-02-06,20:00:00,22.14,22.14,22.14,22.14,500,0
2015-02-06,20:10:00,22.17,22.17,22.11,22.11,1200,0
2015-02-06,20:15:00,22.14,22.14,22.14,22.14,100,0
2015-02-06,20:20:00,22.2,22.2,22.16,22.17,500,0
2015-02-06,20:25:00,22.2,22.2,22.19,22.19,1310,0
2015-02-06,20:30:00,22.15,22.15,22.15,22.15,200,0
2015-02-06,20:35:00,22.15,22.23,22.15,22.23,1000,0
2015-02-06,20:40:00,22.23,22.23,22.21,22.21,1268,0
2015-02-06,20:45:00,22.2,22.22,22.2,22.22,500,0
2015-02-06,20:50:00,22.21,22.21,22.21,22.21,100,0
2015-02-06,20:55:00,22.23,22.23,22.17,22.17,3300,0
2015-02-06,21:00:00,22.17,22.17,22.16,22.16,300,0
2015-02-06,21:05:00,22.12,22.12,22.11,22.12,1400,0
2015-02-06,21:10:00,22.16,22.16,22.16,22.16,400,0
2015-02-06,21:15:00,22.14,22.14,22.11,22.14,3092,0
2015-02-06,21:20:00,22.17,22.18,22.16,22.17,1100,0
2015-02-06,21:25:00,22.13,22.23,22.13,22.21,2500,0
2015-02-06,21:30:00,22.21,22.21,22.21,22.21,400,0
2015-02-06,21:35:00,22.2,22.2,22.17,22.19,2030,0
2015-02-06,21:40:00,22.18,22.3,22.18,22.28,800,0
2015-02-06,21:45:00,22.23,22.26,22.23,22.24,1200,0
2015-02-06,21:50:00,22.25,22.26,22.14,22.16,6401,0
2015-02-06,21:55:00,22.16,22.25,22.16,22.25,4456,0
2015-02-06,22:00:00,22.23,22.3,22.17,22.26,89241,0
2015-02-09,15:35:00,22.22,22.22,21.86,21.86,4280,0
2015-02-09,15:40:00,21.92,22.11,21.92,22.11,545,0
2015-02-09,15:45:00,22.23,22.23,22.18,22.18,1000,0
2015-02-09,15:50:00,22.21,22.21,22.1,22.1,1486,0
2015-02-09,15:55:00,22.17,22.28,22.17,22.28,900,0
2015-02-09,16:00:00,22.16,22.23,22.12,22.18,2100,0
2015-02-09,16:05:00,22.17,22.24,22.09,22.2,3800,0
2015-02-09,16:10:00,22.17,22.19,22.12,22.16,3290,0
2015-02-09,16:15:00,22.11,22.18,22.1,22.16,4923,0
2015-02-09,16:20:00,22.08,22.17,22.07,22.16,3700,0
2015-02-09,16:25:00,22.13,22.2,22.12,22.13,3600,0
2015-02-09,16:30:00,22.16,22.16,22.07,22.07,3200,0
2015-02-09,16:35:00,22.07,22.08,21.89,21.89,5518,0
2015-02-09,16:45:00,21.85,21.88,21.85,21.88,700,0
2015-02-09,16:50:00,21.85,21.87,21.85,21.85,900,0
2015-02-09,16:55:00,21.89,21.93,21.89,21.93,600,0
2015-02-09,17:00:00,21.91,21.97,21.89,21.93,2194,0
2015-02-09,17:05:00,21.92,21.96,21.92,21.96,600,0
2015-02-09,17:10:00,21.99,21.99,21.99,21.99,500,0
2015-02-09,17:15:00,22.03,22.03,21.99,22.0,2137,0
2015-02-09,17:20:00,21.99,21.99,21.99,21.99,900,0
2015-02-09,17:30:00,22.01,22.01,22.01,22.01,500,0
2015-02-09,17:35:00,22.03,22.04,21.99,21.99,1612,0
2015-02-09,17:50:00,21.97,21.97,21.97,21.97,500,0
2015-02-09,17:55:00,22.01,22.01,22.01,22.01,700,0
2015-02-09,18:00:00,22.0,22.0,22.0,22.0,500,0
2015-02-09,18:10:00,22.0,22.0,21.97,21.97,400,0
2015-02-09,18:15:00,21.98,21.98,21.98,21.98,200,0
2015-02-09,18:20:00,21.98,22.02,21.98,22.02,1500,0
2015-02-09,18:25:00,21.99,21.99,21.95,21.95,1200,0
2015-02-09,18:30:00,21.95,21.95,21.95,21.95,800,0
2015-02-09,18:35:00,21.96,21.96,21.96,21.96,600,0
2015-02-09,18:50:00,21.93,21.95,21.91,21.95,2200,0
2015-02-09,19:00:00,21.92,21.95,21.92,21.92,1800,0
2015-02-09,19:05:00,21.96,21.98,21.96,21.98,800,0
2015-02-09,19:10:00,21.95,21.95,21.93,21.93,1000,0
2015-02-09,19:25:00,21.93,21.96,21.93,21.96,2068,0
2015-02-09,19:30:00,21.96,21.96,21.96,21.96,1600,0
2015-02-09,19:35:00,21.94,21.99,21.91,21.97,6235,0
2015-02-09,19:40:00,21.97,21.97,21.97,21.97,100,0
2015-02-09,19:45:00,21.96,21.98,21.96,21.97,2155,0
2015-02-09,19:50:00,21.95,21.95,21.95,21.95,200,0
2015-02-09,19:55:00,21.99,21.99,21.99,21.99,600,0
2015-02-09,20:00:00,22.0,22.0,21.99,21.99,900,0
2015-02-09,20:05:00,21.98,21.98,21.98,21.98,1100,0
2015-02-09,20:15:00,21.96,21.96,21.94,21.94,1400,0
2015-02-09,20:20:00,21.92,21.98,21.91,21.98,5112,0
2015-02-09,20:25:00,21.94,21.95,21.92,21.92,800,0
2015-02-09,20:30:00,21.9,21.9,21.88,21.88,400,0
2015-02-09,20:35:00,21.88,21.88,21.88,21.88,300,0
2015-02-09,20:40:00,21.94,21.95,21.91,21.92,2100,0
2015-02-09,20:45:00,21.95,21.96,21.91,21.91,3487,0
2015-02-09,20:50:00,21.91,21.91,21.9,21.9,500,0
2015-02-09,20:55:00,21.91,21.91,21.91,21.91,100,0
2015-02-09,21:00:00,21.94,21.94,21.94,21.94,460,0
2015-02-09,21:05:00,21.9,21.9,21.89,21.89,700,0
2015-02-09,21:10:00,21.86,21.86,21.82,21.82,700,0
2015-02-09,21:15:00,21.84,21.84,21.84,21.84,500,0
2015-02-09,21:20:00,21.81,21.84,21.81,21.82,700,0
2015-02-09,21:25:00,21.79,21.85,21.79,21.81,2905,0
2015-02-09,21:30:00,21.85,21.88,21.83,21.88,1000,0
2015-02-09,21:35:00,21.88,21.88,21.8,21.8,2116,0
2015-02-09,21:40:00,21.79,21.79,21.79,21.79,2200,0
2015-02-09,21:45:00,21.82,21.83,21.81,21.83,2000,0
2015-02-09,21:50:00,21.82,21.84,21.77,21.79,3370,0
2015-02-09,21:55:00,21.81,21.81,21.79,21.81,3500,0
2015-02-09,22:00:00,21.79,21.8,21.7,21.76,48012,0
2015-02-10,15:35:00,21.94,21.94,21.94,21.94,300,0
2015-02-10,15:40:00,21.89,21.94,21.89,21.93,1600,0
2015-02-10,15:45:00,21.85,21.99,21.85,21.9,8393,0
2015-02-10,15:50:00,21.86,21.86,21.86,21.86,300,0
2015-02-10,15:55:00,21.91,22.03,21.91,21.96,3900,0
2015-02-10,16:00:00,21.95,21.95,21.95,21.95,100,0
2015-02-10,16:05:00,21.88,21.89,21.83,21.83,2600,0
2015-02-10,16:10:00,21.83,21.83,21.83,21.83,100,0
2015-02-10,16:15:00,21.86,21.86,21.84,21.85,500,0
2015-02-10,16:20:00,21.88,21.9,21.84,21.84,1200,0
2015-02-10,16:25:00,21.82,21.87,21.82,21.87,5100,0
2015-02-10,16:30:00,21.83,21.83,21.74,21.74,2488,0
2015-02-10,16:40:00,21.74,21.74,21.72,21.72,500,0
2015-02-10,16:45:00,21.74,21.77,21.74,21.77,300,0
2015-02-10,16:50:00,21.77,21.77,21.66,21.66,2200,0
2015-02-10,17:00:00,21.73,21.73,21.73,21.73,200,0
2015-02-10,17:05:00,21.73,21.76,21.72,21.75,1800,0
2015-02-10,17:15:00,21.77,21.78,21.76,21.76,1100,0
2015-02-10,17:20:00,21.76,21.81,21.76,21.79,700,0
2015-02-10,17:25:00,21.85,21.85,21.85,21.85,112,0
2015-02-10,17:30:00,21.85,21.85,21.85,21.85,400,0
2015-02-10,17:40:00,21.9,21.95,21.9,21.9,1200,0
2015-02-10,17:45:00,21.95,21.95,21.93,21.95,700,0
2015-02-10,18:00:00,21.92,21.92,21.88,21.88,300,0
2015-02-10,18:05:00,21.87,21.91,21.84,21.84,800,0
2015-02-10,18:10:00,21.85,21.85,21.85,21.85,300,0
2015-02-10,18:15:00,21.89,21.9,21.89,21.9,600,0
2015-02-10,18:20:00,21.86,21.9,21.85,21.9,2100,0
2015-02-10,18:25:00,21.9,21.9,21.9,21.9,600,0
2015-02-10,18:30:00,21.89,21.89,21.87,21.87,300,0
2015-02-10,18:35:00,21.91,21.91,21.91,21.91,100,0
2015-02-10,18:40:00,21.91,21.92,21.88,21.88,700,0
2015-02-10,18:45:00,21.83,21.83,21.83,21.83,100,0
2015-02-10,18:50:00,21.84,21.84,21.8,21.83,511,0
2015-02-10,18:55:00,21.87,21.87,21.82,21.82,900,0
2015-02-10,19:05:00,21.79,21.79,21.79,21.79,100,0
2015-02-10,19:10:00,21.78,21.78,21.78,21.78,100,0
2015-02-10,19:15:00,21.83,21.83,21.83,21.83,300,0
2015-02-10,19:20:00,21.84,21.88,21.84,21.88,1500,0
2015-02-10,19:25:00,21.84,21.84,21.84,21.84,700,0
2015-02-10,19:40:00,21.84,21.85,21.84,21.85,200,0
2015-02-10,19:45:00,21.83,21.83,21.83,21.83,400,0
2015-02-10,19:55:00,21.88,21.94,21.86,21.86,1600,0
2015-02-10,20:00:00,21.89,21.9,21.86,21.87,600,0
2015-02-10,20:15:00,21.91,21.94,21.91,21.91,1800,0
2015-02-10,20:20:00,21.91,21.95,21.91,21.95,700,0
2015-02-10,20:25:00,21.92,21.92,21.92,21.92,200,0
2015-02-10,20:30:00,21.96,22.0,21.96,21.98,2700,0
2015-02-10,20:35:00,21.97,21.99,21.97,21.99,700,0
2015-02-10,20:40:00,21.98,22.08,21.95,22.03,17101,0
2015-02-10,20:45:00,22.05,22.09,22.03,22.08,1800,0
2015-02-10,20:50:00,22.08,22.1,22.08,22.09,1000,0
2015-02-10,20:55:00,22.12,22.19,22.12,22.13,2600,0
2015-02-10,21:00:00,22.15,22.19,22.15,22.19,2768,0
2015-02-10,21:05:00,22.18,22.18,22.18,22.18,100,0
2015-02-10,21:10:00,22.19,22.2,22.18,22.2,1200,0
2015-02-10,21:15:00,22.18,22.18,22.14,22.18,3455,0
2015-02-10,21:20:00,22.19,22.21,22.19,22.21,700,0
2015-02-10,21:25:00,22.21,22.21,22.16,22.18,1814,0
2015-02-10,21:30:00,22.19,22.22,22.19,22.22,900,0
2015-02-10,21:35:00,22.22,22.22,22.21,22.21,1900,0
2015-02-10,21:40:00,22.21,22.23,22.21,22.23,1900,0
2015-02-10,21:45:00,22.24,22.24,22.2,22.22,2500,0
2015-02-10,21:50:00,22.22,22.22,22.16,22.17,5805,0
2015-02-10,21:55:00,22.13,22.15,22.09,22.11,5276,0
2015-02-10,22:00:00,22.12,22.14,22.1,22.12,80872,0
2015-02-11,15:35:00,22.09,22.09,21.88,22.03,6521,0
2015-02-11,15:40:00,22.05,22.06,22.0,22.03,1884,0
2015-02-11,15:45:00,22.02,22.1,22.02,22.06,3200,0
2015-02-11,15:50:00,22.06,22.06,22.02,22.02,500,0
2015-02-11,15:55:00,21.89,21.93,21.84,21.93,1000,0
2015-02-11,16:05:00,22.01,22.01,22.01,22.01,200,0
2015-02-11,16:10:00,22.01,22.01,22.01,22.01,420,0
2015-02-11,16:15:00,22.07,22.07,22.07,22.07,200,0
2015-02-11,16:20:00,22.06,22.06,21.96,21.96,2100,0
2015-02-11,16:30:00,21.96,21.96,21.96,21.96,100,0
2015-02-11,16:35:00,21.95,21.96,21.88,21.92,2700,0
2015-02-11,16:40:00,21.91,21.93,21.91,21.91,800,0
2015-02-11,16:45:00,21.93,21.93,21.9,21.9,1699,0
2015-02-11,16:50:00,21.94,21.94,21.9,21.9,1500,0
2015-02-11,17:00:00,21.92,21.96,21.92,21.96,1100,0
2015-02-11,17:05:00,21.95,22.01,21.95,21.98,1200,0
2015-02-11,17:15:00,22.0,22.02,22.0,22.01,1600,0
2015-02-11,17:25:00,21.96,21.96,21.94,21.94,1300,0
2015-02-11,17:30:00,21.97,22.02,21.97,21.97,6455,0
2015-02-11,17:35:00,21.99,21.99,21.99,21.99,200,0
2015-02-11,17:45:00,22.01,22.07,22.01,22.07,985,0
2015-02-11,17:50:00,22.07,22.07,22.07,22.07,900,0
2015-02-11,17:55:00,22.07,22.07,22.07,22.07,200,0
2015-02-11,18:05:00,22.07,22.07,21.97,21.97,2666,0
2015-02-11,18:10:00,21.95,21.95,21.95,21.95,100,0
2015-02-11,18:20:00,21.98,21.98,21.96,21.96,2582,0
2015-02-11,18:25:00,22.0,22.0,21.99,21.99,900,0
2015-02-11,18:30:00,22.02,22.03,22.02,22.03,300,0
2015-02-11,18:35:00,22.03,22.08,22.03,22.08,802,0
2015-02-11,18:40:00,22.08,22.08,22.07,22.08,500,0
2015-02-11,18:45:00,22.02,22.02,22.02,22.02,100,0
2015-02-11,18:50:00,22.04,22.05,22.04,22.04,400,0
2015-02-11,18:55:00,22.05,22.06,22.05,22.06,350,0
2015-02-11,19:00:00,22.07,22.07,22.07,22.07,400,0
2015-02-11,19:05:00,22.06,22.06,22.06,22.06,400,0
2015-02-11,19:15:00,22.01,22.02,21.97,21.97,2636,0
2015-02-11,19:20:00,21.96,21.97,21.96,21.96,4916,0
2015-02-11,19:25:00,21.98,21.99,21.98,21.99,4656,0
2015-02-11,19:30:00,22.04,22.07,22.0,22.02,1900,0
2015-02-11,19:35:00,22.03,22.03,22.03,22.03,300,0
2015-02-11,19:40:00,22.02,22.05,22.01,22.04,2000,0
2015-02-11,19:45:00,22.04,22.04,22.03,22.03,1000,0
2015-02-11,19:50:00,22.04,22.04,22.02,22.02,1100,0
2015-02-11,19:55:00,22.02,22.02,21.97,21.97,4200,0
2015-02-11,20:00:00,22.0,22.04,22.0,22.04,807,0
2015-02-11,20:05:00,22.02,22.02,22.02,22.02,100,0
2015-02-11,20:10:00,22.01,22.09,22.01,22.03,2618,0
2015-02-11,20:15:00,22.02,22.05,22.02,22.05,628,0
2015-02-11,20:20:00,22.05,22.05,22.03,22.03,900,0
2015-02-11,20:25:00,22.03,22.07,22.03,22.05,2700,0
2015-02-11,20:30:00,22.07,22.09,22.07,22.07,1400,0
2015-02-11,20:40:00,22.08,22.11,22.05,22.07,6700,0
2015-02-11,20:45:00,22.06,22.07,22.0,22.01,8300,0
2015-02-11,20:50:00,22.01,22.01,21.98,22.01,2842,0
2015-02-11,20:55:00,22.0,22.03,22.0,22.02,1930,0
2015-02-11,21:00:00,22.0,22.02,22.0,22.0,900,0
2015-02-11,21:05:00,22.0,22.01,22.0,22.0,1400,0
2015-02-11,21:10:00,22.01,22.03,22.0,22.01,5572,0
2015-02-11,21:15:00,22.01,22.02,22.0,22.0,4200,0
2015-02-11,21:20:00,22.01,22.02,21.99,22.0,4300,0
2015-02-11,21:25:00,22.0,22.02,22.0,22.0,524,0
2015-02-11,21:30:00,22.01,22.05,22.0,22.0,7756,0
2015-02-11,21:35:00,22.0,22.0,21.97,21.97,2700,0
2015-02-11,21:40:00,22.0,22.0,22.0,22.0,200,0
2015-02-11,21:45:00,22.0,22.0,21.97,21.97,1000,0
2015-02-11,21:50:00,21.97,21.97,21.96,21.96,300,0
2015-02-11,21:55:00,21.95,21.95,21.86,21.9,4438,0
2015-02-11,22:00:00,21.91,21.92,21.9,21.91,16074,0
2015-02-12,15:35:00,21.99,22.12,21.88,22.01,7446,0
2015-02-12,15:40:00,22.0,22.06,21.99,21.99,4200,0
2015-02-12,15:45:00,21.99,21.99,21.94,21.94,600,0
2015-02-12,15:50:00,21.96,21.96,21.96,21.96,200,0
2015-02-12,15:55:00,22.03,22.04,21.98,21.98,1300,0
2015-02-12,16:00:00,22.03,22.03,22.0,22.0,200,0
2015-02-12,16:05:00,22.01,22.04,21.99,21.99,2900,0
2015-02-12,16:10:00,22.0,22.0,21.99,22.0,2084,0
2015-02-12,16:15:00,22.0,22.03,21.93,22.0,5800,0
2015-02-12,16:20:00,22.01,22.01,22.01,22.01,100,0
2015-02-12,16:25:00,22.01,22.05,21.98,21.98,2832,0
2015-02-12,16:40:00,22.01,22.02,21.98,21.98,2400,0
2015-02-12,16:45:00,22.0,22.0,21.97,22.0,800,0
2015-02-12,16:50:00,21.99,21.99,21.99,21.99,100,0
2015-02-12,16:55:00,21.99,21.99,21.98,21.98,600,0
2015-02-12,17:00:00,21.98,22.0,21.97,21.97,700,0
2015-02-12,17:05:00,21.97,21.97,21.97,21.97,100,0
2015-02-12,17:10:00,22.02,22.02,22.02,22.02,100,0
2015-02-12,17:15:00,22.0,22.07,21.99,22.02,6500,0
2015-02-12,17:20:00,22.05,22.05,22.04,22.04,400,0
2015-02-12,17:25:00,22.04,22.05,21.97,21.97,2442,0
2015-02-12,17:30:00,22.02,22.02,22.02,22.02,300,0
2015-02-12,17:35:00,22.09,22.09,22.05,22.05,500,0
2015-02-12,17:40:00,22.07,22.07,22.03,22.05,1600,0
2015-02-12,17:50:00,22.06,22.07,22.05,22.07,1000,0
2015-02-12,17:55:00,22.07,22.11,22.04,22.1,9000,0
2015-02-12,18:00:00,22.07,22.07,22.07,22.07,300,0
2015-02-12,18:05:00,22.1,22.14,22.05,22.05,4998,0
2015-02-12,18:10:00,22.12,22.12,22.1,22.1,400,0
2015-02-12,18:20:00,22.1,22.1,22.08,22.08,2300,0
2015-02-12,18:25:00,22.11,22.11,22.11,22.11,100,0
2015-02-12,18:30:00,22.11,22.16,22.11,22.16,4200,0
2015-02-12,18:35:00,22.06,22.15,22.06,22.08,15200,0
2015-02-12,18:40:00,22.13,22.13,22.13,22.13,100,0
2015-02-12,18:45:00,22.12,22.12,22.09,22.09,300,0
2015-02-12,18:50:00,22.15,22.18,22.14,22.15,3800,0
2015-02-12,18:55:00,22.15,22.16,22.14,22.15,1400,0
2015-02-12,19:05:00,22.16,22.18,22.15,22.18,1500,0
2015-02-12,19:10:00,22.18,22.18,22.15,22.15,200,0
2015-02-12,19:15:00,22.15,22.17,22.15,22.17,306,0
2015-02-12,19:20:00,22.18,22.18,22.18,22.18,200,0
2015-02-12,19:25:00,22.2,22.2,22.19,22.19,1000,0
2015-02-12,19:30:00,22.19,22.21,22.19,22.21,400,0
2015-02-12,19:35:00,22.2,22.21,22.2,22.2,700,0
2015-02-12,19:40:00,22.21,22.23,22.2,22.21,1810,0
2015-02-12,19:45:00,22.2,22.2,22.2,22.2,600,0
2015-02-12,19:50:00,22.22,22.24,22.2,22.23,6290,0
2015-02-12,19:55:00,22.21,22.22,22.2,22.21,4900,0
2015-02-12,20:00:00,22.24,22.24,22.17,22.17,3790,0
2015-02-12,20:10:00,22.17,22.17,22.17,22.17,100,0
2015-02-12,20:15:00,22.18,22.18,22.18,22.18,700,0
2015-02-12,20:20:00,22.19,22.19,22.16,22.16,1450,0
2015-02-12,20:25:00,22.16,22.17,22.16,22.17,500,0
2015-02-12,20:35:00,22.18,22.18,22.18,22.18,200,0
2015-02-12,20:45:00,22.17,22.22,22.17,22.19,1800,0
2015-02-12,20:50:00,22.19,22.19,22.18,22.18,2300,0
2015-02-12,20:55:00,22.18,22.18,22.18,22.18,500,0
2015-02-12,21:00:00,22.18,22.19,22.18,22.19,300,0
2015-02-12,21:05:00,22.18,22.18,22.17,22.17,1100,0
2015-02-12,21:10:00,22.18,22.18,22.18,22.18,600,0
2015-02-12,21:15:00,22.17,22.18,22.17,22.18,1000,0
2015-02-12,21:20:00,22.17,22.18,22.16,22.16,1250,0
2015-02-12,21:25:00,22.15,22.17,22.15,22.16,2000,0
2015-02-12,21:30:00,22.17,22.17,22.16,22.16,700,0
2015-02-12,21:35:00,22.16,22.16,22.13,22.13,1441,0
2015-02-12,21:40:00,22.12,22.16,22.12,22.13,2500,0
2015-02-12,21:45:00,22.13,22.19,22.13,22.18,17720,0
2015-02-12,21:50:00,22.16,22.17,22.13,22.16,7900,0
2015-02-12,21:55:00,22.19,22.19,22.14,22.14,4500,0
2015-02-12,22:00:00,22.16,22.2,22.14,22.18,38645,0
2015-02-13,15:35:00,22.17,22.17,22.17,22.17,4753,0
2015-02-13,15:40:00,22.13,22.23,22.13,22.22,3501,0
2015-02-13,15:45:00,22.12,22.2,22.06,22.09,1100,0
2015-02-13,15:50:00,22.11,22.11,22.11,22.11,100,0
2015-02-13,15:55:00,22.11,22.14,22.11,22.14,200,0
2015-02-13,16:00:00,22.11,22.13,22.08,22.11,10925,0
2015-02-13,16:05:00,22.11,22.11,22.0,22.0,700,0
2015-02-13,16:10:00,22.01,22.06,22.01,22.02,1100,0
2015-02-13,16:15:00,22.02,22.02,22.02,22.02,400,0
2015-02-13,16:20:00,22.05,22.13,22.05,22.13,6475,0
2015-02-13,16:25:00,22.12,22.12,22.12,22.12,300,0
2015-02-13,16:30:00,22.17,22.22,22.14,22.18,2700,0
2015-02-13,16:35:00,22.18,22.18,22.11,22.11,2547,0
2015-02-13,16:40:00,22.06,22.06,22.01,22.02,2680,0
2015-02-13,16:45:00,22.05,22.1,22.05,22.1,600,0
2015-02-13,16:50:00,22.07,22.07,22.07,22.07,100,0
2015-02-13,16:55:00,22.09,22.09,22.09,22.09,100,0
2015-02-13,17:00:00,22.1,22.1,22.1,22.1,700,0
2015-02-13,17:10:00,22.13,22.2,22.13,22.18,11400,0
2015-02-13,17:15:00,22.18,22.18,22.15,22.18,704,0
2015-02-13,17:20:00,22.22,22.22,22.18,22.18,498,0
2015-02-13,17:25:00,22.18,22.18,22.06,22.06,5600,0
2015-02-13,17:30:00,22.05,22.09,22.04,22.09,1100,0
2015-02-13,17:40:00,22.06,22.06,22.06,22.06,100,0
2015-02-13,17:50:00,22.06,22.06,22.05,22.05,2100,0
2015-02-13,17:55:00,22.03,22.1,22.03,22.1,2100,0
2015-02-13,18:00:00,22.05,22.1,22.05,22.1,800,0
2015-02-13,18:05:00,22.08,22.1,22.05,22.06,900,0
2015-02-13,18:10:00,22.05,22.05,22.04,22.04,300,0
2015-02-13,18:15:00,22.02,22.06,22.02,22.06,1500,0
2015-02-13,18:20:00,22.07,22.09,21.99,22.02,3400,0
2015-02-13,18:25:00,22.01,22.01,21.98,21.98,400,0
2015-02-13,18:30:00,21.98,22.02,21.95,21.95,600,0
2015-02-13,18:35:00,21.95,21.95,21.95,21.95,100,0
2015-02-13,18:40:00,21.95,21.95,21.95,21.95,200,0
2015-02-13,18:45:00,21.94,22.01,21.93,21.93,1900,0
2015-02-13,18:50:00,21.96,22.01,21.95,21.98,2008,0
2015-02-13,18:55:00,21.96,22.0,21.96,22.0,300,0
2015-02-13,19:00:00,21.97,21.97,21.97,21.97,300,0
2015-02-13,19:05:00,21.97,21.97,21.94,21.94,600,0
2015-02-13,19:10:00,21.97,21.97,21.95,21.95,800,0
2015-02-13,19:15:00,21.96,21.96,21.94,21.96,500,0
2015-02-13,19:20:00,21.96,21.96,21.92,21.92,900,0
2015-02-13,19:25:00,21.92,21.92,21.89,21.89,1003,0
2015-02-13,19:30:00,21.9,21.94,21.61,21.79,10011,0
2015-02-13,19:35:00,21.8,21.84,21.8,21.84,400,0
2015-02-13,19:40:00,21.79,21.8,21.7,21.7,1052,0
2015-02-13,19:45:00,21.76,21.76,21.76,21.76,100,0
2015-02-13,19:50:00,21.78,21.8,21.78,21.79,1500,0
2015-02-13,19:55:00,21.78,21.85,21.78,21.84,2300,0
2015-02-13,20:00:00,21.85,21.86,21.84,21.84,1600,0
2015-02-13,20:05:00,21.86,21.88,21.86,21.86,1300,0
2015-02-13,20:10:00,21.9,21.9,21.9,21.9,300,0
2015-02-13,20:15:00,21.87,21.88,21.87,21.88,400,0
2015-02-13,20:20:00,21.91,21.91,21.88,21.9,2021,0
2015-02-13,20:25:00,21.89,21.89,21.89,21.89,543,0
2015-02-13,20:30:00,21.9,21.93,21.9,21.93,1388,0
2015-02-13,20:40:00,21.98,21.98,21.96,21.97,1000,0
2015-02-13,20:50:00,22.03,22.03,22.0,22.01,3900,0
2015-02-13,20:55:00,22.01,22.01,22.0,22.01,1755,0
2015-02-13,21:00:00,22.02,22.06,22.02,22.04,900,0
2015-02-13,21:05:00,22.03,22.03,22.03,22.03,200,0
2015-02-13,21:10:00,22.05,22.09,22.05,22.05,1650,0
2015-02-13,21:15:00,22.05,22.06,22.05,22.05,300,0
2015-02-13,21:20:00,22.08,22.08,22.07,22.08,1744,0
2015-02-13,21:25:00,22.07,22.1,22.07,22.07,1300,0
2015-02-13,21:30:00,22.1,22.11,22.09,22.09,3700,0
2015-02-13,21:35:00,22.08,22.1,22.05,22.07,3508,0
2015-02-13,21:40:00,22.1,22.11,22.07,22.11,1100,0
2015-02-13,21:45:00,22.1,22.11,22.07,22.08,1700,0
2015-02-13,21:50:00,22.04,22.04,22.0,22.03,2200,0
2015-02-13,21:55:00,22.02,22.08,22.02,22.08,2900,0
2015-02-13,22:00:00,22.05,22.05,21.99,21.99,40324,0
2015-02-17,15:35:00,22.01,22.25,22.01,22.18,4220,0
2015-02-17,15:40:00,22.12,22.12,22.02,22.12,1925,0
2015-02-17,15:45:00,22.11,22.11,22.03,22.05,2700,0
2015-02-17,15:50:00,22.02,22.09,22.02,22.08,1672,0
2015-02-17,15:55:00,22.09,22.1,22.02,22.02,3900,0
2015-02-17,16:00:00,22.02,22.05,22,22.05,2316,0
2015-02-17,16:05:00,22.05,22.07,22,22.06,10600,0
2015-02-17,16:10:00,22.1,22.17,22.1,22.14,1605,0
2015-02-17,16:15:00,22.14,22.21,22.11,22.21,8075,0
2015-02-17,16:20:00,22.21,22.22,22.17,22.21,1600,0
2015-02-17,16:25:00,22.21,22.34,22.21,22.34,4100,0
2015-02-17,16:30:00,22.34,22.43,22.34,22.43,2000,0
2015-02-17,16:35:00,22.42,22.49,22.41,22.49,7300,0
2015-02-17,16:40:00,22.45,22.49,22.43,22.43,4020,0
2015-02-17,16:45:00,22.43,22.43,22.35,22.38,18800,0
2015-02-17,16:50:00,22.35,22.35,22.35,22.35,1100,0
2015-02-17,16:55:00,22.32,22.38,22.32,22.38,4379,0
2015-02-17,17:00:00,22.35,22.43,22.35,22.43,2100,0
2015-02-17,17:05:00,22.43,22.5,22.43,22.45,4508,0
2015-02-17,17:10:00,22.48,22.5,22.47,22.5,2400,0
2015-02-17,17:15:00,22.5,22.5,22.43,22.43,3781,0
2015-02-17,17:20:00,22.42,22.46,22.4,22.46,1500,0
2015-02-17,17:25:00,22.48,22.52,22.46,22.52,7694,0
2015-02-17,17:30:00,22.53,22.59,22.53,22.59,2350,0
2015-02-17,17:35:00,22.59,22.66,22.58,22.66,2300,0
2015-02-17,17:40:00,22.71,22.76,22.62,22.64,14835,0
2015-02-17,17:45:00,22.61,22.61,22.51,22.55,7293,0
2015-02-17,17:50:00,22.55,22.69,22.55,22.59,18600,0
2015-02-17,17:55:00,22.61,22.61,22.58,22.58,870,0
2015-02-17,18:00:00,22.62,22.62,22.59,22.62,800,0
2015-02-17,18:05:00,22.62,22.62,22.61,22.61,850,0
2015-02-17,18:10:00,22.61,22.75,22.61,22.73,2523,0
2015-02-17,18:15:00,22.75,22.76,22.74,22.74,1100,0
2015-02-17,18:20:00,22.75,22.83,22.75,22.82,3600,0
2015-02-17,18:25:00,22.83,22.83,22.71,22.76,7836,0
2015-02-17,18:30:00,22.76,22.76,22.75,22.75,800,0
2015-02-17,18:35:00,22.76,22.8,22.75,22.79,3800,0
2015-02-17,18:40:00,22.8,22.82,22.79,22.81,2200,0
2015-02-17,18:45:00,22.82,22.88,22.8,22.88,5697,0
2015-02-17,18:50:00,22.89,22.89,22.87,22.88,1400,0
2015-02-17,18:55:00,22.87,22.88,22.86,22.88,1900,0
2015-02-17,19:00:00,22.88,22.88,22.85,22.85,3907,0
2015-02-17,19:05:00,22.87,22.91,22.86,22.91,1536,0
2015-02-17,19:10:00,22.93,22.93,22.88,22.9,2500,0
2015-02-17,19:15:00,22.91,23,22.9,22.96,3450,0
2015-02-17,19:20:00,22.94,23.03,22.93,23.03,10400,0
2015-02-17,19:25:00,23,23.05,23,23.03,3900,0
2015-02-17,19:30:00,23.03,23.03,22.98,23,3147,0
2015-02-17,19:35:00,22.97,22.97,22.95,22.97,1900,0
2015-02-17,19:40:00,22.95,22.97,22.86,22.88,12500,0
2015-02-17,19:45:00,22.86,22.86,22.85,22.85,400,0
2015-02-17,19:50:00,22.82,22.85,22.82,22.84,3400,0
2015-02-17,19:55:00,22.86,22.86,22.86,22.86,200,0
2015-02-17,20:00:00,22.85,22.89,22.85,22.89,4800,0
2015-02-17,20:05:00,22.89,22.91,22.86,22.89,6000,0
2015-02-17,20:10:00,22.86,22.87,22.85,22.85,400,0
2015-02-17,20:15:00,22.85,22.88,22.82,22.82,700,0
2015-02-17,20:20:00,22.85,22.85,22.85,22.85,600,0
2015-02-17,20:25:00,22.86,22.91,22.85,22.91,2178,0
2015-02-17,20:30:00,22.9,22.9,22.87,22.89,3200,0
2015-02-17,20:35:00,22.88,22.88,22.87,22.87,1700,0
2015-02-17,20:40:00,22.89,22.92,22.89,22.92,1200,0
2015-02-17,20:50:00,22.9,22.96,22.88,22.88,8100,0
2015-02-17,20:55:00,22.9,22.91,22.87,22.88,1300,0
2015-02-17,21:00:00,22.88,22.88,22.88,22.88,400,0
2015-02-17,21:05:00,22.85,22.86,22.84,22.84,300,0
2015-02-17,21:10:00,22.87,22.87,22.84,22.84,542,0
2015-02-17,21:15:00,22.84,22.86,22.84,22.85,2000,0
2015-02-17,21:20:00,22.86,22.87,22.83,22.83,5513,0
2015-02-17,21:25:00,22.84,22.84,22.78,22.78,900,0
2015-02-17,21:30:00,22.79,22.81,22.79,22.81,1100,0
2015-02-17,21:35:00,22.81,22.82,22.76,22.76,3206,0
2015-02-17,21:40:00,22.77,22.78,22.77,22.78,600,0
2015-02-17,21:45:00,22.77,22.82,22.75,22.75,4214,0
2015-02-17,21:50:00,22.73,22.74,22.71,22.74,5776,0
2015-02-17,21:55:00,22.75,22.77,22.75,22.75,3126,0
2015-02-17,22:00:00,22.75,22.76,22.7,22.73,49129,0
2015-02-18,15:35:00,22.71,22.83,22.71,22.82,2614,0
2015-02-18,15:40:00,22.84,22.84,22.79,22.79,500,0
2015-02-18,15:45:00,22.79,22.8,22.69,22.69,2200,0
2015-02-18,15:55:00,22.69,22.69,22.64,22.64,600,0
2015-02-18,16:00:00,22.69,22.69,22.69,22.69,400,0
2015-02-18,16:05:00,22.7,22.7,22.7,22.7,500,0
2015-02-18,16:10:00,22.72,22.8,22.72,22.8,1862,0
2015-02-18,16:15:00,22.79,22.79,22.76,22.77,1500,0
2015-02-18,16:20:00,22.78,22.78,22.76,22.77,1100,0
2015-02-18,16:25:00,22.77,22.78,22.72,22.72,1778,0
2015-02-18,16:30:00,22.71,22.74,22.71,22.73,900,0
2015-02-18,16:35:00,22.72,22.8,22.72,22.8,2947,0
2015-02-18,16:40:00,22.8,22.8,22.77,22.77,5299,0
2015-02-18,16:45:00,22.79,22.79,22.77,22.78,700,0
2015-02-18,16:50:00,22.79,22.79,22.71,22.71,1350,0
2015-02-18,16:55:00,22.75,22.76,22.75,22.75,500,0
2015-02-18,17:00:00,22.75,22.75,22.71,22.71,1700,0
2015-02-18,17:05:00,22.71,22.71,22.69,22.69,400,0
2015-02-18,17:10:00,22.73,22.75,22.71,22.71,1300,0
2015-02-18,17:15:00,22.7,22.7,22.66,22.68,1824,0
2015-02-18,17:20:00,22.68,22.7,22.68,22.69,2620,0
2015-02-18,17:30:00,22.7,22.76,22.7,22.71,1872,0
2015-02-18,17:35:00,22.74,22.76,22.72,22.72,1400,0
2015-02-18,17:40:00,22.72,22.72,22.72,22.72,400,0
2015-02-18,17:45:00,22.75,22.76,22.73,22.76,300,0
2015-02-18,17:50:00,22.75,22.76,22.75,22.76,400,0
2015-02-18,17:55:00,22.75,22.77,22.75,22.77,900,0
2015-02-18,18:00:00,22.75,22.77,22.72,22.72,12106,0
2015-02-18,18:05:00,22.73,22.75,22.73,22.74,1287,0
2015-02-18,18:10:00,22.74,22.74,22.71,22.71,1300,0
2015-02-18,18:15:00,22.7,22.7,22.7,22.7,300,0
2015-02-18,18:20:00,22.72,22.74,22.72,22.74,800,0
2015-02-18,18:25:00,22.75,22.77,22.75,22.75,1600,0
2015-02-18,18:30:00,22.73,22.73,22.73,22.73,100,0
2015-02-18,18:35:00,22.75,22.75,22.74,22.74,900,0
2015-02-18,18:40:00,22.71,22.71,22.71,22.71,500,0
2015-02-18,18:45:00,22.71,22.71,22.7,22.7,300,0
2015-02-18,18:50:00,22.7,22.71,22.7,22.7,1000,0
2015-02-18,18:55:00,22.66,22.7,22.66,22.7,500,0
2015-02-18,19:00:00,22.7,22.72,22.7,22.72,600,0
2015-02-18,19:05:00,22.72,22.72,22.7,22.7,3400,0
2015-02-18,19:10:00,22.71,22.71,22.68,22.71,5545,0
2015-02-18,19:15:00,22.73,22.74,22.7,22.7,1808,0
2015-02-18,19:20:00,22.68,22.68,22.68,22.68,300,0
2015-02-18,19:25:00,22.68,22.69,22.68,22.69,400,0
2015-02-18,19:30:00,22.68,22.68,22.65,22.67,1400,0
2015-02-18,19:35:00,22.7,22.72,22.7,22.71,1400,0
2015-02-18,19:40:00,22.73,22.75,22.7,22.75,6119,0
2015-02-18,19:45:00,22.77,22.8,22.77,22.8,1000,0
2015-02-18,19:50:00,22.8,22.8,22.8,22.8,900,0
2015-02-18,19:55:00,22.8,22.8,22.8,22.8,2800,0
2015-02-18,20:00:00,22.8,22.8,22.73,22.73,10500,0
2015-02-18,20:05:00,22.75,22.77,22.72,22.72,2600,0
2015-02-18,20:10:00,22.74,22.79,22.74,22.78,4900,0
2015-02-18,20:15:00,22.75,22.76,22.74,22.75,1300,0
2015-02-18,20:20:00,22.74,22.75,22.68,22.75,6189,0
2015-02-18,20:25:00,22.76,22.76,22.73,22.74,1838,0
2015-02-18,20:30:00,22.76,22.79,22.74,22.75,2500,0
2015-02-18,20:35:00,22.75,22.77,22.74,22.76,9584,0
2015-02-18,20:40:00,22.75,22.76,22.73,22.73,11975,0
2015-02-18,20:45:00,22.74,22.76,22.73,22.74,4902,0
2015-02-18,20:50:00,22.75,22.77,22.75,22.77,3742,0
2015-02-18,20:55:00,22.76,22.78,22.75,22.77,1900,0
2015-02-18,21:00:00,22.77,22.77,22.72,22.75,2300,0
2015-02-18,21:05:00,22.77,22.79,22.76,22.78,2700,0
2015-02-18,21:10:00,22.79,22.79,22.76,22.77,3300,0
2015-02-18,21:15:00,22.78,22.78,22.78,22.78,700,0
2015-02-18,21:20:00,22.78,22.78,22.75,22.75,3585,0
2015-02-18,21:25:00,22.75,22.77,22.75,22.76,1196,0
2015-02-18,21:30:00,22.77,22.77,22.75,22.75,3100,0
2015-02-18,21:35:00,22.75,22.76,22.72,22.74,10859,0
2015-02-18,21:40:00,22.75,22.76,22.7,22.74,10965,0
2015-02-18,21:45:00,22.73,22.74,22.68,22.7,1800,0
2015-02-18,21:50:00,22.72,22.76,22.72,22.75,4418,0
2015-02-18,21:55:00,22.76,22.76,22.72,22.74,11658,0
2015-02-18,22:00:00,22.73,22.79,22.73,22.77,59135,0
2015-02-19,15:35:00,22.73,22.75,22.72,22.73,1700,0
2015-02-19,15:40:00,22.73,22.75,22.7,22.7,3372,0
2015-02-19,15:45:00,22.8,22.82,22.76,22.82,5450,0
2015-02-19,15:50:00,22.83,22.83,22.8,22.8,1300,0
2015-02-19,15:55:00,22.68,22.68,22.66,22.66,404,0
2015-02-19,16:00:00,22.68,22.68,22.52,22.57,7535,0
2015-02-19,16:05:00,22.54,22.54,22.53,22.53,300,0
2015-02-19,16:10:00,22.53,22.66,22.53,22.61,4900,0
2015-02-19,16:15:00,22.58,22.58,22.58,22.58,200,0
2015-02-19,16:20:00,22.6,22.6,22.6,22.6,735,0
2015-02-19,16:25:00,22.63,22.66,22.62,22.66,3017,0
2015-02-19,16:30:00,22.7,22.7,22.68,22.68,2000,0
2015-02-19,16:35:00,22.65,22.66,22.65,22.66,1000,0
2015-02-19,16:40:00,22.59,22.63,22.59,22.63,608,0
2015-02-19,16:45:00,22.67,22.67,22.61,22.62,5258,0
2015-02-19,16:50:00,22.64,22.64,22.58,22.59,1000,0
2015-02-19,16:55:00,22.54,22.54,22.44,22.46,9474,0
2015-02-19,17:00:00,22.46,22.58,22.46,22.58,8700,0
2015-02-19,17:05:00,22.62,22.62,22.58,22.58,250,0
2015-02-19,17:10:00,22.55,22.55,22.54,22.54,400,0
2015-02-19,17:20:00,22.5,22.56,22.5,22.52,18900,0
2015-02-19,17:25:00,22.52,22.52,22.44,22.44,2750,0
2015-02-19,17:30:00,22.48,22.54,22.48,22.5,600,0
2015-02-19,17:35:00,22.53,22.53,22.46,22.49,23884,0
2015-02-19,17:40:00,22.5,22.52,22.49,22.5,1657,0
2015-02-19,17:45:00,22.5,22.51,22.49,22.49,10300,0
2015-02-19,17:50:00,22.5,22.51,22.5,22.5,1242,0
2015-02-19,17:55:00,22.54,22.54,22.45,22.45,35156,0
2015-02-19,18:00:00,22.45,22.45,22.39,22.39,1700,0
2015-02-19,18:05:00,22.41,22.42,22.41,22.42,300,0
2015-02-19,18:10:00,22.4,22.4,22.39,22.39,400,0
2015-02-19,18:15:00,22.39,22.4,22.39,22.4,200,0
2015-02-19,18:20:00,22.4,22.4,22.39,22.4,600,0
2015-02-19,18:25:00,22.39,22.39,22.38,22.39,1500,0
2015-02-19,18:30:00,22.39,22.39,22.33,22.38,2347,0
2015-02-19,18:35:00,22.32,22.37,22.23,22.26,3400,0
2015-02-19,18:40:00,22.28,22.28,22.28,22.28,400,0
2015-02-19,18:45:00,22.34,22.36,22.31,22.36,700,0
2015-02-19,18:50:00,22.35,22.36,22.35,22.35,2000,0
2015-02-19,18:55:00,22.39,22.39,22.35,22.35,10500,0
2015-02-19,19:00:00,22.39,22.39,22.39,22.39,400,0
2015-02-19,19:10:00,22.42,22.45,22.42,22.45,600,0
2015-02-19,19:15:00,22.45,22.46,22.45,22.46,400,0
2015-02-19,19:25:00,22.45,22.45,22.41,22.45,2695,0
2015-02-19,19:30:00,22.39,22.39,22.35,22.35,1000,0
2015-02-19,19:35:00,22.35,22.35,22.35,22.35,800,0
2015-02-19,19:40:00,22.35,22.37,22.35,22.35,1000,0
2015-02-19,19:45:00,22.36,22.37,22.34,22.34,2892,0
2015-02-19,19:50:00,22.36,22.37,22.35,22.35,3300,0
2015-02-19,19:55:00,22.35,22.37,22.34,22.34,2000,0
2015-02-19,20:00:00,22.35,22.35,22.35,22.35,100,0
2015-02-19,20:05:00,22.34,22.34,22.33,22.33,200,0
2015-02-19,20:10:00,22.35,22.36,22.34,22.34,11137,0
2015-02-19,20:15:00,22.33,22.33,22.28,22.28,2700,0
2015-02-19,20:20:00,22.28,22.28,22.28,22.28,300,0
2015-02-19,20:25:00,22.3,22.3,22.3,22.3,400,0
2015-02-19,20:30:00,22.29,22.31,22.27,22.31,4124,0
2015-02-19,20:35:00,22.28,22.32,22.28,22.3,4564,0
2015-02-19,20:40:00,22.26,22.27,22.19,22.2,29115,0
2015-02-19,20:45:00,22.19,22.19,22.19,22.19,200,0
2015-02-19,20:50:00,22.2,22.2,22.17,22.18,4900,0
2015-02-19,20:55:00,22.18,22.21,22.18,22.2,2400,0
2015-02-19,21:00:00,22.2,22.25,22.2,22.2,18362,0
2015-02-19,21:05:00,22.19,22.19,22.11,22.11,3500,0
2015-02-19,21:10:00,22.14,22.14,22.12,22.12,1700,0
2015-02-19,21:15:00,22.11,22.13,22.1,22.1,3200,0
2015-02-19,21:20:00,22.1,22.1,22.1,22.1,800,0
2015-02-19,21:25:00,22.08,22.12,22.08,22.1,2698,0
2015-02-19,21:30:00,22.12,22.12,22.1,22.11,1800,0
2015-02-19,21:35:00,22.1,22.1,22.1,22.1,1300,0
2015-02-19,21:40:00,22.1,22.1,22.05,22.07,3600,0
2015-02-19,21:45:00,22.05,22.06,22.03,22.03,4400,0
2015-02-19,21:50:00,22.04,22.07,22.04,22.04,8283,0
2015-02-19,21:55:00,22.03,22.08,22.03,22.07,12548,0
2015-02-19,22:00:00,22.07,22.08,22.05,22.06,23946,0
2015-02-20,15:35:00,22.07,22.08,22,22,13976,0
2015-02-20,15:40:00,21.99,21.99,21.76,21.76,5500,0
2015-02-20,15:45:00,21.76,21.77,21.65,21.77,1603,0
2015-02-20,15:50:00,21.73,21.79,21.72,21.76,3113,0
2015-02-20,15:55:00,21.77,21.82,21.77,21.82,400,0
2015-02-20,16:00:00,21.78,21.79,21.71,21.79,2252,0
2015-02-20,16:05:00,21.77,21.81,21.77,21.8,900,0
2015-02-20,16:10:00,21.83,21.86,21.83,21.86,1468,0
2015-02-20,16:15:00,21.88,21.95,21.88,21.95,1200,0
2015-02-20,16:20:00,21.95,21.95,21.91,21.92,1375,0
2015-02-20,16:25:00,21.89,21.96,21.88,21.91,4800,0
2015-02-20,16:30:00,21.91,21.91,21.85,21.85,1200,0
2015-02-20,16:35:00,21.8,21.8,21.75,21.75,200,0
2015-02-20,16:40:00,21.75,21.91,21.75,21.91,10937,0
2015-02-20,16:45:00,21.93,21.99,21.93,21.97,2700,0
2015-02-20,16:50:00,21.99,22,21.97,21.97,5756,0
2015-02-20,16:55:00,21.96,21.96,21.96,21.96,100,0
2015-02-20,17:00:00,21.95,22.02,21.74,21.86,41081,0
2015-02-20,17:05:00,21.88,21.88,21.8,21.84,4700,0
2015-02-20,17:10:00,21.89,21.89,21.82,21.82,1600,0
2015-02-20,17:15:00,21.84,21.85,21.82,21.85,1082,0
2015-02-20,17:20:00,21.88,21.93,21.88,21.93,1600,0
2015-02-20,17:25:00,21.97,21.99,21.97,21.98,700,0
2015-02-20,17:30:00,21.99,21.99,21.88,21.91,3202,0
2015-02-20,17:35:00,21.89,21.92,21.89,21.92,200,0
2015-02-20,17:40:00,21.94,21.99,21.94,21.99,2906,0
2015-02-20,17:45:00,21.98,21.99,21.97,21.98,600,0
2015-02-20,17:50:00,21.98,21.99,21.95,21.95,1900,0
2015-02-20,17:55:00,21.97,21.97,21.97,21.97,200,0
2015-02-20,18:00:00,21.99,22.02,21.98,21.98,3002,0
2015-02-20,18:05:00,21.99,22,21.98,21.99,1300,0
2015-02-20,18:10:00,21.98,21.99,21.98,21.99,1700,0
2015-02-20,18:15:00,21.99,22,21.99,22,2900,0
2015-02-20,18:20:00,22,22,21.94,21.95,10755,0
2015-02-20,18:25:00,21.94,21.99,21.91,21.98,2600,0
2015-02-20,18:30:00,21.98,22,21.98,21.99,1100,0
2015-02-20,18:35:00,21.97,21.99,21.97,21.99,465,0
2015-02-20,18:40:00,22,22.05,21.92,21.92,28500,0
2015-02-20,18:45:00,21.95,21.95,21.89,21.89,1774,0
2015-02-20,18:50:00,21.9,21.9,21.9,21.9,100,0
2015-02-20,18:55:00,21.88,21.94,21.88,21.92,1300,0
2015-02-20,19:00:00,21.97,21.97,21.97,21.97,200,0
2015-02-20,19:05:00,21.99,22,21.98,22,1000,0
2015-02-20,19:10:00,22,22,21.99,21.99,1800,0
2015-02-20,19:15:00,21.99,21.99,21.95,21.95,1000,0
2015-02-20,19:20:00,21.96,21.97,21.95,21.97,800,0
2015-02-20,19:25:00,21.95,21.95,21.94,21.94,1700,0
2015-02-20,19:30:00,21.92,21.92,21.88,21.88,1938,0
2015-02-20,19:35:00,21.92,21.93,21.91,21.91,900,0
2015-02-20,19:40:00,21.92,21.95,21.92,21.92,900,0
2015-02-20,19:45:00,21.97,22,21.91,21.96,5655,0
2015-02-20,19:50:00,21.96,21.99,21.96,21.99,600,0
2015-02-20,19:55:00,21.98,21.98,21.96,21.96,2100,0
2015-02-20,20:00:00,21.96,22.03,21.96,22,11479,0
2015-02-20,20:05:00,22.04,22.04,22.03,22.03,900,0
2015-02-20,20:10:00,22.05,22.1,22.04,22.09,4700,0
2015-02-20,20:15:00,22.1,22.16,22.09,22.14,4060,0
2015-02-20,20:20:00,22.15,22.16,22.15,22.16,900,0
2015-02-20,20:25:00,22.16,22.16,22.14,22.14,300,0
2015-02-20,20:30:00,22.15,22.15,22.14,22.14,2800,0
2015-02-20,20:35:00,22.15,22.15,22.15,22.15,200,0
2015-02-20,20:40:00,22.14,22.16,22.14,22.16,5724,0
2015-02-20,20:45:00,22.14,22.14,22.01,22.07,7700,0
2015-02-20,20:50:00,22.09,22.1,22.07,22.07,2800,0
2015-02-20,20:55:00,22.1,22.13,22.1,22.1,2631,0
2015-02-20,21:00:00,22.1,22.1,22.07,22.07,1700,0
2015-02-20,21:05:00,22.09,22.1,22.09,22.09,2400,0
2015-02-20,21:10:00,22.09,22.1,22.07,22.1,4612,0
2015-02-20,21:15:00,22.07,22.09,22.06,22.06,3397,0
2015-02-20,21:20:00,22.04,22.04,22,22.02,3200,0
2015-02-20,21:25:00,22.04,22.07,22.03,22.07,1500,0
2015-02-20,21:30:00,22.06,22.06,21.99,22.06,2700,0
2015-02-20,21:35:00,22.04,22.09,21.98,22.09,4200,0
2015-02-20,21:40:00,22.09,22.09,22.03,22.04,5663,0
2015-02-20,21:45:00,22.04,22.07,22.02,22.05,5304,0
2015-02-20,21:50:00,22.02,22.02,21.99,22,12952,0
2015-02-20,21:55:00,21.99,22.02,21.99,22.01,4046,0
2015-02-20,22:00:00,22.01,22.03,21.99,21.99,29917,0
2015-02-23,15:35:00,21.96,21.96,21.88,21.88,6126,0
2015-02-23,15:40:00,21.77,21.77,21.75,21.75,2357,0
2015-02-23,15:45:00,21.76,21.9,21.76,21.86,2100,0
2015-02-23,15:50:00,21.86,21.86,21.8,21.8,700,0
2015-02-23,16:00:00,21.8,21.82,21.8,21.82,1000,0
2015-02-23,16:05:00,21.8,21.94,21.8,21.91,51975,0
2015-02-23,16:10:00,21.92,21.92,21.87,21.9,2675,0
2015-02-23,16:15:00,21.92,21.96,21.92,21.96,500,0
2015-02-23,16:20:00,21.96,21.98,21.91,21.98,3719,0
2015-02-23,16:25:00,21.98,22,21.97,22,9364,0
2015-02-23,16:30:00,22,22,21.93,21.95,3910,0
2015-02-23,16:35:00,21.92,21.95,21.91,21.92,900,0
2015-02-23,16:40:00,21.91,21.91,21.89,21.91,1600,0
2015-02-23,16:45:00,21.89,21.92,21.89,21.91,2814,0
2015-02-23,16:50:00,21.91,21.94,21.89,21.9,4536,0
2015-02-23,16:55:00,21.9,21.93,21.89,21.9,1100,0
2015-02-23,17:00:00,21.9,21.95,21.9,21.9,1700,0
2015-02-23,17:05:00,21.93,21.97,21.93,21.96,2603,0
2015-02-23,17:10:00,21.99,21.99,21.94,21.97,3440,0
2015-02-23,17:15:00,21.96,22,21.96,22,5717,0
2015-02-23,17:20:00,21.99,22,21.96,22,2400,0
2015-02-23,17:25:00,22,22,21.99,21.99,3000,0
2015-02-23,17:30:00,21.99,22,21.98,22,4900,0
2015-02-23,17:35:00,22,22,21.97,21.98,1900,0
2015-02-23,17:40:00,22,22,21.98,21.98,6400,0
2015-02-23,17:45:00,21.98,21.99,21.98,21.99,1400,0
2015-02-23,17:50:00,21.99,21.99,21.98,21.98,1100,0
2015-02-23,17:55:00,21.98,22,21.98,21.98,2382,0
2015-02-23,18:00:00,21.99,21.99,21.97,21.98,3400,0
2015-02-23,18:05:00,21.98,21.98,21.98,21.98,600,0
2015-02-23,18:10:00,21.98,22,21.97,21.97,3400,0
2015-02-23,18:15:00,21.98,21.98,21.98,21.98,300,0
2015-02-23,18:20:00,22,22,21.98,21.98,300,0
2015-02-23,18:25:00,21.99,21.99,21.98,21.98,400,0
2015-02-23,18:30:00,21.98,21.98,21.96,21.96,1800,0
2015-02-23,18:40:00,21.95,21.95,21.93,21.93,1071,0
2015-02-23,18:45:00,21.91,21.94,21.91,21.94,600,0
2015-02-23,18:50:00,21.94,21.95,21.94,21.95,700,0
2015-02-23,19:00:00,21.95,21.98,21.95,21.98,2392,0
2015-02-23,19:10:00,21.98,22,21.98,22,2000,0
2015-02-23,19:15:00,22,22.01,21.99,21.99,1710,0
2015-02-23,19:25:00,22,22,22,22,1300,0
2015-02-23,19:30:00,22,22,21.99,21.99,50100,0
2015-02-23,19:35:00,22.01,22.08,22.01,22.08,500,0
2015-02-23,19:40:00,22.1,22.11,22.09,22.09,3100,0
2015-02-23,19:45:00,22.1,22.11,22.1,22.1,1908,0
2015-02-23,19:50:00,22.11,22.11,22.07,22.07,2188,0
2015-02-23,19:55:00,22.08,22.1,22.07,22.09,700,0
2015-02-23,20:00:00,22.1,22.12,22.09,22.11,1878,0
2015-02-23,20:05:00,22.08,22.08,22.07,22.07,1200,0
2015-02-23,20:10:00,22.04,22.1,22.03,22.1,1882,0
2015-02-23,20:15:00,22.1,22.1,22.1,22.1,100,0
2015-02-23,20:20:00,22.09,22.11,22.09,22.11,900,0
2015-02-23,20:25:00,22.1,22.11,22.1,22.1,2000,0
2015-02-23,20:30:00,22.1,22.1,22.1,22.1,900,0
2015-02-23,20:35:00,22.09,22.1,22.05,22.07,1918,0
2015-02-23,20:40:00,22.07,22.11,22.04,22.08,19298,0
2015-02-23,20:45:00,22.07,22.09,22.06,22.08,1000,0
2015-02-23,20:50:00,22.08,22.11,22.07,22.1,7710,0
2015-02-23,20:55:00,22.09,22.11,22.09,22.1,1000,0
2015-02-23,21:00:00,22.1,22.12,22.09,22.1,4500,0
2015-02-23,21:05:00,22.1,22.1,22.06,22.06,1994,0
2015-02-23,21:10:00,22.07,22.07,22.07,22.07,400,0
2015-02-23,21:15:00,22.07,22.1,22.07,22.09,4800,0
2015-02-23,21:20:00,22.1,22.12,22.07,22.09,2358,0
2015-02-23,21:25:00,22.08,22.08,22.05,22.05,4610,0
2015-02-23,21:30:00,22.09,22.09,22.06,22.08,3221,0
2015-02-23,21:35:00,22.07,22.12,22.05,22.05,18800,0
2015-02-23,21:40:00,22.05,22.05,21.99,22,5637,0
2015-02-23,21:45:00,22.01,22.02,21.96,22,5827,0
2015-02-23,21:50:00,22,22.04,21.99,21.99,17726,0
2015-02-23,21:55:00,22.01,22.02,21.98,22.01,17828,0
2015-02-23,22:00:00,22.01,22.05,21.99,22.04,51252,0
