Date,Time,Open,High,Low,Close,Volume,OpenInt
2015-02-03,16:50:00,40.52,40.57,40.45,40.50,8138,0
2015-02-03,16:55:00,40.52,40.54,40.49,40.54,5500,0
2015-02-03,17:00:00,40.55,40.57,40.51,40.51,8102,0
2015-02-03,17:05:00,40.51,40.66,40.51,40.62,5067,0
2015-02-03,17:10:00,40.61,40.7,40.59,40.68,7814,0
2015-02-03,17:15:00,40.68,40.73,40.65,40.71,4900,0
2015-02-03,17:20:00,40.7,40.82,40.7,40.82,10200,0
2015-02-03,17:25:00,40.82,40.83,40.79,40.79,8800,0
2015-02-03,17:30:00,40.79,40.84,40.73,40.73,7512,0
2015-02-03,17:35:00,40.73,40.83,40.73,40.82,5300,0
2015-02-03,17:40:00,40.82,40.87,40.79,40.87,4525,0
2015-02-03,17:45:00,40.86,40.88,40.84,40.88,5705,0
2015-02-03,17:50:00,40.88,40.88,40.82,40.87,4521,0
2015-02-03,17:55:00,40.86,40.87,40.79,40.79,7800,0
2015-02-03,18:00:00,40.79,40.81,40.76,40.81,5993,0
2015-02-03,18:05:00,40.79,40.79,40.74,40.74,3600,0
2015-02-03,18:10:00,40.76,40.82,40.75,40.81,5694,0
2015-02-03,18:15:00,40.82,40.84,40.81,40.84,4940,0
2015-02-03,18:20:00,40.83,40.83,40.78,40.79,6725,0
2015-02-03,18:25:00,40.79,40.79,40.75,40.76,6755,0
2015-02-03,18:30:00,40.77,40.81,40.77,40.81,2800,0
2015-02-03,18:35:00,40.81,40.81,40.77,40.77,4400,0
2015-02-03,18:40:00,40.77,40.79,40.73,40.76,8645,0
2015-02-03,18:45:00,40.77,40.82,40.77,40.82,2900,0
2015-02-03,18:50:00,40.84,40.85,40.81,40.84,8999,0
2015-02-03,18:55:00,40.84,40.84,40.82,40.83,6480,0
2015-02-03,19:00:00,40.84,40.86,40.81,40.82,3468,0
2015-02-03,19:05:00,40.81,40.84,40.8,40.83,4124,0
2015-02-03,19:10:00,40.83,40.83,40.81,40.82,3800,0
2015-02-03,19:15:00,40.81,40.9,40.79,40.88,5903,0
2015-02-03,19:20:00,40.86,40.88,40.84,40.88,8692,0
2015-02-03,19:25:00,40.88,40.95,40.86,40.88,6794,0
2015-02-03,19:30:00,40.9,40.92,40.89,40.91,8007,0
2015-02-03,19:35:00,40.92,40.99,40.92,40.99,15733,0
2015-02-03,19:40:00,40.99,41.02,40.94,40.94,7470,0
2015-02-03,19:45:00,40.93,40.94,40.91,40.93,4200,0
2015-02-03,19:50:00,40.91,40.97,40.91,40.95,6539,0
2015-02-03,19:55:00,40.94,41.02,40.94,41.02,5356,0
2015-02-03,20:00:00,41.01,41.02,40.99,40.99,4428,0
2015-02-03,20:05:00,41.0,41.05,40.96,40.97,8130,0
2015-02-03,20:10:00,40.96,40.99,40.95,40.96,28809,0
2015-02-03,20:15:00,40.95,40.97,40.89,40.9,7721,0
2015-02-03,20:20:00,40.9,40.9,40.85,40.85,26309,0
2015-02-03,20:25:00,40.85,40.89,40.85,40.86,7091,0
2015-02-03,20:30:00,40.86,40.86,40.78,40.78,6020,0
2015-02-03,20:35:00,40.79,40.79,40.7,40.72,16871,0
2015-02-03,20:40:00,40.73,40.73,40.71,40.72,9803,0
2015-02-03,20:45:00,40.72,40.75,40.72,40.73,9490,0
2015-02-03,20:50:00,40.73,40.75,40.72,40.74,65120,0
2015-02-03,20:55:00,40.73,40.79,40.73,40.78,9695,0
2015-02-03,21:00:00,40.79,40.82,40.78,40.8,13029,0
2015-02-03,21:05:00,40.8,40.84,40.79,40.84,8590,0
2015-02-03,21:10:00,40.84,40.84,40.8,40.8,12900,0
2015-02-03,21:15:00,40.81,40.88,40.81,40.88,36252,0
2015-02-03,21:20:00,40.91,40.91,40.85,40.85,13836,0
2015-02-03,21:25:00,40.86,40.88,40.86,40.88,29520,0
2015-02-03,21:30:00,40.87,40.91,40.87,40.89,20650,0
2015-02-03,21:35:00,40.9,40.96,40.9,40.91,17260,0
2015-02-03,21:40:00,40.92,40.96,40.92,40.96,32054,0
2015-02-03,21:45:00,40.97,41.09,40.96,41.08,19852,0
2015-02-03,21:50:00,41.11,41.21,41.11,41.21,36352,0
2015-02-03,21:55:00,41.21,41.28,41.21,41.28,52730,0
2015-02-03,22:00:00,41.28,41.36,41.28,41.33,613496,0
2015-02-04,15:35:00,41.29,41.29,41.09,41.19,328933,0
2015-02-04,15:40:00,41.08,41.14,40.9,40.9,26308,0
2015-02-04,15:45:00,40.95,41.05,40.9,40.9,20344,0
2015-02-04,15:50:00,40.98,41.12,40.9,41.05,7955,0
2015-02-04,15:55:00,41.04,41.12,41.04,41.05,7210,0
2015-02-04,16:00:00,41.02,41.06,40.99,40.99,6957,0
2015-02-04,16:05:00,40.99,41.1,40.99,41.09,6283,0
2015-02-04,16:10:00,41.09,41.1,41.04,41.09,13537,0
2015-02-04,16:15:00,41.07,41.17,41.04,41.12,12624,0
2015-02-04,16:20:00,41.11,41.21,41.11,41.2,4300,0
2015-02-04,16:25:00,41.21,41.22,41.14,41.22,6099,0
2015-02-04,16:30:00,41.24,41.36,41.23,41.36,26647,0
2015-02-04,16:35:00,41.34,41.41,41.31,41.36,15655,0
2015-02-04,16:40:00,41.37,41.4,41.33,41.4,22589,0
2015-02-04,16:45:00,41.4,41.51,41.4,41.46,21783,0
2015-02-04,16:50:00,41.45,41.48,41.44,41.45,6836,0
2015-02-04,16:55:00,41.44,41.49,41.43,41.47,9902,0
2015-02-04,17:00:00,41.47,41.48,41.41,41.44,11300,0
2015-02-04,17:05:00,41.4,41.55,41.4,41.54,9119,0
2015-02-04,17:10:00,41.52,41.54,41.5,41.54,5975,0
2015-02-04,17:15:00,41.54,41.58,41.49,41.58,9128,0
2015-02-04,17:20:00,41.57,41.57,41.44,41.49,11400,0
2015-02-04,17:25:00,41.49,41.54,41.48,41.51,17044,0
2015-02-04,17:30:00,41.53,41.56,41.48,41.54,7242,0
2015-02-04,17:35:00,41.53,41.61,41.52,41.61,9041,0
2015-02-04,17:40:00,41.62,41.62,41.51,41.51,5684,0
2015-02-04,17:45:00,41.5,41.51,41.43,41.45,11629,0
2015-02-04,17:50:00,41.44,41.51,41.44,41.49,8720,0
2015-02-04,17:55:00,41.5,41.51,41.45,41.47,5200,0
2015-02-04,18:00:00,41.46,41.51,41.46,41.51,6000,0
2015-02-04,18:05:00,41.51,41.53,41.45,41.49,5150,0
2015-02-04,18:10:00,41.48,41.5,41.47,41.47,4948,0
2015-02-04,18:15:00,41.47,41.48,41.43,41.46,9565,0
2015-02-04,18:20:00,41.46,41.46,41.43,41.44,3500,0
2015-02-04,18:25:00,41.44,41.48,41.43,41.43,4000,0
2015-02-04,18:30:00,41.44,41.45,41.39,41.39,8300,0
2015-02-04,18:35:00,41.37,41.4,41.37,41.38,7120,0
2015-02-04,18:40:00,41.37,41.38,41.33,41.34,12485,0
2015-02-04,18:45:00,41.33,41.35,41.28,41.29,5413,0
2015-02-04,18:50:00,41.29,41.29,41.26,41.26,3557,0
2015-02-04,18:55:00,41.26,41.27,41.22,41.22,8896,0
2015-02-04,19:00:00,41.23,41.25,41.21,41.21,10099,0
2015-02-04,19:05:00,41.21,41.22,41.15,41.15,9709,0
2015-02-04,19:10:00,41.14,41.18,41.12,41.18,6610,0
2015-02-04,19:15:00,41.19,41.2,41.14,41.14,7237,0
2015-02-04,19:20:00,41.14,41.18,41.14,41.17,3542,0
2015-02-04,19:25:00,41.15,41.19,41.14,41.19,6300,0
2015-02-04,19:30:00,41.22,41.28,41.21,41.28,12041,0
2015-02-04,19:35:00,41.27,41.3,41.26,41.29,8104,0
2015-02-04,19:40:00,41.3,41.35,41.29,41.35,17798,0
2015-02-04,19:45:00,41.35,41.36,41.24,41.26,37580,0
2015-02-04,19:50:00,41.26,41.27,41.17,41.17,34110,0
2015-02-04,19:55:00,41.17,41.21,41.16,41.21,8199,0
2015-02-04,20:00:00,41.21,41.21,41.14,41.14,5150,0
2015-02-04,20:05:00,41.14,41.15,41.11,41.14,8999,0
2015-02-04,20:10:00,41.13,41.18,41.11,41.15,37423,0
2015-02-04,20:15:00,41.16,41.16,41.06,41.06,6874,0
2015-02-04,20:20:00,41.06,41.08,41.04,41.04,5016,0
2015-02-04,20:25:00,41.03,41.08,41.01,41.04,48468,0
2015-02-04,20:30:00,41.03,41.06,41.03,41.04,9930,0
2015-02-04,20:35:00,41.04,41.05,41.0,41.03,7136,0
2015-02-04,20:40:00,41.04,41.05,41.02,41.03,5010,0
2015-02-04,20:45:00,41.03,41.04,41.0,41.02,6267,0
2015-02-04,20:50:00,41.01,41.04,40.99,41.04,7046,0
2015-02-04,20:55:00,41.03,41.04,41.02,41.04,5430,0
2015-02-04,21:00:00,41.04,41.06,40.99,41.01,6500,0
2015-02-04,21:05:00,41.0,41.0,40.95,40.97,12170,0
2015-02-04,21:10:00,40.97,40.99,40.95,40.97,12117,0
2015-02-04,21:15:00,40.97,40.99,40.94,40.99,13399,0
2015-02-04,21:20:00,41.0,41.05,41.0,41.02,8702,0
2015-02-04,21:25:00,41.01,41.05,41.0,41.05,9168,0
2015-02-04,21:30:00,41.05,41.07,41.04,41.07,4725,0
2015-02-04,21:35:00,41.07,41.1,41.04,41.08,14981,0
2015-02-04,21:40:00,41.08,41.1,41.0,41.0,15061,0
2015-02-04,21:45:00,40.99,41.02,40.93,40.95,23349,0
2015-02-04,21:50:00,40.96,41.0,40.89,40.98,21669,0
2015-02-04,21:55:00,40.98,40.98,40.91,40.91,24098,0
2015-02-04,22:00:00,40.9,40.98,40.9,40.95,291371,0
2015-02-05,15:35:00,40.9,41.25,40.9,40.95,8074,0
2015-02-05,15:40:00,40.96,41.07,40.96,41.07,5486,0
2015-02-05,15:45:00,41.08,41.1,41.0,41.07,4704,0
2015-02-05,15:50:00,41.06,41.08,41.03,41.06,7004,0
2015-02-05,15:55:00,41.05,41.14,41.05,41.14,4280,0
2015-02-05,16:00:00,41.15,41.17,41.12,41.15,4615,0
2015-02-05,16:05:00,41.15,41.19,41.15,41.19,4407,0
2015-02-05,16:10:00,41.19,41.29,41.19,41.26,2800,0
2015-02-05,16:15:00,41.24,41.38,41.23,41.38,5672,0
2015-02-05,16:20:00,41.37,41.45,41.34,41.42,8607,0
2015-02-05,16:25:00,41.42,41.51,41.42,41.51,72306,0
2015-02-05,16:30:00,41.52,41.57,41.51,41.53,3800,0
2015-02-05,16:35:00,41.51,41.53,41.43,41.44,6488,0
2015-02-05,16:40:00,41.43,41.49,41.41,41.46,33506,0
2015-02-05,16:45:00,41.47,41.49,41.44,41.47,10172,0
2015-02-05,16:50:00,41.47,41.5,41.45,41.5,7861,0
2015-02-05,16:55:00,41.49,41.49,41.44,41.45,5942,0
2015-02-05,17:00:00,41.46,41.5,41.46,41.48,5950,0
2015-02-05,17:05:00,41.47,41.51,41.45,41.51,7210,0
2015-02-05,17:10:00,41.52,41.61,41.52,41.6,12824,0
2015-02-05,17:15:00,41.61,41.69,41.6,41.69,6966,0
2015-02-05,17:20:00,41.65,41.68,41.59,41.61,4032,0
2015-02-05,17:25:00,41.65,41.7,41.64,41.65,4760,0
2015-02-05,17:30:00,41.65,41.66,41.58,41.59,35705,0
2015-02-05,17:35:00,41.58,41.6,41.58,41.6,4953,0
2015-02-05,17:40:00,41.6,41.6,41.59,41.6,5084,0
2015-02-05,17:45:00,41.59,41.61,41.58,41.59,26454,0
2015-02-05,17:50:00,41.6,41.63,41.6,41.6,14670,0
2015-02-05,17:55:00,41.59,41.6,41.49,41.49,24681,0
2015-02-05,18:00:00,41.49,41.51,41.49,41.49,8085,0
2015-02-05,18:05:00,41.49,41.5,41.48,41.5,4105,0
2015-02-05,18:10:00,41.5,41.5,41.46,41.46,3735,0
2015-02-05,18:15:00,41.46,41.46,41.45,41.46,2100,0
2015-02-05,18:20:00,41.47,41.49,41.47,41.48,1700,0
2015-02-05,18:25:00,41.49,41.5,41.48,41.5,72952,0
2015-02-05,18:30:00,41.5,41.5,41.47,41.47,3000,0
2015-02-05,18:35:00,41.46,41.5,41.46,41.49,1880,0
2015-02-05,18:40:00,41.48,41.48,41.46,41.47,1600,0
2015-02-05,18:45:00,41.48,41.5,41.47,41.5,3094,0
2015-02-05,18:50:00,41.5,41.51,41.44,41.44,3610,0
2015-02-05,18:55:00,41.45,41.46,41.42,41.42,3300,0
2015-02-05,19:00:00,41.42,41.44,41.4,41.44,3684,0
2015-02-05,19:05:00,41.44,41.5,41.44,41.48,4800,0
2015-02-05,19:10:00,41.47,41.47,41.45,41.46,1100,0
2015-02-05,19:15:00,41.46,41.5,41.46,41.5,7775,0
2015-02-05,19:20:00,41.5,41.55,41.49,41.54,7896,0
2015-02-05,19:25:00,41.55,41.56,41.51,41.51,6900,0
2015-02-05,19:30:00,41.51,41.52,41.51,41.51,2100,0
2015-02-05,19:35:00,41.52,41.52,41.49,41.51,3511,0
2015-02-05,19:40:00,41.52,41.54,41.5,41.53,11751,0
2015-02-05,19:45:00,41.53,41.54,41.48,41.5,80705,0
2015-02-05,19:50:00,41.5,41.51,41.48,41.48,15879,0
2015-02-05,19:55:00,41.48,41.48,41.42,41.42,7767,0
2015-02-05,20:00:00,41.42,41.47,41.42,41.45,8499,0
2015-02-05,20:05:00,41.47,41.47,41.43,41.43,7788,0
2015-02-05,20:10:00,41.44,41.47,41.43,41.45,10942,0
2015-02-05,20:15:00,41.46,41.49,41.43,41.43,8242,0
2015-02-05,20:20:00,41.43,41.5,41.41,41.48,88900,0
2015-02-05,20:25:00,41.5,41.5,41.39,41.39,16425,0
2015-02-05,20:30:00,41.39,41.4,41.36,41.36,18518,0
2015-02-05,20:35:00,41.37,41.37,41.33,41.34,25155,0
2015-02-05,20:40:00,41.34,41.34,41.28,41.29,27288,0
2015-02-05,20:45:00,41.29,41.29,41.26,41.26,9986,0
2015-02-05,20:50:00,41.26,41.32,41.25,41.27,10862,0
2015-02-05,20:55:00,41.28,41.33,41.27,41.31,11561,0
2015-02-05,21:00:00,41.32,41.32,41.27,41.28,11058,0
2015-02-05,21:05:00,41.28,41.28,41.24,41.25,14099,0
2015-02-05,21:10:00,41.25,41.33,41.25,41.32,15740,0
2015-02-05,21:15:00,41.31,41.38,41.31,41.38,9031,0
2015-02-05,21:20:00,41.38,41.42,41.37,41.41,7642,0
2015-02-05,21:25:00,41.41,41.43,41.39,41.41,7814,0
2015-02-05,21:30:00,41.41,41.42,41.39,41.42,16302,0
2015-02-05,21:35:00,41.42,41.5,41.39,41.48,12494,0
2015-02-05,21:40:00,41.48,41.55,41.47,41.53,12573,0
2015-02-05,21:45:00,41.54,41.57,41.51,41.57,50175,0
2015-02-05,21:50:00,41.57,41.57,41.48,41.49,57693,0
2015-02-05,21:55:00,41.49,41.65,41.49,41.65,53799,0
2015-02-05,22:00:00,41.66,41.66,41.57,41.59,293681,0
2015-02-06,15:35:00,41.64,41.64,41.29,41.37,10718,0
2015-02-06,15:40:00,41.29,41.39,41.25,41.36,9368,0
2015-02-06,15:45:00,41.37,41.44,41.26,41.26,9564,0
2015-02-06,15:50:00,41.25,41.27,41.18,41.27,7500,0
2015-02-06,15:55:00,41.27,41.28,41.2,41.2,5494,0
2015-02-06,16:00:00,41.2,41.21,41.11,41.21,7761,0
2015-02-06,16:05:00,41.22,41.23,41.17,41.18,10155,0
2015-02-06,16:10:00,41.18,41.21,41.15,41.16,8560,0
2015-02-06,16:15:00,41.17,41.25,41.16,41.25,7887,0
2015-02-06,16:20:00,41.25,41.3,41.23,41.24,10092,0
2015-02-06,16:25:00,41.21,41.24,41.21,41.24,6700,0
2015-02-06,16:30:00,41.23,41.26,41.22,41.26,11906,0
2015-02-06,16:35:00,41.25,41.25,41.2,41.21,19575,0
2015-02-06,16:40:00,41.2,41.22,41.16,41.19,6284,0
2015-02-06,16:45:00,41.18,41.29,41.18,41.29,11162,0
2015-02-06,16:50:00,41.3,41.32,41.25,41.26,13605,0
2015-02-06,16:55:00,41.26,41.31,41.25,41.3,10335,0
2015-02-06,17:00:00,41.29,41.29,41.2,41.24,15534,0
2015-02-06,17:05:00,41.24,41.31,41.23,41.24,6200,0
2015-02-06,17:10:00,41.23,41.24,41.21,41.23,7513,0
2015-02-06,17:15:00,41.23,41.25,41.2,41.2,7123,0
2015-02-06,17:20:00,41.19,41.22,41.19,41.2,12512,0
2015-02-06,17:25:00,41.2,41.2,41.14,41.17,15035,0
2015-02-06,17:30:00,41.17,41.18,41.06,41.07,12408,0
2015-02-06,17:35:00,41.06,41.09,41.05,41.07,6834,0
2015-02-06,17:40:00,41.07,41.09,41.03,41.08,6018,0
2015-02-06,17:45:00,41.09,41.09,41.07,41.08,4400,0
2015-02-06,17:50:00,41.07,41.08,41.04,41.08,3700,0
2015-02-06,17:55:00,41.07,41.07,41.02,41.05,9260,0
2015-02-06,18:00:00,41.05,41.06,41.03,41.06,4685,0
2015-02-06,18:05:00,41.06,41.06,41.03,41.05,2900,0
2015-02-06,18:10:00,41.06,41.09,41.06,41.06,2100,0
2015-02-06,18:15:00,41.06,41.07,41.01,41.03,16000,0
2015-02-06,18:20:00,41.04,41.04,41.02,41.04,1900,0
2015-02-06,18:25:00,41.04,41.04,40.93,40.93,5622,0
2015-02-06,18:30:00,40.94,40.97,40.92,40.95,6425,0
2015-02-06,18:35:00,40.95,40.95,40.91,40.91,26391,0
2015-02-06,18:40:00,40.91,40.93,40.91,40.92,8132,0
2015-02-06,18:45:00,40.92,40.93,40.91,40.92,13434,0
2015-02-06,18:50:00,40.91,40.99,40.9,40.99,8600,0
2015-02-06,18:55:00,40.97,41.0,40.97,40.99,3040,0
2015-02-06,19:00:00,40.99,41.03,40.98,41.02,7930,0
2015-02-06,19:05:00,41.02,41.03,40.98,40.98,24336,0
2015-02-06,19:10:00,40.96,40.99,40.95,40.99,5800,0
2015-02-06,19:15:00,40.99,41.01,40.98,41.0,29600,0
2015-02-06,19:20:00,41.01,41.04,40.98,41.03,29223,0
2015-02-06,19:25:00,41.03,41.07,41.02,41.02,16936,0
2015-02-06,19:30:00,41.0,41.04,40.97,41.04,114603,0
2015-02-06,19:35:00,41.01,41.06,41.0,41.06,24534,0
2015-02-06,19:40:00,41.06,41.06,41.01,41.05,18370,0
2015-02-06,19:45:00,41.03,41.05,41.0,41.01,58580,0
2015-02-06,19:50:00,41.01,41.02,40.99,41.01,21434,0
2015-02-06,19:55:00,41.02,41.12,41.02,41.06,23210,0
2015-02-06,20:00:00,41.05,41.08,41.05,41.08,8801,0
2015-02-06,20:05:00,41.09,41.13,41.08,41.12,26591,0
2015-02-06,20:10:00,41.12,41.17,41.12,41.17,40978,0
2015-02-06,20:15:00,41.16,41.2,41.15,41.17,12073,0
2015-02-06,20:20:00,41.17,41.17,41.16,41.17,14589,0
2015-02-06,20:25:00,41.17,41.17,41.14,41.17,24961,0
2015-02-06,20:30:00,41.18,41.18,41.13,41.15,18996,0
2015-02-06,20:35:00,41.14,41.15,41.05,41.06,44149,0
2015-02-06,20:40:00,41.06,41.11,41.05,41.05,13136,0
2015-02-06,20:45:00,41.05,41.07,40.99,41.05,46137,0
2015-02-06,20:50:00,41.05,41.06,40.98,41.03,17940,0
2015-02-06,20:55:00,41.03,41.06,40.97,40.99,68820,0
2015-02-06,21:00:00,41.0,41.03,40.95,40.96,70463,0
2015-02-06,21:05:00,40.96,41.06,40.95,41.06,107067,0
2015-02-06,21:10:00,41.06,41.13,41.06,41.09,37874,0
2015-02-06,21:15:00,41.08,41.17,41.07,41.13,72578,0
2015-02-06,21:20:00,41.11,41.17,41.08,41.12,80875,0
2015-02-06,21:25:00,41.13,41.2,41.09,41.2,80231,0
2015-02-06,21:30:00,41.2,41.21,41.15,41.16,34423,0
2015-02-06,21:35:00,41.15,41.23,41.12,41.2,67399,0
2015-02-06,21:40:00,41.2,41.2,41.17,41.17,43584,0
2015-02-06,21:45:00,41.18,41.2,41.11,41.11,74229,0
2015-02-06,21:50:00,41.11,41.11,40.9,40.98,68191,0
2015-02-06,21:55:00,40.99,41.11,40.98,41.1,87559,0
2015-02-06,22:00:00,41.1,41.12,41.0,41.12,607814,0
2015-02-09,15:35:00,40.93,41.39,40.93,41.36,17495,0
2015-02-09,15:40:00,41.38,41.39,41.01,41.05,5872,0
2015-02-09,15:45:00,41.1,41.13,41.0,41.01,7663,0
2015-02-09,15:50:00,41.03,41.11,40.94,41.0,9376,0
2015-02-09,15:55:00,41.0,41.11,41.0,41.0,6418,0
2015-02-09,16:00:00,41.02,41.03,40.97,41.0,8987,0
2015-02-09,16:05:00,41.02,41.1,40.97,40.99,7947,0
2015-02-09,16:10:00,40.98,40.99,40.9,40.93,11968,0
2015-02-09,16:15:00,40.92,40.93,40.89,40.93,6206,0
2015-02-09,16:20:00,40.93,40.94,40.87,40.87,6094,0
2015-02-09,16:25:00,40.85,40.85,40.75,40.76,7169,0
2015-02-09,16:30:00,40.77,40.79,40.69,40.69,5521,0
2015-02-09,16:35:00,40.68,40.74,40.67,40.74,5100,0
2015-02-09,16:40:00,40.75,40.77,40.71,40.71,4335,0
2015-02-09,16:45:00,40.69,40.72,40.65,40.7,12029,0
2015-02-09,16:50:00,40.69,40.7,40.66,40.67,4921,0
2015-02-09,16:55:00,40.69,40.69,40.62,40.65,4363,0
2015-02-09,17:00:00,40.64,40.64,40.57,40.57,6109,0
2015-02-09,17:05:00,40.57,40.58,40.52,40.58,7455,0
2015-02-09,17:10:00,40.57,40.64,40.56,40.64,6062,0
2015-02-09,17:15:00,40.67,40.7,40.64,40.66,4370,0
2015-02-09,17:20:00,40.67,40.75,40.67,40.75,2900,0
2015-02-09,17:25:00,40.76,40.81,40.76,40.8,3600,0
2015-02-09,17:30:00,40.8,40.87,40.79,40.87,4950,0
2015-02-09,17:35:00,40.88,40.92,40.85,40.9,14988,0
2015-02-09,17:40:00,40.89,40.89,40.85,40.85,2161,0
2015-02-09,17:45:00,40.85,40.89,40.85,40.88,3927,0
2015-02-09,17:50:00,40.87,40.9,40.86,40.9,2100,0
2015-02-09,17:55:00,40.89,40.89,40.86,40.86,4200,0
2015-02-09,18:00:00,40.85,40.89,40.82,40.82,4232,0
2015-02-09,18:05:00,40.82,40.83,40.8,40.8,6881,0
2015-02-09,18:10:00,40.79,40.8,40.79,40.8,900,0
2015-02-09,18:15:00,40.81,40.82,40.77,40.77,4496,0
2015-02-09,18:20:00,40.75,40.75,40.71,40.74,5020,0
2015-02-09,18:25:00,40.77,40.8,40.77,40.8,3500,0
2015-02-09,18:30:00,40.81,40.85,40.8,40.85,7156,0
2015-02-09,18:35:00,40.86,40.87,40.85,40.85,10485,0
2015-02-09,18:40:00,40.84,40.84,40.78,40.79,3339,0
2015-02-09,18:45:00,40.79,40.81,40.78,40.81,3873,0
2015-02-09,18:50:00,40.81,40.81,40.77,40.77,3828,0
2015-02-09,18:55:00,40.78,40.78,40.75,40.75,4300,0
2015-02-09,19:00:00,40.76,40.76,40.71,40.71,2535,0
2015-02-09,19:05:00,40.71,40.71,40.68,40.68,10710,0
2015-02-09,19:10:00,40.69,40.71,40.69,40.71,3751,0
2015-02-09,19:15:00,40.71,40.71,40.7,40.71,10002,0
2015-02-09,19:20:00,40.7,40.71,40.67,40.68,18655,0
2015-02-09,19:25:00,40.67,40.68,40.66,40.68,7171,0
2015-02-09,19:30:00,40.68,40.68,40.65,40.65,6618,0
2015-02-09,19:35:00,40.64,40.64,40.61,40.61,5604,0
2015-02-09,19:40:00,40.61,40.62,40.59,40.59,14362,0
2015-02-09,19:45:00,40.6,40.61,40.56,40.56,7312,0
2015-02-09,19:50:00,40.55,40.65,40.55,40.57,23815,0
2015-02-09,19:55:00,40.57,40.61,40.57,40.61,7528,0
2015-02-09,20:00:00,40.62,40.66,40.62,40.63,11958,0
2015-02-09,20:05:00,40.63,40.64,40.6,40.63,3100,0
2015-02-09,20:10:00,40.63,40.63,40.59,40.6,6120,0
2015-02-09,20:15:00,40.61,40.61,40.58,40.59,2950,0
2015-02-09,20:20:00,40.6,40.6,40.58,40.58,3000,0
2015-02-09,20:25:00,40.58,40.62,40.58,40.62,3100,0
2015-02-09,20:30:00,40.63,40.66,40.63,40.66,5100,0
2015-02-09,20:35:00,40.65,40.65,40.61,40.63,9422,0
2015-02-09,20:40:00,40.64,40.66,40.63,40.65,6052,0
2015-02-09,20:45:00,40.65,40.69,40.63,40.67,21810,0
2015-02-09,20:50:00,40.67,40.67,40.58,40.59,7815,0
2015-02-09,20:55:00,40.61,40.61,40.56,40.56,4800,0
2015-02-09,21:00:00,40.57,40.57,40.52,40.52,8990,0
2015-02-09,21:05:00,40.53,40.54,40.5,40.52,9764,0
2015-02-09,21:10:00,40.51,40.56,40.5,40.56,6659,0
2015-02-09,21:15:00,40.57,40.62,40.57,40.62,8750,0
2015-02-09,21:20:00,40.61,40.61,40.49,40.49,13890,0
2015-02-09,21:25:00,40.5,40.58,40.5,40.56,8356,0
2015-02-09,21:30:00,40.56,40.58,40.55,40.57,4200,0
2015-02-09,21:35:00,40.57,40.57,40.53,40.54,7800,0
2015-02-09,21:40:00,40.53,40.55,40.5,40.53,12734,0
2015-02-09,21:45:00,40.52,40.63,40.52,40.6,10352,0
2015-02-09,21:50:00,40.59,40.59,40.52,40.56,17853,0
2015-02-09,21:55:00,40.55,40.56,40.49,40.49,15518,0
2015-02-09,22:00:00,40.49,40.5,40.45,40.46,123801,0
2015-02-10,15:35:00,40.59,40.75,40.53,40.53,12100,0
2015-02-10,15:40:00,40.58,40.66,40.5,40.54,6706,0
2015-02-10,15:45:00,40.51,40.58,40.49,40.58,10035,0
2015-02-10,15:50:00,40.57,40.65,40.56,40.61,26424,0
2015-02-10,15:55:00,40.61,40.63,40.51,40.51,13806,0
2015-02-10,16:00:00,40.51,40.54,40.45,40.45,4356,0
2015-02-10,16:05:00,40.45,40.51,40.42,40.47,7314,0
2015-02-10,16:10:00,40.47,40.59,40.46,40.59,12980,0
2015-02-10,16:15:00,40.6,40.66,40.6,40.64,7000,0
2015-02-10,16:20:00,40.64,40.65,40.59,40.59,7871,0
2015-02-10,16:25:00,40.59,40.59,40.52,40.53,9212,0
2015-02-10,16:30:00,40.53,40.53,40.49,40.5,6410,0
2015-02-10,16:35:00,40.49,40.51,40.44,40.44,16934,0
2015-02-10,16:40:00,40.43,40.43,40.37,40.38,5325,0
2015-02-10,16:45:00,40.38,40.38,40.34,40.36,20508,0
2015-02-10,16:50:00,40.36,40.36,40.26,40.29,7083,0
2015-02-10,16:55:00,40.27,40.3,40.26,40.28,5120,0
2015-02-10,17:00:00,40.28,40.31,40.27,40.29,5704,0
2015-02-10,17:05:00,40.29,40.3,40.21,40.24,5100,0
2015-02-10,17:10:00,40.25,40.25,40.18,40.22,4500,0
2015-02-10,17:15:00,40.24,40.27,40.24,40.27,3298,0
2015-02-10,17:20:00,40.27,40.3,40.27,40.28,5900,0
2015-02-10,17:25:00,40.29,40.32,40.29,40.31,8417,0
2015-02-10,17:30:00,40.31,40.39,40.31,40.38,5206,0
2015-02-10,17:35:00,40.38,40.39,40.38,40.39,2900,0
2015-02-10,17:40:00,40.39,40.4,40.33,40.33,4283,0
2015-02-10,17:45:00,40.33,40.33,40.3,40.3,2000,0
2015-02-10,17:50:00,40.3,40.31,40.23,40.26,17246,0
2015-02-10,17:55:00,40.26,40.26,40.19,40.21,7739,0
2015-02-10,18:00:00,40.2,40.2,40.16,40.18,7462,0
2015-02-10,18:05:00,40.18,40.18,40.11,40.14,10532,0
2015-02-10,18:10:00,40.15,40.17,40.14,40.16,2390,0
2015-02-10,18:15:00,40.17,40.25,40.17,40.24,3900,0
2015-02-10,18:20:00,40.25,40.3,40.23,40.3,5800,0
2015-02-10,18:25:00,40.31,40.31,40.27,40.27,3094,0
2015-02-10,18:30:00,40.28,40.28,40.26,40.28,2108,0
2015-02-10,18:35:00,40.29,40.33,40.27,40.33,7100,0
2015-02-10,18:40:00,40.33,40.35,40.33,40.35,2900,0
2015-02-10,18:45:00,40.34,40.38,40.34,40.38,4195,0
2015-02-10,18:50:00,40.38,40.45,40.38,40.45,4200,0
2015-02-10,18:55:00,40.45,40.47,40.42,40.42,4763,0
2015-02-10,19:00:00,40.42,40.42,40.37,40.37,3273,0
2015-02-10,19:05:00,40.38,40.38,40.32,40.32,4641,0
2015-02-10,19:10:00,40.32,40.32,40.26,40.27,5900,0
2015-02-10,19:15:00,40.26,40.26,40.24,40.26,10233,0
2015-02-10,19:20:00,40.27,40.3,40.27,40.29,6990,0
2015-02-10,19:25:00,40.28,40.28,40.25,40.28,5200,0
2015-02-10,19:30:00,40.28,40.31,40.28,40.31,5314,0
2015-02-10,19:35:00,40.31,40.35,40.31,40.34,8300,0
2015-02-10,19:40:00,40.34,40.35,40.32,40.35,6495,0
2015-02-10,19:45:00,40.35,40.36,40.35,40.35,900,0
2015-02-10,19:50:00,40.35,40.36,40.33,40.34,11713,0
2015-02-10,19:55:00,40.35,40.36,40.33,40.34,10694,0
2015-02-10,20:00:00,40.34,40.37,40.34,40.36,15726,0
2015-02-10,20:05:00,40.37,40.39,40.36,40.39,6400,0
2015-02-10,20:10:00,40.39,40.45,40.37,40.45,14622,0
2015-02-10,20:15:00,40.45,40.56,40.45,40.56,39265,0
2015-02-10,20:20:00,40.56,40.59,40.56,40.59,3600,0
2015-02-10,20:25:00,40.6,40.6,40.53,40.57,11735,0
2015-02-10,20:30:00,40.56,40.62,40.56,40.62,10382,0
2015-02-10,20:35:00,40.62,40.63,40.59,40.63,8451,0
2015-02-10,20:40:00,40.62,40.67,40.62,40.66,5100,0
2015-02-10,20:45:00,40.67,40.67,40.65,40.65,9284,0
2015-02-10,20:50:00,40.66,40.66,40.63,40.65,7560,0
2015-02-10,20:55:00,40.66,40.66,40.65,40.65,8155,0
2015-02-10,21:00:00,40.66,40.76,40.66,40.76,9100,0
2015-02-10,21:05:00,40.75,40.79,40.74,40.74,5500,0
2015-02-10,21:10:00,40.74,40.74,40.68,40.69,5400,0
2015-02-10,21:15:00,40.69,40.7,40.65,40.65,4123,0
2015-02-10,21:20:00,40.65,40.65,40.62,40.64,4999,0
2015-02-10,21:25:00,40.64,40.66,40.63,40.65,6300,0
2015-02-10,21:30:00,40.66,40.73,40.63,40.73,8016,0
2015-02-10,21:35:00,40.73,40.77,40.72,40.74,22840,0
2015-02-10,21:40:00,40.75,40.76,40.73,40.75,8846,0
2015-02-10,21:45:00,40.75,40.8,40.74,40.78,17509,0
2015-02-10,21:50:00,40.8,40.8,40.73,40.74,29628,0
2015-02-10,21:55:00,40.74,40.8,40.73,40.77,26788,0
2015-02-10,22:00:00,40.77,40.83,40.73,40.81,275035,0
2015-02-11,15:35:00,40.83,41.16,40.81,41.04,48942,0
2015-02-11,15:40:00,41.11,41.11,41.04,41.06,2900,0
2015-02-11,15:45:00,41.04,41.12,41.04,41.08,8570,0
2015-02-11,15:50:00,41.08,41.08,41.02,41.03,3400,0
2015-02-11,15:55:00,41.04,41.04,40.91,40.91,3200,0
2015-02-11,16:00:00,40.9,40.96,40.88,40.91,1900,0
2015-02-11,16:05:00,40.96,40.96,40.92,40.92,700,0
2015-02-11,16:10:00,40.86,40.86,40.76,40.8,6934,0
2015-02-11,16:15:00,40.81,40.86,40.81,40.85,4200,0
2015-02-11,16:20:00,40.85,40.86,40.79,40.86,8451,0
2015-02-11,16:25:00,40.85,40.91,40.85,40.88,14017,0
2015-02-11,16:30:00,40.88,40.99,40.87,40.99,5400,0
2015-02-11,16:35:00,41.0,41.06,40.99,41.03,3064,0
2015-02-11,16:40:00,41.05,41.15,41.05,41.12,9749,0
2015-02-11,16:45:00,41.12,41.14,41.11,41.14,5288,0
2015-02-11,16:50:00,41.13,41.17,41.13,41.16,3969,0
2015-02-11,16:55:00,41.15,41.17,41.14,41.17,4762,0
2015-02-11,17:00:00,41.17,41.18,41.1,41.11,7300,0
2015-02-11,17:05:00,41.11,41.12,41.03,41.03,12625,0
2015-02-11,17:10:00,41.02,41.03,41.02,41.03,2700,0
2015-02-11,17:15:00,41.02,41.06,40.99,40.99,10283,0
2015-02-11,17:20:00,40.99,41.01,40.96,40.96,19345,0
2015-02-11,17:25:00,40.96,40.97,40.9,40.95,32816,0
2015-02-11,17:30:00,40.94,40.97,40.94,40.97,8340,0
2015-02-11,17:35:00,40.95,40.95,40.9,40.91,16500,0
2015-02-11,17:40:00,40.91,40.91,40.83,40.88,10503,0
2015-02-11,17:45:00,40.9,40.92,40.87,40.87,27700,0
2015-02-11,17:50:00,40.89,40.9,40.86,40.9,6130,0
2015-02-11,17:55:00,40.91,40.91,40.86,40.86,5079,0
2015-02-11,18:00:00,40.85,40.85,40.78,40.78,3700,0
2015-02-11,18:05:00,40.77,40.77,40.7,40.73,8640,0
2015-02-11,18:10:00,40.72,40.77,40.72,40.74,17080,0
2015-02-11,18:15:00,40.73,40.73,40.7,40.71,1302,0
2015-02-11,18:20:00,40.71,40.71,40.7,40.7,3345,0
2015-02-11,18:25:00,40.7,40.72,40.7,40.71,6159,0
2015-02-11,18:30:00,40.71,40.78,40.71,40.78,4900,0
2015-02-11,18:35:00,40.78,40.79,40.76,40.76,4500,0
2015-02-11,18:40:00,40.76,40.77,40.7,40.71,7616,0
2015-02-11,18:45:00,40.71,40.71,40.66,40.66,8916,0
2015-02-11,18:50:00,40.67,40.67,40.66,40.66,1200,0
2015-02-11,18:55:00,40.67,40.68,40.63,40.65,5316,0
2015-02-11,19:00:00,40.64,40.64,40.53,40.53,4400,0
2015-02-11,19:05:00,40.54,40.62,40.54,40.59,5500,0
2015-02-11,19:10:00,40.59,40.59,40.55,40.55,6735,0
2015-02-11,19:15:00,40.55,40.55,40.45,40.49,11056,0
2015-02-11,19:20:00,40.48,40.48,40.44,40.45,4200,0
2015-02-11,19:25:00,40.45,40.47,40.41,40.47,4700,0
2015-02-11,19:30:00,40.46,40.47,40.45,40.45,4164,0
2015-02-11,19:35:00,40.45,40.45,40.42,40.45,4302,0
2015-02-11,19:40:00,40.47,40.51,40.47,40.51,1500,0
2015-02-11,19:45:00,40.52,40.65,40.52,40.62,5832,0
2015-02-11,19:50:00,40.61,40.61,40.55,40.57,24886,0
2015-02-11,19:55:00,40.57,40.67,40.57,40.65,6256,0
2015-02-11,20:00:00,40.64,40.77,40.64,40.73,5200,0
2015-02-11,20:05:00,40.74,40.77,40.72,40.72,5060,0
2015-02-11,20:10:00,40.73,40.73,40.67,40.69,3256,0
2015-02-11,20:15:00,40.66,40.68,40.58,40.58,4898,0
2015-02-11,20:20:00,40.58,40.59,40.55,40.59,4179,0
2015-02-11,20:25:00,40.6,40.6,40.56,40.56,3001,0
2015-02-11,20:30:00,40.56,40.58,40.52,40.58,4698,0
2015-02-11,20:35:00,40.62,40.64,40.61,40.63,2100,0
2015-02-11,20:40:00,40.64,40.67,40.64,40.67,3100,0
2015-02-11,20:45:00,40.68,40.71,40.67,40.67,3600,0
2015-02-11,20:50:00,40.68,40.72,40.68,40.71,4774,0
2015-02-11,20:55:00,40.71,40.71,40.67,40.68,5469,0
2015-02-11,21:00:00,40.69,40.7,40.69,40.7,5044,0
2015-02-11,21:05:00,40.71,40.71,40.69,40.69,8645,0
2015-02-11,21:10:00,40.7,40.73,40.7,40.72,10433,0
2015-02-11,21:15:00,40.71,40.71,40.69,40.7,8020,0
2015-02-11,21:20:00,40.69,40.72,40.67,40.7,6526,0
2015-02-11,21:25:00,40.7,40.73,40.7,40.73,14254,0
2015-02-11,21:30:00,40.74,40.82,40.73,40.77,14847,0
2015-02-11,21:35:00,40.78,40.82,40.75,40.77,12813,0
2015-02-11,21:40:00,40.78,40.8,40.74,40.75,12883,0
2015-02-11,21:45:00,40.74,40.77,40.71,40.75,18710,0
2015-02-11,21:50:00,40.75,40.75,40.66,40.68,17144,0
2015-02-11,21:55:00,40.68,40.7,40.65,40.67,29295,0
2015-02-11,22:00:00,40.66,40.73,40.66,40.72,96431,0
2015-02-12,15:35:00,40.96,41.04,40.94,40.97,131148,0
2015-02-12,15:40:00,41.0,41.0,40.9,40.9,8500,0
2015-02-12,15:45:00,40.89,40.95,40.85,40.95,4751,0
2015-02-12,15:50:00,40.96,41.0,40.93,40.93,4500,0
2015-02-12,15:55:00,40.96,41.02,40.96,41.0,11375,0
2015-02-12,16:00:00,40.97,41.0,40.97,40.99,15548,0
2015-02-12,16:05:00,41.0,41.15,40.99,41.15,13637,0
2015-02-12,16:10:00,41.17,41.21,41.13,41.16,8837,0
2015-02-12,16:15:00,41.17,41.17,41.1,41.14,6766,0
2015-02-12,16:20:00,41.14,41.15,41.05,41.06,6609,0
2015-02-12,16:25:00,41.06,41.15,41.06,41.13,6473,0
2015-02-12,16:30:00,41.13,41.24,41.0,41.22,217413,0
2015-02-12,16:35:00,41.23,41.23,41.0,41.05,127832,0
2015-02-12,16:40:00,41.06,41.06,40.89,40.96,39791,0
2015-02-12,16:45:00,40.97,41.01,40.97,41.0,8300,0
2015-02-12,16:50:00,41.0,41.06,41.0,41.04,24531,0
2015-02-12,16:55:00,41.04,41.05,41.03,41.04,9400,0
2015-02-12,17:00:00,41.05,41.11,41.04,41.09,28213,0
2015-02-12,17:05:00,41.09,41.09,41.0,41.05,6930,0
2015-02-12,17:10:00,41.06,41.06,41.0,41.0,11531,0
2015-02-12,17:15:00,41.0,41.06,41.0,41.06,5700,0
2015-02-12,17:20:00,41.05,41.06,41.02,41.04,4500,0
2015-02-12,17:25:00,41.04,41.05,41.01,41.01,5100,0
2015-02-12,17:30:00,41.0,41.02,40.99,41.02,10853,0
2015-02-12,17:35:00,41.02,41.02,40.99,40.99,13684,0
2015-02-12,17:40:00,40.98,41.01,40.98,41.01,8072,0
2015-02-12,17:45:00,41.01,41.02,41.0,41.01,6922,0
2015-02-12,17:50:00,41.01,41.01,41.0,41.01,23897,0
2015-02-12,17:55:00,41.01,41.08,40.99,41.05,28083,0
2015-02-12,18:00:00,41.05,41.07,41.05,41.07,8374,0
2015-02-12,18:05:00,41.07,41.15,41.06,41.1,19917,0
2015-02-12,18:10:00,41.11,41.11,41.09,41.1,5600,0
2015-02-12,18:15:00,41.11,41.11,41.1,41.1,7956,0
2015-02-12,18:20:00,41.1,41.11,41.09,41.09,19614,0
2015-02-12,18:25:00,41.1,41.11,41.09,41.11,6750,0
2015-02-12,18:30:00,41.11,41.11,41.1,41.11,17219,0
2015-02-12,18:35:00,41.11,41.13,41.1,41.11,39438,0
2015-02-12,18:40:00,41.11,41.13,41.07,41.07,17656,0
2015-02-12,18:45:00,41.08,41.1,41.07,41.1,10657,0
2015-02-12,18:50:00,41.1,41.1,41.08,41.1,14429,0
2015-02-12,18:55:00,41.1,41.1,41.06,41.1,9587,0
2015-02-12,19:00:00,41.09,41.1,41.04,41.06,14168,0
2015-02-12,19:05:00,41.05,41.07,41.04,41.07,7651,0
2015-02-12,19:10:00,41.07,41.07,41.06,41.07,4800,0
2015-02-12,19:15:00,41.07,41.07,41.05,41.07,15733,0
2015-02-12,19:20:00,41.07,41.07,41.05,41.06,17198,0
2015-02-12,19:25:00,41.06,41.07,41.06,41.07,14562,0
2015-02-12,19:30:00,41.07,41.07,41.06,41.07,6057,0
2015-02-12,19:35:00,41.07,41.07,41.06,41.07,28121,0
2015-02-12,19:40:00,41.07,41.07,41.05,41.06,15368,0
2015-02-12,19:45:00,41.07,41.07,41.06,41.07,2700,0
2015-02-12,19:50:00,41.07,41.07,41.02,41.02,6361,0
2015-02-12,19:55:00,41.01,41.02,41.01,41.01,7326,0
2015-02-12,20:00:00,41.02,41.04,41.01,41.03,19037,0
2015-02-12,20:05:00,41.03,41.18,41.03,41.18,35058,0
2015-02-12,20:10:00,41.18,41.19,41.15,41.19,14941,0
2015-02-12,20:15:00,41.18,41.22,41.18,41.22,7900,0
2015-02-12,20:20:00,41.22,41.3,41.22,41.3,5800,0
2015-02-12,20:25:00,41.31,41.31,41.23,41.23,9188,0
2015-02-12,20:30:00,41.23,41.23,41.14,41.14,11285,0
2015-02-12,20:35:00,41.14,41.21,41.14,41.18,106510,0
2015-02-12,20:40:00,41.17,41.17,41.14,41.14,19276,0
2015-02-12,20:45:00,41.14,41.15,41.1,41.15,24286,0
2015-02-12,20:50:00,41.15,41.16,41.14,41.14,12603,0
2015-02-12,20:55:00,41.15,41.19,41.15,41.19,13807,0
2015-02-12,21:00:00,41.2,41.21,41.18,41.18,11700,0
2015-02-12,21:05:00,41.19,41.2,41.17,41.18,21553,0
2015-02-12,21:10:00,41.18,41.19,41.17,41.19,17487,0
2015-02-12,21:15:00,41.18,41.19,41.18,41.18,16925,0
2015-02-12,21:20:00,41.18,41.18,41.16,41.16,10210,0
2015-02-12,21:25:00,41.16,41.17,41.15,41.16,8653,0
2015-02-12,21:30:00,41.15,41.17,41.15,41.16,8371,0
2015-02-12,21:35:00,41.16,41.23,41.16,41.23,57999,0
2015-02-12,21:40:00,41.23,41.32,41.19,41.32,29836,0
2015-02-12,21:45:00,41.31,41.32,41.26,41.26,28472,0
2015-02-12,21:50:00,41.27,41.28,41.26,41.27,29700,0
2015-02-12,21:55:00,41.27,41.27,41.23,41.23,45658,0
2015-02-12,22:00:00,41.22,41.25,41.2,41.22,89169,0
2015-02-13,15:35:00,41.39,41.39,41.01,41.19,10465,0
2015-02-13,15:40:00,41.19,41.2,41.0,41.04,9938,0
2015-02-13,15:45:00,41.03,41.04,40.97,40.99,15948,0
2015-02-13,15:50:00,41.0,41.01,40.88,40.9,21363,0
2015-02-13,15:55:00,40.9,40.9,40.84,40.87,6870,0
2015-02-13,16:00:00,40.87,40.88,40.81,40.81,8740,0
2015-02-13,16:05:00,40.82,40.86,40.81,40.81,115960,0
2015-02-13,16:10:00,40.81,40.87,40.81,40.82,17908,0
2015-02-13,16:15:00,40.81,40.82,40.7,40.78,19964,0
2015-02-13,16:20:00,40.78,40.86,40.78,40.84,13100,0
2015-02-13,16:25:00,40.82,40.87,40.82,40.86,10151,0
2015-02-13,16:30:00,40.89,40.93,40.89,40.91,20302,0
2015-02-13,16:35:00,40.91,40.91,40.84,40.84,13500,0
2015-02-13,16:40:00,40.82,40.88,40.81,40.85,15216,0
2015-02-13,16:45:00,40.86,40.86,40.79,40.8,9700,0
2015-02-13,16:50:00,40.8,40.9,40.8,40.89,11045,0
2015-02-13,16:55:00,40.89,40.89,40.85,40.86,19399,0
2015-02-13,17:00:00,40.85,40.85,40.76,40.78,8771,0
2015-02-13,17:05:00,40.79,40.92,40.79,40.91,23242,0
2015-02-13,17:10:00,40.92,41.02,40.89,41.0,53914,0
2015-02-13,17:15:00,41.01,41.16,41.01,41.16,9400,0
2015-02-13,17:20:00,41.16,41.2,41.15,41.18,7896,0
2015-02-13,17:25:00,41.18,41.18,41.15,41.16,5500,0
2015-02-13,17:30:00,41.16,41.17,41.13,41.17,118065,0
2015-02-13,17:35:00,41.16,41.19,41.14,41.16,11299,0
2015-02-13,17:40:00,41.14,41.15,41.13,41.13,7277,0
2015-02-13,17:45:00,41.14,41.14,41.1,41.13,6545,0
2015-02-13,17:50:00,41.13,41.13,41.1,41.13,5584,0
2015-02-13,17:55:00,41.13,41.16,41.1,41.16,8564,0
2015-02-13,18:00:00,41.16,41.16,41.11,41.12,20457,0
2015-02-13,18:05:00,41.12,41.13,41.11,41.13,15861,0
2015-02-13,18:10:00,41.12,41.13,41.06,41.06,10900,0
2015-02-13,18:15:00,41.07,41.1,41.07,41.1,8395,0
2015-02-13,18:20:00,41.11,41.11,41.02,41.02,8224,0
2015-02-13,18:25:00,41.03,41.05,41.01,41.01,4700,0
2015-02-13,18:30:00,41.0,41.0,40.91,40.91,3677,0
2015-02-13,18:35:00,40.92,40.93,40.87,40.87,10611,0
2015-02-13,18:40:00,40.85,40.92,40.85,40.9,5200,0
2015-02-13,18:45:00,40.91,40.92,40.86,40.88,9231,0
2015-02-13,18:50:00,40.88,40.91,40.85,40.87,8658,0
2015-02-13,18:55:00,40.87,40.92,40.86,40.88,8420,0
2015-02-13,19:00:00,40.89,40.91,40.82,40.84,13023,0
2015-02-13,19:05:00,40.82,40.85,40.81,40.83,3100,0
2015-02-13,19:10:00,40.84,40.85,40.8,40.81,8407,0
2015-02-13,19:15:00,40.81,40.81,40.75,40.75,14097,0
2015-02-13,19:20:00,40.75,40.76,40.73,40.76,4100,0
2015-02-13,19:25:00,40.76,40.76,40.71,40.71,3600,0
2015-02-13,19:30:00,40.71,40.74,40.71,40.74,8314,0
2015-02-13,19:35:00,40.74,40.74,40.71,40.74,5200,0
2015-02-13,19:40:00,40.74,40.78,40.72,40.78,6804,0
2015-02-13,19:45:00,40.78,40.81,40.77,40.77,5470,0
2015-02-13,19:50:00,40.78,40.82,40.78,40.82,2800,0
2015-02-13,19:55:00,40.83,40.85,40.81,40.81,7637,0
2015-02-13,20:00:00,40.8,40.8,40.79,40.79,4863,0
2015-02-13,20:05:00,40.8,40.84,40.8,40.82,3900,0
2015-02-13,20:10:00,40.81,40.85,40.81,40.82,6300,0
2015-02-13,20:15:00,40.82,40.84,40.82,40.84,6356,0
2015-02-13,20:20:00,40.84,40.88,40.83,40.88,5100,0
2015-02-13,20:25:00,40.88,40.94,40.88,40.94,6100,0
2015-02-13,20:30:00,40.96,41.0,40.96,41.0,10123,0
2015-02-13,20:35:00,41.0,41.01,40.98,40.98,5367,0
2015-02-13,20:40:00,40.99,41.02,40.94,40.94,85549,0
2015-02-13,20:45:00,40.95,41.0,40.95,41.0,8994,0
2015-02-13,20:50:00,41.0,41.03,41.0,41.02,5656,0
2015-02-13,20:55:00,41.02,41.03,40.99,41.02,12542,0
2015-02-13,21:00:00,41.04,41.06,41.04,41.06,4883,0
2015-02-13,21:05:00,41.06,41.08,41.05,41.08,11317,0
2015-02-13,21:10:00,41.08,41.13,41.08,41.12,14559,0
2015-02-13,21:15:00,41.11,41.14,41.1,41.12,10926,0
2015-02-13,21:20:00,41.12,41.12,41.1,41.1,6447,0
2015-02-13,21:25:00,41.1,41.12,41.09,41.11,5608,0
2015-02-13,21:30:00,41.12,41.13,41.11,41.12,8763,0
2015-02-13,21:35:00,41.13,41.14,41.12,41.14,9133,0
2015-02-13,21:40:00,41.14,41.17,41.14,41.16,15721,0
2015-02-13,21:45:00,41.16,41.19,41.15,41.18,15059,0
2015-02-13,21:50:00,41.17,41.19,41.13,41.17,27590,0
2015-02-13,21:55:00,41.17,41.2,41.16,41.19,23258,0
2015-02-13,22:00:00,41.19,41.19,41.12,41.14,330747,0
2015-02-17,15:35:00,41.15,41.22,40.95,41.02,17854,0
2015-02-17,15:40:00,41.07,41.19,41.05,41.19,11987,0
2015-02-17,15:45:00,41.19,41.42,41.18,41.38,23481,0
2015-02-17,15:50:00,41.37,41.46,41.31,41.45,11939,0
2015-02-17,15:55:00,41.46,41.55,41.42,41.48,22100,0
2015-02-17,16:00:00,41.47,41.58,41.44,41.57,9801,0
2015-02-17,16:05:00,41.59,41.7,41.57,41.58,18264,0
2015-02-17,16:10:00,41.62,41.69,41.57,41.58,12820,0
2015-02-17,16:15:00,41.58,41.63,41.53,41.62,11958,0
2015-02-17,16:20:00,41.64,41.69,41.6,41.64,15312,0
2015-02-17,16:25:00,41.64,41.64,41.55,41.62,25208,0
2015-02-17,16:30:00,41.59,41.74,41.59,41.74,5400,0
2015-02-17,16:35:00,41.72,41.72,41.65,41.67,17300,0
2015-02-17,16:40:00,41.66,41.71,41.66,41.7,9273,0
2015-02-17,16:45:00,41.71,41.79,41.7,41.79,8382,0
2015-02-17,16:50:00,41.8,41.81,41.69,41.72,9103,0
2015-02-17,16:55:00,41.71,41.71,41.61,41.63,18190,0
2015-02-17,17:00:00,41.6,41.61,41.57,41.57,17188,0
2015-02-17,17:05:00,41.58,41.59,41.56,41.58,8390,0
2015-02-17,17:10:00,41.59,41.69,41.58,41.68,7775,0
2015-02-17,17:15:00,41.69,41.71,41.64,41.66,7123,0
2015-02-17,17:20:00,41.66,41.66,41.59,41.61,8100,0
2015-02-17,17:25:00,41.6,41.67,41.6,41.67,5634,0
2015-02-17,17:30:00,41.67,41.68,41.59,41.63,9813,0
2015-02-17,17:35:00,41.62,41.62,41.56,41.57,12890,0
2015-02-17,17:40:00,41.58,41.58,41.48,41.51,9600,0
2015-02-17,17:45:00,41.51,41.52,41.43,41.45,8400,0
2015-02-17,17:50:00,41.48,41.5,41.44,41.46,8861,0
2015-02-17,17:55:00,41.47,41.47,41.44,41.47,5200,0
2015-02-17,18:00:00,41.47,41.6,41.47,41.57,8712,0
2015-02-17,18:05:00,41.56,41.6,41.49,41.49,5937,0
2015-02-17,18:10:00,41.48,41.59,41.48,41.59,3700,0
2015-02-17,18:15:00,41.59,41.59,41.52,41.52,7002,0
2015-02-17,18:20:00,41.53,41.59,41.53,41.53,5300,0
2015-02-17,18:25:00,41.53,41.58,41.51,41.58,3406,0
2015-02-17,18:30:00,41.57,41.62,41.57,41.62,3400,0
2015-02-17,18:35:00,41.61,41.69,41.61,41.66,8594,0
2015-02-17,18:40:00,41.65,41.65,41.59,41.6,5371,0
2015-02-17,18:45:00,41.61,41.62,41.58,41.62,7142,0
2015-02-17,18:50:00,41.62,41.69,41.61,41.67,10458,0
2015-02-17,18:55:00,41.67,41.75,41.66,41.72,12399,0
2015-02-17,19:00:00,41.72,41.73,41.7,41.73,3268,0
2015-02-17,19:05:00,41.72,41.73,41.7,41.73,4373,0
2015-02-17,19:10:00,41.73,41.74,41.66,41.68,6386,0
2015-02-17,19:15:00,41.67,41.68,41.58,41.62,11088,0
2015-02-17,19:20:00,41.62,41.62,41.55,41.59,3500,0
2015-02-17,19:25:00,41.56,41.56,41.48,41.49,10695,0
2015-02-17,19:30:00,41.49,41.51,41.46,41.46,4820,0
2015-02-17,19:35:00,41.45,41.47,41.41,41.44,14187,0
2015-02-17,19:40:00,41.43,41.47,41.43,41.47,5952,0
2015-02-17,19:45:00,41.45,41.49,41.45,41.48,7150,0
2015-02-17,19:50:00,41.48,41.54,41.47,41.48,8818,0
2015-02-17,19:55:00,41.48,41.5,41.45,41.45,7640,0
2015-02-17,20:00:00,41.44,41.49,41.41,41.49,7534,0
2015-02-17,20:05:00,41.47,41.5,41.46,41.48,4000,0
2015-02-17,20:10:00,41.48,41.52,41.48,41.51,8054,0
2015-02-17,20:15:00,41.51,41.51,41.47,41.47,3600,0
2015-02-17,20:20:00,41.47,41.54,41.47,41.54,8566,0
2015-02-17,20:25:00,41.53,41.53,41.45,41.45,7000,0
2015-02-17,20:30:00,41.46,41.48,41.41,41.45,10141,0
2015-02-17,20:35:00,41.45,41.46,41.39,41.43,5180,0
2015-02-17,20:40:00,41.42,41.46,41.41,41.41,7700,0
2015-02-17,20:45:00,41.4,41.43,41.4,41.42,2859,0
2015-02-17,20:50:00,41.41,41.43,41.4,41.43,44759,0
2015-02-17,20:55:00,41.43,41.43,41.35,41.35,12315,0
2015-02-17,21:00:00,41.35,41.35,41.26,41.3,9886,0
2015-02-17,21:05:00,41.31,41.34,41.29,41.3,92885,0
2015-02-17,21:10:00,41.31,41.36,41.3,41.36,11917,0
2015-02-17,21:15:00,41.36,41.38,41.33,41.35,11332,0
2015-02-17,21:20:00,41.36,41.37,41.29,41.29,14584,0
2015-02-17,21:25:00,41.28,41.31,41.25,41.31,36614,0
2015-02-17,21:30:00,41.3,41.32,41.26,41.27,11464,0
2015-02-17,21:35:00,41.26,41.31,41.24,41.29,14501,0
2015-02-17,21:40:00,41.29,41.32,41.27,41.29,9500,0
2015-02-17,21:45:00,41.3,41.32,41.26,41.31,16983,0
2015-02-17,21:50:00,41.29,41.35,41.28,41.35,76513,0
2015-02-17,21:55:00,41.36,41.41,41.34,41.4,27857,0
2015-02-17,22:00:00,41.4,41.44,41.39,41.39,269470,0
2015-02-18,15:35:00,41.39,41.49,41.27,41.49,103085,0
2015-02-18,15:40:00,41.44,41.44,41.17,41.17,4200,0
2015-02-18,15:45:00,41.06,41.09,40.94,40.94,3167,0
2015-02-18,15:50:00,40.93,40.96,40.87,40.9,7016,0
2015-02-18,15:55:00,40.89,40.94,40.89,40.92,11707,0
2015-02-18,16:00:00,40.92,40.97,40.88,40.96,17449,0
2015-02-18,16:05:00,40.96,40.97,40.87,40.96,19049,0
2015-02-18,16:10:00,40.97,41.09,40.97,41.06,10683,0
2015-02-18,16:15:00,41.07,41.07,40.98,41.05,9615,0
2015-02-18,16:20:00,41.04,41.1,41.01,41.08,6626,0
2015-02-18,16:25:00,41.07,41.07,40.99,40.99,9817,0
2015-02-18,16:30:00,40.98,41,40.9,40.99,9676,0
2015-02-18,16:35:00,40.98,41.02,40.97,41,7704,0
2015-02-18,16:40:00,41.02,41.04,41,41.02,9727,0
2015-02-18,16:45:00,41.01,41.02,40.98,41.02,19412,0
2015-02-18,16:50:00,41.03,41.05,40.98,41.05,11164,0
2015-02-18,16:55:00,41.06,41.09,41.06,41.07,7602,0
2015-02-18,17:00:00,41.06,41.1,41.06,41.08,5908,0
2015-02-18,17:05:00,41.07,41.08,41.01,41.03,8319,0
2015-02-18,17:10:00,41.02,41.07,41.02,41.05,6141,0
2015-02-18,17:15:00,41.05,41.07,41.03,41.04,6140,0
2015-02-18,17:20:00,41.05,41.09,41.05,41.09,5134,0
2015-02-18,17:25:00,41.09,41.1,41.07,41.07,7545,0
2015-02-18,17:30:00,41.07,41.12,41.05,41.12,7935,0
2015-02-18,17:35:00,41.13,41.13,41.08,41.1,11249,0
2015-02-18,17:40:00,41.11,41.17,41.1,41.17,6074,0
2015-02-18,17:45:00,41.18,41.19,41.14,41.16,6395,0
2015-02-18,17:50:00,41.16,41.17,41.14,41.17,11491,0
2015-02-18,17:55:00,41.16,41.22,41.16,41.22,2700,0
2015-02-18,18:00:00,41.21,41.21,41.19,41.2,3299,0
2015-02-18,18:05:00,41.2,41.27,41.2,41.25,12019,0
2015-02-18,18:10:00,41.25,41.25,41.19,41.21,8086,0
2015-02-18,18:15:00,41.2,41.23,41.2,41.2,4847,0
2015-02-18,18:20:00,41.2,41.24,41.19,41.24,4229,0
2015-02-18,18:25:00,41.24,41.24,41.18,41.18,5282,0
2015-02-18,18:30:00,41.2,41.26,41.2,41.26,4102,0
2015-02-18,18:35:00,41.24,41.27,41.17,41.17,6286,0
2015-02-18,18:40:00,41.17,41.19,41.13,41.15,5384,0
2015-02-18,18:45:00,41.13,41.2,41.13,41.17,10876,0
2015-02-18,18:50:00,41.19,41.25,41.19,41.23,5096,0
2015-02-18,18:55:00,41.23,41.26,41.21,41.21,5693,0
2015-02-18,19:00:00,41.18,41.19,41.16,41.19,4430,0
2015-02-18,19:05:00,41.2,41.24,41.2,41.23,9600,0
2015-02-18,19:10:00,41.23,41.23,41.21,41.21,7531,0
2015-02-18,19:15:00,41.22,41.29,41.22,41.29,16444,0
2015-02-18,19:20:00,41.3,41.33,41.27,41.31,12422,0
2015-02-18,19:25:00,41.31,41.31,41.28,41.3,13617,0
2015-02-18,19:30:00,41.29,41.3,41.27,41.29,10654,0
2015-02-18,19:35:00,41.29,41.29,41.19,41.19,8060,0
2015-02-18,19:40:00,41.17,41.18,41.1,41.11,10268,0
2015-02-18,19:45:00,41.11,41.12,41.1,41.11,7753,0
2015-02-18,19:50:00,41.11,41.15,41.11,41.13,17037,0
2015-02-18,19:55:00,41.13,41.17,41.13,41.17,10360,0
2015-02-18,20:00:00,41.16,41.16,41.13,41.14,15106,0
2015-02-18,20:05:00,41.14,41.35,41.14,41.35,34799,0
2015-02-18,20:10:00,41.37,41.43,41.34,41.43,17528,0
2015-02-18,20:15:00,41.44,41.55,41.42,41.51,10864,0
2015-02-18,20:20:00,41.5,41.54,41.48,41.5,12201,0
2015-02-18,20:25:00,41.51,41.51,41.44,41.5,18651,0
2015-02-18,20:30:00,41.5,41.51,41.43,41.45,12094,0
2015-02-18,20:35:00,41.46,41.54,41.45,41.54,17247,0
2015-02-18,20:40:00,41.53,41.54,41.49,41.54,15396,0
2015-02-18,20:45:00,41.55,41.56,41.49,41.52,13332,0
2015-02-18,20:50:00,41.52,41.59,41.52,41.57,16400,0
2015-02-18,20:55:00,41.56,41.57,41.55,41.56,13145,0
2015-02-18,21:00:00,41.56,41.59,41.53,41.56,16306,0
2015-02-18,21:05:00,41.57,41.6,41.55,41.57,16703,0
2015-02-18,21:10:00,41.58,41.63,41.57,41.61,13914,0
2015-02-18,21:15:00,41.6,41.6,41.52,41.54,31903,0
2015-02-18,21:20:00,41.54,41.54,41.49,41.52,18210,0
2015-02-18,21:25:00,41.5,41.53,41.49,41.5,8949,0
2015-02-18,21:30:00,41.49,41.55,41.48,41.53,30800,0
2015-02-18,21:35:00,41.53,41.59,41.53,41.56,33022,0
2015-02-18,21:40:00,41.56,41.63,41.56,41.6,32553,0
2015-02-18,21:45:00,41.59,41.61,41.58,41.59,32857,0
2015-02-18,21:50:00,41.59,41.6,41.5,41.53,39333,0
2015-02-18,21:55:00,41.53,41.57,41.53,41.55,38351,0
2015-02-18,22:00:00,41.55,41.56,41.51,41.54,292664,0
2015-02-19,15:35:00,40.7,40.99,40.16,40.44,41282,0
2015-02-19,15:40:00,40.44,40.44,39.65,39.98,252471,0
2015-02-19,15:45:00,39.99,40.06,39.85,39.85,86713,0
2015-02-19,15:50:00,39.85,39.9,39.56,39.65,94531,0
2015-02-19,15:55:00,39.64,39.74,39.59,39.6,58601,0
2015-02-19,16:00:00,39.6,39.99,39.6,39.87,103203,0
2015-02-19,16:05:00,39.86,40,39.76,40,51878,0
2015-02-19,16:10:00,40,40,39.83,39.83,62481,0
2015-02-19,16:15:00,39.83,39.89,39.73,39.82,45488,0
2015-02-19,16:20:00,39.82,39.84,39.47,39.61,58353,0
2015-02-19,16:25:00,39.64,39.7,39.59,39.63,25730,0
2015-02-19,16:30:00,39.62,39.73,39.6,39.63,24639,0
2015-02-19,16:35:00,39.64,39.76,39.64,39.75,31223,0
2015-02-19,16:40:00,39.75,39.82,39.75,39.8,17330,0
2015-02-19,16:45:00,39.8,39.82,39.66,39.69,28130,0
2015-02-19,16:50:00,39.7,39.74,39.67,39.67,39613,0
2015-02-19,16:55:00,39.68,39.71,39.56,39.56,45976,0
2015-02-19,17:00:00,39.56,39.71,39.56,39.7,38019,0
2015-02-19,17:05:00,39.72,39.77,39.63,39.75,49771,0
2015-02-19,17:10:00,39.75,39.78,39.71,39.76,31444,0
2015-02-19,17:15:00,39.75,39.81,39.74,39.8,23967,0
2015-02-19,17:20:00,39.8,39.94,39.79,39.87,19177,0
2015-02-19,17:25:00,39.87,39.93,39.87,39.88,74944,0
2015-02-19,17:30:00,39.87,39.88,39.79,39.83,43275,0
2015-02-19,17:35:00,39.81,39.83,39.74,39.78,17271,0
2015-02-19,17:40:00,39.77,39.86,39.75,39.82,66544,0
2015-02-19,17:45:00,39.83,39.84,39.8,39.84,17788,0
2015-02-19,17:50:00,39.85,39.87,39.82,39.84,16897,0
2015-02-19,17:55:00,39.85,39.86,39.84,39.86,24950,0
2015-02-19,18:00:00,39.85,39.88,39.83,39.86,14198,0
2015-02-19,18:05:00,39.85,39.88,39.84,39.84,17759,0
2015-02-19,18:10:00,39.84,39.91,39.84,39.88,19548,0
2015-02-19,18:15:00,39.89,39.89,39.76,39.78,28705,0
2015-02-19,18:20:00,39.76,39.78,39.69,39.74,50337,0
2015-02-19,18:25:00,39.75,39.79,39.56,39.6,21610,0
2015-02-19,18:30:00,39.59,39.6,39.33,39.39,57939,0
2015-02-19,18:35:00,39.41,39.44,39.33,39.33,16800,0
2015-02-19,18:40:00,39.31,39.38,39.28,39.34,15699,0
2015-02-19,18:45:00,39.36,39.36,39.05,39.1,49034,0
2015-02-19,18:50:00,39.09,39.09,38.9,38.9,34223,0
2015-02-19,18:55:00,38.9,38.95,38.78,38.78,85915,0
2015-02-19,19:00:00,38.77,39.02,38.75,38.9,57115,0
2015-02-19,19:05:00,38.95,38.97,38.81,38.84,26210,0
2015-02-19,19:10:00,38.85,38.86,38.66,38.67,29211,0
2015-02-19,19:15:00,38.69,38.72,38.64,38.67,19169,0
2015-02-19,19:20:00,38.67,38.93,38.67,38.92,52180,0
2015-02-19,19:25:00,38.93,39.11,38.92,38.97,72023,0
2015-02-19,19:30:00,38.98,39.04,38.91,38.99,60536,0
2015-02-19,19:35:00,38.99,39.18,38.95,39.18,85607,0
2015-02-19,19:40:00,39.18,39.24,39.13,39.2,23144,0
2015-02-19,19:45:00,39.19,39.2,38.91,39,85091,0
2015-02-19,19:50:00,39,39.05,38.96,39.04,21513,0
2015-02-19,19:55:00,39.04,39.26,39.04,39.26,38715,0
2015-02-19,20:00:00,39.26,39.28,39.22,39.25,11443,0
2015-02-19,20:05:00,39.22,39.23,38.97,39.01,39670,0
2015-02-19,20:10:00,39.01,39.04,38.97,39.02,18044,0
2015-02-19,20:15:00,39,39.1,39,39.01,14823,0
2015-02-19,20:20:00,39.02,39.05,38.97,38.98,14429,0
2015-02-19,20:25:00,38.99,39,38.96,38.96,21667,0
2015-02-19,20:30:00,38.95,38.99,38.93,38.99,16420,0
2015-02-19,20:35:00,38.99,39.07,38.99,39.06,26924,0
2015-02-19,20:40:00,39.07,39.07,38.9,38.93,18681,0
2015-02-19,20:45:00,38.92,39.1,38.92,39.1,133799,0
2015-02-19,20:50:00,39.1,39.14,39.05,39.13,23748,0
2015-02-19,20:55:00,39.13,39.24,39.11,39.24,15639,0
2015-02-19,21:00:00,39.25,39.29,38.97,39,38345,0
2015-02-19,21:05:00,38.99,39.03,38.98,39.02,42884,0
2015-02-19,21:10:00,39.02,39.07,39,39.04,59120,0
2015-02-19,21:15:00,39.04,39.21,39.04,39.15,81866,0
2015-02-19,21:20:00,39.15,39.15,39.06,39.15,18770,0
2015-02-19,21:25:00,39.13,39.15,39.08,39.12,21199,0
2015-02-19,21:30:00,39.12,39.28,39.12,39.26,33308,0
2015-02-19,21:35:00,39.25,39.36,39.24,39.31,65101,0
2015-02-19,21:40:00,39.3,39.39,39.28,39.33,53612,0
2015-02-19,21:45:00,39.33,39.38,39.24,39.34,46043,0
2015-02-19,21:50:00,39.36,39.36,39.28,39.32,38238,0
2015-02-19,21:55:00,39.31,39.33,39.25,39.32,51291,0
2015-02-19,22:00:00,39.32,39.39,39.31,39.36,289313,0
2015-02-20,15:35:00,39.34,39.34,39.04,39.3,18401,0
2015-02-20,15:40:00,39.25,39.37,39.01,39.03,15262,0
2015-02-20,15:45:00,39.05,39.19,38.99,39.1,12652,0
2015-02-20,15:50:00,39.16,39.36,39.16,39.16,18859,0
2015-02-20,15:55:00,39.16,39.28,39.15,39.19,25954,0
2015-02-20,16:00:00,39.16,39.19,39.06,39.08,24563,0
2015-02-20,16:05:00,39.07,39.21,39.04,39.21,8356,0
2015-02-20,16:10:00,39.21,39.22,39.06,39.07,10658,0
2015-02-20,16:15:00,39.06,39.09,39,39.09,11767,0
2015-02-20,16:20:00,39.11,39.13,39.02,39.02,13209,0
2015-02-20,16:25:00,39.03,39.1,38.97,39.1,42330,0
2015-02-20,16:30:00,39.12,39.15,39.12,39.13,13998,0
2015-02-20,16:35:00,39.12,39.13,39.1,39.13,6834,0
2015-02-20,16:40:00,39.14,39.3,39.05,39.3,16137,0
2015-02-20,16:45:00,39.29,39.3,39.23,39.23,6345,0
2015-02-20,16:50:00,39.24,39.35,39.24,39.32,13226,0
2015-02-20,16:55:00,39.31,39.32,39.24,39.3,15174,0
2015-02-20,17:00:00,39.31,39.32,39.29,39.29,9000,0
2015-02-20,17:05:00,39.29,39.33,39.28,39.29,9343,0
2015-02-20,17:10:00,39.29,39.29,39.19,39.2,8300,0
2015-02-20,17:15:00,39.2,39.22,39.17,39.17,5584,0
2015-02-20,17:20:00,39.17,39.17,39.13,39.14,5700,0
2015-02-20,17:25:00,39.14,39.14,39.06,39.09,9425,0
2015-02-20,17:30:00,39.1,39.11,39.06,39.08,6400,0
2015-02-20,17:35:00,39.09,39.21,39.09,39.21,24411,0
2015-02-20,17:40:00,39.22,39.24,39.2,39.21,7350,0
2015-02-20,17:45:00,39.22,39.24,39.21,39.22,10030,0
2015-02-20,17:50:00,39.21,39.22,39.17,39.21,119207,0
2015-02-20,17:55:00,39.21,39.21,39.11,39.13,11167,0
2015-02-20,18:00:00,39.13,39.13,39.1,39.13,6508,0
2015-02-20,18:05:00,39.14,39.18,39.13,39.18,19981,0
2015-02-20,18:10:00,39.19,39.25,39.19,39.23,9127,0
2015-02-20,18:15:00,39.23,39.23,39.17,39.18,6080,0
2015-02-20,18:20:00,39.19,39.24,39.19,39.22,9070,0
2015-02-20,18:25:00,39.24,39.24,39.21,39.21,8352,0
2015-02-20,18:30:00,39.21,39.31,39.19,39.28,4300,0
2015-02-20,18:35:00,39.27,39.28,39.24,39.24,7116,0
2015-02-20,18:40:00,39.24,39.29,39.16,39.17,143917,0
2015-02-20,18:45:00,39.17,39.21,39.14,39.15,32559,0
2015-02-20,18:50:00,39.16,39.17,39.14,39.15,8028,0
2015-02-20,18:55:00,39.15,39.19,39.14,39.19,7500,0
2015-02-20,19:00:00,39.19,39.19,39.13,39.14,22472,0
2015-02-20,19:05:00,39.13,39.15,39.11,39.11,5200,0
2015-02-20,19:10:00,39.11,39.12,39.1,39.1,8300,0
2015-02-20,19:15:00,39.11,39.15,39.1,39.13,34526,0
2015-02-20,19:20:00,39.11,39.12,39.05,39.08,22895,0
2015-02-20,19:25:00,39.09,39.12,39.08,39.09,25279,0
2015-02-20,19:30:00,39.11,39.12,39.09,39.09,18136,0
2015-02-20,19:35:00,39.1,39.2,39.1,39.18,11500,0
2015-02-20,19:40:00,39.19,39.22,39.16,39.22,26914,0
2015-02-20,19:45:00,39.23,39.23,39.15,39.16,10000,0
2015-02-20,19:50:00,39.15,39.2,39.13,39.2,15800,0
2015-02-20,19:55:00,39.2,39.21,39.16,39.18,11436,0
2015-02-20,20:00:00,39.16,39.27,39.15,39.26,23182,0
2015-02-20,20:05:00,39.25,39.31,39.25,39.31,51700,0
2015-02-20,20:10:00,39.32,39.39,39.32,39.35,40101,0
2015-02-20,20:15:00,39.36,39.37,39.33,39.34,8818,0
2015-02-20,20:20:00,39.33,39.39,39.33,39.39,7600,0
2015-02-20,20:25:00,39.38,39.42,39.38,39.42,10300,0
2015-02-20,20:30:00,39.42,39.42,39.38,39.38,8357,0
2015-02-20,20:35:00,39.39,39.39,39.36,39.38,9087,0
2015-02-20,20:40:00,39.37,39.39,39.35,39.36,23101,0
2015-02-20,20:45:00,39.35,39.36,39.31,39.31,9453,0
2015-02-20,20:50:00,39.3,39.3,39.28,39.3,3828,0
2015-02-20,20:55:00,39.3,39.31,39.27,39.29,10600,0
2015-02-20,21:00:00,39.29,39.3,39.26,39.3,15645,0
2015-02-20,21:05:00,39.3,39.36,39.3,39.31,14481,0
2015-02-20,21:10:00,39.31,39.37,39.3,39.36,16603,0
2015-02-20,21:15:00,39.36,39.39,39.32,39.32,19836,0
2015-02-20,21:20:00,39.32,39.32,39.27,39.28,12516,0
2015-02-20,21:25:00,39.28,39.3,39.28,39.29,7598,0
2015-02-20,21:30:00,39.29,39.29,39.26,39.27,25930,0
2015-02-20,21:35:00,39.27,39.31,39.24,39.3,24765,0
2015-02-20,21:40:00,39.29,39.43,39.29,39.4,28902,0
2015-02-20,21:45:00,39.4,39.4,39.31,39.36,38180,0
2015-02-20,21:50:00,39.36,39.43,39.36,39.4,53854,0
2015-02-20,21:55:00,39.4,39.46,39.39,39.46,41664,0
2015-02-20,22:00:00,39.46,39.51,39.46,39.49,631196,0
2015-02-23,15:35:00,39.49,39.65,39.44,39.56,20674,0
2015-02-23,15:40:00,39.53,39.8,39.52,39.69,15427,0
2015-02-23,15:45:00,39.7,39.87,39.68,39.69,16944,0
2015-02-23,15:50:00,39.69,39.71,39.43,39.47,22265,0
2015-02-23,15:55:00,39.46,39.47,39.38,39.41,15149,0
2015-02-23,16:00:00,39.38,39.4,39.18,39.22,24930,0
2015-02-23,16:05:00,39.15,39.27,39.13,39.27,11198,0
2015-02-23,16:10:00,39.3,39.33,39.14,39.22,8496,0
2015-02-23,16:15:00,39.24,39.3,39.22,39.3,7000,0
2015-02-23,16:20:00,39.31,39.35,39.28,39.29,6350,0
2015-02-23,16:25:00,39.28,39.31,39.22,39.27,13284,0
2015-02-23,16:30:00,39.28,39.28,39.14,39.14,12820,0
2015-02-23,16:35:00,39.13,39.14,39.09,39.11,21089,0
2015-02-23,16:40:00,39.14,39.14,39.08,39.08,13741,0
2015-02-23,16:45:00,39.07,39.08,39.04,39.05,16293,0
2015-02-23,16:50:00,39.04,39.06,39.02,39.04,13080,0
2015-02-23,16:55:00,39.04,39.05,39.02,39.02,20388,0
2015-02-23,17:00:00,39.01,39.05,39,39.03,8127,0
2015-02-23,17:05:00,39.04,39.18,39.04,39.17,11248,0
2015-02-23,17:10:00,39.16,39.2,39.16,39.19,5107,0
2015-02-23,17:15:00,39.2,39.28,39.19,39.28,10559,0
2015-02-23,17:20:00,39.28,39.33,39.28,39.29,16198,0
2015-02-23,17:25:00,39.29,39.29,39.25,39.25,8610,0
2015-02-23,17:30:00,39.25,39.26,39.21,39.21,8548,0
2015-02-23,17:35:00,39.2,39.2,39.17,39.19,8371,0
2015-02-23,17:40:00,39.22,39.29,39.22,39.26,3800,0
2015-02-23,17:45:00,39.26,39.32,39.26,39.29,5100,0
2015-02-23,17:50:00,39.28,39.28,39.24,39.24,3970,0
2015-02-23,17:55:00,39.23,39.23,39.21,39.21,3800,0
2015-02-23,18:00:00,39.22,39.23,39.19,39.2,7387,0
2015-02-23,18:05:00,39.2,39.28,39.2,39.24,9273,0
2015-02-23,18:10:00,39.23,39.26,39.22,39.25,10066,0
2015-02-23,18:15:00,39.25,39.3,39.25,39.29,13307,0
2015-02-23,18:20:00,39.29,39.36,39.29,39.36,8603,0
2015-02-23,18:25:00,39.35,39.35,39.3,39.3,4166,0
2015-02-23,18:30:00,39.29,39.31,39.2,39.21,38737,0
2015-02-23,18:35:00,39.21,39.22,39.16,39.16,18629,0
2015-02-23,18:40:00,39.17,39.18,39.11,39.11,15050,0
2015-02-23,18:45:00,39.11,39.13,39.08,39.08,8888,0
2015-02-23,18:50:00,39.07,39.1,39.05,39.09,4800,0
2015-02-23,18:55:00,39.09,39.09,39.07,39.09,4801,0
2015-02-23,19:00:00,39.09,39.11,39.09,39.11,6400,0
2015-02-23,19:05:00,39.1,39.15,39.09,39.15,6918,0
2015-02-23,19:10:00,39.15,39.27,39.15,39.27,62300,0
2015-02-23,19:15:00,39.29,39.39,39.29,39.38,26500,0
2015-02-23,19:20:00,39.39,39.45,39.39,39.42,18392,0
2015-02-23,19:25:00,39.42,39.42,39.35,39.37,12864,0
2015-02-23,19:30:00,39.36,39.4,39.36,39.38,3115,0
2015-02-23,19:35:00,39.38,39.39,39.34,39.39,19141,0
2015-02-23,19:40:00,39.38,39.41,39.35,39.41,26189,0
2015-02-23,19:45:00,39.41,39.45,39.4,39.45,70603,0
2015-02-23,19:50:00,39.43,39.46,39.42,39.42,45074,0
2015-02-23,19:55:00,39.42,39.45,39.39,39.39,10936,0
2015-02-23,20:00:00,39.39,39.45,39.36,39.44,22157,0
2015-02-23,20:05:00,39.45,39.52,39.45,39.52,10223,0
2015-02-23,20:10:00,39.52,39.64,39.52,39.64,9830,0
2015-02-23,20:15:00,39.63,39.64,39.53,39.53,8238,0
2015-02-23,20:20:00,39.53,39.57,39.52,39.57,9387,0
2015-02-23,20:25:00,39.57,39.62,39.57,39.58,10554,0
2015-02-23,20:30:00,39.58,39.6,39.54,39.55,10100,0
2015-02-23,20:35:00,39.55,39.58,39.54,39.56,6511,0
2015-02-23,20:40:00,39.56,39.56,39.51,39.53,13167,0
2015-02-23,20:45:00,39.51,39.55,39.5,39.55,8179,0
2015-02-23,20:50:00,39.55,39.57,39.51,39.52,8236,0
2015-02-23,20:55:00,39.52,39.53,39.45,39.46,12106,0
2015-02-23,21:00:00,39.46,39.46,39.42,39.44,17364,0
2015-02-23,21:05:00,39.46,39.52,39.46,39.5,11956,0
2015-02-23,21:10:00,39.5,39.53,39.49,39.49,10703,0
2015-02-23,21:15:00,39.5,39.53,39.46,39.51,8342,0
2015-02-23,21:20:00,39.5,39.54,39.5,39.53,11791,0
2015-02-23,21:25:00,39.53,39.53,39.49,39.51,23357,0
2015-02-23,21:30:00,39.51,39.52,39.5,39.5,10492,0
2015-02-23,21:35:00,39.5,39.56,39.5,39.54,17506,0
2015-02-23,21:40:00,39.53,39.55,39.5,39.55,30655,0
2015-02-23,21:45:00,39.54,39.54,39.51,39.52,22121,0
2015-02-23,21:50:00,39.53,39.64,39.53,39.6,30632,0
2015-02-23,21:55:00,39.61,39.69,39.61,39.66,54800,0
2015-02-23,22:00:00,39.66,39.78,39.65,39.77,453089,0
