Date,Time,Open,High,Low,Close,Volume,OpenInt
2015-01-30,21:35:00,6.67,6.67,6.65,6.65,666,0
2015-01-30,21:40:00,6.65,6.65,6.6,6.6,1200,0
2015-01-30,21:45:00,6.62,6.63,6.62,6.62,2909,0
2015-01-30,21:50:00,6.62,6.66,6.62,6.66,1590,0
2015-01-30,21:55:00,6.65,6.72,6.64,6.64,17954,0
2015-01-30,22:00:00,6.64,6.65,6.62,6.62,51750,0
2015-02-02,15:35:00,6.68,6.68,6.64,6.64,1000,0
2015-02-02,15:40:00,6.65,6.65,6.61,6.61,300,0
2015-02-02,15:45:00,6.64,6.64,6.55,6.55,2736,0
2015-02-02,15:50:00,6.55,6.55,6.55,6.55,400,0
2015-02-02,15:55:00,6.55,6.56,6.52,6.56,500,0
2015-02-02,16:00:00,6.52,6.52,6.5,6.5,500,0
2015-02-02,16:05:00,6.5,6.51,6.48,6.48,400,0
2015-02-02,16:10:00,6.48,6.52,6.45,6.52,6500,0
2015-02-02,16:15:00,6.53,6.53,6.52,6.52,500,0
2015-02-02,16:20:00,6.52,6.52,6.52,6.52,400,0
2015-02-02,16:25:00,6.53,6.57,6.53,6.57,900,0
2015-02-02,16:30:00,6.57,6.58,6.57,6.58,300,0
2015-02-02,16:35:00,6.57,6.57,6.54,6.54,1000,0
2015-02-02,16:40:00,6.53,6.55,6.53,6.55,1100,0
2015-02-02,16:45:00,6.58,6.58,6.58,6.58,300,0
2015-02-02,16:50:00,6.58,6.58,6.52,6.52,700,0
2015-02-02,16:55:00,6.55,6.55,6.55,6.55,300,0
2015-02-02,17:00:00,6.56,6.56,6.54,6.55,2000,0
2015-02-02,17:05:00,6.53,6.53,6.52,6.53,400,0
2015-02-02,17:10:00,6.53,6.63,6.53,6.6,2400,0
2015-02-02,17:15:00,6.6,6.6,6.59,6.59,1800,0
2015-02-02,17:20:00,6.59,6.6,6.59,6.6,300,0
2015-02-02,17:25:00,6.6,6.61,6.6,6.6,4060,0
2015-02-02,17:30:00,6.6,6.63,6.6,6.6,6552,0
2015-02-02,17:35:00,6.63,6.65,6.62,6.65,800,0
2015-02-02,17:40:00,6.65,6.66,6.65,6.65,4700,0
2015-02-02,17:45:00,6.65,6.65,6.65,6.65,800,0
2015-02-02,17:50:00,6.69,6.69,6.69,6.69,100,0
2015-02-02,18:00:00,6.66,6.67,6.66,6.66,600,0
2015-02-02,18:05:00,6.63,6.63,6.62,6.62,500,0
2015-02-02,18:10:00,6.61,6.61,6.59,6.59,900,0
2015-02-02,18:25:00,6.61,6.61,6.61,6.61,100,0
2015-02-02,18:30:00,6.59,6.59,6.59,6.59,800,0
2015-02-02,18:35:00,6.59,6.6,6.59,6.6,600,0
2015-02-02,18:40:00,6.6,6.61,6.6,6.6,675,0
2015-02-02,18:45:00,6.6,6.62,6.59,6.59,305,0
2015-02-02,18:50:00,6.59,6.61,6.59,6.61,1200,0
2015-02-02,18:55:00,6.62,6.62,6.6,6.6,800,0
2015-02-02,19:00:00,6.62,6.62,6.6,6.6,800,0
2015-02-02,19:05:00,6.6,6.6,6.6,6.6,500,0
2015-02-02,19:10:00,6.6,6.61,6.6,6.6,700,0
2015-02-02,19:15:00,6.6,6.6,6.6,6.6,100,0
2015-02-02,19:25:00,6.61,6.61,6.59,6.59,1000,0
2015-02-02,19:30:00,6.59,6.59,6.59,6.59,401,0
2015-02-02,19:35:00,6.59,6.59,6.58,6.58,400,0
2015-02-02,19:40:00,6.59,6.61,6.58,6.61,600,0
2015-02-02,19:45:00,6.59,6.59,6.59,6.59,400,0
2015-02-02,19:50:00,6.61,6.61,6.61,6.61,200,0
2015-02-02,19:55:00,6.59,6.62,6.59,6.62,8225,0
2015-02-02,20:05:00,6.63,6.64,6.62,6.64,900,0
2015-02-02,20:10:00,6.64,6.68,6.64,6.64,3000,0
2015-02-02,20:15:00,6.67,6.67,6.65,6.67,1100,0
2015-02-02,20:20:00,6.65,6.68,6.65,6.67,2300,0
2015-02-02,20:25:00,6.65,6.74,6.65,6.74,5316,0
2015-02-02,20:30:00,6.75,6.75,6.74,6.75,1900,0
2015-02-02,20:35:00,6.75,6.75,6.7,6.71,8700,0
2015-02-02,20:40:00,6.72,6.74,6.72,6.73,400,0
2015-02-02,20:45:00,6.73,6.76,6.73,6.76,1100,0
2015-02-02,20:50:00,6.75,6.77,6.75,6.75,3500,0
2015-02-02,20:55:00,6.76,6.76,6.75,6.75,2100,0
2015-02-02,21:00:00,6.76,6.76,6.74,6.76,4600,0
2015-02-02,21:05:00,6.77,6.77,6.76,6.77,1570,0
2015-02-02,21:10:00,6.77,6.78,6.77,6.78,1500,0
2015-02-02,21:15:00,6.78,6.82,6.78,6.82,1895,0
2015-02-02,21:20:00,6.82,6.82,6.8,6.81,1300,0
2015-02-02,21:25:00,6.8,6.83,6.79,6.83,7300,0
2015-02-02,21:30:00,6.83,6.84,6.83,6.83,12206,0
2015-02-02,21:35:00,6.83,6.85,6.83,6.85,2900,0
2015-02-02,21:40:00,6.84,6.86,6.83,6.83,5300,0
2015-02-02,21:45:00,6.85,6.85,6.83,6.83,3000,0
2015-02-02,21:50:00,6.84,6.88,6.83,6.88,5661,0
2015-02-02,21:55:00,6.86,6.88,6.86,6.88,3600,0
2015-02-02,22:00:00,6.88,6.88,6.86,6.86,15766,0
2015-02-03,15:35:00,6.86,6.86,6.86,6.86,30222,0
2015-02-03,15:40:00,6.9,6.9,6.89,6.89,1100,0
2015-02-03,15:45:00,6.9,6.9,6.9,6.9,300,0
2015-02-03,15:55:00,6.95,6.95,6.89,6.89,400,0
2015-02-03,16:00:00,6.92,6.94,6.9,6.9,3084,0
2015-02-03,16:05:00,6.92,6.92,6.87,6.87,5100,0
2015-02-03,16:15:00,6.86,6.86,6.85,6.85,600,0
2015-02-03,16:20:00,6.84,6.84,6.84,6.84,100,0
2015-02-03,16:25:00,6.83,6.83,6.79,6.79,1574,0
2015-02-03,16:30:00,6.81,6.82,6.79,6.79,1446,0
2015-02-03,16:35:00,6.81,6.81,6.81,6.81,100,0
2015-02-03,16:45:00,6.78,6.78,6.78,6.78,600,0
2015-02-03,16:50:00,6.76,6.78,6.76,6.78,557,0
2015-02-03,16:55:00,6.8,6.8,6.8,6.8,1500,0
2015-02-03,17:05:00,6.77,6.78,6.77,6.78,2200,0
2015-02-03,17:10:00,6.78,6.78,6.77,6.77,900,0
2015-02-03,17:15:00,6.75,6.78,6.75,6.76,400,0
2015-02-03,17:20:00,6.79,6.81,6.78,6.81,800,0
2015-02-03,17:25:00,6.79,6.8,6.79,6.8,500,0
2015-02-03,17:30:00,6.81,6.81,6.79,6.79,300,0
2015-02-03,17:35:00,6.8,6.8,6.78,6.78,12500,0
2015-02-03,17:45:00,6.78,6.78,6.74,6.74,18600,0
2015-02-03,17:50:00,6.74,6.74,6.69,6.69,1000,0
2015-02-03,17:55:00,6.7,6.71,6.7,6.71,500,0
2015-02-03,18:00:00,6.69,6.69,6.69,6.69,1200,0
2015-02-03,18:10:00,6.63,6.66,6.63,6.65,1000,0
2015-02-03,18:15:00,6.65,6.65,6.64,6.64,8600,0
2015-02-03,18:20:00,6.66,6.66,6.64,6.64,5833,0
2015-02-03,18:25:00,6.64,6.64,6.64,6.64,700,0
2015-02-03,18:30:00,6.62,6.62,6.62,6.62,100,0
2015-02-03,18:35:00,6.61,6.61,6.61,6.61,200,0
2015-02-03,18:40:00,6.61,6.61,6.61,6.61,500,0
2015-02-03,18:45:00,6.62,6.62,6.55,6.6,47048,0
2015-02-03,18:50:00,6.59,6.6,6.59,6.59,500,0
2015-02-03,18:55:00,6.57,6.61,6.57,6.61,2900,0
2015-02-03,19:00:00,6.61,6.63,6.61,6.63,600,0
2015-02-03,19:05:00,6.62,6.62,6.62,6.62,100,0
2015-02-03,19:10:00,6.64,6.67,6.64,6.66,12600,0
2015-02-03,19:15:00,6.66,6.66,6.66,6.66,200,0
2015-02-03,19:25:00,6.68,6.7,6.68,6.69,1600,0
2015-02-03,19:40:00,6.69,6.69,6.68,6.68,1900,0
2015-02-03,19:45:00,6.66,6.67,6.65,6.66,1100,0
2015-02-03,19:50:00,6.69,6.75,6.69,6.71,45701,0
2015-02-03,19:55:00,6.74,6.75,6.63,6.66,42350,0
2015-02-03,20:00:00,6.66,6.75,6.64,6.72,23200,0
2015-02-03,20:05:00,6.75,6.75,6.75,6.75,204,0
2015-02-03,20:10:00,6.78,6.78,6.76,6.76,3599,0
2015-02-03,20:20:00,6.73,6.73,6.72,6.72,675,0
2015-02-03,20:25:00,6.7,6.7,6.7,6.7,300,0
2015-02-03,20:30:00,6.69,6.69,6.68,6.68,200,0
2015-02-03,20:35:00,6.66,6.67,6.66,6.66,1550,0
2015-02-03,20:40:00,6.62,6.62,6.59,6.6,700,0
2015-02-03,20:45:00,6.61,6.62,6.61,6.62,300,0
2015-02-03,20:50:00,6.66,6.68,6.66,6.67,1800,0
2015-02-03,20:55:00,6.68,6.68,6.67,6.68,2800,0
2015-02-03,21:00:00,6.69,6.69,6.68,6.69,1600,0
2015-02-03,21:05:00,6.72,6.77,6.72,6.77,1100,0
2015-02-03,21:10:00,6.76,6.79,6.76,6.76,900,0
2015-02-03,21:15:00,6.74,6.77,6.74,6.75,1400,0
2015-02-03,21:20:00,6.75,6.75,6.75,6.75,500,0
2015-02-03,21:25:00,6.74,6.76,6.74,6.75,1200,0
2015-02-03,21:30:00,6.77,6.77,6.75,6.77,1192,0
2015-02-03,21:35:00,6.75,6.75,6.75,6.75,500,0
2015-02-03,21:40:00,6.77,6.77,6.74,6.75,2100,0
2015-02-03,21:45:00,6.75,6.75,6.75,6.75,1600,0
2015-02-03,21:50:00,6.75,6.75,6.74,6.75,1500,0
2015-02-03,21:55:00,6.75,6.75,6.74,6.74,2400,0
2015-02-03,22:00:00,6.75,6.76,6.72,6.75,36622,0
2015-02-04,15:35:00,6.79,6.79,6.79,6.79,600,0
2015-02-04,15:40:00,6.77,6.85,6.77,6.85,22511,0
2015-02-04,15:45:00,6.87,6.91,6.85,6.9,7000,0
2015-02-04,15:50:00,6.9,6.9,6.87,6.87,900,0
2015-02-04,15:55:00,6.89,6.89,6.89,6.89,100,0
2015-02-04,16:00:00,6.9,6.9,6.9,6.9,200,0
2015-02-04,16:05:00,6.9,6.92,6.9,6.92,1000,0
2015-02-04,16:15:00,6.9,6.9,6.86,6.86,900,0
2015-02-04,16:20:00,6.87,6.87,6.82,6.82,800,0
2015-02-04,16:25:00,6.82,6.82,6.82,6.82,100,0
2015-02-04,16:30:00,6.82,6.82,6.78,6.78,700,0
2015-02-04,16:35:00,6.8,6.8,6.8,6.8,1300,0
2015-02-04,16:40:00,6.79,6.79,6.79,6.79,100,0
2015-02-04,16:45:00,6.8,6.83,6.8,6.83,3800,0
2015-02-04,16:50:00,6.85,6.85,6.85,6.85,100,0
2015-02-04,16:55:00,6.85,6.85,6.85,6.85,100,0
2015-02-04,17:00:00,6.85,6.86,6.85,6.86,3050,0
2015-02-04,17:05:00,6.85,6.85,6.85,6.85,100,0
2015-02-04,17:10:00,6.85,6.85,6.85,6.85,400,0
2015-02-04,17:15:00,6.84,6.84,6.84,6.84,200,0
2015-02-04,17:20:00,6.84,6.84,6.84,6.84,100,0
2015-02-04,17:25:00,6.84,6.86,6.84,6.86,700,0
2015-02-04,17:35:00,6.87,6.88,6.87,6.88,400,0
2015-02-04,17:45:00,6.91,6.91,6.87,6.87,600,0
2015-02-04,17:55:00,6.85,6.85,6.85,6.85,100,0
2015-02-04,18:00:00,6.85,6.85,6.85,6.85,200,0
2015-02-04,18:05:00,6.85,6.85,6.83,6.83,700,0
2015-02-04,18:15:00,6.85,6.85,6.85,6.85,200,0
2015-02-04,18:20:00,6.87,6.87,6.85,6.85,200,0
2015-02-04,18:35:00,6.82,6.82,6.8,6.8,400,0
2015-02-04,18:40:00,6.8,6.8,6.8,6.8,100,0
2015-02-04,18:45:00,6.8,6.81,6.79,6.79,600,0
2015-02-04,18:50:00,6.79,6.8,6.78,6.79,2200,0
2015-02-04,18:55:00,6.8,6.81,6.8,6.81,1600,0
2015-02-04,19:05:00,6.81,6.81,6.81,6.81,100,0
2015-02-04,19:10:00,6.81,6.81,6.79,6.8,2000,0
2015-02-04,19:15:00,6.8,6.8,6.79,6.79,300,0
2015-02-04,19:20:00,6.79,6.8,6.79,6.8,300,0
2015-02-04,19:25:00,6.8,6.8,6.8,6.8,100,0
2015-02-04,19:30:00,6.8,6.8,6.79,6.8,1900,0
2015-02-04,19:35:00,6.79,6.79,6.77,6.77,1800,0
2015-02-04,19:40:00,6.79,6.79,6.79,6.79,200,0
2015-02-04,19:50:00,6.77,6.77,6.77,6.77,400,0
2015-02-04,19:55:00,6.78,6.8,6.78,6.78,1900,0
2015-02-04,20:00:00,6.79,6.79,6.78,6.78,500,0
2015-02-04,20:05:00,6.78,6.78,6.78,6.78,100,0
2015-02-04,20:10:00,6.8,6.8,6.78,6.79,1900,0
2015-02-04,20:15:00,6.8,6.8,6.79,6.79,400,0
2015-02-04,20:20:00,6.79,6.8,6.78,6.79,1100,0
2015-02-04,20:25:00,6.79,6.79,6.79,6.79,300,0
2015-02-04,20:30:00,6.81,6.81,6.79,6.79,600,0
2015-02-04,20:35:00,6.79,6.8,6.78,6.79,500,0
2015-02-04,20:40:00,6.79,6.79,6.78,6.78,200,0
2015-02-04,20:50:00,6.8,6.8,6.78,6.78,300,0
2015-02-04,20:55:00,6.78,6.78,6.78,6.78,100,0
2015-02-04,21:00:00,6.79,6.8,6.74,6.8,1050,0
2015-02-04,21:10:00,6.77,6.78,6.74,6.78,1600,0
2015-02-04,21:15:00,6.79,6.8,6.78,6.78,900,0
2015-02-04,21:20:00,6.78,6.79,6.78,6.79,600,0
2015-02-04,21:25:00,6.78,6.79,6.78,6.79,500,0
2015-02-04,21:30:00,6.8,6.8,6.79,6.79,1448,0
2015-02-04,21:35:00,6.8,6.81,6.8,6.8,1900,0
2015-02-04,21:40:00,6.79,6.8,6.79,6.8,500,0
2015-02-04,21:45:00,6.79,6.79,6.79,6.79,600,0
2015-02-04,21:50:00,6.79,6.8,6.79,6.79,5865,0
2015-02-04,21:55:00,6.79,6.8,6.79,6.8,19200,0
2015-02-04,22:00:00,6.79,6.8,6.79,6.79,12649,0
2015-02-05,15:35:00,6.83,6.83,6.83,6.83,200,0
2015-02-05,15:40:00,6.83,6.85,6.81,6.85,1900,0
2015-02-05,15:45:00,6.86,6.9,6.85,6.85,2843,0
2015-02-05,15:50:00,6.86,6.86,6.85,6.85,1300,0
2015-02-05,15:55:00,6.87,6.87,6.86,6.86,1000,0
2015-02-05,16:00:00,6.87,6.87,6.85,6.86,1600,0
2015-02-05,16:05:00,6.87,6.89,6.86,6.89,2334,0
2015-02-05,16:10:00,6.9,6.9,6.89,6.89,800,0
2015-02-05,16:15:00,6.87,6.87,6.86,6.86,1100,0
2015-02-05,16:20:00,6.86,6.86,6.86,6.86,1000,0
2015-02-05,16:25:00,6.85,6.85,6.82,6.83,2233,0
2015-02-05,16:30:00,6.83,6.83,6.82,6.82,1200,0
2015-02-05,16:35:00,6.84,6.84,6.81,6.81,1366,0
2015-02-05,16:40:00,6.81,6.81,6.81,6.81,1200,0
2015-02-05,16:45:00,6.81,6.81,6.81,6.81,200,0
2015-02-05,16:50:00,6.81,6.81,6.81,6.81,400,0
2015-02-05,16:55:00,6.81,6.81,6.8,6.8,1100,0
2015-02-05,17:00:00,6.82,6.82,6.8,6.8,1400,0
2015-02-05,17:05:00,6.81,6.81,6.79,6.8,700,0
2015-02-05,17:10:00,6.81,6.81,6.79,6.79,1000,0
2015-02-05,17:15:00,6.81,6.81,6.81,6.81,200,0
2015-02-05,17:20:00,6.81,6.81,6.8,6.8,500,0
2015-02-05,17:25:00,6.8,6.81,6.8,6.81,900,0
2015-02-05,17:30:00,6.82,6.82,6.8,6.81,1300,0
2015-02-05,17:35:00,6.81,6.81,6.8,6.8,1900,0
2015-02-05,17:40:00,6.82,6.82,6.82,6.82,500,0
2015-02-05,17:45:00,6.82,6.83,6.81,6.83,1503,0
2015-02-05,17:50:00,6.83,6.83,6.81,6.81,400,0
2015-02-05,17:55:00,6.8,6.8,6.8,6.8,2500,0
2015-02-05,18:00:00,6.82,6.84,6.81,6.83,2123,0
2015-02-05,18:05:00,6.83,6.85,6.82,6.85,1800,0
2015-02-05,18:10:00,6.85,6.88,6.84,6.88,1800,0
2015-02-05,18:15:00,6.87,6.89,6.87,6.88,400,0
2015-02-05,18:20:00,6.88,6.89,6.88,6.89,500,0
2015-02-05,18:25:00,6.88,6.88,6.88,6.88,950,0
2015-02-05,18:30:00,6.88,6.88,6.86,6.86,300,0
2015-02-05,18:35:00,6.87,6.87,6.86,6.86,700,0
2015-02-05,18:40:00,6.86,6.86,6.85,6.85,300,0
2015-02-05,18:45:00,6.88,6.88,6.85,6.86,800,0
2015-02-05,18:50:00,6.86,6.86,6.86,6.86,400,0
2015-02-05,18:55:00,6.87,6.87,6.87,6.87,100,0
2015-02-05,19:00:00,6.86,6.86,6.83,6.85,1600,0
2015-02-05,19:05:00,6.85,6.86,6.85,6.86,500,0
2015-02-05,19:10:00,6.86,6.87,6.86,6.86,1100,0
2015-02-05,19:20:00,6.87,6.87,6.86,6.87,600,0
2015-02-05,19:25:00,6.85,6.86,6.85,6.86,3400,0
2015-02-05,19:30:00,6.86,6.86,6.84,6.84,800,0
2015-02-05,19:35:00,6.85,6.85,6.85,6.85,100,0
2015-02-05,19:40:00,6.85,6.9,6.84,6.9,2307,0
2015-02-05,19:45:00,6.87,6.87,6.87,6.87,200,0
2015-02-05,19:50:00,6.87,6.88,6.86,6.88,700,0
2015-02-05,19:55:00,6.87,6.88,6.87,6.88,1400,0
2015-02-05,20:00:00,6.87,6.88,6.87,6.87,1100,0
2015-02-05,20:05:00,6.87,6.87,6.87,6.87,300,0
2015-02-05,20:10:00,6.85,6.85,6.85,6.85,300,0
2015-02-05,20:15:00,6.87,6.87,6.86,6.87,900,0
2015-02-05,20:20:00,6.87,6.93,6.87,6.93,4200,0
2015-02-05,20:25:00,6.94,6.97,6.94,6.94,5300,0
2015-02-05,20:30:00,6.95,6.97,6.95,6.97,800,0
2015-02-05,20:35:00,6.97,6.97,6.96,6.96,1670,0
2015-02-05,20:40:00,6.97,7.05,6.97,7.03,19900,0
2015-02-05,20:45:00,7.03,7.07,7.02,7.07,6800,0
2015-02-05,20:50:00,7.07,7.1,7.07,7.09,3144,0
2015-02-05,20:55:00,7.1,7.11,7.1,7.11,3700,0
2015-02-05,21:00:00,7.11,7.12,7.02,7.02,4635,0
2015-02-05,21:05:00,7.02,7.02,6.96,6.96,11042,0
2015-02-05,21:10:00,6.97,7.0,6.96,6.98,2880,0
2015-02-05,21:15:00,6.98,6.99,6.98,6.99,2102,0
2015-02-05,21:20:00,7.0,7.06,7.0,7.02,7901,0
2015-02-05,21:25:00,7.01,7.01,7.0,7.0,1360,0
2015-02-05,21:30:00,7.0,7.01,6.99,6.99,1900,0
2015-02-05,21:35:00,6.99,7.03,6.99,7.03,2300,0
2015-02-05,21:40:00,7.02,7.08,7.02,7.05,2708,0
2015-02-05,21:45:00,7.05,7.08,7.05,7.06,3222,0
2015-02-05,21:50:00,7.06,7.07,7.01,7.02,7937,0
2015-02-05,21:55:00,7.02,7.07,7.01,7.07,7129,0
2015-02-05,22:00:00,7.06,7.08,7.04,7.05,28157,0
2015-02-06,15:40:00,7.16,7.41,7.15,7.41,12180,0
2015-02-06,15:45:00,7.45,7.5,7.36,7.36,15032,0
2015-02-06,15:50:00,7.36,7.36,7.25,7.33,14760,0
2015-02-06,15:55:00,7.33,7.33,7.15,7.3,22712,0
2015-02-06,16:00:00,7.31,7.34,7.3,7.34,105348,0
2015-02-06,16:05:00,7.34,7.35,7.29,7.29,50946,0
2015-02-06,16:10:00,7.3,7.33,7.3,7.32,5396,0
2015-02-06,16:15:00,7.32,7.35,7.3,7.32,4300,0
2015-02-06,16:20:00,7.3,7.33,7.29,7.3,10353,0
2015-02-06,16:25:00,7.32,7.32,7.29,7.32,12577,0
2015-02-06,16:30:00,7.31,7.32,7.23,7.28,9223,0
2015-02-06,16:35:00,7.28,7.29,7.23,7.26,2400,0
2015-02-06,16:40:00,7.23,7.23,7.18,7.19,5100,0
2015-02-06,16:45:00,7.19,7.24,7.19,7.22,5100,0
2015-02-06,16:50:00,7.2,7.23,7.2,7.2,16756,0
2015-02-06,16:55:00,7.2,7.22,7.15,7.18,28943,0
2015-02-06,17:00:00,7.15,7.2,7.15,7.2,1500,0
2015-02-06,17:05:00,7.2,7.23,7.2,7.23,4550,0
2015-02-06,17:10:00,7.22,7.22,7.21,7.22,900,0
2015-02-06,17:15:00,7.21,7.23,7.2,7.23,2400,0
2015-02-06,17:20:00,7.22,7.22,7.2,7.2,42200,0
2015-02-06,17:25:00,7.2,7.21,7.15,7.16,23301,0
2015-02-06,17:30:00,7.18,7.22,7.17,7.22,800,0
2015-02-06,17:35:00,7.21,7.21,7.17,7.17,700,0
2015-02-06,17:40:00,7.17,7.17,7.17,7.17,100,0
2015-02-06,17:45:00,7.19,7.19,7.17,7.17,600,0
2015-02-06,17:50:00,7.2,7.2,7.17,7.2,1700,0
2015-02-06,17:55:00,7.17,7.2,7.17,7.17,400,0
2015-02-06,18:00:00,7.19,7.19,7.17,7.18,670,0
2015-02-06,18:05:00,7.18,7.18,7.17,7.17,300,0
2015-02-06,18:10:00,7.18,7.18,7.17,7.17,550,0
2015-02-06,18:15:00,7.16,7.19,7.15,7.19,12570,0
2015-02-06,18:20:00,7.18,7.18,7.18,7.18,400,0
2015-02-06,18:25:00,7.18,7.18,7.18,7.18,400,0
2015-02-06,18:30:00,7.18,7.19,7.17,7.17,1900,0
2015-02-06,18:35:00,7.17,7.17,7.17,7.17,900,0
2015-02-06,18:45:00,7.18,7.18,7.18,7.18,100,0
2015-02-06,18:50:00,7.16,7.16,7.1,7.1,9160,0
2015-02-06,18:55:00,7.11,7.14,7.1,7.12,2900,0
2015-02-06,19:10:00,7.12,7.14,7.11,7.12,4214,0
2015-02-06,19:15:00,7.13,7.13,7.13,7.13,200,0
2015-02-06,19:25:00,7.12,7.13,7.12,7.13,900,0
2015-02-06,19:30:00,7.12,7.13,7.11,7.12,600,0
2015-02-06,19:35:00,7.13,7.13,7.1,7.1,3000,0
2015-02-06,19:45:00,7.09,7.09,7.08,7.08,900,0
2015-02-06,19:50:00,7.08,7.08,7.08,7.08,100,0
2015-02-06,19:55:00,7.07,7.08,7.05,7.08,9120,0
2015-02-06,20:00:00,7.05,7.15,7.05,7.15,7132,0
2015-02-06,20:05:00,7.17,7.17,7.16,7.16,4280,0
2015-02-06,20:10:00,7.16,7.16,7.09,7.1,6350,0
2015-02-06,20:15:00,7.08,7.08,7.05,7.07,2400,0
2015-02-06,20:30:00,7.09,7.09,7.08,7.08,800,0
2015-02-06,20:35:00,7.09,7.09,7.09,7.09,100,0
2015-02-06,20:40:00,7.09,7.09,7.09,7.09,1600,0
2015-02-06,20:45:00,7.1,7.11,7.1,7.11,1450,0
2015-02-06,20:55:00,7.13,7.13,7.13,7.13,200,0
2015-02-06,21:00:00,7.12,7.13,7.11,7.11,1900,0
2015-02-06,21:05:00,7.13,7.13,7.13,7.13,800,0
2015-02-06,21:10:00,7.12,7.13,7.12,7.12,600,0
2015-02-06,21:15:00,7.12,7.13,7.12,7.13,1898,0
2015-02-06,21:20:00,7.13,7.15,7.12,7.13,4950,0
2015-02-06,21:25:00,7.14,7.14,7.13,7.14,2370,0
2015-02-06,21:30:00,7.14,7.14,7.13,7.14,5100,0
2015-02-06,21:35:00,7.15,7.15,7.12,7.12,3000,0
2015-02-06,21:40:00,7.12,7.17,7.12,7.17,2396,0
2015-02-06,21:45:00,7.17,7.19,7.15,7.15,8396,0
2015-02-06,21:50:00,7.14,7.15,7.11,7.12,4800,0
2015-02-06,21:55:00,7.11,7.13,7.11,7.13,9188,0
2015-02-06,22:00:00,7.13,7.15,7.08,7.1,29858,0
2015-02-09,15:35:00,7.1,7.1,7.1,7.1,1300,0
2015-02-09,15:55:00,7.09,7.09,7.06,7.06,2837,0
2015-02-09,16:00:00,7.1,7.1,7.1,7.1,1600,0
2015-02-09,16:05:00,7.1,7.1,7.1,7.1,1564,0
2015-02-09,16:10:00,7.1,7.1,7.09,7.09,1700,0
2015-02-09,16:15:00,7.08,7.1,7.08,7.1,1100,0
2015-02-09,16:20:00,7.1,7.13,7.09,7.13,7352,0
2015-02-09,16:25:00,7.16,7.17,7.15,7.16,6100,0
2015-02-09,16:30:00,7.15,7.15,7.13,7.13,770,0
2015-02-09,16:35:00,7.13,7.13,7.11,7.11,200,0
2015-02-09,16:40:00,7.12,7.12,7.06,7.06,24953,0
2015-02-09,16:45:00,7.06,7.06,7.02,7.02,5375,0
2015-02-09,16:50:00,7.01,7.01,7.01,7.01,800,0
2015-02-09,16:55:00,7.02,7.02,7.01,7.02,1274,0
2015-02-09,17:00:00,7.02,7.02,7.02,7.02,400,0
2015-02-09,17:05:00,7.0,7.02,7.0,7.01,1100,0
2015-02-09,17:15:00,7.02,7.02,7.02,7.02,100,0
2015-02-09,17:20:00,7.01,7.01,7.0,7.0,1000,0
2015-02-09,17:25:00,7.02,7.02,6.92,6.92,12820,0
2015-02-09,17:30:00,6.94,6.95,6.89,6.89,8225,0
2015-02-09,17:35:00,6.9,6.9,6.87,6.87,2042,0
2015-02-09,17:40:00,6.89,6.91,6.87,6.87,3400,0
2015-02-09,17:45:00,6.9,6.9,6.87,6.88,5500,0
2015-02-09,17:50:00,6.9,6.9,6.89,6.89,400,0
2015-02-09,17:55:00,6.89,6.89,6.88,6.88,200,0
2015-02-09,18:00:00,6.87,6.88,6.87,6.87,3000,0
2015-02-09,18:05:00,6.88,6.88,6.88,6.88,200,0
2015-02-09,18:10:00,6.87,6.88,6.86,6.88,2900,0
2015-02-09,18:15:00,6.86,6.88,6.86,6.86,300,0
2015-02-09,18:20:00,6.87,6.87,6.87,6.87,3000,0
2015-02-09,18:25:00,6.87,6.87,6.81,6.82,15500,0
2015-02-09,18:30:00,6.81,6.81,6.76,6.76,4440,0
2015-02-09,18:35:00,6.81,6.81,6.78,6.78,900,0
2015-02-09,18:40:00,6.78,6.78,6.78,6.78,100,0
2015-02-09,18:45:00,6.77,6.77,6.76,6.77,1000,0
2015-02-09,18:50:00,6.76,6.78,6.76,6.78,300,0
2015-02-09,18:55:00,6.77,6.78,6.76,6.76,900,0
2015-02-09,19:00:00,6.77,6.77,6.77,6.77,200,0
2015-02-09,19:05:00,6.78,6.78,6.78,6.78,204,0
2015-02-09,19:10:00,6.76,6.77,6.75,6.77,2677,0
2015-02-09,19:15:00,6.76,6.77,6.76,6.77,600,0
2015-02-09,19:20:00,6.76,6.76,6.75,6.75,1500,0
2015-02-09,19:25:00,6.76,6.76,6.75,6.75,2300,0
2015-02-09,19:30:00,6.75,6.76,6.75,6.76,1800,0
2015-02-09,19:35:00,6.76,6.76,6.75,6.76,500,0
2015-02-09,19:40:00,6.75,6.77,6.75,6.76,6500,0
2015-02-09,19:45:00,6.78,6.78,6.77,6.77,2200,0
2015-02-09,19:50:00,6.77,6.77,6.77,6.77,100,0
2015-02-09,19:55:00,6.76,6.78,6.75,6.78,6300,0
2015-02-09,20:00:00,6.78,6.8,6.78,6.8,2500,0
2015-02-09,20:05:00,6.79,6.79,6.76,6.76,2500,0
2015-02-09,20:10:00,6.76,6.77,6.75,6.75,4900,0
2015-02-09,20:15:00,6.75,6.75,6.75,6.75,200,0
2015-02-09,20:20:00,6.75,6.76,6.75,6.75,3100,0
2015-02-09,20:25:00,6.75,6.76,6.75,6.75,9500,0
2015-02-09,20:30:00,6.76,6.76,6.75,6.75,1500,0
2015-02-09,20:35:00,6.76,6.76,6.75,6.76,2436,0
2015-02-09,20:40:00,6.76,6.77,6.75,6.77,3635,0
2015-02-09,20:45:00,6.78,6.78,6.78,6.78,200,0
2015-02-09,20:50:00,6.76,6.78,6.76,6.77,1000,0
2015-02-09,20:55:00,6.77,6.77,6.75,6.76,7577,0
2015-02-09,21:00:00,6.75,6.76,6.75,6.75,2000,0
2015-02-09,21:05:00,6.75,6.75,6.75,6.75,1000,0
2015-02-09,21:10:00,6.75,6.76,6.75,6.76,1400,0
2015-02-09,21:15:00,6.76,6.76,6.76,6.76,1407,0
2015-02-09,21:20:00,6.76,6.76,6.75,6.75,500,0
2015-02-09,21:25:00,6.75,6.76,6.75,6.76,500,0
2015-02-09,21:30:00,6.76,6.76,6.75,6.76,1668,0
2015-02-09,21:35:00,6.76,6.77,6.76,6.77,2902,0
2015-02-09,21:40:00,6.77,6.77,6.76,6.77,2300,0
2015-02-09,21:45:00,6.77,6.78,6.76,6.78,2185,0
2015-02-09,21:50:00,6.77,6.78,6.77,6.77,6111,0
2015-02-09,21:55:00,6.77,6.78,6.76,6.77,5113,0
2015-02-09,22:00:00,6.75,6.77,6.74,6.74,25366,0
2015-02-10,15:35:00,6.81,6.81,6.75,6.75,1404,0
2015-02-10,15:40:00,6.75,6.75,6.74,6.74,4000,0
2015-02-10,15:45:00,6.74,6.74,6.65,6.68,3600,0
2015-02-10,15:50:00,6.68,6.72,6.68,6.7,2046,0
2015-02-10,15:55:00,6.71,6.72,6.71,6.72,800,0
2015-02-10,16:00:00,6.72,6.72,6.71,6.72,5225,0
2015-02-10,16:05:00,6.69,6.7,6.69,6.7,2000,0
2015-02-10,16:10:00,6.68,6.68,6.66,6.66,900,0
2015-02-10,16:15:00,6.65,6.7,6.64,6.69,3625,0
2015-02-10,16:20:00,6.67,6.68,6.64,6.64,2000,0
2015-02-10,16:25:00,6.65,6.65,6.62,6.64,900,0
2015-02-10,16:30:00,6.64,6.65,6.64,6.64,900,0
2015-02-10,16:35:00,6.62,6.66,6.62,6.66,2000,0
2015-02-10,16:40:00,6.69,6.69,6.69,6.69,100,0
2015-02-10,16:50:00,6.68,6.69,6.67,6.68,4699,0
2015-02-10,16:55:00,6.68,6.69,6.68,6.69,1300,0
2015-02-10,17:00:00,6.69,6.7,6.69,6.7,700,0
2015-02-10,17:20:00,6.71,6.72,6.71,6.72,700,0
2015-02-10,17:25:00,6.72,6.72,6.72,6.72,700,0
2015-02-10,17:35:00,6.73,6.75,6.73,6.75,1600,0
2015-02-10,17:40:00,6.74,6.76,6.73,6.73,1100,0
2015-02-10,17:45:00,6.73,6.75,6.73,6.74,3988,0
2015-02-10,17:50:00,6.73,6.73,6.71,6.71,2600,0
2015-02-10,18:00:00,6.72,6.72,6.71,6.71,500,0
2015-02-10,18:05:00,6.71,6.71,6.7,6.7,1400,0
2015-02-10,18:10:00,6.7,6.74,6.7,6.74,3825,0
2015-02-10,18:15:00,6.76,6.77,6.76,6.77,1400,0
2015-02-10,18:20:00,6.78,6.82,6.78,6.82,700,0
2015-02-10,18:25:00,6.83,6.84,6.83,6.84,375,0
2015-02-10,18:30:00,6.83,6.83,6.82,6.83,800,0
2015-02-10,18:35:00,6.82,6.82,6.82,6.82,200,0
2015-02-10,18:40:00,6.82,6.82,6.82,6.82,500,0
2015-02-10,18:45:00,6.84,6.84,6.82,6.82,2800,0
2015-02-10,18:50:00,6.85,6.87,6.85,6.87,700,0
2015-02-10,18:55:00,6.86,6.86,6.84,6.84,1400,0
2015-02-10,19:00:00,6.8,6.83,6.8,6.83,5100,0
2015-02-10,19:05:00,6.82,6.82,6.81,6.81,800,0
2015-02-10,19:10:00,6.81,6.81,6.81,6.81,300,0
2015-02-10,19:20:00,6.82,6.82,6.81,6.81,2000,0
2015-02-10,19:25:00,6.81,6.82,6.81,6.81,15600,0
2015-02-10,19:30:00,6.81,6.82,6.81,6.81,2300,0
2015-02-10,19:35:00,6.81,6.82,6.81,6.82,3200,0
2015-02-10,19:40:00,6.82,6.82,6.81,6.81,330,0
2015-02-10,19:50:00,6.81,6.81,6.81,6.81,2378,0
2015-02-10,19:55:00,6.82,6.82,6.81,6.81,3200,0
2015-02-10,20:00:00,6.82,6.82,6.82,6.82,100,0
2015-02-10,20:05:00,6.81,6.81,6.81,6.81,200,0
2015-02-10,20:10:00,6.81,6.82,6.81,6.81,915,0
2015-02-10,20:15:00,6.81,6.81,6.81,6.81,200,0
2015-02-10,20:20:00,6.81,6.81,6.81,6.81,400,0
2015-02-10,20:25:00,6.81,6.82,6.81,6.82,300,0
2015-02-10,20:30:00,6.81,6.82,6.81,6.81,6500,0
2015-02-10,20:35:00,6.81,6.81,6.81,6.81,270,0
2015-02-10,20:40:00,6.81,6.82,6.81,6.81,9100,0
2015-02-10,20:50:00,6.81,6.81,6.81,6.81,300,0
2015-02-10,20:55:00,6.82,6.82,6.82,6.82,100,0
2015-02-10,21:00:00,6.81,6.82,6.81,6.82,500,0
2015-02-10,21:05:00,6.82,6.84,6.82,6.83,3000,0
2015-02-10,21:10:00,6.83,6.83,6.82,6.82,3700,0
2015-02-10,21:15:00,6.82,6.82,6.81,6.82,3000,0
2015-02-10,21:25:00,6.82,6.82,6.82,6.82,3600,0
2015-02-10,21:30:00,6.83,6.83,6.82,6.82,200,0
2015-02-10,21:35:00,6.84,6.84,6.82,6.82,6802,0
2015-02-10,21:45:00,6.84,6.84,6.84,6.84,200,0
2015-02-10,21:50:00,6.83,6.83,6.82,6.82,3921,0
2015-02-10,21:55:00,6.83,6.83,6.81,6.81,1300,0
2015-02-10,22:00:00,6.82,6.82,6.81,6.81,17386,0
2015-02-11,15:35:00,6.87,6.91,6.86,6.9,1590,0
2015-02-11,15:40:00,6.92,6.96,6.92,6.96,700,0
2015-02-11,15:45:00,6.95,6.95,6.95,6.95,1200,0
2015-02-11,15:55:00,6.93,6.93,6.9,6.9,600,0
2015-02-11,16:00:00,6.93,6.93,6.93,6.93,2290,0
2015-02-11,16:05:00,6.91,6.93,6.91,6.93,1100,0
2015-02-11,16:15:00,6.92,6.92,6.92,6.92,400,0
2015-02-11,16:20:00,6.85,6.87,6.83,6.86,2600,0
2015-02-11,16:25:00,6.83,6.86,6.83,6.86,670,0
2015-02-11,16:30:00,6.83,6.86,6.83,6.86,2300,0
2015-02-11,16:35:00,6.85,6.86,6.85,6.86,1000,0
2015-02-11,16:40:00,6.85,6.85,6.85,6.85,100,0
2015-02-11,16:45:00,6.87,6.87,6.87,6.87,100,0
2015-02-11,16:50:00,6.88,6.88,6.88,6.88,100,0
2015-02-11,17:00:00,6.89,6.89,6.89,6.89,100,0
2015-02-11,17:05:00,6.91,6.92,6.91,6.92,2900,0
2015-02-11,17:20:00,6.91,6.91,6.91,6.91,100,0
2015-02-11,17:30:00,6.91,6.92,6.91,6.92,600,0
2015-02-11,17:35:00,6.92,6.92,6.92,6.92,2000,0
2015-02-11,17:40:00,6.92,6.92,6.92,6.92,200,0
2015-02-11,17:45:00,6.91,6.91,6.91,6.91,500,0
2015-02-11,17:50:00,6.92,6.92,6.91,6.91,400,0
2015-02-11,17:55:00,6.9,6.92,6.9,6.92,1700,0
2015-02-11,18:00:00,6.93,6.93,6.93,6.93,400,0
2015-02-11,18:10:00,6.91,6.91,6.91,6.91,100,0
2015-02-11,18:15:00,6.91,6.91,6.91,6.91,300,0
2015-02-11,18:20:00,6.91,6.91,6.91,6.91,400,0
2015-02-11,18:25:00,6.91,6.92,6.91,6.92,800,0
2015-02-11,18:30:00,6.92,6.92,6.91,6.91,700,0
2015-02-11,18:40:00,6.92,6.92,6.9,6.9,2800,0
2015-02-11,18:45:00,6.9,6.91,6.88,6.89,2400,0
2015-02-11,18:50:00,6.89,6.89,6.89,6.89,200,0
2015-02-11,19:10:00,6.88,6.9,6.88,6.88,2068,0
2015-02-11,19:15:00,6.87,6.89,6.86,6.89,800,0
2015-02-11,19:20:00,6.86,6.87,6.85,6.87,2700,0
2015-02-11,19:25:00,6.85,6.85,6.84,6.85,1800,0
2015-02-11,19:45:00,6.88,6.9,6.88,6.89,2687,0
2015-02-11,19:55:00,6.89,6.9,6.89,6.9,1000,0
2015-02-11,20:00:00,6.89,6.9,6.89,6.9,422,0
2015-02-11,20:05:00,6.88,6.9,6.88,6.88,3689,0
2015-02-11,20:10:00,6.88,6.88,6.88,6.88,700,0
2015-02-11,20:20:00,6.88,6.88,6.84,6.84,2000,0
2015-02-11,20:25:00,6.84,6.85,6.84,6.85,4900,0
2015-02-11,20:30:00,6.85,6.85,6.85,6.85,300,0
2015-02-11,20:35:00,6.85,6.85,6.85,6.85,100,0
2015-02-11,20:40:00,6.84,6.85,6.84,6.84,1450,0
2015-02-11,20:45:00,6.84,6.84,6.84,6.84,600,0
2015-02-11,20:50:00,6.84,6.84,6.84,6.84,100,0
2015-02-11,20:55:00,6.84,6.84,6.84,6.84,500,0
2015-02-11,21:00:00,6.84,6.84,6.84,6.84,3300,0
2015-02-11,21:05:00,6.85,6.85,6.85,6.85,100,0
2015-02-11,21:10:00,6.84,6.84,6.84,6.84,200,0
2015-02-11,21:15:00,6.84,6.84,6.84,6.84,300,0
2015-02-11,21:20:00,6.85,6.86,6.85,6.86,1800,0
2015-02-11,21:25:00,6.88,6.88,6.86,6.88,4510,0
2015-02-11,21:30:00,6.88,6.89,6.88,6.89,1000,0
2015-02-11,21:35:00,6.87,6.89,6.86,6.87,3200,0
2015-02-11,21:40:00,6.87,6.87,6.87,6.87,165,0
2015-02-11,21:45:00,6.88,6.88,6.86,6.86,816,0
2015-02-11,21:50:00,6.87,6.87,6.84,6.84,1900,0
2015-02-11,21:55:00,6.84,6.85,6.82,6.82,2100,0
2015-02-11,22:00:00,6.84,6.84,6.82,6.82,14346,0
2015-02-12,15:35:00,6.89,6.92,6.87,6.88,2234,0
2015-02-12,15:40:00,6.89,6.91,6.87,6.88,2735,0
2015-02-12,15:45:00,6.86,6.9,6.86,6.86,1800,0
2015-02-12,15:50:00,6.86,6.89,6.86,6.87,1250,0
2015-02-12,15:55:00,6.9,6.92,6.87,6.92,1500,0
2015-02-12,16:00:00,6.89,6.92,6.89,6.9,2000,0
2015-02-12,16:05:00,6.88,6.88,6.87,6.87,1200,0
2015-02-12,16:10:00,6.86,6.86,6.85,6.86,4494,0
2015-02-12,16:15:00,6.85,6.87,6.85,6.87,700,0
2015-02-12,16:20:00,6.89,6.89,6.89,6.89,100,0
2015-02-12,16:25:00,6.89,6.89,6.87,6.87,200,0
2015-02-12,16:30:00,6.89,6.89,6.89,6.89,600,0
2015-02-12,16:35:00,6.89,6.94,6.89,6.94,1500,0
2015-02-12,16:40:00,6.92,6.92,6.92,6.92,400,0
2015-02-12,16:45:00,6.94,6.94,6.94,6.94,300,0
2015-02-12,16:50:00,6.94,6.94,6.93,6.94,800,0
2015-02-12,16:55:00,6.95,6.95,6.94,6.94,300,0
2015-02-12,17:00:00,6.95,6.95,6.93,6.93,1000,0
2015-02-12,17:05:00,6.95,6.95,6.95,6.95,400,0
2015-02-12,17:10:00,6.93,6.95,6.93,6.95,850,0
2015-02-12,17:15:00,6.95,6.95,6.94,6.94,600,0
2015-02-12,17:20:00,6.93,6.94,6.93,6.94,500,0
2015-02-12,17:25:00,6.94,6.96,6.94,6.95,2900,0
2015-02-12,17:30:00,6.96,6.96,6.96,6.96,100,0
2015-02-12,17:35:00,6.96,6.96,6.95,6.95,2900,0
2015-02-12,17:40:00,6.97,6.97,6.97,6.97,300,0
2015-02-12,17:45:00,6.97,6.97,6.96,6.97,600,0
2015-02-12,17:50:00,6.97,7.0,6.97,7.0,3600,0
2015-02-12,17:55:00,7.0,7.0,6.99,6.99,200,0
2015-02-12,18:00:00,6.98,6.99,6.97,6.99,3100,0
2015-02-12,18:10:00,6.98,6.99,6.98,6.99,600,0
2015-02-12,18:15:00,6.97,6.99,6.96,6.96,7400,0
2015-02-12,18:20:00,6.97,6.98,6.97,6.98,400,0
2015-02-12,18:25:00,6.97,6.97,6.93,6.94,800,0
2015-02-12,18:30:00,6.94,6.95,6.94,6.95,400,0
2015-02-12,18:40:00,6.95,6.96,6.95,6.96,400,0
2015-02-12,18:45:00,6.96,6.97,6.96,6.97,500,0
2015-02-12,18:50:00,6.98,6.98,6.98,6.98,100,0
2015-02-12,18:55:00,6.97,6.97,6.97,6.97,100,0
2015-02-12,19:00:00,6.97,6.97,6.97,6.97,100,0
2015-02-12,19:05:00,6.97,6.97,6.97,6.97,300,0
2015-02-12,19:10:00,6.98,6.98,6.97,6.98,300,0
2015-02-12,19:15:00,6.98,6.99,6.98,6.99,300,0
2015-02-12,19:20:00,6.99,6.99,6.97,6.97,300,0
2015-02-12,19:25:00,6.99,7.0,6.98,7.0,850,0
2015-02-12,19:30:00,7.0,7.0,7.0,7.0,100,0
2015-02-12,19:35:00,7.0,7.0,7.0,7.0,200,0
2015-02-12,19:40:00,6.98,7.0,6.98,6.99,1500,0
2015-02-12,19:45:00,6.97,6.99,6.97,6.99,200,0
2015-02-12,19:50:00,6.98,6.99,6.97,6.99,800,0
2015-02-12,19:55:00,6.99,7.0,6.97,6.97,800,0
2015-02-12,20:00:00,7.0,7.02,7.0,7.02,1979,0
2015-02-12,20:05:00,7.0,7.03,7.0,7.02,800,0
2015-02-12,20:10:00,7.02,7.02,7.02,7.02,100,0
2015-02-12,20:15:00,7.02,7.03,7.02,7.03,400,0
2015-02-12,20:20:00,7.01,7.02,7.01,7.02,300,0
2015-02-12,20:25:00,7.02,7.02,6.99,6.99,2000,0
2015-02-12,20:30:00,6.97,6.97,6.97,6.97,100,0
2015-02-12,20:35:00,7.0,7.02,7.0,7.0,7300,0
2015-02-12,20:40:00,7.03,7.03,7.01,7.02,600,0
2015-02-12,20:45:00,7.03,7.03,7.03,7.03,200,0
2015-02-12,20:50:00,7.02,7.03,7.01,7.02,19221,0
2015-02-12,20:55:00,7.01,7.01,7.0,7.0,9000,0
2015-02-12,21:00:00,7.01,7.04,7.01,7.03,2200,0
2015-02-12,21:05:00,7.05,7.08,7.01,7.01,21503,0
2015-02-12,21:10:00,7.04,7.04,7.01,7.01,3200,0
2015-02-12,21:15:00,7.01,7.03,7.01,7.03,2879,0
2015-02-12,21:20:00,7.01,7.03,7.01,7.03,733,0
2015-02-12,21:25:00,7.04,7.07,7.04,7.06,3500,0
2015-02-12,21:30:00,7.05,7.06,7.01,7.01,3100,0
2015-02-12,21:35:00,7.03,7.03,7.02,7.03,1000,0
2015-02-12,21:40:00,7.02,7.03,7.01,7.01,17021,0
2015-02-12,21:45:00,7.03,7.05,7.01,7.03,6900,0
2015-02-12,21:50:00,7.04,7.08,7.02,7.05,15635,0
2015-02-12,21:55:00,7.05,7.08,7.03,7.07,13986,0
2015-02-12,22:00:00,7.07,7.07,6.99,7.0,68220,0
2015-02-13,15:35:00,7.09,7.1,7.0,7.09,3812,0
2015-02-13,15:40:00,7.1,7.13,7.1,7.13,3151,0
2015-02-13,15:45:00,7.15,7.15,7.15,7.15,6079,0
2015-02-13,15:50:00,7.18,7.18,7.17,7.18,1100,0
2015-02-13,15:55:00,7.16,7.18,7.16,7.18,949,0
2015-02-13,16:00:00,7.18,7.19,7.18,7.19,1100,0
2015-02-13,16:05:00,7.19,7.19,7.17,7.18,1700,0
2015-02-13,16:10:00,7.16,7.18,7.16,7.18,600,0
2015-02-13,16:20:00,7.18,7.19,7.18,7.19,3020,0
2015-02-13,16:25:00,7.19,7.19,7.19,7.19,1400,0
2015-02-13,16:30:00,7.19,7.19,7.19,7.19,1600,0
2015-02-13,16:35:00,7.19,7.19,7.19,7.19,600,0
2015-02-13,16:40:00,7.19,7.2,7.19,7.2,3100,0
2015-02-13,16:45:00,7.2,7.2,7.18,7.19,7000,0
2015-02-13,16:50:00,7.2,7.2,7.19,7.19,700,0
2015-02-13,16:55:00,7.19,7.2,7.19,7.19,800,0
2015-02-13,17:00:00,7.19,7.2,7.19,7.19,1200,0
2015-02-13,17:05:00,7.19,7.19,7.19,7.19,500,0
2015-02-13,17:10:00,7.19,7.2,7.17,7.17,2900,0
2015-02-13,17:15:00,7.19,7.19,7.19,7.19,300,0
2015-02-13,17:20:00,7.19,7.19,7.19,7.19,600,0
2015-02-13,17:25:00,7.2,7.2,7.19,7.19,200,0
2015-02-13,17:30:00,7.19,7.2,7.18,7.19,1100,0
2015-02-13,17:35:00,7.19,7.2,7.19,7.19,1000,0
2015-02-13,17:40:00,7.19,7.19,7.18,7.19,1700,0
2015-02-13,17:45:00,7.19,7.2,7.19,7.2,300,0
2015-02-13,17:50:00,7.2,7.2,7.19,7.19,2100,0
2015-02-13,17:55:00,7.18,7.19,7.18,7.19,1500,0
2015-02-13,18:00:00,7.19,7.2,7.18,7.2,2500,0
2015-02-13,18:05:00,7.2,7.2,7.19,7.19,1400,0
2015-02-13,18:10:00,7.19,7.2,7.19,7.19,1200,0
2015-02-13,18:20:00,7.2,7.2,7.18,7.19,2900,0
2015-02-13,18:25:00,7.2,7.2,7.19,7.19,3200,0
2015-02-13,18:30:00,7.18,7.19,7.18,7.19,2800,0
2015-02-13,18:35:00,7.19,7.19,7.17,7.19,1700,0
2015-02-13,18:40:00,7.2,7.2,7.18,7.18,2100,0
2015-02-13,18:45:00,7.2,7.2,7.18,7.19,705,0
2015-02-13,18:50:00,7.19,7.2,7.19,7.19,11050,0
2015-02-13,18:55:00,7.19,7.2,7.19,7.19,2667,0
2015-02-13,19:00:00,7.19,7.19,7.18,7.18,200,0
2015-02-13,19:05:00,7.17,7.17,7.09,7.1,21214,0
2015-02-13,19:10:00,7.1,7.1,7.09,7.09,2975,0
2015-02-13,19:15:00,7.1,7.1,7.09,7.1,4700,0
2015-02-13,19:20:00,7.1,7.1,7.1,7.1,500,0
2015-02-13,19:25:00,7.1,7.1,7.09,7.09,1200,0
2015-02-13,19:30:00,7.1,7.1,7.07,7.08,1744,0
2015-02-13,19:35:00,7.08,7.08,7.08,7.08,200,0
2015-02-13,19:40:00,7.08,7.08,7.07,7.07,500,0
2015-02-13,19:45:00,7.07,7.08,7.07,7.07,400,0
2015-02-13,19:50:00,7.07,7.08,7.07,7.08,300,0
2015-02-13,19:55:00,7.07,7.08,7.04,7.04,3500,0
2015-02-13,20:05:00,7.06,7.06,7.05,7.05,400,0
2015-02-13,20:10:00,7.05,7.06,7.05,7.05,800,0
2015-02-13,20:15:00,7.05,7.05,7.04,7.04,2368,0
2015-02-13,20:20:00,7.04,7.04,7.04,7.04,700,0
2015-02-13,20:25:00,7.05,7.06,7.05,7.05,1100,0
2015-02-13,20:30:00,7.05,7.05,7.05,7.05,400,0
2015-02-13,20:35:00,7.06,7.06,7.05,7.05,300,0
2015-02-13,20:40:00,7.07,7.07,7.05,7.07,1004,0
2015-02-13,20:45:00,7.05,7.07,7.05,7.07,1500,0
2015-02-13,20:50:00,7.07,7.07,7.07,7.07,900,0
2015-02-13,20:55:00,7.07,7.07,7.06,7.07,800,0
2015-02-13,21:00:00,7.07,7.07,7.06,7.06,1900,0
2015-02-13,21:05:00,7.07,7.07,7.06,7.07,2200,0
2015-02-13,21:10:00,7.07,7.07,7.06,7.07,2800,0
2015-02-13,21:15:00,7.07,7.07,7.06,7.07,1400,0
2015-02-13,21:20:00,7.06,7.07,7.06,7.07,800,0
2015-02-13,21:25:00,7.07,7.07,7.06,7.06,2700,0
2015-02-13,21:30:00,7.06,7.07,7.06,7.06,2200,0
2015-02-13,21:35:00,7.06,7.07,7.06,7.07,6698,0
2015-02-13,21:40:00,7.06,7.07,7.06,7.06,2228,0
2015-02-13,21:45:00,7.07,7.07,7.05,7.06,7800,0
2015-02-13,21:50:00,7.05,7.06,7.05,7.06,4800,0
2015-02-13,21:55:00,7.05,7.06,7.05,7.05,10398,0
2015-02-13,22:00:00,7.04,7.06,7.04,7.04,14852,0
2015-02-17,15:35:00,7.11,7.12,7.07,7.09,9200,0
2015-02-17,15:45:00,7.1,7.1,7.1,7.1,600,0
2015-02-17,15:50:00,7.11,7.11,7.05,7.05,11600,0
2015-02-17,15:55:00,7.09,7.09,7.09,7.09,100,0
2015-02-17,16:00:00,7.11,7.12,7.1,7.12,2400,0
2015-02-17,16:05:00,7.1,7.1,7.09,7.1,600,0
2015-02-17,16:10:00,7.11,7.12,7.1,7.1,3000,0
2015-02-17,16:15:00,7.1,7.1,7.09,7.1,1600,0
2015-02-17,16:20:00,7.1,7.1,7.1,7.1,300,0
2015-02-17,16:25:00,7.1,7.11,7.09,7.1,800,0
2015-02-17,16:30:00,7.1,7.1,7.1,7.1,400,0
2015-02-17,16:35:00,7.1,7.1,7.09,7.09,400,0
2015-02-17,16:40:00,7.09,7.1,7.09,7.1,200,0
2015-02-17,16:45:00,7.1,7.11,7.09,7.1,2700,0
2015-02-17,16:50:00,7.1,7.11,7.05,7.08,18478,0
2015-02-17,16:55:00,7.08,7.08,7.05,7.05,1400,0
2015-02-17,17:00:00,7.05,7.05,7.05,7.05,800,0
2015-02-17,17:05:00,7.05,7.05,7.05,7.05,400,0
2015-02-17,17:10:00,7.04,7.05,7.02,7.02,900,0
2015-02-17,17:15:00,7.02,7.05,7.02,7.05,3600,0
2015-02-17,17:20:00,7.02,7.02,6.98,7.01,10366,0
2015-02-17,17:25:00,7,7.05,7,7.05,500,0
2015-02-17,17:30:00,7.03,7.03,7.02,7.02,400,0
2015-02-17,17:35:00,7.02,7.02,7.02,7.02,100,0
2015-02-17,17:40:00,7.03,7.04,7.03,7.04,200,0
2015-02-17,17:45:00,7.02,7.04,7.02,7.04,3350,0
2015-02-17,17:50:00,7.04,7.04,7.04,7.04,400,0
2015-02-17,18:00:00,7.04,7.04,7.04,7.04,100,0
2015-02-17,18:05:00,7.04,7.04,7.04,7.04,200,0
2015-02-17,18:10:00,7.04,7.04,7.04,7.04,800,0
2015-02-17,18:15:00,7.04,7.04,7.04,7.04,100,0
2015-02-17,18:20:00,7.04,7.04,7.04,7.04,100,0
2015-02-17,18:25:00,7.04,7.04,7.03,7.03,200,0
2015-02-17,18:30:00,7.04,7.04,7.03,7.04,700,0
2015-02-17,18:40:00,7.05,7.05,7.05,7.05,300,0
2015-02-17,18:45:00,7.04,7.04,7.03,7.04,800,0
2015-02-17,18:50:00,7.04,7.04,7.04,7.04,600,0
2015-02-17,18:55:00,7.04,7.05,7.04,7.05,200,0
2015-02-17,19:05:00,7.05,7.05,7.05,7.05,800,0
2015-02-17,19:10:00,7.04,7.04,7.04,7.04,100,0
2015-02-17,19:15:00,7.05,7.05,7.04,7.05,600,0
2015-02-17,19:20:00,7.04,7.05,7.04,7.05,300,0
2015-02-17,19:30:00,7.05,7.05,7.04,7.05,400,0
2015-02-17,19:35:00,7.05,7.05,7.05,7.05,595,0
2015-02-17,19:40:00,7.04,7.04,7.04,7.04,876,0
2015-02-17,19:45:00,7.05,7.05,7.05,7.05,400,0
2015-02-17,19:50:00,7.04,7.04,7.04,7.04,600,0
2015-02-17,19:55:00,7.04,7.04,7.04,7.04,700,0
2015-02-17,20:00:00,7.04,7.04,7.03,7.03,1290,0
2015-02-17,20:10:00,7.05,7.05,7.05,7.05,300,0
2015-02-17,20:15:00,7.05,7.05,7.05,7.05,200,0
2015-02-17,20:20:00,7.05,7.05,7.05,7.05,300,0
2015-02-17,20:25:00,7.05,7.05,7.05,7.05,900,0
2015-02-17,20:30:00,7.05,7.05,7.05,7.05,300,0
2015-02-17,20:35:00,7.05,7.05,7.05,7.05,300,0
2015-02-17,20:40:00,7.05,7.05,7.04,7.04,900,0
2015-02-17,20:45:00,7.05,7.05,7.04,7.05,1100,0
2015-02-17,20:50:00,7.05,7.05,7.04,7.05,500,0
2015-02-17,21:00:00,7.05,7.05,7.05,7.05,700,0
2015-02-17,21:05:00,7.05,7.05,7.04,7.05,6673,0
2015-02-17,21:10:00,7.05,7.05,7.05,7.05,700,0
2015-02-17,21:15:00,7.05,7.05,7.05,7.05,700,0
2015-02-17,21:20:00,7.05,7.05,7.04,7.05,300,0
2015-02-17,21:25:00,7.05,7.05,7.04,7.04,458,0
2015-02-17,21:30:00,7.05,7.05,7.04,7.05,1520,0
2015-02-17,21:35:00,7.04,7.04,7.03,7.03,2100,0
2015-02-17,21:40:00,7.04,7.04,7.04,7.04,600,0
2015-02-17,21:45:00,7.04,7.04,7.03,7.04,1400,0
2015-02-17,21:50:00,7.04,7.04,7.03,7.04,1300,0
2015-02-17,21:55:00,7.03,7.04,7.03,7.04,1800,0
2015-02-17,22:00:00,7.04,7.04,7.01,7.02,17063,0
2015-02-18,15:40:00,7.04,7.04,7.04,7.04,300,0
2015-02-18,15:45:00,7.03,7.03,7.03,7.03,2800,0
2015-02-18,15:50:00,7.04,7.04,7.04,7.04,100,0
2015-02-18,15:55:00,7.03,7.03,7,7,4400,0
2015-02-18,16:00:00,7,7,6.99,6.99,1000,0
2015-02-18,16:05:00,7,7,7,7,200,0
2015-02-18,16:10:00,7,7,7,7,300,0
2015-02-18,16:15:00,7,7,6.99,6.99,400,0
2015-02-18,16:20:00,7.01,7.01,7.01,7.01,200,0
2015-02-18,16:25:00,7,7.01,7,7,300,0
2015-02-18,16:30:00,7.01,7.01,6.99,6.99,466,0
2015-02-18,16:35:00,7,7,6.99,6.99,377,0
2015-02-18,16:40:00,7,7,7,7,800,0
2015-02-18,16:45:00,7,7.01,6.99,7,600,0
2015-02-18,16:50:00,7.01,7.01,6.99,6.99,1100,0
2015-02-18,16:55:00,7,7,6.99,7,1100,0
2015-02-18,17:00:00,6.99,6.99,6.98,6.99,1400,0
2015-02-18,17:05:00,6.98,6.98,6.94,6.95,1000,0
2015-02-18,17:10:00,6.96,6.97,6.95,6.96,2100,0
2015-02-18,17:15:00,6.96,6.97,6.94,6.94,2100,0
2015-02-18,17:20:00,6.93,6.93,6.93,6.93,200,0
2015-02-18,17:25:00,6.94,6.94,6.93,6.93,400,0
2015-02-18,17:30:00,6.93,6.93,6.93,6.93,100,0
2015-02-18,17:35:00,6.94,6.95,6.94,6.95,400,0
2015-02-18,17:40:00,6.95,6.95,6.95,6.95,100,0
2015-02-18,17:45:00,6.95,6.95,6.95,6.95,100,0
2015-02-18,17:50:00,6.94,6.94,6.91,6.91,2500,0
2015-02-18,17:55:00,6.91,6.91,6.82,6.89,13600,0
2015-02-18,18:00:00,6.9,6.91,6.89,6.9,3092,0
2015-02-18,18:05:00,6.9,6.9,6.9,6.9,1200,0
2015-02-18,18:10:00,6.91,6.91,6.9,6.9,1300,0
2015-02-18,18:25:00,6.9,6.91,6.9,6.91,700,0
2015-02-18,18:30:00,6.9,6.91,6.9,6.91,700,0
2015-02-18,18:40:00,6.9,6.9,6.89,6.9,4763,0
2015-02-18,18:45:00,6.91,6.94,6.91,6.94,292,0
2015-02-18,18:50:00,6.94,6.94,6.94,6.94,100,0
2015-02-18,19:05:00,6.93,6.94,6.93,6.93,1100,0
2015-02-18,19:10:00,6.92,6.92,6.91,6.91,800,0
2015-02-18,19:15:00,6.93,6.93,6.93,6.93,800,0
2015-02-18,19:20:00,6.91,6.92,6.91,6.92,800,0
2015-02-18,19:25:00,6.92,6.92,6.92,6.92,200,0
2015-02-18,19:30:00,6.91,6.91,6.91,6.91,100,0
2015-02-18,19:35:00,6.93,6.93,6.93,6.93,100,0
2015-02-18,19:40:00,6.93,6.93,6.93,6.93,200,0
2015-02-18,19:50:00,6.95,6.95,6.91,6.93,12600,0
2015-02-18,19:55:00,6.9,6.92,6.9,6.91,7700,0
2015-02-18,20:00:00,6.91,6.91,6.91,6.91,100,0
2015-02-18,20:05:00,6.91,6.92,6.87,6.89,2800,0
2015-02-18,20:10:00,6.9,6.9,6.9,6.9,500,0
2015-02-18,20:15:00,6.9,6.92,6.9,6.92,300,0
2015-02-18,20:20:00,6.91,6.91,6.91,6.91,100,0
2015-02-18,20:30:00,6.9,6.9,6.9,6.9,300,0
2015-02-18,20:35:00,6.89,6.9,6.89,6.9,1500,0
2015-02-18,20:40:00,6.9,6.9,6.9,6.9,200,0
2015-02-18,20:45:00,6.9,6.9,6.9,6.9,450,0
2015-02-18,20:50:00,6.91,6.91,6.91,6.91,700,0
2015-02-18,20:55:00,6.92,6.92,6.91,6.91,1100,0
2015-02-18,21:05:00,6.91,6.92,6.91,6.91,500,0
2015-02-18,21:10:00,6.91,6.91,6.91,6.91,3500,0
2015-02-18,21:15:00,6.91,6.91,6.91,6.91,500,0
2015-02-18,21:20:00,6.92,6.92,6.9,6.92,518,0
2015-02-18,21:25:00,6.91,6.91,6.91,6.91,600,0
2015-02-18,21:30:00,6.91,6.92,6.91,6.91,4000,0
2015-02-18,21:35:00,6.91,6.91,6.91,6.91,300,0
2015-02-18,21:40:00,6.91,6.91,6.9,6.91,1866,0
2015-02-18,21:45:00,6.91,6.91,6.85,6.88,9700,0
2015-02-18,21:50:00,6.89,6.91,6.88,6.91,7000,0
2015-02-18,21:55:00,6.9,6.9,6.9,6.9,1800,0
2015-02-18,22:00:00,6.91,6.91,6.9,6.9,8605,0
2015-02-19,15:35:00,6.9,6.92,6.89,6.9,6180,0
2015-02-19,15:40:00,6.9,6.91,6.88,6.88,6440,0
2015-02-19,15:45:00,6.85,6.85,6.85,6.85,200,0
2015-02-19,15:50:00,6.88,6.88,6.88,6.88,200,0
2015-02-19,15:55:00,6.88,6.88,6.88,6.88,700,0
2015-02-19,16:00:00,6.87,6.87,6.87,6.87,11848,0
2015-02-19,16:05:00,6.88,6.88,6.87,6.88,6300,0
2015-02-19,16:10:00,6.88,6.88,6.88,6.88,900,0
2015-02-19,16:15:00,6.88,6.9,6.86,6.88,1750,0
2015-02-19,16:20:00,6.86,6.89,6.86,6.89,400,0
2015-02-19,16:25:00,6.89,6.89,6.86,6.87,1600,0
2015-02-19,16:30:00,6.88,6.89,6.88,6.89,300,0
2015-02-19,16:35:00,6.87,6.87,6.87,6.87,100,0
2015-02-19,16:40:00,6.88,6.88,6.87,6.88,400,0
2015-02-19,16:45:00,6.88,6.9,6.88,6.88,1700,0
2015-02-19,16:50:00,6.9,6.9,6.9,6.9,100,0
2015-02-19,16:55:00,6.87,6.87,6.87,6.87,200,0
2015-02-19,17:00:00,6.88,6.88,6.88,6.88,100,0
2015-02-19,17:05:00,6.92,6.92,6.88,6.88,200,0
2015-02-19,17:10:00,6.89,6.9,6.89,6.9,800,0
2015-02-19,17:15:00,6.89,6.89,6.89,6.89,200,0
2015-02-19,17:20:00,6.9,6.9,6.89,6.89,1000,0
2015-02-19,17:25:00,6.9,6.9,6.89,6.89,600,0
2015-02-19,17:30:00,6.9,6.9,6.88,6.88,1269,0
2015-02-19,17:40:00,6.88,6.88,6.88,6.88,600,0
2015-02-19,17:45:00,6.89,6.89,6.88,6.89,600,0
2015-02-19,17:50:00,6.9,6.9,6.9,6.9,200,0
2015-02-19,18:00:00,6.88,6.88,6.88,6.88,100,0
2015-02-19,18:05:00,6.89,6.9,6.89,6.89,900,0
2015-02-19,18:10:00,6.92,6.92,6.91,6.91,200,0
2015-02-19,18:15:00,6.89,6.89,6.84,6.85,9820,0
2015-02-19,18:20:00,6.85,6.85,6.85,6.85,800,0
2015-02-19,18:25:00,6.85,6.85,6.85,6.85,600,0
2015-02-19,18:30:00,6.85,6.85,6.84,6.85,700,0
2015-02-19,18:35:00,6.85,6.85,6.85,6.85,100,0
2015-02-19,18:40:00,6.84,6.84,6.84,6.84,700,0
2015-02-19,18:45:00,6.85,6.85,6.84,6.85,500,0
2015-02-19,18:50:00,6.84,6.85,6.84,6.85,300,0
2015-02-19,18:55:00,6.85,6.85,6.85,6.85,1100,0
2015-02-19,19:00:00,6.85,6.85,6.85,6.85,200,0
2015-02-19,19:05:00,6.85,6.85,6.85,6.85,200,0
2015-02-19,19:10:00,6.85,6.85,6.84,6.84,300,0
2015-02-19,19:15:00,6.83,6.83,6.79,6.8,17236,0
2015-02-19,19:20:00,6.8,6.81,6.8,6.8,2100,0
2015-02-19,19:25:00,6.81,6.83,6.81,6.83,1800,0
2015-02-19,19:30:00,6.83,6.83,6.83,6.83,1600,0
2015-02-19,19:35:00,6.83,6.83,6.82,6.83,700,0
2015-02-19,19:40:00,6.82,6.84,6.82,6.83,400,0
2015-02-19,19:45:00,6.84,6.84,6.8,6.8,1600,0
2015-02-19,19:50:00,6.8,6.8,6.79,6.8,1100,0
2015-02-19,19:55:00,6.8,6.8,6.8,6.8,200,0
2015-02-19,20:05:00,6.8,6.8,6.8,6.8,1300,0
2015-02-19,20:10:00,6.8,6.8,6.8,6.8,400,0
2015-02-19,20:15:00,6.8,6.8,6.8,6.8,100,0
2015-02-19,20:20:00,6.8,6.8,6.8,6.8,300,0
2015-02-19,20:25:00,6.8,6.8,6.79,6.8,1600,0
2015-02-19,20:30:00,6.79,6.79,6.79,6.79,100,0
2015-02-19,20:40:00,6.78,6.78,6.78,6.78,100,0
2015-02-19,20:45:00,6.79,6.79,6.79,6.79,200,0
2015-02-19,20:50:00,6.8,6.8,6.8,6.8,100,0
2015-02-19,20:55:00,6.8,6.8,6.79,6.79,500,0
2015-02-19,21:00:00,6.79,6.79,6.79,6.79,400,0
2015-02-19,21:05:00,6.79,6.8,6.79,6.8,600,0
2015-02-19,21:10:00,6.8,6.8,6.78,6.78,2700,0
2015-02-19,21:15:00,6.78,6.79,6.78,6.78,2100,0
2015-02-19,21:20:00,6.77,6.77,6.77,6.77,965,0
2015-02-19,21:25:00,6.77,6.77,6.76,6.76,1875,0
2015-02-19,21:30:00,6.77,6.77,6.76,6.76,900,0
2015-02-19,21:35:00,6.76,6.76,6.76,6.76,100,0
2015-02-19,21:40:00,6.77,6.77,6.75,6.76,4200,0
2015-02-19,21:45:00,6.76,6.76,6.73,6.75,4800,0
2015-02-19,21:50:00,6.75,6.75,6.75,6.75,1400,0
2015-02-19,21:55:00,6.75,6.75,6.74,6.75,1446,0
2015-02-19,22:00:00,6.75,6.75,6.72,6.72,11066,0
2015-02-20,15:35:00,6.71,6.71,6.71,6.71,8568,0
2015-02-20,15:40:00,6.78,6.78,6.78,6.78,600,0
2015-02-20,15:45:00,6.73,6.73,6.73,6.73,200,0
2015-02-20,15:55:00,6.7,6.7,6.67,6.67,1500,0
2015-02-20,16:00:00,6.69,6.69,6.68,6.68,1300,0
2015-02-20,16:10:00,6.69,6.69,6.69,6.69,100,0
2015-02-20,16:15:00,6.7,6.7,6.69,6.7,1400,0
2015-02-20,16:20:00,6.7,6.7,6.7,6.7,300,0
2015-02-20,16:25:00,6.7,6.7,6.69,6.69,400,0
2015-02-20,16:30:00,6.7,6.7,6.69,6.69,500,0
2015-02-20,16:35:00,6.69,6.69,6.67,6.68,1500,0
2015-02-20,16:40:00,6.69,6.69,6.68,6.68,600,0
2015-02-20,16:45:00,6.68,6.7,6.68,6.7,1300,0
2015-02-20,16:50:00,6.7,6.7,6.7,6.7,200,0
2015-02-20,17:00:00,6.7,6.7,6.67,6.68,29997,0
2015-02-20,17:05:00,6.7,6.7,6.7,6.7,900,0
2015-02-20,17:10:00,6.7,6.7,6.69,6.69,1300,0
2015-02-20,17:15:00,6.7,6.7,6.7,6.7,700,0
2015-02-20,17:20:00,6.7,6.7,6.7,6.7,100,0
2015-02-20,17:25:00,6.69,6.69,6.69,6.69,400,0
2015-02-20,17:35:00,6.69,6.7,6.69,6.7,300,0
2015-02-20,17:40:00,6.7,6.71,6.7,6.7,1000,0
2015-02-20,17:45:00,6.7,6.71,6.69,6.69,3600,0
2015-02-20,17:50:00,6.68,6.69,6.68,6.69,800,0
2015-02-20,17:55:00,6.69,6.7,6.69,6.7,700,0
2015-02-20,18:00:00,6.7,6.7,6.69,6.7,1500,0
2015-02-20,18:05:00,6.7,6.71,6.7,6.7,8325,0
2015-02-20,18:10:00,6.7,6.7,6.69,6.69,1800,0
2015-02-20,18:20:00,6.68,6.68,6.68,6.68,100,0
2015-02-20,18:25:00,6.69,6.7,6.69,6.7,900,0
2015-02-20,18:30:00,6.71,6.72,6.7,6.71,4100,0
2015-02-20,18:35:00,6.71,6.71,6.71,6.71,300,0
2015-02-20,18:40:00,6.71,6.73,6.71,6.73,700,0
2015-02-20,18:45:00,6.72,6.72,6.68,6.68,500,0
2015-02-20,18:50:00,6.7,6.7,6.7,6.7,100,0
2015-02-20,19:00:00,6.7,6.72,6.7,6.72,400,0
2015-02-20,19:10:00,6.72,6.72,6.72,6.72,100,0
2015-02-20,19:15:00,6.73,6.73,6.71,6.71,800,0
2015-02-20,19:20:00,6.69,6.69,6.69,6.69,200,0
2015-02-20,19:25:00,6.68,6.71,6.68,6.7,800,0
2015-02-20,19:30:00,6.72,6.72,6.71,6.72,300,0
2015-02-20,19:35:00,6.71,6.71,6.71,6.71,100,0
2015-02-20,19:40:00,6.7,6.71,6.7,6.71,500,0
2015-02-20,19:45:00,6.72,6.72,6.72,6.72,100,0
2015-02-20,19:50:00,6.71,6.72,6.7,6.7,600,0
2015-02-20,19:55:00,6.7,6.71,6.7,6.7,900,0
2015-02-20,20:00:00,6.71,6.72,6.71,6.72,700,0
2015-02-20,20:05:00,6.71,6.71,6.71,6.71,100,0
2015-02-20,20:10:00,6.7,6.7,6.7,6.7,200,0
2015-02-20,20:15:00,6.71,6.71,6.7,6.71,500,0
2015-02-20,20:20:00,6.71,6.71,6.71,6.71,100,0
2015-02-20,20:25:00,6.7,6.72,6.7,6.72,600,0
2015-02-20,20:30:00,6.71,6.71,6.69,6.7,900,0
2015-02-20,20:35:00,6.68,6.69,6.68,6.69,900,0
2015-02-20,20:40:00,6.67,6.67,6.62,6.63,17145,0
2015-02-20,20:45:00,6.64,6.65,6.64,6.64,1050,0
2015-02-20,20:50:00,6.65,6.65,6.64,6.64,400,0
2015-02-20,20:55:00,6.64,6.65,6.62,6.63,2500,0
2015-02-20,21:00:00,6.63,6.64,6.63,6.64,500,0
2015-02-20,21:05:00,6.63,6.64,6.63,6.64,900,0
2015-02-20,21:10:00,6.64,6.64,6.64,6.64,110,0
2015-02-20,21:15:00,6.63,6.63,6.6,6.6,2700,0
2015-02-20,21:20:00,6.61,6.62,6.61,6.62,300,0
2015-02-20,21:25:00,6.61,6.63,6.61,6.63,200,0
2015-02-20,21:30:00,6.63,6.63,6.61,6.63,1200,0
2015-02-20,21:35:00,6.63,6.63,6.62,6.63,2300,0
2015-02-20,21:40:00,6.62,6.64,6.61,6.64,1500,0
2015-02-20,21:45:00,6.64,6.64,6.62,6.63,1200,0
2015-02-20,21:50:00,6.64,6.65,6.57,6.58,13005,0
2015-02-20,21:55:00,6.58,6.59,6.58,6.59,800,0
2015-02-20,22:00:00,6.59,6.6,6.59,6.6,12831,0
2015-02-23,15:35:00,6.62,6.62,6.62,6.62,800,0
2015-02-23,15:40:00,6.57,6.57,6.53,6.54,1800,0
2015-02-23,15:45:00,6.52,6.52,6.41,6.44,1820,0
2015-02-23,15:50:00,6.45,6.45,6.44,6.44,300,0
2015-02-23,15:55:00,6.43,6.46,6.43,6.46,500,0
2015-02-23,16:00:00,6.46,6.51,6.42,6.51,4300,0
2015-02-23,16:05:00,6.48,6.48,6.45,6.45,700,0
2015-02-23,16:10:00,6.46,6.46,6.46,6.46,600,0
2015-02-23,16:15:00,6.49,6.49,6.49,6.49,100,0
2015-02-23,16:20:00,6.45,6.45,6.45,6.45,650,0
2015-02-23,16:25:00,6.46,6.46,6.44,6.45,1500,0
2015-02-23,16:30:00,6.44,6.44,6.43,6.43,1200,0
2015-02-23,16:40:00,6.44,6.44,6.43,6.43,200,0
2015-02-23,16:45:00,6.43,6.43,6.43,6.43,600,0
2015-02-23,16:50:00,6.42,6.42,6.42,6.42,100,0
2015-02-23,16:55:00,6.42,6.42,6.34,6.34,6047,0
2015-02-23,17:05:00,6.35,6.35,6.32,6.32,1100,0
2015-02-23,17:10:00,6.3,6.32,6.25,6.32,2958,0
2015-02-23,17:15:00,6.33,6.35,6.33,6.35,2900,0
2015-02-23,17:20:00,6.33,6.33,6.33,6.33,1000,0
2015-02-23,17:25:00,6.35,6.35,6.35,6.35,100,0
2015-02-23,17:30:00,6.35,6.37,6.35,6.37,5200,0
2015-02-23,17:40:00,6.36,6.37,6.36,6.37,1400,0
2015-02-23,17:45:00,6.38,6.38,6.37,6.37,800,0
2015-02-23,17:50:00,6.37,6.38,6.37,6.37,600,0
2015-02-23,17:55:00,6.37,6.37,6.37,6.37,300,0
2015-02-23,18:05:00,6.38,6.38,6.37,6.37,200,0
2015-02-23,18:10:00,6.37,6.37,6.37,6.37,100,0
2015-02-23,18:15:00,6.38,6.45,6.38,6.45,12716,0
2015-02-23,18:20:00,6.45,6.49,6.45,6.45,14816,0
2015-02-23,18:30:00,6.45,6.46,6.45,6.46,200,0
2015-02-23,18:35:00,6.45,6.46,6.44,6.44,1200,0
2015-02-23,18:40:00,6.45,6.45,6.42,6.42,600,0
2015-02-23,18:45:00,6.42,6.42,6.38,6.4,1500,0
2015-02-23,18:50:00,6.39,6.39,6.36,6.38,1211,0
2015-02-23,18:55:00,6.37,6.38,6.35,6.35,700,0
2015-02-23,19:00:00,6.38,6.38,6.35,6.36,2200,0
2015-02-23,19:05:00,6.35,6.35,6.33,6.33,1700,0
2015-02-23,19:10:00,6.33,6.35,6.33,6.35,600,0
2015-02-23,19:15:00,6.35,6.35,6.33,6.33,600,0
2015-02-23,19:20:00,6.33,6.33,6.33,6.33,600,0
2015-02-23,19:25:00,6.33,6.34,6.31,6.31,3290,0
2015-02-23,19:30:00,6.31,6.31,6.3,6.3,2000,0
2015-02-23,19:35:00,6.3,6.35,6.29,6.35,7600,0
2015-02-23,19:40:00,6.35,6.35,6.35,6.35,800,0
2015-02-23,19:45:00,6.35,6.35,6.35,6.35,700,0
2015-02-23,19:50:00,6.35,6.35,6.35,6.35,900,0
2015-02-23,19:55:00,6.35,6.35,6.35,6.35,800,0
2015-02-23,20:00:00,6.35,6.39,6.35,6.39,4600,0
2015-02-23,20:05:00,6.39,6.39,6.38,6.38,1565,0
2015-02-23,20:10:00,6.37,6.37,6.37,6.37,900,0
2015-02-23,20:15:00,6.37,6.37,6.37,6.37,400,0
2015-02-23,20:20:00,6.36,6.37,6.36,6.37,2214,0
2015-02-23,20:25:00,6.36,6.37,6.36,6.37,1800,0
2015-02-23,20:30:00,6.38,6.38,6.38,6.38,200,0
2015-02-23,20:35:00,6.37,6.37,6.36,6.36,2400,0
2015-02-23,20:40:00,6.37,6.37,6.36,6.36,500,0
2015-02-23,20:45:00,6.36,6.37,6.36,6.37,500,0
2015-02-23,20:50:00,6.38,6.38,6.37,6.37,900,0
2015-02-23,20:55:00,6.38,6.38,6.35,6.36,18409,0
2015-02-23,21:00:00,6.36,6.36,6.35,6.35,800,0
2015-02-23,21:05:00,6.37,6.38,6.35,6.35,2300,0
2015-02-23,21:10:00,6.35,6.37,6.35,6.37,3600,0
2015-02-23,21:15:00,6.37,6.37,6.36,6.36,200,0
2015-02-23,21:20:00,6.35,6.38,6.35,6.37,2000,0
2015-02-23,21:25:00,6.37,6.37,6.35,6.36,2207,0
2015-02-23,21:30:00,6.36,6.37,6.35,6.35,1300,0
2015-02-23,21:35:00,6.35,6.38,6.35,6.35,2600,0
2015-02-23,21:40:00,6.35,6.37,6.35,6.35,1500,0
2015-02-23,21:45:00,6.35,6.38,6.35,6.37,1945,0
2015-02-23,21:50:00,6.36,6.38,6.36,6.38,3300,0
2015-02-23,21:55:00,6.38,6.38,6.35,6.35,4789,0
2015-02-23,22:00:00,6.35,6.37,6.35,6.35,10032,0
