Date,Time,Open,High,Low,Close,Volume,OpenInt
2014-10-28,17:00:00,22.915,22.925,22.915,22.925,2131,0
2014-10-28,18:00:00,22.915,22.915,22.915,22.915,406,0
2014-10-28,18:10:00,22.922,22.922,22.922,22.922,254,0
2014-10-28,18:15:00,22.901,22.901,22.901,22.901,319,0
2014-10-28,18:45:00,22.925,22.925,22.925,22.925,101,0
2014-10-28,18:55:00,22.925,22.925,22.925,22.925,406,0
2014-10-28,19:10:00,22.964,22.964,22.964,22.964,304,0
2014-10-29,15:55:00,22.984,22.998,22.984,22.998,1420,0
2014-10-29,17:05:00,22.984,22.984,22.984,22.984,913,0
2014-10-29,18:20:00,22.994,22.994,22.994,22.994,507,0
2014-10-29,18:40:00,22.984,22.984,22.984,22.984,1015,0
2014-10-29,19:05:00,22.915,22.915,22.915,22.915,203,0
2014-10-29,20:30:00,22.747,22.747,22.747,22.747,506,0
2014-10-30,14:45:00,22.767,22.767,22.767,22.767,101,0
2014-10-30,14:55:00,22.783,22.783,22.783,22.783,1218,0
2014-10-30,19:50:00,22.994,22.994,22.994,22.994,1192,0
2014-10-30,20:15:00,22.935,22.935,22.935,22.935,101,0
2014-10-30,20:50:00,22.954,22.954,22.954,22.954,4160,0
2014-10-30,20:55:00,22.954,22.954,22.954,22.954,812,0
2014-10-31,14:35:00,23.23,23.23,23.23,23.23,1635,0
2014-10-31,18:05:00,23.285,23.318,23.285,23.318,1199,0
2014-10-31,18:55:00,23.289,23.289,23.289,23.289,4160,0
2014-10-31,20:35:00,23.299,23.299,23.299,23.299,394,0
2014-11-03,15:35:00,23.004,23.004,23.004,23.004,30224,0
2014-11-03,15:40:00,23.053,23.053,23.053,23.053,609,0
2014-11-03,15:45:00,23.063,23.082,23.053,23.082,6088,0
2014-11-03,15:50:00,23.082,23.082,23.063,23.063,304,0
2014-11-03,15:55:00,23.063,23.063,23.063,23.063,507,0
2014-11-03,16:05:00,23.092,23.092,23.047,23.092,1553,0
2014-11-03,16:10:00,23.023,23.023,23.023,23.023,101,0
2014-11-03,16:15:00,23.023,23.023,23.023,23.023,609,0
2014-11-03,16:20:00,23.023,23.023,23.023,23.023,203,0
2014-11-03,16:25:00,23.073,23.073,23.023,23.023,203,0
2014-11-03,16:30:00,23.023,23.023,23.023,23.023,101,0
2014-11-03,16:50:00,23.023,23.023,23.004,23.004,1420,0
2014-11-03,17:00:00,23.004,23.004,23.004,23.004,101,0
2014-11-03,17:05:00,23.013,23.063,23.013,23.063,304,0
2014-11-03,17:30:00,23.013,23.013,23.013,23.013,273,0
2014-11-03,18:00:00,23.053,23.053,23.053,23.053,1015,0
2014-11-03,18:35:00,23.023,23.023,23.023,23.023,507,0
2014-11-03,18:40:00,23.033,23.033,23.033,23.033,812,0
2014-11-03,19:00:00,23.043,23.053,23.043,23.053,4261,0
2014-11-03,19:10:00,23.151,23.151,23.151,23.151,203,0
2014-11-03,20:10:00,23.101,23.101,23.101,23.101,1035,0
2014-11-03,20:50:00,23.099,23.099,23.099,23.099,228,0
2014-11-03,21:00:00,23.106,23.106,23.106,23.106,547,0
2014-11-03,21:10:00,23.122,23.122,23.122,23.122,304,0
2014-11-03,21:25:00,23.092,23.092,23.092,23.092,203,0
2014-11-03,21:40:00,23.092,23.092,23.092,23.092,507,0
2014-11-03,21:50:00,23.082,23.092,23.082,23.082,2029,0
2014-11-03,21:55:00,23.092,23.092,23.092,23.092,101,0
2014-11-03,22:00:00,23.092,23.102,23.092,23.092,1319,0
2014-11-04,19:20:00,22.895,22.895,22.895,22.895,406,0
2014-11-04,19:40:00,22.885,22.885,22.885,22.885,203,0
2014-11-04,19:55:00,22.895,22.895,22.895,22.895,507,0
2014-11-04,20:00:00,22.895,22.895,22.895,22.895,913,0
2014-11-04,20:40:00,22.901,22.901,22.901,22.901,101,0
2014-11-04,21:40:00,22.925,22.925,22.925,22.925,254,0
2014-11-05,15:35:00,22.944,22.944,22.944,22.944,128,0
2014-11-05,15:50:00,22.985,22.985,22.985,22.985,1309,0
2014-11-05,19:00:00,23.122,23.122,23.122,23.122,101,0
2014-11-06,17:25:00,22.994,22.994,22.994,22.994,203,0
2014-11-06,19:15:00,22.955,22.955,22.955,22.955,871,0
2014-11-07,17:00:00,22.919,22.919,22.919,22.919,163,0
2014-11-07,18:45:00,22.918,22.918,22.918,22.918,871,0
2014-11-07,21:10:00,22.905,22.905,22.905,22.905,152,0
2014-11-07,21:20:00,22.909,22.909,22.909,22.909,254,0
2014-11-07,21:40:00,22.927,22.935,22.927,22.934,1948,0
2014-11-10,18:00:00,23.065,23.065,23.065,23.065,223,0
2014-11-10,20:40:00,23.063,23.063,23.024,23.024,710,0
2014-11-11,17:55:00,23.142,23.142,23.112,23.112,812,0
2014-11-11,18:00:00,23.142,23.142,23.142,23.142,250,0
2014-11-11,18:35:00,23.142,23.142,23.112,23.142,3881,0
2014-11-11,19:20:00,23.151,23.151,23.151,23.151,367,0
2014-11-11,21:35:00,23.193,23.2,23.191,23.2,467,0
2014-11-11,21:40:00,23.201,23.201,23.193,23.201,1684,0
2014-11-12,16:05:00,23.013,23.013,23.013,23.013,406,0
2014-11-12,17:00:00,23.033,23.033,23.033,23.033,609,0
2014-11-12,19:05:00,23.013,23.013,22.986,22.986,761,0
2014-11-12,20:20:00,22.944,22.944,22.944,22.944,421,0
2014-11-12,21:00:00,22.935,22.935,22.935,22.935,699,0
2014-11-12,21:40:00,23.004,23.004,23.004,23.004,101,0
2014-11-13,20:10:00,22.998,22.998,22.998,22.998,355,0
2014-11-13,20:25:00,23.004,23.004,22.98,22.98,1713,0
2014-11-13,20:35:00,22.984,22.985,22.984,22.985,1015,0
2014-11-13,20:45:00,22.985,22.985,22.985,22.985,523,0
2014-11-13,21:25:00,23.058,23.058,23.058,23.058,558,0
2014-11-13,21:30:00,23.051,23.063,23.051,23.051,2634,0
2014-11-14,15:40:00,22.95,22.95,22.95,22.95,323,0
2014-11-14,16:05:00,22.964,22.964,22.964,22.964,8546,0
2014-11-14,17:35:00,23.014,23.014,23.013,23.013,1522,0
2014-11-14,18:05:00,23.063,23.063,23.053,23.053,1826,0
2014-11-14,19:35:00,23.112,23.112,23.112,23.112,203,0
2014-11-14,20:10:00,23.112,23.112,23.112,23.112,203,0
2014-11-14,20:20:00,23.122,23.122,23.122,23.122,203,0
2014-11-14,20:50:00,23.122,23.122,23.122,23.122,101,0
2014-11-14,20:55:00,23.116,23.116,23.116,23.116,155,0
2014-11-14,21:05:00,23.112,23.112,23.112,23.112,507,0
2014-11-14,21:25:00,23.122,23.122,23.122,23.122,249,0
2014-11-14,21:45:00,23.122,23.122,23.122,23.122,304,0
2014-11-14,21:50:00,23.121,23.121,23.104,23.104,812,0
2014-11-14,21:55:00,23.122,23.122,23.106,23.106,1478,0
2014-11-17,16:15:00,23.043,23.043,23.043,23.043,406,0
2014-11-17,19:50:00,23.151,23.151,23.102,23.151,1949,0
2014-11-17,20:10:00,23.151,23.151,23.151,23.151,279,0
2014-11-17,20:15:00,23.151,23.151,23.151,23.151,507,0
2014-11-17,20:45:00,23.137,23.161,23.122,23.122,2953,0
2014-11-17,20:50:00,23.161,23.161,23.161,23.161,3291,0
2014-11-17,21:50:00,23.139,23.139,23.139,23.139,112,0
2014-11-17,21:55:00,23.136,23.136,23.132,23.132,3044,0
2014-11-18,15:35:00,23.181,23.181,23.181,23.181,603,0
2014-11-18,20:45:00,23.362,23.362,23.362,23.362,864,0
2014-11-18,21:40:00,23.339,23.339,23.339,23.339,101,0
2014-11-18,21:45:00,23.358,23.358,23.354,23.354,658,0
2014-11-19,15:35:00,23.447,23.447,23.447,23.447,1907,0
2014-11-19,18:05:00,23.319,23.319,23.319,23.319,609,0
2014-11-19,18:40:00,23.318,23.318,23.318,23.318,107,0
2014-11-19,19:50:00,23.329,23.339,23.329,23.335,1999,0
2014-11-19,20:15:00,23.368,23.378,23.368,23.378,1764,0
2014-11-19,20:25:00,23.358,23.358,23.358,23.358,203,0
2014-11-19,21:45:00,23.309,23.309,23.309,23.309,101,0
2014-11-19,22:00:00,23.329,23.329,23.329,23.329,101,0
2014-11-20,16:50:00,23.24,23.24,23.24,23.24,2480,0
2014-11-20,18:00:00,23.201,23.201,23.201,23.201,507,0
2014-11-20,21:40:00,23.22,23.22,23.22,23.22,101,0
2014-11-21,19:40:00,23.368,23.368,23.368,23.368,66798,0
2014-11-21,21:15:00,23.461,23.467,23.461,23.461,2988,0
2014-11-21,21:25:00,23.457,23.477,23.429,23.429,24984,0
2014-11-21,22:00:00,23.457,23.575,23.457,23.467,32417,0
2014-11-24,15:35:00,23.615,23.615,23.615,23.615,300,0
2014-11-24,17:10:00,23.506,23.506,23.506,23.506,259,0
2014-11-24,17:15:00,23.496,23.516,23.496,23.506,6548,0
2014-11-24,18:40:00,23.477,23.496,23.477,23.477,414,0
2014-11-24,20:05:00,23.457,23.457,23.378,23.457,27722,0
2014-11-24,20:45:00,23.484,23.484,23.484,23.484,6039,0
2014-11-24,20:50:00,23.489,23.489,23.489,23.489,3407,0
2014-11-24,20:55:00,23.496,23.496,23.496,23.496,8117,0
2014-11-24,21:00:00,23.487,23.496,23.487,23.496,6291,0
2014-11-25,18:20:00,23.545,23.545,23.545,23.545,304,0
2014-11-25,20:10:00,23.585,23.585,23.585,23.585,6788,0
2014-11-25,20:30:00,23.575,23.575,23.555,23.555,913,0
2014-11-25,21:15:00,23.556,23.556,23.536,23.536,3186,0
2014-11-25,21:20:00,23.55,23.55,23.55,23.55,954,0
2014-11-25,21:40:00,23.536,23.536,23.536,23.536,101,0
2014-11-25,21:45:00,23.556,23.556,23.55,23.55,335,0
2014-11-26,15:35:00,23.516,23.516,23.516,23.516,1069,0
2014-11-26,17:50:00,23.585,23.585,23.585,23.585,2638,0
2014-11-26,18:15:00,23.595,23.595,23.595,23.595,304,0
2014-11-26,18:20:00,23.585,23.585,23.585,23.585,1928,0
2014-11-26,20:50:00,23.605,23.607,23.605,23.605,6207,0
2014-11-26,20:55:00,23.598,23.598,23.565,23.565,769,0
2014-11-26,21:10:00,23.577,23.592,23.577,23.592,1840,0
2014-11-26,21:20:00,23.605,23.615,23.605,23.615,11052,0
2014-11-26,21:35:00,23.593,23.595,23.593,23.595,3131,0
2014-11-26,21:45:00,23.594,23.595,23.594,23.595,2029,0
2014-11-28,16:45:00,23.447,23.447,23.447,23.447,1725,0
2014-11-28,16:55:00,23.427,23.427,23.427,23.427,3196,0
2014-11-28,18:55:00,23.398,23.398,23.398,23.398,203,0
2014-12-01,16:35:00,23.408,23.408,23.368,23.368,3375,0
2014-12-01,18:25:00,23.388,23.388,23.388,23.388,406,0
2014-12-01,18:30:00,23.378,23.378,23.378,23.378,1826,0
2014-12-01,18:55:00,23.388,23.388,23.388,23.388,2435,0
2014-12-01,21:00:00,23.389,23.389,23.349,23.349,1182,0
2014-12-02,15:40:00,23.431,23.431,23.431,23.431,121,0
2014-12-02,15:50:00,23.388,23.388,23.388,23.388,348,0
2014-12-02,16:10:00,23.441,23.441,23.441,23.441,692,0
2014-12-02,17:00:00,23.467,23.481,23.467,23.481,1115,0
2014-12-02,19:20:00,23.487,23.487,23.487,23.487,909,0
2014-12-02,19:25:00,23.486,23.486,23.486,23.486,789,0
2014-12-02,20:50:00,23.478,23.487,23.478,23.487,939,0
2014-12-02,20:55:00,23.459,23.459,23.457,23.457,202,0
2014-12-02,21:10:00,23.487,23.487,23.457,23.457,2129,0
2014-12-02,21:45:00,23.449,23.449,23.449,23.449,112,0
2014-12-02,22:00:00,23.467,23.467,23.46,23.46,2108,0
2014-12-03,15:35:00,23.526,23.526,23.526,23.526,812,0
2014-12-03,16:05:00,23.487,23.487,23.48,23.48,1515,0
2014-12-03,17:15:00,23.487,23.487,23.486,23.486,707,0
2014-12-03,18:35:00,23.467,23.467,23.467,23.467,101,0
2014-12-03,19:30:00,23.457,23.457,23.454,23.457,1228,0
2014-12-03,20:30:00,23.452,23.467,23.452,23.467,2231,0
2014-12-03,20:35:00,23.459,23.467,23.459,23.467,2028,0
2014-12-04,15:35:00,23.309,23.309,23.309,23.309,406,0
2014-12-04,17:10:00,23.319,23.319,23.319,23.319,588,0
2014-12-04,21:35:00,23.339,23.339,23.339,23.339,3045,0
2014-12-05,19:05:00,23.437,23.437,23.437,23.437,507,0
2014-12-05,20:25:00,23.43,23.437,23.408,23.437,3868,0
2014-12-05,21:00:00,23.409,23.409,23.409,23.409,254,0
2014-12-05,21:50:00,23.427,23.437,23.408,23.437,31337,0
2014-12-05,21:55:00,23.41,23.418,23.388,23.418,4025,0
2014-12-08,15:35:00,23.339,23.339,23.28,23.28,385,0
2014-12-08,16:05:00,23.339,23.339,23.339,23.339,6943,0
2014-12-08,17:00:00,23.328,23.329,23.328,23.329,1015,0
2014-12-08,20:20:00,23.176,23.176,23.176,23.176,378,0
2014-12-08,20:40:00,23.161,23.161,23.161,23.161,1534,0
2014-12-08,20:50:00,23.205,23.205,23.205,23.205,690,0
2014-12-08,21:05:00,23.204,23.204,23.204,23.204,422,0
2014-12-08,21:35:00,23.211,23.211,23.211,23.211,2770,0
2014-12-09,15:45:00,22.935,22.935,22.935,22.935,985,0
2014-12-09,15:50:00,22.93,22.93,22.93,22.93,406,0
2014-12-09,16:50:00,22.964,22.964,22.937,22.937,713,0
2014-12-09,17:00:00,22.919,22.935,22.919,22.935,780,0
2014-12-09,19:10:00,22.885,22.885,22.885,22.885,1218,0
2014-12-09,21:30:00,22.944,22.954,22.942,22.954,807,0
2014-12-09,21:35:00,22.95,22.95,22.95,22.95,167,0
2014-12-09,22:00:00,22.984,22.994,22.98,22.987,933,0
2014-12-10,15:35:00,22.807,22.807,22.807,22.807,1572,0
2014-12-10,15:40:00,22.964,22.964,22.856,22.856,718,0
2014-12-10,15:45:00,22.856,22.856,22.856,22.856,101,0
2014-12-10,17:40:00,22.807,22.807,22.807,22.807,629,0
2014-12-10,17:45:00,22.797,22.797,22.797,22.797,912,0
2014-12-10,18:20:00,22.767,22.767,22.767,22.767,578,0
2014-12-10,18:35:00,22.749,22.749,22.749,22.749,322,0
2014-12-10,20:35:00,22.683,22.683,22.683,22.683,156,0
2014-12-10,21:25:00,22.698,22.698,22.698,22.698,434,0
2014-12-10,21:45:00,22.678,22.678,22.678,22.678,101,0
2014-12-10,21:55:00,22.669,22.688,22.669,22.688,405,0
2014-12-10,22:00:00,22.698,22.718,22.698,22.718,6604,0
2014-12-11,15:35:00,22.659,22.659,22.659,22.659,7500,0
2014-12-11,19:35:00,22.777,22.777,22.777,22.777,329,0
2014-12-11,21:30:00,22.718,22.738,22.718,22.738,14146,0
2014-12-11,21:40:00,22.698,22.698,22.698,22.698,8326,0
2014-12-11,21:45:00,22.698,22.708,22.698,22.708,2134,0
2014-12-12,19:05:00,22.304,22.304,22.304,22.304,812,0
2014-12-12,20:25:00,22.306,22.306,22.306,22.306,357,0
2014-12-12,20:30:00,22.301,22.301,22.301,22.301,465,0
2014-12-12,20:50:00,22.255,22.255,22.255,22.255,289,0
2014-12-12,21:40:00,22.235,22.235,22.235,22.235,202,0
2014-12-12,22:00:00,22.235,22.235,22.225,22.234,2021,0
2014-12-15,15:35:00,22.117,22.156,22.117,22.156,10348,0
2014-12-15,15:40:00,22.176,22.186,22.176,22.186,404,0
2014-12-15,16:35:00,21.979,21.979,21.979,21.979,203,0
2014-12-15,17:10:00,21.9,21.9,21.9,21.9,1115,0
2014-12-15,17:25:00,21.811,21.811,21.811,21.811,203,0
2014-12-15,17:50:00,21.713,21.713,21.713,21.713,436,0
2014-12-15,19:05:00,21.867,21.867,21.867,21.867,1300,0
2014-12-15,19:20:00,21.797,21.797,21.797,21.797,4278,0
2014-12-15,20:55:00,21.742,21.742,21.742,21.742,101,0
2014-12-15,21:10:00,21.791,21.811,21.789,21.811,14918,0
2014-12-15,21:15:00,21.831,21.831,21.831,21.831,3029,0
2014-12-15,21:45:00,21.742,21.742,21.742,21.742,303,0
2014-12-15,21:50:00,21.781,21.781,21.781,21.781,25134,0
2014-12-16,18:30:00,22.156,22.156,22.156,22.156,1095,0
2014-12-16,19:45:00,22.122,22.122,22.122,22.122,3204,0
2014-12-16,20:55:00,22.087,22.087,22.087,22.087,152,0
2014-12-16,21:15:00,22.087,22.087,22.077,22.077,1022,0
2014-12-16,21:25:00,22.073,22.073,22.055,22.055,922,0
2014-12-16,21:30:00,22.008,22.008,22.008,22.008,355,0
2014-12-16,21:35:00,22.048,22.048,22.048,22.048,101,0
2014-12-16,21:40:00,22.057,22.077,22.043,22.043,14001,0
2014-12-17,15:35:00,22.442,22.442,22.442,22.442,202,0
2014-12-17,15:40:00,22.353,22.353,22.028,22.028,202,0
2014-12-17,15:45:00,22.077,22.087,22.077,22.087,202,0
2014-12-17,15:50:00,22.097,22.097,22.097,22.097,303,0
2014-12-17,15:55:00,22.087,22.087,22.067,22.067,404,0
2014-12-17,16:05:00,22.117,22.126,22.117,22.126,202,0
2014-12-17,16:10:00,22.107,22.107,22.107,22.107,202,0
2014-12-17,16:15:00,22.117,22.117,22.117,22.117,101,0
2014-12-17,16:20:00,22.156,22.166,22.156,22.166,202,0
2014-12-17,16:25:00,22.156,22.156,22.156,22.156,101,0
2014-12-17,16:30:00,22.156,22.156,22.107,22.107,608,0
2014-12-17,16:45:00,22.117,22.117,22.117,22.117,101,0
2014-12-17,16:50:00,22.156,22.156,22.156,22.156,101,0
2014-12-17,16:55:00,22.146,22.146,22.146,22.146,202,0
2014-12-17,17:00:00,22.156,22.156,22.156,22.156,101,0
2014-12-17,17:05:00,22.156,22.156,22.156,22.156,101,0
2014-12-17,17:10:00,22.176,22.176,22.156,22.156,202,0
2014-12-17,17:15:00,22.176,22.176,22.176,22.176,101,0
2014-12-17,17:20:00,22.205,22.205,22.205,22.205,202,0
2014-12-17,17:25:00,22.235,22.235,22.235,22.235,101,0
2014-12-17,17:30:00,22.235,22.235,22.235,22.235,202,0
2014-12-17,17:35:00,22.215,22.215,22.215,22.215,101,0
2014-12-17,17:40:00,22.205,22.225,22.205,22.225,202,0
2014-12-17,17:45:00,22.225,22.225,22.225,22.225,101,0
2014-12-17,17:50:00,22.215,22.215,22.215,22.215,101,0
2014-12-17,17:55:00,22.205,22.205,22.195,22.195,202,0
2014-12-17,18:00:00,22.225,22.255,22.225,22.255,303,0
2014-12-17,18:05:00,22.255,22.255,22.255,22.255,202,0
2014-12-17,18:10:00,22.245,22.245,22.245,22.245,202,0
2014-12-17,18:15:00,22.255,22.255,22.245,22.245,202,0
2014-12-17,18:20:00,22.255,22.255,22.245,22.245,810,0
2014-12-17,18:30:00,22.205,22.205,22.205,22.205,449,0
2014-12-17,19:55:00,22.147,22.159,22.147,22.159,1604,0
2014-12-17,21:00:00,22.144,22.144,22.144,22.144,203,0
2014-12-17,21:15:00,22.186,22.186,22.186,22.186,21708,0
2014-12-17,21:35:00,22.235,22.235,22.235,22.235,202,0
2014-12-17,21:40:00,22.245,22.245,22.245,22.245,10942,0
2014-12-18,15:35:00,22.58,22.639,22.511,22.511,517,0
2014-12-18,15:40:00,22.501,22.521,22.501,22.521,505,0
2014-12-18,15:45:00,22.55,22.55,22.531,22.531,606,0
2014-12-18,15:50:00,22.531,22.531,22.521,22.521,606,0
2014-12-18,15:55:00,22.521,22.521,22.511,22.511,1113,0
2014-12-18,16:05:00,22.57,22.57,22.54,22.54,404,0
2014-12-18,16:10:00,22.55,22.57,22.55,22.57,505,0
2014-12-18,16:15:00,22.57,22.59,22.57,22.57,911,0
2014-12-18,16:20:00,22.58,22.58,22.57,22.57,494,0
2014-12-18,16:25:00,22.56,22.56,22.56,22.56,203,0
2014-12-18,16:30:00,22.56,22.56,22.56,22.56,507,0
2014-12-18,16:40:00,22.531,22.531,22.491,22.491,2740,0
2014-12-18,16:45:00,22.55,22.55,22.55,22.55,101,0
2014-12-18,16:50:00,22.531,22.55,22.531,22.55,303,0
2014-12-18,16:55:00,22.56,22.57,22.56,22.56,303,0
2014-12-18,17:00:00,22.56,22.56,22.55,22.55,404,0
2014-12-18,17:05:00,22.55,22.55,22.491,22.491,608,0
2014-12-18,17:10:00,22.501,22.501,22.501,22.501,609,0
2014-12-18,17:20:00,22.511,22.511,22.511,22.511,202,0
2014-12-18,17:25:00,22.531,22.54,22.531,22.54,404,0
2014-12-18,17:30:00,22.54,22.56,22.531,22.531,709,0
2014-12-18,17:35:00,22.54,22.54,22.54,22.54,101,0
2014-12-18,17:40:00,22.58,22.59,22.58,22.59,202,0
2014-12-18,17:45:00,22.59,22.6,22.59,22.59,404,0
2014-12-18,17:50:00,22.59,22.59,22.58,22.58,708,0
2014-12-18,17:55:00,22.59,22.629,22.59,22.629,202,0
2014-12-18,18:00:00,22.629,22.639,22.629,22.639,505,0
2014-12-18,18:05:00,22.639,22.639,22.629,22.629,7708,0
2014-12-18,18:10:00,22.629,22.639,22.629,22.639,606,0
2014-12-18,18:15:00,22.639,22.649,22.639,22.639,404,0
2014-12-18,18:20:00,22.639,22.639,22.58,22.6,8582,0
2014-12-18,18:25:00,22.619,22.619,22.609,22.609,303,0
2014-12-18,18:30:00,22.619,22.629,22.619,22.629,893,0
2014-12-18,20:15:00,22.609,22.609,22.609,22.609,223,0
2014-12-18,20:55:00,22.609,22.609,22.609,22.609,7104,0
2014-12-18,21:00:00,22.596,22.596,22.596,22.596,1015,0
2014-12-18,21:05:00,22.629,22.639,22.629,22.639,13598,0
2014-12-18,21:20:00,22.641,22.659,22.641,22.659,7992,0
2014-12-18,21:50:00,22.664,22.664,22.664,22.664,608,0
2014-12-18,21:55:00,22.688,22.698,22.688,22.698,6394,0
2014-12-18,22:00:00,22.688,22.688,22.688,22.688,1998,0
2014-12-19,15:35:00,22.65,22.65,22.65,22.65,600,0
2014-12-19,15:40:00,22.65,22.65,22.62,22.62,1900,0
2014-12-19,16:15:00,22.65,22.65,22.65,22.65,1000,0
2014-12-19,16:25:00,22.71,22.71,22.6768,22.6768,2339,0
2014-12-19,17:25:00,22.73,22.73,22.73,22.73,200,0
2014-12-19,18:55:00,22.745,22.745,22.745,22.745,1000,0
2014-12-19,20:30:00,22.8,22.8,22.8,22.8,271,0
2014-12-19,20:35:00,22.8,22.8,22.8,22.8,494,0
2014-12-19,21:20:00,22.8399,22.84,22.83,22.8399,6950,0
2014-12-19,21:30:00,22.83,22.8399,22.83,22.8399,3900,0
2014-12-19,21:35:00,22.8456,22.85,22.8456,22.85,2549,0
2014-12-19,21:50:00,22.83,22.83,22.83,22.83,100,0
2014-12-22,15:35:00,22.83,22.83,22.83,22.83,100,0
2014-12-22,15:45:00,22.79,22.79,22.79,22.79,100,0
2014-12-22,15:50:00,22.81,22.81,22.81,22.81,100,0
2014-12-22,15:55:00,22.77,22.8,22.77,22.8,200,0
2014-12-22,16:00:00,22.78,22.78,22.78,22.78,100,0
2014-12-22,16:05:00,22.78,22.78,22.78,22.78,100,0
2014-12-22,16:10:00,22.78,22.78,22.78,22.78,100,0
2014-12-22,16:20:00,22.78,22.78,22.78,22.78,100,0
2014-12-22,16:25:00,22.77,22.77,22.77,22.77,100,0
2014-12-22,16:35:00,22.77,22.77,22.77,22.77,100,0
2014-12-22,16:40:00,22.77,22.77,22.76,22.76,2100,0
2014-12-22,16:50:00,22.79,22.79,22.75,22.75,200,0
2014-12-22,17:00:00,22.82,22.82,22.82,22.82,100,0
2014-12-22,17:10:00,22.82,22.82,22.82,22.82,100,0
2014-12-22,17:15:00,22.81,22.81,22.81,22.81,100,0
2014-12-22,17:25:00,22.8,22.8,22.8,22.8,100,0
2014-12-22,17:35:00,22.82,22.82,22.82,22.82,100,0
2014-12-22,17:40:00,22.81,22.81,22.81,22.81,100,0
2014-12-22,17:50:00,22.81,22.81,22.81,22.81,100,0
2014-12-22,17:55:00,22.81,22.81,22.81,22.81,100,0
2014-12-22,18:00:00,22.82,22.82,22.82,22.82,100,0
2014-12-22,18:10:00,22.81,22.81,22.81,22.81,100,0
2014-12-22,18:15:00,22.82,22.82,22.82,22.82,100,0
2014-12-22,18:20:00,22.81,22.81,22.81,22.81,100,0
2014-12-22,18:25:00,22.81,22.81,22.81,22.81,100,0
2014-12-22,18:30:00,22.82,22.85,22.82,22.82,65685,0
2014-12-22,18:35:00,22.81,22.81,22.81,22.81,1900,0
2014-12-22,18:40:00,22.81,22.81,22.81,22.81,700,0
2014-12-22,18:50:00,22.81,22.811,22.81,22.811,2300,0
2014-12-22,18:55:00,22.819,22.82,22.81,22.81,3300,0
2014-12-22,19:05:00,22.8204,22.8204,22.8204,22.8204,700,0
2014-12-22,19:10:00,22.8001,22.8001,22.8,22.8001,3377,0
2014-12-22,19:30:00,22.82,22.82,22.8,22.8,52502,0
2014-12-22,20:20:00,22.8101,22.8101,22.8101,22.8101,144,0
2014-12-22,21:20:00,22.8153,22.8153,22.8153,22.8153,300,0
2014-12-22,22:00:00,22.8299,22.83,22.8299,22.83,4402,0
2014-12-23,18:00:00,22.7542,22.7542,22.7542,22.7542,254,0
2014-12-23,18:25:00,22.75,22.75,22.75,22.75,888,0
2014-12-23,19:05:00,22.76,22.76,22.76,22.76,711,0
2014-12-23,20:25:00,22.7844,22.7844,22.7844,22.7844,3610,0
2014-12-23,20:30:00,22.8,22.8,22.8,22.8,1602,0
2014-12-23,20:50:00,22.81,22.82,22.8009,22.8009,6700,0
2014-12-23,20:55:00,22.8099,22.81,22.795,22.795,8326,0
2014-12-23,21:05:00,22.81,22.81,22.81,22.81,2300,0
2014-12-23,21:20:00,22.7999,22.7999,22.7999,22.7999,450,0
2014-12-23,21:30:00,22.782,22.782,22.782,22.782,640,0
2014-12-23,21:50:00,22.78,22.78,22.78,22.78,200,0
2014-12-24,17:30:00,22.79,22.79,22.79,22.79,473,0
2014-12-24,18:20:00,22.8125,22.8125,22.8125,22.8125,210,0
2014-12-24,18:35:00,22.8185,22.8185,22.8185,22.8185,112,0
2014-12-26,15:35:00,23.04,23.04,23.04,23.04,366,0
2014-12-26,15:40:00,23.006,23.006,23.006,23.006,400,0
2014-12-26,16:25:00,22.99,22.99,22.99,22.99,300,0
2014-12-26,17:25:00,22.99,22.99,22.98,22.98,300,0
2014-12-26,17:30:00,22.99,23.03,22.982,23.03,1000,0
2014-12-26,17:35:00,23.03,23.03,23.03,23.03,600,0
2014-12-26,17:40:00,23.03,23.03,23.03,23.03,600,0
2014-12-26,17:45:00,23.03,23.04,23.03,23.04,600,0
2014-12-26,17:50:00,22.99,23.04,22.99,23.04,600,0
2014-12-26,17:55:00,23.04,23.04,23.04,23.04,500,0
2014-12-26,18:00:00,23.04,23.04,23.04,23.04,500,0
2014-12-26,18:05:00,23.04,23.04,23.04,23.04,500,0
2014-12-26,18:10:00,23.04,23.04,22.96,23.03,500,0
2014-12-26,18:15:00,23.03,23.03,22.97,23.01,2465,0
2014-12-26,18:20:00,23.01,23.01,23.01,23.01,300,0
2014-12-26,18:25:00,23.01,23.01,23.01,23.01,400,0
2014-12-26,18:30:00,23.01,23.01,22.958,23.0,1250,0
2014-12-26,18:35:00,23.0,23.01,22.94,23.01,500,0
2014-12-26,18:40:00,23.01,23.01,23.01,23.01,400,0
2014-12-26,18:45:00,23.01,23.01,22.9177,23.0,14205,0
2014-12-26,18:50:00,23.01,23.01,23.0,23.0,500,0
2014-12-26,18:55:00,23.0,23.0,23.0,23.0,400,0
2014-12-26,19:00:00,23.0,23.0,23.0,23.0,400,0
2014-12-26,19:05:00,23.0,23.01,23.0,23.01,512,0
2014-12-26,19:10:00,23.01,23.01,23.0,23.01,400,0
2014-12-26,19:15:00,23.01,23.01,23.01,23.01,400,0
2014-12-26,19:20:00,23.0,23.0,23.0,23.0,500,0
2014-12-26,19:25:00,23.0,23.0099,23.0,23.0099,400,0
2014-12-26,19:30:00,23.0099,23.0099,23.0099,23.0099,400,0
2014-12-26,19:35:00,23.0099,23.0099,23.0099,23.0099,500,0
2014-12-26,19:40:00,23.0099,23.01,23.0099,23.01,400,0
2014-12-26,19:45:00,23.01,23.01,23.0099,23.01,500,0
2014-12-26,19:50:00,23.01,23.01,23.0099,23.0099,500,0
2014-12-26,19:55:00,23.0099,23.0099,23.0099,23.0099,400,0
2014-12-26,20:00:00,23.0099,23.0099,23.0099,23.0099,400,0
2014-12-26,20:05:00,23.0099,23.0099,23.0099,23.0099,600,0
2014-12-26,20:10:00,23.0099,23.0099,23.0099,23.0099,500,0
2014-12-26,20:15:00,23.0,23.01,23.0,23.01,500,0
2014-12-26,20:20:00,23.01,23.01,22.984,23.0,959,0
2014-12-26,20:25:00,23.0,23.0,23.0,23.0,700,0
2014-12-26,20:30:00,23.01,23.01,23.01,23.01,500,0
2014-12-26,20:35:00,23.01,23.01,23.01,23.01,600,0
2014-12-26,20:40:00,23.01,23.01,23.01,23.01,600,0
2014-12-26,20:45:00,23.01,23.01,23.0,23.008,500,0
2014-12-26,20:50:00,23.01,23.01,23.01,23.01,400,0
2014-12-26,21:50:00,22.9752,23.0,22.9752,22.9781,7462,0
2014-12-26,22:00:00,23.01,23.01,23.01,23.01,100,0
2014-12-29,15:35:00,22.92,22.92,22.92,22.92,1287,0
2014-12-29,15:45:00,22.87,22.87,22.87,22.87,200,0
2014-12-29,16:10:00,22.79,22.79,22.79,22.79,100,0
2014-12-29,16:25:00,22.79,22.79,22.79,22.79,100,0
2014-12-29,16:30:00,22.753,22.753,22.753,22.753,219,0
2014-12-29,16:35:00,22.79,22.79,22.79,22.79,100,0
2014-12-29,16:50:00,22.82,22.82,22.82,22.82,100,0
2014-12-29,17:00:00,22.83,22.83,22.8299,22.83,1500,0
2014-12-29,17:05:00,22.81,22.81,22.81,22.81,100,0
2014-12-29,17:25:00,22.82,22.82,22.78,22.78,17243,0
2014-12-29,17:30:00,22.7801,22.7801,22.7801,22.7801,200,0
2014-12-29,17:40:00,22.85,22.85,22.85,22.85,100,0
2014-12-29,18:00:00,22.86,22.86,22.86,22.86,900,0
2014-12-29,18:20:00,22.84,22.84,22.84,22.84,100,0
2014-12-29,18:40:00,22.83,22.83,22.83,22.83,100,0
2014-12-29,19:00:00,22.82,22.82,22.82,22.82,100,0
2014-12-29,19:25:00,22.81,22.81,22.81,22.81,100,0
2014-12-29,19:45:00,22.81,22.81,22.81,22.81,100,0
2014-12-29,19:55:00,22.8,22.8,22.79,22.79,1400,0
2014-12-29,20:30:00,22.7899,22.7899,22.7899,22.7899,300,0
2014-12-29,20:40:00,22.79,22.79,22.7813,22.7813,574,0
2014-12-29,20:45:00,22.78,22.78,22.7715,22.7715,1818,0
2014-12-29,20:55:00,22.79,22.79,22.79,22.79,100,0
2014-12-29,21:10:00,22.7822,22.7822,22.7822,22.7822,100,0
2014-12-29,21:15:00,22.79,22.79,22.79,22.79,100,0
2014-12-29,21:30:00,22.8,22.8,22.8,22.8,200,0
2014-12-29,21:40:00,22.79,22.79,22.79,22.79,100,0
2014-12-29,21:55:00,22.8,22.8,22.8,22.8,100,0
2014-12-29,22:00:00,22.79,22.79,22.79,22.79,200,0
2014-12-30,17:00:00,22.5597,22.5597,22.5597,22.5597,600,0
2014-12-30,17:50:00,22.5802,22.59,22.58,22.58,4504,0
2014-12-30,18:15:00,22.55,22.6,22.5401,22.5401,3450,0
2014-12-30,21:00:00,22.5301,22.5799,22.5301,22.5799,1475,0
2014-12-30,21:50:00,22.55,22.55,22.54,22.54,10000,0
2014-12-30,22:00:00,22.5612,22.5612,22.54,22.54,2340,0
2014-12-31,15:35:00,22.76,22.76,22.426,22.43,3339,0
2014-12-31,17:25:00,22.56,22.56,22.56,22.56,100,0
2014-12-31,17:40:00,22.5208,22.5208,22.5208,22.5208,200,0
2014-12-31,18:05:00,22.55,22.55,22.55,22.55,200,0
2014-12-31,18:50:00,22.47,22.47,22.47,22.47,129,0
2014-12-31,18:55:00,22.5019,22.5019,22.5019,22.5019,6158,0
2014-12-31,20:00:00,22.5172,22.5172,22.5172,22.5172,184,0
2014-12-31,20:10:00,22.5073,22.5073,22.5073,22.5073,374,0
2014-12-31,20:55:00,22.4607,22.4607,22.4607,22.4607,1531,0
2014-12-31,21:45:00,22.4406,22.4406,22.4406,22.4406,3730,0
2014-12-31,21:55:00,22.4099,22.4099,22.4099,22.4099,222,0
2014-12-31,22:00:00,22.4099,22.4099,22.4099,22.4099,196,0
2015-01-02,15:35:00,22.63,22.63,22.63,22.63,3456,0
2015-01-02,15:40:00,22.49,22.49,22.49,22.49,400,0
2015-01-02,15:55:00,22.44,22.44,22.44,22.44,102,0
2015-01-02,16:05:00,22.463,22.463,22.463,22.463,3560,0
2015-01-02,16:10:00,22.42,22.42,22.42,22.42,200,0
2015-01-02,16:20:00,22.4111,22.4111,22.3712,22.3712,3289,0
2015-01-02,17:20:00,22.3,22.3,22.3,22.3,300,0
2015-01-02,17:30:00,22.33,22.33,22.33,22.33,500,0
2015-01-02,17:40:00,22.33,22.33,22.33,22.33,700,0
2015-01-02,20:30:00,22.306,22.306,22.306,22.306,408,0
2015-01-02,20:45:00,22.308,22.308,22.308,22.308,800,0
2015-01-02,21:05:00,22.2985,22.2985,22.2985,22.2985,177,0
2015-01-02,21:10:00,22.3045,22.3045,22.3045,22.3045,200,0
2015-01-02,21:35:00,22.33,22.33,22.33,22.33,150,0
2015-01-02,21:50:00,22.33,22.33,22.33,22.33,200,0
2015-01-02,22:00:00,22.3,22.3,22.3,22.3,2854,0
2015-01-05,15:35:00,22.0,22.0,21.95,21.95,234,0
2015-01-05,15:40:00,21.87,21.87,21.87,21.87,200,0
2015-01-05,16:35:00,21.8,21.8,21.8,21.8,100,0
2015-01-05,17:10:00,21.73,21.73,21.73,21.73,100,0
2015-01-05,17:30:00,21.7,21.7,21.7,21.7,200,0
2015-01-05,17:55:00,21.68,21.68,21.68,21.68,500,0
2015-01-05,18:00:00,21.68,21.68,21.68,21.68,200,0
2015-01-05,18:05:00,21.686,21.696,21.686,21.696,1292,0
2015-01-05,18:45:00,21.6499,21.6499,21.64,21.64,1100,0
2015-01-05,19:00:00,21.63,21.63,21.61,21.6235,38146,0
2015-01-05,19:20:00,21.6599,21.6599,21.6599,21.6599,692,0
2015-01-05,19:55:00,21.68,21.68,21.654,21.654,800,0
2015-01-05,20:15:00,21.6592,21.6592,21.6592,21.6592,482,0
2015-01-05,21:20:00,21.674,21.674,21.66,21.66,1644,0
2015-01-05,21:25:00,21.6798,21.6798,21.6798,21.6798,295,0
2015-01-05,21:40:00,21.694,21.694,21.694,21.694,470,0
2015-01-05,21:55:00,21.7,21.7,21.7,21.7,100,0
2015-01-06,15:35:00,21.76,21.76,21.76,21.76,212,0
2015-01-06,15:40:00,21.6899,21.69,21.674,21.69,1274,0
2015-01-06,16:30:00,21.74,21.74,21.74,21.74,100,0
2015-01-06,17:05:00,21.55,21.55,21.55,21.55,400,0
2015-01-06,18:05:00,21.4565,21.4565,21.45,21.45,768,0
2015-01-06,18:10:00,21.38,21.38,21.38,21.38,400,0
2015-01-06,18:35:00,21.4259,21.4259,21.4259,21.4259,500,0
2015-01-06,18:45:00,21.43,21.43,21.43,21.43,1124,0
2015-01-06,19:35:00,21.385,21.385,21.385,21.385,1000,0
2015-01-06,20:25:00,21.485,21.485,21.485,21.485,935,0
2015-01-06,20:50:00,21.531,21.531,21.531,21.531,576,0
2015-01-06,22:00:00,21.5,21.5,21.5,21.5,100,0
2015-01-07,16:40:00,21.61,21.61,21.6,21.6,337,0
2015-01-07,16:55:00,21.5504,21.5504,21.5504,21.5504,1000,0
2015-01-07,18:05:00,21.6599,21.6599,21.6599,21.6599,568,0
2015-01-07,18:55:00,21.68,21.68,21.65,21.65,1000,0
2015-01-07,19:20:00,21.654,21.69,21.65,21.69,966,0
2015-01-07,19:45:00,21.6799,21.6799,21.6799,21.6799,1000,0
2015-01-08,15:35:00,21.88,21.88,21.88,21.88,206,0
2015-01-08,16:20:00,21.941,21.941,21.9401,21.9401,8016,0
2015-01-08,16:25:00,21.94,21.94,21.94,21.94,700,0
2015-01-08,16:30:00,21.94,21.94,21.94,21.94,5438,0
2015-01-08,18:30:00,22.0099,22.0099,22.0099,22.0099,100,0
2015-01-08,18:40:00,22.0299,22.0299,22.0299,22.0299,100,0
2015-01-08,18:45:00,22.03,22.03,22.03,22.03,100,0
2015-01-08,18:55:00,22.04,22.04,22.04,22.04,100,0
2015-01-08,19:00:00,22.0399,22.0499,22.0399,22.0499,300,0
2015-01-08,19:15:00,22.05,22.05,22.05,22.05,100,0
2015-01-08,19:25:00,22.0599,22.06,22.0599,22.06,200,0
2015-01-08,19:30:00,22.0499,22.0499,22.0499,22.0499,100,0
2015-01-08,19:35:00,22.0213,22.05,22.0213,22.0496,5890,0
2015-01-08,19:40:00,22.04,22.04,22.04,22.04,100,0
2015-01-08,19:45:00,22.04,22.04,22.04,22.04,100,0
2015-01-08,19:50:00,22.03,22.03,22.03,22.03,100,0
2015-01-08,19:55:00,22.015,22.0199,22.015,22.0199,200,0
2015-01-08,20:00:00,22.0,22.0,22.0,22.0,100,0
2015-01-08,20:05:00,21.9999,21.9999,21.985,21.985,200,0
2015-01-08,20:10:00,22.0,22.0,22.0,22.0,100,0
2015-01-08,20:15:00,22.0,22.0,22.0,22.0,200,0
2015-01-08,20:20:00,21.98,21.98,21.98,21.98,600,0
2015-01-08,20:35:00,22.01,22.0199,22.01,22.0199,300,0
2015-01-08,20:40:00,22.0199,22.0199,22.0199,22.0199,100,0
2015-01-08,20:45:00,22.02,22.02,22.02,22.02,200,0
2015-01-08,20:50:00,22.0,22.0,22.0,22.0,400,0
2015-01-09,18:05:00,21.8203,21.8203,21.8203,21.8203,500,0
2015-01-09,18:25:00,21.874,21.874,21.874,21.874,200,0
2015-01-09,18:30:00,21.8599,21.8599,21.8599,21.8599,1974,0
2015-01-09,20:40:00,21.8104,21.8104,21.8104,21.8104,6000,0
2015-01-09,20:50:00,21.8404,21.8404,21.8404,21.8404,5294,0
2015-01-09,22:00:00,21.84,21.84,21.84,21.84,100,0
2015-01-12,17:00:00,21.796,21.796,21.796,21.796,5000,0
2015-01-12,18:55:00,21.7974,21.7974,21.7974,21.7974,9701,0
2015-01-12,20:00:00,21.79,21.79,21.79,21.79,14077,0
2015-01-12,20:10:00,21.8297,21.8297,21.8297,21.8297,950,0
2015-01-12,20:50:00,21.7597,21.7597,21.7597,21.7597,363,0
2015-01-13,15:35:00,22.0,22.0,22.0,22.0,460,0
2015-01-13,15:40:00,22.062,22.062,22.062,22.062,100,0
2015-01-13,15:45:00,22.06,22.06,22.06,22.06,1200,0
2015-01-13,17:05:00,22.0222,22.03,22.0222,22.0266,3041,0
2015-01-13,17:15:00,22.02,22.0201,22.02,22.0201,6183,0
2015-01-13,19:30:00,21.8962,21.8962,21.8962,21.8962,225,0
2015-01-13,19:35:00,21.8332,21.8332,21.8332,21.8332,200,0
2015-01-13,19:40:00,21.87,21.87,21.85,21.85,596,0
2015-01-13,21:25:00,21.7869,21.7869,21.7869,21.7869,246,0
2015-01-14,16:35:00,21.752,21.752,21.752,21.752,332,0
2015-01-14,19:20:00,21.63,21.63,21.63,21.63,500,0
2015-01-14,19:25:00,21.62,21.62,21.62,21.62,500,0
2015-01-14,19:55:00,21.621,21.621,21.621,21.621,684,0
2015-01-14,21:30:00,21.7872,21.7872,21.7872,21.7872,107,0
2015-01-15,15:35:00,22.1,22.1,22.1,22.1,850,0
2015-01-15,15:50:00,21.88,21.9,21.87,21.9,1758,0
2015-01-15,16:55:00,21.9112,21.9112,21.9112,21.9112,121,0
2015-01-15,17:15:00,21.9169,21.9169,21.9169,21.9169,150,0
2015-01-15,17:20:00,21.93,21.93,21.93,21.93,2126,0
2015-01-15,18:25:00,21.9643,21.9643,21.9643,21.9643,287,0
2015-01-15,18:40:00,21.93,21.93,21.9204,21.93,10210,0
2015-01-15,19:25:00,21.96,21.96,21.93,21.94,3702,0
2015-01-15,19:30:00,21.9799,21.9799,21.9799,21.9799,4000,0
2015-01-15,20:40:00,21.94,21.94,21.94,21.94,12556,0
2015-01-15,21:15:00,21.9763,21.9763,21.9763,21.9763,263,0
2015-01-15,21:25:00,21.9535,21.9535,21.9535,21.9535,465,0
2015-01-15,21:40:00,21.9916,21.9916,21.9916,21.9916,100,0
2015-01-15,21:55:00,21.97,21.97,21.97,21.97,300,0
2015-01-16,15:35:00,22.08,22.08,22.08,22.08,550,0
2015-01-16,19:05:00,22.1576,22.1576,22.1576,22.1576,150,0
2015-01-16,19:20:00,22.14,22.1406,22.14,22.14,9083,0
2015-01-16,19:40:00,22.1361,22.1361,22.1361,22.1361,1435,0
2015-01-16,19:45:00,22.1212,22.1212,22.1212,22.1212,2328,0
2015-01-16,21:45:00,22.22,22.22,22.22,22.22,400,0
2015-01-16,22:00:00,22.24,22.24,22.24,22.24,200,0
2015-01-20,15:35:00,22.4015,22.4015,22.4015,22.4015,650,0
2015-01-20,16:10:00,22.36,22.36,22.36,22.36,150,0
2015-01-20,16:35:00,22.3699,22.37,22.3699,22.37,2100,0
2015-01-20,18:05:00,22.271,22.271,22.271,22.271,204,0
2015-01-20,18:20:00,22.2514,22.2514,22.2514,22.2514,445,0
2015-01-20,19:15:00,22.26,22.3,22.24,22.3,36923,0
2015-01-20,19:40:00,22.3132,22.3132,22.3132,22.3132,855,0
2015-01-20,20:00:00,22.2939,22.2939,22.2939,22.2939,100,0
2015-01-20,20:25:00,22.3,22.3,22.3,22.3,200,0
2015-01-20,20:35:00,22.354,22.354,22.354,22.354,309,0
2015-01-21,15:35:00,22.35,22.35,22.35,22.35,1000,0
2015-01-21,15:40:00,22.3647,22.3647,22.3647,22.3647,525,0
2015-01-21,16:00:00,22.4199,22.4199,22.4199,22.4199,1167,0
2015-01-21,16:15:00,22.334,22.334,22.334,22.334,152,0
2015-01-21,16:20:00,22.38,22.38,22.38,22.38,20000,0
2015-01-21,16:25:00,22.42,22.42,22.42,22.42,10000,0
2015-01-21,16:50:00,22.4168,22.4237,22.4168,22.4237,4640,0
2015-01-21,16:55:00,22.47,22.47,22.47,22.47,26000,0
2015-01-21,17:05:00,22.51,22.51,22.51,22.51,2400,0
2015-01-21,17:10:00,22.478,22.478,22.478,22.478,2250,0
2015-01-21,18:55:00,22.488,22.488,22.488,22.488,1750,0
2015-01-21,20:30:00,22.4878,22.4878,22.4878,22.4878,435,0
2015-01-21,21:00:00,22.5284,22.5284,22.5284,22.5284,200,0
2015-01-21,21:05:00,22.54,22.54,22.54,22.54,134,0
2015-01-22,15:40:00,22.48,22.48,22.48,22.48,360,0
2015-01-22,16:15:00,22.5399,22.54,22.5399,22.54,1600,0
2015-01-22,17:15:00,22.54,22.54,22.54,22.54,200,0
2015-01-22,17:35:00,22.54,22.54,22.54,22.54,900,0
2015-01-22,18:10:00,22.5499,22.5499,22.5499,22.5499,680,0
2015-01-22,18:20:00,22.5596,22.56,22.5596,22.56,1950,0
2015-01-22,19:15:00,22.53,22.53,22.53,22.53,999,0
2015-01-22,19:35:00,22.5593,22.5593,22.5446,22.5446,7893,0
2015-01-22,20:55:00,22.6777,22.6777,22.6777,22.6777,825,0
2015-01-22,21:05:00,22.7,22.7,22.7,22.7,301,0
2015-01-22,21:20:00,22.7,22.7,22.7,22.7,800,0
2015-01-23,16:10:00,22.6,22.6,22.592,22.592,200,0
2015-01-23,16:20:00,22.57,22.57,22.57,22.57,400,0
2015-01-23,17:30:00,22.6599,22.6599,22.6599,22.6599,2976,0
2015-01-23,17:35:00,22.66,22.6699,22.66,22.66,3450,0
2015-01-23,17:50:00,22.67,22.67,22.67,22.67,615,0
2015-01-23,18:10:00,22.66,22.66,22.66,22.66,235,0
2015-01-23,18:15:00,22.6734,22.6734,22.6734,22.6734,175,0
2015-01-23,18:25:00,22.65,22.65,22.65,22.65,100,0
2015-01-23,19:10:00,22.6399,22.6399,22.6399,22.6399,1500,0
2015-01-23,19:20:00,22.6272,22.6272,22.6272,22.6272,1980,0
2015-01-23,19:40:00,22.57,22.57,22.57,22.57,13316,0
2015-01-23,19:45:00,22.64,22.64,22.64,22.64,300,0
2015-01-23,20:00:00,22.5851,22.5851,22.5851,22.5851,1869,0
2015-01-23,20:55:00,22.6,22.6099,22.6,22.6099,264,0
2015-01-23,21:05:00,22.5861,22.5861,22.5861,22.5861,615,0
2015-01-23,21:10:00,22.55,22.55,22.55,22.55,600,0
2015-01-23,21:35:00,22.5375,22.5375,22.5375,22.5375,196,0
2015-01-23,21:40:00,22.57,22.57,22.54,22.54,415,0
2015-01-26,15:35:00,22.67,22.67,22.66,22.66,300,0
2015-01-26,15:50:00,22.606,22.606,22.606,22.606,200,0
2015-01-26,15:55:00,22.615,22.615,22.615,22.615,100,0
2015-01-26,18:15:00,22.8099,22.8099,22.8099,22.8099,2340,0
2015-01-26,18:35:00,22.7737,22.7737,22.7737,22.7737,289,0
2015-01-26,18:40:00,22.75,22.75,22.7405,22.75,1400,0
2015-01-26,18:45:00,22.78,22.79,22.78,22.79,5000,0
2015-01-26,19:15:00,22.7999,22.7999,22.7999,22.7999,1100,0
2015-01-26,19:25:00,22.81,22.81,22.81,22.81,406,0
2015-01-26,19:50:00,22.782,22.782,22.782,22.782,100,0
2015-01-26,20:05:00,22.8399,22.8399,22.8399,22.8399,6000,0
2015-01-26,20:40:00,22.7701,22.7701,22.7701,22.7701,14900,0
2015-01-26,20:45:00,22.8083,22.8083,22.8083,22.8083,450,0
2015-01-26,21:20:00,22.7795,22.7795,22.7795,22.7795,300,0
2015-01-26,21:35:00,22.7882,22.7882,22.7882,22.7882,789,0
2015-01-26,21:55:00,22.7527,22.788,22.7527,22.788,2119,0
2015-01-26,22:00:00,22.8,22.8,22.8,22.8,1000,0
2015-01-27,15:45:00,22.6901,22.6901,22.6901,22.6901,2310,0
2015-01-27,17:05:00,22.7551,22.76,22.7551,22.76,421,0
2015-01-27,17:10:00,22.75,22.75,22.75,22.75,100,0
2015-01-27,17:15:00,22.77,22.78,22.77,22.78,400,0
2015-01-27,17:30:00,22.82,22.82,22.82,22.82,100,0
2015-01-27,17:35:00,22.81,22.81,22.81,22.81,100,0
2015-01-27,17:40:00,22.79,22.79,22.79,22.79,100,0
2015-01-27,17:45:00,22.79,22.79,22.79,22.79,500,0
2015-01-27,17:50:00,22.754,22.79,22.754,22.79,1267,0
2015-01-27,17:55:00,22.7903,22.7903,22.79,22.79,438,0
2015-01-27,18:00:00,22.7882,22.7882,22.7882,22.7882,116,0
2015-01-27,18:05:00,22.78,22.78,22.78,22.78,100,0
2015-01-27,18:10:00,22.78,22.78,22.78,22.78,18200,0
2015-01-27,18:20:00,22.7984,22.7984,22.7984,22.7984,800,0
2015-01-27,18:25:00,22.7872,22.7872,22.7872,22.7872,400,0
2015-01-27,19:20:00,22.838,22.86,22.838,22.86,4610,0
2015-01-27,19:40:00,22.8599,22.8599,22.8599,22.8599,165,0
2015-01-27,20:15:00,22.8599,22.86,22.8599,22.86,4600,0
2015-01-27,20:25:00,22.9,22.92,22.9,22.9196,7225,0
2015-01-27,20:30:00,22.91,22.92,22.91,22.915,5200,0
2015-01-27,20:35:00,22.9,22.9,22.9,22.9,5000,0
2015-01-27,21:20:00,22.88,22.88,22.88,22.88,1300,0
2015-01-27,21:35:00,22.79,22.79,22.79,22.79,250,0
2015-01-27,22:00:00,22.88,22.88,22.88,22.88,1207,0
2015-01-28,15:35:00,22.9,22.9,22.7849,22.7849,14274,0
2015-01-28,15:45:00,22.694,22.694,22.694,22.694,800,0
2015-01-28,16:05:00,22.7399,22.7399,22.7399,22.7399,1800,0
2015-01-28,16:10:00,22.73,22.74,22.73,22.74,800,0
2015-01-28,16:15:00,22.7399,22.7399,22.727,22.727,2350,0
2015-01-28,16:45:00,22.69,22.7,22.6804,22.6804,1300,0
2015-01-28,17:05:00,22.6855,22.6855,22.6855,22.6855,105,0
2015-01-28,17:30:00,22.67,22.6799,22.67,22.6799,1600,0
2015-01-28,19:10:00,22.7299,22.7299,22.7278,22.7278,5130,0
2015-01-28,19:55:00,22.7099,22.7099,22.7099,22.7099,2000,0
2015-01-28,20:20:00,22.62,22.62,22.62,22.62,200,0
2015-01-28,20:30:00,22.6,22.6,22.6,22.6,2000,0
2015-01-28,20:35:00,22.6,22.6,22.6,22.6,8000,0
2015-01-28,21:05:00,22.6199,22.6199,22.6199,22.6199,4400,0
2015-01-28,21:15:00,22.57,22.57,22.57,22.57,2700,0
2015-01-28,21:40:00,22.47,22.47,22.45,22.45,5186,0
2015-01-28,21:50:00,22.43,22.43,22.43,22.43,100,0
2015-01-28,21:55:00,22.43,22.45,22.43,22.45,5100,0
2015-01-28,22:00:00,22.45,22.46,22.4445,22.4445,19000,0
2015-01-29,16:45:00,22.5486,22.5486,22.5486,22.5486,300,0
2015-01-29,17:25:00,22.5063,22.53,22.5063,22.53,350,0
2015-01-29,18:05:00,22.5059,22.5059,22.5059,22.5059,1972,0
2015-01-29,18:40:00,22.512,22.52,22.512,22.52,1100,0
2015-01-29,19:15:00,22.5237,22.5237,22.5237,22.5237,200,0
2015-01-29,19:45:00,22.5808,22.5808,22.5808,22.5808,1000,0
2015-01-29,20:00:00,22.62,22.63,22.62,22.62,12705,0
2015-01-29,20:20:00,22.567,22.567,22.567,22.567,1000,0
2015-01-29,20:35:00,22.64,22.6599,22.64,22.6599,4100,0
2015-01-29,20:45:00,22.65,22.66,22.65,22.66,11024,0
2015-01-29,21:25:00,22.5901,22.5901,22.5901,22.5901,3150,0
2015-01-29,22:00:00,22.69,22.7,22.69,22.7,5280,0
2015-01-30,16:30:00,22.4662,22.4662,22.43,22.43,1160,0
2015-01-30,16:35:00,22.4,22.4,22.4,22.4,100,0
2015-01-30,16:45:00,22.42,22.42,22.4172,22.4172,511,0
2015-01-30,16:50:00,22.43,22.43,22.43,22.43,800,0
2015-01-30,17:10:00,22.4,22.4,22.4,22.4,100,0
2015-01-30,17:30:00,22.3885,22.3885,22.3885,22.3885,450,0
2015-01-30,18:05:00,22.3985,22.3985,22.3985,22.3985,121,0
2015-01-30,18:30:00,22.3912,22.3912,22.3912,22.3912,1616,0
2015-01-30,19:05:00,22.4256,22.4256,22.4256,22.4256,2000,0
2015-01-30,19:55:00,22.4499,22.4499,22.4499,22.4499,180,0
2015-01-30,20:00:00,22.4089,22.4089,22.4089,22.4089,706,0
2015-01-30,20:20:00,22.4107,22.4292,22.4107,22.4292,764,0
2015-01-30,20:40:00,22.5135,22.5135,22.5135,22.5135,500,0
2015-01-30,20:55:00,22.4842,22.4842,22.4842,22.4842,1000,0
2015-01-30,21:05:00,22.4367,22.4367,22.4367,22.4367,240,0
2015-01-30,21:10:00,22.42,22.42,22.42,22.42,100,0
2015-01-30,21:15:00,22.42,22.42,22.42,22.42,100,0
2015-01-30,21:20:00,22.409,22.41,22.409,22.41,900,0
2015-01-30,21:25:00,22.41,22.41,22.41,22.41,1338,0
2015-01-30,21:30:00,22.39,22.39,22.39,22.39,100,0
2015-01-30,21:35:00,22.41,22.41,22.41,22.41,100,0
2015-01-30,21:40:00,22.41,22.41,22.41,22.41,100,0
2015-01-30,21:45:00,22.41,22.41,22.39,22.39,200,0
2015-01-30,21:50:00,22.37,22.37,22.37,22.37,100,0
2015-01-30,21:55:00,22.36,22.36,22.36,22.36,200,0
2015-01-30,22:00:00,22.36,22.36,22.36,22.36,300,0
2015-02-02,16:00:00,22.436,22.436,22.436,22.436,124,0
2015-02-02,16:25:00,22.42,22.42,22.42,22.42,6000,0
2015-02-02,17:00:00,22.458,22.458,22.45,22.45,2000,0
2015-02-02,17:05:00,22.45,22.45,22.45,22.45,6041,0
2015-02-02,17:10:00,22.48,22.49,22.48,22.48,5288,0
2015-02-02,17:45:00,22.5192,22.5192,22.5192,22.5192,705,0
2015-02-02,18:30:00,22.538,22.538,22.538,22.538,875,0
2015-02-02,19:10:00,22.3769,22.3769,22.3769,22.3769,7429,0
2015-02-02,20:15:00,22.46,22.46,22.4376,22.4376,3200,0
2015-02-02,20:25:00,22.47,22.47,22.47,22.47,100,0
2015-02-02,20:30:00,22.47,22.47,22.47,22.47,200,0
2015-02-02,20:35:00,22.48,22.48,22.48,22.48,100,0
2015-02-02,20:40:00,22.48,22.48,22.47,22.47,200,0
2015-02-02,20:45:00,22.45,22.45,22.45,22.45,200,0
2015-02-02,20:50:00,22.45,22.45,22.45,22.45,200,0
2015-02-02,20:55:00,22.45,22.45,22.45,22.45,500,0
2015-02-02,21:10:00,22.4134,22.4265,22.4134,22.4265,474,0
2015-02-02,21:15:00,22.45,22.45,22.45,22.45,500,0
2015-02-02,21:20:00,22.5199,22.5199,22.5199,22.5199,1800,0
2015-02-02,21:25:00,22.5139,22.5199,22.46,22.5199,14808,0
2015-02-02,21:30:00,22.4689,22.4689,22.4689,22.4689,447,0
2015-02-02,22:00:00,22.6044,22.6044,22.6044,22.6044,300,0
2015-02-03,15:50:00,22.87,22.87,22.87,22.87,20138,0
2015-02-03,15:55:00,22.87,22.87,22.87,22.87,2500,0
2015-02-03,16:05:00,22.9,22.9,22.9,22.9,600,0
2015-02-03,16:10:00,22.87,22.87,22.87,22.87,494,0
2015-02-03,17:25:00,22.8797,22.8797,22.8797,22.8797,1919,0
2015-02-03,17:40:00,22.9499,22.9499,22.9499,22.9499,800,0
2015-02-03,17:45:00,22.94,22.94,22.94,22.94,1000,0
2015-02-03,17:50:00,22.92,22.92,22.92,22.92,500,0
2015-02-03,17:55:00,22.92,22.92,22.92,22.92,600,0
2015-02-03,18:05:00,22.8825,22.8825,22.8825,22.8825,142,0
2015-02-03,18:10:00,22.9499,22.95,22.8401,22.95,2156,0
2015-02-03,18:45:00,22.94,22.94,22.94,22.94,1500,0
2015-02-03,19:35:00,23.0,23.0,23.0,23.0,500,0
2015-02-03,20:20:00,23.0,23.0,23.0,23.0,100,0
2015-02-03,21:30:00,23.05,23.06,23.05,23.05,3100,0
2015-02-03,21:35:00,23.0101,23.06,23.0101,23.06,870,0
2015-02-04,15:35:00,22.98,22.98,22.96,22.96,1400,0
2015-02-04,15:40:00,22.9,22.9,22.89,22.89,500,0
2015-02-04,17:45:00,23.044,23.06,23.044,23.046,5600,0
2015-02-04,17:50:00,23.0376,23.0376,23.011,23.011,1932,0
2015-02-04,18:25:00,23.0101,23.0101,23.0101,23.0101,200,0
2015-02-04,18:30:00,23.01,23.01,23.01,23.01,1000,0
2015-02-04,19:05:00,23.023,23.0599,23.023,23.0599,360,0
2015-02-04,19:10:00,23.0599,23.0599,23.0599,23.0599,275,0
2015-02-04,19:35:00,23.0292,23.0292,23.0292,23.0292,200,0
2015-02-04,19:55:00,23.0397,23.0397,22.99,22.99,1000,0
2015-02-04,20:00:00,22.9301,22.9301,22.9301,22.9301,500,0
2015-02-04,20:25:00,22.9559,22.9559,22.9559,22.9559,146,0
2015-02-04,21:45:00,22.99,22.99,22.99,22.99,300,0
2015-02-04,21:50:00,22.94,22.94,22.92,22.92,500,0
2015-02-04,22:00:00,22.87,22.91,22.87,22.91,800,0
2015-02-05,15:50:00,23.04,23.04,23.04,23.04,400,0
2015-02-05,16:05:00,23.04,23.05,23.04,23.05,5340,0
2015-02-05,16:35:00,23.1,23.1,23.1,23.1,100,0
2015-02-05,16:45:00,23.1,23.1,23.1,23.1,100,0
2015-02-05,16:50:00,23.15,23.15,23.15,23.15,200,0
2015-02-05,16:55:00,23.15,23.15,23.15,23.15,100,0
2015-02-05,17:00:00,23.15,23.15,23.15,23.15,100,0
2015-02-05,17:05:00,23.15,23.15,23.15,23.15,200,0
2015-02-05,17:15:00,23.15,23.15,23.15,23.15,100,0
2015-02-05,17:20:00,23.15,23.15,23.15,23.15,300,0
2015-02-05,17:25:00,23.13,23.13,23.13,23.13,100,0
2015-02-05,17:30:00,23.13,23.13,23.13,23.13,200,0
2015-02-05,17:35:00,23.13,23.13,23.13,23.13,100,0
2015-02-05,17:40:00,23.13,23.13,23.13,23.13,100,0
2015-02-05,17:45:00,23.13,23.13,23.13,23.13,100,0
2015-02-05,17:50:00,23.13,23.13,23.13,23.13,100,0
2015-02-05,17:55:00,23.13,23.13,23.13,23.13,100,0
2015-02-05,18:00:00,23.138,23.138,23.13,23.13,425,0
2015-02-05,18:10:00,23.13,23.13,23.13,23.13,300,0
2015-02-05,18:15:00,23.13,23.13,23.13,23.13,100,0
2015-02-05,18:20:00,23.11,23.13,23.11,23.13,200,0
2015-02-05,18:25:00,23.13,23.13,23.13,23.13,200,0
2015-02-05,18:35:00,23.13,23.1399,23.13,23.1399,275,0
2015-02-05,18:40:00,23.13,23.13,23.13,23.13,100,0
2015-02-05,18:45:00,23.13,23.13,23.13,23.13,100,0
2015-02-05,18:50:00,23.1384,23.1384,23.13,23.13,300,0
2015-02-05,18:55:00,23.1,23.1,23.1,23.1,200,0
2015-02-05,19:00:00,23.12,23.12,23.12,23.12,100,0
2015-02-05,19:05:00,23.12,23.12,23.12,23.12,100,0
2015-02-05,19:10:00,23.12,23.12,23.12,23.12,100,0
2015-02-05,19:20:00,23.13,23.13,23.13,23.13,100,0
2015-02-05,19:25:00,23.13,23.13,23.13,23.13,100,0
2015-02-05,19:30:00,23.13,23.13,23.13,23.13,100,0
2015-02-05,19:40:00,23.13,23.13,23.13,23.13,100,0
2015-02-05,19:50:00,23.14,23.14,23.14,23.14,100,0
2015-02-05,19:55:00,23.14,23.14,23.14,23.14,400,0
2015-02-05,20:05:00,23.19,23.19,23.19,23.19,100,0
2015-02-05,20:15:00,23.17,23.17,23.17,23.17,100,0
2015-02-05,20:20:00,23.17,23.17,23.17,23.17,100,0
2015-02-05,20:25:00,23.17,23.19,23.17,23.19,10100,0
2015-02-05,20:30:00,23.18,23.18,23.18,23.18,100,0
2015-02-05,20:35:00,23.18,23.18,23.18,23.18,300,0
2015-02-05,20:40:00,23.18,23.18,23.18,23.18,200,0
2015-02-05,20:45:00,23.18,23.18,23.18,23.18,100,0
2015-02-05,20:55:00,23.17,23.17,23.17,23.17,100,0
2015-02-05,21:00:00,23.17,23.17,23.17,23.17,100,0
2015-02-05,21:10:00,23.17,23.17,23.17,23.17,100,0
2015-02-05,21:15:00,23.17,23.17,23.17,23.17,100,0
2015-02-05,21:20:00,23.17,23.17,23.17,23.17,100,0
2015-02-05,21:25:00,23.17,23.17,23.17,23.17,100,0
2015-02-05,21:30:00,23.17,23.17,23.17,23.17,100,0
2015-02-05,21:35:00,23.1799,23.19,23.1799,23.19,8400,0
2015-02-05,21:40:00,23.19,23.19,23.19,23.19,800,0
2015-02-06,15:35:00,23.11,23.11,23.11,23.11,716,0
2015-02-06,16:00:00,23.0599,23.0599,23.0599,23.0599,6000,0
2015-02-06,17:35:00,23.07,23.07,23.07,23.07,360,0
2015-02-06,18:45:00,23.04,23.06,23.0,23.0,10600,0
2015-02-06,19:10:00,22.97,22.97,22.97,22.97,100,0
2015-02-06,19:15:00,22.97,22.97,22.96,22.96,5300,0
2015-02-06,19:30:00,22.92,22.92,22.91,22.91,3000,0
2015-02-06,20:50:00,22.9101,22.9101,22.9101,22.9101,555,0
2015-02-06,20:55:00,22.9101,22.9101,22.9101,22.9101,754,0
2015-02-06,21:05:00,22.91,22.91,22.91,22.91,500,0
2015-02-06,21:15:00,22.8573,22.888,22.8573,22.888,1373,0
2015-02-06,21:50:00,22.9,22.9,22.9,22.9,100,0
2015-02-06,21:55:00,22.8992,22.8992,22.8992,22.8992,870,0
2015-02-06,22:00:00,22.92,22.92,22.92,22.92,444,0
2015-02-09,15:50:00,22.8921,22.8921,22.8921,22.8921,109,0
2015-02-09,16:20:00,22.93,22.93,22.93,22.93,700,0
2015-02-09,20:40:00,22.95,22.95,22.95,22.95,100,0
2015-02-09,20:50:00,22.9365,22.9365,22.9365,22.9365,528,0
2015-02-09,21:30:00,22.8999,22.8999,22.8999,22.8999,305,0
2015-02-10,15:35:00,23.1,23.1,23.1,23.1,387,0
2015-02-10,15:55:00,22.9925,22.9925,22.9925,22.9925,3828,0
2015-02-10,17:20:00,22.8592,22.8592,22.8592,22.8592,200,0
2015-02-10,18:30:00,22.9501,22.9501,22.9501,22.9501,236,0
2015-02-10,19:15:00,22.9968,22.9968,22.9745,22.9745,2600,0
2015-02-11,16:30:00,22.9,22.92,22.9,22.92,3300,0
2015-02-11,16:40:00,22.876,22.876,22.876,22.876,175,0
2015-02-11,17:10:00,22.95,22.95,22.85,22.85,500,0
2015-02-11,17:35:00,22.9181,22.9181,22.9181,22.9181,2400,0
2015-02-11,18:45:00,22.915,22.915,22.915,22.915,5299,0
2015-02-11,19:05:00,22.8921,22.8921,22.8921,22.8921,103,0
2015-02-12,15:35:00,23.28,23.28,23.28,23.28,11044,0
2015-02-12,15:55:00,23.253,23.253,23.253,23.253,800,0
2015-02-12,16:25:00,23.23,23.23,23.23,23.23,200,0
2015-02-12,16:35:00,23.22,23.22,23.22,23.22,10400,0
2015-02-12,18:40:00,23.2656,23.2656,23.2656,23.2656,750,0
2015-02-12,18:55:00,23.2699,23.2699,23.2699,23.2699,400,0
2015-02-12,19:55:00,23.23,23.23,23.23,23.23,388,0
2015-02-12,20:25:00,23.2989,23.2989,23.2989,23.2989,150,0
2015-02-12,21:30:00,23.3,23.36,23.3,23.36,6701,0
2015-02-12,21:40:00,23.36,23.36,23.36,23.36,600,0
2015-02-12,21:45:00,23.3472,23.3472,23.3472,23.3472,100,0
2015-02-12,21:50:00,23.3404,23.3404,23.3404,23.3404,165,0
2015-02-13,15:40:00,23.4786,23.51,23.4786,23.51,3635,0
2015-02-13,15:50:00,23.51,23.54,23.45,23.45,1800,0
2015-02-13,16:15:00,23.4611,23.4611,23.4611,23.4611,640,0
2015-02-13,18:20:00,23.52,23.52,23.52,23.52,450,0
2015-02-13,18:50:00,23.51,23.53,23.51,23.52,10200,0
2015-02-13,19:00:00,23.5599,23.5599,23.5599,23.5599,268,0
2015-02-13,19:15:00,23.56,23.56,23.56,23.56,1300,0
2015-02-13,19:40:00,23.52,23.52,23.52,23.52,25000,0
2015-02-13,19:50:00,23.522,23.522,23.522,23.522,140,0
2015-02-13,20:00:00,23.52,23.52,23.52,23.52,5500,0
2015-02-13,21:45:00,23.54,23.57,23.54,23.57,5500,0
2015-02-13,21:50:00,23.55,23.56,23.55,23.55,4300,0
2015-02-13,21:55:00,23.56,23.56,23.5395,23.54,1600,0
2015-02-13,22:00:00,23.54,23.55,23.54,23.54,1700,0
2015-02-17,16:10:00,23.4516,23.4516,23.4516,23.4516,300,0
2015-02-17,16:25:00,23.47,23.47,23.47,23.47,930,0
2015-02-17,16:45:00,23.47,23.47,23.47,23.47,500,0
2015-02-17,17:25:00,23.515,23.515,23.51,23.51,807,0
2015-02-17,18:15:00,23.52,23.52,23.52,23.52,400,0
2015-02-17,19:15:00,23.64,23.64,23.64,23.64,200,0
2015-02-17,19:20:00,23.6409,23.6409,23.6409,23.6409,700,0
2015-02-17,20:10:00,23.64,23.65,23.64,23.65,13100,0
2015-02-17,20:20:00,23.6599,23.6599,23.6599,23.6599,3166,0
2015-02-17,20:45:00,23.601,23.601,23.601,23.601,7200,0
2015-02-17,21:15:00,23.653,23.653,23.653,23.653,424,0
2015-02-17,21:25:00,23.64,23.65,23.64,23.65,8200,0
2015-02-17,21:40:00,23.6,23.6,23.6,23.6,200,0
2015-02-17,21:50:00,23.59,23.6488,23.59,23.6488,249,0
2015-02-17,21:55:00,23.59,23.59,23.59,23.59,900,0
2015-02-18,15:55:00,23.64,23.64,23.64,23.64,3300,0
2015-02-18,17:15:00,23.5701,23.5701,23.5701,23.5701,408,0
2015-02-18,17:30:00,23.6504,23.6504,23.6504,23.6504,205,0
2015-02-18,17:40:00,23.591,23.591,23.591,23.591,388,0
2015-02-18,17:45:00,23.63,23.63,23.63,23.63,1164,0
2015-02-18,18:40:00,23.621,23.621,23.621,23.621,360,0
2015-02-18,20:05:00,23.63,23.63,23.63,23.63,200,0
2015-02-18,20:15:00,23.73,23.74,23.73,23.74,20000,0
2015-02-18,20:30:00,23.73,23.73,23.73,23.73,100,0
2015-02-18,20:35:00,23.73,23.74,23.7088,23.74,518,0
2015-02-18,20:40:00,23.74,23.74,23.74,23.74,200,0
2015-02-18,20:45:00,23.74,23.74,23.74,23.74,200,0
2015-02-18,20:50:00,23.74,23.74,23.74,23.74,200,0
2015-02-18,20:55:00,23.74,23.74,23.7,23.74,2900,0
2015-02-18,21:00:00,23.74,23.74,23.74,23.74,200,0
2015-02-18,21:05:00,23.74,23.74,23.74,23.74,200,0
2015-02-18,21:10:00,23.74,23.74,23.74,23.74,1963,0
2015-02-18,21:15:00,23.74,23.74,23.74,23.74,200,0
2015-02-18,21:20:00,23.74,23.74,23.74,23.74,200,0
2015-02-18,21:25:00,23.74,23.74,23.74,23.74,200,0
2015-02-18,21:30:00,23.74,23.74,23.7255,23.7255,425,0
2015-02-18,21:35:00,23.74,23.74,23.74,23.74,200,0
2015-02-18,21:40:00,23.74,23.74,23.74,23.74,300,0
2015-02-18,21:45:00,23.74,23.74,23.74,23.74,300,0
2015-02-18,21:50:00,23.74,23.74,23.74,23.74,200,0
2015-02-18,21:55:00,23.74,23.74,23.74,23.74,400,0
2015-02-18,22:00:00,23.74,23.74,23.74,23.74,900,0
2015-02-19,15:35:00,23.74,23.74,23.74,23.74,735,0
2015-02-19,15:55:00,23.67,23.67,23.67,23.67,3885,0
2015-02-19,18:40:00,23.7299,23.7299,23.7299,23.7299,400,0
2015-02-19,21:30:00,23.67,23.73,23.67,23.73,685,0
2015-02-20,15:35:00,23.64,23.64,23.64,23.64,1880,0
2015-02-20,16:25:00,23.6,23.6,23.6,23.6,300,0
2015-02-20,17:10:00,23.6962,23.6962,23.6962,23.6962,1000,0
2015-02-20,17:15:00,23.7199,23.7199,23.7199,23.7199,1100,0
2015-02-20,17:45:00,23.74,23.74,23.74,23.74,1500,0
2015-02-20,17:55:00,23.75,23.75,23.75,23.75,2000,0
2015-02-20,18:25:00,23.75,23.7599,23.75,23.7599,4300,0
2015-02-20,18:30:00,23.75,23.75,23.75,23.75,6000,0
2015-02-20,19:05:00,23.82,23.87,23.82,23.87,1500,0
2015-02-20,20:00:00,23.8001,23.8001,23.8001,23.8001,200,0
2015-02-20,20:05:00,23.91,23.91,23.91,23.91,100,0
2015-02-20,20:10:00,23.91,23.91,23.91,23.91,100,0
2015-02-20,20:15:00,23.85,23.9,23.85,23.9,463,0
2015-02-20,20:20:00,23.9,23.9,23.9,23.9,100,0
2015-02-20,20:25:00,23.9,23.91,23.9,23.9,10000,0
2015-02-20,20:30:00,23.9,23.9,23.9,23.9,100,0
2015-02-20,20:35:00,23.9,23.9,23.9,23.9,500,0
2015-02-20,20:40:00,23.9,23.9,23.9,23.9,400,0
2015-02-20,20:45:00,23.9,23.9,23.9,23.9,500,0
2015-02-20,20:50:00,23.9,23.9,23.9,23.9,500,0
2015-02-20,20:55:00,23.9,23.9,23.9,23.9,500,0
2015-02-20,21:00:00,23.9,23.908,23.9,23.9,1500,0
2015-02-20,21:05:00,23.91,23.91,23.91,23.91,500,0
2015-02-20,21:10:00,23.91,23.91,23.91,23.91,400,0
2015-02-20,21:15:00,23.96,23.96,23.96,23.96,100,0
2015-02-20,21:20:00,23.96,23.96,23.96,23.96,100,0
2015-02-20,21:25:00,23.95,23.95,23.95,23.95,100,0
2015-02-20,21:30:00,23.95,23.95,23.95,23.95,100,0
2015-02-20,21:35:00,23.95,23.95,23.9215,23.95,1000,0
2015-02-20,21:40:00,23.95,23.95,23.95,23.95,900,0
2015-02-20,21:45:00,23.95,23.95,23.95,23.95,900,0
2015-02-20,21:50:00,23.95,23.95,23.95,23.95,1100,0
2015-02-20,21:55:00,23.95,23.95,23.95,23.95,1500,0
2015-02-20,22:00:00,23.95,23.95,23.87,23.87,4200,0
2015-02-23,15:35:00,23.82,23.82,23.75,23.75,600,0
2015-02-23,15:45:00,23.702,23.702,23.702,23.702,900,0
2015-02-23,15:55:00,23.6901,23.6901,23.6901,23.6901,2900,0
2015-02-23,16:00:00,23.79,23.7989,23.79,23.7989,2804,0
2015-02-23,17:20:00,23.73,23.73,23.73,23.73,300,0
2015-02-23,19:00:00,23.78,23.78,23.78,23.78,100,0
2015-02-23,19:05:00,23.84,23.84,23.84,23.84,4000,0
2015-02-23,19:20:00,23.82,23.82,23.82,23.82,100,0
2015-02-23,19:25:00,23.82,23.82,23.82,23.82,100,0
2015-02-23,19:30:00,23.7835,23.7835,23.7835,23.7835,1000,0
2015-02-23,19:35:00,23.82,23.82,23.82,23.82,100,0
2015-02-23,19:50:00,23.84,23.84,23.84,23.84,100,0
2015-02-23,19:55:00,23.84,23.84,23.84,23.84,100,0
2015-02-23,20:05:00,23.84,23.84,23.84,23.84,100,0
2015-02-23,20:10:00,23.84,23.84,23.84,23.84,100,0
2015-02-23,20:20:00,23.84,23.84,23.84,23.84,100,0
2015-02-23,20:25:00,23.84,23.84,23.84,23.84,200,0
2015-02-23,20:30:00,23.84,23.84,23.84,23.84,100,0
2015-02-23,20:40:00,23.84,23.84,23.84,23.84,100,0
2015-02-23,20:45:00,23.84,23.84,23.84,23.84,100,0
2015-02-23,20:50:00,23.84,23.84,23.84,23.84,100,0
2015-02-23,21:00:00,23.84,23.84,23.84,23.84,100,0
2015-02-23,21:05:00,23.84,23.84,23.84,23.84,100,0
2015-02-23,21:10:00,23.81,23.81,23.81,23.81,100,0
2015-02-23,21:25:00,23.81,23.81,23.81,23.81,100,0
2015-02-23,21:35:00,23.81,23.81,23.81,23.81,100,0
2015-02-23,21:40:00,23.81,23.81,23.81,23.81,200,0
2015-02-23,21:45:00,23.81,23.81,23.81,23.81,100,0
2015-02-23,21:50:00,23.81,23.81,23.81,23.81,100,0
2015-02-23,21:55:00,23.81,23.81,23.81,23.81,200,0
2015-02-23,22:00:00,23.81,23.81,23.81,23.81,300,0
