Date,Time,Open,High,Low,Close,Volume,OpenInt
2015-01-22,17:10:00,56.900,56.969,56.900,56.969,1322,0
2015-01-22,17:15:00,56.673,56.673,56.673,56.673,610,0
2015-01-22,17:30:00,56.791,56.791,56.791,56.791,1322,0
2015-01-22,18:35:00,57.018,57.028,56.86,56.939,2135,0
2015-01-22,18:40:00,56.851,57.008,56.791,56.91,6507,0
2015-01-22,18:55:00,56.988,56.988,56.988,56.988,203,0
2015-01-22,19:20:00,56.801,56.801,56.801,56.801,407,0
2015-01-22,19:35:00,56.562,56.562,56.562,56.562,2033,0
2015-01-22,20:00:00,57.067,57.067,57.067,57.067,407,0
2015-01-22,20:15:00,56.369,56.369,56.359,56.359,305,0
2015-01-22,20:20:00,56.535,56.535,56.535,56.535,4545,0
2015-01-22,20:45:00,56.575,56.595,56.421,56.421,11834,0
2015-01-22,20:55:00,56.693,56.693,56.693,56.693,3152,0
2015-01-22,21:15:00,56.654,56.654,56.428,56.428,3050,0
2015-01-22,21:30:00,56.349,56.437,56.349,56.437,2135,0
2015-01-22,21:40:00,56.437,56.437,56.437,56.437,2440,0
2015-01-22,21:55:00,56.437,56.447,56.319,56.319,2846,0
2015-01-22,22:00:00,56.054,56.516,56.054,56.388,3333,0
2015-01-23,16:05:00,56.242,56.242,56.242,56.242,1539,0
2015-01-23,17:00:00,56.477,56.477,56.477,56.477,305,0
2015-01-23,17:05:00,56.447,56.447,56.447,56.447,610,0
2015-01-23,17:10:00,56.349,56.349,56.349,56.349,712,0
2015-01-23,18:10:00,55.985,56.113,55.857,55.985,2135,0
2015-01-23,18:15:00,55.94,56.398,55.94,56.119,9913,0
2015-01-23,18:25:00,56.339,56.388,56.064,56.231,1500,0
2015-01-23,18:30:00,55.887,55.926,55.887,55.926,508,0
2015-01-23,18:35:00,56.192,56.192,56.192,56.192,102,0
2015-01-23,18:40:00,56.132,56.132,56.132,56.132,305,0
2015-01-23,19:00:00,56.182,56.29,55.955,55.955,2237,0
2015-01-23,19:20:00,56.241,56.241,56.241,56.241,305,0
2015-01-23,19:35:00,55.837,55.837,55.837,55.837,203,0
2015-01-23,19:50:00,56.103,56.103,56.103,56.103,610,0
2015-01-23,20:05:00,55.631,55.631,55.631,55.631,1220,0
2015-01-23,20:10:00,55.631,55.631,55.631,55.631,305,0
2015-01-23,20:15:00,55.818,55.867,55.424,55.867,1582,0
2015-01-23,20:20:00,55.503,55.503,55.454,55.454,1017,0
2015-01-23,20:25:00,55.533,55.857,55.533,55.857,1728,0
2015-01-23,20:30:00,55.926,55.926,55.926,55.926,1118,0
2015-01-23,20:50:00,56.06,56.064,55.982,56.064,935,0
2015-01-23,21:00:00,56.032,56.032,56.032,56.032,458,0
2015-01-23,21:10:00,56.064,56.064,56.064,56.064,203,0
2015-01-23,21:20:00,56.064,56.064,56.064,56.064,305,0
2015-01-23,21:30:00,55.916,55.916,55.916,55.916,102,0
2015-01-23,21:35:00,56.044,56.044,56.044,56.044,1312,0
2015-01-23,21:45:00,56.044,56.044,56.044,56.044,407,0
2015-01-23,21:50:00,56.044,56.137,56.044,56.137,1423,0
2015-01-23,22:00:00,56.211,56.241,55.887,55.887,2460,0
2015-01-26,15:40:00,55.965,55.965,55.69,55.69,305,0
2015-01-26,15:55:00,56.064,56.064,55.572,55.572,3066,0
2015-01-26,16:20:00,55.611,55.837,55.611,55.67,610,0
2015-01-26,16:25:00,55.917,56.08,55.66,55.66,986,0
2015-01-26,16:40:00,55.975,55.975,55.975,55.975,305,0
2015-01-26,16:45:00,56.182,56.192,56.182,56.192,712,0
2015-01-26,17:00:00,55.941,55.941,55.941,55.941,388,0
2015-01-26,17:05:00,56.25,56.25,55.941,55.941,956,0
2015-01-26,17:15:00,56.349,56.349,55.965,55.965,720,0
2015-01-26,17:20:00,55.779,56.26,55.779,56.064,2110,0
2015-01-26,17:30:00,56.078,56.103,56.078,56.078,915,0
2015-01-26,17:40:00,55.916,56.014,55.916,56.005,1598,0
2015-01-26,17:45:00,56.339,56.339,56.339,56.339,407,0
2015-01-26,17:55:00,56.506,56.506,56.506,56.506,102,0
2015-01-26,18:00:00,56.314,56.314,56.314,56.314,127,0
2015-01-26,18:05:00,56.147,56.147,56.147,56.147,110,0
2015-01-26,18:10:00,56.546,56.546,56.162,56.162,407,0
2015-01-26,18:25:00,56.16,56.16,56.16,56.16,915,0
2015-01-26,19:10:00,56.359,56.359,56.359,56.359,203,0
2015-01-26,19:15:00,56.536,56.536,56.536,56.536,102,0
2015-01-26,19:20:00,56.546,56.555,56.546,56.555,610,0
2015-01-26,19:25:00,56.605,56.605,56.605,56.605,305,0
2015-01-26,19:30:00,56.359,56.359,56.359,56.359,153,0
2015-01-26,19:35:00,56.516,56.516,56.359,56.359,1423,0
2015-01-26,19:40:00,56.349,56.373,56.319,56.373,508,0
2015-01-26,19:50:00,56.329,56.487,56.064,56.064,2020,0
2015-01-26,20:00:00,56.201,56.201,56.201,56.201,102,0
2015-01-26,20:10:00,56.26,56.541,56.26,56.541,305,0
2015-01-26,20:15:00,56.59,56.59,56.585,56.585,1220,0
2015-01-26,20:35:00,56.565,56.565,56.565,56.565,1017,0
2015-01-26,21:10:00,56.664,56.664,56.565,56.609,1220,0
2015-01-26,21:15:00,56.762,56.762,56.752,56.752,305,0
2015-01-26,21:20:00,56.772,56.772,56.555,56.762,508,0
2015-01-26,21:25:00,56.762,56.791,56.673,56.791,958,0
2015-01-26,21:30:00,56.752,56.752,56.752,56.752,407,0
2015-01-26,21:35:00,56.693,56.693,56.659,56.659,915,0
2015-01-26,21:40:00,56.585,56.742,56.516,56.742,3355,0
2015-01-26,21:50:00,56.231,56.251,56.231,56.251,610,0
2015-01-26,21:55:00,56.487,56.487,56.487,56.487,102,0
2015-01-26,22:00:00,56.378,56.467,56.123,56.467,1932,0
2015-01-27,15:55:00,55.599,55.599,55.572,55.572,4448,0
2015-01-27,16:00:00,55.67,55.67,55.67,55.67,306,0
2015-01-27,16:10:00,55.837,56.005,55.828,55.828,611,0
2015-01-27,16:15:00,55.975,55.975,55.621,55.69,1020,0
2015-01-27,16:20:00,55.739,55.739,55.601,55.601,306,0
2015-01-27,16:30:00,55.643,55.721,55.572,55.572,499,0
2015-01-27,16:35:00,55.739,55.739,55.68,55.68,306,0
2015-01-27,16:40:00,55.67,55.808,55.67,55.808,612,0
2015-01-27,16:45:00,55.808,55.818,55.808,55.818,3213,0
2015-01-27,16:50:00,56.241,56.251,56.241,56.251,306,0
2015-01-27,16:55:00,56.339,56.339,56.339,56.339,102,0
2015-01-27,17:00:00,56.447,56.447,56.447,56.447,510,0
2015-01-27,17:35:00,56.193,56.193,56.193,56.193,407,0
2015-01-27,17:40:00,56.113,56.113,56.113,56.113,153,0
2015-01-27,17:50:00,56.149,56.149,56.149,56.149,102,0
2015-01-27,18:05:00,56.28,56.28,56.28,56.28,560,0
2015-01-27,18:10:00,56.173,56.428,56.173,56.428,558,0
2015-01-27,18:15:00,56.452,56.555,56.452,56.555,204,0
2015-01-27,18:40:00,56.378,56.378,56.378,56.378,204,0
2015-01-27,18:50:00,56.383,56.383,56.383,56.383,306,0
2015-01-27,19:00:00,56.528,56.528,56.528,56.528,408,0
2015-01-27,19:30:00,56.482,56.482,56.339,56.339,7016,0
2015-01-27,19:35:00,56.457,56.457,56.241,56.241,816,0
2015-01-27,20:00:00,56.251,56.251,56.251,56.251,102,0
2015-01-27,20:10:00,56.354,56.354,56.354,56.354,510,0
2015-01-27,20:30:00,56.285,56.3,56.251,56.3,918,0
2015-01-27,20:35:00,56.492,56.492,56.492,56.492,290,0
2015-01-27,20:40:00,56.408,56.555,56.408,56.555,510,0
2015-01-27,20:45:00,56.688,56.91,56.688,56.891,570,0
2015-01-27,20:55:00,56.708,56.708,56.517,56.517,916,0
2015-01-27,21:00:00,56.546,56.546,56.506,56.506,1020,0
2015-01-27,21:10:00,56.501,56.703,56.501,56.703,408,0
2015-01-27,21:30:00,56.57,56.703,56.57,56.6,584,0
2015-01-27,21:35:00,56.605,56.605,56.605,56.605,153,0
2015-01-27,21:40:00,56.605,56.605,56.58,56.58,204,0
2015-01-27,21:45:00,56.644,57.057,56.437,56.762,2649,0
2015-01-27,21:50:00,56.654,56.959,56.624,56.938,2341,0
2015-01-27,21:55:00,56.693,56.954,56.693,56.954,1889,0
2015-01-27,22:00:00,56.959,56.959,56.339,56.841,5252,0
2015-01-28,15:40:00,56.978,56.978,56.949,56.949,711,0
2015-01-28,15:45:00,56.949,56.949,56.949,56.949,306,0
2015-01-28,15:50:00,57.008,57.214,57.008,57.214,204,0
2015-01-28,15:55:00,57.21,57.21,56.851,56.851,612,0
2015-01-28,16:05:00,57.077,57.077,57.037,57.037,408,0
2015-01-28,16:10:00,57.047,57.283,57.047,57.283,787,0
2015-01-28,16:15:00,57.49,57.49,57.047,57.047,1020,0
2015-01-28,16:20:00,57.21,57.21,57.21,57.21,102,0
2015-01-28,16:25:00,57.037,57.047,56.9,56.969,408,0
2015-01-28,16:30:00,56.969,57.052,56.801,57.052,306,0
2015-01-28,16:35:00,56.88,56.88,56.88,56.88,102,0
2015-01-28,16:40:00,57.091,57.091,57.091,57.091,204,0
2015-01-28,16:50:00,56.91,56.91,56.91,56.91,306,0
2015-01-28,16:55:00,56.457,56.752,56.457,56.664,612,0
2015-01-28,17:05:00,56.575,56.59,56.575,56.59,306,0
2015-01-28,17:10:00,56.649,56.649,56.639,56.639,408,0
2015-01-28,17:20:00,56.575,56.575,56.575,56.575,102,0
2015-01-28,17:25:00,56.683,56.683,56.683,56.683,102,0
2015-01-28,17:35:00,57.037,57.037,57.037,57.037,204,0
2015-01-28,17:40:00,57.037,57.047,56.693,56.693,1224,0
2015-01-28,17:45:00,56.939,56.939,56.841,56.851,510,0
2015-01-28,17:50:00,56.851,56.851,56.851,56.851,204,0
2015-01-28,17:55:00,56.757,56.757,56.757,56.757,102,0
2015-01-28,18:00:00,56.757,56.757,56.757,56.757,204,0
2015-01-28,18:05:00,56.752,56.914,56.752,56.777,1120,0
2015-01-28,18:10:00,56.87,56.87,56.87,56.87,408,0
2015-01-28,18:15:00,56.664,56.664,56.624,56.624,204,0
2015-01-28,18:25:00,57.047,57.047,57.047,57.047,102,0
2015-01-28,18:40:00,56.806,56.806,56.806,56.806,102,0
2015-01-28,18:55:00,56.929,56.929,56.929,56.929,306,0
2015-01-28,19:05:00,56.713,56.713,56.713,56.713,1122,0
2015-01-28,19:30:00,56.833,56.833,56.833,56.833,102,0
2015-01-28,19:35:00,57.028,57.028,57.028,57.028,102,0
2015-01-28,19:45:00,56.836,56.836,56.806,56.806,306,0
2015-01-28,19:50:00,56.821,56.821,56.821,56.821,102,0
2015-01-28,19:55:00,56.831,56.831,56.831,56.831,612,0
2015-01-28,20:10:00,56.929,56.929,56.929,56.929,194,0
2015-01-28,20:15:00,56.969,56.969,56.818,56.818,2034,0
2015-01-28,20:20:00,56.742,56.742,56.742,56.742,918,0
2015-01-28,20:30:00,56.806,56.836,56.654,56.791,1630,0
2015-01-28,20:35:00,56.811,56.811,56.811,56.811,918,0
2015-01-28,20:40:00,56.654,56.88,56.654,56.767,918,0
2015-01-28,20:45:00,56.654,56.654,56.654,56.654,1122,0
2015-01-28,20:50:00,56.516,56.516,56.344,56.344,408,0
2015-01-28,20:55:00,56.319,56.319,56.319,56.319,610,0
2015-01-28,21:00:00,56.496,56.496,56.496,56.496,510,0
2015-01-28,21:05:00,56.31,56.605,56.31,56.457,1122,0
2015-01-28,21:15:00,56.398,56.398,56.27,56.27,1734,0
2015-01-28,21:35:00,55.67,55.67,55.572,55.572,1487,0
2015-01-28,21:40:00,55.66,55.67,55.66,55.67,407,0
2015-01-28,21:45:00,55.71,55.818,55.621,55.621,3029,0
2015-01-28,21:50:00,55.995,56.034,55.793,56.034,1783,0
2015-01-28,21:55:00,55.985,56.034,55.611,55.611,714,0
2015-01-28,22:00:00,56.054,56.241,55.69,55.719,3763,0
2015-01-29,15:35:00,55.67,55.67,55.67,55.67,102,0
2015-01-29,15:45:00,55.699,55.699,55.699,55.699,976,0
2015-01-29,15:50:00,55.68,55.68,55.572,55.572,3063,0
2015-01-29,16:00:00,55.552,55.552,55.552,55.552,1221,0
2015-01-29,16:05:00,55.551,55.551,55.551,55.551,102,0
2015-01-29,16:10:00,55.405,55.424,54.844,54.844,5348,0
2015-01-29,16:15:00,54.637,54.677,54.637,54.677,408,0
2015-01-29,16:20:00,54.598,54.805,54.598,54.755,1830,0
2015-01-29,16:40:00,54.923,54.923,54.923,54.923,408,0
2015-01-29,16:50:00,54.74,54.74,54.74,54.74,142,0
2015-01-29,16:55:00,54.687,54.687,54.687,54.687,183,0
2015-01-29,17:00:00,54.598,54.598,54.598,54.598,508,0
2015-01-29,17:10:00,54.755,54.755,54.755,54.755,204,0
2015-01-29,17:15:00,54.942,55.178,54.942,55.178,1890,0
2015-01-29,17:30:00,55.001,55.001,54.942,54.942,634,0
2015-01-29,17:35:00,55.041,55.041,55.041,55.041,102,0
2015-01-29,17:40:00,55.032,55.032,55.032,55.032,306,0
2015-01-29,18:10:00,55.178,55.178,55.178,55.178,510,0
2015-01-29,18:20:00,55.198,55.198,55.198,55.198,204,0
2015-01-29,18:45:00,55.051,55.051,55.051,55.051,102,0
2015-01-29,18:50:00,55.041,55.041,55.041,55.041,306,0
2015-01-29,19:05:00,54.765,54.765,54.765,54.765,102,0
2015-01-29,19:10:00,54.765,54.765,54.765,54.765,459,0
2015-01-29,19:20:00,54.765,54.765,54.696,54.696,714,0
2015-01-29,19:30:00,54.952,55.031,54.952,55.031,612,0
2015-01-29,19:45:00,55.09,55.09,55.08,55.08,418,0
2015-01-29,19:55:00,55.09,55.355,55.09,55.355,1780,0
2015-01-29,20:05:00,54.893,54.893,54.893,54.893,153,0
2015-01-29,20:10:00,55.218,55.287,55.218,55.287,306,0
2015-01-29,20:15:00,55.287,55.287,55.287,55.287,459,0
2015-01-29,20:20:00,55.287,55.287,55.287,55.287,204,0
2015-01-29,20:25:00,55.385,55.405,55.385,55.405,510,0
2015-01-29,20:30:00,55.1,55.1,55.1,55.1,609,0
2015-01-29,20:40:00,55.582,55.582,55.582,55.582,510,0
2015-01-29,20:50:00,55.483,55.483,55.483,55.483,1734,0
2015-01-29,20:55:00,55.769,55.769,55.572,55.572,4272,0
2015-01-29,21:10:00,55.719,55.719,55.719,55.719,408,0
2015-01-29,21:15:00,55.872,56.083,55.872,56.083,1121,0
2015-01-29,21:20:00,56.005,56.014,55.828,55.828,816,0
2015-01-29,21:25:00,55.985,56.064,55.823,55.877,1122,0
2015-01-29,21:30:00,55.887,56.432,55.887,56.378,3185,0
2015-01-29,21:35:00,56.359,56.506,55.882,56.083,2241,0
2015-01-29,21:40:00,56.132,56.132,56.132,56.132,204,0
2015-01-29,21:45:00,56.073,56.319,55.877,56.221,918,0
2015-01-29,21:50:00,56.27,56.319,56.27,56.319,1020,0
2015-01-29,21:55:00,56.693,56.772,56.683,56.752,1835,0
2015-01-29,22:00:00,56.772,58.473,56.772,57.854,40801,0
2015-01-30,15:35:00,57.647,57.647,57.647,57.647,596,0
2015-01-30,15:40:00,58.168,58.168,58.041,58.041,1326,0
2015-01-30,15:45:00,58.513,58.513,58.434,58.483,1323,0
2015-01-30,15:50:00,58.346,58.346,58.346,58.346,102,0
2015-01-30,15:55:00,58.355,58.375,58.149,58.375,1720,0
2015-01-30,16:00:00,58.621,59.142,58.621,59.142,1834,0
2015-01-30,16:05:00,59.113,59.423,59.064,59.423,510,0
2015-01-30,16:10:00,59.29,59.418,59.073,59.073,1631,0
2015-01-30,16:15:00,59.26,59.3,58.975,59.3,612,0
2015-01-30,16:20:00,58.975,59.285,58.975,59.285,204,0
2015-01-30,16:30:00,59.221,59.86,59.221,59.86,3007,0
2015-01-30,16:35:00,59.86,59.86,59.467,59.782,2040,0
2015-01-30,16:50:00,59.339,59.339,59.309,59.309,726,0
2015-01-30,16:55:00,59.614,59.614,59.27,59.27,50802,0
2015-01-30,17:05:00,58.906,59.231,58.906,59.211,714,0
2015-01-30,17:10:00,59.191,59.447,58.936,59.241,17138,0
2015-01-30,17:15:00,58.955,58.955,58.955,58.955,102,0
2015-01-30,17:25:00,59.208,59.208,59.208,59.208,396,0
2015-01-30,17:35:00,59.425,59.425,59.103,59.388,15150,0
2015-01-30,17:40:00,59.27,59.27,59.162,59.162,714,0
2015-01-30,17:45:00,59.162,59.162,59.162,59.162,102,0
2015-01-30,17:50:00,59.162,59.177,59.162,59.162,510,0
2015-01-30,17:55:00,59.162,59.211,59.162,59.211,510,0
2015-01-30,18:00:00,59.172,59.178,59.172,59.172,1018,0
2015-01-30,18:05:00,59.201,59.201,59.172,59.172,306,0
2015-01-30,18:10:00,59.162,59.172,59.162,59.172,204,0
2015-01-30,18:15:00,59.231,59.231,59.172,59.172,204,0
2015-01-30,18:20:00,59.182,59.182,59.182,59.182,102,0
2015-01-30,18:25:00,59.182,59.182,59.014,59.182,918,0
2015-01-30,18:30:00,59.024,59.132,58.955,58.955,509,0
2015-01-30,18:35:00,58.946,58.946,58.946,58.946,204,0
2015-01-30,18:40:00,58.965,58.965,58.965,58.965,408,0
2015-01-30,18:50:00,58.827,58.877,58.827,58.877,612,0
2015-01-30,18:55:00,58.631,58.631,58.631,58.631,204,0
2015-01-30,19:00:00,58.68,58.798,58.621,58.621,621,0
2015-01-30,19:05:00,58.621,58.621,58.621,58.621,306,0
2015-01-30,19:10:00,58.513,58.513,58.513,58.513,204,0
2015-01-30,19:15:00,58.414,58.414,58.414,58.414,204,0
2015-01-30,19:20:00,58.306,58.306,58.306,58.306,102,0
2015-01-30,19:25:00,58.306,58.454,58.267,58.267,714,0
2015-01-30,19:30:00,58.336,58.336,58.326,58.326,408,0
2015-01-30,19:35:00,58.159,58.159,58.159,58.159,102,0
2015-01-30,19:40:00,58.159,58.159,58.159,58.159,816,0
2015-01-30,19:45:00,57.844,57.871,57.81,57.81,2049,0
2015-01-30,19:50:00,57.873,58.1,57.873,58.1,714,0
2015-01-30,19:55:00,58.109,58.159,58.109,58.159,996,0
2015-01-30,20:00:00,58.159,58.159,58.159,58.159,510,0
2015-01-30,20:05:00,58.267,58.267,58.159,58.159,714,0
2015-01-30,20:10:00,58.336,58.336,58.336,58.336,510,0
2015-01-30,20:20:00,58.532,58.532,58.532,58.532,408,0
2015-01-30,20:25:00,58.778,58.778,58.778,58.778,306,0
2015-01-30,20:30:00,58.837,58.965,58.837,58.965,612,0
2015-01-30,20:35:00,58.847,58.847,58.837,58.837,306,0
2015-01-30,20:40:00,58.965,58.965,58.837,58.837,510,0
2015-01-30,20:45:00,58.906,58.965,58.906,58.965,816,0
2015-01-30,20:50:00,58.877,58.965,58.837,58.965,818,0
2015-01-30,20:55:00,58.955,58.955,58.749,58.946,714,0
2015-01-30,21:00:00,58.842,58.842,58.759,58.759,510,0
2015-01-30,21:05:00,58.719,58.827,58.719,58.827,204,0
2015-01-30,21:10:00,58.827,58.837,58.827,58.837,714,0
2015-01-30,21:15:00,58.837,58.837,58.837,58.837,102,0
2015-01-30,21:20:00,58.946,59.064,58.842,59.064,2435,0
2015-01-30,21:25:00,58.813,58.955,58.641,58.936,1997,0
2015-01-30,21:30:00,58.916,58.916,58.709,58.719,1732,0
2015-01-30,21:35:00,58.7,58.7,58.228,58.228,816,0
2015-01-30,21:40:00,58.228,58.228,58.228,58.228,408,0
2015-01-30,21:45:00,58.247,58.257,58.149,58.257,2020,0
2015-01-30,21:50:00,58.296,58.336,58.296,58.336,1428,0
2015-01-30,21:55:00,58.09,58.287,58.09,58.119,2542,0
2015-01-30,22:00:00,58.109,58.109,57.647,57.647,3466,0
2015-02-02,15:35:00,57.942,57.942,57.942,57.942,820,0
2015-02-02,15:40:00,57.628,57.628,57.628,57.628,204,0
2015-02-02,15:45:00,57.529,57.588,57.529,57.588,770,0
2015-02-02,15:50:00,57.596,57.596,57.596,57.596,458,0
2015-02-02,15:55:00,57.067,57.391,56.959,56.959,612,0
2015-02-02,16:00:00,56.811,56.811,56.742,56.742,306,0
2015-02-02,16:05:00,56.624,56.624,56.28,56.28,408,0
2015-02-02,16:10:00,56.614,56.634,56.388,56.388,612,0
2015-02-02,16:15:00,56.113,56.113,56.113,56.113,204,0
2015-02-02,16:20:00,56.123,56.3,56.103,56.103,1326,0
2015-02-02,16:25:00,56.103,56.103,56.103,56.103,408,0
2015-02-02,16:30:00,56.073,56.319,56.073,56.319,1224,0
2015-02-02,16:35:00,56.664,56.86,56.664,56.683,1488,0
2015-02-02,16:40:00,56.595,56.709,56.595,56.709,204,0
2015-02-02,16:45:00,56.496,56.496,56.496,56.496,102,0
2015-02-02,16:50:00,56.457,56.555,56.241,56.241,1438,0
2015-02-02,17:00:00,56.585,56.634,56.508,56.508,797,0
2015-02-02,17:15:00,56.418,56.467,56.418,56.418,306,0
2015-02-02,17:20:00,56.457,56.457,56.418,56.418,408,0
2015-02-02,17:25:00,56.555,56.555,56.418,56.418,1020,0
2015-02-02,17:30:00,56.408,56.506,56.408,56.506,961,0
2015-02-02,17:35:00,56.487,56.683,56.487,56.683,1308,0
2015-02-02,17:45:00,56.506,56.506,56.31,56.31,1584,0
2015-02-02,17:50:00,56.064,56.093,56.064,56.093,420,0
2015-02-02,17:55:00,56.064,56.172,56.064,56.172,1020,0
2015-02-02,18:05:00,56.083,56.083,56.083,56.083,306,0
2015-02-02,18:10:00,56.182,56.182,55.7,55.7,1425,0
2015-02-02,18:20:00,55.847,55.847,55.611,55.611,1020,0
2015-02-02,18:25:00,55.621,55.621,55.621,55.621,204,0
2015-02-02,18:30:00,55.611,55.621,55.611,55.621,204,0
2015-02-02,18:35:00,55.552,55.552,55.552,55.552,510,0
2015-02-02,18:45:00,55.562,55.562,55.562,55.562,510,0
2015-02-02,18:50:00,55.621,55.621,55.621,55.621,306,0
2015-02-02,18:55:00,55.621,55.621,55.198,55.198,2446,0
2015-02-02,19:05:00,55.09,55.09,55.09,55.09,408,0
2015-02-02,19:10:00,55.09,55.188,55.09,55.188,713,0
2015-02-02,19:15:00,55.11,55.134,54.687,54.736,2794,0
2015-02-02,19:20:00,54.696,54.696,54.696,54.696,102,0
2015-02-02,19:25:00,54.874,54.893,54.874,54.883,1205,0
2015-02-02,19:35:00,55.316,55.316,55.306,55.306,611,0
2015-02-02,19:50:00,55.11,55.11,55.11,55.11,306,0
2015-02-02,19:55:00,54.923,54.923,54.923,54.923,102,0
2015-02-02,20:00:00,55.031,55.316,55.031,55.316,305,0
2015-02-02,20:05:00,55.08,55.271,55.08,55.271,1143,0
2015-02-02,20:10:00,55.365,55.7,55.365,55.7,506,0
2015-02-02,20:15:00,55.66,55.71,55.66,55.71,306,0
2015-02-02,20:20:00,55.66,55.66,55.533,55.533,2945,0
2015-02-02,20:30:00,55.474,55.474,55.474,55.474,510,0
2015-02-02,20:35:00,55.434,55.572,55.434,55.572,816,0
2015-02-02,20:40:00,55.483,55.483,55.483,55.483,510,0
2015-02-02,20:45:00,55.483,55.483,55.483,55.483,2244,0
2015-02-02,21:10:00,55.462,55.464,55.149,55.149,1734,0
2015-02-02,21:15:00,55.434,55.474,55.208,55.208,2040,0
2015-02-02,21:25:00,55.374,55.374,55.374,55.374,528,0
2015-02-02,21:30:00,55.326,55.326,55.326,55.326,1122,0
2015-02-02,21:40:00,55.316,55.316,55.316,55.316,102,0
2015-02-02,21:50:00,55.474,55.601,55.474,55.474,2447,0
2015-02-02,21:55:00,55.739,55.759,55.562,55.739,2506,0
2015-02-02,22:00:00,55.68,55.916,55.562,55.916,1631,0
2015-02-03,15:40:00,56.142,56.142,56.142,56.142,204,0
2015-02-03,15:50:00,56.005,56.005,56.005,56.005,204,0
2015-02-03,15:55:00,56.208,56.208,56.208,56.208,2745,0
2015-02-03,16:20:00,55.916,55.916,55.916,55.916,508,0
2015-02-03,16:35:00,56.005,56.005,56.005,56.005,306,0
2015-02-03,17:00:00,55.877,55.877,55.572,55.572,1419,0
2015-02-03,17:05:00,55.7,55.71,55.67,55.67,5694,0
2015-02-03,17:10:00,55.572,55.572,55.562,55.562,555,0
2015-02-03,17:15:00,55.542,55.542,55.542,55.542,102,0
2015-02-03,17:25:00,55.68,55.68,55.513,55.513,1524,0
2015-02-03,17:30:00,55.739,55.739,55.739,55.739,102,0
2015-02-03,17:40:00,55.631,56.192,55.631,56.083,2240,0
2015-02-03,17:45:00,55.877,55.877,55.552,55.552,408,0
2015-02-03,17:50:00,55.823,55.823,55.823,55.823,610,0
2015-02-03,17:55:00,55.818,55.828,55.778,55.778,1731,0
2015-02-03,18:05:00,55.562,55.562,55.562,55.562,408,0
2015-02-03,18:15:00,55.847,55.896,55.847,55.896,816,0
2015-02-03,18:25:00,56.162,56.162,56.162,56.162,204,0
2015-02-03,18:35:00,55.883,55.883,55.883,55.883,445,0
2015-02-03,18:40:00,56.182,56.182,56.182,56.182,204,0
2015-02-03,18:45:00,56.329,56.329,56.329,56.329,204,0
2015-02-03,18:55:00,56.713,56.713,56.713,56.713,203,0
2015-02-03,19:00:00,56.339,56.693,56.162,56.693,1425,0
2015-02-03,19:05:00,56.919,56.919,56.919,56.919,408,0
2015-02-03,19:15:00,56.851,56.851,56.851,56.851,102,0
2015-02-03,19:20:00,57.133,57.133,57.133,57.133,102,0
2015-02-03,19:35:00,56.88,56.988,56.88,56.988,510,0
2015-02-03,19:50:00,56.723,56.723,56.723,56.723,510,0
2015-02-03,19:55:00,57.037,57.037,57.037,57.037,306,0
2015-02-03,20:00:00,57.126,57.175,57.126,57.175,941,0
2015-02-03,20:10:00,57.181,57.181,57.181,57.181,1968,0
2015-02-03,20:25:00,57.018,57.018,57.018,57.018,204,0
2015-02-03,20:35:00,57.037,57.057,57.037,57.057,1944,0
2015-02-03,20:45:00,57.185,57.185,57.185,57.185,306,0
2015-02-03,20:50:00,57.165,57.165,57.083,57.083,306,0
2015-02-03,20:55:00,57.067,57.213,57.057,57.213,998,0
2015-02-03,21:05:00,57.205,57.205,57.205,57.205,204,0
2015-02-03,21:10:00,57.244,57.244,57.244,57.244,102,0
2015-02-03,21:15:00,57.177,57.177,57.177,57.177,381,0
2015-02-03,21:25:00,57.136,57.48,57.136,57.48,2622,0
2015-02-03,21:30:00,57.5,57.5,57.5,57.5,1422,0
2015-02-03,21:40:00,57.549,57.618,57.549,57.618,2621,0
2015-02-03,21:50:00,58.1,58.109,58.1,58.109,1326,0
2015-02-03,21:55:00,57.932,57.932,57.913,57.913,1428,0
2015-02-03,22:00:00,57.854,57.893,57.609,57.736,6099,0
2015-02-04,15:35:00,57.883,57.883,57.883,57.883,102,0
2015-02-04,15:40:00,57.755,57.755,57.755,57.755,102,0
2015-02-04,15:45:00,57.547,57.547,57.547,57.547,344,0
2015-02-04,15:50:00,58.149,58.582,58.1,58.582,687,0
2015-02-04,16:00:00,58.195,58.414,57.608,57.844,1326,0
2015-02-04,16:05:00,58.021,58.021,57.923,57.923,918,0
2015-02-04,16:10:00,58.228,58.228,57.834,57.834,660,0
2015-02-04,16:25:00,57.736,57.736,57.736,57.736,204,0
2015-02-04,16:30:00,58.06,58.218,58.06,58.218,1203,0
2015-02-04,16:40:00,57.932,57.932,57.814,57.814,510,0
2015-02-04,16:50:00,57.765,57.765,57.765,57.765,816,0
2015-02-04,17:00:00,57.431,57.431,57.391,57.391,816,0
2015-02-04,17:05:00,57.273,57.372,57.273,57.372,816,0
2015-02-04,17:10:00,57.146,57.146,57.146,57.146,609,0
2015-02-04,17:15:00,57.047,57.047,57.047,57.047,406,0
2015-02-04,17:25:00,57.067,57.067,56.89,56.89,1039,0
2015-02-04,17:35:00,57.037,57.037,56.83,56.83,922,0
2015-02-04,17:40:00,56.87,56.919,56.742,56.91,1762,0
2015-02-04,17:45:00,56.87,56.87,56.782,56.841,712,0
2015-02-04,17:55:00,56.841,56.895,56.673,56.88,714,0
2015-02-04,18:05:00,56.673,56.673,56.555,56.555,306,0
2015-02-04,18:20:00,56.782,56.782,56.762,56.762,204,0
2015-02-04,18:25:00,56.585,56.585,56.585,56.585,306,0
2015-02-04,19:05:00,56.555,56.555,56.555,56.555,2142,0
2015-02-04,19:20:00,56.86,56.86,56.846,56.846,1350,0
2015-02-04,19:25:00,56.87,56.88,56.851,56.88,1017,0
2015-02-04,19:30:00,56.89,56.9,56.89,56.9,1536,0
2015-02-04,19:45:00,56.821,56.821,56.654,56.654,1530,0
2015-02-04,20:10:00,56.728,56.728,56.728,56.728,408,0
2015-02-04,20:15:00,56.654,56.654,56.654,56.654,918,0
2015-02-04,20:25:00,56.752,56.752,56.752,56.752,305,0
2015-02-04,20:30:00,56.693,56.752,56.693,56.752,1248,0
2015-02-04,20:35:00,56.693,56.693,56.693,56.693,1530,0
2015-02-04,20:45:00,56.811,56.811,56.811,56.811,306,0
2015-02-04,20:50:00,56.801,56.801,56.614,56.614,1833,0
2015-02-04,21:00:00,56.732,56.811,56.732,56.782,1609,0
2015-02-04,21:05:00,56.791,56.791,56.791,56.791,1020,0
2015-02-04,21:15:00,56.624,56.624,56.624,56.624,816,0
2015-02-04,21:25:00,56.624,56.624,56.624,56.624,918,0
2015-02-04,21:35:00,56.723,56.782,56.723,56.723,1632,0
2015-02-04,21:40:00,56.723,56.723,56.555,56.555,1325,0
2015-02-04,21:45:00,56.565,56.654,56.565,56.654,204,0
2015-02-04,21:50:00,56.555,56.555,56.467,56.546,1834,0
2015-02-04,21:55:00,56.319,56.319,56.319,56.319,918,0
2015-02-04,22:00:00,56.329,56.329,56.31,56.31,816,0
2015-02-05,15:35:00,57.047,57.047,57.047,57.047,306,0
2015-02-05,15:40:00,56.963,56.963,56.959,56.959,705,0
2015-02-05,16:10:00,56.919,56.919,56.831,56.851,1428,0
2015-02-05,16:45:00,56.585,56.585,56.585,56.585,612,0
2015-02-05,16:55:00,56.614,56.614,56.605,56.605,2142,0
2015-02-05,17:20:00,56.369,56.703,56.369,56.703,3637,0
2015-02-05,17:30:00,56.644,56.644,56.644,56.644,714,0
2015-02-05,17:35:00,56.565,56.575,56.565,56.575,888,0
2015-02-05,17:40:00,56.526,56.526,56.526,56.526,1421,0
2015-02-05,17:45:00,56.472,56.506,56.472,56.506,2032,0
2015-02-05,17:50:00,56.457,56.457,56.457,56.457,276,0
2015-02-05,18:00:00,56.378,56.378,56.378,56.378,510,0
2015-02-05,18:05:00,56.349,56.349,56.231,56.231,1324,0
2015-02-05,18:10:00,56.221,56.221,56.221,56.221,102,0
2015-02-05,18:25:00,56.172,56.172,56.162,56.162,668,0
2015-02-05,18:30:00,56.162,56.162,56.162,56.162,714,0
2015-02-05,18:40:00,56.157,56.157,56.157,56.157,1020,0
2015-02-05,18:55:00,56.211,56.241,56.162,56.241,1835,0
2015-02-05,19:00:00,56.216,56.305,56.182,56.231,1224,0
2015-02-05,19:15:00,56.182,56.192,56.172,56.172,1120,0
2015-02-05,19:20:00,56.182,56.492,56.182,56.324,1732,0
2015-02-05,20:20:00,56.152,56.506,56.152,56.506,1428,0
2015-02-05,20:25:00,56.457,56.467,56.457,56.457,3038,0
2015-02-05,20:30:00,56.595,56.595,56.595,56.595,1408,0
2015-02-05,20:50:00,56.398,56.398,56.398,56.398,204,0
2015-02-05,20:55:00,56.388,56.44,56.349,56.349,2666,0
2015-02-05,21:00:00,56.35,56.449,56.142,56.449,3757,0
2015-02-05,21:05:00,56.236,56.236,56.236,56.236,306,0
2015-02-05,21:10:00,56.388,56.388,56.344,56.359,918,0
2015-02-05,21:15:00,56.27,56.3,56.27,56.3,6428,0
2015-02-05,21:25:00,56.083,56.201,56.083,56.201,510,0
2015-02-05,21:30:00,56.152,56.152,56.103,56.103,1731,0
2015-02-05,21:35:00,56.078,56.078,56.078,56.078,102,0
2015-02-05,21:40:00,56.113,56.113,56.113,56.113,408,0
2015-02-05,21:45:00,56.083,56.251,56.064,56.064,816,0
2015-02-05,21:50:00,56.093,56.093,56.073,56.073,306,0
2015-02-05,21:55:00,56.064,56.132,55.906,55.906,2246,0
2015-02-05,22:00:00,56.093,56.113,55.896,55.993,5290,0
2015-02-06,15:45:00,56.431,56.431,56.064,56.064,519,0
2015-02-06,16:05:00,55.818,56.093,55.483,55.483,3833,0
2015-02-06,16:20:00,55.651,55.651,55.651,55.651,1164,0
2015-02-06,16:25:00,55.523,55.523,55.188,55.188,815,0
2015-02-06,16:30:00,55.188,55.188,55.119,55.119,1036,0
2015-02-06,16:35:00,55.08,55.09,55.08,55.08,515,0
2015-02-06,16:40:00,55.08,55.169,55.08,55.169,2973,0
2015-02-06,16:55:00,55.08,55.08,55.011,55.011,712,0
2015-02-06,17:00:00,55.1,55.129,55.011,55.011,1326,0
2015-02-06,17:05:00,55.1,55.1,55.08,55.08,1220,0
2015-02-06,17:15:00,55.109,55.109,55.109,55.109,406,0
2015-02-06,17:20:00,55.11,55.11,55.11,55.11,102,0
2015-02-06,17:25:00,55.069,55.069,54.982,54.982,326,0
2015-02-06,17:30:00,55.011,55.085,55.011,55.085,2243,0
2015-02-06,17:40:00,55.08,55.11,55.011,55.11,5174,0
2015-02-06,17:50:00,55.129,55.129,55.09,55.09,408,0
2015-02-06,17:55:00,55.129,55.129,55.095,55.119,612,0
2015-02-06,18:10:00,55.055,55.129,55.055,55.129,1183,0
2015-02-06,18:15:00,55.129,55.129,55.129,55.129,163,0
2015-02-06,18:20:00,55.129,55.129,55.076,55.119,3085,0
2015-02-06,18:25:00,55.129,55.129,55.095,55.095,306,0
2015-02-06,18:30:00,55.095,55.178,55.06,55.169,6205,0
2015-02-06,18:35:00,55.174,55.174,55.159,55.159,917,0
2015-02-06,18:45:00,55.178,55.178,55.159,55.178,4143,0
2015-02-06,18:50:00,55.169,55.178,55.11,55.11,1122,0
2015-02-06,18:55:00,55.178,55.178,55.11,55.11,1312,0
2015-02-06,19:00:00,55.11,55.11,55.085,55.085,714,0
2015-02-06,19:05:00,55.156,55.178,55.134,55.134,2666,0
2015-02-06,19:10:00,55.178,55.178,55.119,55.119,3026,0
2015-02-06,19:15:00,55.093,55.129,54.992,55.115,1933,0
2015-02-06,19:20:00,55.085,55.085,55.06,55.06,305,0
2015-02-06,19:25:00,55.06,55.06,55.06,55.06,408,0
2015-02-06,19:30:00,55.06,55.06,55.06,55.06,204,0
2015-02-06,19:35:00,54.992,55.119,54.992,55.119,408,0
2015-02-06,19:40:00,55.08,55.08,55.08,55.08,1730,0
2015-02-06,19:45:00,55.031,55.031,55.031,55.031,204,0
2015-02-06,19:50:00,55.119,55.129,55.031,55.129,4587,0
2015-02-06,19:55:00,55.129,55.139,55.129,55.139,1022,0
2015-02-06,20:00:00,55.228,55.228,55.178,55.178,508,0
2015-02-06,20:05:00,55.228,55.228,55.08,55.08,2128,0
2015-02-06,20:10:00,55.08,55.129,55.08,55.129,964,0
2015-02-06,20:15:00,55.081,55.129,55.08,55.08,1739,0
2015-02-06,20:25:00,55.07,55.07,55.07,55.07,306,0
2015-02-06,20:30:00,55.07,55.07,54.933,54.933,3003,0
2015-02-06,20:40:00,55.051,55.08,55.051,55.08,204,0
2015-02-06,20:45:00,54.992,54.992,54.943,54.956,6100,0
2015-02-06,20:50:00,54.956,55.08,54.956,55.08,221,0
2015-02-06,20:55:00,55.08,55.08,55.011,55.08,1325,0
2015-02-06,21:00:00,55.016,55.08,54.952,55.08,1020,0
2015-02-06,21:05:00,55.08,55.08,54.834,54.834,918,0
2015-02-06,21:10:00,54.982,55.07,54.903,55.07,1020,0
2015-02-06,21:15:00,55.07,55.07,54.864,55.07,816,0
2015-02-06,21:20:00,54.982,55.07,54.893,55.07,714,0
2015-02-06,21:25:00,55.07,55.07,55.07,55.07,612,0
2015-02-06,21:30:00,55.08,55.08,55.08,55.08,612,0
2015-02-06,21:35:00,55.08,55.08,55.08,55.08,306,0
2015-02-06,21:40:00,55.08,55.08,55.08,55.08,1734,0
2015-02-06,21:45:00,55.08,55.08,54.962,55.08,1998,0
2015-02-06,21:50:00,55.08,55.08,55.08,55.08,1020,0
2015-02-06,21:55:00,55.08,55.09,54.962,54.972,11087,0
2015-02-06,22:00:00,54.854,55.08,54.775,54.854,22629,0
2015-02-09,15:35:00,54.933,54.942,54.854,54.942,1949,0
2015-02-09,15:40:00,54.942,54.942,54.942,54.942,408,0
2015-02-09,15:50:00,55.464,55.637,55.464,55.637,714,0
2015-02-09,15:55:00,55.572,55.572,55.572,55.572,408,0
2015-02-09,16:05:00,55.542,55.542,55.542,55.542,609,0
2015-02-09,16:20:00,55.489,55.489,55.489,55.489,1656,0
2015-02-09,16:25:00,55.444,55.444,55.444,55.444,612,0
2015-02-09,16:30:00,55.454,55.454,55.444,55.454,1119,0
2015-02-09,16:35:00,55.428,55.444,55.326,55.326,2544,0
2015-02-09,16:40:00,55.326,55.375,55.1,55.279,5864,0
2015-02-09,16:45:00,55.375,55.375,55.375,55.375,305,0
2015-02-09,16:50:00,55.375,55.375,55.326,55.326,1196,0
2015-02-09,16:55:00,55.326,55.355,55.326,55.326,531,0
2015-02-09,17:00:00,55.355,55.365,55.355,55.355,1121,0
2015-02-09,17:15:00,55.277,55.277,55.277,55.277,203,0
2015-02-09,17:20:00,55.277,55.292,55.277,55.292,1122,0
2015-02-09,17:25:00,55.277,55.277,55.277,55.277,612,0
2015-02-09,17:30:00,55.306,55.306,55.277,55.277,816,0
2015-02-09,17:35:00,55.296,55.614,55.169,55.614,1654,0
2015-02-09,17:40:00,55.382,55.382,55.382,55.382,610,0
2015-02-09,17:45:00,55.316,55.326,55.306,55.306,1120,0
2015-02-09,17:55:00,55.586,55.586,55.296,55.296,2950,0
2015-02-09,18:00:00,55.287,55.375,55.277,55.287,1631,0
2015-02-09,18:10:00,55.218,55.218,55.1,55.1,2132,0
2015-02-09,18:30:00,55.159,55.159,55.07,55.09,1530,0
2015-02-09,18:35:00,55.11,55.11,55.11,55.11,612,0
2015-02-09,19:05:00,55.08,55.1,54.933,55.07,2253,0
2015-02-09,19:15:00,55.075,55.075,55.031,55.031,816,0
2015-02-09,19:25:00,55.119,55.119,55.11,55.119,510,0
2015-02-09,19:35:00,55.11,55.119,55.047,55.047,4070,0
2015-02-09,19:40:00,55.129,55.129,55.046,55.046,1530,0
2015-02-09,19:45:00,55.06,55.06,55.06,55.06,306,0
2015-02-09,20:05:00,55.07,55.07,55.07,55.07,408,0
2015-02-09,20:10:00,55.08,55.08,55.07,55.07,207,0
2015-02-09,20:15:00,55.041,55.08,55.031,55.031,1947,0
2015-02-09,20:25:00,55.08,55.08,55.08,55.08,107,0
2015-02-09,20:30:00,54.992,55.08,54.992,55.08,2256,0
2015-02-09,20:35:00,55.08,55.08,55.08,55.08,306,0
2015-02-09,20:40:00,54.992,54.992,54.992,54.992,612,0
2015-02-09,20:50:00,55.011,55.012,55.011,55.011,2913,0
2015-02-09,20:55:00,55.011,55.08,55.011,55.08,1545,0
2015-02-09,21:05:00,55.08,55.08,54.982,54.982,4930,0
2015-02-09,21:10:00,55.001,55.001,54.992,54.992,510,0
2015-02-09,21:15:00,54.992,55.08,54.982,55.08,2005,0
2015-02-09,21:20:00,54.982,54.982,54.982,54.982,204,0
2015-02-09,21:25:00,54.992,55.031,54.933,55.031,3043,0
2015-02-09,21:30:00,55.021,55.021,54.996,54.996,688,0
2015-02-09,21:35:00,54.982,55.031,54.972,55.031,2408,0
2015-02-09,21:40:00,55.031,55.031,54.864,54.864,1729,0
2015-02-09,21:45:00,54.962,54.962,54.824,54.824,3267,0
2015-02-09,21:50:00,54.896,54.896,54.824,54.824,1522,0
2015-02-09,21:55:00,54.637,54.824,54.637,54.647,612,0
2015-02-09,22:00:00,54.731,54.824,54.731,54.785,3650,0
2015-02-10,15:35:00,54.95,54.9855,54.868,54.868,3082,0
2015-02-10,15:40:00,54.69,54.89,54.69,54.89,500,0
2015-02-10,15:45:00,54.63,54.63,54.48,54.48,1882,0
2015-02-10,15:50:00,54.59,54.59,54.59,54.59,1131,0
2015-02-10,16:00:00,54.49,54.49,54.49,54.49,1300,0
2015-02-10,16:20:00,54.6018,54.6018,54.6,54.6,558,0
2015-02-10,16:25:00,54.71,54.71,54.71,54.71,1000,0
2015-02-10,16:45:00,54.72,54.72,54.72,54.72,500,0
2015-02-10,16:50:00,54.7,54.7,54.7,54.7,1000,0
2015-02-10,16:55:00,54.61,54.64,54.61,54.61,500,0
2015-02-10,17:10:00,54.61,54.68,54.61,54.64,1100,0
2015-02-10,17:15:00,54.74,54.74,54.65,54.7,500,0
2015-02-10,17:20:00,54.6401,54.6401,54.6401,54.6401,300,0
2015-02-10,17:30:00,54.68,54.69,54.65,54.66,1200,0
2015-02-10,17:35:00,54.66,54.66,54.66,54.66,100,0
2015-02-10,17:40:00,54.65,54.65,54.65,54.65,300,0
2015-02-10,17:45:00,54.68,54.68,54.64,54.64,1300,0
2015-02-10,17:55:00,54.65,54.662,54.65,54.662,3335,0
2015-02-10,18:00:00,54.65,54.65,54.65,54.65,700,0
2015-02-10,18:05:00,54.65,54.65,54.65,54.65,1000,0
2015-02-10,18:10:00,54.69,54.69,54.69,54.69,433,0
2015-02-10,18:15:00,54.66,54.71,54.66,54.68,6067,0
2015-02-10,18:20:00,54.68,54.75,54.66,54.72,2310,0
2015-02-10,18:25:00,54.73,54.73,54.73,54.73,200,0
2015-02-10,18:30:00,54.82,54.82,54.82,54.82,500,0
2015-02-10,18:35:00,54.93,54.94,54.88,54.881,2712,0
2015-02-10,18:40:00,54.997,54.997,54.83,54.83,900,0
2015-02-10,18:50:00,54.937,54.937,54.937,54.937,121,0
2015-02-10,18:55:00,54.9399,54.9399,54.76,54.76,400,0
2015-02-10,19:05:00,54.9,54.9,54.6,54.62,1519,0
2015-02-10,19:25:00,54.8,54.8,54.8,54.8,500,0
2015-02-10,19:30:00,54.704,54.704,54.704,54.704,125,0
2015-02-10,19:35:00,54.6801,54.6801,54.6801,54.6801,300,0
2015-02-10,19:40:00,54.91,54.917,54.91,54.917,370,0
2015-02-10,19:45:00,54.9199,54.9199,54.9199,54.9199,453,0
2015-02-10,19:55:00,54.91,54.91,54.91,54.91,700,0
2015-02-10,20:05:00,54.75,54.9099,54.65,54.9099,2700,0
2015-02-10,20:10:00,54.9099,54.9099,54.8975,54.9,1000,0
2015-02-10,20:15:00,54.95,54.95,54.9408,54.9408,1100,0
2015-02-10,20:25:00,54.7101,54.86,54.7,54.7001,2000,0
2015-02-10,20:30:00,54.64,54.766,54.6,54.6101,3436,0
2015-02-10,20:35:00,54.81,54.81,54.5,54.5312,3303,0
2015-02-10,20:40:00,54.58,54.58,54.58,54.58,100,0
2015-02-10,20:45:00,54.6,54.65,54.56,54.65,2000,0
2015-02-10,20:55:00,54.84,54.84,54.84,54.84,100,0
2015-02-10,21:00:00,54.6601,54.95,54.6601,54.95,900,0
2015-02-10,21:05:00,54.95,54.95,54.95,54.95,100,0
2015-02-10,21:10:00,54.95,54.95,54.9,54.9,700,0
2015-02-10,21:15:00,55.085,55.085,54.86,54.9,3000,0
2015-02-10,21:20:00,54.9,54.9,54.8,54.88,3319,0
2015-02-10,21:25:00,54.84,54.85,54.75,54.85,5664,0
2015-02-10,21:30:00,54.85,54.8725,54.75,54.75,5612,0
2015-02-10,21:35:00,54.85,54.95,54.75,54.95,900,0
2015-02-10,21:40:00,54.85,54.85,54.815,54.815,400,0
2015-02-10,21:45:00,54.75,54.75,54.75,54.75,800,0
2015-02-10,21:50:00,54.815,54.815,54.6,54.6,500,0
2015-02-10,21:55:00,54.8195,54.85,54.6305,54.8,1826,0
2015-02-10,22:00:00,54.795,54.85,54.6,54.75,4794,0
2015-02-11,15:35:00,54.48,54.85,54.15,54.85,2100,0
2015-02-11,15:40:00,54.08,54.08,54.08,54.08,950,0
2015-02-11,15:45:00,54.08,54.125,54.08,54.125,1100,0
2015-02-11,15:50:00,54.07,54.07,53.58,53.85,3203,0
2015-02-11,15:55:00,53.75,54.05,53.73,54.05,1000,0
2015-02-11,16:00:00,54.08,54.09,54.08,54.09,300,0
2015-02-11,16:05:00,54.09,54.09,54.09,54.09,100,0
2015-02-11,16:15:00,54.02,54.02,53.9,53.96,2170,0
2015-02-11,16:30:00,53.76,53.76,53.76,53.76,300,0
2015-02-11,16:35:00,53.76,53.76,53.7,53.75,1500,0
2015-02-11,16:45:00,53.6832,53.6832,53.6832,53.6832,500,0
2015-02-11,16:50:00,53.51,53.75,53.13,53.13,4270,0
2015-02-11,17:05:00,53.31,53.32,53.1,53.1,3658,0
2015-02-11,17:10:00,53.138,53.138,53.138,53.138,100,0
2015-02-11,17:15:00,53.13,53.13,53.13,53.13,400,0
2015-02-11,17:20:00,53.13,53.46,53.13,53.46,400,0
2015-02-11,17:25:00,53.3,53.3,53.3,53.3,600,0
2015-02-11,17:40:00,53.23,53.23,53.23,53.23,500,0
2015-02-11,17:45:00,53.21,53.21,53.21,53.21,1500,0
2015-02-11,17:50:00,53.12,53.12,53.12,53.12,200,0
2015-02-11,17:55:00,53.285,53.285,53.285,53.285,300,0
2015-02-11,18:00:00,53.29,53.29,53.29,53.29,1000,0
2015-02-11,18:25:00,53.14,53.3,53.14,53.3,600,0
2015-02-11,18:30:00,53.295,53.295,53.13,53.14,1500,0
2015-02-11,18:35:00,53.41,53.41,53.41,53.41,1050,0
2015-02-11,18:50:00,53.25,53.25,52.94,52.94,6279,0
2015-02-11,18:55:00,53.0484,53.0484,53.0484,53.0484,116,0
2015-02-11,19:00:00,53.018,53.02,53.018,53.02,700,0
2015-02-11,19:05:00,53.02,53.02,52.55,52.55,4200,0
2015-02-11,19:10:00,52.43,52.43,52.43,52.43,500,0
2015-02-11,19:15:00,52.4401,52.5,52.4401,52.5,1300,0
2015-02-11,19:20:00,52.55,52.55,52.22,52.221,1876,0
2015-02-11,19:25:00,52.46,52.46,52.46,52.46,300,0
2015-02-11,19:30:00,52.5,52.5,52.5,52.5,400,0
2015-02-11,19:35:00,52.49,52.49,52.49,52.49,700,0
2015-02-11,19:40:00,52.7999,52.7999,52.7999,52.7999,1360,0
2015-02-11,19:55:00,52.6,52.6,52.6,52.6,2000,0
2015-02-11,20:05:00,52.57,52.57,52.45,52.5,2400,0
2015-02-11,20:10:00,52.4875,52.5,52.45,52.45,1800,0
2015-02-11,20:15:00,52.4999,52.5,52.45,52.5,5000,0
2015-02-11,20:20:00,52.4,52.5,52.01,52.048,9104,0
2015-02-11,20:30:00,52.32,52.32,52.01,52.32,773,0
2015-02-11,20:35:00,52.32,52.44,52.32,52.44,2242,0
2015-02-11,20:40:00,52.32,52.5,52.32,52.4,1125,0
2015-02-11,20:45:00,52.45,52.5,52.45,52.46,1788,0
2015-02-11,20:50:00,52.46,52.465,52.46,52.465,1000,0
2015-02-11,20:55:00,52.465,52.465,52.43,52.43,1700,0
2015-02-11,21:00:00,52.45,52.45,52.45,52.45,400,0
2015-02-11,21:10:00,52.5,52.5,52.45,52.45,2700,0
2015-02-11,21:20:00,52.45,52.475,52.45,52.475,500,0
2015-02-11,21:25:00,52.5,52.86,52.45,52.86,1014,0
2015-02-11,21:30:00,52.52,52.92,52.52,52.92,10200,0
2015-02-11,21:35:00,52.59,52.59,52.59,52.59,400,0
2015-02-11,21:40:00,52.6464,52.9199,52.6464,52.91,2000,0
2015-02-11,21:45:00,52.92,52.95,52.91,52.91,1122,0
2015-02-11,21:50:00,52.89,52.89,52.754,52.754,2008,0
2015-02-11,21:55:00,52.765,52.81,52.41,52.52,4720,0
2015-02-11,22:00:00,52.26,52.77,52.26,52.7,13222,0
2015-02-12,15:35:00,52.34,52.34,52.34,52.34,100,0
2015-02-12,15:40:00,52.34,53.37,52.31,52.43,3550,0
2015-02-12,15:45:00,52.53,52.55,52.47,52.51,2822,0
2015-02-12,15:50:00,52.51,52.51,52.51,52.51,600,0
2015-02-12,15:55:00,52.51,52.51,52.51,52.51,700,0
2015-02-12,16:00:00,52.51,52.51,52.51,52.51,400,0
2015-02-12,16:10:00,52.75,52.825,52.0,52.49,5971,0
2015-02-12,16:15:00,52.03,52.46,52.0,52.46,2400,0
2015-02-12,16:20:00,52.375,52.5,52.375,52.5,500,0
2015-02-12,16:25:00,52.5,52.51,52.48,52.48,1650,0
2015-02-12,16:30:00,52.42,52.42,52.42,52.42,230,0
2015-02-12,16:50:00,52.19,52.19,52.19,52.19,700,0
2015-02-12,17:10:00,52.23,52.23,52.23,52.23,100,0
2015-02-12,17:15:00,52.28,52.5,52.28,52.5,1100,0
2015-02-12,17:30:00,52.42,52.42,52.42,52.42,100,0
2015-02-12,17:35:00,52.58,52.58,52.58,52.58,300,0
2015-02-12,17:40:00,52.62,52.9,52.62,52.9,1900,0
2015-02-12,17:45:00,52.6501,52.9,52.6501,52.9,1440,0
2015-02-12,17:50:00,52.97,52.97,52.97,52.97,400,0
2015-02-12,18:00:00,52.8,52.8,52.8,52.8,100,0
2015-02-12,18:05:00,52.8,52.97,52.68,52.68,1200,0
2015-02-12,18:15:00,52.72,52.72,52.5,52.5,2400,0
2015-02-12,18:20:00,52.34,52.4249,52.34,52.4249,300,0
2015-02-12,18:25:00,52.18,52.18,52.18,52.18,200,0
2015-02-12,18:30:00,52.49,52.49,52.49,52.49,200,0
2015-02-12,18:45:00,52.31,52.5,52.31,52.5,8028,0
2015-02-12,18:50:00,52.4,52.4,52.4,52.4,200,0
2015-02-12,18:55:00,52.372,52.4,52.37,52.37,475,0
2015-02-12,19:00:00,52.37,52.38,52.26,52.38,1300,0
2015-02-12,19:05:00,52.26,52.27,52.22,52.27,1800,0
2015-02-12,19:10:00,52.315,52.36,52.22,52.36,1500,0
2015-02-12,19:25:00,52.425,52.425,52.39,52.39,2000,0
2015-02-12,19:30:00,52.47,52.47,52.38,52.38,1500,0
2015-02-12,19:35:00,52.31,52.47,52.3,52.47,756,0
2015-02-12,19:40:00,52.35,52.5,52.35,52.5,8502,0
2015-02-12,19:45:00,52.5,52.5,52.49,52.49,1448,0
2015-02-12,19:50:00,52.47,52.47,52.47,52.47,100,0
2015-02-12,19:55:00,52.47,52.47,52.26,52.26,1700,0
2015-02-12,20:00:00,52.22,52.41,52.03,52.41,1600,0
2015-02-12,20:05:00,52.06,52.09,52.06,52.09,500,0
2015-02-12,20:10:00,52.1,52.1,51.89,51.89,2405,0
2015-02-12,20:15:00,51.81,51.9,51.81,51.85,900,0
2015-02-12,20:20:00,51.59,51.71,51.59,51.71,1300,0
2015-02-12,20:25:00,51.43,51.43,51.43,51.43,8000,0
2015-02-12,20:35:00,51.7,51.7,51.7,51.7,1570,0
2015-02-12,20:40:00,51.58,51.75,51.58,51.712,2352,0
2015-02-12,20:45:00,51.61,51.7499,51.45,51.45,5200,0
2015-02-12,20:55:00,51.4388,51.6,51.1,51.1,6734,0
2015-02-12,21:00:00,51.35,51.35,51.25,51.25,1899,0
2015-02-12,21:05:00,51.27,51.27,51.27,51.27,1500,0
2015-02-12,21:10:00,51.27,51.35,51.25,51.25,10230,0
2015-02-12,21:30:00,51.35,51.45,51.35,51.355,11800,0
2015-02-12,21:35:00,51.35,51.375,51.35,51.375,813,0
2015-02-12,21:40:00,51.3,51.3,51.25,51.25,700,0
2015-02-12,21:45:00,51.355,51.45,51.355,51.355,300,0
2015-02-12,21:50:00,51.36,51.45,51.26,51.28,1558,0
2015-02-12,21:55:00,51.27,51.309,51.27,51.309,2700,0
2015-02-12,22:00:00,51.31,51.31,51.0,51.13,15391,0
2015-02-13,15:45:00,51.8,51.8,51.8,51.8,900,0
2015-02-13,15:55:00,51.505,51.505,51.505,51.505,1100,0
2015-02-13,16:00:00,51.51,51.51,51.51,51.51,100,0
2015-02-13,16:05:00,51.5,51.55,51.5,51.54,1100,0
2015-02-13,16:10:00,51.51,52.22,51.51,52.22,1108,0
2015-02-13,16:15:00,51.9,51.92,51.9,51.92,800,0
2015-02-13,16:20:00,51.75,52.1,51.75,51.96,8600,0
2015-02-13,16:25:00,52.0,52.05,52.0,52.05,200,0
2015-02-13,16:30:00,52.0,52.32,52.0,52.17,3841,0
2015-02-13,16:50:00,52.355,52.355,52.34,52.345,3600,0
2015-02-13,16:55:00,52.36,52.41,52.36,52.41,600,0
2015-02-13,17:00:00,52.88,52.88,52.88,52.88,500,0
2015-02-13,17:05:00,52.885,52.96,52.54,52.54,3700,0
2015-02-13,17:10:00,52.57,52.57,52.43,52.48,900,0
2015-02-13,17:15:00,52.47,52.47,52.4,52.4,1500,0
2015-02-13,17:20:00,52.4,52.4,52.14,52.14,2600,0
2015-02-13,17:25:00,52.13,52.305,52.0,52.0,3744,0
2015-02-13,17:30:00,51.96,52.165,51.96,52.0,1500,0
2015-02-13,17:35:00,52.05,52.14,52.01,52.01,3400,0
2015-02-13,17:40:00,52.0,52.25,52.0,52.1,4056,0
2015-02-13,17:45:00,52.155,52.175,52.155,52.175,1600,0
2015-02-13,17:50:00,52.13,52.13,52.13,52.13,225,0
2015-02-13,17:55:00,52.07,52.21,52.061,52.205,20530,0
2015-02-13,18:00:00,52.3,52.4,52.3,52.4,1222,0
2015-02-13,18:05:00,52.01,52.01,52.01,52.01,1000,0
2015-02-13,18:30:00,52.25,52.25,52.2,52.2,2800,0
2015-02-13,18:35:00,52.28,52.28,52.25,52.25,1300,0
2015-02-13,18:40:00,52.1993,52.1993,52.1993,52.1993,300,0
2015-02-13,18:45:00,52.2,52.2,52.0609,52.0609,3000,0
2015-02-13,19:00:00,52.2,52.2,52.2,52.2,1500,0
2015-02-13,19:05:00,52.39,52.39,52.39,52.39,1300,0
2015-02-13,19:10:00,52.18,52.18,52.18,52.18,13400,0
2015-02-13,19:25:00,52.26,52.38,52.26,52.26,500,0
2015-02-13,19:30:00,52.2,52.2,52.2,52.2,17564,0
2015-02-13,19:40:00,52.21,52.5,52.21,52.5,3200,0
2015-02-13,19:45:00,52.8,52.8,52.8,52.8,500,0
2015-02-13,19:55:00,52.65,52.78,52.5,52.78,27550,0
2015-02-13,20:10:00,52.755,52.755,52.75,52.75,6500,0
2015-02-13,20:25:00,52.96,53.0,52.75,53.0,18864,0
2015-02-13,20:35:00,52.93,52.93,52.93,52.93,300,0
2015-02-13,20:40:00,53.12,53.12,53.12,53.12,700,0
2015-02-13,20:45:00,53.155,53.155,53.155,53.155,1300,0
2015-02-13,21:00:00,53.3,53.345,53.29,53.345,800,0
2015-02-13,21:05:00,53.35,53.35,53.12,53.12,2400,0
2015-02-13,21:20:00,53.17,53.28,53.08,53.1,1300,0
2015-02-13,21:25:00,53.09,53.31,53.09,53.09,1500,0
2015-02-13,21:30:00,53.1,53.1,53.08,53.08,1544,0
2015-02-13,21:40:00,53.12,53.12,53.12,53.12,7200,0
2015-02-13,21:55:00,53.3,53.45,53.1,53.11,5194,0
2015-02-13,22:00:00,53.32,53.32,53.0,53.1,6374,0
2015-02-17,15:40:00,53,53,52.14,52.14,2000,0
2015-02-17,15:50:00,52.65,52.6633,52.59,52.6633,1400,0
2015-02-17,15:55:00,52.88,52.9,52.69,52.69,1100,0
2015-02-17,16:05:00,53.21,53.43,53.21,53.43,331,0
2015-02-17,16:10:00,53.43,53.43,53.43,53.43,2700,0
2015-02-17,16:15:00,53.63,53.668,53.47,53.51,1017,0
2015-02-17,16:20:00,53.6651,53.6651,53.45,53.45,1300,0
2015-02-17,16:25:00,53.36,53.6399,53.18,53.18,1512,0
2015-02-17,16:30:00,52.8652,53.15,52.8652,53.15,1475,0
2015-02-17,16:35:00,52.95,52.95,52.645,52.645,5315,0
2015-02-17,16:40:00,52.92,52.92,52.92,52.92,100,0
2015-02-17,16:50:00,52.56,52.89,52.48,52.89,500,0
2015-02-17,16:55:00,52.75,52.75,52.75,52.75,200,0
2015-02-17,17:05:00,52.75,52.7501,52.75,52.7501,400,0
2015-02-17,17:10:00,52.92,52.92,52.92,52.92,200,0
2015-02-17,17:15:00,52.801,52.81,52.801,52.81,600,0
2015-02-17,17:20:00,52.92,52.92,52.87,52.92,1616,0
2015-02-17,17:25:00,52.87,52.88,52.87,52.88,600,0
2015-02-17,17:30:00,52.981,52.981,52.86,52.86,200,0
2015-02-17,17:35:00,52.92,52.92,52.92,52.92,100,0
2015-02-17,17:40:00,52.98,53.15,52.78,52.78,3873,0
2015-02-17,17:45:00,52.87,52.9,52.74,52.74,1814,0
2015-02-17,17:50:00,52.715,52.72,52.715,52.72,2200,0
2015-02-17,18:10:00,52.7,52.7,52.7,52.7,1062,0
2015-02-17,18:15:00,52.63,52.63,52.63,52.63,100,0
2015-02-17,18:25:00,52.7,52.814,52.7,52.814,500,0
2015-02-17,18:30:00,52.71,52.71,52.71,52.71,100,0
2015-02-17,18:35:00,52.71,52.71,52.71,52.71,800,0
2015-02-17,18:55:00,52.6,52.89,52.51,52.51,1029,0
2015-02-17,19:00:00,52.8359,52.8359,52.8359,52.8359,2034,0
2015-02-17,19:15:00,52.61,52.88,52.51,52.88,800,0
2015-02-17,19:20:00,52.51,52.51,52.51,52.51,600,0
2015-02-17,19:35:00,52.7424,52.7424,52.49,52.49,2140,0
2015-02-17,20:00:00,52.52,52.52,52.52,52.52,900,0
2015-02-17,20:15:00,52.45,52.45,52.45,52.45,200,0
2015-02-17,20:25:00,52.595,52.72,52.595,52.72,200,0
2015-02-17,20:30:00,52.47,52.73,52.25,52.73,2087,0
2015-02-17,20:40:00,52.45,52.71,52.45,52.71,300,0
2015-02-17,20:45:00,52.719,52.719,52.719,52.719,300,0
2015-02-17,20:50:00,52.41,52.41,52.41,52.41,300,0
2015-02-17,20:55:00,52.49,52.51,52.49,52.51,300,0
2015-02-17,21:00:00,52.82,52.82,52.82,52.82,300,0
2015-02-17,21:05:00,52.875,52.875,52.875,52.875,200,0
2015-02-17,21:10:00,52.57,52.57,52.57,52.57,200,0
2015-02-17,21:15:00,52.7872,52.88,52.6,52.6,728,0
2015-02-17,21:25:00,52.63,52.78,52.45,52.45,1400,0
2015-02-17,21:30:00,52.694,52.694,52.694,52.694,1530,0
2015-02-17,21:35:00,52.5,52.65,52.5,52.65,2268,0
2015-02-17,21:40:00,52.54,52.54,52.54,52.54,300,0
2015-02-17,21:45:00,52.51,52.63,52.51,52.51,1000,0
2015-02-17,21:50:00,52.74,52.74,52.74,52.74,600,0
2015-02-17,21:55:00,52.5801,52.5801,52.42,52.5,1200,0
2015-02-17,22:00:00,52.57,52.73,52.25,52.55,5746,0
2015-02-18,15:35:00,52.44,52.44,52.44,52.44,240,0
2015-02-18,15:45:00,52.5166,52.91,52.5166,52.91,2400,0
2015-02-18,15:50:00,52.56,52.56,52.56,52.56,1100,0
2015-02-18,15:55:00,52.9,52.91,52.85,52.85,7300,0
2015-02-18,16:00:00,53.1899,53.1899,53.03,53.03,3400,0
2015-02-18,16:05:00,52.9399,52.9399,52.9399,52.9399,2000,0
2015-02-18,16:15:00,52.51,53,52.51,52.9819,11100,0
2015-02-18,16:20:00,52.815,52.95,52.815,52.95,20400,0
2015-02-18,16:25:00,53,53.35,52.955,53,2800,0
2015-02-18,16:30:00,53,53.011,53,53.011,4190,0
2015-02-18,17:10:00,53.01,53.01,52.75,52.75,300,0
2015-02-18,17:15:00,53.01,53.01,52.96,52.96,1100,0
2015-02-18,17:20:00,53,53,52.98,53,700,0
2015-02-18,17:25:00,52.99,53.01,52.98,53.01,3700,0
2015-02-18,17:30:00,53.01,53.02,53,53.01,2300,0
2015-02-18,17:35:00,53.01,53.01,53,53.01,1290,0
2015-02-18,17:40:00,53.02,53.2,53.02,53.2,700,0
2015-02-18,17:50:00,52.96,53,52.96,53,500,0
2015-02-18,17:55:00,53.01,53.01,53.01,53.01,300,0
2015-02-18,18:00:00,53,53.01,52.99,53.01,1200,0
2015-02-18,18:05:00,53.01,53.01,53.01,53.01,250,0
2015-02-18,18:10:00,53.0013,53.0013,53.0013,53.0013,110,0
2015-02-18,18:20:00,52.9468,52.95,52.9468,52.95,3152,0
2015-02-18,18:40:00,53,53.01,53,53.01,8200,0
2015-02-18,19:10:00,52.97,52.97,52.97,52.97,500,0
2015-02-18,19:25:00,52.73,52.73,52.73,52.73,800,0
2015-02-18,19:40:00,53.01,53.03,52.85,53.01,7100,0
2015-02-18,19:45:00,53.0099,53.0099,53.0099,53.0099,750,0
2015-02-18,19:55:00,52.7229,52.7229,52.7229,52.7229,332,0
2015-02-18,20:05:00,52.84,52.98,52.84,52.88,800,0
2015-02-18,20:15:00,52.7601,52.7601,52.7601,52.7601,200,0
2015-02-18,20:20:00,52.96,53.01,52.96,53.01,1190,0
2015-02-18,20:25:00,53.01,53.01,53.01,53.01,500,0
2015-02-18,20:30:00,53.01,53.01,52.95,52.95,2600,0
2015-02-18,20:40:00,52.961,52.961,52.961,52.961,2400,0
2015-02-18,20:45:00,53.01,53.01,52.965,52.965,1000,0
2015-02-18,20:50:00,52.965,53.01,52.92,52.92,2220,0
2015-02-18,21:00:00,53.01,53.01,53.01,53.01,400,0
2015-02-18,21:25:00,52.9,53,52.88,52.885,1400,0
2015-02-18,21:30:00,53,53.01,53,53.01,1998,0
2015-02-18,21:45:00,52.915,52.915,52.915,52.915,1800,0
2015-02-18,21:55:00,53,53,52.65,52.65,1100,0
2015-02-18,22:00:00,52.8336,53.01,52.8336,53,2500,0
2015-02-19,15:45:00,53.14,53.14,53.14,53.14,150,0
2015-02-19,15:55:00,53.02,53.13,53.02,53.02,1100,0
2015-02-19,16:00:00,53.13,53.13,52.91,52.91,1022,0
2015-02-19,16:05:00,53.21,53.21,53.21,53.21,300,0
2015-02-19,16:15:00,53.31,53.36,53.11,53.11,1500,0
2015-02-19,16:25:00,53.055,53.055,53.055,53.055,400,0
2015-02-19,16:45:00,52.939,52.939,52.939,52.939,370,0
2015-02-19,16:50:00,53.15,53.15,53.15,53.15,2412,0
2015-02-19,17:00:00,53.15,53.15,53.15,53.15,500,0
2015-02-19,17:05:00,53.2,53.2,53.16,53.2,2357,0
2015-02-19,17:10:00,53.15,53.15,53.15,53.15,200,0
2015-02-19,17:20:00,53.18,53.1951,53.155,53.1951,600,0
2015-02-19,17:25:00,53.1886,53.2206,53.15,53.15,4000,0
2015-02-19,17:35:00,53.5999,53.5999,53.15,53.15,1600,0
2015-02-19,18:05:00,53.26,53.26,53.26,53.26,300,0
2015-02-19,18:10:00,53.6856,53.6856,53.29,53.29,1583,0
2015-02-19,18:15:00,53.31,53.31,53.31,53.31,500,0
2015-02-19,18:30:00,53.27,53.27,53.27,53.27,1100,0
2015-02-19,19:40:00,53.64,53.64,53.64,53.64,500,0
2015-02-19,19:55:00,53.7,53.7,53.7,53.7,700,0
2015-02-19,20:05:00,53.7,53.7,53.7,53.7,1050,0
2015-02-19,20:45:00,53.44,53.44,53.44,53.44,200,0
2015-02-19,20:55:00,53.61,53.61,53.61,53.61,308,0
2015-02-19,21:00:00,53.522,53.64,53.39,53.39,5000,0
2015-02-19,21:10:00,53.4,53.4,53.26,53.26,500,0
2015-02-19,21:15:00,53.251,53.251,53.251,53.251,424,0
2015-02-19,21:25:00,53.2501,53.2501,53.02,53.02,1800,0
2015-02-19,21:30:00,53.21,53.21,53.21,53.21,500,0
2015-02-19,21:40:00,53.19,53.19,53.19,53.19,1300,0
2015-02-19,21:45:00,53.18,53.4198,53.18,53.4198,1600,0
2015-02-19,21:50:00,53.302,53.302,53.2,53.2,1800,0
2015-02-19,21:55:00,53.2,53.2,53.15,53.15,2130,0
2015-02-19,22:00:00,53.18,53.199,53,53.17,3082,0
2015-02-20,15:45:00,53.6076,53.73,53.35,53.6,2150,0
2015-02-20,15:55:00,53.61,53.61,53.61,53.61,100,0
2015-02-20,16:05:00,53.64,53.748,53.6001,53.61,5290,0
2015-02-20,16:20:00,53.61,53.61,53.6,53.6,400,0
2015-02-20,16:25:00,53.61,53.61,53.5,53.5,3892,0
2015-02-20,16:30:00,53.55,53.56,53.3,53.3,1000,0
2015-02-20,16:35:00,53.3,53.4599,53.3,53.3,1520,0
2015-02-20,16:40:00,53.19,53.19,53.17,53.17,900,0
2015-02-20,16:50:00,53.16,53.484,53.1,53.484,2100,0
2015-02-20,16:55:00,53.29,53.29,53.29,53.29,600,0
2015-02-20,17:10:00,53.25,53.25,53.1,53.1375,7900,0
2015-02-20,17:15:00,53.3,53.4799,53.25,53.25,25985,0
2015-02-20,17:20:00,53.13,53.13,52.75,52.75,5348,0
2015-02-20,17:30:00,53.03,53.03,53.03,53.03,400,0
2015-02-20,17:40:00,52.9275,52.9275,52.9,52.9,600,0
2015-02-20,17:45:00,52.91,52.9101,52.9,52.9101,350,0
2015-02-20,17:50:00,53.1,53.1,53.0999,53.0999,1700,0
2015-02-20,18:00:00,53.1,53.1,53.099,53.1,400,0
2015-02-20,18:05:00,53.1012,53.36,53.1012,53.35,1200,0
2015-02-20,18:15:00,53.42,53.42,53.405,53.405,594,0
2015-02-20,18:20:00,53.25,53.25,53.25,53.25,200,0
2015-02-20,18:25:00,53.25,53.26,53.25,53.25,1200,0
2015-02-20,18:30:00,53.21,53.5544,53.21,53.5544,880,0
2015-02-20,18:35:00,53.26,53.26,53.25,53.25,400,0
2015-02-20,18:45:00,53.26,53.27,53.25,53.25,400,0
2015-02-20,18:50:00,53.4757,53.4757,53.4757,53.4757,150,0
2015-02-20,18:55:00,53.5399,53.5399,53.5399,53.5399,615,0
2015-02-20,19:05:00,53.23,53.2571,53.22,53.2571,4950,0
2015-02-20,19:20:00,53.13,53.13,53.13,53.13,900,0
2015-02-20,19:30:00,53.305,53.305,53.305,53.305,300,0
2015-02-20,19:35:00,53.285,53.285,53.285,53.285,100,0
2015-02-20,19:40:00,53.295,53.295,53.295,53.295,100,0
2015-02-20,19:50:00,53.295,53.295,53.295,53.295,1400,0
2015-02-20,20:05:00,53.16,53.1887,53.11,53.1887,600,0
2015-02-20,20:10:00,53.27,53.44,53.27,53.275,1900,0
2015-02-20,20:15:00,53.39,53.39,53.39,53.39,1944,0
2015-02-20,20:30:00,53.29,53.29,53.29,53.29,1300,0
2015-02-20,20:45:00,53.12,53.12,53.12,53.12,400,0
2015-02-20,20:55:00,53.29,53.29,53,53.01,3403,0
2015-02-20,21:05:00,53.02,53.05,53,53,1000,0
2015-02-20,21:10:00,53.01,53.3,53,53.15,1300,0
2015-02-20,21:15:00,53,53.37,53,53.045,2070,0
2015-02-20,21:20:00,53,53.07,52.99,52.99,4900,0
2015-02-20,21:30:00,53,53,53,53,200,0
2015-02-20,21:40:00,53.04,53.0475,53.04,53.04,600,0
2015-02-20,21:45:00,52.99,53.09,52.77,52.77,998,0
2015-02-20,21:55:00,53.1275,53.235,53.01,53.01,2400,0
2015-02-20,22:00:00,52.99,53.1,52.55,52.57,5000,0
2015-02-23,15:35:00,52.4,52.4,52.4,52.4,1028,0
2015-02-23,15:55:00,52.55,52.55,52.55,52.55,1100,0
2015-02-23,16:00:00,52.67,52.85,52.67,52.784,525,0
2015-02-23,16:10:00,52.73,52.73,52.7,52.7,2236,0
2015-02-23,16:20:00,52.77,52.77,52.77,52.77,400,0
2015-02-23,16:25:00,52.68,52.79,52.68,52.79,2400,0
2015-02-23,16:50:00,52.7804,52.8,52.78,52.79,978,0
2015-02-23,16:55:00,52.799,52.799,52.799,52.799,300,0
2015-02-23,17:00:00,52.73,52.73,52.73,52.73,634,0
2015-02-23,17:05:00,52.73,52.74,52.73,52.74,600,0
2015-02-23,17:15:00,52.73,52.73,52.73,52.73,100,0
2015-02-23,17:20:00,52.73,52.73,52.73,52.73,400,0
2015-02-23,17:25:00,52.87,53,52.86,52.95,1400,0
2015-02-23,17:35:00,52.95,52.95,52.79,52.79,400,0
2015-02-23,17:40:00,52.73,52.73,52.73,52.73,100,0
2015-02-23,17:45:00,52.83,52.83,52.83,52.83,100,0
2015-02-23,17:50:00,52.9099,52.9099,52.9099,52.9099,150,0
2015-02-23,18:05:00,52.77,52.77,52.6,52.6,1169,0
2015-02-23,18:10:00,52.75,52.75,52.75,52.75,500,0
2015-02-23,18:15:00,52.68,52.75,52.62,52.62,1690,0
2015-02-23,18:20:00,52.68,52.7,52.61,52.7,1100,0
2015-02-23,18:25:00,52.72,52.73,52.72,52.73,700,0
2015-02-23,18:50:00,52.761,52.83,52.715,52.81,1198,0
2015-02-23,19:00:00,52.7,52.79,52.7,52.72,1300,0
2015-02-23,19:05:00,52.8,52.8,52.8,52.8,300,0
2015-02-23,19:10:00,52.72,52.73,52.56,52.601,4782,0
2015-02-23,19:20:00,52.73,52.73,52.73,52.73,300,0
2015-02-23,19:30:00,52.5343,52.7,52.5343,52.7,581,0
2015-02-23,19:50:00,52.9,52.9,52.9,52.9,200,0
2015-02-23,20:00:00,52.79,52.79,52.79,52.79,900,0
2015-02-23,20:30:00,52.7,52.7,52.7,52.7,200,0
2015-02-23,20:40:00,52.722,52.722,52.722,52.722,100,0
2015-02-23,20:45:00,52.7,52.7,52.7,52.7,200,0
2015-02-23,20:50:00,52.7165,52.7165,52.7165,52.7165,715,0
2015-02-23,20:55:00,52.76,52.76,52.76,52.76,200,0
2015-02-23,21:00:00,52.76,52.76,52.7,52.7,500,0
2015-02-23,21:05:00,52.7,52.7,52.6,52.7,766,0
2015-02-23,21:10:00,52.7,52.7,52.7,52.7,300,0
2015-02-23,21:15:00,52.7,52.76,52.61,52.76,1758,0
2015-02-23,21:25:00,52.7,52.7,52.41,52.41,7221,0
2015-02-23,21:30:00,52.5,52.69,52.5,52.69,2685,0
2015-02-23,21:35:00,52.66,52.67,52.63,52.63,2700,0
2015-02-23,21:40:00,52.66,52.66,52.65,52.65,1000,0
2015-02-23,21:45:00,52.68,52.68,52.68,52.68,1000,0
2015-02-23,21:50:00,52.63,52.72,52.52,52.72,6648,0
2015-02-23,22:00:00,52.71,52.97,52.61,52.93,2786,0
