Date,Time,Open,High,Low,Close,Volume,OpenInt
2015-01-27,20:35:00,1.5401,1.5401,1.5400,1.5400,2000,0
2015-01-27,20:40:00,1.55,1.55,1.55,1.55,100,0
2015-01-27,20:45:00,1.5499,1.5499,1.5499,1.5499,245,0
2015-01-27,20:50:00,1.547,1.5499,1.545,1.5499,400,0
2015-01-27,21:00:00,1.545,1.5575,1.545,1.5575,200,0
2015-01-27,21:05:00,1.545,1.5475,1.545,1.545,2000,0
2015-01-27,21:10:00,1.545,1.545,1.545,1.545,100,0
2015-01-27,21:15:00,1.55,1.55,1.54,1.54,5502,0
2015-01-27,21:20:00,1.54,1.55,1.54,1.55,1000,0
2015-01-27,21:30:00,1.54,1.55,1.54,1.5416,6900,0
2015-01-27,21:35:00,1.5401,1.5401,1.5401,1.5401,1600,0
2015-01-27,21:40:00,1.55,1.55,1.55,1.55,400,0
2015-01-27,21:50:00,1.55,1.56,1.55,1.55,1300,0
2015-01-27,21:55:00,1.555,1.555,1.54,1.54,40524,0
2015-01-27,22:00:00,1.5401,1.56,1.54,1.555,35858,0
2015-01-28,15:35:00,1.59,1.59,1.54,1.54,27600,0
2015-01-28,15:40:00,1.55,1.56,1.5348,1.5348,5800,0
2015-01-28,15:45:00,1.54,1.54,1.54,1.54,200,0
2015-01-28,15:55:00,1.54,1.54,1.54,1.54,1000,0
2015-01-28,16:00:00,1.53,1.53,1.53,1.53,11000,0
2015-01-28,16:05:00,1.54,1.54,1.54,1.54,200,0
2015-01-28,16:10:00,1.53,1.53,1.53,1.53,1600,0
2015-01-28,16:15:00,1.54,1.55,1.54,1.545,15087,0
2015-01-28,16:20:00,1.55,1.55,1.55,1.55,10200,0
2015-01-28,16:25:00,1.54,1.55,1.54,1.55,582,0
2015-01-28,16:30:00,1.54,1.5499,1.54,1.54,5200,0
2015-01-28,16:40:00,1.5482,1.5482,1.54,1.54,250,0
2015-01-28,16:45:00,1.55,1.55,1.55,1.55,350,0
2015-01-28,16:50:00,1.55,1.55,1.54,1.55,2800,0
2015-01-28,16:55:00,1.54,1.54,1.54,1.54,100,0
2015-01-28,17:00:00,1.54,1.55,1.54,1.54,2500,0
2015-01-28,17:05:00,1.53,1.53,1.53,1.53,600,0
2015-01-28,17:10:00,1.54,1.54,1.54,1.54,100,0
2015-01-28,17:15:00,1.5399,1.54,1.5301,1.54,5400,0
2015-01-28,17:20:00,1.53,1.5301,1.53,1.5301,1300,0
2015-01-28,17:25:00,1.5301,1.5301,1.5301,1.5301,2000,0
2015-01-28,17:35:00,1.54,1.54,1.54,1.54,500,0
2015-01-28,17:45:00,1.54,1.54,1.54,1.54,200,0
2015-01-28,18:00:00,1.54,1.54,1.53,1.535,1400,0
2015-01-28,18:10:00,1.5399,1.5399,1.5399,1.5399,4000,0
2015-01-28,18:15:00,1.54,1.54,1.54,1.54,200,0
2015-01-28,18:20:00,1.5301,1.5399,1.5301,1.5399,459,0
2015-01-28,18:25:00,1.54,1.54,1.54,1.54,100,0
2015-01-28,18:30:00,1.54,1.54,1.54,1.54,100,0
2015-01-28,18:45:00,1.54,1.54,1.54,1.54,400,0
2015-01-28,18:55:00,1.5301,1.5301,1.5301,1.5301,900,0
2015-01-28,19:00:00,1.5496,1.5496,1.5496,1.5496,600,0
2015-01-28,19:10:00,1.55,1.55,1.55,1.55,100,0
2015-01-28,19:15:00,1.5337,1.5337,1.5337,1.5337,1000,0
2015-01-28,19:20:00,1.54,1.54,1.54,1.54,300,0
2015-01-28,19:30:00,1.55,1.55,1.55,1.55,100,0
2015-01-28,19:35:00,1.54,1.54,1.53,1.53,1200,0
2015-01-28,19:40:00,1.5301,1.5301,1.5301,1.5301,500,0
2015-01-28,19:45:00,1.5301,1.5301,1.5301,1.5301,200,0
2015-01-28,19:50:00,1.54,1.54,1.54,1.54,100,0
2015-01-28,19:55:00,1.55,1.55,1.53,1.53,1400,0
2015-01-28,20:05:00,1.53,1.5345,1.53,1.5345,2491,0
2015-01-28,20:10:00,1.53,1.53,1.53,1.53,900,0
2015-01-28,20:15:00,1.53,1.53,1.53,1.53,1600,0
2015-01-28,20:20:00,1.53,1.53,1.53,1.53,200,0
2015-01-28,20:25:00,1.54,1.54,1.54,1.54,100,0
2015-01-28,20:35:00,1.54,1.54,1.52,1.52,200,0
2015-01-28,20:40:00,1.54,1.54,1.54,1.54,100,0
2015-01-28,20:50:00,1.53,1.53,1.5201,1.5201,8100,0
2015-01-28,20:55:00,1.54,1.54,1.53,1.53,2700,0
2015-01-28,21:05:00,1.54,1.54,1.54,1.54,100,0
2015-01-28,21:10:00,1.5232,1.53,1.52,1.52,1000,0
2015-01-28,21:15:00,1.54,1.55,1.54,1.55,27300,0
2015-01-28,21:30:00,1.54,1.54,1.5216,1.5216,2589,0
2015-01-28,21:35:00,1.53,1.55,1.53,1.54,2549,0
2015-01-28,21:40:00,1.53,1.53,1.53,1.53,3200,0
2015-01-28,21:50:00,1.53,1.53,1.53,1.53,1200,0
2015-01-28,21:55:00,1.5201,1.5201,1.5,1.52,7037,0
2015-01-28,22:00:00,1.52,1.52,1.51,1.51,4800,0
2015-01-29,15:35:00,1.529,1.529,1.529,1.529,2720,0
2015-01-29,15:40:00,1.5332,1.5332,1.53,1.53,3200,0
2015-01-29,15:45:00,1.535,1.5387,1.5301,1.5301,6210,0
2015-01-29,15:50:00,1.54,1.54,1.54,1.54,100,0
2015-01-29,16:00:00,1.535,1.535,1.53,1.53,1665,0
2015-01-29,16:05:00,1.5499,1.55,1.5401,1.545,4475,0
2015-01-29,16:10:00,1.55,1.55,1.5449,1.5449,300,0
2015-01-29,16:15:00,1.5499,1.5499,1.544,1.544,6000,0
2015-01-29,16:20:00,1.54,1.54,1.54,1.54,200,0
2015-01-29,16:25:00,1.5401,1.5401,1.53,1.53,1400,0
2015-01-29,16:30:00,1.5301,1.5301,1.5301,1.5301,160,0
2015-01-29,16:35:00,1.544,1.544,1.544,1.544,2000,0
2015-01-29,16:40:00,1.536,1.5496,1.536,1.54,2010,0
2015-01-29,16:50:00,1.545,1.545,1.545,1.545,100,0
2015-01-29,16:55:00,1.5401,1.5401,1.53,1.53,2300,0
2015-01-29,17:05:00,1.54,1.55,1.54,1.549,1400,0
2015-01-29,17:10:00,1.53,1.53,1.53,1.53,100,0
2015-01-29,17:15:00,1.53,1.53,1.53,1.53,100,0
2015-01-29,17:25:00,1.54,1.54,1.53,1.53,4100,0
2015-01-29,17:30:00,1.5301,1.54,1.53,1.54,1000,0
2015-01-29,17:40:00,1.54,1.54,1.53,1.53,7700,0
2015-01-29,17:45:00,1.53,1.54,1.53,1.54,5686,0
2015-01-29,18:00:00,1.5339,1.5339,1.5339,1.5339,3000,0
2015-01-29,18:05:00,1.54,1.54,1.54,1.54,100,0
2015-01-29,18:10:00,1.53,1.53,1.53,1.53,600,0
2015-01-29,18:15:00,1.53,1.54,1.53,1.54,700,0
2015-01-29,18:20:00,1.535,1.54,1.535,1.54,6350,0
2015-01-29,18:25:00,1.5389,1.54,1.535,1.535,2800,0
2015-01-29,18:30:00,1.53,1.53,1.53,1.53,1100,0
2015-01-29,18:40:00,1.54,1.54,1.54,1.54,100,0
2015-01-29,18:50:00,1.535,1.535,1.535,1.535,100,0
2015-01-29,18:55:00,1.53,1.5336,1.53,1.5336,10000,0
2015-01-29,19:00:00,1.54,1.54,1.54,1.54,100,0
2015-01-29,19:10:00,1.535,1.535,1.535,1.535,300,0
2015-01-29,19:15:00,1.53,1.5399,1.53,1.5399,1075,0
2015-01-29,19:20:00,1.5301,1.535,1.5301,1.535,3400,0
2015-01-29,19:30:00,1.54,1.54,1.53,1.54,500,0
2015-01-29,19:35:00,1.5301,1.5301,1.5301,1.5301,422,0
2015-01-29,19:40:00,1.5399,1.54,1.53,1.54,500,0
2015-01-29,19:50:00,1.5301,1.5301,1.53,1.53,1100,0
2015-01-29,19:55:00,1.535,1.54,1.53,1.5395,5700,0
2015-01-29,20:00:00,1.54,1.54,1.54,1.54,100,0
2015-01-29,20:20:00,1.53,1.54,1.53,1.5399,1355,0
2015-01-29,20:30:00,1.535,1.535,1.53,1.53,1850,0
2015-01-29,20:45:00,1.54,1.54,1.53,1.53,400,0
2015-01-29,20:55:00,1.537,1.54,1.53,1.53,500,0
2015-01-29,21:00:00,1.5301,1.5301,1.53,1.53,1900,0
2015-01-29,21:10:00,1.533,1.533,1.53,1.53,1250,0
2015-01-29,21:15:00,1.54,1.54,1.54,1.54,300,0
2015-01-29,21:20:00,1.5399,1.5399,1.53,1.53,488,0
2015-01-29,21:30:00,1.5301,1.5301,1.5301,1.5301,200,0
2015-01-29,21:35:00,1.54,1.54,1.53,1.5359,2350,0
2015-01-29,21:45:00,1.54,1.54,1.54,1.54,100,0
2015-01-29,21:50:00,1.53,1.53,1.53,1.53,400,0
2015-01-29,21:55:00,1.53,1.54,1.53,1.53,600,0
2015-01-29,22:00:00,1.54,1.54,1.53,1.53,29221,0
2015-01-30,15:35:00,1.51,1.51,1.51,1.51,15877,0
2015-01-30,15:50:00,1.5101,1.53,1.5101,1.529,21800,0
2015-01-30,15:55:00,1.52,1.52,1.52,1.52,100,0
2015-01-30,16:00:00,1.52,1.53,1.52,1.53,17049,0
2015-01-30,16:20:00,1.52,1.53,1.52,1.53,6000,0
2015-01-30,16:25:00,1.53,1.53,1.5124,1.5124,950,0
2015-01-30,16:30:00,1.51,1.51,1.51,1.51,1000,0
2015-01-30,16:35:00,1.51,1.51,1.51,1.51,1100,0
2015-01-30,16:45:00,1.52,1.52,1.52,1.52,100,0
2015-01-30,16:50:00,1.5149,1.5149,1.5149,1.5149,1000,0
2015-01-30,17:10:00,1.52,1.52,1.52,1.52,100,0
2015-01-30,17:15:00,1.515,1.52,1.515,1.52,4300,0
2015-01-30,17:20:00,1.52,1.52,1.5199,1.52,2838,0
2015-01-30,17:25:00,1.52,1.526,1.51,1.51,5000,0
2015-01-30,17:30:00,1.52,1.52,1.51,1.519,3500,0
2015-01-30,17:40:00,1.515,1.53,1.515,1.52,4400,0
2015-01-30,17:45:00,1.53,1.53,1.53,1.53,150,0
2015-01-30,17:50:00,1.525,1.53,1.52,1.525,4220,0
2015-01-30,18:05:00,1.525,1.525,1.525,1.525,100,0
2015-01-30,18:30:00,1.525,1.525,1.525,1.525,100,0
2015-01-30,18:40:00,1.5201,1.5201,1.5201,1.5201,1250,0
2015-01-30,18:45:00,1.53,1.53,1.5299,1.5299,400,0
2015-01-30,18:50:00,1.53,1.53,1.525,1.525,200,0
2015-01-30,18:55:00,1.52,1.52,1.52,1.52,600,0
2015-01-30,19:05:00,1.523,1.53,1.523,1.525,1600,0
2015-01-30,19:10:00,1.5201,1.53,1.52,1.52,6200,0
2015-01-30,19:15:00,1.52,1.5201,1.52,1.5201,3000,0
2015-01-30,19:20:00,1.52,1.53,1.52,1.53,700,0
2015-01-30,19:30:00,1.52,1.52,1.52,1.52,500,0
2015-01-30,19:40:00,1.5272,1.5272,1.5272,1.5272,1000,0
2015-01-30,19:50:00,1.5299,1.5299,1.5299,1.5299,100,0
2015-01-30,19:55:00,1.525,1.525,1.525,1.525,200,0
2015-01-30,20:00:00,1.525,1.529,1.525,1.529,5407,0
2015-01-30,20:05:00,1.525,1.525,1.525,1.525,100,0
2015-01-30,20:10:00,1.5201,1.5201,1.52,1.52,2300,0
2015-01-30,20:25:00,1.525,1.525,1.525,1.525,200,0
2015-01-30,20:55:00,1.5201,1.5267,1.5201,1.525,450,0
2015-01-30,21:00:00,1.5267,1.5267,1.5267,1.5267,250,0
2015-01-30,21:05:00,1.53,1.53,1.53,1.53,250,0
2015-01-30,21:15:00,1.525,1.525,1.525,1.525,100,0
2015-01-30,21:25:00,1.53,1.53,1.53,1.53,100,0
2015-01-30,21:30:00,1.52,1.52,1.5116,1.5116,6116,0
2015-01-30,21:40:00,1.5101,1.515,1.5101,1.515,284,0
2015-01-30,21:45:00,1.51,1.51,1.5016,1.5016,2200,0
2015-01-30,21:50:00,1.5,1.51,1.5,1.51,700,0
2015-01-30,21:55:00,1.5016,1.51,1.5,1.5016,11062,0
2015-01-30,22:00:00,1.5016,1.51,1.5016,1.51,8862,0
2015-02-02,15:35:00,1.52,1.524,1.52,1.524,4540,0
2015-02-02,15:40:00,1.51,1.53,1.51,1.5299,15350,0
2015-02-02,15:45:00,1.5205,1.53,1.5205,1.53,2100,0
2015-02-02,15:55:00,1.5299,1.5299,1.5299,1.5299,6000,0
2015-02-02,16:00:00,1.5299,1.5299,1.51,1.52,12001,0
2015-02-02,16:05:00,1.52,1.52,1.5199,1.5199,5200,0
2015-02-02,16:10:00,1.515,1.5199,1.5101,1.5101,2576,0
2015-02-02,16:15:00,1.52,1.52,1.52,1.52,1000,0
2015-02-02,16:20:00,1.51,1.51,1.51,1.51,100,0
2015-02-02,16:30:00,1.51,1.51,1.51,1.51,100,0
2015-02-02,16:40:00,1.515,1.515,1.515,1.515,157,0
2015-02-02,17:10:00,1.515,1.515,1.5101,1.5101,8000,0
2015-02-02,17:15:00,1.51,1.52,1.51,1.52,300,0
2015-02-02,17:25:00,1.52,1.53,1.5199,1.53,900,0
2015-02-02,17:30:00,1.52,1.52,1.52,1.52,3000,0
2015-02-02,17:45:00,1.53,1.53,1.53,1.53,600,0
2015-02-02,18:00:00,1.53,1.53,1.53,1.53,100,0
2015-02-02,18:05:00,1.5257,1.5257,1.5201,1.5201,2500,0
2015-02-02,18:15:00,1.53,1.53,1.525,1.53,8700,0
2015-02-02,18:20:00,1.53,1.54,1.53,1.54,8100,0
2015-02-02,18:30:00,1.53,1.53,1.53,1.53,300,0
2015-02-02,18:35:00,1.52,1.52,1.52,1.52,5000,0
2015-02-02,18:45:00,1.53,1.53,1.53,1.53,8100,0
2015-02-02,18:55:00,1.54,1.54,1.54,1.54,4000,0
2015-02-02,19:00:00,1.53,1.54,1.53,1.53,2500,0
2015-02-02,19:05:00,1.53,1.53,1.53,1.53,1035,0
2015-02-02,19:20:00,1.534,1.54,1.534,1.54,1250,0
2015-02-02,19:35:00,1.54,1.54,1.53,1.53,200,0
2015-02-02,19:40:00,1.5279,1.5279,1.5279,1.5279,280,0
2015-02-02,19:50:00,1.54,1.54,1.54,1.54,300,0
2015-02-02,20:05:00,1.54,1.54,1.5228,1.5228,2112,0
2015-02-02,20:10:00,1.52,1.52,1.52,1.52,100,0
2015-02-02,20:20:00,1.54,1.54,1.54,1.54,600,0
2015-02-02,20:25:00,1.5201,1.5201,1.5201,1.5201,384,0
2015-02-02,20:30:00,1.53,1.53,1.53,1.53,100,0
2015-02-02,20:35:00,1.5297,1.5297,1.52,1.52,1850,0
2015-02-02,20:45:00,1.53,1.53,1.53,1.53,10000,0
2015-02-02,20:50:00,1.53,1.53,1.53,1.53,200,0
2015-02-02,21:00:00,1.52,1.54,1.52,1.5399,7850,0
2015-02-02,21:05:00,1.526,1.53,1.525,1.53,1800,0
2015-02-02,21:10:00,1.5299,1.5299,1.5299,1.5299,200,0
2015-02-02,21:15:00,1.5201,1.54,1.52,1.52,948,0
2015-02-02,21:20:00,1.52,1.52,1.5132,1.5132,300,0
2015-02-02,21:25:00,1.5132,1.53,1.5132,1.5132,400,0
2015-02-02,21:30:00,1.53,1.53,1.5101,1.5132,600,0
2015-02-02,21:45:00,1.53,1.53,1.53,1.53,1300,0
2015-02-02,21:50:00,1.53,1.53,1.53,1.53,11600,0
2015-02-02,21:55:00,1.53,1.53,1.52,1.53,12075,0
2015-02-02,22:00:00,1.5201,1.53,1.5201,1.53,17771,0
2015-02-03,15:35:00,1.56,1.56,1.56,1.56,2000,0
2015-02-03,15:40:00,1.5654,1.5654,1.5654,1.5654,200,0
2015-02-03,15:45:00,1.56,1.56,1.55,1.5501,2000,0
2015-02-03,15:50:00,1.55,1.56,1.55,1.56,5026,0
2015-02-03,15:55:00,1.53,1.53,1.53,1.53,2000,0
2015-02-03,16:00:00,1.52,1.52,1.52,1.52,1285,0
2015-02-03,16:05:00,1.52,1.52,1.52,1.52,1156,0
2015-02-03,16:10:00,1.53,1.53,1.53,1.53,200,0
2015-02-03,16:15:00,1.52,1.5399,1.52,1.5399,3508,0
2015-02-03,16:20:00,1.5298,1.53,1.51,1.53,23280,0
2015-02-03,16:25:00,1.52,1.52,1.51,1.52,6039,0
2015-02-03,16:30:00,1.5199,1.5199,1.5,1.5,6839,0
2015-02-03,16:35:00,1.51,1.51,1.51,1.51,100,0
2015-02-03,16:40:00,1.51,1.5102,1.51,1.5102,6622,0
2015-02-03,16:45:00,1.52,1.53,1.518,1.53,11600,0
2015-02-03,16:50:00,1.51,1.51,1.51,1.51,100,0
2015-02-03,16:55:00,1.51,1.52,1.51,1.52,1300,0
2015-02-03,17:00:00,1.51,1.511,1.51,1.51,1084,0
2015-02-03,17:05:00,1.515,1.515,1.51,1.51,300,0
2015-02-03,17:10:00,1.51,1.51,1.5,1.51,900,0
2015-02-03,17:15:00,1.505,1.505,1.49,1.49,24446,0
2015-02-03,17:20:00,1.51,1.51,1.5,1.5,1400,0
2015-02-03,17:45:00,1.4901,1.495,1.4901,1.495,434,0
2015-02-03,17:50:00,1.4924,1.4924,1.4901,1.4901,2350,0
2015-02-03,17:55:00,1.499,1.499,1.4801,1.4801,20000,0
2015-02-03,18:00:00,1.51,1.51,1.5,1.5,400,0
2015-02-03,18:05:00,1.5,1.5,1.5,1.5,100,0
2015-02-03,18:10:00,1.5,1.5,1.5,1.5,600,0
2015-02-03,18:15:00,1.5,1.51,1.5,1.51,200,0
2015-02-03,18:20:00,1.5002,1.5002,1.5002,1.5002,1500,0
2015-02-03,18:25:00,1.5022,1.5022,1.5022,1.5022,200,0
2015-02-03,18:30:00,1.5,1.5,1.5,1.5,2000,0
2015-02-03,18:40:00,1.5,1.5,1.5,1.5,300,0
2015-02-03,18:45:00,1.51,1.51,1.5099,1.5099,1600,0
2015-02-03,18:55:00,1.51,1.51,1.505,1.505,11100,0
2015-02-03,19:05:00,1.505,1.505,1.505,1.505,100,0
2015-02-03,19:15:00,1.505,1.51,1.505,1.51,7500,0
2015-02-03,19:20:00,1.51,1.51,1.51,1.51,100,0
2015-02-03,19:30:00,1.5001,1.5001,1.5,1.5,8045,0
2015-02-03,19:45:00,1.5,1.5001,1.5,1.5001,2000,0
2015-02-03,19:50:00,1.4979,1.51,1.493,1.493,4300,0
2015-02-03,19:55:00,1.49,1.5,1.49,1.5,700,0
2015-02-03,20:10:00,1.497,1.497,1.49,1.49,1810,0
2015-02-03,20:15:00,1.5,1.5,1.491,1.5,11100,0
2015-02-03,20:20:00,1.4999,1.4999,1.4999,1.4999,259,0
2015-02-03,20:25:00,1.4999,1.4999,1.4999,1.4999,500,0
2015-02-03,20:30:00,1.4999,1.4999,1.4999,1.4999,3000,0
2015-02-03,20:35:00,1.5,1.5,1.5,1.5,200,0
2015-02-03,20:40:00,1.49,1.49,1.49,1.49,100,0
2015-02-03,20:45:00,1.49,1.5,1.49,1.5,200,0
2015-02-03,20:55:00,1.5,1.5,1.4999,1.4999,6250,0
2015-02-03,21:00:00,1.5,1.5,1.49,1.5,500,0
2015-02-03,21:15:00,1.495,1.495,1.495,1.495,100,0
2015-02-03,21:20:00,1.5,1.5,1.49,1.499,13333,0
2015-02-03,21:25:00,1.499,1.5,1.495,1.5,7500,0
2015-02-03,21:30:00,1.5,1.5,1.5,1.5,100,0
2015-02-03,21:35:00,1.5,1.5,1.5,1.5,400,0
2015-02-03,21:40:00,1.5,1.5,1.49,1.5,2600,0
2015-02-03,21:45:00,1.49,1.49,1.49,1.49,100,0
2015-02-03,21:50:00,1.5,1.5,1.49,1.5,3150,0
2015-02-03,21:55:00,1.5,1.5,1.49,1.5,6713,0
2015-02-03,22:00:00,1.5,1.52,1.5,1.51,36029,0
2015-02-04,15:35:00,1.59,1.59,1.52,1.5299,15461,0
2015-02-04,15:40:00,1.5299,1.53,1.52,1.53,3500,0
2015-02-04,15:45:00,1.53,1.53,1.5001,1.5001,6000,0
2015-02-04,15:55:00,1.5,1.5099,1.5,1.5,4782,0
2015-02-04,16:00:00,1.505,1.52,1.5,1.5,805,0
2015-02-04,16:05:00,1.5,1.5,1.4901,1.5,2298,0
2015-02-04,16:10:00,1.5,1.5,1.494,1.494,1935,0
2015-02-04,16:20:00,1.4928,1.4928,1.4928,1.4928,1500,0
2015-02-04,16:25:00,1.49,1.5,1.49,1.5,4000,0
2015-02-04,16:30:00,1.493,1.493,1.49,1.49,250,0
2015-02-04,16:35:00,1.49,1.49,1.49,1.49,600,0
2015-02-04,16:40:00,1.49,1.5,1.49,1.49,1200,0
2015-02-04,16:45:00,1.49,1.49,1.49,1.49,100,0
2015-02-04,16:50:00,1.4999,1.4999,1.4999,1.4999,3000,0
2015-02-04,16:55:00,1.5,1.5,1.49,1.49,5507,0
2015-02-04,17:00:00,1.5,1.5,1.5,1.5,1225,0
2015-02-04,17:05:00,1.505,1.51,1.49,1.5,11500,0
2015-02-04,17:10:00,1.51,1.52,1.51,1.52,3500,0
2015-02-04,17:15:00,1.51,1.51,1.49,1.5,4500,0
2015-02-04,17:20:00,1.493,1.51,1.493,1.51,3275,0
2015-02-04,17:30:00,1.5099,1.5099,1.5099,1.5099,200,0
2015-02-04,17:35:00,1.51,1.51,1.4901,1.4901,550,0
2015-02-04,17:45:00,1.49,1.49,1.49,1.49,10000,0
2015-02-04,17:50:00,1.504,1.504,1.49,1.49,1130,0
2015-02-04,17:55:00,1.5,1.51,1.5,1.5,2100,0
2015-02-04,18:00:00,1.5,1.5001,1.5,1.5,2600,0
2015-02-04,18:05:00,1.5,1.5,1.5,1.5,600,0
2015-02-04,18:10:00,1.5,1.51,1.5,1.5,800,0
2015-02-04,18:15:00,1.5,1.5,1.5,1.5,900,0
2015-02-04,18:20:00,1.5,1.5,1.5,1.5,600,0
2015-02-04,18:25:00,1.5,1.51,1.5,1.5,1300,0
2015-02-04,18:30:00,1.5,1.51,1.5,1.5,1200,0
2015-02-04,18:35:00,1.5,1.5,1.5,1.5,1900,0
2015-02-04,18:40:00,1.5099,1.5099,1.5,1.5,1400,0
2015-02-04,18:45:00,1.5051,1.5051,1.5,1.5,2500,0
2015-02-04,18:50:00,1.5,1.5,1.5,1.5,300,0
2015-02-04,18:55:00,1.51,1.51,1.5,1.5,1100,0
2015-02-04,19:10:00,1.5,1.5066,1.5,1.5,13015,0
2015-02-04,19:15:00,1.5,1.5,1.5,1.5,800,0
2015-02-04,19:20:00,1.5,1.5,1.5,1.5,1000,0
2015-02-04,19:25:00,1.5,1.5,1.5,1.5,1200,0
2015-02-04,19:30:00,1.5,1.5,1.5,1.5,800,0
2015-02-04,19:35:00,1.5,1.5001,1.5,1.5001,4170,0
2015-02-04,19:45:00,1.49,1.4999,1.49,1.4999,600,0
2015-02-04,19:50:00,1.4901,1.4999,1.49,1.49,8700,0
2015-02-04,20:00:00,1.5,1.5,1.5,1.5,100,0
2015-02-04,20:05:00,1.5,1.5,1.5,1.5,100,0
2015-02-04,20:15:00,1.4999,1.4999,1.4999,1.4999,6000,0
2015-02-04,20:20:00,1.49,1.5,1.49,1.49,20200,0
2015-02-04,20:25:00,1.49,1.49,1.49,1.49,2901,0
2015-02-04,20:30:00,1.4873,1.4873,1.4873,1.4873,250,0
2015-02-04,20:35:00,1.49,1.49,1.4899,1.4899,600,0
2015-02-04,20:50:00,1.49,1.49,1.49,1.49,400,0
2015-02-04,21:00:00,1.4838,1.4838,1.4838,1.4838,400,0
2015-02-04,21:05:00,1.49,1.49,1.49,1.49,1400,0
2015-02-04,21:10:00,1.49,1.5,1.49,1.497,2530,0
2015-02-04,21:20:00,1.5,1.5,1.5,1.5,100,0
2015-02-04,21:25:00,1.5,1.5,1.4951,1.4951,14585,0
2015-02-04,21:30:00,1.49,1.49,1.49,1.49,1500,0
2015-02-04,21:45:00,1.5,1.5,1.49,1.49,1000,0
2015-02-04,21:50:00,1.49,1.5,1.49,1.5,7750,0
2015-02-04,21:55:00,1.49,1.5,1.49,1.49,1500,0
2015-02-04,22:00:00,1.4999,1.4999,1.49,1.49,3200,0
2015-02-05,15:35:00,1.5,1.5097,1.5,1.5001,12133,0
2015-02-05,15:40:00,1.5048,1.5099,1.5001,1.5099,4250,0
2015-02-05,15:45:00,1.5051,1.5051,1.5051,1.5051,300,0
2015-02-05,15:55:00,1.51,1.51,1.5001,1.5001,12936,0
2015-02-05,16:05:00,1.505,1.505,1.5,1.5,1200,0
2015-02-05,16:15:00,1.51,1.51,1.5052,1.5052,1298,0
2015-02-05,16:30:00,1.505,1.515,1.505,1.515,20400,0
2015-02-05,16:35:00,1.51,1.53,1.51,1.51,5623,0
2015-02-05,16:40:00,1.5116,1.5116,1.51,1.51,700,0
2015-02-05,16:45:00,1.527,1.527,1.51,1.52,1200,0
2015-02-05,16:55:00,1.54,1.54,1.52,1.53,5300,0
2015-02-05,17:00:00,1.5299,1.5299,1.5299,1.5299,1900,0
2015-02-05,17:05:00,1.5299,1.53,1.52,1.5201,1714,0
2015-02-05,17:15:00,1.52,1.52,1.52,1.52,5300,0
2015-02-05,17:20:00,1.52,1.5201,1.52,1.52,19000,0
2015-02-05,17:25:00,1.51,1.51,1.51,1.51,5000,0
2015-02-05,17:30:00,1.52,1.53,1.52,1.52,300,0
2015-02-05,17:35:00,1.52,1.52,1.52,1.52,500,0
2015-02-05,17:40:00,1.52,1.52,1.515,1.519,7282,0
2015-02-05,17:45:00,1.52,1.52,1.515,1.519,7183,0
2015-02-05,17:50:00,1.515,1.515,1.515,1.515,1400,0
2015-02-05,18:00:00,1.515,1.515,1.515,1.515,200,0
2015-02-05,18:05:00,1.515,1.515,1.515,1.515,200,0
2015-02-05,18:10:00,1.5101,1.515,1.5101,1.515,3100,0
2015-02-05,18:20:00,1.51,1.51,1.5,1.5,10000,0
2015-02-05,18:25:00,1.51,1.51,1.51,1.51,300,0
2015-02-05,18:30:00,1.5,1.5,1.5,1.5,2400,0
2015-02-05,18:35:00,1.51,1.51,1.51,1.51,100,0
2015-02-05,18:45:00,1.5,1.5002,1.49,1.5,14172,0
2015-02-05,18:50:00,1.5,1.5,1.5,1.5,16600,0
2015-02-05,18:55:00,1.5,1.5,1.5,1.5,100,0
2015-02-05,19:00:00,1.5,1.5,1.4951,1.5,500,0
2015-02-05,19:10:00,1.498,1.499,1.498,1.499,300,0
2015-02-05,19:15:00,1.4961,1.4999,1.4961,1.4999,2750,0
2015-02-05,19:20:00,1.4967,1.4967,1.4901,1.4901,1800,0
2015-02-05,19:25:00,1.4999,1.4999,1.498,1.498,5100,0
2015-02-05,19:30:00,1.4939,1.5,1.4939,1.5,300,0
2015-02-05,19:40:00,1.497,1.497,1.4903,1.4903,2100,0
2015-02-05,20:15:00,1.5,1.5,1.5,1.5,200,0
2015-02-05,20:25:00,1.5,1.5,1.5,1.5,10500,0
2015-02-05,20:35:00,1.5,1.5,1.4901,1.4901,1900,0
2015-02-05,20:40:00,1.49,1.4974,1.49,1.4974,8565,0
2015-02-05,20:45:00,1.49,1.49,1.49,1.49,300,0
2015-02-05,20:50:00,1.5,1.5,1.5,1.5,100,0
2015-02-05,20:55:00,1.5,1.5,1.49,1.49,1000,0
2015-02-05,21:00:00,1.49,1.496,1.49,1.496,3100,0
2015-02-05,21:10:00,1.5,1.5,1.5,1.5,432,0
2015-02-05,21:20:00,1.5,1.5,1.4901,1.4901,650,0
2015-02-05,21:25:00,1.5,1.5,1.49,1.49,4133,0
2015-02-05,21:30:00,1.49,1.49,1.49,1.49,920,0
2015-02-05,21:35:00,1.4999,1.5,1.49,1.5,1400,0
2015-02-05,21:40:00,1.5,1.5,1.5,1.5,1600,0
2015-02-05,21:45:00,1.5,1.5,1.4992,1.4992,2300,0
2015-02-05,21:50:00,1.49,1.49,1.49,1.49,6300,0
2015-02-05,22:00:00,1.49,1.4999,1.49,1.49,2400,0
2015-02-06,15:35:00,1.5,1.51,1.5,1.51,10925,0
2015-02-06,15:40:00,1.5,1.5,1.5,1.5,600,0
2015-02-06,15:45:00,1.4999,1.5,1.4999,1.5,1028,0
2015-02-06,15:50:00,1.4999,1.5,1.4999,1.5,2100,0
2015-02-06,16:00:00,1.5,1.5,1.5,1.5,200,0
2015-02-06,16:05:00,1.5,1.5,1.49,1.491,4485,0
2015-02-06,16:10:00,1.491,1.491,1.491,1.491,3000,0
2015-02-06,16:15:00,1.49,1.5,1.49,1.5,1400,0
2015-02-06,16:20:00,1.5,1.5,1.5,1.5,300,0
2015-02-06,16:25:00,1.491,1.491,1.49,1.49,200,0
2015-02-06,16:30:00,1.5,1.5,1.4955,1.4955,366,0
2015-02-06,16:35:00,1.4901,1.4901,1.4901,1.4901,1000,0
2015-02-06,16:40:00,1.5,1.5,1.5,1.5,200,0
2015-02-06,16:45:00,1.49,1.4948,1.49,1.4948,900,0
2015-02-06,16:50:00,1.5,1.5,1.49,1.49,300,0
2015-02-06,16:55:00,1.49,1.4901,1.49,1.4901,998,0
2015-02-06,17:05:00,1.5,1.5,1.5,1.5,200,0
2015-02-06,17:10:00,1.49,1.5,1.49,1.49,450,0
2015-02-06,17:15:00,1.499,1.499,1.49,1.4951,2200,0
2015-02-06,17:20:00,1.49,1.4901,1.49,1.49,360,0
2015-02-06,17:25:00,1.4901,1.5,1.49,1.49,6400,0
2015-02-06,17:35:00,1.5,1.5,1.5,1.5,100,0
2015-02-06,17:40:00,1.49,1.4999,1.49,1.4999,2100,0
2015-02-06,17:45:00,1.5,1.5,1.4999,1.5,866,0
2015-02-06,18:00:00,1.5,1.5,1.5,1.5,300,0
2015-02-06,18:05:00,1.5,1.5,1.5,1.5,1000,0
2015-02-06,18:10:00,1.4999,1.4999,1.4999,1.4999,5000,0
2015-02-06,18:20:00,1.5,1.5,1.5,1.5,100,0
2015-02-06,18:30:00,1.5,1.5,1.5,1.5,100,0
2015-02-06,18:35:00,1.5,1.5,1.49,1.49,2000,0
2015-02-06,18:50:00,1.49,1.49,1.49,1.49,100,0
2015-02-06,18:55:00,1.49,1.5,1.49,1.5,200,0
2015-02-06,19:00:00,1.5,1.5,1.5,1.5,100,0
2015-02-06,19:05:00,1.49,1.49,1.49,1.49,100,0
2015-02-06,19:10:00,1.4999,1.5,1.4999,1.5,930,0
2015-02-06,19:25:00,1.5,1.5,1.5,1.5,100,0
2015-02-06,19:35:00,1.5,1.5,1.5,1.5,100,0
2015-02-06,19:40:00,1.5,1.5,1.5,1.5,300,0
2015-02-06,19:45:00,1.5,1.5,1.4999,1.4999,9800,0
2015-02-06,19:50:00,1.49,1.5,1.49,1.49,4800,0
2015-02-06,20:00:00,1.5,1.5,1.5,1.5,300,0
2015-02-06,20:10:00,1.5,1.5,1.499,1.5,5400,0
2015-02-06,20:20:00,1.5,1.5,1.5,1.5,200,0
2015-02-06,20:35:00,1.4916,1.5,1.4916,1.5,1300,0
2015-02-06,20:40:00,1.5,1.5,1.4974,1.4974,1100,0
2015-02-06,20:45:00,1.5,1.5,1.5,1.5,200,0
2015-02-06,20:55:00,1.4999,1.4999,1.4999,1.4999,3000,0
2015-02-06,21:05:00,1.492,1.492,1.492,1.492,2490,0
2015-02-06,21:10:00,1.4901,1.5,1.49,1.49,700,0
2015-02-06,21:20:00,1.4916,1.4916,1.49,1.4916,600,0
2015-02-06,21:25:00,1.4916,1.5,1.48,1.4858,26366,0
2015-02-06,21:30:00,1.49,1.49,1.4884,1.4884,200,0
2015-02-06,21:35:00,1.49,1.49,1.4802,1.4802,833,0
2015-02-06,21:40:00,1.4801,1.4801,1.4801,1.4801,2500,0
2015-02-06,21:45:00,1.49,1.49,1.49,1.49,2200,0
2015-02-06,21:55:00,1.49,1.49,1.49,1.49,100,0
2015-02-06,22:00:00,1.49,1.5,1.49,1.49,4024,0
2015-02-09,15:35:00,1.5,1.51,1.5,1.5,23452,0
2015-02-09,15:40:00,1.5099,1.5099,1.5099,1.5099,400,0
2015-02-09,15:45:00,1.5099,1.5099,1.5099,1.5099,4000,0
2015-02-09,15:50:00,1.51,1.51,1.4801,1.4801,4500,0
2015-02-09,16:00:00,1.51,1.51,1.51,1.51,200,0
2015-02-09,16:05:00,1.5099,1.5099,1.5099,1.5099,325,0
2015-02-09,16:10:00,1.5,1.5,1.5,1.5,100,0
2015-02-09,16:15:00,1.5098,1.5098,1.5,1.506,4800,0
2015-02-09,16:20:00,1.51,1.51,1.5,1.5,1000,0
2015-02-09,16:25:00,1.5,1.5,1.5,1.5,400,0
2015-02-09,16:30:00,1.4949,1.5,1.4949,1.5,4300,0
2015-02-09,16:35:00,1.5,1.51,1.5,1.51,10300,0
2015-02-09,16:50:00,1.51,1.51,1.4938,1.5,4119,0
2015-02-09,16:55:00,1.5,1.5,1.5,1.5,300,0
2015-02-09,17:00:00,1.5,1.5,1.5,1.5,100,0
2015-02-09,17:05:00,1.5099,1.51,1.4999,1.5,10900,0
2015-02-09,17:10:00,1.5,1.5,1.5,1.5,200,0
2015-02-09,17:15:00,1.49,1.4961,1.49,1.4961,3356,0
2015-02-09,17:20:00,1.4961,1.5,1.495,1.495,400,0
2015-02-09,17:25:00,1.4987,1.4987,1.4987,1.4987,303,0
2015-02-09,17:40:00,1.5,1.5,1.5,1.5,200,0
2015-02-09,17:45:00,1.5,1.5,1.5,1.5,2000,0
2015-02-09,17:50:00,1.49,1.49,1.49,1.49,100,0
2015-02-09,18:00:00,1.4999,1.4999,1.4999,1.4999,200,0
2015-02-09,18:05:00,1.5,1.5,1.5,1.5,100,0
2015-02-09,18:10:00,1.5,1.5,1.5,1.5,200,0
2015-02-09,18:15:00,1.5,1.5,1.5,1.5,1600,0
2015-02-09,18:20:00,1.5,1.5,1.49,1.5,1300,0
2015-02-09,18:25:00,1.49,1.4999,1.49,1.4999,1300,0
2015-02-09,18:30:00,1.4999,1.5,1.49,1.49,10200,0
2015-02-09,18:35:00,1.5,1.5,1.5,1.5,3100,0
2015-02-09,18:40:00,1.4901,1.4901,1.4901,1.4901,800,0
2015-02-09,18:45:00,1.4901,1.4901,1.48,1.4899,16961,0
2015-02-09,18:50:00,1.4899,1.4899,1.4814,1.4899,2202,0
2015-02-09,19:00:00,1.4876,1.4876,1.48,1.485,1325,0
2015-02-09,19:10:00,1.49,1.49,1.49,1.49,100,0
2015-02-09,19:15:00,1.4855,1.4855,1.4855,1.4855,500,0
2015-02-09,19:20:00,1.4899,1.49,1.4899,1.49,3200,0
2015-02-09,19:25:00,1.49,1.5,1.4899,1.49,2600,0
2015-02-09,19:30:00,1.5,1.5,1.49,1.49,400,0
2015-02-09,19:35:00,1.5,1.5,1.49,1.49,200,0
2015-02-09,19:45:00,1.5,1.5,1.49,1.49,1200,0
2015-02-09,19:50:00,1.5,1.5,1.49,1.49,200,0
2015-02-09,20:05:00,1.49,1.5,1.49,1.5,300,0
2015-02-09,20:10:00,1.49,1.49,1.49,1.49,200,0
2015-02-09,20:15:00,1.49,1.49,1.49,1.49,100,0
2015-02-09,20:20:00,1.49,1.49,1.49,1.49,1500,0
2015-02-09,20:25:00,1.495,1.495,1.49,1.49,600,0
2015-02-09,20:30:00,1.5,1.5,1.49,1.49,200,0
2015-02-09,20:35:00,1.5,1.5,1.49,1.49,200,0
2015-02-09,20:45:00,1.5,1.5,1.5,1.5,200,0
2015-02-09,20:50:00,1.5,1.5,1.5,1.5,200,0
2015-02-09,20:55:00,1.49,1.49,1.49,1.49,100,0
2015-02-09,21:00:00,1.5,1.5,1.49,1.49,200,0
2015-02-09,21:05:00,1.5,1.5,1.5,1.5,200,0
2015-02-09,21:10:00,1.49,1.49,1.49,1.49,100,0
2015-02-09,21:15:00,1.4901,1.4901,1.4901,1.4901,1400,0
2015-02-09,21:20:00,1.5,1.5,1.5,1.5,100,0
2015-02-09,21:25:00,1.49,1.49,1.49,1.49,100,0
2015-02-09,21:30:00,1.4901,1.4901,1.49,1.49,4200,0
2015-02-09,21:35:00,1.5,1.5,1.5,1.5,200,0
2015-02-09,21:40:00,1.49,1.493,1.49,1.493,450,0
2015-02-09,21:45:00,1.495,1.495,1.495,1.495,200,0
2015-02-09,21:50:00,1.495,1.495,1.49,1.49,200,0
2015-02-09,21:55:00,1.5,1.5,1.4999,1.4999,1300,0
2015-02-09,22:00:00,1.495,1.505,1.49,1.5,36147,0
2015-02-10,15:35:00,1.53,1.53,1.5003,1.5003,8127,0
2015-02-10,15:40:00,1.5001,1.5001,1.5,1.5,600,0
2015-02-10,16:00:00,1.5,1.51,1.49,1.51,10300,0
2015-02-10,16:10:00,1.52,1.52,1.52,1.52,200,0
2015-02-10,16:20:00,1.52,1.52,1.5,1.5,4900,0
2015-02-10,16:25:00,1.51,1.51,1.51,1.51,100,0
2015-02-10,16:30:00,1.504,1.504,1.504,1.504,480,0
2015-02-10,16:35:00,1.51,1.52,1.505,1.5095,600,0
2015-02-10,16:40:00,1.504,1.504,1.504,1.504,100,0
2015-02-10,16:45:00,1.5,1.5,1.5,1.5,200,0
2015-02-10,16:50:00,1.49,1.4901,1.49,1.4901,7000,0
2015-02-10,16:55:00,1.5,1.5,1.5,1.5,1000,0
2015-02-10,17:00:00,1.4964,1.4964,1.4964,1.4964,2000,0
2015-02-10,17:05:00,1.5,1.51,1.5,1.51,900,0
2015-02-10,17:10:00,1.5065,1.5099,1.5065,1.5099,2500,0
2015-02-10,17:20:00,1.505,1.51,1.505,1.51,300,0
2015-02-10,17:25:00,1.5,1.51,1.5,1.505,11200,0
2015-02-10,17:40:00,1.505,1.505,1.505,1.505,100,0
2015-02-10,17:45:00,1.505,1.505,1.501,1.501,700,0
2015-02-10,18:00:00,1.5,1.5,1.5,1.5,190,0
2015-02-10,18:10:00,1.505,1.505,1.505,1.505,100,0
2015-02-10,18:15:00,1.505,1.505,1.505,1.505,200,0
2015-02-10,18:50:00,1.505,1.505,1.505,1.505,300,0
2015-02-10,19:00:00,1.505,1.505,1.505,1.505,200,0
2015-02-10,19:30:00,1.5,1.5049,1.5,1.5049,2000,0
2015-02-10,19:40:00,1.5,1.5,1.5,1.5,100,0
2015-02-10,19:45:00,1.5062,1.5062,1.5062,1.5062,200,0
2015-02-10,20:00:00,1.505,1.505,1.505,1.505,100,0
2015-02-10,20:05:00,1.5073,1.5073,1.5073,1.5073,150,0
2015-02-10,20:10:00,1.505,1.505,1.505,1.505,200,0
2015-02-10,20:25:00,1.51,1.51,1.51,1.51,100,0
2015-02-10,20:35:00,1.505,1.505,1.505,1.505,100,0
2015-02-10,20:40:00,1.5,1.5001,1.5,1.5,4094,0
2015-02-10,21:05:00,1.505,1.505,1.5016,1.5016,300,0
2015-02-10,21:10:00,1.5056,1.515,1.505,1.515,2400,0
2015-02-10,21:15:00,1.51,1.51,1.51,1.51,100,0
2015-02-10,21:20:00,1.51,1.5101,1.51,1.5101,400,0
2015-02-10,21:25:00,1.5149,1.5149,1.51,1.51,700,0
2015-02-10,21:30:00,1.5162,1.5162,1.51,1.51,400,0
2015-02-10,21:35:00,1.515,1.5199,1.51,1.51,750,0
2015-02-10,21:40:00,1.51,1.5101,1.51,1.5101,500,0
2015-02-10,21:45:00,1.51,1.5101,1.51,1.5101,2900,0
2015-02-10,21:50:00,1.52,1.52,1.51,1.51,2400,0
2015-02-10,21:55:00,1.51,1.51,1.505,1.51,1300,0
2015-02-10,22:00:00,1.505,1.5075,1.5,1.5,2740,0
2015-02-11,15:40:00,1.51,1.5102,1.51,1.5102,5544,0
2015-02-11,15:55:00,1.51,1.51,1.51,1.51,300,0
2015-02-11,16:05:00,1.51,1.51,1.505,1.505,656,0
2015-02-11,16:10:00,1.51,1.52,1.5099,1.5099,11665,0
2015-02-11,16:15:00,1.5099,1.51,1.5,1.51,7300,0
2015-02-11,16:20:00,1.51,1.51,1.5076,1.5076,1100,0
2015-02-11,16:25:00,1.52,1.52,1.52,1.52,100,0
2015-02-11,16:30:00,1.5101,1.5101,1.5101,1.5101,900,0
2015-02-11,16:35:00,1.52,1.52,1.52,1.52,300,0
2015-02-11,16:40:00,1.52,1.52,1.52,1.52,100,0
2015-02-11,16:45:00,1.5101,1.52,1.5101,1.511,2000,0
2015-02-11,16:50:00,1.52,1.52,1.52,1.52,3000,0
2015-02-11,16:55:00,1.52,1.52,1.52,1.52,200,0
2015-02-11,17:10:00,1.52,1.52,1.52,1.52,100,0
2015-02-11,17:20:00,1.51,1.52,1.51,1.5199,13200,0
2015-02-11,17:30:00,1.52,1.52,1.52,1.52,100,0
2015-02-11,17:35:00,1.5199,1.5199,1.5199,1.5199,800,0
2015-02-11,17:40:00,1.52,1.52,1.52,1.52,100,0
2015-02-11,17:45:00,1.52,1.52,1.5199,1.52,8000,0
2015-02-11,17:50:00,1.52,1.52,1.52,1.52,1786,0
2015-02-11,17:55:00,1.52,1.52,1.52,1.52,600,0
2015-02-11,18:00:00,1.52,1.52,1.52,1.52,206,0
2015-02-11,18:10:00,1.52,1.52,1.52,1.52,1300,0
2015-02-11,18:15:00,1.52,1.52,1.52,1.52,300,0
2015-02-11,18:20:00,1.52,1.52,1.52,1.52,400,0
2015-02-11,18:25:00,1.52,1.52,1.5101,1.5101,1500,0
2015-02-11,18:35:00,1.5199,1.5199,1.5199,1.5199,1000,0
2015-02-11,18:40:00,1.52,1.52,1.52,1.52,800,0
2015-02-11,18:45:00,1.52,1.52,1.5143,1.5199,1418,0
2015-02-11,18:55:00,1.515,1.515,1.515,1.515,400,0
2015-02-11,19:05:00,1.52,1.52,1.52,1.52,200,0
2015-02-11,19:15:00,1.5149,1.5149,1.5149,1.5149,400,0
2015-02-11,19:45:00,1.51,1.52,1.51,1.5101,7151,0
2015-02-11,19:50:00,1.52,1.52,1.52,1.52,100,0
2015-02-11,19:55:00,1.52,1.52,1.5199,1.5199,258,0
2015-02-11,20:00:00,1.5101,1.5101,1.5101,1.5101,750,0
2015-02-11,20:05:00,1.5199,1.52,1.5199,1.52,300,0
2015-02-11,20:15:00,1.5199,1.5199,1.5199,1.5199,3000,0
2015-02-11,20:20:00,1.515,1.52,1.515,1.519,16300,0
2015-02-11,20:30:00,1.53,1.53,1.53,1.53,200,0
2015-02-11,20:35:00,1.52,1.53,1.52,1.52,3800,0
2015-02-11,20:55:00,1.53,1.53,1.52,1.52,5283,0
2015-02-11,21:05:00,1.515,1.515,1.515,1.515,900,0
2015-02-11,21:10:00,1.515,1.515,1.515,1.515,100,0
2015-02-11,21:20:00,1.52,1.52,1.51,1.515,14100,0
2015-02-11,21:35:00,1.52,1.52,1.515,1.52,4925,0
2015-02-11,21:40:00,1.5101,1.52,1.5101,1.52,2079,0
2015-02-11,21:45:00,1.513,1.513,1.513,1.513,500,0
2015-02-11,21:55:00,1.5199,1.52,1.5199,1.52,1200,0
2015-02-11,22:00:00,1.5155,1.5155,1.51,1.51,1700,0
2015-02-12,15:35:00,1.52,1.52,1.52,1.52,100,0
2015-02-12,15:40:00,1.528,1.528,1.51,1.51,700,0
2015-02-12,15:50:00,1.52,1.53,1.52,1.53,1300,0
2015-02-12,15:55:00,1.5299,1.53,1.5295,1.53,950,0
2015-02-12,16:00:00,1.5301,1.5301,1.5201,1.53,5950,0
2015-02-12,16:05:00,1.53,1.53,1.5201,1.5201,1870,0
2015-02-12,16:10:00,1.52,1.52,1.52,1.52,2300,0
2015-02-12,16:15:00,1.53,1.53,1.53,1.53,200,0
2015-02-12,16:20:00,1.529,1.529,1.52,1.52,600,0
2015-02-12,16:25:00,1.5201,1.5201,1.5201,1.5201,400,0
2015-02-12,16:30:00,1.53,1.53,1.5299,1.5299,4200,0
2015-02-12,16:35:00,1.5299,1.53,1.5299,1.5299,4600,0
2015-02-12,16:40:00,1.52,1.5203,1.5,1.5,50100,0
2015-02-12,16:45:00,1.51,1.51,1.51,1.51,150500,0
2015-02-12,16:50:00,1.51,1.51,1.51,1.51,2150,0
2015-02-12,16:55:00,1.5,1.5,1.5,1.5,1100,0
2015-02-12,17:10:00,1.5001,1.5001,1.5001,1.5001,2200,0
2015-02-12,17:15:00,1.5099,1.5099,1.5099,1.5099,100,0
2015-02-12,17:20:00,1.51,1.51,1.51,1.51,400,0
2015-02-12,17:35:00,1.51,1.51,1.51,1.51,100,0
2015-02-12,17:40:00,1.5099,1.5099,1.5099,1.5099,1000,0
2015-02-12,17:45:00,1.5,1.5,1.5,1.5,1000,0
2015-02-12,17:50:00,1.509,1.509,1.509,1.509,600,0
2015-02-12,18:05:00,1.51,1.51,1.503,1.503,2000,0
2015-02-12,18:10:00,1.51,1.51,1.5012,1.5012,1264,0
2015-02-12,18:15:00,1.51,1.51,1.51,1.51,100,0
2015-02-12,18:35:00,1.5,1.5,1.5,1.5,1000,0
2015-02-12,18:40:00,1.51,1.53,1.51,1.51,10500,0
2015-02-12,18:45:00,1.51,1.51,1.51,1.51,4100,0
2015-02-12,19:00:00,1.51,1.51,1.501,1.501,3100,0
2015-02-12,19:05:00,1.51,1.51,1.5099,1.5099,225,0
2015-02-12,19:15:00,1.51,1.51,1.51,1.51,300,0
2015-02-12,19:30:00,1.51,1.51,1.5099,1.5099,3800,0
2015-02-12,19:35:00,1.509,1.509,1.509,1.509,651,0
2015-02-12,19:40:00,1.51,1.51,1.51,1.51,10700,0
2015-02-12,19:50:00,1.5,1.5,1.5,1.5,200,0
2015-02-12,20:00:00,1.51,1.51,1.5099,1.51,52000,0
2015-02-12,20:05:00,1.504,1.504,1.5001,1.5001,1400,0
2015-02-12,20:15:00,1.51,1.51,1.51,1.51,100,0
2015-02-12,20:20:00,1.509,1.51,1.504,1.51,1300,0
2015-02-12,20:25:00,1.51,1.51,1.51,1.51,900,0
2015-02-12,20:40:00,1.51,1.51,1.51,1.51,200,0
2015-02-12,20:45:00,1.51,1.51,1.51,1.51,200,0
2015-02-12,20:50:00,1.51,1.51,1.51,1.51,100,0
2015-02-12,20:55:00,1.51,1.51,1.51,1.51,100,0
2015-02-12,21:00:00,1.51,1.51,1.5051,1.5051,600,0
2015-02-12,21:05:00,1.5,1.5001,1.5,1.5001,2000,0
2015-02-12,21:10:00,1.51,1.51,1.51,1.51,400,0
2015-02-12,21:15:00,1.51,1.51,1.51,1.51,200,0
2015-02-12,21:20:00,1.51,1.51,1.5099,1.5099,7000,0
2015-02-12,21:25:00,1.51,1.51,1.51,1.51,4600,0
2015-02-12,21:30:00,1.5099,1.5099,1.5099,1.5099,220,0
2015-02-12,21:35:00,1.51,1.51,1.5099,1.5099,3300,0
2015-02-12,21:40:00,1.51,1.51,1.51,1.51,1705,0
2015-02-12,21:45:00,1.51,1.51,1.5099,1.51,13928,0
2015-02-12,21:50:00,1.5099,1.51,1.5099,1.5099,4650,0
2015-02-12,21:55:00,1.51,1.51,1.51,1.51,9727,0
2015-02-12,22:00:00,1.51,1.52,1.5,1.52,31816,0
2015-02-13,15:35:00,1.49,1.49,1.37,1.42,109794,0
2015-02-13,15:40:00,1.41,1.41,1.38,1.3801,54810,0
2015-02-13,15:45:00,1.385,1.4,1.37,1.37,36928,0
2015-02-13,15:50:00,1.3652,1.37,1.36,1.36,23005,0
2015-02-13,15:55:00,1.35,1.3501,1.3201,1.33,24234,0
2015-02-13,16:00:00,1.325,1.325,1.26,1.29,68411,0
2015-02-13,16:05:00,1.2848,1.33,1.2848,1.33,99186,0
2015-02-13,16:10:00,1.3003,1.3853,1.3003,1.3853,126845,0
2015-02-13,16:15:00,1.4,1.4,1.38,1.4,55650,0
2015-02-13,16:20:00,1.3998,1.4,1.381,1.381,22911,0
2015-02-13,16:25:00,1.3801,1.4,1.38,1.39,23550,0
2015-02-13,16:30:00,1.39,1.4,1.3801,1.4,16096,0
2015-02-13,16:35:00,1.39,1.3999,1.39,1.3999,4230,0
2015-02-13,16:40:00,1.3801,1.4,1.38,1.3952,14477,0
2015-02-13,16:45:00,1.39,1.39,1.38,1.39,30700,0
2015-02-13,16:50:00,1.3801,1.39,1.36,1.3788,30200,0
2015-02-13,16:55:00,1.37,1.37,1.36,1.37,8800,0
2015-02-13,17:00:00,1.36,1.37,1.36,1.37,2100,0
2015-02-13,17:05:00,1.37,1.38,1.36,1.38,21820,0
2015-02-13,17:10:00,1.3701,1.386,1.3701,1.386,4900,0
2015-02-13,17:15:00,1.3899,1.39,1.3801,1.3801,10300,0
2015-02-13,17:20:00,1.39,1.39,1.3893,1.39,2100,0
2015-02-13,17:25:00,1.39,1.39,1.39,1.39,1000,0
2015-02-13,17:35:00,1.38,1.3851,1.38,1.3851,4700,0
2015-02-13,17:40:00,1.38,1.39,1.37,1.38,4800,0
2015-02-13,17:50:00,1.3801,1.39,1.3799,1.39,8500,0
2015-02-13,17:55:00,1.38,1.39,1.38,1.39,9038,0
2015-02-13,18:00:00,1.3837,1.3837,1.381,1.381,7400,0
2015-02-13,18:15:00,1.39,1.4,1.38,1.3801,24037,0
2015-02-13,18:20:00,1.3999,1.3999,1.39,1.39,1540,0
2015-02-13,18:25:00,1.3944,1.4,1.3944,1.4,2230,0
2015-02-13,18:30:00,1.39,1.39,1.39,1.39,1100,0
2015-02-13,18:40:00,1.38,1.39,1.38,1.3886,1500,0
2015-02-13,18:45:00,1.3839,1.39,1.3839,1.39,850,0
2015-02-13,18:50:00,1.39,1.39,1.389,1.3899,3500,0
2015-02-13,18:55:00,1.38,1.38,1.38,1.38,2000,0
2015-02-13,19:00:00,1.39,1.39,1.3899,1.39,5100,0
2015-02-13,19:05:00,1.39,1.39,1.39,1.39,651,0
2015-02-13,19:10:00,1.38,1.39,1.38,1.39,8324,0
2015-02-13,19:15:00,1.39,1.39,1.39,1.39,1000,0
2015-02-13,19:20:00,1.4,1.4,1.3999,1.3999,890,0
2015-02-13,19:25:00,1.3802,1.3802,1.3802,1.3802,200,0
2015-02-13,19:30:00,1.39,1.39,1.39,1.39,1000,0
2015-02-13,19:35:00,1.39,1.4,1.39,1.39,10000,0
2015-02-13,19:40:00,1.39,1.39,1.39,1.39,5300,0
2015-02-13,19:45:00,1.3899,1.39,1.3801,1.39,1805,0
2015-02-13,19:50:00,1.39,1.39,1.39,1.39,100,0
2015-02-13,19:55:00,1.3828,1.3828,1.3828,1.3828,2200,0
2015-02-13,20:00:00,1.38,1.39,1.38,1.39,2100,0
2015-02-13,20:05:00,1.39,1.39,1.38,1.38,1900,0
2015-02-13,20:10:00,1.381,1.381,1.381,1.381,6000,0
2015-02-13,20:15:00,1.3822,1.3822,1.3822,1.3822,200,0
2015-02-13,20:20:00,1.39,1.39,1.38,1.3801,1200,0
2015-02-13,20:35:00,1.38,1.381,1.38,1.38,500,0
2015-02-13,20:45:00,1.3834,1.3834,1.3834,1.3834,1000,0
2015-02-13,20:55:00,1.3801,1.3801,1.38,1.38,500,0
2015-02-13,21:00:00,1.39,1.39,1.39,1.39,100,0
2015-02-13,21:05:00,1.3824,1.39,1.3824,1.39,9453,0
2015-02-13,21:10:00,1.38,1.39,1.38,1.39,3918,0
2015-02-13,21:15:00,1.39,1.39,1.39,1.39,18021,0
2015-02-13,21:20:00,1.3886,1.39,1.3886,1.39,29098,0
2015-02-13,21:30:00,1.39,1.39,1.3899,1.39,14300,0
2015-02-13,21:35:00,1.39,1.39,1.3838,1.3838,9550,0
2015-02-13,21:40:00,1.39,1.39,1.39,1.39,900,0
2015-02-13,21:45:00,1.39,1.39,1.3801,1.3801,13400,0
2015-02-13,21:50:00,1.3899,1.39,1.3899,1.39,6528,0
2015-02-13,21:55:00,1.39,1.39,1.3851,1.39,7673,0
2015-02-13,22:00:00,1.39,1.39,1.38,1.38,37884,0
2015-02-17,15:35:00,1.36,1.365,1.3501,1.36,10498,0
2015-02-17,15:40:00,1.365,1.37,1.3649,1.3649,4700,0
2015-02-17,15:45:00,1.3601,1.39,1.3601,1.37,23400,0
2015-02-17,15:50:00,1.37,1.39,1.36,1.37,6000,0
2015-02-17,15:55:00,1.38,1.38,1.36,1.36,4300,0
2015-02-17,16:00:00,1.37,1.3751,1.3601,1.3751,10360,0
2015-02-17,16:05:00,1.38,1.38,1.36,1.38,9600,0
2015-02-17,16:10:00,1.38,1.38,1.38,1.38,100,0
2015-02-17,16:15:00,1.38,1.38,1.38,1.38,200,0
2015-02-17,16:20:00,1.379,1.3799,1.36,1.3799,25800,0
2015-02-17,16:25:00,1.38,1.38,1.363,1.363,6200,0
2015-02-17,16:30:00,1.38,1.38,1.38,1.38,5000,0
2015-02-17,16:35:00,1.3701,1.3701,1.37,1.37,700,0
2015-02-17,16:45:00,1.37,1.37,1.37,1.37,1600,0
2015-02-17,16:50:00,1.37,1.37,1.37,1.37,300,0
2015-02-17,16:55:00,1.3601,1.365,1.36,1.365,5567,0
2015-02-17,17:00:00,1.37,1.37,1.37,1.37,200,0
2015-02-17,17:05:00,1.37,1.37,1.3601,1.3614,2375,0
2015-02-17,17:10:00,1.3601,1.37,1.3601,1.37,1300,0
2015-02-17,17:15:00,1.37,1.37,1.37,1.37,100,0
2015-02-17,17:20:00,1.37,1.37,1.36,1.36,1117,0
2015-02-17,17:25:00,1.37,1.37,1.3699,1.3699,11500,0
2015-02-17,17:30:00,1.37,1.37,1.37,1.37,100,0
2015-02-17,17:35:00,1.361,1.361,1.361,1.361,400,0
2015-02-17,17:40:00,1.37,1.37,1.37,1.37,300,0
2015-02-17,17:45:00,1.37,1.37,1.3601,1.3601,5450,0
2015-02-17,17:50:00,1.37,1.37,1.37,1.37,100,0
2015-02-17,18:00:00,1.37,1.37,1.37,1.37,100,0
2015-02-17,18:05:00,1.37,1.37,1.37,1.37,3920,0
2015-02-17,18:15:00,1.379,1.379,1.379,1.379,1000,0
2015-02-17,18:20:00,1.38,1.39,1.38,1.39,300,0
2015-02-17,18:25:00,1.38,1.38,1.372,1.372,6500,0
2015-02-17,18:30:00,1.38,1.38,1.38,1.38,200,0
2015-02-17,18:35:00,1.3802,1.385,1.37,1.3701,4100,0
2015-02-17,18:40:00,1.37,1.38,1.37,1.37,8400,0
2015-02-17,18:45:00,1.38,1.38,1.38,1.38,200,0
2015-02-17,18:50:00,1.38,1.38,1.38,1.38,100,0
2015-02-17,18:55:00,1.39,1.39,1.38,1.39,800,0
2015-02-17,19:00:00,1.3899,1.3899,1.3899,1.3899,2252,0
2015-02-17,19:05:00,1.38,1.38,1.38,1.38,2600,0
2015-02-17,19:10:00,1.37,1.3701,1.37,1.3701,2153,0
2015-02-17,19:35:00,1.39,1.39,1.39,1.39,200,0
2015-02-17,19:50:00,1.38,1.38,1.38,1.38,1400,0
2015-02-17,19:55:00,1.39,1.39,1.39,1.39,200,0
2015-02-17,20:15:00,1.3899,1.3899,1.3832,1.3832,2600,0
2015-02-17,20:25:00,1.39,1.39,1.39,1.39,100,0
2015-02-17,20:30:00,1.3899,1.3899,1.3899,1.3899,2000,0
2015-02-17,20:35:00,1.39,1.39,1.39,1.39,200,0
2015-02-17,20:40:00,1.39,1.39,1.39,1.39,190,0
2015-02-17,20:50:00,1.3851,1.3851,1.3851,1.3851,500,0
2015-02-17,20:55:00,1.39,1.39,1.39,1.39,270,0
2015-02-17,21:00:00,1.38,1.38,1.38,1.38,1000,0
2015-02-17,21:10:00,1.39,1.39,1.39,1.39,200,0
2015-02-17,21:15:00,1.39,1.39,1.38,1.39,5610,0
2015-02-17,21:20:00,1.39,1.39,1.385,1.385,1700,0
2015-02-17,21:25:00,1.385,1.39,1.385,1.385,1100,0
2015-02-17,21:30:00,1.385,1.39,1.385,1.385,300,0
2015-02-17,21:35:00,1.39,1.39,1.37,1.37,5700,0
2015-02-17,21:40:00,1.38,1.38,1.38,1.38,4880,0
2015-02-17,21:45:00,1.38,1.39,1.38,1.38,10300,0
2015-02-17,21:50:00,1.38,1.38,1.38,1.38,900,0
2015-02-17,21:55:00,1.385,1.3895,1.38,1.3895,1140,0
2015-02-17,22:00:00,1.385,1.385,1.38,1.385,400,0
2015-02-18,15:40:00,1.36,1.3698,1.3599,1.3698,4950,0
2015-02-18,15:45:00,1.3698,1.37,1.3698,1.37,2560,0
2015-02-18,15:50:00,1.37,1.37,1.37,1.37,7100,0
2015-02-18,15:55:00,1.37,1.37,1.36,1.37,15109,0
2015-02-18,16:00:00,1.37,1.37,1.37,1.37,200,0
2015-02-18,16:05:00,1.37,1.37,1.37,1.37,200,0
2015-02-18,16:10:00,1.37,1.37,1.37,1.37,100,0
2015-02-18,16:15:00,1.37,1.37,1.37,1.37,500,0
2015-02-18,16:20:00,1.37,1.37,1.37,1.37,200,0
2015-02-18,16:25:00,1.37,1.38,1.37,1.37,18312,0
2015-02-18,16:30:00,1.3751,1.38,1.3701,1.38,3394,0
2015-02-18,16:35:00,1.38,1.38,1.38,1.38,900,0
2015-02-18,16:40:00,1.38,1.38,1.38,1.38,1100,0
2015-02-18,16:45:00,1.38,1.38,1.38,1.38,500,0
2015-02-18,16:50:00,1.38,1.38,1.37,1.37,1124,0
2015-02-18,16:55:00,1.37,1.38,1.37,1.38,5568,0
2015-02-18,17:00:00,1.38,1.38,1.38,1.38,100,0
2015-02-18,17:05:00,1.38,1.38,1.38,1.38,100,0
2015-02-18,17:10:00,1.38,1.38,1.37,1.37,5200,0
2015-02-18,17:25:00,1.377,1.377,1.377,1.377,300,0
2015-02-18,17:30:00,1.38,1.38,1.38,1.38,2000,0
2015-02-18,17:35:00,1.3742,1.3785,1.37,1.3785,8200,0
2015-02-18,17:40:00,1.3701,1.3772,1.3701,1.3772,800,0
2015-02-18,17:45:00,1.375,1.375,1.375,1.375,100,0
2015-02-18,17:50:00,1.38,1.38,1.38,1.38,200,0
2015-02-18,17:55:00,1.375,1.38,1.375,1.375,3100,0
2015-02-18,18:00:00,1.3743,1.375,1.3743,1.375,2200,0
2015-02-18,18:05:00,1.38,1.38,1.38,1.38,100,0
2015-02-18,18:10:00,1.38,1.38,1.38,1.38,100,0
2015-02-18,18:15:00,1.3701,1.375,1.3701,1.375,3600,0
2015-02-18,18:20:00,1.38,1.38,1.38,1.38,100,0
2015-02-18,18:25:00,1.38,1.38,1.38,1.38,200,0
2015-02-18,18:35:00,1.38,1.38,1.3783,1.38,3300,0
2015-02-18,18:40:00,1.38,1.38,1.38,1.38,300,0
2015-02-18,18:50:00,1.38,1.38,1.38,1.38,500,0
2015-02-18,18:55:00,1.3714,1.38,1.3714,1.38,1100,0
2015-02-18,19:00:00,1.38,1.38,1.38,1.38,100,0
2015-02-18,19:05:00,1.38,1.38,1.38,1.38,100,0
2015-02-18,19:10:00,1.3701,1.38,1.36,1.36,17711,0
2015-02-18,19:15:00,1.365,1.3701,1.365,1.3701,2889,0
2015-02-18,19:25:00,1.3772,1.3772,1.37,1.37,4388,0
2015-02-18,19:30:00,1.3601,1.38,1.3601,1.38,1100,0
2015-02-18,19:35:00,1.36,1.378,1.36,1.37,8400,0
2015-02-18,19:40:00,1.38,1.38,1.37,1.37,1500,0
2015-02-18,19:45:00,1.3785,1.3799,1.37,1.3701,7800,0
2015-02-18,19:50:00,1.36,1.37,1.35,1.37,20689,0
2015-02-18,20:05:00,1.37,1.37,1.37,1.37,200,0
2015-02-18,20:15:00,1.3601,1.3601,1.3601,1.3601,1200,0
2015-02-18,20:25:00,1.37,1.37,1.37,1.37,100,0
2015-02-18,20:30:00,1.37,1.37,1.3666,1.3666,700,0
2015-02-18,20:35:00,1.37,1.37,1.37,1.37,100,0
2015-02-18,20:40:00,1.366,1.3701,1.366,1.3701,600,0
2015-02-18,20:50:00,1.37,1.37,1.3698,1.3698,4140,0
2015-02-18,20:55:00,1.361,1.37,1.359,1.37,5800,0
2015-02-18,21:05:00,1.37,1.37,1.37,1.37,300,0
2015-02-18,21:10:00,1.36,1.37,1.36,1.37,902,0
2015-02-18,21:15:00,1.36,1.3601,1.36,1.3601,1370,0
2015-02-18,21:30:00,1.37,1.37,1.37,1.37,400,0
2015-02-18,21:35:00,1.37,1.37,1.3516,1.3516,6600,0
2015-02-18,21:40:00,1.36,1.36,1.35,1.35,300,0
2015-02-18,21:45:00,1.35,1.35,1.33,1.3301,53894,0
2015-02-18,21:50:00,1.3384,1.34,1.33,1.3384,32377,0
2015-02-18,21:55:00,1.33,1.34,1.33,1.34,5230,0
2015-02-18,22:00:00,1.34,1.34,1.32,1.34,31822,0
2015-02-19,15:35:00,1.33,1.33,1.32,1.32,1600,0
2015-02-19,15:40:00,1.32,1.34,1.32,1.33,8760,0
2015-02-19,15:45:00,1.3349,1.3349,1.3349,1.3349,480,0
2015-02-19,15:50:00,1.34,1.34,1.34,1.34,200,0
2015-02-19,15:55:00,1.34,1.34,1.33,1.34,3900,0
2015-02-19,16:00:00,1.34,1.34,1.34,1.34,100,0
2015-02-19,16:05:00,1.33,1.34,1.32,1.32,9108,0
2015-02-19,16:10:00,1.32,1.32,1.3199,1.32,1100,0
2015-02-19,16:15:00,1.32,1.32,1.3,1.3,23900,0
2015-02-19,16:20:00,1.31,1.3199,1.31,1.3199,6960,0
2015-02-19,16:25:00,1.3199,1.32,1.317,1.317,800,0
2015-02-19,16:30:00,1.3199,1.3349,1.3199,1.3349,2935,0
2015-02-19,16:35:00,1.3399,1.3399,1.322,1.322,2800,0
2015-02-19,16:40:00,1.326,1.326,1.326,1.326,300,0
2015-02-19,16:50:00,1.3301,1.3301,1.3301,1.3301,1000,0
2015-02-19,17:00:00,1.33,1.34,1.33,1.34,2950,0
2015-02-19,17:10:00,1.33,1.33,1.33,1.33,100,0
2015-02-19,17:15:00,1.34,1.34,1.3312,1.3312,3520,0
2015-02-19,17:20:00,1.34,1.34,1.34,1.34,300,0
2015-02-19,17:25:00,1.34,1.34,1.34,1.34,300,0
2015-02-19,17:30:00,1.34,1.34,1.34,1.34,100,0
2015-02-19,17:35:00,1.33,1.33,1.3,1.3,25060,0
2015-02-19,17:40:00,1.31,1.3102,1.31,1.3102,700,0
2015-02-19,17:45:00,1.33,1.33,1.33,1.33,300,0
2015-02-19,17:50:00,1.33,1.34,1.3201,1.34,1700,0
2015-02-19,18:00:00,1.34,1.34,1.34,1.34,200,0
2015-02-19,18:05:00,1.33,1.33,1.33,1.33,200,0
2015-02-19,18:10:00,1.3202,1.3202,1.3202,1.3202,3800,0
2015-02-19,18:15:00,1.3296,1.34,1.32,1.34,797,0
2015-02-19,18:20:00,1.33,1.34,1.33,1.33,7800,0
2015-02-19,18:25:00,1.326,1.326,1.326,1.326,106,0
2015-02-19,18:30:00,1.3238,1.3238,1.3238,1.3238,460,0
2015-02-19,18:45:00,1.32,1.33,1.32,1.33,900,0
2015-02-19,18:50:00,1.3227,1.3228,1.32,1.3228,1700,0
2015-02-19,19:05:00,1.33,1.33,1.33,1.33,100,0
2015-02-19,19:15:00,1.33,1.33,1.33,1.33,1500,0
2015-02-19,19:30:00,1.33,1.33,1.33,1.33,200,0
2015-02-19,19:35:00,1.33,1.33,1.33,1.33,7800,0
2015-02-19,19:50:00,1.33,1.33,1.33,1.33,100,0
2015-02-19,19:55:00,1.3249,1.33,1.3249,1.33,2600,0
2015-02-19,20:00:00,1.3299,1.3299,1.3299,1.3299,1000,0
2015-02-19,20:05:00,1.33,1.33,1.33,1.33,302,0
2015-02-19,20:15:00,1.33,1.34,1.33,1.33,14620,0
2015-02-19,20:25:00,1.321,1.33,1.321,1.3286,3500,0
2015-02-19,20:30:00,1.32,1.3201,1.32,1.3201,2110,0
2015-02-19,20:45:00,1.33,1.33,1.33,1.33,200,0
2015-02-19,20:55:00,1.33,1.33,1.33,1.33,200,0
2015-02-19,21:05:00,1.33,1.33,1.33,1.33,100,0
2015-02-19,21:10:00,1.3293,1.3293,1.3216,1.3216,200,0
2015-02-19,21:15:00,1.33,1.33,1.33,1.33,371,0
2015-02-19,21:20:00,1.3216,1.33,1.3216,1.3216,300,0
2015-02-19,21:25:00,1.33,1.33,1.3216,1.33,1100,0
2015-02-19,21:30:00,1.33,1.33,1.3201,1.3201,1300,0
2015-02-19,21:40:00,1.32,1.32,1.3143,1.3143,3620,0
2015-02-19,21:45:00,1.3116,1.32,1.31,1.31,10540,0
2015-02-19,21:50:00,1.3208,1.33,1.32,1.32,22700,0
2015-02-19,21:55:00,1.3216,1.33,1.3216,1.33,400,0
2015-02-19,22:00:00,1.325,1.33,1.325,1.3299,1430,0
2015-02-20,15:35:00,1.31,1.33,1.31,1.33,17755,0
2015-02-20,15:40:00,1.33,1.33,1.33,1.33,100,0
2015-02-20,15:45:00,1.33,1.33,1.3201,1.33,1300,0
2015-02-20,15:55:00,1.33,1.33,1.3249,1.3285,2100,0
2015-02-20,16:00:00,1.33,1.33,1.33,1.33,300,0
2015-02-20,16:05:00,1.3299,1.3299,1.3299,1.3299,1000,0
2015-02-20,16:10:00,1.33,1.34,1.33,1.34,1260,0
2015-02-20,16:15:00,1.3399,1.3399,1.3399,1.3399,1000,0
2015-02-20,16:20:00,1.34,1.34,1.3351,1.3351,300,0
2015-02-20,16:25:00,1.34,1.34,1.3301,1.3301,3120,0
2015-02-20,16:30:00,1.34,1.34,1.34,1.34,100,0
2015-02-20,16:35:00,1.34,1.38,1.3399,1.38,78725,0
2015-02-20,16:40:00,1.37,1.37,1.37,1.37,200,0
2015-02-20,16:45:00,1.37,1.37,1.3502,1.3502,600,0
2015-02-20,16:50:00,1.37,1.37,1.37,1.37,200,0
2015-02-20,16:55:00,1.3699,1.37,1.3632,1.3632,3300,0
2015-02-20,17:00:00,1.38,1.38,1.3701,1.3701,4100,0
2015-02-20,17:05:00,1.38,1.38,1.377,1.38,6505,0
2015-02-20,17:10:00,1.38,1.38,1.38,1.38,300,0
2015-02-20,17:15:00,1.38,1.38,1.38,1.38,100,0
2015-02-20,17:25:00,1.38,1.38,1.38,1.38,100,0
2015-02-20,17:40:00,1.38,1.38,1.38,1.38,100,0
2015-02-20,17:50:00,1.3701,1.38,1.3701,1.38,2100,0
2015-02-20,18:00:00,1.38,1.38,1.38,1.38,300,0
2015-02-20,18:05:00,1.38,1.38,1.38,1.38,100,0
2015-02-20,18:10:00,1.38,1.38,1.38,1.38,100,0
2015-02-20,18:20:00,1.38,1.38,1.38,1.38,900,0
2015-02-20,18:30:00,1.38,1.38,1.3799,1.3799,465,0
2015-02-20,18:35:00,1.38,1.38,1.3799,1.3799,1100,0
2015-02-20,18:40:00,1.38,1.38,1.38,1.38,100,0
2015-02-20,18:45:00,1.377,1.38,1.377,1.38,300,0
2015-02-20,18:50:00,1.38,1.38,1.38,1.38,100,0
2015-02-20,18:55:00,1.38,1.38,1.38,1.38,200,0
2015-02-20,19:00:00,1.37,1.38,1.37,1.38,1200,0
2015-02-20,19:05:00,1.38,1.38,1.3751,1.3751,400,0
2015-02-20,19:10:00,1.38,1.38,1.38,1.38,300,0
2015-02-20,19:15:00,1.38,1.38,1.38,1.38,100,0
2015-02-20,19:20:00,1.3799,1.38,1.3799,1.38,1400,0
2015-02-20,19:25:00,1.38,1.38,1.38,1.38,300,0
2015-02-20,19:30:00,1.38,1.38,1.38,1.38,500,0
2015-02-20,19:40:00,1.375,1.375,1.375,1.375,100,0
2015-02-20,19:45:00,1.38,1.38,1.38,1.38,100,0
2015-02-20,19:55:00,1.38,1.38,1.38,1.38,7138,0
2015-02-20,20:00:00,1.38,1.38,1.38,1.38,900,0
2015-02-20,20:05:00,1.38,1.38,1.38,1.38,500,0
2015-02-20,20:10:00,1.38,1.38,1.38,1.38,100,0
2015-02-20,20:15:00,1.38,1.38,1.38,1.38,400,0
2015-02-20,20:20:00,1.38,1.38,1.38,1.38,100,0
2015-02-20,20:30:00,1.38,1.38,1.38,1.38,100,0
2015-02-20,20:35:00,1.38,1.38,1.38,1.38,800,0
2015-02-20,20:40:00,1.38,1.38,1.38,1.38,100,0
2015-02-20,20:45:00,1.38,1.38,1.38,1.38,100,0
2015-02-20,20:55:00,1.38,1.38,1.37,1.38,6500,0
2015-02-20,21:00:00,1.38,1.38,1.38,1.38,100,0
2015-02-20,21:05:00,1.38,1.38,1.38,1.38,100,0
2015-02-20,21:10:00,1.38,1.38,1.38,1.38,200,0
2015-02-20,21:15:00,1.38,1.38,1.38,1.38,3350,0
2015-02-20,21:20:00,1.3899,1.39,1.3899,1.39,1475,0
2015-02-20,21:25:00,1.39,1.39,1.39,1.39,100,0
2015-02-20,21:30:00,1.39,1.39,1.39,1.39,700,0
2015-02-20,21:35:00,1.39,1.39,1.38,1.38,5751,0
2015-02-20,21:40:00,1.38,1.39,1.38,1.39,3623,0
2015-02-20,21:55:00,1.39,1.39,1.36,1.38,6994,0
2015-02-20,22:00:00,1.39,1.39,1.39,1.39,800,0
2015-02-23,15:35:00,1.37,1.37,1.37,1.37,1000,0
2015-02-23,15:40:00,1.39,1.39,1.37,1.37,5700,0
2015-02-23,15:50:00,1.3845,1.3845,1.3845,1.3845,500,0
2015-02-23,15:55:00,1.38,1.38,1.38,1.38,100,0
2015-02-23,16:00:00,1.3799,1.38,1.3799,1.3799,2600,0
2015-02-23,16:05:00,1.38,1.38,1.38,1.38,8100,0
2015-02-23,16:15:00,1.3833,1.3833,1.3833,1.3833,500,0
2015-02-23,16:20:00,1.3802,1.39,1.3802,1.39,200,0
2015-02-23,16:35:00,1.39,1.39,1.39,1.39,100,0
2015-02-23,16:45:00,1.3801,1.3801,1.3801,1.3801,324,0
2015-02-23,16:55:00,1.386,1.386,1.386,1.386,1400,0
2015-02-23,17:10:00,1.3899,1.39,1.3899,1.39,1700,0
2015-02-23,17:20:00,1.38,1.3801,1.38,1.3801,900,0
2015-02-23,17:25:00,1.39,1.39,1.3849,1.39,2800,0
2015-02-23,17:30:00,1.3811,1.3811,1.3811,1.3811,500,0
2015-02-23,17:40:00,1.3801,1.3801,1.3801,1.3801,700,0
2015-02-23,17:45:00,1.39,1.39,1.39,1.39,100,0
2015-02-23,17:50:00,1.3801,1.39,1.3801,1.39,1300,0
2015-02-23,18:10:00,1.39,1.39,1.39,1.39,200,0
2015-02-23,18:15:00,1.39,1.39,1.39,1.39,300,0
2015-02-23,18:20:00,1.385,1.385,1.385,1.385,400,0
2015-02-23,18:25:00,1.3886,1.3886,1.3886,1.3886,175,0
2015-02-23,18:30:00,1.385,1.385,1.3816,1.3816,1200,0
2015-02-23,18:35:00,1.3824,1.3861,1.38,1.38,2400,0
2015-02-23,18:40:00,1.385,1.385,1.385,1.385,1000,0
2015-02-23,18:45:00,1.385,1.385,1.385,1.385,500,0
2015-02-23,18:55:00,1.3899,1.39,1.38,1.38,3450,0
2015-02-23,19:05:00,1.381,1.39,1.381,1.39,2100,0
2015-02-23,19:15:00,1.39,1.39,1.39,1.39,200,0
2015-02-23,19:20:00,1.3801,1.39,1.3801,1.39,2100,0
2015-02-23,19:25:00,1.385,1.3874,1.385,1.3874,1598,0
2015-02-23,19:40:00,1.385,1.39,1.385,1.39,200,0
2015-02-23,19:45:00,1.38,1.385,1.38,1.38,1900,0
2015-02-23,19:55:00,1.38,1.38,1.38,1.38,300,0
2015-02-23,20:00:00,1.38,1.38,1.38,1.38,2800,0
2015-02-23,20:20:00,1.39,1.39,1.39,1.39,200,0
2015-02-23,20:25:00,1.39,1.39,1.385,1.385,300,0
2015-02-23,20:55:00,1.39,1.39,1.39,1.39,2000,0
2015-02-23,21:00:00,1.38,1.38,1.38,1.38,4597,0
2015-02-23,21:30:00,1.385,1.39,1.385,1.39,6242,0
2015-02-23,21:45:00,1.385,1.385,1.385,1.385,100,0
2015-02-23,21:50:00,1.385,1.39,1.385,1.3899,9800,0
2015-02-23,21:55:00,1.38,1.38,1.38,1.38,3100,0
2015-02-23,22:00:00,1.39,1.39,1.3811,1.39,15118,0
