Date,Time,Open,High,Low,Close,Volume,OpenInt
2015-01-12,22:00:00,6.3171,6.3465,6.2974,6.3465,4045,0
2015-01-13,16:05:00,6.3097,6.3269,6.2925,6.3269,1632,0
2015-01-13,16:10:00,6.268,6.2974,6.2288,6.2356,4283,0
2015-01-13,16:15:00,6.2974,6.3254,6.2974,6.3254,1121,0
2015-01-13,16:25:00,6.3072,6.3171,6.2975,6.3171,714,0
2015-01-13,16:30:00,6.2974,6.3122,6.2974,6.2974,1428,0
2015-01-13,16:35:00,6.2876,6.2925,6.2876,6.2925,510,0
2015-01-13,16:45:00,6.3269,6.3269,6.3269,6.3269,102,0
2015-01-13,16:55:00,6.3269,6.3269,6.3269,6.3269,314,0
2015-01-13,17:05:00,6.3072,6.3269,6.3072,6.3269,204,0
2015-01-13,17:15:00,6.2876,6.3955,6.2582,6.2582,991,0
2015-01-13,17:35:00,6.2582,6.3171,6.2484,6.3171,510,0
2015-01-13,18:10:00,6.2484,6.2778,6.2484,6.2778,816,0
2015-01-13,18:30:00,6.2288,6.268,6.2288,6.268,918,0
2015-01-13,19:15:00,6.2288,6.2288,6.2288,6.2288,204,0
2015-01-13,19:35:00,6.1307,6.1601,6.1307,6.1601,204,0
2015-01-13,19:50:00,6.1503,6.1503,6.1503,6.1503,102,0
2015-01-13,20:00:00,6.1503,6.1503,6.1405,6.1405,306,0
2015-01-13,20:10:00,6.1699,6.1699,6.1601,6.1601,204,0
2015-01-13,20:15:00,6.1699,6.1699,6.1503,6.1503,408,0
2015-01-13,20:20:00,6.1659,6.1699,6.1659,6.1699,306,0
2015-01-13,20:25:00,6.1406,6.1699,6.1406,6.1699,510,0
2015-01-13,20:30:00,6.1405,6.1601,6.1405,6.1405,1122,0
2015-01-13,20:35:00,6.1601,6.1601,6.1405,6.1503,408,0
2015-01-13,20:40:00,6.1405,6.1405,6.1405,6.1405,204,0
2015-01-13,20:45:00,6.1405,6.1601,6.1405,6.1503,13155,0
2015-01-13,20:55:00,6.1503,6.1699,6.1503,6.1699,1020,0
2015-01-13,21:00:00,6.1645,6.1699,6.1405,6.1567,5707,0
2015-01-13,21:05:00,6.1699,6.1699,6.1699,6.1699,712,0
2015-01-13,21:15:00,6.1993,6.3661,6.1993,6.3122,6015,0
2015-01-13,21:20:00,6.268,6.3072,6.268,6.3072,306,0
2015-01-13,21:25:00,6.3367,6.3367,6.3269,6.3269,4895,0
2015-01-13,21:30:00,6.271,6.3269,6.271,6.3269,2754,0
2015-01-13,21:50:00,6.3367,6.3367,6.3269,6.3269,1836,0
2015-01-13,21:55:00,6.3269,6.3759,6.3269,6.3269,2330,0
2015-01-13,22:00:00,6.3269,6.3269,6.268,6.2778,18294,0
2015-01-14,15:35:00,6.219,6.219,6.1895,6.1895,306,0
2015-01-14,15:40:00,6.1993,6.1993,6.1797,6.1895,306,0
2015-01-14,15:45:00,6.219,6.219,6.1307,6.1895,2142,0
2015-01-14,15:50:00,6.219,6.2288,6.219,6.2288,510,0
2015-01-14,15:55:00,6.2288,6.2288,6.219,6.2288,816,0
2015-01-14,16:00:00,6.2288,6.2288,6.1504,6.2288,1122,0
2015-01-14,16:05:00,6.2288,6.2288,6.2288,6.2288,714,0
2015-01-14,16:10:00,6.2288,6.2288,6.2288,6.2288,3264,0
2015-01-14,17:10:00,6.1307,6.1856,6.1258,6.1258,2177,0
2015-01-14,17:25:00,6.1307,6.1307,6.0865,6.1307,2040,0
2015-01-14,17:40:00,6.1307,6.1307,6.1307,6.1307,102,0
2015-01-14,17:45:00,6.1209,6.1209,6.0718,6.0719,1632,0
2015-01-14,18:05:00,6.1111,6.1405,6.062,6.1405,1050,0
2015-01-14,18:15:00,6.1307,6.1307,6.1307,6.1307,102,0
2015-01-14,18:20:00,6.1307,6.1307,6.1209,6.1258,1020,0
2015-01-14,18:30:00,6.1307,6.1405,6.0522,6.0816,2958,0
2015-01-14,18:40:00,6.0816,6.0816,6.0816,6.0816,102,0
2015-01-14,18:50:00,6.0326,6.0816,6.0326,6.0718,5558,0
2015-01-14,18:55:00,6.0718,6.0718,6.0516,6.0516,1121,0
2015-01-14,19:00:00,6.0718,6.0718,6.0718,6.0718,102,0
2015-01-14,19:05:00,6.0228,6.0326,6.0228,6.0228,918,0
2015-01-14,19:10:00,6.0326,6.0326,6.0032,6.0032,1122,0
2015-01-14,19:15:00,6.0228,6.0228,6.0228,6.0228,816,0
2015-01-14,19:20:00,6.0228,6.0718,6.0228,6.0718,510,0
2015-01-14,19:25:00,6.0718,6.0718,6.0326,6.0326,510,0
2015-01-14,19:30:00,6.0326,6.0326,6.0326,6.0326,1734,0
2015-01-14,19:35:00,6.0326,6.0326,6.0326,6.0326,2958,0
2015-01-14,19:40:00,6.0326,6.0718,6.0326,6.0326,2958,0
2015-01-14,19:50:00,6.0326,6.0326,6.0326,6.0326,102,0
2015-01-14,20:00:00,6.0326,6.0326,6.0326,6.0326,3772,0
2015-01-14,20:15:00,6.0424,6.0816,6.0399,6.0718,1122,0
2015-01-14,20:25:00,6.0326,6.0326,6.0326,6.0326,102,0
2015-01-14,20:30:00,6.0373,6.0373,6.0373,6.0373,510,0
2015-01-14,20:40:00,6.0355,6.0355,6.0355,6.0355,510,0
2015-01-14,20:50:00,6.0277,6.0277,6.0277,6.0277,102,0
2015-01-14,20:55:00,6.0375,6.0424,6.0277,6.0424,408,0
2015-01-14,21:00:00,6.0556,6.0556,6.0556,6.0556,1019,0
2015-01-14,21:05:00,6.0556,6.0556,6.0522,6.0522,1631,0
2015-01-14,21:10:00,6.0522,6.0522,6.0522,6.0522,102,0
2015-01-14,21:20:00,6.0816,6.0816,6.0669,6.0669,1734,0
2015-01-14,21:25:00,6.0669,6.0816,6.0669,6.0816,816,0
2015-01-14,21:40:00,6.0718,6.0816,6.027,6.0444,1707,0
2015-01-14,21:45:00,6.0459,6.0522,6.0459,6.0522,1326,0
2015-01-14,21:50:00,6.0522,6.0816,6.0522,6.0522,2868,0
2015-01-14,21:55:00,6.0816,6.0816,6.0816,6.0816,918,0
2015-01-14,22:00:00,6.0816,6.0816,6.062,6.062,1386,0
2015-01-15,15:35:00,5.9149,5.9639,5.9051,5.9051,1640,0
2015-01-15,15:40:00,6.0153,6.0326,6.0153,6.0326,204,0
2015-01-15,15:45:00,5.9835,6.0668,5.915,5.9835,8802,0
2015-01-15,15:50:00,5.9346,5.9346,5.9346,5.9346,1556,0
2015-01-15,15:55:00,5.9835,5.9835,5.9835,5.9835,408,0
2015-01-15,16:00:00,5.9639,5.9835,5.9587,5.9587,10124,0
2015-01-15,16:15:00,5.9835,5.9835,5.9835,5.9835,1137,0
2015-01-15,16:25:00,5.9835,5.9835,5.9835,5.9835,888,0
2015-01-15,16:35:00,5.9836,5.9836,5.9836,5.9836,102,0
2015-01-15,16:50:00,5.9835,5.9835,5.9737,5.9737,408,0
2015-01-15,17:00:00,5.9835,5.9835,5.9835,5.9835,5703,0
2015-01-15,17:10:00,5.9934,5.9934,5.9835,5.9835,1224,0
2015-01-15,17:15:00,5.9639,5.9639,5.9639,5.9639,102,0
2015-01-15,17:20:00,5.9835,5.9835,5.9835,5.9835,4386,0
2015-01-15,18:10:00,5.9934,5.9934,5.9443,5.9835,510,0
2015-01-15,18:20:00,5.9934,5.9934,5.9934,5.9934,102,0
2015-01-15,18:35:00,6.0228,6.0228,6.0228,6.0228,714,0
2015-01-15,18:40:00,6.0024,6.0024,5.9683,5.9683,2243,0
2015-01-15,19:00:00,5.9639,5.9639,5.9639,5.9639,102,0
2015-01-15,19:25:00,5.9809,5.9809,5.9809,5.9809,102,0
2015-01-15,20:15:00,5.9639,5.9639,5.9541,5.9542,1079,0
2015-01-15,20:55:00,5.9639,5.9639,5.9541,5.9541,2856,0
2015-01-15,21:35:00,5.9541,5.9679,5.9345,5.9679,2448,0
2015-01-15,21:45:00,5.9638,5.9934,5.9541,5.9639,2651,0
2015-01-15,21:55:00,5.9835,6.0032,5.9835,5.9835,918,0
2015-01-15,22:00:00,5.9541,6.0032,5.9443,5.9737,2465,0
2015-01-16,15:35:00,5.807,5.807,5.7972,5.7972,22637,0
2015-01-16,15:40:00,6.1307,6.1307,6.1307,6.1307,306,0
2015-01-16,15:45:00,6.013,6.013,6.0032,6.0032,408,0
2015-01-16,15:50:00,6.013,6.013,6.0032,6.0032,408,0
2015-01-16,15:55:00,6.013,6.013,5.9835,5.9835,816,0
2015-01-16,16:00:00,6.013,6.013,6.013,6.013,232,0
2015-01-16,16:05:00,5.9835,5.9835,5.9835,5.9835,1294,0
2015-01-16,16:35:00,5.9835,5.9835,5.9835,5.9835,102,0
2015-01-16,16:40:00,5.9835,5.9835,5.9835,5.9835,408,0
2015-01-16,16:55:00,5.9639,5.9639,5.9639,5.9639,306,0
2015-01-16,17:50:00,5.9542,5.9542,5.9542,5.9542,1224,0
2015-01-16,17:55:00,5.9541,5.9541,5.9541,5.9541,1428,0
2015-01-16,18:05:00,5.9541,5.9639,5.9541,5.9639,408,0
2015-01-16,18:10:00,5.9639,5.9639,5.9639,5.9639,204,0
2015-01-16,19:00:00,5.9835,5.9835,5.9835,5.9835,3429,0
2015-01-16,19:20:00,5.9835,5.9835,5.9835,5.9835,1326,0
2015-01-16,19:25:00,5.9835,5.9835,5.9542,5.9542,612,0
2015-01-16,19:40:00,5.9934,5.9934,5.9934,5.9934,102,0
2015-01-16,19:55:00,6.0326,6.0424,6.0326,6.0424,3060,0
2015-01-16,20:00:00,6.0424,6.0424,6.0424,6.0424,204,0
2015-01-16,20:30:00,6.0326,6.0326,6.0326,6.0326,102,0
2015-01-16,20:35:00,5.9934,5.9934,5.9934,5.9934,1019,0
2015-01-16,20:40:00,6.0228,6.0228,6.0228,6.0228,204,0
2015-01-16,20:45:00,6.0326,6.0326,6.0326,6.0326,204,0
2015-01-16,20:55:00,6.0228,6.0326,6.0228,6.0326,204,0
2015-01-16,21:10:00,6.0326,6.0326,6.0326,6.0326,510,0
2015-01-16,21:35:00,6.0424,6.0424,6.0424,6.0424,204,0
2015-01-16,21:40:00,6.0326,6.0326,6.0326,6.0326,102,0
2015-01-16,21:45:00,6.0326,6.0326,6.0326,6.0326,102,0
2015-01-16,21:55:00,6.0228,6.0228,5.9737,5.9835,918,0
2015-01-16,22:00:00,6.0032,6.0424,6.0032,6.0326,1326,0
2015-01-20,16:25:00,6.013,6.013,6.013,6.013,1428,0
2015-01-20,16:45:00,5.9737,5.9737,5.9639,5.9639,1530,0
2015-01-20,17:30:00,5.9943,5.9943,5.9943,5.9943,4282,0
2015-01-20,17:35:00,5.9835,5.9934,5.915,5.915,1434,0
2015-01-20,17:40:00,5.9835,5.9835,5.9835,5.9835,510,0
2015-01-20,17:45:00,5.9541,5.9541,5.9541,5.9541,102,0
2015-01-20,17:55:00,5.9247,5.9247,5.9247,5.9247,102,0
2015-01-20,18:05:00,5.9541,5.9541,5.9541,5.9541,204,0
2015-01-20,18:25:00,5.9541,5.9639,5.9541,5.9639,2448,0
2015-01-20,18:30:00,5.9728,5.9737,5.9728,5.9737,714,0
2015-01-20,18:35:00,5.9835,5.9835,5.9835,5.9835,102,0
2015-01-20,18:40:00,5.9786,5.9835,5.9786,5.9835,306,0
2015-01-20,18:45:00,5.9835,5.9835,5.9835,5.9835,204,0
2015-01-20,19:05:00,5.9835,5.9835,5.9835,5.9835,204,0
2015-01-20,19:30:00,5.9835,5.9835,5.9835,5.9835,918,0
2015-01-20,19:35:00,5.9835,5.9835,5.9835,5.9835,1938,0
2015-01-20,19:40:00,5.9835,5.9835,5.9835,5.9835,1530,0
2015-01-20,19:45:00,5.9835,5.9835,5.9541,5.9835,2856,0
2015-01-20,19:50:00,5.9835,5.9835,5.9835,5.9835,1734,0
2015-01-20,19:55:00,5.9835,5.9835,5.9639,5.9835,1836,0
2015-01-20,20:05:00,5.9835,5.9835,5.9835,5.9835,102,0
2015-01-20,20:25:00,6.0124,6.0124,6.0124,6.0124,816,0
2015-01-20,20:30:00,6.013,6.013,6.013,6.013,102,0
2015-01-20,20:40:00,6.0228,6.0274,6.013,6.013,1020,0
2015-01-20,21:00:00,6.0229,6.0718,6.0229,6.0718,1112,0
2015-01-20,21:05:00,6.062,6.062,6.062,6.062,102,0
2015-01-20,21:50:00,6.0718,6.0718,6.0718,6.0718,102,0
2015-01-20,21:55:00,6.0718,6.0718,6.0669,6.0669,204,0
2015-01-20,22:00:00,6.0718,6.0718,5.9934,6.062,2285,0
2015-01-21,15:35:00,6.0914,6.1307,6.0914,6.1209,2043,0
2015-01-21,15:50:00,6.2003,6.2003,6.2003,6.2003,466,0
2015-01-21,16:30:00,6.3318,6.3318,6.2975,6.2975,408,0
2015-01-21,16:35:00,6.3553,6.3563,6.3465,6.3563,2549,0
2015-01-21,16:40:00,6.3465,6.3759,6.3269,6.3759,4707,0
2015-01-21,16:45:00,6.4436,6.5574,6.4053,6.5574,16460,0
2015-01-21,16:50:00,6.523,6.5574,6.5229,6.5515,6421,0
2015-01-21,16:55:00,6.5034,6.5034,6.4838,6.4838,510,0
2015-01-21,17:00:00,6.4488,6.4488,6.3695,6.3695,612,0
2015-01-21,17:40:00,6.3759,6.3759,6.2974,6.2974,3652,0
2015-01-21,18:20:00,6.1798,6.1798,6.1798,6.1798,102,0
2015-01-21,18:30:00,6.2092,6.2092,6.2092,6.2092,1369,0
2015-01-21,18:35:00,6.2288,6.2288,6.061,6.061,1580,0
2015-01-21,18:45:00,6.218,6.219,6.2092,6.219,1326,0
2015-01-21,18:50:00,6.3072,6.3072,6.2974,6.3072,5100,0
2015-01-21,19:00:00,6.3072,6.3857,6.3072,6.3857,3366,0
2015-01-21,19:05:00,6.3269,6.3269,6.3269,6.3269,816,0
2015-01-21,19:30:00,6.1601,6.1602,6.1111,6.1111,943,0
2015-01-21,19:35:00,6.1993,6.1993,6.1993,6.1993,204,0
2015-01-21,19:50:00,6.219,6.219,6.219,6.219,408,0
2015-01-21,20:00:00,6.2091,6.2091,6.2091,6.2091,357,0
2015-01-21,20:20:00,6.2288,6.2288,6.2288,6.2288,7140,0
2015-01-21,20:45:00,6.2582,6.2582,6.2582,6.2582,102,0
2015-01-21,20:50:00,6.2778,6.3269,6.2778,6.3269,1275,0
2015-01-21,21:45:00,6.3072,6.3661,6.3072,6.3269,1326,0
2015-01-21,21:50:00,6.3465,6.4348,6.3269,6.4053,2941,0
2015-01-21,21:55:00,6.425,6.425,6.2288,6.2288,1530,0
2015-01-21,22:00:00,6.3269,6.4641,6.2484,6.3955,7589,0
2015-01-22,15:35:00,6.4838,6.4838,6.4838,6.4838,507,0
2015-01-22,15:45:00,6.4838,6.4838,6.3465,6.3465,2852,0
2015-01-22,15:50:00,6.4151,6.4151,6.4151,6.4151,102,0
2015-01-22,15:55:00,6.3955,6.3955,6.3612,6.3857,3060,0
2015-01-22,16:30:00,6.5142,6.5329,6.5132,6.5132,3991,0
2015-01-22,16:35:00,6.5132,6.5132,6.5132,6.5132,204,0
2015-01-22,16:45:00,6.474,6.4936,6.474,6.474,1938,0
2015-01-22,16:55:00,6.474,6.474,6.474,6.474,204,0
2015-01-22,17:05:00,6.4151,6.4151,6.4151,6.4151,204,0
2015-01-22,17:10:00,6.474,6.6015,6.474,6.6015,3467,0
2015-01-22,17:20:00,6.5329,6.5329,6.523,6.523,4847,0
2015-01-22,17:50:00,6.5792,6.6103,6.5792,6.6103,2344,0
2015-01-22,17:55:00,6.5917,6.5917,6.5427,6.5427,3468,0
2015-01-22,18:55:00,6.523,6.523,6.523,6.523,612,0
2015-01-22,19:00:00,6.5378,6.55,6.523,6.523,2141,0
2015-01-22,19:05:00,6.523,6.523,6.523,6.523,1020,0
2015-01-22,19:40:00,6.5525,6.8173,6.5525,6.8173,16686,0
2015-01-22,20:10:00,6.8074,6.8074,6.8074,6.8074,3672,0
2015-01-22,20:20:00,6.7192,6.8173,6.7094,6.7192,3734,0
2015-01-22,20:25:00,6.7192,6.8467,6.7192,6.8467,5151,0
2015-01-22,20:40:00,6.9056,6.9056,6.9056,6.9056,102,0
2015-01-22,20:45:00,6.8467,6.8467,6.8467,6.8467,306,0
2015-01-22,20:55:00,6.6751,6.8173,6.6751,6.8173,1326,0
2015-01-22,21:00:00,6.7781,6.7781,6.7781,6.7781,102,0
2015-01-22,21:05:00,6.7683,6.8075,6.7574,6.7634,1631,0
2015-01-22,21:10:00,6.7732,6.8173,6.7389,6.8173,4589,0
2015-01-22,21:20:00,6.8566,6.8566,6.8467,6.8517,918,0
2015-01-22,21:25:00,6.8271,6.8271,6.8271,6.8271,714,0
2015-01-22,21:30:00,6.8271,6.8271,6.8271,6.8271,510,0
2015-01-22,21:35:00,6.8173,6.8271,6.8173,6.8271,510,0
2015-01-22,21:40:00,6.8271,6.8418,6.8173,6.8173,2384,0
2015-01-22,21:45:00,6.8173,6.8556,6.729,6.8369,7140,0
2015-01-22,21:50:00,6.729,6.729,6.7192,6.7192,510,0
2015-01-22,21:55:00,6.729,6.7585,6.729,6.729,1326,0
2015-01-22,22:00:00,6.7388,6.8467,6.7192,6.7977,15112,0
2015-01-23,15:35:00,6.8664,6.8859,6.8566,6.8566,816,0
2015-01-23,15:45:00,6.8369,6.8369,6.8369,6.8369,1019,0
2015-01-23,15:50:00,6.7487,6.7487,6.7487,6.7487,1796,0
2015-01-23,16:25:00,6.7683,6.7683,6.7388,6.7682,1734,0
2015-01-23,16:30:00,6.7585,6.7585,6.7585,6.7585,306,0
2015-01-23,16:35:00,6.7683,6.7683,6.7388,6.7388,8260,0
2015-01-23,16:40:00,6.7388,6.7388,6.729,6.729,204,0
2015-01-23,17:05:00,6.9252,7.092,6.9056,7.092,6258,0
2015-01-23,17:15:00,6.9645,6.9645,6.9645,6.9645,306,0
2015-01-23,17:30:00,6.9635,6.9645,6.9635,6.9645,813,0
2015-01-23,17:35:00,6.9645,6.9645,6.8989,6.8989,2800,0
2015-01-23,17:40:00,6.8664,6.8664,6.8271,6.8271,1469,0
2015-01-23,17:45:00,6.8075,6.8075,6.8075,6.8075,408,0
2015-01-23,17:50:00,6.8075,6.8271,6.8075,6.8271,6734,0
2015-01-23,17:55:00,6.8979,6.8979,6.8271,6.8503,3987,0
2015-01-23,18:05:00,6.8624,6.8624,6.8624,6.8624,306,0
2015-01-23,18:10:00,6.9056,6.9154,6.9056,6.9154,1427,0
2015-01-23,18:20:00,6.9154,6.9252,6.9154,6.9154,510,0
2015-01-23,18:25:00,6.9252,6.9252,6.9154,6.9154,510,0
2015-01-23,18:30:00,6.9252,6.9252,6.8958,6.8958,816,0
2015-01-23,19:05:00,6.9448,7.1116,6.9448,7.1116,914,0
2015-01-23,19:10:00,6.8664,6.8664,6.8467,6.8467,510,0
2015-01-23,19:20:00,6.8599,6.8664,6.8599,6.8663,2039,0
2015-01-23,19:25:00,6.8664,6.8664,6.8428,6.8428,204,0
2015-01-23,19:35:00,6.8467,6.8664,6.8467,6.8664,204,0
2015-01-23,19:40:00,6.8664,6.8664,6.8566,6.8566,714,0
2015-01-23,19:45:00,6.8531,6.8531,6.8531,6.8531,1373,0
2015-01-23,19:55:00,6.8566,6.8664,6.8467,6.8566,962,0
2015-01-23,20:05:00,6.8467,6.8467,6.8467,6.8467,102,0
2015-01-23,20:10:00,6.8664,6.8762,6.8664,6.8664,1938,0
2015-01-23,20:45:00,6.8664,6.8664,6.8664,6.8664,714,0
2015-01-23,20:50:00,6.8664,6.8664,6.8664,6.8664,102,0
2015-01-23,21:00:00,6.8664,6.935,6.8566,6.8664,3672,0
2015-01-23,21:05:00,6.8664,6.8762,6.8664,6.8664,816,0
2015-01-23,21:10:00,6.8566,6.9645,6.8566,6.886,2142,0
2015-01-23,21:15:00,6.8664,6.8664,6.8664,6.8664,204,0
2015-01-23,21:20:00,6.8664,6.8664,6.8664,6.8664,102,0
2015-01-23,21:25:00,6.8664,6.8664,6.8664,6.8664,1401,0
2015-01-23,21:30:00,6.8566,6.8664,6.8566,6.8664,204,0
2015-01-23,21:35:00,6.8664,6.886,6.8664,6.8664,3059,0
2015-01-23,21:40:00,6.8664,6.8664,6.8566,6.8566,1224,0
2015-01-23,21:45:00,6.8566,6.8664,6.8566,6.8664,612,0
2015-01-23,21:50:00,6.8566,7.1214,6.8566,6.8664,16935,0
2015-01-23,21:55:00,6.8958,6.9349,6.8664,6.8762,1377,0
2015-01-23,22:00:00,6.8664,6.8664,6.8566,6.8664,4064,0
2015-01-26,15:35:00,6.886,6.9939,6.4446,6.9939,1387,0
2015-01-26,15:40:00,6.7919,7.0037,6.7919,6.8762,1734,0
2015-01-26,15:45:00,6.8762,6.8762,6.8664,6.8664,408,0
2015-01-26,15:50:00,6.8664,6.8664,6.8664,6.8664,306,0
2015-01-26,15:55:00,6.8664,6.8664,6.8664,6.8664,612,0
2015-01-26,16:00:00,6.8467,6.8467,6.8467,6.8467,102,0
2015-01-26,16:05:00,6.8664,6.8664,6.8664,6.8664,714,0
2015-01-26,16:10:00,6.8664,6.886,6.8664,6.8762,1020,0
2015-01-26,16:15:00,6.886,6.9154,6.8762,6.886,816,0
2015-01-26,16:20:00,6.8762,6.886,6.8762,6.886,612,0
2015-01-26,16:25:00,6.8762,6.886,6.8664,6.886,918,0
2015-01-26,16:30:00,6.886,6.886,6.8762,6.8762,1122,0
2015-01-26,16:35:00,6.8762,6.8762,6.8173,6.8173,2829,0
2015-01-26,16:40:00,6.8394,6.8394,6.8394,6.8394,102,0
2015-01-26,16:50:00,6.8554,6.8554,6.8554,6.8554,204,0
2015-01-26,17:25:00,6.8654,6.8664,6.8654,6.8664,1734,0
2015-01-26,17:30:00,6.8664,6.8664,6.8664,6.8664,510,0
2015-01-26,17:35:00,6.8664,6.8664,6.8664,6.8664,306,0
2015-01-26,17:40:00,6.8664,6.8664,6.8664,6.8664,510,0
2015-01-26,17:45:00,6.8664,6.8664,6.8664,6.8664,1530,0
2015-01-26,17:50:00,6.8664,6.8664,6.8173,6.8173,204,0
2015-01-26,17:55:00,6.8517,6.8517,6.8517,6.8517,204,0
2015-01-26,18:05:00,6.8664,6.8664,6.8664,6.8664,425,0
2015-01-26,18:10:00,6.8664,6.8664,6.8664,6.8664,204,0
2015-01-26,18:15:00,6.8664,6.8664,6.8664,6.8664,255,0
2015-01-26,18:35:00,6.8657,6.8657,6.8657,6.8657,2039,0
2015-01-26,18:55:00,6.8664,6.886,6.8664,6.886,1428,0
2015-01-26,19:00:00,6.886,6.886,6.886,6.886,714,0
2015-01-26,19:05:00,6.8664,6.8664,6.8664,6.8664,408,0
2015-01-26,19:10:00,6.886,6.886,6.8664,6.8762,612,0
2015-01-26,19:20:00,6.8664,6.8664,6.8664,6.8664,918,0
2015-01-26,19:25:00,6.8664,6.8664,6.8664,6.8664,1428,0
2015-01-26,19:30:00,6.8664,6.8664,6.8664,6.8664,714,0
2015-01-26,19:35:00,6.8664,6.8664,6.8664,6.8664,612,0
2015-01-26,19:40:00,6.8664,6.8664,6.8664,6.8664,612,0
2015-01-26,19:45:00,6.8664,6.8762,6.8517,6.8762,2040,0
2015-01-26,20:05:00,6.8663,6.8664,6.8467,6.8664,1836,0
2015-01-26,20:10:00,6.8664,6.8664,6.8664,6.8664,714,0
2015-01-26,20:15:00,6.8664,6.8854,6.8664,6.8664,1224,0
2015-01-26,20:35:00,6.8615,6.8615,6.8615,6.8615,204,0
2015-01-26,20:40:00,6.8566,6.8664,6.8566,6.8615,635,0
2015-01-26,20:55:00,6.8615,6.8664,6.8566,6.8663,7850,0
2015-01-26,21:00:00,6.8173,6.8173,6.7388,6.8154,1448,0
2015-01-26,21:10:00,6.8369,6.8466,6.8369,6.8369,816,0
2015-01-26,21:50:00,6.8556,6.8566,6.8556,6.8566,204,0
2015-01-26,21:55:00,6.8369,6.8369,6.8369,6.8369,102,0
2015-01-26,22:00:00,6.8467,6.8467,6.8173,6.8467,364,0
2015-01-27,15:35:00,6.6506,6.7192,6.6506,6.7192,5292,0
2015-01-27,15:40:00,6.8369,6.8369,6.8369,6.8369,204,0
2015-01-27,15:45:00,6.7841,6.7841,6.7841,6.7841,204,0
2015-01-27,15:55:00,6.8369,6.8369,6.8369,6.8369,816,0
2015-01-27,16:00:00,6.8421,6.8664,6.8421,6.8664,1912,0
2015-01-27,16:05:00,6.8663,6.8664,6.8663,6.8664,2855,0
2015-01-27,16:30:00,6.8183,6.8183,6.8168,6.8168,1632,0
2015-01-27,16:40:00,6.8247,6.8448,6.8173,6.8183,13640,0
2015-01-27,16:45:00,6.7488,6.7834,6.7488,6.7712,7646,0
2015-01-27,16:50:00,6.729,6.729,6.7192,6.7192,7950,0
2015-01-27,17:00:00,6.6898,6.6898,6.6898,6.6898,204,0
2015-01-27,17:15:00,6.6898,6.6898,6.6898,6.6898,102,0
2015-01-27,17:50:00,6.7459,6.7459,6.7459,6.7459,1019,0
2015-01-27,17:55:00,6.7459,6.7459,6.7459,6.7459,612,0
2015-01-27,18:20:00,6.7977,6.7977,6.7977,6.7977,102,0
2015-01-27,18:25:00,6.7879,6.7879,6.7879,6.7879,306,0
2015-01-27,18:35:00,6.7781,6.7781,6.7781,6.7781,102,0
2015-01-27,18:40:00,6.7781,6.7781,6.7781,6.7781,510,0
2015-01-27,18:45:00,6.7977,6.7977,6.7977,6.7977,102,0
2015-01-27,18:50:00,6.7977,6.7977,6.7977,6.7977,102,0
2015-01-27,19:00:00,6.7977,6.7977,6.7977,6.7977,510,0
2015-01-27,19:15:00,6.8075,6.8075,6.8075,6.8075,102,0
2015-01-27,19:20:00,6.7879,6.7879,6.7879,6.7879,102,0
2015-01-27,19:25:00,6.8075,6.8075,6.8075,6.8075,102,0
2015-01-27,19:35:00,6.8075,6.8075,6.8075,6.8075,102,0
2015-01-27,19:40:00,6.8075,6.8075,6.8075,6.8075,204,0
2015-01-27,19:45:00,6.8075,6.8075,6.8075,6.8075,102,0
2015-01-27,19:50:00,6.8075,6.8075,6.8075,6.8075,102,0
2015-01-27,19:55:00,6.8075,6.8075,6.8075,6.8075,102,0
2015-01-27,20:00:00,6.8075,6.8075,6.8075,6.8075,102,0
2015-01-27,20:05:00,6.7781,6.7781,6.7781,6.7781,102,0
2015-01-27,20:10:00,6.7291,6.7781,6.7291,6.7781,447,0
2015-01-27,20:15:00,6.7879,6.7879,6.7879,6.7879,102,0
2015-01-27,20:20:00,6.7879,6.7879,6.7879,6.7879,102,0
2015-01-27,20:25:00,6.7879,6.7879,6.7879,6.7879,102,0
2015-01-27,20:30:00,6.7879,6.7879,6.7879,6.7879,510,0
2015-01-27,20:35:00,6.7879,6.8075,6.7879,6.8067,3975,0
2015-01-27,20:40:00,6.8075,6.8075,6.8075,6.8075,102,0
2015-01-27,20:45:00,6.7683,6.8075,6.7683,6.8075,204,0
2015-01-27,20:50:00,6.8075,6.8075,6.8075,6.8075,102,0
2015-01-27,20:55:00,6.8075,6.8075,6.8075,6.8075,102,0
2015-01-27,21:00:00,6.8075,6.8075,6.8075,6.8075,102,0
2015-01-27,21:05:00,6.8075,6.8075,6.8075,6.8075,3468,0
2015-01-27,21:30:00,6.8065,6.8075,6.7977,6.8075,15726,0
2015-01-27,21:45:00,6.8075,6.8075,6.7977,6.8075,3264,0
2015-01-27,22:00:00,6.7977,6.7977,6.7977,6.7977,408,0
2015-01-28,15:35:00,6.8173,6.8173,6.8173,6.8173,510,0
2015-01-28,15:40:00,6.8275,6.8369,6.6898,6.6898,1598,0
2015-01-28,15:45:00,6.8075,6.8173,6.7536,6.7536,1122,0
2015-01-28,15:50:00,6.8173,6.8173,6.6996,6.6996,1224,0
2015-01-28,15:55:00,6.8124,6.8173,6.7094,6.7192,4794,0
2015-01-28,16:00:00,6.7192,6.8173,6.7192,6.8173,2932,0
2015-01-28,16:05:00,6.7536,6.8075,6.7487,6.8075,2550,0
2015-01-28,16:10:00,6.8065,6.8065,6.7192,6.7781,1836,0
2015-01-28,16:15:00,6.7192,6.8271,6.7192,6.8173,14447,0
2015-01-28,16:25:00,6.8418,6.8958,6.8418,6.886,918,0
2015-01-28,16:30:00,6.8762,6.9448,6.8762,6.8762,14036,0
2015-01-28,16:35:00,6.8762,6.8762,6.8762,6.8762,306,0
2015-01-28,16:40:00,6.8664,6.8664,6.7977,6.8664,15091,0
2015-01-28,16:45:00,6.8566,6.8615,6.8566,6.8615,306,0
2015-01-28,16:50:00,6.8467,6.8467,6.8467,6.8467,102,0
2015-01-28,17:00:00,6.9056,6.9056,6.9056,6.9056,102,0
2015-01-28,17:05:00,6.8664,6.8664,6.8664,6.8664,20389,0
2015-01-28,17:10:00,6.9056,6.9056,6.8467,6.8467,306,0
2015-01-28,17:20:00,6.8958,6.8958,6.8646,6.8646,204,0
2015-01-28,17:25:00,6.8467,6.8467,6.8075,6.8075,204,0
2015-01-28,17:30:00,6.8664,6.8664,6.8595,6.8595,1938,0
2015-01-28,17:40:00,6.8664,6.8953,6.8183,6.8615,12238,0
2015-01-28,17:45:00,6.8615,6.9056,6.857,6.9056,2142,0
2015-01-28,17:50:00,6.8615,6.8664,6.8615,6.8664,306,0
2015-01-28,17:55:00,6.8664,6.8664,6.8664,6.8664,612,0
2015-01-28,18:05:00,6.8958,6.8958,6.8615,6.8615,204,0
2015-01-28,18:10:00,6.8958,6.8958,6.8615,6.8615,714,0
2015-01-28,18:15:00,6.8664,6.8664,6.8664,6.8664,102,0
2015-01-28,18:25:00,6.8664,6.8664,6.8664,6.8664,102,0
2015-01-28,18:30:00,6.8713,6.9056,6.8566,6.9056,9930,0
2015-01-28,18:35:00,6.9056,6.9154,6.9056,6.9154,3763,0
2015-01-28,18:45:00,6.9399,7.092,6.935,7.0184,1122,0
2015-01-28,18:50:00,7.0135,7.0625,6.9448,6.9841,2754,0
2015-01-28,19:00:00,6.9792,7.0527,6.9792,7.0527,1020,0
2015-01-28,19:05:00,6.9645,6.9645,6.9645,6.9645,102,0
2015-01-28,19:10:00,6.935,6.9443,6.9184,6.9184,408,0
2015-01-28,19:15:00,6.9448,6.9939,6.9448,6.9841,1122,0
2015-01-28,19:20:00,6.9497,7.0037,6.9497,6.9497,612,0
2015-01-28,19:25:00,6.9497,7.0037,6.9497,7.0037,1224,0
2015-01-28,19:30:00,6.9497,6.9497,6.9448,6.9448,204,0
2015-01-28,19:35:00,6.9546,6.9546,6.8958,6.9154,3148,0
2015-01-28,19:40:00,6.8958,6.8958,6.8958,6.8958,140,0
2015-01-28,19:45:00,6.935,6.935,6.935,6.935,1020,0
2015-01-28,19:50:00,6.9399,6.9733,6.9399,6.9733,1224,0
2015-01-28,19:55:00,6.9399,6.9733,6.9399,6.9733,918,0
2015-01-28,20:00:00,6.9252,6.9252,6.9252,6.9252,102,0
2015-01-28,20:05:00,6.9154,6.9252,6.9056,6.9252,612,0
2015-01-28,20:10:00,6.9203,6.9203,6.9056,6.9056,1020,0
2015-01-28,20:15:00,6.9203,6.9203,6.9203,6.9203,102,0
2015-01-28,20:20:00,6.9056,6.9056,6.9056,6.9056,306,0
2015-01-28,20:25:00,6.8958,6.9154,6.8958,6.9154,1529,0
2015-01-28,20:50:00,6.8958,6.9056,6.8958,6.8958,9139,0
2015-01-28,20:55:00,6.8664,6.8664,6.8664,6.8664,306,0
2015-01-28,21:05:00,6.8664,6.8664,6.8664,6.8664,393,0
2015-01-28,21:20:00,6.8664,6.8664,6.8222,6.8517,1748,0
2015-01-28,21:25:00,6.8222,6.9056,6.8075,6.8664,1224,0
2015-01-28,21:30:00,6.8664,6.8664,6.8664,6.8664,1836,0
2015-01-28,21:45:00,6.9056,6.9056,6.886,6.9056,13597,0
2015-01-28,21:50:00,6.9154,6.9154,6.8467,6.8664,17188,0
2015-01-28,21:55:00,6.8664,6.886,6.8556,6.8713,19132,0
2015-01-28,22:00:00,6.886,6.886,6.7094,6.7094,48111,0
2015-01-29,15:35:00,7.0704,7.0704,7.0704,7.0704,1428,0
2015-01-29,16:00:00,6.8958,6.8958,6.8958,6.8958,798,0
2015-01-29,16:15:00,6.8958,6.9448,6.886,6.9154,3213,0
2015-01-29,16:30:00,6.9154,6.9154,6.9154,6.9154,714,0
2015-01-29,16:40:00,6.8566,6.8566,6.8566,6.8566,510,0
2015-01-29,17:25:00,6.8664,6.9252,6.8664,6.9252,1224,0
2015-01-29,17:45:00,6.9056,6.9596,6.9056,6.9596,14318,0
2015-01-29,17:50:00,6.9154,6.994,6.9154,6.994,1223,0
2015-01-29,17:55:00,6.935,6.935,6.9154,6.9154,816,0
2015-01-29,18:05:00,6.9154,6.9154,6.9154,6.9154,102,0
2015-01-29,18:10:00,6.9252,6.9252,6.9154,6.9154,306,0
2015-01-29,18:15:00,6.9448,6.9645,6.9448,6.9645,918,0
2015-01-29,18:30:00,6.935,6.935,6.935,6.935,1020,0
2015-01-29,18:35:00,6.935,6.935,6.935,6.935,102,0
2015-01-29,18:40:00,6.9546,6.9546,6.9546,6.9546,102,0
2015-01-29,18:45:00,6.9497,6.9645,6.9497,6.9645,1224,0
2015-01-29,19:05:00,6.989,7.0233,6.9448,6.9448,1428,0
2015-01-29,19:15:00,6.989,7.0331,6.9448,6.9448,714,0
2015-01-29,19:30:00,6.9448,6.9448,6.9448,6.9448,204,0
2015-01-29,19:35:00,6.9743,7.0135,6.9743,7.0135,306,0
2015-01-29,19:40:00,6.9645,6.9645,6.9645,6.9645,2039,0
2015-01-29,19:45:00,7.0135,7.0135,6.935,6.935,969,0
2015-01-29,19:50:00,6.935,7.0625,6.9056,7.0625,7790,0
2015-01-29,19:55:00,6.9743,6.9939,6.9645,6.9939,1326,0
2015-01-29,20:00:00,6.989,7.0037,6.9056,6.9154,2244,0
2015-01-29,20:05:00,6.9154,6.935,6.9056,6.9252,14581,0
2015-01-29,20:10:00,6.9252,6.935,6.8811,6.9056,2346,0
2015-01-29,20:15:00,6.8566,6.8664,6.8135,6.8664,4282,0
2015-01-29,20:20:00,6.8664,6.8664,6.8664,6.8664,1937,0
2015-01-29,20:30:00,6.8664,6.8909,6.8664,6.8664,6120,0
2015-01-29,20:55:00,6.886,6.886,6.886,6.886,714,0
2015-01-29,21:00:00,6.9584,6.9584,6.9584,6.9584,1223,0
2015-01-29,21:15:00,6.8958,6.9743,6.8958,6.9154,2345,0
2015-01-29,21:20:00,6.9056,6.9743,6.9056,6.9154,2193,0
2015-01-29,21:25:00,6.9056,6.9743,6.9056,6.9154,1122,0
2015-01-29,21:30:00,6.9368,6.9368,6.9368,6.9368,408,0
2015-01-29,21:35:00,6.9252,6.9252,6.9252,6.9252,306,0
2015-01-29,21:45:00,6.9252,6.935,6.8958,6.8958,2210,0
2015-01-29,21:50:00,6.8958,7.2097,6.8958,7.1312,21273,0
2015-01-29,21:55:00,7.1312,7.1312,7.0135,7.0135,2155,0
2015-01-29,22:00:00,7.0331,7.0331,6.9252,7.0135,17176,0
2015-01-30,15:35:00,7.0,7.0,7.0,7.0,500,0
2015-01-30,15:50:00,7.1714,7.1714,7.1714,7.1714,1160,0
2015-01-30,16:00:00,7.02,7.02,7.02,7.02,800,0
2015-01-30,16:05:00,7.0913,7.2499,7.0913,7.2499,1390,0
2015-01-30,16:15:00,7.0401,7.0401,7.0401,7.0401,1000,0
2015-01-30,16:40:00,7.03,7.03,7.03,7.03,1300,0
2015-01-30,16:50:00,7.11,7.18,7.11,7.18,700,0
2015-01-30,17:00:00,7.127,7.145,7.127,7.145,874,0
2015-01-30,17:05:00,7.12,7.12,7.12,7.12,900,0
2015-01-30,17:10:00,7.12,7.16,7.12,7.13,2529,0
2015-01-30,17:15:00,7.13,7.37,7.12,7.12,6599,0
2015-01-30,17:20:00,7.12,7.12,7.12,7.12,600,0
2015-01-30,17:25:00,7.15,7.15,7.15,7.15,100,0
2015-01-30,17:30:00,7.26,7.37,7.15,7.16,8476,0
2015-01-30,17:40:00,7.25,7.3399,7.17,7.17,1800,0
2015-01-30,18:00:00,7.245,7.245,7.18,7.2275,600,0
2015-01-30,18:05:00,7.185,7.1995,7.13,7.13,2000,0
2015-01-30,18:10:00,7.27,7.27,7.17,7.17,400,0
2015-01-30,18:20:00,7.2,7.2,7.18,7.2,2000,0
2015-01-30,18:30:00,7.2848,7.2848,7.2584,7.2584,690,0
2015-01-30,18:40:00,7.2416,7.2416,7.2416,7.2416,161,0
2015-01-30,18:55:00,7.2416,7.2416,7.2416,7.2416,960,0
2015-01-30,19:00:00,7.215,7.22,7.215,7.22,400,0
2015-01-30,19:10:00,7.2542,7.2542,7.18,7.18,897,0
2015-01-30,19:35:00,7.2899,7.2899,7.15,7.18,2050,0
2015-01-30,19:40:00,7.1895,7.1895,7.12,7.12,2000,0
2015-01-30,19:45:00,7.12,7.12,7.12,7.12,400,0
2015-01-30,20:20:00,7.17,7.18,7.17,7.18,1680,0
2015-01-30,20:25:00,7.15,7.15,7.15,7.15,6000,0
2015-01-30,20:30:00,7.15,7.1675,7.13,7.1675,4100,0
2015-01-30,20:50:00,7.16,7.16,7.13,7.13,300,0
2015-01-30,20:55:00,7.13,7.13,7.13,7.13,200,0
2015-01-30,21:10:00,7.12,7.14,7.12,7.12,8200,0
2015-01-30,21:15:00,7.142,7.142,7.142,7.142,100,0
2015-01-30,21:20:00,7.12,7.12,7.12,7.12,100,0
2015-01-30,21:40:00,7.12,7.12,7.12,7.12,6000,0
2015-01-30,21:45:00,7.13,7.14,7.12,7.13,1480,0
2015-01-30,21:50:00,7.14,7.14,7.14,7.14,1200,0
2015-01-30,21:55:00,7.175,7.21,7.175,7.175,500,0
2015-01-30,22:00:00,7.185,7.185,7.13,7.14,3547,0
2015-02-02,15:50:00,7.2012,7.2012,7.2012,7.2012,200,0
2015-02-02,16:00:00,7.22,7.22,7.22,7.22,1000,0
2015-02-02,16:20:00,7.209,7.209,7.209,7.209,2000,0
2015-02-02,17:45:00,7.1547,7.1547,7.15,7.15,1215,0
2015-02-02,18:30:00,7.17,7.17,7.16,7.16,856,0
2015-02-02,20:30:00,7.172,7.2,7.17,7.2,3225,0
2015-02-02,20:35:00,7.18,7.19,7.1799,7.19,900,0
2015-02-02,20:55:00,7.16,7.16,7.16,7.16,300,0
2015-02-02,21:15:00,7.16,7.16,7.16,7.16,900,0
2015-02-02,21:20:00,7.16,7.16,7.16,7.16,200,0
2015-02-02,21:40:00,7.1746,7.1746,7.15,7.15,1300,0
2015-02-02,21:45:00,7.18,7.18,7.15,7.15,806,0
2015-02-02,21:50:00,7.15,7.15,7.12,7.13,3416,0
2015-02-02,21:55:00,7.16,7.16,7.16,7.16,200,0
2015-02-02,22:00:00,7.16,7.19,7.16,7.17,800,0
2015-02-03,15:45:00,7.28,7.3,7.28,7.3,1800,0
2015-02-03,15:50:00,7.28,7.28,7.2,7.2,10806,0
2015-02-03,16:15:00,7.25,7.2899,7.25,7.2899,3700,0
2015-02-03,16:25:00,7.2899,7.2899,7.2899,7.2899,198,0
2015-02-03,16:30:00,7.25,7.25,7.25,7.25,200,0
2015-02-03,16:35:00,7.25,7.25,7.25,7.25,200,0
2015-02-03,16:40:00,7.2001,7.2001,7.2001,7.2001,1000,0
2015-02-03,16:45:00,7.25,7.25,7.25,7.25,400,0
2015-02-03,16:50:00,7.25,7.25,7.25,7.25,1297,0
2015-02-03,16:55:00,7.267,7.267,7.267,7.267,600,0
2015-02-03,17:00:00,7.22,7.22,7.22,7.22,200,0
2015-02-03,17:25:00,7.2558,7.2558,7.2558,7.2558,200,0
2015-02-03,17:55:00,7.289,7.289,7.289,7.289,200,0
2015-02-03,18:05:00,7.2401,7.2401,7.2401,7.2401,1800,0
2015-02-03,18:15:00,7.2899,7.2899,7.26,7.26,1100,0
2015-02-03,18:20:00,7.23,7.23,7.13,7.13,2000,0
2015-02-03,18:25:00,7.25,7.25,7.25,7.25,600,0
2015-02-03,18:40:00,7.27,7.27,7.27,7.27,100,0
2015-02-03,18:45:00,7.27,7.27,7.27,7.27,100,0
2015-02-03,18:50:00,7.28,7.28,7.28,7.28,400,0
2015-02-03,19:00:00,7.24,7.24,7.24,7.24,100,0
2015-02-03,19:15:00,7.24,7.24,7.24,7.24,400,0
2015-02-03,19:20:00,7.24,7.24,7.21,7.21,400,0
2015-02-03,20:20:00,7.205,7.205,7.2,7.2,200,0
2015-02-03,20:25:00,7.2004,7.24,7.2004,7.205,6564,0
2015-02-03,20:30:00,7.24,7.25,7.23,7.24,3200,0
2015-02-03,20:35:00,7.24,7.27,7.24,7.27,10900,0
2015-02-03,20:40:00,7.26,7.26,7.2,7.2,2234,0
2015-02-03,20:45:00,7.2,7.2,7.2,7.2,300,0
2015-02-03,20:50:00,7.2,7.24,7.2,7.24,10870,0
2015-02-03,20:55:00,7.24,7.24,7.2,7.24,1697,0
2015-02-03,21:05:00,7.2118,7.2118,7.2118,7.2118,2000,0
2015-02-03,21:10:00,7.21,7.21,7.11,7.13,1900,0
2015-02-03,21:20:00,7.203,7.203,7.16,7.16,700,0
2015-02-03,21:25:00,7.12,7.12,7.12,7.12,100,0
2015-02-03,21:55:00,7.1401,7.1401,7.13,7.13,1718,0
2015-02-03,22:00:00,7.13,7.19,7.13,7.19,1700,0
2015-02-04,16:05:00,7.25,7.25,7.25,7.25,200,0
2015-02-04,16:20:00,7.1977,7.21,7.1977,7.21,400,0
2015-02-04,16:30:00,7.24,7.24,7.24,7.24,100,0
2015-02-04,16:40:00,7.2025,7.23,7.2,7.2,1900,0
2015-02-04,16:45:00,7.22,7.23,7.21,7.21,1100,0
2015-02-04,16:50:00,7.1992,7.1992,7.1992,7.1992,200,0
2015-02-04,16:55:00,7.2,7.2,7.19,7.19,300,0
2015-02-04,17:00:00,7.2,7.2,7.2,7.2,400,0
2015-02-04,17:35:00,7.17,7.17,7.16,7.16,300,0
2015-02-04,17:45:00,7.1848,7.2,7.1635,7.2,1900,0
2015-02-04,18:15:00,7.173,7.173,7.173,7.173,200,0
2015-02-04,18:20:00,7.18,7.18,7.18,7.18,600,0
2015-02-04,18:30:00,7.18,7.2,7.18,7.2,1550,0
2015-02-04,18:35:00,7.19,7.19,7.19,7.19,100,0
2015-02-04,18:40:00,7.205,7.23,7.2,7.21,4700,0
2015-02-04,18:45:00,7.19,7.19,7.19,7.19,800,0
2015-02-04,18:55:00,7.18,7.2123,7.18,7.19,500,0
2015-02-04,19:00:00,7.17,7.17,7.17,7.17,100,0
2015-02-04,19:05:00,7.17,7.17,7.17,7.17,200,0
2015-02-04,19:30:00,7.2,7.2,7.19,7.2,2900,0
2015-02-04,19:35:00,7.2,7.2,7.2,7.2,100,0
2015-02-04,19:45:00,7.2,7.2,7.2,7.2,300,0
2015-02-04,19:50:00,7.2,7.2,7.2,7.2,300,0
2015-02-04,19:55:00,7.2,7.2,7.2,7.2,900,0
2015-02-04,20:10:00,7.2,7.2,7.2,7.2,100,0
2015-02-04,20:15:00,7.2,7.2,7.2,7.2,200,0
2015-02-04,20:20:00,7.2,7.2,7.2,7.2,100,0
2015-02-04,20:35:00,7.22,7.28,7.2,7.26,7969,0
2015-02-04,20:40:00,7.21,7.25,7.16,7.25,10100,0
2015-02-04,20:45:00,7.25,7.25,7.2,7.2,1200,0
2015-02-04,20:50:00,7.2,7.2,7.16,7.1899,2000,0
2015-02-04,20:55:00,7.19,7.23,7.19,7.23,6260,0
2015-02-04,21:00:00,7.16,7.16,7.16,7.16,100,0
2015-02-04,21:05:00,7.16,7.16,7.16,7.16,100,0
2015-02-04,21:10:00,7.16,7.16,7.16,7.16,200,0
2015-02-04,21:15:00,7.15,7.15,7.15,7.15,100,0
2015-02-04,21:20:00,7.1748,7.1748,7.16,7.1748,1600,0
2015-02-04,21:25:00,7.1501,7.1501,7.15,7.15,733,0
2015-02-04,21:30:00,7.15,7.16,7.15,7.16,276,0
2015-02-04,21:35:00,7.19,7.19,7.16,7.16,200,0
2015-02-04,21:40:00,7.15,7.15,7.15,7.15,100,0
2015-02-04,21:45:00,7.15,7.15,7.15,7.15,300,0
2015-02-04,21:50:00,7.15,7.155,7.13,7.14,2100,0
2015-02-04,21:55:00,7.13,7.1399,7.11,7.12,1100,0
2015-02-04,22:00:00,7.11,7.14,7.11,7.13,1721,0
2015-02-05,15:40:00,7.212,7.212,7.212,7.212,520,0
2015-02-05,15:45:00,7.23,7.23,7.23,7.23,750,0
2015-02-05,16:00:00,7.24,7.24,7.202,7.202,1100,0
2015-02-05,16:20:00,7.1901,7.23,7.1901,7.21,2980,0
2015-02-05,16:25:00,7.204,7.204,7.204,7.204,100,0
2015-02-05,16:40:00,7.2299,7.2299,7.19,7.22,1300,0
2015-02-05,17:00:00,7.212,7.23,7.212,7.23,363,0
2015-02-05,17:15:00,7.2,7.23,7.18,7.204,1063,0
2015-02-05,18:05:00,7.18,7.18,7.18,7.18,200,0
2015-02-05,18:20:00,7.19,7.19,7.19,7.19,700,0
2015-02-05,18:30:00,7.19,7.19,7.19,7.19,200,0
2015-02-05,18:35:00,7.1937,7.1937,7.19,7.19,600,0
2015-02-05,19:30:00,7.14,7.22,7.1301,7.22,1000,0
2015-02-05,19:45:00,7.22,7.22,7.22,7.22,282,0
2015-02-05,19:50:00,7.15,7.16,7.15,7.16,600,0
2015-02-05,19:55:00,7.2299,7.2299,7.2299,7.2299,300,0
2015-02-05,20:00:00,7.202,7.202,7.202,7.202,600,0
2015-02-05,20:05:00,7.2104,7.2104,7.2104,7.2104,850,0
2015-02-05,20:15:00,7.17,7.19,7.17,7.19,1200,0
2015-02-05,20:20:00,7.17,7.1999,7.17,7.19,400,0
2015-02-05,20:25:00,7.17,7.17,7.17,7.17,100,0
2015-02-05,20:30:00,7.2,7.2,7.19,7.19,200,0
2015-02-05,20:35:00,7.18,7.18,7.17,7.18,1100,0
2015-02-05,20:50:00,7.2,7.2,7.18,7.18,4400,0
2015-02-05,20:55:00,7.18,7.18,7.13,7.13,1438,0
2015-02-05,21:00:00,7.18,7.24,7.17,7.24,1800,0
2015-02-05,21:05:00,7.24,7.24,7.19,7.23,2200,0
2015-02-05,21:10:00,7.218,7.23,7.19,7.19,950,0
2015-02-05,21:15:00,7.23,7.23,7.19,7.23,800,0
2015-02-05,21:20:00,7.2085,7.24,7.19,7.205,5780,0
2015-02-05,21:25:00,7.23,7.23,7.11,7.14,6900,0
2015-02-05,21:35:00,7.17,7.18,7.15,7.18,2380,0
2015-02-05,21:40:00,7.18,7.18,7.18,7.18,100,0
2015-02-05,21:50:00,7.16,7.16,7.15,7.15,1600,0
2015-02-05,22:00:00,7.17,7.2,7.17,7.2,670,0
2015-02-06,15:35:00,7.21,7.24,7.21,7.24,2243,0
2015-02-06,15:45:00,7.21,7.21,7.21,7.21,139,0
2015-02-06,15:50:00,7.18,7.18,7.18,7.18,600,0
2015-02-06,16:10:00,7.1801,7.1801,7.1801,7.1801,100,0
2015-02-06,16:15:00,7.2,7.2,7.2,7.2,400,0
2015-02-06,16:25:00,7.19,7.19,7.19,7.19,1940,0
2015-02-06,17:00:00,7.2209,7.2209,7.21,7.21,1860,0
2015-02-06,17:05:00,7.215,7.24,7.19,7.2265,2654,0
2015-02-06,17:10:00,7.19,7.19,7.19,7.19,1000,0
2015-02-06,18:20:00,7.175,7.175,7.15,7.15,1950,0
2015-02-06,18:40:00,7.12,7.12,7.1,7.1,4900,0
2015-02-06,19:00:00,7.0845,7.0845,7.0845,7.0845,4500,0
2015-02-06,19:05:00,7.1,7.1,7.08,7.1,17824,0
2015-02-06,19:15:00,7.1,7.1,7.08,7.082,1500,0
2015-02-06,19:35:00,7.08,7.08,7.04,7.04,1000,0
2015-02-06,19:45:00,7.08,7.08,7.08,7.08,100,0
2015-02-06,19:50:00,7.08,7.08,7.02,7.02,900,0
2015-02-06,19:55:00,7.03,7.05,7.03,7.05,200,0
2015-02-06,20:00:00,7.02,7.02,6.9001,7.0,6240,0
2015-02-06,20:10:00,7.0,7.05,6.99,6.99,2700,0
2015-02-06,20:15:00,7.0,7.0,7.0,7.0,100,0
2015-02-06,20:20:00,7.0399,7.0399,6.99,6.99,400,0
2015-02-06,20:25:00,7.0,7.0,6.99,6.99,600,0
2015-02-06,20:30:00,7.0,7.0,7.0,7.0,400,0
2015-02-06,20:35:00,7.0939,7.0939,7.075,7.075,2000,0
2015-02-06,20:45:00,7.05,7.05,6.99,6.99,700,0
2015-02-06,21:05:00,7.01,7.064,7.01,7.01,700,0
2015-02-06,21:20:00,7.02,7.02,6.97,6.99,500,0
2015-02-06,21:25:00,7.0,7.0,6.95,6.97,700,0
2015-02-06,21:30:00,6.98,6.98,6.94,6.95,800,0
2015-02-06,21:40:00,6.99,7.0,6.95,6.95,400,0
2015-02-06,21:45:00,6.98,6.98,6.95,6.95,300,0
2015-02-06,21:50:00,6.95,6.95,6.95,6.95,908,0
2015-02-06,21:55:00,6.94,6.94,6.89,6.89,3000,0
2015-02-06,22:00:00,6.88,6.97,6.8,6.97,6000,0
2015-02-09,15:35:00,6.97,7.0,6.97,7.0,4403,0
2015-02-09,15:45:00,6.99,6.99,6.99,6.99,100,0
2015-02-09,15:50:00,7.0,7.0,6.99,6.99,200,0
2015-02-09,15:55:00,6.99,6.99,6.99,6.99,100,0
2015-02-09,16:00:00,6.99,6.99,6.99,6.99,100,0
2015-02-09,16:05:00,6.99,7.02,6.99,7.02,1100,0
2015-02-09,16:20:00,7.0,7.0,7.0,7.0,100,0
2015-02-09,16:25:00,7.0,7.0,7.0,7.0,100,0
2015-02-09,16:30:00,7.03,7.03,7.03,7.03,100,0
2015-02-09,16:35:00,7.02,7.02,7.01,7.02,300,0
2015-02-09,16:45:00,7.01,7.01,7.01,7.01,100,0
2015-02-09,16:50:00,7.02,7.0428,7.02,7.0428,600,0
2015-02-09,17:00:00,7.01,7.01,7.01,7.01,100,0
2015-02-09,17:05:00,7.0,7.0,7.0,7.0,100,0
2015-02-09,17:10:00,7.01,7.01,7.01,7.01,100,0
2015-02-09,17:20:00,7.01,7.01,7.01,7.01,100,0
2015-02-09,17:25:00,7.0,7.05,7.0,7.05,4200,0
2015-02-09,17:30:00,7.1,7.1,7.097,7.1,600,0
2015-02-09,17:45:00,7.07,7.07,7.06,7.06,800,0
2015-02-09,17:50:00,7.06,7.06,6.97,6.97,1330,0
2015-02-09,18:00:00,6.98,6.98,6.98,6.98,200,0
2015-02-09,18:05:00,6.98,6.98,6.98,6.98,100,0
2015-02-09,18:10:00,6.98,7.06,6.98,7.06,6800,0
2015-02-09,18:20:00,7.08,7.08,7.06,7.06,400,0
2015-02-09,18:25:00,7.05,7.06,7.04,7.06,900,0
2015-02-09,18:30:00,6.97,7.04,6.97,6.98,700,0
2015-02-09,18:35:00,6.98,6.98,6.98,6.98,100,0
2015-02-09,18:40:00,6.98,6.98,6.98,6.98,100,0
2015-02-09,18:50:00,6.98,6.98,6.98,6.98,100,0
2015-02-09,19:00:00,6.98,6.98,6.98,6.98,100,0
2015-02-09,19:10:00,7.0,7.0,6.98,6.98,200,0
2015-02-09,19:20:00,6.99,6.99,6.99,6.99,100,0
2015-02-09,19:35:00,6.99,6.99,6.99,6.99,200,0
2015-02-09,19:40:00,7.0,7.0,7.0,7.0,100,0
2015-02-09,19:55:00,7.05,7.11,7.05,7.11,3310,0
2015-02-09,20:00:00,7.11,7.11,7.11,7.11,100,0
2015-02-09,20:10:00,7.145,7.145,7.1,7.11,1000,0
2015-02-09,20:15:00,7.1,7.1999,7.1,7.11,19000,0
2015-02-09,20:20:00,7.13,7.14,7.13,7.13,398,0
2015-02-09,20:25:00,7.14,7.1592,7.13,7.13,1200,0
2015-02-09,20:30:00,7.12,7.12,7.12,7.12,6000,0
2015-02-09,20:35:00,7.14,7.14,7.13,7.13,200,0
2015-02-09,20:40:00,7.13,7.13,7.13,7.13,100,0
2015-02-09,20:45:00,7.13,7.13,7.12,7.12,200,0
2015-02-09,20:50:00,7.12,7.17,7.12,7.13,600,0
2015-02-09,21:05:00,7.1,7.1,7.1,7.1,100,0
2015-02-09,21:10:00,7.1,7.1,7.1,7.1,100,0
2015-02-09,21:15:00,7.1,7.12,7.1,7.12,300,0
2015-02-09,21:20:00,7.1,7.1,7.1,7.1,100,0
2015-02-09,21:25:00,7.12,7.24,7.12,7.13,8765,0
2015-02-09,21:30:00,7.165,7.175,7.14,7.17,800,0
2015-02-09,21:35:00,7.13,7.155,7.13,7.145,300,0
2015-02-09,21:40:00,7.17,7.17,7.11,7.12,300,0
2015-02-09,21:45:00,7.11,7.11,7.11,7.11,200,0
2015-02-09,21:50:00,7.2,7.2,7.11,7.11,700,0
2015-02-09,21:55:00,7.11,7.16,7.11,7.16,300,0
2015-02-09,22:00:00,7.13,7.15,7.1,7.13,1300,0
2015-02-10,15:40:00,7.21,7.21,7.21,7.21,800,0
2015-02-10,16:05:00,7.1,7.17,7.1,7.17,1800,0
2015-02-10,16:40:00,7.17,7.17,7.17,7.17,1000,0
2015-02-10,17:25:00,7.16,7.16,7.16,7.16,100,0
2015-02-10,17:50:00,7.16,7.16,7.16,7.16,100,0
2015-02-10,18:05:00,7.16,7.16,7.16,7.16,100,0
2015-02-10,18:25:00,7.16,7.18,7.16,7.18,300,0
2015-02-10,18:40:00,7.16,7.16,7.16,7.16,100,0
2015-02-10,18:45:00,7.17,7.2,7.127,7.181,5000,0
2015-02-10,18:50:00,7.23,7.23,7.23,7.23,200,0
2015-02-10,18:55:00,7.21,7.21,7.19,7.19,400,0
2015-02-10,19:00:00,7.13,7.13,7.13,7.13,200,0
2015-02-10,19:10:00,7.18,7.18,7.18,7.18,200,0
2015-02-10,19:20:00,7.2,7.2,7.2,7.2,100,0
2015-02-10,19:35:00,7.1301,7.18,7.1301,7.18,2542,0
2015-02-10,19:40:00,7.24,7.24,7.24,7.24,100,0
2015-02-10,19:45:00,7.18,7.18,7.18,7.18,200,0
2015-02-10,19:50:00,7.2,7.2,7.2,7.2,100,0
2015-02-10,19:55:00,7.19,7.19,7.19,7.19,400,0
2015-02-10,20:15:00,7.15,7.15,7.1,7.11,3000,0
2015-02-10,20:50:00,7.16,7.16,7.16,7.16,888,0
2015-02-10,20:55:00,7.16,7.1799,7.16,7.1799,800,0
2015-02-10,21:00:00,7.16,7.16,7.16,7.16,800,0
2015-02-10,21:10:00,7.1781,7.1781,7.1781,7.1781,224,0
2015-02-10,21:55:00,7.16,7.1702,7.16,7.16,1000,0
2015-02-10,22:00:00,7.16,7.1831,7.12,7.16,2200,0
2015-02-11,15:35:00,7.25,7.25,7.25,7.25,2446,0
2015-02-11,15:40:00,7.25,7.26,7.25,7.26,1200,0
2015-02-11,15:45:00,7.26,7.26,7.26,7.26,100,0
2015-02-11,15:50:00,7.26,7.26,7.26,7.26,200,0
2015-02-11,15:55:00,7.27,7.32,7.25,7.25,2554,0
2015-02-11,16:15:00,7.16,7.16,7.16,7.16,200,0
2015-02-11,16:25:00,7.12,7.13,7.12,7.12,500,0
2015-02-11,16:30:00,7.11,7.12,7.11,7.12,300,0
2015-02-11,16:35:00,7.12,7.14,7.12,7.14,500,0
2015-02-11,16:45:00,7.11,7.11,7.11,7.11,300,0
2015-02-11,16:50:00,7.12,7.12,7.12,7.12,100,0
2015-02-11,17:00:00,7.1599,7.28,7.15,7.28,3900,0
2015-02-11,17:20:00,7.19,7.29,7.19,7.2,1408,0
2015-02-11,17:30:00,7.2,7.27,7.2,7.22,1800,0
2015-02-11,17:35:00,7.22,7.22,7.16,7.16,800,0
2015-02-11,17:40:00,7.1889,7.1889,7.1889,7.1889,700,0
2015-02-11,17:50:00,7.22,7.22,7.22,7.22,200,0
2015-02-11,18:05:00,7.25,7.25,7.25,7.25,100,0
2015-02-11,18:10:00,7.18,7.18,7.18,7.18,100,0
2015-02-11,18:20:00,7.1701,7.1701,7.1701,7.1701,100,0
2015-02-11,18:25:00,7.17,7.17,7.1495,7.15,1700,0
2015-02-11,18:45:00,7.16,7.16,7.16,7.16,1920,0
2015-02-11,18:50:00,7.25,7.25,7.25,7.25,400,0
2015-02-11,19:10:00,7.195,7.195,7.19,7.19,200,0
2015-02-11,19:15:00,7.19,7.19,7.19,7.19,200,0
2015-02-11,19:20:00,7.19,7.21,7.12,7.21,7350,0
2015-02-11,19:25:00,7.24,7.25,7.19,7.23,1600,0
2015-02-11,19:35:00,7.1301,7.23,7.1301,7.23,8510,0
2015-02-11,19:45:00,7.21,7.23,7.2,7.23,500,0
2015-02-11,19:55:00,7.23,7.23,7.16,7.16,600,0
2015-02-11,20:05:00,7.18,7.18,7.18,7.18,100,0
2015-02-11,20:10:00,7.18,7.24,7.18,7.2,1400,0
2015-02-11,20:15:00,7.2,7.2,7.19,7.19,1172,0
2015-02-11,20:20:00,7.1689,7.2,7.16,7.16,800,0
2015-02-11,20:25:00,7.13,7.13,7.13,7.13,100,0
2015-02-11,20:35:00,7.13,7.13,7.13,7.13,100,0
2015-02-11,20:40:00,7.13,7.19,7.1,7.17,6500,0
2015-02-11,20:50:00,7.17,7.17,7.16,7.16,700,0
2015-02-11,20:55:00,7.16,7.16,7.16,7.16,100,0
2015-02-11,21:00:00,7.16,7.16,7.16,7.16,100,0
2015-02-11,21:05:00,7.18,7.2,7.18,7.2,552,0
2015-02-11,21:15:00,7.17,7.18,7.16,7.18,1100,0
2015-02-11,21:20:00,7.2,7.2,7.16,7.16,700,0
2015-02-11,21:25:00,7.2,7.2,7.2,7.2,100,0
2015-02-11,21:30:00,7.16,7.16,7.16,7.16,500,0
2015-02-11,21:35:00,7.16,7.16,7.16,7.16,100,0
2015-02-11,21:40:00,7.16,7.16,7.16,7.16,100,0
2015-02-11,21:45:00,7.13,7.13,7.13,7.13,200,0
2015-02-11,21:55:00,7.1799,7.1799,7.1799,7.1799,3360,0
2015-02-11,22:00:00,7.19,7.2,7.11,7.19,3328,0
2015-02-12,15:35:00,7.15,7.2612,7.15,7.2612,20600,0
2015-02-12,15:40:00,7.2,7.2,7.2,7.2,300,0
2015-02-12,15:45:00,7.2099,7.2099,7.2099,7.2099,2100,0
2015-02-12,15:50:00,7.21,7.225,7.21,7.225,900,0
2015-02-12,16:00:00,7.2,7.2,7.2,7.2,100,0
2015-02-12,16:25:00,7.2,7.2,7.2,7.2,200,0
2015-02-12,16:35:00,7.2,7.2,7.18,7.18,1000,0
2015-02-12,16:50:00,7.18,7.18,7.18,7.18,800,0
2015-02-12,17:15:00,7.18,7.18,7.18,7.18,1100,0
2015-02-12,17:35:00,7.133,7.133,7.133,7.133,248,0
2015-02-12,17:45:00,7.165,7.165,7.165,7.165,600,0
2015-02-12,17:50:00,7.14,7.15,7.14,7.15,400,0
2015-02-12,18:40:00,7.15,7.15,7.12,7.12,3600,0
2015-02-12,18:50:00,7.1099,7.13,7.1099,7.1271,5145,0
2015-02-12,19:00:00,7.12,7.12,7.11,7.11,300,0
2015-02-12,20:20:00,7.13,7.13,7.13,7.13,400,0
2015-02-12,20:55:00,7.155,7.155,7.155,7.155,200,0
2015-02-12,21:00:00,7.155,7.155,7.155,7.155,100,0
2015-02-12,21:15:00,7.169,7.17,7.16,7.161,1100,0
2015-02-12,21:20:00,7.16,7.16,7.16,7.16,100,0
2015-02-12,21:25:00,7.16,7.16,7.15,7.15,600,0
2015-02-12,21:40:00,7.155,7.155,7.15,7.15,1900,0
2015-02-12,22:00:00,7.14,7.24,7.14,7.2,15597,0
2015-02-13,15:35:00,7.25,7.25,7.25,7.25,249,0
2015-02-13,15:40:00,7.25,7.25,7.25,7.25,2300,0
2015-02-13,16:00:00,7.22,7.22,7.22,7.22,400,0
2015-02-13,16:15:00,7.22,7.22,7.22,7.22,1100,0
2015-02-13,16:20:00,7.229,7.229,7.229,7.229,359,0
2015-02-13,16:25:00,7.18,7.18,7.18,7.18,200,0
2015-02-13,17:20:00,7.22,7.25,7.2,7.2,7150,0
2015-02-13,17:25:00,7.2,7.2,7.2,7.2,15200,0
2015-02-13,17:30:00,7.2,7.23,7.2,7.23,13300,0
2015-02-13,17:35:00,7.23,7.23,7.205,7.23,1700,0
2015-02-13,17:40:00,7.29,7.3,7.22,7.22,6945,0
2015-02-13,17:45:00,7.23,7.29,7.21,7.21,6100,0
2015-02-13,17:50:00,7.22,7.22,7.21,7.21,200,0
2015-02-13,18:00:00,7.22,7.23,7.21,7.21,700,0
2015-02-13,18:05:00,7.21,7.21,7.21,7.21,200,0
2015-02-13,18:20:00,7.22,7.22,7.21,7.21,300,0
2015-02-13,18:45:00,7.2001,7.2001,7.2001,7.2001,1400,0
2015-02-13,18:55:00,7.256,7.256,7.256,7.256,3000,0
2015-02-13,19:05:00,7.2,7.2,7.15,7.15,900,0
2015-02-13,19:40:00,7.18,7.18,7.18,7.18,100,0
2015-02-13,19:55:00,7.24,7.24,7.2,7.2,1300,0
2015-02-13,20:15:00,7.21,7.21,7.2,7.2,800,0
2015-02-13,20:20:00,7.21,7.21,7.2,7.2,200,0
2015-02-13,20:25:00,7.21,7.21,7.2,7.2,400,0
2015-02-13,20:50:00,7.2,7.2,7.2,7.2,300,0
2015-02-13,21:00:00,7.2,7.2,7.2,7.2,4400,0
2015-02-13,21:05:00,7.22,7.26,7.2,7.26,16600,0
2015-02-13,21:20:00,7.18,7.18,7.18,7.18,200,0
2015-02-13,21:45:00,7.244,7.244,7.244,7.244,414,0
2015-02-13,21:50:00,7.19,7.2,7.19,7.2,3000,0
2015-02-13,21:55:00,7.2,7.2,7.2,7.2,700,0
2015-02-13,22:00:00,7.2,7.2,7.19,7.19,1900,0
2015-02-17,15:35:00,7.18,7.18,7.18,7.18,4000,0
2015-02-17,15:45:00,7.23,7.28,7.18,7.28,7598,0
2015-02-17,15:50:00,7.2,7.2,7.2,7.2,600,0
2015-02-17,15:55:00,7.25,7.25,7.2175,7.2175,2990,0
2015-02-17,16:00:00,7.2363,7.2363,7.2363,7.2363,200,0
2015-02-17,16:05:00,7.2,7.235,7.2,7.226,17900,0
2015-02-17,17:15:00,7.1901,7.1901,7.1901,7.1901,500,0
2015-02-17,17:30:00,7.2,7.2899,7.2,7.2899,1650,0
2015-02-17,17:35:00,7.25,7.25,7.23,7.23,500,0
2015-02-17,17:40:00,7.2,7.2,7.2,7.2,1094,0
2015-02-17,17:50:00,7.2174,7.2174,7.2174,7.2174,600,0
2015-02-17,18:05:00,7.19,7.29,7.15,7.29,6260,0
2015-02-17,18:20:00,7.2,7.2,7.2,7.2,3200,0
2015-02-17,18:25:00,7.2,7.2,7.2,7.2,200,0
2015-02-17,18:30:00,7.2,7.2,7.2,7.2,100,0
2015-02-17,18:35:00,7.2,7.2,7.2,7.2,100,0
2015-02-17,18:40:00,7.2,7.2499,7.2,7.2499,375,0
2015-02-17,18:45:00,7.2,7.2,7.2,7.2,200,0
2015-02-17,18:55:00,7.2,7.2,7.2,7.2,300,0
2015-02-17,19:05:00,7.2,7.2,7.2,7.2,200,0
2015-02-17,19:15:00,7.2,7.2,7.2,7.2,200,0
2015-02-17,19:25:00,7.2,7.2,7.2,7.2,200,0
2015-02-17,19:30:00,7.2,7.2,7.2,7.2,100,0
2015-02-17,19:35:00,7.2,7.2,7.2,7.2,100,0
2015-02-17,19:40:00,7.2,7.2,7.2,7.2,100,0
2015-02-17,19:45:00,7.2,7.2,7.2,7.2,1500,0
2015-02-17,20:40:00,7.19,7.19,7.19,7.19,300,0
2015-02-17,20:45:00,7.2592,7.2592,7.2592,7.2592,200,0
2015-02-17,20:55:00,7.2,7.2,7.2,7.2,200,0
2015-02-17,21:00:00,7.2,7.2,7.2,7.2,600,0
2015-02-17,21:10:00,7.22,7.25,7.22,7.25,1400,0
2015-02-17,21:20:00,7.25,7.274,7.18,7.261,8650,0
2015-02-17,21:25:00,7.235,7.279,7.235,7.271,1326,0
2015-02-17,21:30:00,7.21,7.2599,7.21,7.2599,3200,0
2015-02-17,21:35:00,7.26,7.26,7.224,7.224,990,0
2015-02-17,21:40:00,7.26,7.26,7.26,7.26,600,0
2015-02-17,21:45:00,7.23,7.23,7.23,7.23,700,0
2015-02-17,21:55:00,7.2008,7.2008,7.2008,7.2008,3850,0
2015-02-17,22:00:00,7.23,7.23,7.23,7.23,1300,0
2015-02-18,15:35:00,7.23,7.24,7.23,7.24,212,0
2015-02-18,15:40:00,7.24,7.24,7.24,7.24,3900,0
2015-02-18,15:45:00,7.24,7.24,7.24,7.24,1300,0
2015-02-18,15:50:00,7.24,7.24,7.24,7.24,3000,0
2015-02-18,15:55:00,7.2837,7.2837,7.2837,7.2837,2000,0
2015-02-18,16:00:00,7.25,7.25,7.25,7.25,100,0
2015-02-18,16:10:00,7.25,7.28,7.24,7.24,1700,0
2015-02-18,16:30:00,7.27,7.29,7.2672,7.2672,2500,0
2015-02-18,16:35:00,7.265,7.3,7.265,7.3,3546,0
2015-02-18,16:40:00,7.3,7.38,7.29,7.3,6601,0
2015-02-18,17:10:00,7.302,7.302,7.3,7.3,1400,0
2015-02-18,17:25:00,7.3412,7.3412,7.3412,7.3412,200,0
2015-02-18,17:30:00,7.335,7.34,7.3,7.3,400,0
2015-02-18,17:35:00,7.3,7.31,7.3,7.31,200,0
2015-02-18,18:20:00,7.31,7.31,7.31,7.31,400,0
2015-02-18,18:35:00,7.3499,7.3499,7.31,7.31,441,0
2015-02-18,19:30:00,7.31,7.31,7.31,7.31,1500,0
2015-02-18,19:45:00,7.3,7.3,7.3,7.3,100,0
2015-02-18,19:50:00,7.3001,7.31,7.29,7.2901,8654,0
2015-02-18,19:55:00,7.29,7.29,7.29,7.29,200,0
2015-02-18,20:00:00,7.29,7.3,7.29,7.3,1000,0
2015-02-18,20:10:00,7.29,7.29,7.29,7.29,9647,0
2015-02-18,20:15:00,7.299,7.359,7.295,7.3,10400,0
2015-02-18,20:20:00,7.3,7.45,7.3,7.401,11711,0
2015-02-18,20:30:00,7.34,7.34,7.34,7.34,100,0
2015-02-18,20:35:00,7.33,7.34,7.33,7.33,1300,0
2015-02-18,20:40:00,7.33,7.33,7.33,7.33,100,0
2015-02-18,20:45:00,7.3,7.3,7.3,7.3,100,0
2015-02-18,20:50:00,7.3,7.3,7.3,7.3,500,0
2015-02-18,20:55:00,7.29,7.29,7.29,7.29,100,0
2015-02-18,21:00:00,7.29,7.3799,7.29,7.3,1400,0
2015-02-18,21:05:00,7.3,7.3,7.3,7.3,100,0
2015-02-18,21:10:00,7.3,7.3,7.3,7.3,1800,0
2015-02-18,21:15:00,7.3,7.3,7.3,7.3,300,0
2015-02-18,21:20:00,7.3,7.3,7.3,7.3,100,0
2015-02-18,21:25:00,7.3,7.3,7.29,7.29,2150,0
2015-02-18,21:30:00,7.3,7.3,7.29,7.29,200,0
2015-02-18,21:35:00,7.29,7.29,7.29,7.29,100,0
2015-02-18,21:40:00,7.29,7.29,7.29,7.29,500,0
2015-02-18,21:45:00,7.29,7.29,7.28,7.28,400,0
2015-02-18,21:50:00,7.28,7.32,7.28,7.32,600,0
2015-02-18,21:55:00,7.35,7.46,7.295,7.42,6735,0
2015-02-18,22:00:00,7.39,7.39,7.28,7.29,1700,0
2015-02-19,15:35:00,7.4,7.4,7.4,7.4,2650,0
2015-02-19,16:10:00,7.36,7.37,7.35,7.35,1100,0
2015-02-19,16:15:00,7.35,7.36,7.35,7.35,600,0
2015-02-19,16:20:00,7.32,7.32,7.25,7.25,2800,0
2015-02-19,16:35:00,7.2501,7.35,7.2501,7.263,1200,0
2015-02-19,16:45:00,7.3599,7.3599,7.3599,7.3599,2000,0
2015-02-19,18:10:00,7.31,7.31,7.31,7.31,200,0
2015-02-19,18:15:00,7.27,7.27,7.26,7.26,880,0
2015-02-19,18:30:00,7.25,7.25,7.25,7.25,1201,0
2015-02-19,19:00:00,7.25,7.25,7.24,7.24,2253,0
2015-02-19,19:25:00,7.245,7.25,7.23,7.23,1900,0
2015-02-19,19:30:00,7.247,7.326,7.247,7.303,1500,0
2015-02-19,19:50:00,7.2933,7.32,7.2933,7.32,1500,0
2015-02-19,20:30:00,7.32,7.33,7.2978,7.323,1000,0
2015-02-19,20:35:00,7.34,7.35,7.2621,7.2621,4066,0
2015-02-19,21:20:00,7.3,7.325,7.2935,7.315,2400,0
2015-02-19,21:30:00,7.3,7.3,7.3,7.3,300,0
2015-02-19,21:35:00,7.3,7.349,7.3,7.32,1200,0
2015-02-19,21:40:00,7.3,7.32,7.3,7.32,900,0
2015-02-19,21:45:00,7.3,7.3,7.3,7.3,100,0
2015-02-19,21:55:00,7.32,7.32,7.305,7.31,1300,0
2015-02-19,22:00:00,7.28,7.31,7.28,7.31,800,0
2015-02-20,15:40:00,7.3,7.3,7.3,7.3,5000,0
2015-02-20,15:55:00,7.3405,7.3405,7.3405,7.3405,828,0
2015-02-20,16:05:00,7.35,7.36,7.3,7.3,900,0
2015-02-20,16:10:00,7.3,7.3,7.27,7.27,400,0
2015-02-20,16:15:00,7.2657,7.2657,7.24,7.24,500,0
2015-02-20,16:20:00,7.29,7.35,7.255,7.35,4900,0
2015-02-20,16:25:00,7.25,7.305,7.25,7.27,500,0
2015-02-20,16:30:00,7.25,7.25,7.25,7.25,100,0
2015-02-20,16:55:00,7.28,7.28,7.27,7.2701,698,0
2015-02-20,17:00:00,7.27,7.27,7.27,7.27,300,0
2015-02-20,17:05:00,7.27,7.3,7.27,7.28,600,0
2015-02-20,17:10:00,7.28,7.29,7.28,7.29,400,0
2015-02-20,17:15:00,7.27,7.27,7.27,7.27,100,0
2015-02-20,17:20:00,7.27,7.27,7.27,7.27,200,0
2015-02-20,17:30:00,7.2628,7.2628,7.2628,7.2628,294,0
2015-02-20,17:40:00,7.21,7.21,7.2,7.2,300,0
2015-02-20,18:15:00,7.25,7.25,7.25,7.25,400,0
2015-02-20,18:25:00,7.21,7.21,7.21,7.21,100,0
2015-02-20,18:50:00,7.25,7.25,7.24,7.25,1000,0
2015-02-20,18:55:00,7.25,7.25,7.25,7.25,300,0
2015-02-20,19:10:00,7.24,7.25,7.24,7.25,400,0
2015-02-20,19:15:00,7.25,7.25,7.25,7.25,500,0
2015-02-20,19:35:00,7.21,7.21,7.2,7.2,2400,0
2015-02-20,20:10:00,7.19,7.2,7.19,7.2,2900,0
2015-02-20,20:35:00,7.2,7.2,7.1886,7.191,2200,0
2015-02-20,20:40:00,7.1958,7.1958,7.1958,7.1958,1000,0
2015-02-20,20:45:00,7.1701,7.1701,7.1701,7.1701,1500,0
2015-02-20,21:00:00,7.18,7.19,7.17,7.19,3700,0
2015-02-20,21:55:00,7.19,7.19,7.1601,7.19,854,0
2015-02-23,15:35:00,7.28,7.28,7.28,7.28,1518,0
2015-02-23,15:45:00,7.2501,7.28,7.2501,7.28,1300,0
2015-02-23,15:55:00,7.27,7.27,7.27,7.27,100,0
2015-02-23,16:00:00,7.2695,7.27,7.25,7.27,900,0
2015-02-23,16:15:00,7.25,7.32,7.25,7.265,2300,0
2015-02-23,16:20:00,7.265,7.265,7.265,7.265,800,0
2015-02-23,16:35:00,7.201,7.23,7.201,7.22,2190,0
2015-02-23,16:40:00,7.22,7.22,7.19,7.2,1500,0
2015-02-23,16:45:00,7.2,7.2,7.2,7.2,200,0
2015-02-23,17:05:00,7.2,7.2,7.2,7.2,400,0
2015-02-23,17:35:00,7.22,7.25,7.19,7.19,15700,0
2015-02-23,17:40:00,7.19,7.22,7.18,7.18,1300,0
2015-02-23,19:15:00,7.16,7.16,7.16,7.16,400,0
2015-02-23,19:25:00,7.16,7.18,7.16,7.18,1500,0
2015-02-23,19:45:00,7.18,7.18,7.18,7.18,300,0
2015-02-23,19:50:00,7.1829,7.1829,7.1829,7.1829,250,0
2015-02-23,19:55:00,7.1719,7.1719,7.1719,7.1719,500,0
2015-02-23,20:15:00,7.1754,7.1754,7.1754,7.1754,1000,0
2015-02-23,20:20:00,7.2,7.2,7.19,7.195,3600,0
2015-02-23,20:45:00,7.18,7.18,7.18,7.18,100,0
2015-02-23,20:50:00,7.19,7.22,7.19,7.22,2500,0
2015-02-23,20:55:00,7.21,7.22,7.19,7.19,2800,0
2015-02-23,21:00:00,7.19,7.19,7.19,7.19,200,0
2015-02-23,21:25:00,7.1738,7.1738,7.1738,7.1738,2200,0
2015-02-23,21:45:00,7.1878,7.1878,7.1878,7.1878,200,0
2015-02-23,21:50:00,7.1785,7.1785,7.1785,7.1785,400,0
2015-02-23,21:55:00,7.18,7.18,7.15,7.15,3942,0
2015-02-23,22:00:00,7.16,7.16,7.15,7.15,900,0
