Date,Time,Open,High,Low,Close,Volume,OpenInt
2014-07-31,21:55:00,11.962,11.962,11.962,11.962,103,0
2014-07-31,22:00:00,11.962,11.962,11.962,11.962,204,0
2014-08-01,15:40:00,12.011,12.011,12.011,12.011,1020,0
2014-08-01,17:00:00,11.973,11.973,11.972,11.972,511,0
2014-08-01,22:00:00,11.962,12.011,11.962,12.011,1072,0
2014-08-04,16:05:00,11.962,11.962,11.962,11.962,307,0
2014-08-05,15:35:00,11.775,11.775,11.775,11.775,2447,0
2014-08-05,16:05:00,12.001,12.001,12.001,12.001,109,0
2014-08-05,17:35:00,11.775,11.775,11.775,11.775,103,0
2014-08-05,18:30:00,11.982,12.001,11.982,11.991,1426,0
2014-08-05,21:30:00,11.775,11.775,11.775,11.775,307,0
2014-08-05,22:00:00,11.795,11.962,11.795,11.962,667,0
2014-08-06,16:00:00,11.835,11.852,11.826,11.852,2038,0
2014-08-06,20:20:00,11.961,11.972,11.961,11.972,1974,0
2014-08-06,22:00:00,11.892,11.892,11.892,11.892,307,0
2014-08-07,16:15:00,11.835,11.835,11.765,11.765,2960,0
2014-08-07,17:15:00,11.815,11.815,11.815,11.815,509,0
2014-08-07,19:55:00,12.001,12.001,12.001,12.001,203,0
2014-08-07,21:55:00,11.805,11.805,11.805,11.805,1738,0
2014-08-08,20:55:00,12.091,12.091,12.091,12.091,202,0
2014-08-08,21:10:00,11.805,12.091,11.805,11.805,710,0
2014-08-08,21:55:00,12.041,12.041,12.036,12.041,912,0
2014-08-11,15:35:00,12.091,12.091,12.091,12.091,304,0
2014-08-11,15:40:00,12.061,12.061,12.061,12.061,817,0
2014-08-11,15:45:00,12.061,12.061,12.061,12.061,102,0
2014-08-11,16:25:00,12.072,12.072,12.072,12.072,406,0
2014-08-11,16:30:00,12.071,12.071,12.071,12.071,102,0
2014-08-11,16:35:00,12.053,12.081,12.053,12.081,912,0
2014-08-11,16:45:00,12.091,12.091,12.036,12.036,1014,0
2014-08-11,16:55:00,12.081,12.081,12.081,12.081,108,0
2014-08-11,17:15:00,11.906,11.906,11.906,11.906,608,0
2014-08-11,17:20:00,12.09,12.091,12.053,12.053,506,0
2014-08-11,17:25:00,12.052,12.091,12.052,12.053,1622,0
2014-08-11,17:30:00,12.061,12.061,12.061,12.061,3242,0
2014-08-11,18:55:00,11.943,11.943,11.941,11.941,1014,0
2014-08-11,19:05:00,12.091,12.091,12.091,12.091,102,0
2014-08-11,19:25:00,12.09,12.091,12.064,12.064,2026,0
2014-08-11,19:30:00,12.091,12.091,12.091,12.091,202,0
2014-08-11,21:35:00,12.091,12.091,12.091,12.091,102,0
2014-08-11,21:55:00,12.091,12.091,12.091,12.091,202,0
2014-08-12,15:35:00,12.091,12.091,11.903,11.903,930,0
2014-08-12,15:50:00,12.081,12.081,12.081,12.081,202,0
2014-08-12,16:45:00,12.081,12.091,12.049,12.049,2949,0
2014-08-12,17:45:00,11.903,12.081,11.903,12.081,202,0
2014-08-12,19:00:00,12.081,12.081,11.913,11.913,202,0
2014-08-12,19:20:00,12.091,12.091,12.091,12.091,202,0
2014-08-12,20:00:00,12.091,12.091,12.091,12.091,102,0
2014-08-12,20:05:00,12.091,12.091,11.923,11.923,304,0
2014-08-12,20:20:00,12.091,12.091,12.091,12.091,772,0
2014-08-12,20:35:00,12.091,12.091,12.091,12.091,810,0
2014-08-12,21:10:00,11.923,11.923,11.923,11.923,102,0
2014-08-12,21:35:00,12.007,12.007,12.007,12.007,102,0
2014-08-12,21:40:00,12.091,12.091,12.091,12.091,406,0
2014-08-12,21:45:00,12.091,12.091,12.091,12.091,102,0
2014-08-12,21:55:00,12.091,12.091,11.943,11.943,7244,0
2014-08-13,15:50:00,12.091,12.091,12.091,12.091,202,0
2014-08-13,15:55:00,12.091,12.091,12.091,12.091,102,0
2014-08-13,16:05:00,12.091,12.091,12.091,12.091,202,0
2014-08-13,17:20:00,12.091,12.091,12.091,12.091,102,0
2014-08-13,17:35:00,12.091,12.091,12.091,12.091,202,0
2014-08-13,18:25:00,12.066,12.066,12.066,12.066,427,0
2014-08-13,18:35:00,12.091,12.091,12.091,12.091,102,0
2014-08-13,19:55:00,12.091,12.091,12.091,12.091,304,0
2014-08-13,20:05:00,12.091,12.091,12.091,12.091,102,0
2014-08-13,20:25:00,12.091,12.091,12.091,12.091,608,0
2014-08-14,15:50:00,12.091,12.091,12.091,12.091,304,0
2014-08-14,16:05:00,11.863,11.863,11.863,11.863,102,0
2014-08-14,16:35:00,11.854,11.854,11.854,11.854,608,0
2014-08-14,17:35:00,12.081,12.081,12.081,12.081,406,0
2014-08-14,18:25:00,12.091,12.091,12.091,12.091,102,0
2014-08-14,19:40:00,12.091,12.091,12.091,12.091,304,0
2014-08-14,20:20:00,12.091,12.091,12.091,12.091,588,0
2014-08-14,21:00:00,12.081,12.081,12.081,12.081,102,0
2014-08-14,21:05:00,11.973,12.091,11.973,12.071,3389,0
2014-08-14,22:00:00,12.091,12.091,12.091,12.091,648,0
2014-08-15,16:05:00,11.815,11.815,11.815,11.815,102,0
2014-08-15,16:50:00,12.091,12.091,12.091,12.091,506,0
2014-08-15,17:35:00,12.071,12.071,12.071,12.071,304,0
2014-08-15,19:45:00,12.071,12.071,12.071,12.071,304,0
2014-08-15,20:50:00,12.091,12.091,12.091,12.091,2280,0
2014-08-15,21:55:00,12.091,12.317,12.091,12.317,18069,0
2014-08-15,22:00:00,12.317,12.337,12.298,12.337,1014,0
2014-08-18,15:35:00,12.337,12.337,12.337,12.337,304,0
2014-08-18,16:10:00,12.327,12.327,12.327,12.327,1166,0
2014-08-18,18:55:00,11.943,11.943,11.943,11.943,202,0
2014-08-18,19:10:00,12.279,12.289,12.279,12.279,3850,0
2014-08-18,19:15:00,12.239,12.239,12.234,12.234,1216,0
2014-08-18,19:20:00,12.289,12.289,12.248,12.248,506,0
2014-08-18,19:25:00,12.289,12.337,12.284,12.284,1622,0
2014-08-18,19:30:00,12.337,12.337,12.337,12.337,658,0
2014-08-18,19:35:00,12.337,12.337,12.337,12.337,254,0
2014-08-18,19:55:00,12.118,12.118,12.118,12.118,1047,0
2014-08-18,20:00:00,12.327,12.327,12.327,12.327,406,0
2014-08-18,20:05:00,12.141,12.141,12.141,12.141,102,0
2014-08-18,20:20:00,12.281,12.337,12.281,12.337,1114,0
2014-08-18,20:25:00,12.295,12.337,12.295,12.337,1004,0
2014-08-18,20:35:00,12.337,12.337,12.16,12.16,608,0
2014-08-18,20:45:00,12.337,12.337,12.337,12.337,2532,0
2014-08-18,21:00:00,12.141,12.141,12.141,12.141,102,0
2014-08-18,21:20:00,12.16,12.16,12.16,12.16,102,0
2014-08-18,21:35:00,12.209,12.209,12.209,12.209,102,0
2014-08-18,21:45:00,12.209,12.209,12.209,12.209,102,0
2014-08-18,21:50:00,12.189,12.209,12.189,12.209,415,0
2014-08-18,21:55:00,12.189,12.189,12.189,12.189,102,0
2014-08-18,22:00:00,12.189,12.209,12.189,12.209,258,0
2014-08-19,17:30:00,12.337,12.337,12.337,12.337,304,0
2014-08-19,18:05:00,12.337,12.337,12.337,12.337,810,0
2014-08-19,22:00:00,12.337,12.337,12.337,12.337,304,0
2014-08-20,15:40:00,12.337,12.337,12.337,12.337,608,0
2014-08-20,17:15:00,12.337,12.337,12.337,12.337,406,0
2014-08-20,18:15:00,12.337,12.337,12.337,12.337,528,0
2014-08-20,18:35:00,12.337,12.337,12.337,12.337,102,0
2014-08-20,19:25:00,12.337,12.337,12.337,12.337,406,0
2014-08-20,20:00:00,12.317,12.318,12.317,12.318,1014,0
2014-08-20,20:05:00,12.318,12.318,12.317,12.317,506,0
2014-08-20,20:10:00,12.318,12.318,12.317,12.317,506,0
2014-08-20,20:55:00,12.337,12.337,12.337,12.337,102,0
2014-08-20,21:20:00,12.337,12.337,12.337,12.337,506,0
2014-08-20,21:30:00,12.317,12.317,12.317,12.317,102,0
2014-08-20,21:50:00,12.317,12.317,12.317,12.317,506,0
2014-08-20,21:55:00,12.317,12.317,12.317,12.317,1824,0
2014-08-20,22:00:00,12.317,12.337,12.317,12.337,1418,0
2014-08-21,15:35:00,12.239,12.239,12.239,12.239,1014,0
2014-08-21,19:20:00,12.261,12.273,12.261,12.273,2628,0
2014-08-21,20:20:00,12.288,12.289,12.285,12.285,1014,0
2014-08-21,20:45:00,12.259,12.259,12.249,12.249,406,0
2014-08-21,21:40:00,12.199,12.199,12.199,12.199,348,0
2014-08-21,22:00:00,12.199,12.199,12.199,12.199,202,0
2014-08-22,16:25:00,12.229,12.229,12.229,12.229,102,0
2014-08-22,16:30:00,12.199,12.199,12.189,12.189,2108,0
2014-08-22,21:45:00,12.189,12.189,12.189,12.189,304,0
2014-08-25,21:35:00,12.219,12.223,11.815,11.841,1810,0
2014-08-25,21:40:00,12.279,12.279,12.279,12.279,102,0
2014-08-26,22:00:00,12.212,12.212,12.212,12.212,202,0
2014-08-27,17:10:00,12.189,12.189,12.189,12.189,1014,0
2014-08-27,17:15:00,12.206,12.206,12.206,12.206,1014,0
2014-08-27,18:15:00,12.189,12.189,12.189,12.189,710,0
2014-08-27,20:20:00,12.066,12.066,12.066,12.066,560,0
2014-08-27,20:25:00,12.179,12.179,12.179,12.179,183,0
2014-08-27,21:40:00,12.151,12.179,12.141,12.179,2618,0
2014-08-28,15:35:00,12.249,12.249,12.249,12.249,102,0
2014-08-28,16:05:00,12.15,12.15,12.141,12.141,202,0
2014-08-28,16:20:00,12.141,12.141,12.141,12.141,102,0
2014-08-28,17:15:00,12.141,12.141,12.141,12.141,1121,0
2014-08-28,18:05:00,12.142,12.149,12.142,12.149,1824,0
2014-08-28,18:40:00,12.142,12.193,12.142,12.193,1104,0
2014-08-28,21:45:00,12.189,12.189,12.189,12.189,2468,0
2014-08-29,18:00:00,12.249,12.249,12.249,12.249,102,0
2014-08-29,19:15:00,12.289,12.289,12.289,12.289,202,0
2014-08-29,19:30:00,12.327,12.337,12.327,12.337,8510,0
2014-08-29,19:55:00,12.337,12.337,12.337,12.337,304,0
2014-08-29,20:20:00,12.337,12.337,12.337,12.337,857,0
2014-08-29,20:50:00,12.327,12.337,12.327,12.337,710,0
2014-08-29,20:55:00,12.337,12.337,12.337,12.337,15198,0
2014-08-29,21:10:00,12.337,12.357,12.337,12.337,912,0
2014-08-29,21:15:00,12.327,12.337,12.327,12.337,810,0
2014-08-29,21:30:00,12.397,12.397,12.397,12.397,338,0
2014-08-29,21:35:00,12.375,12.397,12.289,12.397,912,0
2014-08-29,21:40:00,12.397,12.397,12.397,12.397,102,0
2014-08-29,22:00:00,12.495,12.495,12.494,12.495,1418,0
2014-09-02,15:35:00,12.505,12.505,12.505,12.505,3316,0
2014-09-02,16:25:00,12.475,12.475,12.475,12.475,412,0
2014-09-02,17:30:00,12.466,12.505,12.466,12.505,11592,0
2014-09-02,17:45:00,12.505,12.505,12.505,12.505,336,0
2014-09-02,18:15:00,12.505,12.505,12.505,12.505,2338,0
2014-09-02,18:35:00,12.479,12.479,12.479,12.479,449,0
2014-09-02,18:50:00,12.289,12.308,12.289,12.308,202,0
2014-09-02,20:10:00,12.308,12.308,12.308,12.308,202,0
2014-09-03,15:35:00,12.337,12.337,12.337,12.337,102,0
2014-09-03,16:05:00,12.336,12.336,12.336,12.336,145,0
2014-09-03,17:30:00,12.313,12.313,12.313,12.313,202,0
2014-09-03,20:05:00,12.327,12.337,12.327,12.337,2228,0
2014-09-03,21:05:00,12.337,12.337,12.337,12.337,202,0
2014-09-03,21:15:00,12.337,12.337,12.337,12.337,102,0
2014-09-03,22:00:00,12.466,12.466,12.466,12.466,102,0
2014-09-04,15:35:00,11.854,11.854,11.854,11.854,711,0
2014-09-04,15:50:00,12.239,12.239,12.239,12.239,406,0
2014-09-04,16:00:00,12.249,12.249,12.239,12.239,1216,0
2014-09-04,16:05:00,12.189,12.189,12.189,12.189,102,0
2014-09-04,16:25:00,12.244,12.244,12.213,12.213,1622,0
2014-09-04,17:25:00,12.259,12.259,12.239,12.239,406,0
2014-09-05,17:40:00,12.337,12.337,12.337,12.337,202,0
2014-09-05,18:25:00,12.325,12.325,12.325,12.325,108,0
2014-09-05,21:15:00,12.308,12.308,12.308,12.308,304,0
2014-09-05,21:45:00,12.308,12.308,12.308,12.308,102,0
2014-09-08,20:15:00,12.289,12.337,12.239,12.289,3680,0
2014-09-08,21:00:00,12.337,12.362,12.337,12.362,810,0
2014-09-08,22:00:00,12.352,12.352,12.352,12.352,202,0
2014-09-09,15:40:00,12.239,12.239,12.239,12.239,202,0
2014-09-09,16:55:00,12.387,12.387,12.387,12.387,304,0
2014-09-09,18:10:00,12.337,12.337,12.337,12.337,304,0
2014-09-09,20:10:00,12.387,12.387,12.387,12.387,907,0
2014-09-09,20:20:00,12.345,12.345,12.345,12.345,244,0
2014-09-09,20:25:00,12.387,12.387,12.387,12.387,3648,0
2014-09-09,22:00:00,12.392,12.392,12.392,12.392,202,0
2014-09-10,15:35:00,12.475,12.485,12.475,12.475,10438,0
2014-09-10,15:40:00,12.469,12.469,12.469,12.469,14691,0
2014-09-10,16:05:00,12.427,12.427,12.427,12.427,324,0
2014-09-10,16:25:00,12.437,12.437,12.437,12.437,1520,0
2014-09-10,19:10:00,12.485,12.485,12.485,12.485,3556,0
2014-09-10,19:20:00,12.444,12.444,12.444,12.444,102,0
2014-09-10,19:35:00,12.485,12.485,12.485,12.485,2748,0
2014-09-11,15:50:00,12.475,12.475,12.475,12.475,202,0
2014-09-11,15:55:00,12.475,12.475,12.475,12.475,912,0
2014-09-11,16:30:00,12.505,12.505,12.505,12.505,202,0
2014-09-11,17:55:00,12.505,12.505,12.505,12.505,102,0
2014-09-11,19:20:00,12.485,12.485,12.485,12.485,304,0
2014-09-11,21:30:00,12.298,12.298,12.298,12.298,506,0
2014-09-11,21:55:00,12.505,12.505,12.505,12.505,710,0
2014-09-11,22:00:00,12.505,12.505,12.505,12.505,202,0
2014-09-12,15:40:00,12.505,12.505,12.505,12.505,102,0
2014-09-12,16:20:00,12.505,12.505,12.505,12.505,1566,0
2014-09-12,16:35:00,12.26,12.26,12.26,12.26,102,0
2014-09-12,16:50:00,12.298,12.298,12.298,12.298,710,0
2014-09-12,21:40:00,12.298,12.298,12.041,12.061,5153,0
2014-09-12,22:00:00,12.298,12.347,12.298,12.347,304,0
2014-09-15,15:55:00,12.255,12.255,12.255,12.255,2021,0
2014-09-15,17:45:00,12.229,12.239,12.229,12.239,1753,0
2014-09-15,19:45:00,12.229,12.229,12.229,12.229,102,0
2014-09-15,20:55:00,12.229,12.229,12.229,12.229,102,0
2014-09-15,21:30:00,12.209,12.209,12.209,12.209,406,0
2014-09-15,22:00:00,12.209,12.209,12.012,12.012,202,0
2014-09-16,17:40:00,12.179,12.179,12.16,12.179,1520,0
2014-09-16,18:25:00,12.091,12.179,12.091,12.179,710,0
2014-09-16,21:15:00,12.041,12.041,12.041,12.041,102,0
2014-09-16,21:25:00,12.041,12.041,12.041,12.041,608,0
2014-09-17,20:20:00,11.973,11.973,11.973,11.973,102,0
2014-09-17,20:25:00,12.091,12.091,12.091,12.091,2308,0
2014-09-18,15:35:00,11.943,11.943,11.943,11.943,1170,0
2014-09-18,16:25:00,12.091,12.091,12.091,12.091,304,0
2014-09-18,16:45:00,12.141,12.141,12.141,12.141,202,0
2014-09-18,16:50:00,12.141,12.141,12.141,12.141,202,0
2014-09-18,16:55:00,12.141,12.141,12.141,12.141,608,0
2014-09-18,18:20:00,11.953,11.953,11.953,11.953,102,0
2014-09-18,19:10:00,11.963,11.963,11.963,11.963,102,0
2014-09-18,19:35:00,11.953,11.953,11.953,11.953,102,0
2014-09-18,20:50:00,11.963,11.963,11.963,11.963,102,0
2014-09-18,21:15:00,11.963,11.963,11.963,11.963,1014,0
2014-09-18,22:00:00,12.091,12.091,12.091,12.091,608,0
2014-09-19,15:35:00,11.943,11.943,11.943,11.943,1559,0
2014-09-19,18:15:00,12.041,12.041,12.041,12.041,608,0
2014-09-19,18:40:00,12.031,12.031,12.031,12.031,202,0
2014-09-19,18:45:00,11.992,11.992,11.992,11.992,102,0
2014-09-19,18:55:00,11.992,11.992,11.992,11.992,202,0
2014-09-19,19:30:00,11.992,11.992,11.992,11.992,608,0
2014-09-19,21:45:00,12.041,12.041,12.041,12.041,1222,0
2014-09-19,21:55:00,12.091,12.091,12.091,12.091,365,0
2014-09-19,22:00:00,11.943,11.943,11.943,11.943,4734,0
2014-09-22,15:35:00,11.844,11.844,11.844,11.844,3826,0
2014-09-22,18:50:00,11.897,11.897,11.863,11.863,767,0
2014-09-22,21:25:00,11.992,11.992,11.992,11.992,506,0
2014-09-22,21:55:00,11.992,11.992,11.992,11.992,760,0
2014-09-22,22:00:00,11.973,11.973,11.973,11.973,304,0
2014-09-24,22:00:00,11.953,11.953,11.953,11.953,102,0
2014-09-25,16:05:00,11.899,11.899,11.899,11.899,304,0
2014-09-25,16:30:00,11.863,11.863,11.844,11.844,406,0
2014-09-25,16:50:00,11.844,11.86,11.844,11.86,725,0
2014-09-25,16:55:00,11.844,11.844,11.844,11.844,1216,0
2014-09-25,17:00:00,11.844,11.844,11.844,11.844,696,0
2014-09-25,17:10:00,11.911,11.911,11.911,11.911,304,0
2014-09-25,17:25:00,11.844,11.844,11.844,11.844,1014,0
2014-09-25,17:55:00,11.844,11.844,11.844,11.844,406,0
2014-09-25,18:05:00,11.933,11.943,11.933,11.943,506,0
2014-09-25,19:25:00,11.943,11.943,11.943,11.943,304,0
2014-09-25,21:40:00,11.883,11.883,11.883,11.883,202,0
2014-09-26,16:05:00,11.844,11.844,11.844,11.844,202,0
2014-09-26,16:20:00,11.854,11.953,11.854,11.953,710,0
2014-09-26,19:10:00,11.854,11.854,10.778,10.817,13760,0
2014-09-26,19:15:00,10.956,11.351,10.956,11.351,856,0
2014-09-26,19:35:00,11.627,11.696,11.607,11.696,1325,0
2014-09-26,20:00:00,11.805,11.805,11.805,11.805,506,0
2014-09-26,20:05:00,11.805,11.805,11.805,11.805,297,0
2014-09-26,20:50:00,11.499,11.499,11.499,11.499,202,0
2014-09-26,21:15:00,11.745,11.745,11.745,11.745,506,0
2014-09-26,21:20:00,11.745,11.903,11.509,11.903,1216,0
2014-09-26,22:00:00,11.755,11.755,11.755,11.755,202,0
2014-09-29,16:05:00,11.647,11.647,11.647,11.647,1170,0
2014-09-29,19:00:00,11.696,11.696,11.696,11.696,406,0
2014-09-29,19:15:00,11.923,11.923,11.923,11.923,310,0
2014-09-29,20:40:00,11.745,11.745,11.745,11.745,202,0
2014-09-29,20:50:00,11.903,11.903,11.903,11.903,304,0
2014-10-01,17:10:00,11.933,11.933,11.913,11.923,406,0
2014-10-01,17:50:00,11.913,11.913,11.913,11.913,202,0
2014-10-01,19:15:00,11.765,11.765,11.765,11.765,674,0
2014-10-01,19:25:00,11.755,11.755,11.745,11.745,608,0
2014-10-01,19:40:00,11.903,11.903,11.903,11.903,202,0
2014-10-02,20:45:00,11.854,11.854,11.815,11.815,912,0
2014-10-02,20:50:00,11.745,11.745,11.745,11.745,608,0
2014-10-02,20:55:00,11.8,11.8,11.799,11.8,710,0
2014-10-02,21:00:00,11.81,11.854,11.81,11.854,304,0
2014-10-02,21:05:00,11.854,11.863,11.854,11.863,1114,0
2014-10-02,21:10:00,11.785,11.805,11.785,11.805,710,0
2014-10-02,21:15:00,11.805,11.805,11.805,11.805,710,0
2014-10-02,21:20:00,11.815,11.863,11.815,11.863,406,0
2014-10-02,21:25:00,11.863,11.863,11.863,11.863,608,0
2014-10-02,21:30:00,11.854,11.854,11.745,11.745,506,0
2014-10-02,21:35:00,11.785,11.795,11.785,11.795,710,0
2014-10-02,21:40:00,11.79,11.8,11.79,11.8,810,0
2014-10-02,21:45:00,11.849,11.849,11.836,11.844,1418,0
2014-10-02,21:50:00,11.836,11.839,11.827,11.839,1369,0
2014-10-02,21:55:00,11.835,11.844,11.835,11.844,608,0
2014-10-03,16:10:00,11.745,11.745,11.745,11.745,202,0
2014-10-03,19:25:00,11.893,11.893,11.893,11.893,2532,0
2014-10-06,15:35:00,11.587,11.597,11.587,11.597,202,0
2014-10-06,15:40:00,11.607,11.617,11.607,11.617,608,0
2014-10-06,15:50:00,11.745,11.745,11.617,11.617,304,0
2014-10-06,15:55:00,11.815,11.815,11.815,11.815,102,0
2014-10-06,16:00:00,11.795,11.844,11.795,11.825,5876,0
2014-10-06,16:05:00,11.825,11.825,11.745,11.795,3941,0
2014-10-06,16:10:00,11.844,11.844,11.627,11.647,1318,0
2014-10-06,16:15:00,11.647,11.745,11.647,11.735,1374,0
2014-10-06,17:20:00,11.567,11.567,11.567,11.567,324,0
2014-10-06,18:20:00,11.696,11.696,11.696,11.696,2545,0
2014-10-06,18:30:00,11.735,11.835,11.725,11.755,4327,0
2014-10-06,18:35:00,11.763,11.765,11.745,11.745,2432,0
2014-10-06,18:40:00,11.647,11.647,11.647,11.647,4256,0
2014-10-06,18:45:00,11.627,11.647,11.627,11.647,3140,0
2014-10-06,18:50:00,11.647,11.647,11.647,11.647,1114,0
2014-10-06,19:00:00,11.656,11.656,11.656,11.656,102,0
2014-10-06,19:15:00,11.581,11.581,11.581,11.581,338,0
2014-10-06,21:10:00,11.825,11.825,11.825,11.825,144,0
2014-10-06,21:15:00,11.766,11.766,11.766,11.766,127,0
2014-10-06,21:20:00,11.788,11.788,11.788,11.788,127,0
2014-10-06,21:25:00,11.73,11.73,11.73,11.73,810,0
2014-10-06,22:00:00,11.815,11.815,11.815,11.815,102,0
2014-10-07,15:40:00,11.677,11.795,11.677,11.795,2228,0
2014-10-07,15:45:00,11.791,11.795,11.785,11.785,1014,0
2014-10-07,15:50:00,11.785,11.785,11.775,11.775,1014,0
2014-10-07,16:00:00,11.715,11.715,11.715,11.715,406,0
2014-10-07,16:05:00,11.775,11.775,11.775,11.775,102,0
2014-10-07,16:10:00,11.791,11.795,11.785,11.785,710,0
2014-10-07,16:20:00,11.775,11.775,11.775,11.775,406,0
2014-10-07,16:25:00,11.775,11.775,11.775,11.775,102,0
2014-10-07,16:30:00,11.775,11.775,11.745,11.755,710,0
2014-10-07,16:35:00,11.755,11.755,11.755,11.755,202,0
2014-10-07,16:40:00,11.755,11.755,11.755,11.755,304,0
2014-10-07,16:50:00,11.765,11.765,11.765,11.765,202,0
2014-10-07,16:55:00,11.775,11.775,11.775,11.775,406,0
2014-10-07,17:05:00,11.775,11.775,11.775,11.775,202,0
2014-10-07,17:10:00,11.745,11.775,11.745,11.755,1925,0
2014-10-07,17:15:00,11.715,11.715,11.677,11.677,710,0
2014-10-07,17:20:00,11.677,11.706,11.672,11.706,1622,0
2014-10-07,17:30:00,11.627,11.686,11.627,11.686,1014,0
2014-10-07,17:40:00,11.617,11.672,11.617,11.669,810,0
2014-10-07,17:45:00,11.672,11.672,11.617,11.617,506,0
2014-10-07,17:50:00,11.627,11.662,11.627,11.662,406,0
2014-10-07,17:55:00,11.607,11.607,11.607,11.607,600,0
2014-10-07,18:05:00,11.647,11.647,11.639,11.639,406,0
2014-10-07,19:00:00,11.637,11.637,11.637,11.637,406,0
2014-10-07,19:05:00,11.647,11.647,11.647,11.647,102,0
2014-10-07,19:10:00,11.686,11.686,11.686,11.686,304,0
2014-10-07,19:20:00,11.696,11.715,11.696,11.715,1014,0
2014-10-07,20:20:00,11.795,11.795,11.795,11.795,102,0
2014-10-07,20:30:00,11.772,11.772,11.765,11.772,810,0
2014-10-07,20:40:00,11.765,11.765,11.765,11.765,406,0
2014-10-07,20:45:00,11.763,11.763,11.763,11.763,406,0
2014-10-07,20:50:00,11.835,11.835,11.772,11.772,1745,0
2014-10-07,21:00:00,11.835,11.835,11.835,11.835,102,0
2014-10-07,21:05:00,11.763,11.763,11.763,11.763,506,0
2014-10-07,21:10:00,11.647,11.647,11.647,11.647,304,0
2014-10-07,21:20:00,11.682,11.682,11.682,11.682,608,0
2014-10-07,21:40:00,11.701,11.701,11.637,11.682,1114,0
2014-10-07,21:45:00,11.682,11.701,11.667,11.667,1925,0
2014-10-08,16:55:00,11.835,11.835,11.835,11.835,810,0
2014-10-08,17:20:00,11.775,11.781,11.775,11.781,710,0
2014-10-08,17:25:00,11.781,11.781,11.772,11.772,1114,0
2014-10-08,17:30:00,11.772,11.785,11.772,11.785,506,0
2014-10-08,17:40:00,11.637,11.667,11.637,11.662,810,0
2014-10-08,17:45:00,11.662,11.686,11.662,11.686,1418,0
2014-10-08,17:50:00,11.696,11.702,11.696,11.702,304,0
2014-10-08,17:55:00,11.702,11.702,11.702,11.702,102,0
2014-10-08,18:00:00,11.696,11.696,11.696,11.696,202,0
2014-10-08,18:05:00,11.706,11.706,11.702,11.702,406,0
2014-10-08,20:00:00,11.688,11.688,11.688,11.688,138,0
2014-10-08,21:20:00,11.676,11.676,11.676,11.676,202,0
2014-10-08,21:35:00,11.725,11.725,11.725,11.725,202,0
2014-10-08,21:55:00,11.72,11.725,11.715,11.725,406,0
2014-10-08,22:00:00,11.725,11.745,11.725,11.745,1547,0
2014-10-09,15:50:00,11.647,11.696,11.647,11.696,304,0
2014-10-09,16:15:00,11.715,11.715,11.691,11.715,1318,0
2014-10-09,16:20:00,11.745,11.745,11.735,11.735,1114,0
2014-10-09,16:25:00,11.735,11.745,11.726,11.745,509,0
2014-10-10,17:00:00,11.647,11.647,11.647,11.647,1378,0
2014-10-10,21:30:00,11.815,11.815,11.815,11.815,1520,0
2014-10-13,16:05:00,11.667,11.667,11.647,11.647,3223,0
2014-10-13,16:35:00,11.667,11.667,11.667,11.667,102,0
2014-10-13,17:15:00,11.647,11.647,11.647,11.647,1014,0
2014-10-13,18:05:00,11.647,11.697,11.617,11.696,1622,0
2014-10-13,22:00:00,11.607,11.607,11.607,11.607,102,0
2014-10-14,16:25:00,11.735,11.735,11.735,11.735,1622,0
2014-10-15,16:45:00,11.597,11.597,11.597,11.597,608,0
2014-10-15,18:00:00,11.597,11.597,11.597,11.597,1216,0
2014-10-15,19:45:00,11.625,11.625,11.625,11.625,1014,0
2014-10-16,15:50:00,11.597,11.597,11.597,11.597,944,0
2014-10-16,16:10:00,11.597,11.597,11.597,11.597,406,0
2014-10-17,15:35:00,11.686,11.686,11.686,11.686,202,0
2014-10-17,16:30:00,11.686,11.686,11.686,11.686,102,0
2014-10-17,16:50:00,11.696,11.696,11.696,11.696,429,0
2014-10-17,17:00:00,11.696,11.696,11.696,11.696,506,0
2014-10-17,17:05:00,11.696,11.696,11.696,11.696,254,0
2014-10-17,18:00:00,11.686,11.686,11.686,11.686,710,0
2014-10-17,21:40:00,11.627,11.627,11.627,11.627,102,0
2014-10-17,22:00:00,11.627,11.627,11.627,11.627,102,0
2014-10-20,18:25:00,11.607,11.607,11.607,11.607,608,0
2014-10-20,20:35:00,11.667,11.667,11.667,11.667,202,0
2014-10-20,21:00:00,11.669,11.669,11.669,11.669,202,0
2014-10-20,21:40:00,11.647,11.647,11.647,11.647,102,0
2014-10-20,21:55:00,11.667,11.667,11.667,11.667,102,0
2014-10-20,22:00:00,11.677,11.696,11.677,11.696,830,0
2014-10-21,16:00:00,11.677,11.677,11.677,11.677,1014,0
2014-10-21,16:05:00,11.597,11.597,11.597,11.597,419,0
2014-10-21,17:40:00,11.657,11.667,11.617,11.617,2796,0
2014-10-22,22:00:00,11.607,11.607,11.607,11.607,202,0
2014-10-23,16:10:00,11.597,11.597,11.597,11.597,202,0
2014-10-23,18:25:00,11.469,11.548,11.469,11.548,530,0
2014-10-23,18:30:00,11.469,11.469,11.469,11.469,1470,0
2014-10-23,18:40:00,11.459,11.459,11.459,11.459,202,0
2014-10-23,18:45:00,11.449,11.449,11.449,11.449,102,0
2014-10-23,19:00:00,11.459,11.469,11.419,11.429,2026,0
2014-10-23,19:10:00,11.469,11.469,11.469,11.469,1318,0
2014-10-23,20:00:00,11.469,11.469,11.469,11.469,1014,0
2014-10-23,20:05:00,11.469,11.469,11.469,11.469,962,0
2014-10-23,21:30:00,11.468,11.468,11.468,11.468,254,0
2014-10-23,21:35:00,11.449,11.449,11.449,11.449,608,0
2014-10-24,15:40:00,11.677,11.677,11.657,11.657,456,0
2014-10-24,17:20:00,11.541,11.548,11.541,11.548,811,0
2014-10-24,18:45:00,11.362,11.362,11.361,11.361,2439,0
2014-10-24,20:05:00,11.4,11.538,11.4,11.538,23608,0
2014-10-24,22:00:00,11.361,11.361,11.361,11.361,790,0
2014-10-27,15:10:00,11.281,11.281,11.281,11.281,203,0
2014-10-27,15:30:00,11.301,11.301,11.301,11.301,152,0
2014-10-27,17:30:00,11.351,11.351,11.351,11.351,203,0
2014-10-28,16:35:00,11.351,11.361,11.351,11.351,1626,0
2014-10-28,19:25:00,11.351,11.351,11.351,11.351,407,0
2014-10-28,19:35:00,11.39,11.39,11.39,11.39,324,0
2014-10-28,19:40:00,11.351,11.376,11.271,11.376,921,0
2014-10-29,17:10:00,11.361,11.361,11.361,11.361,102,0
2014-10-29,19:55:00,11.401,11.401,11.401,11.401,1012,0
2014-10-29,20:30:00,11.4,11.4,11.261,11.261,3856,0
2014-10-29,20:40:00,11.499,11.499,11.499,11.499,1623,0
2014-10-29,21:00:00,11.311,11.354,11.311,11.354,786,0
2014-10-31,14:35:00,11.519,11.519,11.519,11.519,112,0
2014-10-31,15:35:00,11.494,11.494,11.301,11.34,710,0
2014-10-31,17:35:00,11.489,11.519,11.489,11.519,710,0
2014-10-31,17:40:00,11.469,11.469,11.469,11.469,304,0
2014-10-31,17:55:00,11.519,11.548,11.519,11.519,8035,0
2014-10-31,18:00:00,11.514,11.514,11.514,11.514,407,0
2014-10-31,19:00:00,11.429,11.429,11.351,11.351,6041,0
2014-10-31,20:00:00,11.409,11.409,11.409,11.409,102,0
2014-10-31,20:45:00,11.548,11.548,11.548,11.548,203,0
2014-11-03,15:35:00,11.835,11.835,11.835,11.835,892,0
2014-11-03,19:00:00,11.558,11.558,11.558,11.558,203,0
2014-11-03,19:45:00,11.558,11.583,11.558,11.583,1116,0
2014-11-03,20:45:00,11.667,11.667,11.667,11.667,203,0
2014-11-04,19:30:00,11.815,11.815,11.815,11.815,120,0
2014-11-04,19:35:00,11.597,11.597,11.597,11.597,361,0
2014-11-05,16:15:00,11.754,11.754,11.754,11.754,1519,0
2014-11-05,18:10:00,11.647,11.685,11.647,11.685,3040,0
2014-11-05,19:20:00,11.686,11.686,11.686,11.686,305,0
2014-11-05,19:35:00,11.724,11.725,11.647,11.725,2746,0
2014-11-05,19:40:00,11.724,11.725,11.715,11.725,1521,0
2014-11-05,19:55:00,11.725,11.725,11.696,11.696,305,0
2014-11-05,20:00:00,11.725,11.725,11.725,11.725,1198,0
2014-11-05,21:40:00,11.74,11.745,11.725,11.74,1093,0
2014-11-06,16:10:00,11.696,11.696,11.696,11.696,203,0
2014-11-06,18:00:00,11.824,11.825,11.824,11.825,3274,0
2014-11-06,18:25:00,11.825,11.825,11.825,11.825,760,0
2014-11-06,18:35:00,11.795,11.795,11.795,11.795,102,0
2014-11-06,18:50:00,11.834,11.835,11.834,11.835,1014,0
2014-11-06,18:55:00,11.835,11.844,11.835,11.835,2230,0
2014-11-06,19:10:00,11.825,11.844,11.825,11.844,1014,0
2014-11-06,19:50:00,11.842,11.844,11.842,11.844,20264,0
2014-11-06,19:55:00,11.844,11.844,11.844,11.844,7092,0
2014-11-06,20:00:00,11.805,11.815,11.805,11.805,407,0
2014-11-06,20:15:00,11.825,11.844,11.825,11.844,2026,0
2014-11-06,20:30:00,11.844,11.844,11.844,11.844,8106,0
2014-11-06,21:05:00,11.943,12.249,11.943,12.141,3548,0
2014-11-06,21:10:00,12.121,12.141,12.012,12.012,305,0
2014-11-06,21:15:00,12.081,12.091,12.081,12.091,2748,0
2014-11-06,22:00:00,11.844,11.844,11.844,11.844,202,0
2014-11-07,15:35:00,12.091,12.091,12.061,12.061,1116,0
2014-11-07,16:50:00,11.923,11.923,11.923,11.923,102,0
2014-11-07,17:00:00,11.923,11.923,11.923,11.923,102,0
2014-11-07,17:10:00,12.091,12.091,11.943,11.943,203,0
2014-11-07,17:40:00,11.943,11.943,11.943,11.943,102,0
2014-11-07,18:15:00,11.943,11.943,11.943,11.943,102,0
2014-11-07,19:00:00,11.923,11.923,11.923,11.923,305,0
2014-11-07,20:20:00,11.844,11.844,11.844,11.844,102,0
2014-11-07,21:00:00,11.844,11.844,11.844,11.844,102,0
2014-11-07,21:30:00,11.844,11.844,11.844,11.844,102,0
2014-11-07,21:50:00,11.844,11.844,11.844,11.844,102,0
2014-11-07,22:00:00,11.844,11.863,11.844,11.863,711,0
2014-11-10,16:15:00,11.913,11.913,11.913,11.913,305,0
2014-11-10,17:35:00,11.943,11.943,11.943,11.943,874,0
2014-11-10,18:55:00,11.937,11.953,11.937,11.953,2431,0
2014-11-10,22:00:00,11.992,11.992,11.992,11.992,121,0
2014-11-11,15:45:00,11.983,11.992,11.983,11.992,810,0
2014-11-11,18:00:00,11.992,11.992,11.913,11.913,400,0
2014-11-11,18:05:00,11.893,11.893,11.893,11.893,5066,0
2014-11-11,18:25:00,11.913,11.913,11.913,11.913,405,0
2014-11-11,21:35:00,11.903,11.903,11.893,11.893,457,0
2014-11-11,21:55:00,11.992,11.992,11.992,11.992,203,0
2014-11-12,16:15:00,11.903,11.903,11.903,11.903,102,0
2014-11-12,17:25:00,11.923,11.923,11.923,11.923,305,0
2014-11-12,21:55:00,12.09,12.09,12.09,12.09,2027,0
2014-11-13,15:55:00,12.169,12.169,12.16,12.16,1270,0
2014-11-13,16:15:00,12.081,12.081,12.081,12.081,403,0
2014-11-14,15:55:00,12.17,12.17,12.17,12.17,1812,0
2014-11-14,16:35:00,12.399,12.399,12.399,12.399,201,0
2014-11-14,17:05:00,12.17,12.17,12.17,12.17,403,0
2014-11-14,18:25:00,12.389,12.419,12.389,12.409,5242,0
2014-11-14,19:30:00,12.183,12.183,12.183,12.183,1756,0
2014-11-14,21:05:00,12.18,12.18,12.18,12.18,5033,0
2014-11-14,22:00:00,12.409,12.409,12.409,12.409,201,0
2014-11-17,16:00:00,12.319,12.319,12.319,12.319,161,0
2014-11-17,16:50:00,12.309,12.309,12.309,12.309,503,0
2014-11-17,17:50:00,12.22,12.22,12.22,12.22,10065,0
2014-11-17,19:00:00,12.192,12.192,12.192,12.192,503,0
2014-11-17,19:20:00,12.225,12.225,12.225,12.225,845,0
2014-11-17,20:10:00,12.309,12.309,12.309,12.309,1007,0
2014-11-18,15:35:00,12.419,12.419,12.419,12.419,2818,0
2014-11-18,16:15:00,12.24,12.24,12.24,12.24,201,0
2014-11-18,19:00:00,12.29,12.29,12.27,12.27,1007,0
2014-11-18,19:15:00,12.389,12.389,12.389,12.389,604,0
2014-11-18,21:05:00,12.369,12.369,12.369,12.369,101,0
2014-11-18,21:10:00,12.319,12.369,12.319,12.329,27660,0
2014-11-19,15:35:00,12.419,12.419,12.419,12.419,503,0
2014-11-19,16:00:00,12.351,12.351,12.351,12.351,403,0
2014-11-19,16:10:00,12.141,12.141,12.141,12.141,201,0
2014-11-19,16:30:00,12.141,12.147,12.141,12.147,503,0
2014-11-19,17:20:00,12.363,12.363,12.363,12.363,201,0
2014-11-19,17:35:00,12.24,12.24,12.23,12.23,1490,0
2014-11-19,19:55:00,12.369,12.369,12.369,12.369,1208,0
2014-11-19,21:20:00,12.349,12.349,12.349,12.349,101,0
2014-11-19,21:30:00,12.349,12.349,12.349,12.349,101,0
2014-11-19,21:45:00,12.349,12.349,12.18,12.18,2416,0
2014-11-19,21:50:00,12.369,12.369,12.349,12.349,201,0
2014-11-20,17:40:00,12.26,12.26,12.26,12.26,302,0
2014-11-20,17:45:00,12.15,12.15,12.15,12.15,101,0
2014-11-20,19:10:00,12.121,12.121,12.081,12.081,1007,0
2014-11-20,19:15:00,12.081,12.091,12.072,12.081,902,0
2014-11-20,19:20:00,12.101,12.101,12.081,12.081,705,0
2014-11-20,20:35:00,12.071,12.071,12.071,12.071,101,0
2014-11-20,21:10:00,12.071,12.071,12.071,12.071,805,0
2014-11-20,21:20:00,12.071,12.071,12.071,12.071,201,0
2014-11-20,21:55:00,12.071,12.081,12.071,12.081,705,0
2014-11-20,22:00:00,12.071,12.071,12.071,12.071,101,0
2014-11-21,18:45:00,12.22,12.27,12.22,12.27,2013,0
2014-11-21,19:20:00,12.22,12.22,12.17,12.22,805,0
2014-11-21,20:35:00,12.17,12.17,12.17,12.17,101,0
2014-11-21,21:35:00,12.17,12.17,12.17,12.17,201,0
2014-11-21,21:45:00,12.22,12.22,12.22,12.22,805,0
2014-11-21,21:50:00,12.359,12.359,12.359,12.359,1510,0
2014-11-21,22:00:00,12.359,12.359,12.17,12.339,302,0
2014-11-24,15:35:00,12.306,12.306,12.306,12.306,1208,0
2014-11-24,15:40:00,12.349,12.349,12.349,12.349,201,0
2014-11-24,15:50:00,12.17,12.17,12.17,12.17,201,0
2014-11-24,16:05:00,12.121,12.121,12.121,12.121,201,0
2014-11-24,17:50:00,12.359,12.359,12.359,12.359,101,0
2014-11-24,18:00:00,12.358,12.359,12.329,12.359,1711,0
2014-11-24,19:10:00,12.309,12.309,12.309,12.309,101,0
2014-11-24,19:55:00,12.304,12.304,12.304,12.304,201,0
2014-11-24,20:15:00,12.121,12.121,12.121,12.121,201,0
2014-11-24,21:20:00,12.23,12.24,12.121,12.121,302,0
2014-11-24,21:30:00,12.295,12.295,12.295,12.295,101,0
2014-11-24,22:00:00,12.339,12.369,12.339,12.369,201,0
2014-11-25,15:45:00,12.369,12.369,12.369,12.369,604,0
2014-11-25,15:55:00,12.27,12.27,12.27,12.27,364,0
2014-11-25,16:50:00,12.309,12.349,12.309,12.349,302,0
2014-11-25,17:00:00,12.319,12.319,12.319,12.319,101,0
2014-11-25,17:35:00,12.309,12.319,12.309,12.319,1007,0
2014-11-25,17:50:00,12.359,12.369,12.359,12.369,403,0
2014-11-25,18:30:00,12.369,12.369,12.369,12.369,4932,0
2014-11-25,18:35:00,12.369,12.37,12.369,12.369,2105,0
2014-11-25,19:20:00,12.369,12.369,12.369,12.369,201,0
2014-11-25,20:35:00,12.409,12.409,12.409,12.409,705,0
2014-11-25,21:00:00,12.419,12.419,12.419,12.419,302,0
2014-11-25,21:35:00,12.409,12.409,12.409,12.409,201,0
2014-11-25,21:40:00,12.419,12.419,12.416,12.419,584,0
2014-11-25,21:55:00,12.419,12.419,12.419,12.419,101,0
2014-11-25,22:00:00,12.389,12.419,12.389,12.419,504,0
2014-11-26,15:45:00,12.406,12.406,12.406,12.406,151,0
2014-11-26,16:15:00,12.408,12.408,12.405,12.405,201,0
2014-11-26,16:45:00,12.409,12.409,12.409,12.409,101,0
2014-11-26,16:55:00,12.419,12.419,12.419,12.419,18986,0
2014-11-26,17:55:00,12.409,12.419,12.409,12.419,2633,0
2014-11-26,18:00:00,12.419,12.419,12.419,12.419,101,0
2014-11-26,18:05:00,12.408,12.408,12.408,12.408,201,0
2014-11-26,19:10:00,12.419,12.419,12.419,12.419,101,0
2014-11-26,20:00:00,12.4,12.4,12.349,12.349,9764,0
2014-11-26,21:20:00,12.419,12.419,12.369,12.369,352,0
2014-11-26,21:40:00,12.349,12.349,12.349,12.349,1610,0
2014-11-26,21:45:00,12.418,12.418,12.418,12.418,2013,0
2014-11-26,22:00:00,12.419,12.419,12.419,12.419,101,0
2014-11-28,15:35:00,12.419,12.419,12.419,12.419,1007,0
2014-11-28,16:15:00,12.419,12.419,12.419,12.419,503,0
2014-11-28,16:30:00,12.419,12.419,12.419,12.419,101,0
2014-11-28,16:55:00,12.419,12.419,12.419,12.419,101,0
2014-11-28,17:10:00,12.419,12.419,12.419,12.419,101,0
2014-11-28,17:25:00,12.419,12.419,12.419,12.419,101,0
2014-11-28,17:45:00,12.419,12.419,12.419,12.419,101,0
2014-11-28,17:55:00,12.419,12.419,12.419,12.419,101,0
2014-11-28,18:00:00,12.419,12.419,12.419,12.419,523,0
2014-11-28,19:00:00,12.349,12.349,12.339,12.339,315,0
2014-12-01,15:40:00,12.22,12.22,12.22,12.22,1107,0
2014-12-01,15:45:00,12.17,12.17,12.021,12.17,1007,0
2014-12-01,15:50:00,12.17,12.17,12.17,12.17,101,0
2014-12-01,16:00:00,12.16,12.17,12.16,12.17,1208,0
2014-12-01,16:50:00,12.26,12.419,12.26,12.419,7860,0
2014-12-01,17:10:00,12.399,12.399,12.399,12.399,425,0
2014-12-01,17:20:00,12.121,12.121,12.121,12.121,1007,0
2014-12-01,17:40:00,12.143,12.143,12.141,12.141,604,0
2014-12-01,20:10:00,12.27,12.27,12.27,12.27,230,0
2014-12-01,20:15:00,12.27,12.27,12.27,12.27,140,0
2014-12-01,20:25:00,12.27,12.27,12.27,12.27,101,0
2014-12-01,21:20:00,12.27,12.27,12.27,12.27,101,0
2014-12-01,21:35:00,12.192,12.192,12.192,12.192,1260,0
2014-12-01,21:50:00,12.23,12.23,12.23,12.23,181,0
2014-12-02,15:35:00,12.17,12.17,12.17,12.17,1611,0
2014-12-02,16:05:00,12.4,12.409,12.4,12.409,528,0
2014-12-02,17:10:00,12.409,12.409,12.409,12.409,201,0
2014-12-02,17:15:00,12.389,12.409,12.389,12.389,580,0
2014-12-02,19:00:00,12.28,12.409,12.27,12.409,3620,0
2014-12-03,17:50:00,12.399,12.409,12.399,12.399,805,0
2014-12-03,17:55:00,12.409,12.409,12.399,12.399,966,0
2014-12-03,18:35:00,12.281,12.292,12.281,12.292,403,0
2014-12-03,20:10:00,12.399,12.399,12.399,12.399,4147,0
2014-12-03,20:45:00,12.329,12.329,12.329,12.329,201,0
2014-12-03,21:15:00,12.319,12.319,12.319,12.319,403,0
2014-12-03,21:40:00,12.339,12.339,12.339,12.339,191,0
2014-12-03,21:45:00,12.319,12.351,12.319,12.351,755,0
2014-12-04,15:55:00,12.419,12.419,12.419,12.419,1393,0
2014-12-04,16:15:00,12.409,12.409,12.409,12.409,101,0
2014-12-04,16:40:00,12.409,12.409,12.409,12.409,1007,0
2014-12-04,18:45:00,12.411,12.419,12.411,12.419,3797,0
2014-12-04,21:00:00,12.419,12.419,12.419,12.419,20332,0
2014-12-04,21:55:00,12.419,12.419,12.419,12.419,35966,0
2014-12-05,15:35:00,12.419,12.419,12.419,12.419,151,0
2014-12-05,15:45:00,12.419,12.419,12.419,12.419,101,0
2014-12-05,16:00:00,12.419,12.419,12.419,12.419,693,0
2014-12-05,16:20:00,12.508,12.518,12.508,12.518,9916,0
2014-12-05,19:30:00,12.412,12.431,12.412,12.431,302,0
2014-12-05,22:00:00,12.429,12.429,12.409,12.409,201,0
2014-12-08,15:35:00,12.588,12.588,12.518,12.588,2157,0
2014-12-08,15:40:00,12.588,12.588,12.558,12.558,201,0
2014-12-08,16:15:00,12.538,12.588,12.538,12.588,5330,0
2014-12-08,16:55:00,12.588,12.588,12.588,12.588,302,0
2014-12-08,17:00:00,12.588,12.588,12.588,12.588,133,0
2014-12-08,17:25:00,12.588,12.588,12.588,12.588,101,0
2014-12-08,17:45:00,12.569,12.569,12.569,12.569,3120,0
2014-12-08,17:50:00,12.568,12.568,12.568,12.568,805,0
2014-12-08,17:55:00,12.568,12.568,12.568,12.568,302,0
2014-12-08,18:00:00,12.558,12.563,12.518,12.563,4122,0
2014-12-08,18:05:00,12.538,12.538,12.538,12.538,1711,0
2014-12-08,18:10:00,12.548,12.548,12.548,12.548,131,0
2014-12-08,18:15:00,12.548,12.548,12.548,12.548,1309,0
2014-12-08,18:20:00,12.548,12.548,12.528,12.528,1007,0
2014-12-08,18:25:00,12.538,12.538,12.538,12.538,765,0
2014-12-08,18:50:00,12.538,12.538,12.538,12.538,201,0
2014-12-08,19:15:00,12.568,12.568,12.568,12.568,2657,0
2014-12-08,20:05:00,12.519,12.519,12.518,12.518,1097,0
2014-12-08,20:10:00,12.568,12.568,12.568,12.568,784,0
2014-12-08,21:45:00,12.568,12.568,12.568,12.568,1510,0
2014-12-08,22:00:00,12.568,12.568,12.568,12.568,2416,0
2014-12-09,16:10:00,12.568,12.568,12.568,12.568,201,0
2014-12-09,17:15:00,12.578,12.578,12.578,12.578,380,0
2014-12-09,19:05:00,12.557,12.557,12.557,12.557,101,0
2014-12-09,20:20:00,12.588,12.588,12.588,12.588,3329,0
2014-12-09,20:35:00,12.488,12.488,12.488,12.488,101,0
2014-12-09,21:00:00,12.468,12.468,12.468,12.468,1473,0
2014-12-09,21:05:00,12.487,12.487,12.468,12.468,2013,0
2014-12-09,21:35:00,12.498,12.498,12.468,12.49,1057,0
2014-12-09,21:45:00,12.468,12.468,12.468,12.468,302,0
2014-12-09,21:55:00,12.449,12.449,12.419,12.419,906,0
2014-12-09,22:00:00,12.468,12.468,12.468,12.468,201,0
2014-12-10,15:55:00,12.571,12.571,12.571,12.571,707,0
2014-12-10,16:15:00,12.576,12.576,12.468,12.468,2400,0
2014-12-10,18:25:00,12.468,12.468,12.468,12.468,302,0
2014-12-10,18:35:00,12.587,12.587,12.587,12.587,317,0
2014-12-10,19:30:00,12.587,12.587,12.587,12.587,116,0
2014-12-10,20:45:00,12.468,12.468,12.419,12.419,40363,0
2014-12-11,15:35:00,12.528,12.528,12.528,12.528,705,0
2014-12-11,16:50:00,12.588,12.588,12.586,12.586,998,0
2014-12-11,16:55:00,12.588,12.588,12.588,12.588,4026,0
2014-12-11,17:00:00,12.558,12.558,12.558,12.558,302,0
2014-12-11,17:40:00,12.548,12.548,12.548,12.548,302,0
2014-12-11,18:00:00,12.548,12.548,12.548,12.548,3020,0
2014-12-11,18:45:00,12.518,12.518,12.518,12.518,503,0
2014-12-11,21:15:00,12.538,12.573,12.538,12.573,3020,0
2014-12-12,16:10:00,12.578,12.578,12.578,12.578,302,0
2014-12-12,20:15:00,12.588,12.588,12.588,12.588,1019,0
2014-12-12,20:25:00,12.56,12.56,12.56,12.56,48314,0
2014-12-12,21:20:00,12.528,12.528,12.528,12.528,403,0
2014-12-15,15:35:00,12.558,12.617,12.558,12.617,383,0
2014-12-15,15:40:00,12.658,12.667,12.658,12.667,604,0
2014-12-15,15:45:00,12.657,12.657,12.647,12.647,302,0
2014-12-15,16:00:00,12.667,12.667,12.667,12.667,101,0
2014-12-15,16:10:00,12.666,12.667,12.666,12.667,803,0
2014-12-15,16:15:00,12.657,12.657,12.647,12.647,2291,0
2014-12-15,16:20:00,12.66,12.667,12.651,12.651,932,0
2014-12-15,16:25:00,12.666,12.667,12.666,12.667,1190,0
2014-12-15,16:30:00,12.666,12.666,12.666,12.666,206,0
2014-12-15,16:40:00,12.617,12.617,12.617,12.617,101,0
2014-12-15,16:45:00,12.657,12.657,12.657,12.657,101,0
2014-12-15,16:50:00,12.657,12.657,12.657,12.657,302,0
2014-12-15,17:05:00,12.637,12.637,12.637,12.637,1812,0
2014-12-15,18:25:00,12.657,12.657,12.657,12.657,101,0
2014-12-15,20:20:00,12.657,12.657,12.657,12.657,805,0
2014-12-15,20:25:00,12.5,12.598,12.439,12.598,1208,0
2014-12-15,21:40:00,12.439,12.439,12.439,12.439,302,0
2014-12-15,21:50:00,12.439,12.439,12.439,12.439,403,0
2014-12-16,16:10:00,12.568,12.568,12.568,12.568,151,0
2014-12-16,20:05:00,12.568,12.568,12.568,12.568,1590,0
2014-12-16,20:15:00,12.511,12.511,12.511,12.511,206,0
2014-12-16,20:35:00,12.483,12.483,12.483,12.483,354,0
2014-12-16,21:25:00,12.5,12.5,12.5,12.5,201,0
2014-12-16,21:50:00,12.478,12.478,12.478,12.478,3221,0
2014-12-16,22:00:00,12.558,12.558,12.558,12.558,134,0
2014-12-17,15:50:00,12.532,12.532,12.532,12.532,707,0
2014-12-17,16:05:00,12.529,12.532,12.528,12.528,1031,0
2014-12-17,16:10:00,12.528,12.528,12.518,12.518,1912,0
2014-12-17,16:15:00,12.419,12.419,12.419,12.419,5033,0
2014-12-17,17:15:00,12.453,12.453,12.453,12.453,912,0
2014-12-17,17:45:00,12.468,12.468,12.468,12.468,604,0
2014-12-17,21:00:00,12.423,12.423,12.419,12.423,1268,0
2014-12-17,21:15:00,12.379,12.379,12.379,12.379,604,0
2014-12-17,21:25:00,12.337,12.339,12.337,12.339,403,0
2014-12-17,21:30:00,12.349,12.349,12.349,12.349,101,0
2014-12-17,21:50:00,12.349,12.379,12.349,12.379,423,0
2014-12-17,21:55:00,12.359,12.419,12.359,12.419,503,0
2014-12-17,22:00:00,12.419,12.419,12.419,12.419,483,0
2014-12-18,16:10:00,12.518,12.518,12.518,12.518,201,0
2014-12-18,16:15:00,12.429,12.429,12.429,12.429,101,0
2014-12-18,17:05:00,12.419,12.419,12.419,12.419,101,0
2014-12-18,17:25:00,12.617,12.617,12.568,12.568,201,0
2014-12-18,17:45:00,12.429,12.429,12.429,12.429,302,0
2014-12-18,18:15:00,12.567,12.567,12.429,12.429,4240,0
2014-12-18,18:20:00,12.568,12.568,12.568,12.568,101,0
2014-12-18,18:25:00,12.568,12.568,12.568,12.568,101,0
2014-12-18,18:50:00,12.429,12.429,12.429,12.429,201,0
2014-12-18,19:00:00,12.568,12.568,12.568,12.568,101,0
2014-12-18,19:40:00,12.419,12.419,12.419,12.419,201,0
2014-12-18,20:55:00,12.528,12.528,12.528,12.528,101,0
2014-12-18,21:00:00,12.518,12.518,12.458,12.458,302,0
2014-12-18,21:10:00,12.429,12.568,12.429,12.568,302,0
2014-12-18,21:50:00,12.498,12.498,12.429,12.429,403,0
2014-12-18,21:55:00,12.439,12.439,12.439,12.439,201,0
2014-12-18,22:00:00,12.439,12.518,12.439,12.518,727,0
2014-12-19,16:45:00,12.518,12.518,12.518,12.518,403,0
2014-12-19,17:05:00,12.488,12.518,12.488,12.518,2666,0
2014-12-19,17:30:00,12.617,12.617,12.617,12.617,101,0
2014-12-19,17:50:00,12.568,12.568,12.568,12.568,101,0
2014-12-19,18:15:00,12.518,12.518,12.518,12.518,201,0
2014-12-19,18:45:00,12.468,12.468,12.468,12.468,101,0
2014-12-19,19:10:00,12.423,12.423,12.423,12.423,216,0
2014-12-19,19:20:00,12.617,12.617,12.617,12.617,201,0
2014-12-19,19:40:00,12.617,12.617,12.617,12.617,101,0
2014-12-19,20:00:00,12.488,12.617,12.488,12.617,201,0
2014-12-19,20:15:00,12.617,12.617,12.617,12.617,101,0
2014-12-19,20:25:00,12.568,12.568,12.568,12.568,201,0
2014-12-19,21:00:00,12.488,12.488,12.488,12.488,201,0
2014-12-19,21:40:00,12.488,12.488,12.419,12.419,340,0
2014-12-19,21:50:00,12.508,12.508,12.508,12.508,101,0
2014-12-19,21:55:00,12.498,12.498,12.498,12.498,604,0
2014-12-22,15:35:00,12.329,12.329,12.329,12.329,1562,0
2014-12-22,15:40:00,12.32,12.321,12.32,12.321,256,0
2014-12-22,15:45:00,12.319,12.339,11.783,11.962,3796,0
2014-12-22,15:50:00,11.981,11.981,11.981,11.981,1007,0
2014-12-22,15:55:00,11.982,11.982,11.982,11.982,741,0
2014-12-22,16:05:00,11.982,11.982,11.982,11.982,352,0
2014-12-22,16:15:00,12.021,12.021,12.021,12.021,664,0
2014-12-22,16:20:00,12.369,12.369,12.369,12.369,503,0
2014-12-22,16:35:00,12.021,12.021,12.021,12.021,101,0
2014-12-22,16:55:00,12.369,12.369,12.369,12.369,503,0
2014-12-22,17:15:00,12.071,12.071,12.071,12.071,4841,0
2014-12-22,19:15:00,12.17,12.17,12.17,12.17,403,0
2014-12-22,20:50:00,12.195,12.195,12.195,12.195,1007,0
2014-12-22,21:40:00,12.18,12.283,12.18,12.283,1812,0
2014-12-23,17:40:00,12.114,12.114,12.114,12.114,604,0
2014-12-23,18:25:00,12.071,12.071,12.071,12.071,201,0
2014-12-23,19:15:00,12.071,12.071,12.071,12.071,403,0
2014-12-23,21:05:00,12.091,12.1,12.071,12.071,1912,0
2014-12-23,21:55:00,12.22,12.22,12.22,12.22,1510,0
2014-12-23,22:00:00,12.071,12.22,12.071,12.2,2534,0
2014-12-24,19:00:00,12.111,12.111,12.111,12.111,101,0
2014-12-26,15:55:00,12.219,12.22,12.121,12.22,2315,0
2014-12-26,17:10:00,12.19,12.19,12.18,12.18,1610,0
2014-12-26,17:15:00,12.2,12.2,12.2,12.2,1478,0
2014-12-26,18:40:00,12.518,12.518,12.518,12.518,302,0
2014-12-26,19:05:00,12.518,12.518,12.518,12.518,604,0
2014-12-26,19:10:00,12.419,12.419,12.419,12.419,805,0
2014-12-26,21:25:00,12.439,12.439,12.419,12.419,503,0
2014-12-29,15:35:00,12.319,12.319,12.319,12.319,187,0
2014-12-29,16:00:00,12.419,12.419,12.419,12.419,201,0
2014-12-29,16:35:00,12.518,12.518,12.518,12.518,302,0
2014-12-29,17:25:00,12.419,12.419,12.419,12.419,604,0
2014-12-29,17:35:00,12.419,12.419,12.419,12.419,503,0
2014-12-29,18:05:00,12.537,12.537,12.537,12.537,564,0
2014-12-29,18:10:00,12.537,12.537,12.537,12.537,1057,0
2014-12-29,20:35:00,12.533,12.533,12.533,12.533,201,0
2014-12-29,21:00:00,12.468,12.496,12.468,12.496,604,0
2014-12-29,21:30:00,12.468,12.468,12.468,12.468,1409,0
2014-12-29,21:55:00,12.429,12.429,12.429,12.429,201,0
2014-12-29,22:00:00,12.419,12.419,12.419,12.419,101,0
2014-12-30,15:40:00,12.468,12.468,12.468,12.468,906,0
2014-12-30,16:30:00,12.458,12.458,12.458,12.458,201,0
2014-12-30,17:15:00,12.419,12.423,12.419,12.423,503,0
2014-12-30,17:30:00,12.419,12.419,12.419,12.419,101,0
2014-12-30,18:00:00,12.419,12.419,12.419,12.419,101,0
2014-12-30,18:55:00,12.42,12.42,12.419,12.419,964,0
2014-12-30,21:00:00,12.369,12.369,12.369,12.369,101,0
2014-12-30,21:10:00,12.081,12.131,12.081,12.081,13035,0
2014-12-31,15:35:00,12.27,12.27,12.27,12.27,537,0
2014-12-31,18:30:00,12.401,12.401,12.319,12.319,726,0
2014-12-31,19:05:00,12.332,12.332,12.332,12.332,1007,0
2014-12-31,20:10:00,12.409,12.409,12.409,12.409,604,0
2015-01-02,15:50:00,12.319,12.319,12.319,12.319,906,0
2015-01-02,16:20:00,12.299,12.299,12.299,12.299,403,0
2015-01-02,16:25:00,12.359,12.369,12.359,12.369,1107,0
2015-01-02,17:55:00,12.319,12.319,12.319,12.319,268,0
2015-01-02,18:30:00,12.319,12.319,12.319,12.319,986,0
2015-01-02,19:45:00,12.319,12.319,12.22,12.23,1881,0
2015-01-05,15:35:00,12.329,12.329,12.329,12.329,1158,0
2015-01-05,19:05:00,12.28,12.28,12.28,12.28,409,0
2015-01-05,19:30:00,12.27,12.27,12.27,12.27,705,0
2015-01-05,21:15:00,12.27,12.27,12.27,12.27,413,0
2015-01-05,21:40:00,12.24,12.24,12.24,12.24,101,0
2015-01-05,21:50:00,12.23,12.24,12.23,12.24,449,0
2015-01-05,22:00:00,12.27,12.27,12.27,12.27,299,0
2015-01-06,16:00:00,12.27,12.28,12.22,12.28,3259,0
2015-01-06,16:10:00,12.458,12.458,12.458,12.458,201,0
2015-01-06,16:50:00,12.458,12.468,12.458,12.468,403,0
2015-01-06,16:55:00,12.468,12.468,12.468,12.468,26170,0
2015-01-06,17:10:00,12.468,12.468,12.468,12.468,1007,0
2015-01-06,18:55:00,12.528,12.528,12.528,12.528,1007,0
2015-01-06,19:00:00,12.468,12.478,12.439,12.439,1107,0
2015-01-06,19:35:00,12.617,12.617,12.508,12.508,1127,0
2015-01-06,19:40:00,12.568,12.568,12.568,12.568,101,0
2015-01-06,20:00:00,12.508,12.508,12.508,12.508,201,0
2015-01-06,20:35:00,12.548,12.548,12.548,12.548,101,0
2015-01-06,20:55:00,12.568,12.568,12.568,12.568,201,0
2015-01-06,21:25:00,12.588,12.588,12.588,12.588,2013,0
2015-01-07,17:20:00,12.657,12.657,12.657,12.657,503,0
2015-01-07,18:20:00,12.508,12.518,12.508,12.518,403,0
2015-01-07,18:40:00,12.518,12.518,12.518,12.518,101,0
2015-01-07,20:25:00,12.477,12.477,12.477,12.477,302,0
2015-01-07,21:20:00,12.429,12.439,12.429,12.436,705,0
2015-01-07,21:40:00,12.419,12.419,12.419,12.419,201,0
2015-01-07,22:00:00,12.429,12.429,12.429,12.429,604,0
2015-01-08,19:55:00,12.508,12.518,12.508,12.518,503,0
2015-01-08,20:00:00,12.439,12.439,12.439,12.439,101,0
2015-01-08,20:45:00,12.439,12.439,12.419,12.419,1409,0
2015-01-08,21:30:00,12.419,12.419,12.419,12.419,415,0
2015-01-08,21:35:00,12.439,12.439,12.419,12.419,4197,0
2015-01-08,21:55:00,12.419,12.419,12.419,12.419,101,0
2015-01-09,15:55:00,12.568,12.568,12.568,12.568,694,0
2015-01-09,16:05:00,12.419,12.45,12.419,12.45,1711,0
2015-01-09,16:35:00,12.419,12.419,12.419,12.419,101,0
2015-01-09,19:55:00,12.468,12.468,12.468,12.468,7873,0
2015-01-09,22:00:00,12.478,12.478,12.478,12.478,302,0
2015-01-12,15:35:00,12.429,12.429,12.429,12.429,276,0
2015-01-12,15:45:00,12.439,12.439,12.429,12.429,1208,0
2015-01-12,16:30:00,12.429,12.436,12.419,12.436,682,0
2015-01-12,20:55:00,12.419,12.419,12.419,12.419,503,0
2015-01-12,21:40:00,12.419,12.419,12.419,12.419,101,0
2015-01-13,18:25:00,12.419,12.419,12.419,12.419,302,0
2015-01-13,19:50:00,12.419,12.419,12.419,12.419,201,0
2015-01-13,20:15:00,12.419,12.419,12.399,12.399,2285,0
2015-01-13,22:00:00,12.319,12.319,12.319,12.319,101,0
2015-01-14,16:15:00,12.309,12.309,12.22,12.22,748,0
2015-01-14,18:55:00,12.22,12.22,11.823,11.823,2909,0
2015-01-14,19:35:00,12.17,12.17,12.17,12.17,201,0
2015-01-14,19:45:00,12.16,12.16,12.121,12.121,201,0
2015-01-14,19:50:00,12.121,12.121,12.121,12.121,101,0
2015-01-14,19:55:00,12.081,12.081,12.081,12.081,101,0
2015-01-14,20:05:00,12.071,12.071,12.071,12.071,201,0
2015-01-14,20:25:00,12.071,12.071,12.071,12.071,475,0
2015-01-14,21:50:00,12.29,12.309,12.29,12.309,201,0
2015-01-14,21:55:00,12.164,12.164,12.131,12.131,10166,0
2015-01-15,18:30:00,12.071,12.081,11.972,12.021,1632,0
2015-01-15,19:10:00,11.985,11.985,11.985,11.985,282,0
2015-01-15,19:20:00,12.061,12.061,12.061,12.061,1510,0
2015-01-15,21:25:00,12.021,12.021,12.021,12.021,201,0
2015-01-16,15:35:00,11.922,11.922,11.922,11.922,302,0
2015-01-16,19:10:00,12.131,12.131,12.131,12.131,302,0
2015-01-20,15:40:00,11.972,11.972,11.972,11.972,496,0
2015-01-20,16:20:00,11.991,11.991,11.991,11.991,302,0
2015-01-20,21:35:00,12.021,12.021,12.021,12.021,101,0
2015-01-21,15:50:00,12.021,12.021,12.021,12.021,586,0
2015-01-21,17:05:00,12.064,12.064,12.064,12.064,172,0
2015-01-21,17:10:00,12.14,12.14,12.131,12.131,1510,0
2015-01-21,17:15:00,12.131,12.141,12.091,12.141,1510,0
2015-01-21,20:05:00,12.071,12.071,12.071,12.071,101,0
2015-01-21,21:35:00,12.091,12.091,12.09,12.09,1007,0
2015-01-21,21:40:00,12.091,12.091,12.091,12.091,805,0
2015-01-21,21:45:00,12.061,12.091,12.061,12.091,805,0
2015-01-22,17:30:00,11.972,11.972,11.972,11.972,604,0
2015-01-22,18:00:00,12.121,12.121,12.121,12.121,201,0
2015-01-22,19:05:00,11.942,11.942,11.942,11.942,201,0
2015-01-22,19:45:00,11.922,12.031,11.922,12.031,1802,0
2015-01-22,20:10:00,12.121,12.121,12.121,12.121,604,0
2015-01-22,22:00:00,12.26,12.26,12.26,12.26,101,0
2015-01-23,15:50:00,12.27,12.27,12.27,12.27,3422,0
2015-01-23,16:40:00,12.319,12.339,12.319,12.329,1409,0
2015-01-23,17:00:00,12.339,12.339,12.339,12.339,101,0
2015-01-23,17:50:00,12.22,12.22,12.22,12.22,5033,0
2015-01-23,19:45:00,12.253,12.253,12.253,12.253,503,0
2015-01-23,21:50:00,12.23,12.23,12.23,12.23,101,0
2015-01-26,17:00:00,12.22,12.22,12.17,12.17,5133,0
2015-01-26,17:50:00,12.121,12.17,12.121,12.17,2176,0
2015-01-26,19:05:00,12.081,12.081,12.081,12.081,101,0
2015-01-26,19:40:00,12.24,12.24,12.24,12.24,302,0
2015-01-26,21:05:00,12.18,12.18,12.18,12.18,201,0
2015-01-26,21:15:00,12.23,12.23,12.23,12.23,101,0
2015-01-26,21:50:00,12.071,12.071,12.071,12.071,101,0
2015-01-27,21:15:00,12.091,12.091,12.091,12.091,101,0
2015-01-27,21:45:00,12.071,12.071,12.071,12.071,202,0
2015-01-27,22:00:00,12.16,12.16,12.071,12.071,404,0
2015-01-28,15:45:00,12.071,12.071,12.071,12.071,151,0
2015-01-28,16:00:00,12.071,12.071,12.071,12.071,1020,0
2015-01-28,21:40:00,12.16,12.16,12.16,12.16,402,0
2015-01-29,15:35:00,12.111,12.121,12.111,12.121,3122,0
2015-01-29,15:40:00,12.121,12.121,12.121,12.121,201,0
2015-01-29,15:45:00,12.121,12.121,12.121,12.121,1612,0
2015-01-29,15:50:00,12.121,12.121,12.121,12.121,2214,0
2015-01-29,16:20:00,12.16,12.16,12.16,12.16,101,0
2015-01-29,16:30:00,12.121,12.121,12.101,12.101,1997,0
2015-01-29,17:00:00,12.16,12.16,12.16,12.16,202,0
2015-01-29,20:50:00,12.16,12.17,12.16,12.17,2617,0
2015-01-29,20:55:00,12.168,12.168,12.168,12.168,15098,0
2015-01-29,22:00:00,12.18,12.18,12.134,12.15,1689,0
2015-01-30,15:35:00,12.121,12.121,12.121,12.121,813,0
2015-01-30,16:55:00,12.081,12.081,12.081,12.081,101,0
2015-01-30,19:05:00,12.111,12.121,12.111,12.121,2222,0
2015-01-30,20:00:00,12.071,12.071,12.071,12.071,402,0
2015-01-30,20:15:00,12.021,12.021,12.021,12.021,201,0
2015-01-30,20:35:00,12.111,12.111,12.111,12.111,101,0
2015-02-02,16:15:00,11.972,11.972,11.972,11.972,1997,0
2015-02-02,18:35:00,12.071,12.071,12.071,12.071,795,0
2015-02-02,20:05:00,12.072,12.072,12.072,12.072,101,0
2015-02-03,15:35:00,12.091,12.091,12.091,12.091,204,0
2015-02-03,17:30:00,12.22,12.22,12.22,12.22,771,0
2015-02-03,19:10:00,12.121,12.121,12.071,12.071,2170,0
2015-02-03,21:55:00,12.121,12.121,12.121,12.121,202,0
2015-02-04,17:50:00,12.21,12.22,12.21,12.22,7647,0
2015-02-04,18:15:00,12.22,12.22,12.22,12.22,505,0
2015-02-04,18:20:00,12.22,12.22,12.22,12.22,202,0
2015-02-05,15:35:00,12.22,12.22,12.22,12.22,101,0
2015-02-05,16:50:00,12.21,12.22,12.21,12.22,23453,0
2015-02-05,19:50:00,12.21,12.21,12.21,12.21,1309,0
2015-02-05,20:50:00,12.404,12.404,12.404,12.404,201,0
2015-02-05,21:25:00,12.26,12.26,12.26,12.26,10065,0
2015-02-06,15:55:00,12.18,12.226,12.17,12.226,1769,0
2015-02-06,19:35:00,12.23,12.23,12.23,12.23,806,0
2015-02-10,16:15:00,12.319,12.319,12.319,12.319,101,0
2015-02-10,19:30:00,12.22,12.22,12.22,12.22,404,0
2015-02-12,15:45:00,12.4,12.4,12.4,12.4,5800,0
2015-02-12,15:50:00,12.45,12.45,12.45,12.45,100,0
2015-02-12,16:05:00,12.45,12.45,12.45,12.45,2000,0
2015-02-12,17:15:00,12.45,12.45,12.45,12.45,416,0
2015-02-12,17:30:00,12.49,12.49,12.49,12.49,656,0
2015-02-12,17:35:00,12.5,12.5,12.5,12.5,25831,0
2015-02-12,17:45:00,12.5,12.5,12.5,12.5,200,0
2015-02-12,18:35:00,12.443,12.443,12.4,12.4,552,0
2015-02-12,19:20:00,12.4,12.4,12.35,12.35,1300,0
2015-02-12,21:35:00,12.4,12.4,12.38,12.38,700,0
2015-02-12,21:45:00,12.35,12.35,12.35,12.35,200,0
2015-02-12,21:55:00,12.36,12.36,12.36,12.36,100,0
2015-02-12,22:00:00,12.35,12.35,12.35,12.35,278,0
2015-02-13,16:30:00,12.399,12.4,12.399,12.4,1510,0
2015-02-13,18:40:00,12.3446,12.3446,12.3446,12.3446,500,0
2015-02-13,18:55:00,12.3899,12.3899,12.3899,12.3899,100,0
2015-02-13,19:30:00,12.3128,12.3128,12.25,12.25,1438,0
2015-02-13,19:50:00,12.25,12.3,12.25,12.3,1900,0
2015-02-13,20:40:00,12.3,12.3,12.3,12.3,469,0
2015-02-13,22:00:00,12.3999,12.3999,12.3,12.354,2120,0
2015-02-17,15:35:00,12.25,12.25,12.25,12.25,2400,0
2015-02-17,16:35:00,12.26,12.26,12.26,12.26,300,0
2015-02-17,17:00:00,12.2871,12.2871,12.2871,12.2871,242,0
2015-02-17,20:15:00,12.3,12.3,12.25,12.25,17657,0
2015-02-17,20:20:00,12.37,12.37,12.37,12.37,100,0
2015-02-17,21:25:00,12.32,12.32,12.32,12.32,100,0
2015-02-17,21:50:00,12.31,12.31,12.31,12.31,200,0
2015-02-17,21:55:00,12.25,12.2551,12.25,12.2551,542,0
2015-02-17,22:00:00,12.31,12.31,12.31,12.31,100,0
2015-02-18,16:00:00,12.25,12.25,12.25,12.25,1513,0
2015-02-18,16:10:00,12.25,12.25,12.25,12.25,300,0
2015-02-18,21:50:00,12.327,12.327,12.327,12.327,300,0
2015-02-18,21:55:00,12.3899,12.3899,12.3837,12.3837,925,0
2015-02-19,16:10:00,12.3,12.3,12.3,12.3,300,0
2015-02-19,16:20:00,12.3,12.3,12.3,12.3,1500,0
2015-02-19,16:30:00,12.4,12.4,12.4,12.4,1226,0
2015-02-19,18:15:00,12.45,12.49,12.45,12.49,2300,0
2015-02-19,19:05:00,12.49,12.5,12.48,12.49,24610,0
2015-02-19,19:20:00,12.4,12.4,12.4,12.4,1300,0
2015-02-20,21:30:00,12.3567,12.3567,12.3567,12.3567,200,0
2015-02-20,21:35:00,12.37,12.3899,12.35,12.3899,1200,0
2015-02-20,21:50:00,12.39,12.39,12.39,12.39,800,0
2015-02-20,21:55:00,12.31,12.31,12.31,12.31,535,0
2015-02-23,16:35:00,12.42,12.42,12.42,12.42,300,0
2015-02-23,17:00:00,12.21,12.23,12.19,12.23,300,0
2015-02-23,17:05:00,12.25,12.25,12.14,12.14,900,0
2015-02-23,21:40:00,12.26,12.26,12.25,12.25,1200,0
2015-02-23,21:45:00,12.25,12.25,12.25,12.25,500,0
