Date,Time,Open,High,Low,Close,Volume,OpenInt
2015-02-03,16:45:00,34.50,34.52,34.42,34.44,8062,0
2015-02-03,16:50:00,34.418,34.418,34.269,34.324,12103,0
2015-02-03,16:55:00,34.338,34.448,34.338,34.418,20121,0
2015-02-03,17:00:00,34.398,34.398,34.309,34.348,17002,0
2015-02-03,17:05:00,34.338,34.468,34.338,34.388,13208,0
2015-02-03,17:10:00,34.388,34.398,34.329,34.378,10300,0
2015-02-03,17:15:00,34.388,34.388,34.299,34.338,7002,0
2015-02-03,17:20:00,34.319,34.378,34.289,34.309,16666,0
2015-02-03,17:25:00,34.289,34.289,34.169,34.169,12031,0
2015-02-03,17:30:00,34.159,34.259,34.159,34.244,17201,0
2015-02-03,17:35:00,34.259,34.378,34.259,34.358,4500,0
2015-02-03,17:40:00,34.348,34.498,34.323,34.498,4520,0
2015-02-03,17:45:00,34.528,34.618,34.508,34.618,3400,0
2015-02-03,17:50:00,34.625,34.625,34.558,34.588,3500,0
2015-02-03,17:55:00,34.598,34.708,34.578,34.678,20951,0
2015-02-03,18:00:00,34.678,34.748,34.678,34.748,8100,0
2015-02-03,18:05:00,34.728,34.728,34.688,34.703,2800,0
2015-02-03,18:10:00,34.698,34.738,34.668,34.678,5445,0
2015-02-03,18:15:00,34.658,34.658,34.628,34.628,5242,0
2015-02-03,18:20:00,34.618,34.628,34.598,34.598,3902,0
2015-02-03,18:25:00,34.618,34.628,34.568,34.568,17676,0
2015-02-03,18:30:00,34.558,34.608,34.553,34.608,5100,0
2015-02-03,18:35:00,34.558,34.558,34.518,34.528,5250,0
2015-02-03,18:40:00,34.518,34.558,34.498,34.538,7100,0
2015-02-03,18:45:00,34.548,34.638,34.533,34.618,9306,0
2015-02-03,18:50:00,34.618,34.628,34.558,34.588,3800,0
2015-02-03,18:55:00,34.588,34.598,34.578,34.598,3200,0
2015-02-03,19:00:00,34.608,34.628,34.568,34.578,11256,0
2015-02-03,19:05:00,34.578,34.586,34.558,34.586,2702,0
2015-02-03,19:10:00,34.588,34.588,34.548,34.583,4340,0
2015-02-03,19:15:00,34.588,34.588,34.538,34.538,19826,0
2015-02-03,19:20:00,34.543,34.558,34.528,34.54,3350,0
2015-02-03,19:25:00,34.568,34.608,34.568,34.588,4503,0
2015-02-03,19:30:00,34.578,34.588,34.558,34.588,3400,0
2015-02-03,19:35:00,34.593,34.638,34.587,34.618,94060,0
2015-02-03,19:40:00,34.628,34.648,34.628,34.648,4710,0
2015-02-03,19:45:00,34.638,34.708,34.638,34.708,9737,0
2015-02-03,19:50:00,34.688,34.768,34.678,34.768,3456,0
2015-02-03,19:55:00,34.768,34.828,34.703,34.828,28921,0
2015-02-03,20:00:00,34.828,34.877,34.828,34.858,2800,0
2015-02-03,20:05:00,34.858,34.878,34.798,34.81,8736,0
2015-02-03,20:10:00,34.808,34.808,34.788,34.788,8812,0
2015-02-03,20:15:00,34.798,34.863,34.798,34.838,6278,0
2015-02-03,20:20:00,34.832,34.878,34.832,34.878,9356,0
2015-02-03,20:25:00,34.888,34.927,34.868,34.868,7000,0
2015-02-03,20:30:00,34.878,34.902,34.868,34.87,5201,0
2015-02-03,20:35:00,34.878,34.897,34.868,34.888,3817,0
2015-02-03,20:40:00,34.878,34.883,34.848,34.868,5900,0
2015-02-03,20:45:00,34.87,34.907,34.858,34.907,4587,0
2015-02-03,20:50:00,34.907,34.922,34.888,34.917,5284,0
2015-02-03,20:55:00,34.927,34.937,34.917,34.927,9041,0
2015-02-03,21:00:00,34.927,34.937,34.917,34.937,9176,0
2015-02-03,21:05:00,34.937,34.937,34.927,34.937,1300,0
2015-02-03,21:10:00,34.937,34.947,34.919,34.937,61749,0
2015-02-03,21:15:00,34.929,34.947,34.927,34.947,7205,0
2015-02-03,21:20:00,34.977,35.007,34.977,35.007,3522,0
2015-02-03,21:25:00,34.997,35.047,34.997,35.047,4300,0
2015-02-03,21:30:00,35.046,35.077,35.046,35.057,9658,0
2015-02-03,21:35:00,35.067,35.087,35.047,35.047,12445,0
2015-02-03,21:40:00,35.037,35.087,35.037,35.087,12431,0
2015-02-03,21:45:00,35.084,35.187,35.084,35.187,23852,0
2015-02-03,21:50:00,35.177,35.182,35.107,35.127,24730,0
2015-02-03,21:55:00,35.127,35.227,35.117,35.217,21724,0
2015-02-03,22:00:00,35.227,35.227,35.147,35.197,61967,0
2015-02-04,15:35:00,34.997,35.217,34.947,35.217,53436,0
2015-02-04,15:40:00,35.187,35.437,35.187,35.437,4086,0
2015-02-04,15:45:00,35.437,35.437,35.237,35.237,7921,0
2015-02-04,15:50:00,35.227,35.237,35.207,35.237,7452,0
2015-02-04,15:55:00,35.237,35.277,35.107,35.117,4700,0
2015-02-04,16:00:00,35.157,35.237,35.157,35.237,1200,0
2015-02-04,16:05:00,35.207,35.227,35.117,35.117,3813,0
2015-02-04,16:10:00,35.107,35.147,35.077,35.077,3319,0
2015-02-04,16:15:00,35.077,35.167,35.047,35.097,8908,0
2015-02-04,16:20:00,35.042,35.042,34.967,34.967,2750,0
2015-02-04,16:25:00,34.957,35.017,34.917,34.947,9202,0
2015-02-04,16:30:00,34.937,34.977,34.888,34.977,1850,0
2015-02-04,16:35:00,34.927,34.937,34.868,34.937,13680,0
2015-02-04,16:40:00,34.917,34.957,34.858,34.957,2320,0
2015-02-04,16:45:00,34.957,35.087,34.915,35.072,7313,0
2015-02-04,16:50:00,35.037,35.057,35.017,35.057,2900,0
2015-02-04,16:55:00,35.057,35.057,35.037,35.049,1168,0
2015-02-04,17:00:00,35.077,35.077,35.027,35.077,8727,0
2015-02-04,17:05:00,35.017,35.087,35.017,35.087,1400,0
2015-02-04,17:10:00,35.087,35.097,35.067,35.087,4602,0
2015-02-04,17:15:00,35.077,35.097,34.988,35.092,11307,0
2015-02-04,17:20:00,35.097,35.097,35.057,35.057,2300,0
2015-02-04,17:25:00,35.077,35.107,35.077,35.107,1100,0
2015-02-04,17:30:00,35.122,35.137,35.067,35.087,5700,0
2015-02-04,17:35:00,35.117,35.132,35.107,35.132,7812,0
2015-02-04,17:40:00,35.137,35.187,35.137,35.187,1500,0
2015-02-04,17:45:00,35.177,35.187,35.167,35.187,4252,0
2015-02-04,17:50:00,35.177,35.177,35.097,35.157,6037,0
2015-02-04,17:55:00,35.137,35.146,35.067,35.087,7802,0
2015-02-04,18:00:00,35.087,35.087,35.037,35.087,5286,0
2015-02-04,18:05:00,35.087,35.087,35.057,35.057,800,0
2015-02-04,18:10:00,35.057,35.087,35.057,35.087,801,0
2015-02-04,18:15:00,35.087,35.087,35.057,35.057,1500,0
2015-02-04,18:20:00,35.078,35.097,35.067,35.077,1300,0
2015-02-04,18:25:00,35.067,35.067,35.027,35.037,1300,0
2015-02-04,18:30:00,35.032,35.032,34.967,34.967,3052,0
2015-02-04,18:35:00,34.947,34.987,34.947,34.967,2300,0
2015-02-04,18:40:00,34.957,34.957,34.888,34.917,4300,0
2015-02-04,18:45:00,34.917,34.987,34.858,34.858,10809,0
2015-02-04,18:50:00,34.858,34.907,34.858,34.897,1600,0
2015-02-04,18:55:00,34.927,34.967,34.917,34.967,2200,0
2015-02-04,19:00:00,34.967,34.967,34.951,34.957,1700,0
2015-02-04,19:05:00,34.967,34.977,34.937,34.947,2800,0
2015-02-04,19:10:00,34.937,34.947,34.929,34.938,1626,0
2015-02-04,19:15:00,34.947,34.967,34.947,34.947,2701,0
2015-02-04,19:20:00,34.958,35.007,34.958,34.997,2800,0
2015-02-04,19:25:00,35.007,35.041,34.997,35.027,1747,0
2015-02-04,19:30:00,35.027,35.087,35.027,35.087,1300,0
2015-02-04,19:35:00,35.087,35.136,35.067,35.136,3580,0
2015-02-04,19:40:00,35.117,35.117,35.097,35.107,1500,0
2015-02-04,19:45:00,35.101,35.117,35.097,35.117,2688,0
2015-02-04,19:50:00,35.137,35.167,35.137,35.167,2883,0
2015-02-04,19:55:00,35.157,35.157,35.137,35.137,5600,0
2015-02-04,20:00:00,35.127,35.142,35.127,35.127,3404,0
2015-02-04,20:05:00,35.127,35.187,35.127,35.187,2800,0
2015-02-04,20:10:00,35.177,35.177,35.107,35.107,4100,0
2015-02-04,20:15:00,35.127,35.127,35.087,35.09,2900,0
2015-02-04,20:20:00,35.077,35.147,35.069,35.087,4501,0
2015-02-04,20:25:00,35.107,35.137,35.087,35.09,8549,0
2015-02-04,20:30:00,35.097,35.157,35.097,35.112,5972,0
2015-02-04,20:35:00,35.107,35.127,35.087,35.127,5152,0
2015-02-04,20:40:00,35.127,35.177,35.127,35.147,4101,0
2015-02-04,20:45:00,35.117,35.152,35.117,35.147,4810,0
2015-02-04,20:50:00,35.157,35.187,35.157,35.187,5190,0
2015-02-04,20:55:00,35.187,35.187,35.137,35.177,6220,0
2015-02-04,21:00:00,35.167,35.172,35.127,35.157,3801,0
2015-02-04,21:05:00,35.177,35.187,35.157,35.177,3200,0
2015-02-04,21:10:00,35.177,35.199,35.173,35.199,2524,0
2015-02-04,21:15:00,35.197,35.197,35.15,35.167,9929,0
2015-02-04,21:20:00,35.177,35.217,35.177,35.197,3176,0
2015-02-04,21:25:00,35.197,35.227,35.167,35.207,5262,0
2015-02-04,21:30:00,35.209,35.247,35.209,35.247,5878,0
2015-02-04,21:35:00,35.257,35.267,35.207,35.227,5200,0
2015-02-04,21:40:00,35.257,35.257,35.157,35.157,10226,0
2015-02-04,21:45:00,35.152,35.166,35.027,35.067,14623,0
2015-02-04,21:50:00,35.057,35.057,34.997,35.042,13302,0
2015-02-04,21:55:00,35.057,35.072,35.027,35.037,10401,0
2015-02-04,22:00:00,35.037,35.087,35.027,35.067,25347,0
2015-02-05,15:35:00,35.217,35.227,35.185,35.227,800,0
2015-02-05,15:40:00,35.247,35.257,35.247,35.257,550,0
2015-02-05,15:45:00,35.387,35.387,35.147,35.217,2467,0
2015-02-05,15:50:00,35.267,35.267,35.217,35.237,2424,0
2015-02-05,15:55:00,35.227,35.327,35.177,35.177,16143,0
2015-02-05,16:00:00,35.197,35.227,35.182,35.227,5653,0
2015-02-05,16:05:00,35.277,35.277,35.227,35.257,3800,0
2015-02-05,16:10:00,35.257,35.257,35.207,35.212,4400,0
2015-02-05,16:15:00,35.207,35.257,35.197,35.217,5400,0
2015-02-05,16:20:00,35.237,35.277,35.207,35.207,5800,0
2015-02-05,16:25:00,35.187,35.207,35.187,35.197,1700,0
2015-02-05,16:30:00,35.187,35.227,35.177,35.197,7591,0
2015-02-05,16:35:00,35.177,35.217,35.177,35.217,2500,0
2015-02-05,16:40:00,35.217,35.272,35.207,35.272,3000,0
2015-02-05,16:45:00,35.267,35.287,35.217,35.237,10528,0
2015-02-05,16:50:00,35.237,35.247,35.129,35.129,11760,0
2015-02-05,16:55:00,35.117,35.167,35.117,35.127,5204,0
2015-02-05,17:00:00,35.147,35.167,35.132,35.132,2348,0
2015-02-05,17:05:00,35.127,35.137,35.112,35.137,1800,0
2015-02-05,17:10:00,35.142,35.147,35.117,35.147,4019,0
2015-02-05,17:15:00,35.157,35.187,35.157,35.157,7001,0
2015-02-05,17:20:00,35.167,35.167,35.077,35.085,8103,0
2015-02-05,17:25:00,35.097,35.117,35.077,35.077,7203,0
2015-02-05,17:30:00,35.077,35.077,35.037,35.077,7000,0
2015-02-05,17:35:00,35.107,35.137,35.107,35.107,3000,0
2015-02-05,17:40:00,35.147,35.157,35.107,35.107,2837,0
2015-02-05,17:45:00,35.107,35.137,35.107,35.127,3021,0
2015-02-05,17:50:00,35.187,35.187,35.187,35.187,400,0
2015-02-05,17:55:00,35.167,35.167,35.137,35.137,700,0
2015-02-05,18:00:00,35.167,35.227,35.167,35.217,3802,0
2015-02-05,18:05:00,35.217,35.237,35.207,35.217,4100,0
2015-02-05,18:10:00,35.217,35.217,35.207,35.207,700,0
2015-02-05,18:15:00,35.227,35.257,35.215,35.237,2902,0
2015-02-05,18:20:00,35.237,35.267,35.237,35.237,4800,0
2015-02-05,18:25:00,35.237,35.242,35.227,35.227,4830,0
2015-02-05,18:30:00,35.227,35.227,35.217,35.227,5008,0
2015-02-05,18:35:00,35.227,35.267,35.227,35.247,4800,0
2015-02-05,18:40:00,35.247,35.247,35.217,35.217,3456,0
2015-02-05,18:45:00,35.236,35.257,35.227,35.257,2880,0
2015-02-05,18:50:00,35.267,35.267,35.227,35.227,2600,0
2015-02-05,18:55:00,35.227,35.227,35.212,35.212,1800,0
2015-02-05,19:00:00,35.21,35.213,35.177,35.197,5596,0
2015-02-05,19:05:00,35.197,35.227,35.167,35.177,2900,0
2015-02-05,19:10:00,35.177,35.197,35.177,35.187,4793,0
2015-02-05,19:15:00,35.207,35.237,35.207,35.237,500,0
2015-02-05,19:20:00,35.232,35.247,35.232,35.247,1900,0
2015-02-05,19:25:00,35.254,35.257,35.237,35.237,3300,0
2015-02-05,19:30:00,35.247,35.247,35.242,35.247,700,0
2015-02-05,19:35:00,35.247,35.257,35.237,35.247,3700,0
2015-02-05,19:40:00,35.247,35.247,35.237,35.247,2800,0
2015-02-05,19:45:00,35.247,35.25,35.237,35.247,3100,0
2015-02-05,19:50:00,35.237,35.247,35.237,35.237,500,0
2015-02-05,19:55:00,35.247,35.287,35.237,35.277,8771,0
2015-02-05,20:00:00,35.277,35.337,35.277,35.297,2800,0
2015-02-05,20:05:00,35.287,35.292,35.267,35.267,2100,0
2015-02-05,20:10:00,35.257,35.297,35.257,35.289,4301,0
2015-02-05,20:15:00,35.297,35.397,35.297,35.347,6436,0
2015-02-05,20:20:00,35.337,35.337,35.317,35.327,1288,0
2015-02-05,20:25:00,35.337,35.347,35.327,35.337,2200,0
2015-02-05,20:30:00,35.327,35.327,35.287,35.312,3314,0
2015-02-05,20:35:00,35.307,35.312,35.287,35.307,2500,0
2015-02-05,20:40:00,35.297,35.303,35.295,35.303,1009,0
2015-02-05,20:45:00,35.297,35.297,35.267,35.267,3010,0
2015-02-05,20:50:00,35.267,35.277,35.247,35.257,5500,0
2015-02-05,20:55:00,35.267,35.287,35.267,35.277,2100,0
2015-02-05,21:00:00,35.287,35.317,35.267,35.312,5576,0
2015-02-05,21:05:00,35.307,35.327,35.307,35.317,2000,0
2015-02-05,21:10:00,35.317,35.322,35.287,35.307,3520,0
2015-02-05,21:15:00,35.307,35.312,35.287,35.307,2978,0
2015-02-05,21:20:00,35.317,35.317,35.297,35.317,1700,0
2015-02-05,21:25:00,35.317,35.337,35.317,35.327,4682,0
2015-02-05,21:30:00,35.327,35.347,35.327,35.337,7283,0
2015-02-05,21:35:00,35.337,35.357,35.337,35.347,2200,0
2015-02-05,21:40:00,35.367,35.387,35.357,35.382,4000,0
2015-02-05,21:45:00,35.387,35.387,35.377,35.382,4822,0
2015-02-05,21:50:00,35.382,35.387,35.327,35.337,14303,0
2015-02-05,21:55:00,35.357,35.437,35.357,35.377,28380,0
2015-02-05,22:00:00,35.377,35.437,35.347,35.377,50949,0
2015-02-06,15:35:00,35.576,35.596,35.407,35.466,4318,0
2015-02-06,15:40:00,35.565,35.576,35.565,35.576,800,0
2015-02-06,15:45:00,35.576,35.586,35.447,35.536,6050,0
2015-02-06,15:50:00,35.516,35.536,35.427,35.506,11137,0
2015-02-06,15:55:00,35.506,35.636,35.496,35.596,4823,0
2015-02-06,16:00:00,35.586,35.596,35.536,35.576,2850,0
2015-02-06,16:05:00,35.586,35.736,35.576,35.696,5072,0
2015-02-06,16:10:00,35.716,35.746,35.676,35.746,5894,0
2015-02-06,16:15:00,35.746,35.826,35.736,35.806,3400,0
2015-02-06,16:20:00,35.816,35.956,35.796,35.936,29924,0
2015-02-06,16:25:00,35.946,35.966,35.916,35.956,49886,0
2015-02-06,16:30:00,35.946,35.946,35.766,35.766,12509,0
2015-02-06,16:35:00,35.746,35.776,35.696,35.776,2525,0
2015-02-06,16:40:00,35.776,35.806,35.746,35.806,5101,0
2015-02-06,16:45:00,35.796,35.836,35.786,35.836,14437,0
2015-02-06,16:50:00,35.836,35.876,35.816,35.876,7500,0
2015-02-06,16:55:00,35.876,35.886,35.833,35.833,5400,0
2015-02-06,17:00:00,35.856,35.956,35.853,35.936,8927,0
2015-02-06,17:05:00,35.936,35.936,35.886,35.886,8305,0
2015-02-06,17:10:00,35.886,35.906,35.861,35.906,3700,0
2015-02-06,17:15:00,35.916,35.936,35.916,35.921,2970,0
2015-02-06,17:20:00,35.936,35.946,35.881,35.916,5199,0
2015-02-06,17:25:00,35.898,35.926,35.898,35.926,3402,0
2015-02-06,17:30:00,35.926,35.941,35.893,35.916,3000,0
2015-02-06,17:35:00,35.921,35.921,35.826,35.846,4022,0
2015-02-06,17:40:00,35.846,35.851,35.791,35.846,4088,0
2015-02-06,17:45:00,35.846,35.846,35.766,35.786,4761,0
2015-02-06,17:50:00,35.796,35.866,35.776,35.866,2800,0
2015-02-06,17:55:00,35.876,35.876,35.846,35.856,2700,0
2015-02-06,18:00:00,35.846,35.886,35.803,35.876,4720,0
2015-02-06,18:05:00,35.886,35.916,35.863,35.912,4500,0
2015-02-06,18:10:00,35.926,35.926,35.886,35.921,5831,0
2015-02-06,18:15:00,35.936,35.946,35.916,35.916,8126,0
2015-02-06,18:20:00,35.916,35.926,35.866,35.871,13204,0
2015-02-06,18:25:00,35.876,35.896,35.856,35.896,5451,0
2015-02-06,18:30:00,35.912,35.941,35.886,35.926,7151,0
2015-02-06,18:35:00,35.936,35.941,35.931,35.936,4200,0
2015-02-06,18:40:00,35.936,35.936,35.826,35.826,5280,0
2015-02-06,18:45:00,35.826,35.826,35.726,35.766,9400,0
2015-02-06,18:50:00,35.756,35.861,35.756,35.856,9152,0
2015-02-06,18:55:00,35.863,35.906,35.861,35.896,2600,0
2015-02-06,19:00:00,35.896,35.946,35.896,35.946,3700,0
2015-02-06,19:05:00,35.936,35.941,35.876,35.886,5387,0
2015-02-06,19:10:00,35.876,35.876,35.806,35.856,14005,0
2015-02-06,19:15:00,35.866,35.896,35.846,35.886,7701,0
2015-02-06,19:20:00,35.886,35.906,35.871,35.876,4727,0
2015-02-06,19:25:00,35.896,35.901,35.866,35.866,5001,0
2015-02-06,19:30:00,35.866,35.866,35.776,35.836,14211,0
2015-02-06,19:35:00,35.846,35.956,35.846,35.956,12242,0
2015-02-06,19:40:00,35.936,35.956,35.911,35.956,12816,0
2015-02-06,19:45:00,35.961,35.961,35.931,35.936,5200,0
2015-02-06,19:50:00,35.946,35.956,35.903,35.916,4700,0
2015-02-06,19:55:00,35.926,35.946,35.866,35.866,66151,0
2015-02-06,20:00:00,35.866,35.866,35.766,35.766,5998,0
2015-02-06,20:05:00,35.756,35.826,35.736,35.826,7397,0
2015-02-06,20:10:00,35.826,35.866,35.806,35.806,6152,0
2015-02-06,20:15:00,35.756,35.846,35.756,35.846,9905,0
2015-02-06,20:20:00,35.836,35.886,35.833,35.833,5901,0
2015-02-06,20:25:00,35.846,35.876,35.831,35.836,5561,0
2015-02-06,20:30:00,35.846,35.846,35.796,35.836,5870,0
2015-02-06,20:35:00,35.846,35.846,35.768,35.836,5908,0
2015-02-06,20:40:00,35.846,35.871,35.846,35.856,4826,0
2015-02-06,20:45:00,35.866,35.876,35.836,35.846,4529,0
2015-02-06,20:50:00,35.836,35.836,35.806,35.826,6339,0
2015-02-06,20:55:00,35.816,35.846,35.796,35.796,8038,0
2015-02-06,21:00:00,35.806,35.806,35.731,35.746,7110,0
2015-02-06,21:05:00,35.716,35.716,35.626,35.666,9462,0
2015-02-06,21:10:00,35.666,35.746,35.664,35.684,10240,0
2015-02-06,21:15:00,35.696,35.726,35.686,35.716,8703,0
2015-02-06,21:20:00,35.716,35.796,35.686,35.686,13793,0
2015-02-06,21:25:00,35.696,35.716,35.674,35.696,8113,0
2015-02-06,21:30:00,35.716,35.776,35.694,35.716,13246,0
2015-02-06,21:35:00,35.666,35.796,35.666,35.796,12633,0
2015-02-06,21:40:00,35.796,35.856,35.786,35.846,16955,0
2015-02-06,21:45:00,35.856,35.861,35.786,35.786,29689,0
2015-02-06,21:50:00,35.796,35.826,35.761,35.826,20006,0
2015-02-06,21:55:00,35.836,35.936,35.836,35.936,23148,0
2015-02-06,22:00:00,35.946,35.976,35.896,35.906,48030,0
2015-02-09,15:35:00,35.706,35.816,35.686,35.805,7454,0
2015-02-09,15:40:00,35.751,35.886,35.736,35.886,4102,0
2015-02-09,15:45:00,35.886,35.926,35.766,35.766,7725,0
2015-02-09,15:50:00,35.786,35.886,35.756,35.866,29123,0
2015-02-09,15:55:00,35.856,35.896,35.836,35.866,6000,0
2015-02-09,16:00:00,35.886,35.906,35.851,35.866,4768,0
2015-02-09,16:05:00,35.906,35.916,35.816,35.831,11903,0
2015-02-09,16:10:00,35.829,35.846,35.796,35.811,11749,0
2015-02-09,16:15:00,35.826,35.826,35.786,35.816,6602,0
2015-02-09,16:20:00,35.816,35.816,35.736,35.766,5450,0
2015-02-09,16:25:00,35.746,35.747,35.686,35.686,11988,0
2015-02-09,16:30:00,35.686,35.721,35.686,35.696,5824,0
2015-02-09,16:35:00,35.696,35.716,35.636,35.636,19262,0
2015-02-09,16:40:00,35.656,35.666,35.606,35.636,10805,0
2015-02-09,16:45:00,35.606,35.636,35.566,35.626,12337,0
2015-02-09,16:50:00,35.576,35.586,35.536,35.586,5100,0
2015-02-09,16:55:00,35.556,35.636,35.556,35.606,5697,0
2015-02-09,17:00:00,35.586,35.596,35.546,35.556,7400,0
2015-02-09,17:05:00,35.576,35.596,35.536,35.546,13730,0
2015-02-09,17:10:00,35.556,35.571,35.516,35.566,13530,0
2015-02-09,17:15:00,35.566,35.576,35.526,35.556,7306,0
2015-02-09,17:20:00,35.556,35.596,35.556,35.566,2676,0
2015-02-09,17:25:00,35.576,35.636,35.566,35.611,18311,0
2015-02-09,17:30:00,35.606,35.636,35.586,35.636,5703,0
2015-02-09,17:35:00,35.636,35.651,35.626,35.637,7663,0
2015-02-09,17:40:00,35.646,35.656,35.619,35.626,10246,0
2015-02-09,17:45:00,35.596,35.606,35.586,35.606,3601,0
2015-02-09,17:50:00,35.586,35.596,35.566,35.566,7307,0
2015-02-09,17:55:00,35.566,35.626,35.566,35.626,3600,0
2015-02-09,18:00:00,35.626,35.646,35.626,35.646,2500,0
2015-02-09,18:05:00,35.636,35.636,35.596,35.636,10052,0
2015-02-09,18:10:00,35.616,35.706,35.616,35.706,6302,0
2015-02-09,18:15:00,35.696,35.706,35.676,35.676,4905,0
2015-02-09,18:20:00,35.666,35.686,35.646,35.686,4302,0
2015-02-09,18:25:00,35.686,35.716,35.656,35.656,5927,0
2015-02-09,18:30:00,35.646,35.651,35.576,35.586,4304,0
2015-02-09,18:35:00,35.586,35.656,35.576,35.646,9512,0
2015-02-09,18:40:00,35.646,35.646,35.606,35.626,8198,0
2015-02-09,18:45:00,35.626,35.626,35.606,35.616,5304,0
2015-02-09,18:50:00,35.626,35.636,35.606,35.626,53016,0
2015-02-09,18:55:00,35.636,35.641,35.631,35.636,51728,0
2015-02-09,19:00:00,35.646,35.646,35.615,35.616,12612,0
2015-02-09,19:05:00,35.616,35.626,35.596,35.616,7054,0
2015-02-09,19:10:00,35.606,35.651,35.606,35.651,8100,0
2015-02-09,19:15:00,35.651,35.651,35.626,35.636,14569,0
2015-02-09,19:20:00,35.646,35.654,35.636,35.636,2811,0
2015-02-09,19:25:00,35.646,35.656,35.636,35.646,9103,0
2015-02-09,19:30:00,35.636,35.655,35.626,35.636,5050,0
2015-02-09,19:35:00,35.626,35.646,35.601,35.646,7951,0
2015-02-09,19:40:00,35.651,35.656,35.596,35.606,6022,0
2015-02-09,19:45:00,35.606,35.646,35.606,35.626,7702,0
2015-02-09,19:50:00,35.616,35.636,35.589,35.636,10304,0
2015-02-09,19:55:00,35.646,35.656,35.636,35.651,5604,0
2015-02-09,20:00:00,35.651,35.651,35.636,35.646,9444,0
2015-02-09,20:05:00,35.651,35.656,35.646,35.646,5597,0
2015-02-09,20:10:00,35.646,35.651,35.606,35.611,5976,0
2015-02-09,20:15:00,35.616,35.636,35.566,35.566,8516,0
2015-02-09,20:20:00,35.576,35.576,35.466,35.516,38882,0
2015-02-09,20:25:00,35.506,35.576,35.496,35.566,97411,0
2015-02-09,20:30:00,35.576,35.651,35.566,35.626,8203,0
2015-02-09,20:35:00,35.636,35.646,35.616,35.644,5234,0
2015-02-09,20:40:00,35.646,35.666,35.616,35.661,6924,0
2015-02-09,20:45:00,35.676,35.756,35.676,35.726,12034,0
2015-02-09,20:50:00,35.726,35.726,35.706,35.716,13741,0
2015-02-09,20:55:00,35.726,35.736,35.716,35.736,7238,0
2015-02-09,21:00:00,35.716,35.735,35.706,35.706,9500,0
2015-02-09,21:05:00,35.691,35.726,35.576,35.646,16608,0
2015-02-09,21:10:00,35.626,35.721,35.626,35.721,10267,0
2015-02-09,21:15:00,35.716,35.776,35.656,35.756,12263,0
2015-02-09,21:20:00,35.756,35.761,35.656,35.661,15684,0
2015-02-09,21:25:00,35.661,35.716,35.646,35.691,8934,0
2015-02-09,21:30:00,35.696,35.726,35.686,35.706,10529,0
2015-02-09,21:35:00,35.726,35.796,35.716,35.796,15102,0
2015-02-09,21:40:00,35.786,35.806,35.726,35.756,15509,0
2015-02-09,21:45:00,35.776,35.826,35.756,35.756,13760,0
2015-02-09,21:50:00,35.756,35.966,35.756,35.946,44976,0
2015-02-09,21:55:00,35.936,35.976,35.921,35.941,39031,0
2015-02-09,22:00:00,35.946,36.035,35.931,35.986,125168,0
2015-02-10,15:35:00,36.714,37.183,36.287,36.545,77892,0
2015-02-10,15:40:00,36.395,36.884,36.185,36.792,22695,0
2015-02-10,15:45:00,36.804,36.804,36.365,36.495,14333,0
2015-02-10,15:50:00,36.515,36.565,36.395,36.515,29753,0
2015-02-10,15:55:00,36.525,36.594,36.375,36.445,38417,0
2015-02-10,16:00:00,36.43,36.774,36.43,36.675,34254,0
2015-02-10,16:05:00,36.674,36.674,36.435,36.445,27000,0
2015-02-10,16:10:00,36.444,36.485,36.335,36.335,48185,0
2015-02-10,16:15:00,36.335,36.584,36.325,36.545,50034,0
2015-02-10,16:20:00,36.555,36.555,36.435,36.52,17504,0
2015-02-10,16:25:00,36.535,36.54,36.425,36.425,22117,0
2015-02-10,16:30:00,36.415,36.415,36.325,36.405,23460,0
2015-02-10,16:35:00,36.415,36.445,36.385,36.435,10503,0
2015-02-10,16:40:00,36.435,36.435,36.305,36.375,16741,0
2015-02-10,16:45:00,36.365,36.405,36.335,36.335,9804,0
2015-02-10,16:50:00,36.345,36.385,36.175,36.35,20471,0
2015-02-10,16:55:00,36.315,36.445,36.265,36.435,12902,0
2015-02-10,17:00:00,36.435,36.555,36.395,36.445,32623,0
2015-02-10,17:05:00,36.425,36.455,36.365,36.455,13152,0
2015-02-10,17:10:00,36.475,36.493,36.435,36.45,16414,0
2015-02-10,17:15:00,36.445,36.445,36.385,36.415,9904,0
2015-02-10,17:20:00,36.415,36.435,36.395,36.435,7600,0
2015-02-10,17:25:00,36.395,36.395,36.325,36.325,7604,0
2015-02-10,17:30:00,36.325,36.435,36.305,36.435,10603,0
2015-02-10,17:35:00,36.435,36.435,36.405,36.405,5300,0
2015-02-10,17:40:00,36.415,36.435,36.395,36.405,7073,0
2015-02-10,17:45:00,36.41,36.455,36.405,36.44,20613,0
2015-02-10,17:50:00,36.435,36.52,36.435,36.505,10973,0
2015-02-10,17:55:00,36.515,36.535,36.495,36.5,3702,0
2015-02-10,18:00:00,36.495,36.495,36.435,36.44,12302,0
2015-02-10,18:05:00,36.44,36.445,36.325,36.335,12157,0
2015-02-10,18:10:00,36.335,36.415,36.335,36.375,16868,0
2015-02-10,18:15:00,36.37,36.445,36.37,36.415,8712,0
2015-02-10,18:20:00,36.405,36.405,36.365,36.395,7801,0
2015-02-10,18:25:00,36.445,36.455,36.395,36.435,7600,0
2015-02-10,18:30:00,36.445,36.445,36.335,36.345,5801,0
2015-02-10,18:35:00,36.34,36.355,36.335,36.345,8105,0
2015-02-10,18:40:00,36.35,36.415,36.35,36.415,9241,0
2015-02-10,18:45:00,36.405,36.445,36.395,36.435,12650,0
2015-02-10,18:50:00,36.43,36.445,36.415,36.435,12200,0
2015-02-10,18:55:00,36.435,36.435,36.395,36.395,7564,0
2015-02-10,19:00:00,36.39,36.415,36.335,36.34,22056,0
2015-02-10,19:05:00,36.345,36.365,36.335,36.355,12392,0
2015-02-10,19:10:00,36.355,36.435,36.335,36.365,13182,0
2015-02-10,19:15:00,36.365,36.365,36.315,36.335,41538,0
2015-02-10,19:20:00,36.335,36.335,36.265,36.275,9781,0
2015-02-10,19:25:00,36.285,36.355,36.285,36.355,17615,0
2015-02-10,19:30:00,36.355,36.355,36.33,36.335,5763,0
2015-02-10,19:35:00,36.33,36.425,36.315,36.425,38321,0
2015-02-10,19:40:00,36.435,36.455,36.385,36.385,15057,0
2015-02-10,19:45:00,36.385,36.415,36.365,36.405,15731,0
2015-02-10,19:50:00,36.405,36.425,36.375,36.375,8567,0
2015-02-10,19:55:00,36.375,36.385,36.315,36.315,7822,0
2015-02-10,20:00:00,36.315,36.335,36.095,36.255,29640,0
2015-02-10,20:05:00,36.255,36.315,36.255,36.27,4900,0
2015-02-10,20:10:00,36.275,36.335,36.27,36.31,5625,0
2015-02-10,20:15:00,36.31,36.335,36.275,36.33,40565,0
2015-02-10,20:20:00,36.335,36.355,36.285,36.295,26749,0
2015-02-10,20:25:00,36.295,36.325,36.29,36.32,5201,0
2015-02-10,20:30:00,36.325,36.335,36.325,36.335,11809,0
2015-02-10,20:35:00,36.335,36.485,36.315,36.485,36081,0
2015-02-10,20:40:00,36.505,36.535,36.415,36.435,23449,0
2015-02-10,20:45:00,36.435,36.445,36.415,36.425,15295,0
2015-02-10,20:50:00,36.435,36.445,36.415,36.415,9929,0
2015-02-10,20:55:00,36.425,36.44,36.425,36.435,10270,0
2015-02-10,21:00:00,36.435,36.445,36.4,36.425,16819,0
2015-02-10,21:05:00,36.415,36.435,36.395,36.434,10223,0
2015-02-10,21:10:00,36.43,36.442,36.405,36.435,12361,0
2015-02-10,21:15:00,36.435,36.44,36.295,36.345,16645,0
2015-02-10,21:20:00,36.365,36.375,36.34,36.355,13288,0
2015-02-10,21:25:00,36.355,36.365,36.325,36.335,14090,0
2015-02-10,21:30:00,36.33,36.345,36.315,36.335,25306,0
2015-02-10,21:35:00,36.335,36.355,36.305,36.325,27103,0
2015-02-10,21:40:00,36.335,36.345,36.32,36.325,24469,0
2015-02-10,21:45:00,36.335,36.365,36.325,36.345,98467,0
2015-02-10,21:50:00,36.335,36.395,36.335,36.375,34006,0
2015-02-10,21:55:00,36.385,36.405,36.335,36.37,50760,0
2015-02-10,22:00:00,36.375,36.375,36.295,36.335,117576,0
2015-02-11,15:35:00,36.395,36.43,36.115,36.405,4087,0
2015-02-11,15:40:00,36.355,36.355,36.225,36.245,15623,0
2015-02-11,15:45:00,36.283,36.375,36.265,36.265,7825,0
2015-02-11,15:50:00,36.335,36.365,36.295,36.325,6000,0
2015-02-11,15:55:00,36.335,36.355,36.295,36.295,8702,0
2015-02-11,16:00:00,36.305,36.325,36.255,36.285,11263,0
2015-02-11,16:05:00,36.315,36.325,36.265,36.265,10351,0
2015-02-11,16:10:00,36.275,36.305,36.225,36.275,13255,0
2015-02-11,16:15:00,36.275,36.295,36.175,36.185,17170,0
2015-02-11,16:20:00,36.215,36.225,36.185,36.205,8940,0
2015-02-11,16:25:00,36.195,36.195,36.105,36.105,17990,0
2015-02-11,16:30:00,36.115,36.115,35.906,35.906,59682,0
2015-02-11,16:35:00,35.936,36.015,35.926,35.946,89355,0
2015-02-11,16:40:00,35.953,35.966,35.916,35.956,37849,0
2015-02-11,16:45:00,35.961,36.006,35.926,35.946,49306,0
2015-02-11,16:50:00,35.951,36.025,35.906,35.986,60058,0
2015-02-11,16:55:00,35.986,36.01,35.926,35.986,39561,0
2015-02-11,17:00:00,35.981,35.986,35.926,35.936,17126,0
2015-02-11,17:05:00,35.916,35.976,35.916,35.946,22464,0
2015-02-11,17:10:00,35.941,35.956,35.936,35.936,21410,0
2015-02-11,17:15:00,35.936,35.951,35.926,35.936,27894,0
2015-02-11,17:20:00,35.936,35.946,35.886,35.926,16669,0
2015-02-11,17:25:00,35.926,35.936,35.926,35.936,114609,0
2015-02-11,17:30:00,35.936,36.025,35.936,36.025,43855,0
2015-02-11,17:35:00,36.015,36.105,35.996,36.105,23426,0
2015-02-11,17:40:00,36.085,36.085,35.986,36.075,95622,0
2015-02-11,17:45:00,36.045,36.095,36.006,36.025,44603,0
2015-02-11,17:50:00,36.045,36.075,36.015,36.055,27033,0
2015-02-11,17:55:00,36.055,36.055,35.996,36.025,37549,0
2015-02-11,18:00:00,36.02,36.085,36.015,36.025,27310,0
2015-02-11,18:05:00,36.025,36.04,36.011,36.025,28276,0
2015-02-11,18:10:00,36.035,36.045,36.015,36.035,11782,0
2015-02-11,18:15:00,36.035,36.045,36.03,36.035,12911,0
2015-02-11,18:20:00,36.035,36.035,36.015,36.035,7736,0
2015-02-11,18:25:00,36.035,36.035,36.02,36.02,4500,0
2015-02-11,18:30:00,36.025,36.035,36.006,36.025,11534,0
2015-02-11,18:35:00,36.025,36.025,36.006,36.015,4900,0
2015-02-11,18:40:00,36.006,36.045,36.006,36.035,27274,0
2015-02-11,18:45:00,36.035,36.045,36.015,36.025,7732,0
2015-02-11,18:50:00,36.025,36.035,36.015,36.015,13000,0
2015-02-11,18:55:00,36.015,36.025,36.015,36.022,6500,0
2015-02-11,19:00:00,36.015,36.015,36.006,36.006,10901,0
2015-02-11,19:05:00,36.006,36.035,35.996,36.03,10176,0
2015-02-11,19:10:00,36.025,36.025,35.936,35.996,31566,0
2015-02-11,19:15:00,35.986,35.996,35.926,35.936,11142,0
2015-02-11,19:20:00,35.936,35.966,35.916,35.966,29737,0
2015-02-11,19:25:00,35.966,35.966,35.926,35.936,13723,0
2015-02-11,19:30:00,35.936,35.946,35.846,35.856,19507,0
2015-02-11,19:35:00,35.906,35.926,35.866,35.916,6700,0
2015-02-11,19:40:00,35.936,35.946,35.916,35.926,274950,0
2015-02-11,19:45:00,35.936,35.946,35.916,35.916,10224,0
2015-02-11,19:50:00,35.916,35.926,35.876,35.926,9954,0
2015-02-11,19:55:00,35.926,35.936,35.916,35.916,7892,0
2015-02-11,20:00:00,35.916,35.946,35.916,35.946,15159,0
2015-02-11,20:05:00,35.926,35.936,35.926,35.936,6802,0
2015-02-11,20:10:00,35.936,35.936,35.926,35.936,5500,0
2015-02-11,20:15:00,35.936,35.936,35.906,35.926,10568,0
2015-02-11,20:20:00,35.919,35.926,35.886,35.926,11292,0
2015-02-11,20:25:00,35.926,35.926,35.906,35.916,9908,0
2015-02-11,20:30:00,35.916,35.916,35.906,35.916,7969,0
2015-02-11,20:35:00,35.916,35.935,35.916,35.926,8687,0
2015-02-11,20:40:00,35.926,35.936,35.926,35.936,3893,0
2015-02-11,20:45:00,35.931,35.946,35.916,35.936,81863,0
2015-02-11,20:50:00,35.931,35.936,35.916,35.936,19156,0
2015-02-11,20:55:00,35.926,35.996,35.916,35.926,102852,0
2015-02-11,21:00:00,35.936,35.946,35.916,35.941,111261,0
2015-02-11,21:05:00,35.946,35.966,35.926,35.936,29283,0
2015-02-11,21:10:00,35.936,35.961,35.926,35.946,18667,0
2015-02-11,21:15:00,35.956,35.966,35.941,35.966,21092,0
2015-02-11,21:20:00,35.986,36.055,35.986,36.01,23246,0
2015-02-11,21:25:00,36.015,36.035,36.006,36.035,10854,0
2015-02-11,21:30:00,36.03,36.035,36.015,36.025,24801,0
2015-02-11,21:35:00,36.03,36.035,35.986,35.996,20448,0
2015-02-11,21:40:00,35.986,35.996,35.986,35.996,12298,0
2015-02-11,21:45:00,35.996,35.996,35.976,35.976,14096,0
2015-02-11,21:50:00,35.976,35.996,35.956,35.966,28489,0
2015-02-11,21:55:00,35.966,35.966,35.886,35.896,28724,0
2015-02-11,22:00:00,35.886,35.926,35.886,35.906,60416,0
2015-02-12,15:35:00,36.065,36.135,35.965,36.135,5941,0
2015-02-12,15:40:00,36.205,36.205,36.105,36.125,11706,0
2015-02-12,15:45:00,36.103,36.155,36.075,36.075,24130,0
2015-02-12,15:50:00,36.135,36.255,36.105,36.215,5703,0
2015-02-12,15:55:00,36.239,36.355,36.215,36.315,26957,0
2015-02-12,16:00:00,36.375,36.4,36.325,36.385,91156,0
2015-02-12,16:05:00,36.395,36.395,36.325,36.335,17620,0
2015-02-12,16:10:00,36.375,36.375,36.285,36.295,17538,0
2015-02-12,16:15:00,36.335,36.385,36.335,36.385,7649,0
2015-02-12,16:20:00,36.385,36.405,36.335,36.405,12471,0
2015-02-12,16:25:00,36.405,36.405,36.235,36.255,17696,0
2015-02-12,16:30:00,36.263,36.315,36.235,36.255,8297,0
2015-02-12,16:35:00,36.29,36.365,36.29,36.365,10321,0
2015-02-12,16:40:00,36.345,36.36,36.325,36.335,29087,0
2015-02-12,16:45:00,36.345,36.355,36.312,36.315,3201,0
2015-02-12,16:50:00,36.325,36.335,36.305,36.31,5165,0
2015-02-12,16:55:00,36.315,36.315,36.285,36.305,16491,0
2015-02-12,17:00:00,36.305,36.355,36.235,36.235,8202,0
2015-02-12,17:05:00,36.265,36.295,36.261,36.265,4368,0
2015-02-12,17:10:00,36.285,36.285,36.255,36.26,3980,0
2015-02-12,17:15:00,36.265,36.265,36.185,36.185,7507,0
2015-02-12,17:20:00,36.195,36.215,36.185,36.185,3851,0
2015-02-12,17:25:00,36.195,36.215,36.185,36.215,19323,0
2015-02-12,17:30:00,36.215,36.235,36.21,36.215,13169,0
2015-02-12,17:35:00,36.245,36.285,36.24,36.285,3100,0
2015-02-12,17:40:00,36.285,36.295,36.285,36.295,1901,0
2015-02-12,17:45:00,36.295,36.295,36.275,36.275,7353,0
2015-02-12,17:50:00,36.285,36.315,36.28,36.29,3991,0
2015-02-12,17:55:00,36.295,36.35,36.295,36.35,9407,0
2015-02-12,18:00:00,36.345,36.35,36.3,36.305,3600,0
2015-02-12,18:05:00,36.305,36.305,36.3,36.3,4110,0
2015-02-12,18:10:00,36.295,36.3,36.285,36.295,1940,0
2015-02-12,18:15:00,36.285,36.295,36.285,36.285,10787,0
2015-02-12,18:20:00,36.295,36.295,36.289,36.295,3973,0
2015-02-12,18:25:00,36.295,36.296,36.255,36.29,24157,0
2015-02-12,18:30:00,36.295,36.305,36.29,36.305,4600,0
2015-02-12,18:35:00,36.3,36.305,36.285,36.3,8738,0
2015-02-12,18:40:00,36.3,36.305,36.295,36.295,7410,0
2015-02-12,18:45:00,36.29,36.305,36.29,36.295,8110,0
2015-02-12,18:50:00,36.295,36.305,36.29,36.295,6545,0
2015-02-12,18:55:00,36.295,36.305,36.285,36.305,9846,0
2015-02-12,19:00:00,36.305,36.315,36.295,36.305,11719,0
2015-02-12,19:05:00,36.299,36.315,36.295,36.295,5086,0
2015-02-12,19:10:00,36.305,36.305,36.235,36.245,14601,0
2015-02-12,19:15:00,36.235,36.25,36.185,36.215,7241,0
2015-02-12,19:20:00,36.195,36.235,36.185,36.205,2841,0
2015-02-12,19:25:00,36.245,36.245,36.185,36.235,4700,0
2015-02-12,19:30:00,36.235,36.295,36.235,36.295,7100,0
2015-02-12,19:35:00,36.285,36.295,36.245,36.285,11893,0
2015-02-12,19:40:00,36.285,36.315,36.265,36.305,9054,0
2015-02-12,19:45:00,36.335,36.335,36.315,36.325,16858,0
2015-02-12,19:50:00,36.335,36.355,36.325,36.345,16389,0
2015-02-12,19:55:00,36.35,36.365,36.325,36.365,7810,0
2015-02-12,20:00:00,36.36,36.435,36.355,36.365,19616,0
2015-02-12,20:05:00,36.395,36.395,36.345,36.345,5303,0
2015-02-12,20:10:00,36.345,36.375,36.345,36.37,4701,0
2015-02-12,20:15:00,36.37,36.375,36.325,36.325,9956,0
2015-02-12,20:20:00,36.325,36.345,36.325,36.335,3275,0
2015-02-12,20:25:00,36.335,36.35,36.335,36.335,6903,0
2015-02-12,20:30:00,36.34,36.355,36.335,36.335,9315,0
2015-02-12,20:35:00,36.335,36.335,36.32,36.32,9486,0
2015-02-12,20:40:00,36.32,36.32,36.275,36.295,6555,0
2015-02-12,20:45:00,36.285,36.308,36.245,36.3,13943,0
2015-02-12,20:50:00,36.3,36.325,36.295,36.325,12436,0
2015-02-12,20:55:00,36.32,36.325,36.305,36.315,13368,0
2015-02-12,21:00:00,36.335,36.345,36.325,36.325,38105,0
2015-02-12,21:05:00,36.315,36.325,36.315,36.315,6422,0
2015-02-12,21:10:00,36.315,36.325,36.315,36.315,8751,0
2015-02-12,21:15:00,36.315,36.325,36.315,36.325,5513,0
2015-02-12,21:20:00,36.325,36.325,36.315,36.319,6473,0
2015-02-12,21:25:00,36.325,36.395,36.315,36.395,22534,0
2015-02-12,21:30:00,36.405,36.475,36.405,36.43,51444,0
2015-02-12,21:35:00,36.425,36.435,36.395,36.395,9324,0
2015-02-12,21:40:00,36.405,36.405,36.325,36.335,34678,0
2015-02-12,21:45:00,36.33,36.355,36.325,36.355,20878,0
2015-02-12,21:50:00,36.355,36.355,36.345,36.355,11648,0
2015-02-12,21:55:00,36.345,36.345,36.305,36.315,23707,0
2015-02-12,22:00:00,36.305,36.375,36.305,36.335,98869,0
2015-02-13,15:35:00,36.255,36.385,36.006,36.335,11072,0
2015-02-13,15:40:00,36.325,36.425,36.265,36.425,43953,0
2015-02-13,15:45:00,36.415,36.435,36.363,36.435,5842,0
2015-02-13,15:50:00,36.405,36.435,36.385,36.395,5894,0
2015-02-13,15:55:00,36.395,36.395,36.355,36.355,3203,0
2015-02-13,16:00:00,36.375,36.435,36.375,36.425,1800,0
2015-02-13,16:05:00,36.405,36.405,36.355,36.365,4500,0
2015-02-13,16:10:00,36.345,36.375,36.345,36.365,2400,0
2015-02-13,16:15:00,36.355,36.395,36.355,36.39,4436,0
2015-02-13,16:20:00,36.395,36.405,36.375,36.375,3400,0
2015-02-13,16:25:00,36.385,36.395,36.365,36.385,12060,0
2015-02-13,16:30:00,36.385,36.395,36.375,36.385,17635,0
2015-02-13,16:35:00,36.385,36.505,36.385,36.485,11512,0
2015-02-13,16:40:00,36.485,36.485,36.43,36.43,9927,0
2015-02-13,16:45:00,36.435,36.44,36.425,36.425,5600,0
2015-02-13,16:50:00,36.425,36.435,36.415,36.426,6009,0
2015-02-13,16:55:00,36.432,36.44,36.415,36.425,25760,0
2015-02-13,17:00:00,36.435,36.435,36.425,36.425,1722,0
2015-02-13,17:05:00,36.435,36.465,36.43,36.445,9452,0
2015-02-13,17:10:00,36.45,36.49,36.45,36.49,4526,0
2015-02-13,17:15:00,36.49,36.505,36.485,36.505,4225,0
2015-02-13,17:20:00,36.5,36.5,36.455,36.455,7825,0
2015-02-13,17:25:00,36.485,36.515,36.475,36.475,7455,0
2015-02-13,17:30:00,36.485,36.495,36.485,36.485,5501,0
2015-02-13,17:35:00,36.485,36.485,36.475,36.485,400,0
2015-02-13,17:40:00,36.494,36.494,36.455,36.485,9069,0
2015-02-13,17:45:00,36.485,36.49,36.485,36.49,4351,0
2015-02-13,17:50:00,36.49,36.49,36.475,36.475,2900,0
2015-02-13,17:55:00,36.475,36.475,36.475,36.475,1000,0
2015-02-13,18:00:00,36.475,36.495,36.475,36.49,9412,0
2015-02-13,18:05:00,36.49,36.49,36.465,36.485,4573,0
2015-02-13,18:10:00,36.485,36.495,36.485,36.49,900,0
2015-02-13,18:15:00,36.485,36.49,36.485,36.49,900,0
2015-02-13,18:20:00,36.485,36.49,36.465,36.475,5653,0
2015-02-13,18:25:00,36.485,36.487,36.465,36.465,2702,0
2015-02-13,18:30:00,36.475,36.475,36.405,36.405,3800,0
2015-02-13,18:35:00,36.405,36.405,36.345,36.375,5502,0
2015-02-13,18:40:00,36.38,36.38,36.325,36.325,3919,0
2015-02-13,18:45:00,36.325,36.345,36.315,36.345,2700,0
2015-02-13,18:50:00,36.335,36.355,36.295,36.295,10013,0
2015-02-13,18:55:00,36.305,36.315,36.305,36.305,1600,0
2015-02-13,19:00:00,36.305,36.315,36.285,36.315,7036,0
2015-02-13,19:05:00,36.325,36.365,36.315,36.335,5201,0
2015-02-13,19:10:00,36.325,36.335,36.325,36.335,500,0
2015-02-13,19:15:00,36.335,36.375,36.325,36.375,2000,0
2015-02-13,19:20:00,36.37,36.375,36.37,36.375,1200,0
2015-02-13,19:25:00,36.365,36.365,36.339,36.355,6550,0
2015-02-13,19:30:00,36.375,36.385,36.365,36.375,3000,0
2015-02-13,19:35:00,36.365,36.37,36.325,36.335,5268,0
2015-02-13,19:40:00,36.335,36.335,36.295,36.33,4840,0
2015-02-13,19:45:00,36.345,36.365,36.335,36.335,3000,0
2015-02-13,19:50:00,36.33,36.335,36.325,36.33,45273,0
2015-02-13,19:55:00,36.335,36.375,36.325,36.335,82887,0
2015-02-13,20:00:00,36.335,36.345,36.33,36.34,6518,0
2015-02-13,20:05:00,36.34,36.343,36.245,36.305,19477,0
2015-02-13,20:10:00,36.295,36.335,36.295,36.33,19933,0
2015-02-13,20:15:00,36.33,36.345,36.325,36.345,13404,0
2015-02-13,20:20:00,36.345,36.395,36.345,36.395,10703,0
2015-02-13,20:25:00,36.39,36.455,36.39,36.435,11293,0
2015-02-13,20:30:00,36.435,36.485,36.425,36.485,11502,0
2015-02-13,20:35:00,36.49,36.525,36.485,36.515,11801,0
2015-02-13,20:40:00,36.525,36.565,36.515,36.545,9527,0
2015-02-13,20:45:00,36.555,36.644,36.555,36.644,9354,0
2015-02-13,20:50:00,36.644,36.684,36.644,36.684,6702,0
2015-02-13,20:55:00,36.684,36.684,36.634,36.654,16521,0
2015-02-13,21:00:00,36.664,36.684,36.664,36.684,5101,0
2015-02-13,21:05:00,36.684,36.684,36.674,36.684,5000,0
2015-02-13,21:10:00,36.684,36.704,36.634,36.684,41856,0
2015-02-13,21:15:00,36.674,36.684,36.664,36.684,5928,0
2015-02-13,21:20:00,36.674,36.704,36.674,36.694,11323,0
2015-02-13,21:25:00,36.704,36.764,36.704,36.734,15221,0
2015-02-13,21:30:00,36.744,36.784,36.734,36.734,11102,0
2015-02-13,21:35:00,36.744,36.744,36.714,36.724,14049,0
2015-02-13,21:40:00,36.724,36.874,36.724,36.874,39468,0
2015-02-13,21:45:00,36.874,36.974,36.864,36.971,83260,0
2015-02-13,21:50:00,36.969,36.979,36.924,36.979,85275,0
2015-02-13,21:55:00,36.984,37.054,36.964,37.044,92238,0
2015-02-13,22:00:00,37.044,37.044,36.944,36.964,144375,0
2015-02-17,15:35:00,36.884,36.964,36.874,36.964,6169,0
2015-02-17,15:40:00,36.964,37.034,36.944,36.963,11150,0
2015-02-17,15:45:00,36.944,36.971,36.924,36.959,9196,0
2015-02-17,15:50:00,36.964,37.034,36.96,37.034,8959,0
2015-02-17,15:55:00,37.004,37.114,37.004,37.104,9083,0
2015-02-17,16:00:00,37.124,37.213,37.064,37.213,11822,0
2015-02-17,16:05:00,37.203,37.213,37.114,37.157,12826,0
2015-02-17,16:10:00,37.163,37.243,37.144,37.218,26269,0
2015-02-17,16:15:00,37.233,37.293,37.213,37.293,12650,0
2015-02-17,16:20:00,37.293,37.323,37.243,37.285,40046,0
2015-02-17,16:25:00,37.288,37.33,37.243,37.33,60341,0
2015-02-17,16:30:00,37.303,37.343,37.283,37.343,15800,0
2015-02-17,16:35:00,37.363,37.388,37.353,37.373,8978,0
2015-02-17,16:40:00,37.363,37.423,37.343,37.413,24875,0
2015-02-17,16:45:00,37.42,37.423,37.393,37.413,10956,0
2015-02-17,16:50:00,37.423,37.483,37.413,37.433,49959,0
2015-02-17,16:55:00,37.433,37.433,37.343,37.343,7885,0
2015-02-17,17:00:00,37.343,37.403,37.333,37.403,21280,0
2015-02-17,17:05:00,37.413,37.423,37.378,37.378,11273,0
2015-02-17,17:10:00,37.383,37.393,37.358,37.383,60470,0
2015-02-17,17:15:00,37.383,37.433,37.313,37.413,62930,0
2015-02-17,17:20:00,37.423,37.423,37.353,37.373,923059,0
2015-02-17,17:25:00,37.373,37.443,37.353,37.433,39573,0
2015-02-17,17:30:00,37.443,37.563,37.443,37.538,37445,0
2015-02-17,17:35:00,37.533,37.533,37.453,37.453,36961,0
2015-02-17,17:40:00,37.493,37.523,37.483,37.495,6280,0
2015-02-17,17:45:00,37.505,37.523,37.453,37.453,13279,0
2015-02-17,17:50:00,37.453,37.493,37.453,37.493,8364,0
2015-02-17,17:55:00,37.523,37.523,37.483,37.483,5432,0
2015-02-17,18:00:00,37.483,37.533,37.483,37.52,96596,0
2015-02-17,18:05:00,37.523,37.623,37.523,37.623,21990,0
2015-02-17,18:10:00,37.623,37.653,37.583,37.603,15608,0
2015-02-17,18:15:00,37.613,37.653,37.603,37.653,19323,0
2015-02-17,18:20:00,37.653,37.732,37.613,37.613,29154,0
2015-02-17,18:25:00,37.643,37.732,37.583,37.683,25642,0
2015-02-17,18:30:00,37.663,37.712,37.633,37.692,23642,0
2015-02-17,18:35:00,37.707,37.787,37.702,37.732,18519,0
2015-02-17,18:40:00,37.722,37.722,37.653,37.683,9864,0
2015-02-17,18:45:00,37.683,37.712,37.573,37.573,31153,0
2015-02-17,18:50:00,37.573,37.593,37.523,37.543,39129,0
2015-02-17,18:55:00,37.593,37.593,37.511,37.523,31686,0
2015-02-17,19:00:00,37.493,37.503,37.483,37.483,6871,0
2015-02-17,19:05:00,37.473,37.528,37.453,37.523,33530,0
2015-02-17,19:10:00,37.513,37.563,37.503,37.563,15712,0
2015-02-17,19:15:00,37.553,37.563,37.503,37.503,28148,0
2015-02-17,19:20:00,37.493,37.533,37.488,37.533,5389,0
2015-02-17,19:25:00,37.533,37.593,37.523,37.583,4424,0
2015-02-17,19:30:00,37.583,37.593,37.563,37.573,10373,0
2015-02-17,19:35:00,37.573,37.573,37.533,37.533,8510,0
2015-02-17,19:40:00,37.543,37.573,37.533,37.538,33234,0
2015-02-17,19:45:00,37.538,37.553,37.513,37.538,10325,0
2015-02-17,19:50:00,37.538,37.553,37.533,37.553,6862,0
2015-02-17,19:55:00,37.562,37.593,37.562,37.583,5822,0
2015-02-17,20:00:00,37.582,37.593,37.551,37.593,2200,0
2015-02-17,20:05:00,37.593,37.593,37.563,37.563,14826,0
2015-02-17,20:10:00,37.573,37.603,37.553,37.554,5303,0
2015-02-17,20:15:00,37.563,37.587,37.553,37.573,2650,0
2015-02-17,20:20:00,37.573,37.588,37.543,37.548,8603,0
2015-02-17,20:25:00,37.553,37.583,37.548,37.583,3977,0
2015-02-17,20:30:00,37.583,37.583,37.563,37.573,9901,0
2015-02-17,20:35:00,37.573,37.573,37.503,37.533,24222,0
2015-02-17,20:40:00,37.523,37.528,37.493,37.503,6105,0
2015-02-17,20:45:00,37.493,37.533,37.493,37.503,14005,0
2015-02-17,20:50:00,37.52,37.533,37.513,37.533,23156,0
2015-02-17,20:55:00,37.533,37.533,37.493,37.523,34422,0
2015-02-17,21:00:00,37.513,37.523,37.503,37.513,2500,0
2015-02-17,21:05:00,37.523,37.543,37.503,37.523,31170,0
2015-02-17,21:10:00,37.513,37.513,37.453,37.453,4593,0
2015-02-17,21:15:00,37.483,37.533,37.463,37.533,10834,0
2015-02-17,21:20:00,37.523,37.533,37.52,37.523,8413,0
2015-02-17,21:25:00,37.523,37.523,37.513,37.523,3603,0
2015-02-17,21:30:00,37.533,37.543,37.523,37.533,38823,0
2015-02-17,21:35:00,37.543,37.623,37.543,37.583,34804,0
2015-02-17,21:40:00,37.573,37.573,37.543,37.553,39196,0
2015-02-17,21:45:00,37.553,37.643,37.552,37.581,39375,0
2015-02-17,21:50:00,37.583,37.593,37.553,37.593,20354,0
2015-02-17,21:55:00,37.603,37.638,37.583,37.593,59155,0
2015-02-17,22:00:00,37.583,37.623,37.583,37.613,59500,0
2015-02-18,15:35:00,37.732,37.802,37.731,37.732,14020,0
2015-02-18,15:40:00,37.732,37.742,37.633,37.732,16424,0
2015-02-18,15:45:00,37.802,37.832,37.772,37.812,8335,0
2015-02-18,15:50:00,37.812,37.822,37.792,37.809,17048,0
2015-02-18,15:55:00,37.812,37.812,37.692,37.722,25432,0
2015-02-18,16:00:00,37.722,37.752,37.663,37.752,16122,0
2015-02-18,16:05:00,37.752,37.782,37.751,37.77,4552,0
2015-02-18,16:10:00,37.762,37.762,37.712,37.712,9775,0
2015-02-18,16:15:00,37.728,37.752,37.702,37.742,6672,0
2015-02-18,16:20:00,37.752,37.772,37.712,37.722,10653,0
2015-02-18,16:25:00,37.722,37.742,37.692,37.709,11231,0
2015-02-18,16:30:00,37.692,37.722,37.683,37.722,33947,0
2015-02-18,16:35:00,37.732,37.762,37.722,37.752,20525,0
2015-02-18,16:40:00,37.762,37.792,37.752,37.783,7404,0
2015-02-18,16:45:00,37.792,37.822,37.792,37.822,9832,0
2015-02-18,16:50:00,37.822,37.88,37.812,37.862,30328,0
2015-02-18,16:55:00,37.862,37.902,37.837,37.882,34224,0
2015-02-18,17:00:00,37.892,37.892,37.872,37.887,4807,0
2015-02-18,17:05:00,37.882,37.882,37.862,37.872,11226,0
2015-02-18,17:10:00,37.872,37.882,37.862,37.882,5300,0
2015-02-18,17:15:00,37.877,37.892,37.877,37.882,3205,0
2015-02-18,17:20:00,37.882,37.887,37.862,37.872,6149,0
2015-02-18,17:25:00,37.872,37.877,37.867,37.872,3300,0
2015-02-18,17:30:00,37.872,37.892,37.812,37.812,21642,0
2015-02-18,17:35:00,37.802,37.812,37.797,37.802,10255,0
2015-02-18,17:40:00,37.809,37.817,37.802,37.812,5064,0
2015-02-18,17:45:00,37.812,37.812,37.757,37.782,7163,0
2015-02-18,17:50:00,37.792,37.807,37.772,37.782,32581,0
2015-02-18,17:55:00,37.762,37.782,37.762,37.782,2000,0
2015-02-18,18:00:00,37.777,37.792,37.762,37.772,23643,0
2015-02-18,18:05:00,37.782,37.802,37.777,37.797,5840,0
2015-02-18,18:10:00,37.797,37.802,37.781,37.782,4000,0
2015-02-18,18:15:00,37.772,37.782,37.764,37.772,3119,0
2015-02-18,18:20:00,37.767,37.782,37.767,37.782,3200,0
2015-02-18,18:25:00,37.782,37.792,37.732,37.737,17642,0
2015-02-18,18:30:00,37.732,37.752,37.732,37.747,8169,0
2015-02-18,18:35:00,37.742,37.762,37.737,37.742,11078,0
2015-02-18,18:40:00,37.742,37.742,37.732,37.737,12330,0
2015-02-18,18:45:00,37.732,37.741,37.732,37.737,13522,0
2015-02-18,18:50:00,37.737,37.752,37.732,37.742,24397,0
2015-02-18,18:55:00,37.752,37.762,37.732,37.742,5879,0
2015-02-18,19:00:00,37.732,37.732,37.702,37.702,259711,0
2015-02-18,19:05:00,37.702,37.932,37.702,37.932,127366,0
2015-02-18,19:10:00,37.932,37.982,37.927,37.982,38995,0
2015-02-18,19:15:00,37.982,38.022,37.982,38.002,13819,0
2015-02-18,19:20:00,38.007,38.082,38.007,38.062,18990,0
2015-02-18,19:25:00,38.072,38.092,38.072,38.087,18947,0
2015-02-18,19:30:00,38.092,38.102,38.022,38.032,18859,0
2015-02-18,19:35:00,38.027,38.059,38.022,38.059,7504,0
2015-02-18,19:40:00,38.057,38.062,38.032,38.052,11086,0
2015-02-18,19:45:00,38.052,38.057,38.002,38.022,51175,0
2015-02-18,19:50:00,38.022,38.032,37.852,37.852,41053,0
2015-02-18,19:55:00,37.862,37.862,37.772,37.787,16687,0
2015-02-18,20:00:00,37.778,37.812,37.772,37.772,8360,0
2015-02-18,20:05:00,37.772,37.809,37.772,37.772,14065,0
2015-02-18,20:10:00,37.772,37.802,37.772,37.777,6775,0
2015-02-18,20:15:00,37.772,37.792,37.772,37.792,32561,0
2015-02-18,20:20:00,37.792,37.792,37.782,37.782,5212,0
2015-02-18,20:25:00,37.782,37.792,37.777,37.782,11918,0
2015-02-18,20:30:00,37.79,37.793,37.707,37.722,16044,0
2015-02-18,20:35:00,37.732,37.732,37.663,37.702,6404,0
2015-02-18,20:40:00,37.702,37.742,37.702,37.742,3900,0
2015-02-18,20:45:00,37.742,37.757,37.732,37.75,9144,0
2015-02-18,20:50:00,37.742,37.752,37.722,37.742,20090,0
2015-02-18,20:55:00,37.742,37.772,37.732,37.772,7503,0
2015-02-18,21:00:00,37.772,37.782,37.762,37.781,11015,0
2015-02-18,21:05:00,37.782,37.782,37.772,37.782,4395,0
2015-02-18,21:10:00,37.777,37.822,37.772,37.822,14763,0
2015-02-18,21:15:00,37.821,37.832,37.792,37.822,12461,0
2015-02-18,21:20:00,37.832,37.835,37.792,37.813,26608,0
2015-02-18,21:25:00,37.822,37.827,37.727,37.742,20379,0
2015-02-18,21:30:00,37.742,37.782,37.732,37.742,6521,0
2015-02-18,21:35:00,37.762,37.762,37.722,37.737,28849,0
2015-02-18,21:40:00,37.737,37.762,37.712,37.754,19715,0
2015-02-18,21:45:00,37.752,37.762,37.722,37.742,10117,0
2015-02-18,21:50:00,37.742,37.792,37.742,37.782,14254,0
2015-02-18,21:55:00,37.792,37.832,37.792,37.812,21647,0
2015-02-18,22:00:00,37.812,37.872,37.802,37.872,142533,0
2015-02-19,15:35:00,37.932,37.971,37.881,37.881,3165,0
2015-02-19,15:40:00,37.813,37.882,37.732,37.732,12735,0
2015-02-19,15:45:00,37.762,37.762,37.683,37.692,12486,0
2015-02-19,15:50:00,37.742,37.742,37.653,37.722,7460,0
2015-02-19,15:55:00,37.723,37.781,37.722,37.722,3202,0
2015-02-19,16:00:00,37.702,37.742,37.702,37.742,2024,0
2015-02-19,16:05:00,37.742,37.752,37.712,37.722,1801,0
2015-02-19,16:10:00,37.732,37.742,37.722,37.737,5533,0
2015-02-19,16:15:00,37.737,37.772,37.722,37.772,3903,0
2015-02-19,16:20:00,37.772,37.772,37.742,37.747,850,0
2015-02-19,16:25:00,37.737,37.752,37.722,37.732,4455,0
2015-02-19,16:30:00,37.733,37.772,37.732,37.757,2656,0
2015-02-19,16:35:00,37.762,37.801,37.762,37.792,3500,0
2015-02-19,16:40:00,37.772,37.842,37.762,37.842,5749,0
2015-02-19,16:45:00,37.832,37.847,37.812,37.832,6295,0
2015-02-19,16:50:00,37.842,37.872,37.822,37.849,5702,0
2015-02-19,16:55:00,37.852,37.882,37.832,37.832,16301,0
2015-02-19,17:00:00,37.827,37.892,37.827,37.887,16515,0
2015-02-19,17:05:00,37.882,37.892,37.842,37.852,16998,0
2015-02-19,17:10:00,37.872,37.892,37.852,37.872,6005,0
2015-02-19,17:15:00,37.882,37.902,37.882,37.902,2201,0
2015-02-19,17:20:00,37.922,37.962,37.912,37.932,18866,0
2015-02-19,17:25:00,37.942,37.972,37.892,37.892,11205,0
2015-02-19,17:30:00,37.912,37.952,37.892,37.942,1600,0
2015-02-19,17:35:00,37.947,37.947,37.912,37.932,7681,0
2015-02-19,17:40:00,37.932,37.937,37.922,37.927,5841,0
2015-02-19,17:45:00,37.922,37.932,37.922,37.922,3875,0
2015-02-19,17:50:00,37.932,37.932,37.862,37.862,9351,0
2015-02-19,17:55:00,37.873,37.887,37.857,37.862,3800,0
2015-02-19,18:00:00,37.872,37.882,37.802,37.802,26782,0
2015-02-19,18:05:00,37.793,37.822,37.792,37.802,7436,0
2015-02-19,18:10:00,37.812,37.832,37.802,37.832,7906,0
2015-02-19,18:15:00,37.828,37.832,37.823,37.832,2736,0
2015-02-19,18:20:00,37.832,37.842,37.802,37.817,22278,0
2015-02-19,18:25:00,37.822,37.832,37.817,37.822,4824,0
2015-02-19,18:30:00,37.832,37.839,37.792,37.792,8079,0
2015-02-19,18:35:00,37.812,37.812,37.772,37.772,10368,0
2015-02-19,18:40:00,37.752,37.762,37.702,37.712,8839,0
2015-02-19,18:45:00,37.712,37.742,37.712,37.742,2100,0
2015-02-19,18:50:00,37.742,37.742,37.712,37.712,5718,0
2015-02-19,18:55:00,37.712,37.712,37.633,37.643,6578,0
2015-02-19,19:00:00,37.653,37.663,37.633,37.633,9577,0
2015-02-19,19:05:00,37.623,37.643,37.613,37.613,11289,0
2015-02-19,19:10:00,37.623,37.633,37.613,37.633,6557,0
2015-02-19,19:15:00,37.643,37.653,37.643,37.653,26775,0
2015-02-19,19:20:00,37.648,37.673,37.643,37.663,20801,0
2015-02-19,19:25:00,37.663,37.673,37.663,37.663,7006,0
2015-02-19,19:30:00,37.663,37.752,37.659,37.752,9236,0
2015-02-19,19:35:00,37.762,37.812,37.762,37.812,1800,0
2015-02-19,19:40:00,37.812,37.822,37.802,37.822,7043,0
2015-02-19,19:45:00,37.813,37.822,37.812,37.822,5463,0
2015-02-19,19:55:00,37.822,37.832,37.817,37.827,4401,0
2015-02-19,20:00:00,37.832,37.832,37.826,37.826,2530,0
2015-02-19,20:05:00,37.832,37.832,37.782,37.787,15514,0
2015-02-19,20:10:00,37.787,37.787,37.766,37.787,6643,0
2015-02-19,20:15:00,37.782,37.792,37.772,37.787,12825,0
2015-02-19,20:20:00,37.792,37.792,37.742,37.742,4644,0
2015-02-19,20:25:00,37.742,37.772,37.742,37.762,3300,0
2015-02-19,20:30:00,37.762,37.762,37.754,37.762,4306,0
2015-02-19,20:35:00,37.762,37.782,37.762,37.782,2500,0
2015-02-19,20:40:00,37.782,37.782,37.752,37.752,3300,0
2015-02-19,20:45:00,37.752,37.767,37.752,37.767,2701,0
2015-02-19,20:50:00,37.762,37.767,37.762,37.762,1400,0
2015-02-19,20:55:00,37.768,37.772,37.762,37.767,13564,0
2015-02-19,21:00:00,37.767,37.772,37.742,37.742,5363,0
2015-02-19,21:05:00,37.737,37.737,37.732,37.737,2642,0
2015-02-19,21:10:00,37.737,37.742,37.673,37.687,31619,0
2015-02-19,21:15:00,37.692,37.702,37.683,37.702,5655,0
2015-02-19,21:20:00,37.707,37.732,37.702,37.727,7128,0
2015-02-19,21:25:00,37.727,37.732,37.722,37.727,8186,0
2015-02-19,21:30:00,37.727,37.732,37.683,37.692,13659,0
2015-02-19,21:35:00,37.683,37.712,37.673,37.683,21439,0
2015-02-19,21:40:00,37.687,37.692,37.628,37.653,17049,0
2015-02-19,21:45:00,37.633,37.653,37.618,37.653,17398,0
2015-02-19,21:50:00,37.663,37.702,37.658,37.702,17112,0
2015-02-19,21:55:00,37.732,37.742,37.693,37.732,39954,0
2015-02-19,22:00:00,37.732,37.732,37.673,37.722,95072,0
2015-02-20,15:35:00,37.563,37.802,37.563,37.613,17705,0
2015-02-20,15:40:00,37.573,37.643,37.573,37.633,1800,0
2015-02-20,15:45:00,37.533,37.573,37.403,37.448,8378,0
2015-02-20,15:50:00,37.483,37.49,37.453,37.473,3002,0
2015-02-20,15:55:00,37.448,37.513,37.433,37.483,3500,0
2015-02-20,16:00:00,37.423,37.423,37.423,37.423,200,0
2015-02-20,16:05:00,37.393,37.423,37.253,37.253,18404,0
2015-02-20,16:10:00,37.263,37.318,37.263,37.293,10442,0
2015-02-20,16:15:00,37.323,37.373,37.323,37.343,4500,0
2015-02-20,16:20:00,37.343,37.413,37.343,37.413,24713,0
2015-02-20,16:25:00,37.453,37.523,37.453,37.513,4804,0
2015-02-20,16:30:00,37.573,37.583,37.533,37.533,4501,0
2015-02-20,16:35:00,37.528,37.583,37.483,37.573,35427,0
2015-02-20,16:40:00,37.573,37.633,37.573,37.633,14600,0
2015-02-20,16:45:00,37.712,37.712,37.634,37.634,4201,0
2015-02-20,16:50:00,37.634,37.772,37.634,37.742,29146,0
2015-02-20,16:55:00,37.742,37.742,37.702,37.732,10130,0
2015-02-20,17:00:00,37.737,37.742,37.702,37.722,9802,0
2015-02-20,17:05:00,37.722,37.742,37.711,37.732,6458,0
2015-02-20,17:10:00,37.732,37.742,37.712,37.712,3300,0
2015-02-20,17:15:00,37.692,37.692,37.692,37.692,1290,0
2015-02-20,17:20:00,37.692,37.732,37.683,37.683,8202,0
2015-02-20,17:25:00,37.673,37.702,37.673,37.702,1135,0
2015-02-20,17:30:00,37.712,37.732,37.712,37.732,2201,0
2015-02-20,17:35:00,37.722,37.733,37.719,37.722,7072,0
2015-02-20,17:40:00,37.722,37.742,37.698,37.712,6255,0
2015-02-20,17:45:00,37.722,37.742,37.712,37.712,4100,0
2015-02-20,17:50:00,37.702,37.742,37.692,37.742,3362,0
2015-02-20,17:55:00,37.742,37.742,37.712,37.722,2100,0
2015-02-20,18:00:00,37.692,37.732,37.692,37.722,3200,0
2015-02-20,18:05:00,37.732,37.732,37.722,37.722,3701,0
2015-02-20,18:10:00,37.692,37.692,37.673,37.692,2850,0
2015-02-20,18:15:00,37.702,37.722,37.692,37.692,2717,0
2015-02-20,18:20:00,37.683,37.702,37.683,37.697,2400,0
2015-02-20,18:25:00,37.702,37.722,37.702,37.722,600,0
2015-02-20,18:30:00,37.722,37.732,37.692,37.702,9511,0
2015-02-20,18:35:00,37.712,37.712,37.692,37.692,1200,0
2015-02-20,18:40:00,37.697,37.702,37.633,37.653,7529,0
2015-02-20,18:45:00,37.673,37.683,37.573,37.623,14120,0
2015-02-20,18:50:00,37.633,37.653,37.623,37.623,6755,0
2015-02-20,18:55:00,37.623,37.623,37.593,37.613,3700,0
2015-02-20,19:00:00,37.613,37.613,37.593,37.613,3960,0
2015-02-20,19:05:00,37.609,37.623,37.583,37.613,24276,0
2015-02-20,19:10:00,37.623,37.623,37.613,37.623,2505,0
2015-02-20,19:15:00,37.623,37.653,37.623,37.643,4619,0
2015-02-20,19:20:00,37.641,37.663,37.641,37.66,2624,0
2015-02-20,19:25:00,37.663,37.673,37.653,37.672,4655,0
2015-02-20,19:30:00,37.663,37.683,37.663,37.683,4200,0
2015-02-20,19:35:00,37.683,37.707,37.683,37.683,4401,0
2015-02-20,19:40:00,37.683,37.692,37.643,37.673,6454,0
2015-02-20,19:45:00,37.663,37.663,37.643,37.653,3200,0
2015-02-20,19:50:00,37.653,37.653,37.643,37.643,3302,0
2015-02-20,19:55:00,37.653,37.683,37.623,37.673,7185,0
2015-02-20,20:00:00,37.673,37.673,37.673,37.673,1300,0
2015-02-20,20:05:00,37.673,37.722,37.673,37.692,8472,0
2015-02-20,20:10:00,37.712,37.712,37.702,37.702,2517,0
2015-02-20,20:15:00,37.702,37.702,37.692,37.699,4542,0
2015-02-20,20:20:00,37.702,37.702,37.633,37.643,8164,0
2015-02-20,20:25:00,37.653,37.683,37.653,37.679,1787,0
2015-02-20,20:30:00,37.683,37.683,37.663,37.668,5867,0
2015-02-20,20:35:00,37.668,37.673,37.643,37.643,8301,0
2015-02-20,20:40:00,37.653,37.673,37.643,37.673,2900,0
2015-02-20,20:45:00,37.663,37.663,37.613,37.623,6523,0
2015-02-20,20:50:00,37.623,37.637,37.623,37.633,2119,0
2015-02-20,20:55:00,37.643,37.673,37.643,37.643,8942,0
2015-02-20,21:00:00,37.653,37.673,37.653,37.673,2732,0
2015-02-20,21:05:00,37.673,37.683,37.673,37.683,11451,0
2015-02-20,21:10:00,37.683,37.697,37.673,37.683,12271,0
2015-02-20,21:15:00,37.683,37.692,37.663,37.683,49203,0
2015-02-20,21:20:00,37.683,37.692,37.668,37.668,5501,0
2015-02-20,21:25:00,37.668,37.683,37.663,37.683,10050,0
2015-02-20,21:30:00,37.673,37.692,37.663,37.663,19911,0
2015-02-20,21:35:00,37.673,37.732,37.663,37.712,20426,0
2015-02-20,21:40:00,37.707,37.712,37.702,37.708,8293,0
2015-02-20,21:45:00,37.707,37.707,37.692,37.692,7811,0
2015-02-20,21:50:00,37.692,37.697,37.643,37.643,15601,0
2015-02-20,21:55:00,37.653,37.687,37.653,37.673,26573,0
2015-02-20,22:00:00,37.673,37.683,37.653,37.683,55794,0
2015-02-23,15:35:00,37.85,37.9,37.7,37.79,13021,0
2015-02-23,15:40:00,37.787,37.81,37.775,37.81,3399,0
2015-02-23,15:45:00,37.788,37.81,37.76,37.8,8065,0
2015-02-23,15:50:00,37.7705,37.87,37.735,37.75,12430,0
2015-02-23,15:55:00,37.77,37.8,37.73,37.77,11475,0
2015-02-23,16:00:00,37.77,37.84,37.76,37.84,17841,0
2015-02-23,16:05:00,37.82,37.9,37.75,37.9,35889,0
2015-02-23,16:10:00,37.9,37.94,37.88,37.9101,19991,0
2015-02-23,16:15:00,37.91,37.93,37.85,37.87,14100,0
2015-02-23,16:20:00,37.87,37.9,37.86,37.895,14749,0
2015-02-23,16:25:00,37.89,38,37.89,37.9801,31495,0
2015-02-23,16:30:00,37.98,37.98,37.92,37.96,20467,0
2015-02-23,16:35:00,37.9725,38,37.955,38,12131,0
2015-02-23,16:40:00,37.995,38.04,37.985,37.995,28849,0
2015-02-23,16:45:00,37.995,38.15,37.995,38.1,19098,0
2015-02-23,16:50:00,38.08,38.1,38.02,38.025,8150,0
2015-02-23,16:55:00,38.025,38.025,37.97,38,20870,0
2015-02-23,17:00:00,38,38.07,37.995,38.01,9600,0
2015-02-23,17:05:00,38.015,38.06,38.015,38.055,5715,0
2015-02-23,17:10:00,38.06,38.09,37.995,37.995,13028,0
2015-02-23,17:15:00,37.99,38.005,37.945,37.945,6426,0
2015-02-23,17:20:00,37.94,37.94,37.9,37.91,3700,0
2015-02-23,17:25:00,37.918,37.918,37.9,37.909,1232,0
2015-02-23,17:30:00,37.9,37.91,37.87,37.87,6254,0
2015-02-23,17:35:00,37.87,37.87,37.79,37.82,9244,0
2015-02-23,17:40:00,37.83,37.83,37.79,37.801,3600,0
2015-02-23,17:45:00,37.8,37.8,37.76,37.79,5421,0
2015-02-23,17:50:00,37.8,37.85,37.8,37.835,6150,0
2015-02-23,17:55:00,37.84,37.84,37.83,37.84,6400,0
2015-02-23,18:00:00,37.835,37.839,37.83,37.839,1500,0
2015-02-23,18:05:00,37.84,37.895,37.84,37.88,7300,0
2015-02-23,18:10:00,37.88,37.88,37.81,37.815,2600,0
2015-02-23,18:15:00,37.815,37.83,37.815,37.82,1900,0
2015-02-23,18:20:00,37.82,37.85,37.82,37.839,4603,0
2015-02-23,18:25:00,37.84,37.85,37.8305,37.85,1900,0
2015-02-23,18:30:00,37.845,37.86,37.845,37.86,7382,0
2015-02-23,18:35:00,37.85,37.86,37.835,37.835,3721,0
2015-02-23,18:40:00,37.84,37.86,37.84,37.84,54758,0
2015-02-23,18:45:00,37.845,37.85,37.8401,37.85,48272,0
2015-02-23,18:50:00,37.86,37.9,37.8599,37.9,4100,0
2015-02-23,18:55:00,37.899,37.925,37.899,37.9123,9628,0
2015-02-23,19:00:00,37.91,37.91,37.9,37.9,2200,0
2015-02-23,19:05:00,37.9,37.9,37.88,37.88,3248,0
2015-02-23,19:10:00,37.88,37.9,37.88,37.89,4760,0
2015-02-23,19:15:00,37.89,37.895,37.88,37.89,7784,0
2015-02-23,19:20:00,37.8861,37.89,37.88,37.89,10217,0
2015-02-23,19:25:00,37.885,37.89,37.88,37.89,3193,0
2015-02-23,19:30:00,37.885,37.97,37.885,37.97,48573,0
2015-02-23,19:35:00,37.98,38.01,37.98,38.01,10959,0
2015-02-23,19:40:00,38,38.02,37.99,38.02,6100,0
2015-02-23,19:45:00,38.02,38.04,38,38.01,15016,0
2015-02-23,19:50:00,38.02,38.04,38.019,38.02,9266,0
2015-02-23,19:55:00,38.02,38.03,37.95,37.98,7753,0
2015-02-23,20:00:00,37.98,38,37.97,37.99,5650,0
2015-02-23,20:05:00,37.99,38,37.98,37.99,2800,0
2015-02-23,20:10:00,37.99,38.01,37.99,38.01,12464,0
2015-02-23,20:15:00,38.01,38.01,37.9945,38,5500,0
2015-02-23,20:20:00,38.005,38.01,38,38.005,1800,0
2015-02-23,20:25:00,38,38.015,38,38.015,13832,0
2015-02-23,20:30:00,38.02,38.02,38.01,38.01,7121,0
2015-02-23,20:35:00,38.01,38.015,37.99,38,12300,0
2015-02-23,20:40:00,38,38.01,37.98,37.98,5500,0
2015-02-23,20:45:00,37.97,37.97,37.94,37.94,5900,0
2015-02-23,20:50:00,37.94,37.95,37.94,37.94,3432,0
2015-02-23,20:55:00,37.94,37.95,37.91,37.91,5080,0
2015-02-23,21:00:00,37.915,37.915,37.88,37.88,10270,0
2015-02-23,21:05:00,37.8811,37.91,37.88,37.885,7954,0
2015-02-23,21:10:00,37.88,37.92,37.87,37.91,6664,0
2015-02-23,21:15:00,37.91,37.95,37.89,37.95,7781,0
2015-02-23,21:20:00,37.95,37.95,37.92,37.92,6400,0
2015-02-23,21:25:00,37.91,37.92,37.86,37.86,4950,0
2015-02-23,21:30:00,37.86,37.91,37.85,37.91,7722,0
2015-02-23,21:35:00,37.91,37.97,37.905,37.93,23877,0
2015-02-23,21:40:00,37.93,37.99,37.925,37.99,16259,0
2015-02-23,21:45:00,37.99,37.99,37.97,37.97,8600,0
2015-02-23,21:50:00,37.98,37.98,37.91,37.91,20779,0
2015-02-23,21:55:00,37.91,37.98,37.91,37.95,45322,0
2015-02-23,22:00:00,37.95,37.98,37.91,37.98,362960,0
