Date,Time,Open,High,Low,Close,Volume,OpenInt
2014-11-21,16:55:00,2.3400,2.3400,2.3300,2.3400,7600,0
2014-11-21,17:15:00,2.34,2.34,2.34,2.34,3300,0
2014-11-21,17:20:00,2.38,2.38,2.3799,2.3799,1200,0
2014-11-21,17:25:00,2.38,2.43,2.38,2.4299,3468,0
2014-11-21,17:30:00,2.4268,2.4268,2.4268,2.4268,1000,0
2014-11-21,17:50:00,2.4228,2.4228,2.42,2.42,600,0
2014-11-21,18:20:00,2.3628,2.3628,2.3628,2.3628,500,0
2014-11-21,18:55:00,2.431,2.431,2.431,2.431,400,0
2014-11-24,16:15:00,2.5,2.5,2.5,2.5,3000,0
2014-11-24,16:25:00,2.356,2.356,2.356,2.356,150,0
2014-11-24,18:05:00,2.499,2.5,2.48,2.48,1603,0
2014-11-24,18:20:00,2.5001,2.5001,2.5001,2.5001,5000,0
2014-11-24,18:30:00,2.689,2.75,2.689,2.75,5000,0
2014-11-24,19:15:00,2.73,2.75,2.73,2.75,1916,0
2014-11-24,19:30:00,2.7073,2.7073,2.7073,2.7073,1000,0
2014-11-24,20:30:00,2.6108,2.6108,2.6108,2.6108,1150,0
2014-11-24,20:45:00,2.7399,2.7399,2.7399,2.7399,2710,0
2014-11-24,21:05:00,2.6101,2.6101,2.6101,2.6101,350,0
2014-11-24,22:00:00,2.6101,2.68,2.6101,2.68,300,0
2014-11-25,15:50:00,2.6801,2.6801,2.6801,2.6801,298,0
2014-11-25,17:00:00,2.541,2.62,2.54,2.62,1309,0
2014-11-25,17:35:00,2.63,2.63,2.63,2.63,1000,0
2014-11-25,17:40:00,2.63,2.63,2.63,2.63,200,0
2014-11-25,17:45:00,2.611,2.611,2.611,2.611,144,0
2014-11-25,18:20:00,2.62,2.62,2.61,2.61,766,0
2014-11-25,18:25:00,2.5718,2.5718,2.5718,2.5718,600,0
2014-11-25,19:45:00,2.6599,2.6599,2.6599,2.6599,300,0
2014-11-25,20:25:00,2.59,2.59,2.5301,2.5301,5000,0
2014-11-25,20:45:00,2.56,2.56,2.56,2.56,200,0
2014-11-25,22:00:00,2.56,2.56,2.56,2.56,100,0
2014-11-26,16:10:00,2.59,2.59,2.59,2.59,300,0
2014-11-26,17:35:00,2.59,2.59,2.59,2.59,400,0
2014-11-26,18:55:00,2.58,2.58,2.58,2.58,275,0
2014-11-28,15:40:00,2.55,2.55,2.55,2.55,1000,0
2014-11-28,18:15:00,2.5026,2.5026,2.5026,2.5026,206,0
2014-12-01,17:30:00,2.5,2.5,2.5,2.5,400,0
2014-12-01,20:00:00,2.52,2.52,2.52,2.52,600,0
2014-12-01,20:05:00,2.63,2.63,2.55,2.55,500,0
2014-12-02,15:35:00,2.63,2.63,2.63,2.63,207,0
2014-12-02,16:40:00,2.7499,2.7499,2.7499,2.7499,4000,0
2014-12-02,19:50:00,2.52,2.52,2.52,2.52,300,0
2014-12-03,17:55:00,2.55,2.55,2.55,2.55,971,0
2014-12-03,19:35:00,2.6033,2.6033,2.6033,2.6033,150,0
2014-12-03,21:15:00,2.534,2.534,2.5,2.5,4083,0
2014-12-03,21:20:00,2.39,2.39,2.33,2.33,6100,0
2014-12-03,21:25:00,2.49,2.5,2.31,2.31,3350,0
2014-12-04,15:35:00,2.39,2.39,2.39,2.39,100,0
2014-12-04,18:05:00,2.49,2.58,2.48,2.58,9750,0
2014-12-04,18:10:00,2.71,2.72,2.622,2.622,2082,0
2014-12-04,18:20:00,2.72,2.99,2.72,2.8865,12150,0
2014-12-04,18:25:00,2.71,2.71,2.71,2.71,5000,0
2014-12-04,18:40:00,2.6601,2.6601,2.6601,2.6601,500,0
2014-12-04,18:55:00,2.828,2.828,2.828,2.828,600,0
2014-12-04,20:25:00,2.77,2.77,2.708,2.708,2370,0
2014-12-04,20:35:00,2.66,2.66,2.66,2.66,1600,0
2014-12-04,21:00:00,2.805,2.805,2.805,2.805,1000,0
2014-12-04,21:05:00,2.73,2.73,2.73,2.73,400,0
2014-12-04,21:25:00,2.68,2.68,2.68,2.68,125,0
2014-12-04,21:30:00,2.7599,2.766,2.75,2.755,1600,0
2014-12-04,21:35:00,2.7196,2.7599,2.7196,2.7599,1100,0
2014-12-04,21:40:00,2.71,2.72,2.7,2.7,1300,0
2014-12-04,21:45:00,2.71,2.71,2.71,2.71,900,0
2014-12-04,21:50:00,2.6712,2.7172,2.6712,2.71,3700,0
2014-12-04,21:55:00,2.71,2.7236,2.71,2.7236,1000,0
2014-12-04,22:00:00,2.71,2.71,2.71,2.71,500,0
2014-12-05,15:35:00,2.8,2.85,2.8,2.805,12800,0
2014-12-05,15:40:00,2.8499,2.85,2.81,2.84,11500,0
2014-12-05,15:45:00,2.81,2.83,2.8,2.8113,23070,0
2014-12-05,15:50:00,2.8,2.82,2.7843,2.8,5100,0
2014-12-05,16:00:00,2.8,2.8,2.8,2.8,900,0
2014-12-05,16:05:00,2.8,2.8,2.7999,2.8,2200,0
2014-12-05,16:10:00,2.76,2.76,2.75,2.75,4100,0
2014-12-05,16:15:00,2.75,2.75,2.75,2.75,100,0
2014-12-05,16:25:00,2.75,2.75,2.75,2.75,4000,0
2014-12-05,16:35:00,2.7132,2.7132,2.7101,2.7101,1550,0
2014-12-05,16:40:00,2.71,2.7335,2.64,2.64,9300,0
2014-12-05,16:45:00,2.64,2.64,2.5664,2.5664,1200,0
2014-12-05,17:10:00,2.64,2.64,2.6399,2.64,800,0
2014-12-05,17:15:00,2.6999,2.8,2.6999,2.7748,4100,0
2014-12-05,17:40:00,2.75,2.75,2.75,2.75,2000,0
2014-12-05,18:05:00,2.76,2.76,2.74,2.7412,500,0
2014-12-05,18:45:00,2.75,2.75,2.75,2.75,500,0
2014-12-05,19:40:00,2.7964,2.7964,2.7964,2.7964,1000,0
2014-12-05,19:45:00,2.78,2.78,2.78,2.78,100,0
2014-12-05,20:05:00,2.7768,2.7768,2.7768,2.7768,1200,0
2014-12-05,20:10:00,2.7614,2.78,2.7607,2.78,1300,0
2014-12-05,21:15:00,2.76,2.76,2.56,2.56,5200,0
2014-12-05,21:55:00,2.75,2.76,2.74,2.7536,2000,0
2014-12-08,15:35:00,2.79,2.79,2.6968,2.6968,1220,0
2014-12-08,15:50:00,2.7721,2.7721,2.7721,2.7721,150,0
2014-12-08,16:00:00,2.79,2.8,2.79,2.8,1538,0
2014-12-08,16:05:00,2.7325,2.7325,2.7325,2.7325,1000,0
2014-12-08,16:25:00,2.91,2.91,2.91,2.91,100,0
2014-12-08,16:30:00,2.8025,2.8025,2.8025,2.8025,1000,0
2014-12-08,16:40:00,2.9,2.9,2.9,2.9,100,0
2014-12-08,16:50:00,2.8736,2.8736,2.8736,2.8736,800,0
2014-12-08,17:00:00,2.8723,2.8723,2.8723,2.8723,5000,0
2014-12-08,17:05:00,2.88,2.88,2.88,2.88,100,0
2014-12-08,17:20:00,2.88,2.88,2.86,2.86,900,0
2014-12-08,17:30:00,2.8799,2.8799,2.8799,2.8799,100,0
2014-12-08,17:50:00,2.88,2.88,2.8799,2.8799,3100,0
2014-12-08,18:00:00,2.817,2.817,2.817,2.817,188,0
2014-12-08,18:05:00,2.88,2.88,2.88,2.88,100,0
2014-12-08,18:15:00,2.816,2.816,2.816,2.816,500,0
2014-12-08,18:25:00,2.864,2.864,2.864,2.864,177,0
2014-12-08,19:00:00,2.86,2.86,2.86,2.86,100,0
2014-12-08,19:10:00,2.86,2.86,2.86,2.86,100,0
2014-12-08,19:15:00,2.86,2.86,2.86,2.86,500,0
2014-12-08,19:30:00,2.87,2.87,2.8699,2.8699,600,0
2014-12-08,19:35:00,2.86,2.8601,2.86,2.86,3100,0
2014-12-08,20:15:00,2.86,2.86,2.86,2.86,600,0
2014-12-08,20:35:00,2.85,2.85,2.85,2.85,100,0
2014-12-08,20:40:00,2.8599,2.8599,2.8599,2.8599,480,0
2014-12-08,20:55:00,2.86,2.86,2.86,2.86,100,0
2014-12-08,21:05:00,2.85,2.85,2.85,2.85,100,0
2014-12-08,21:30:00,2.85,2.85,2.85,2.85,100,0
2014-12-08,21:35:00,2.8499,2.8499,2.8499,2.8499,400,0
2014-12-08,21:45:00,2.849,2.85,2.849,2.85,868,0
2014-12-08,21:50:00,2.85,2.85,2.85,2.85,100,0
2014-12-08,21:55:00,2.85,2.85,2.85,2.85,100,0
2014-12-08,22:00:00,2.85,2.85,2.85,2.85,200,0
2014-12-09,15:50:00,2.8699,2.87,2.8699,2.87,3400,0
2014-12-09,16:10:00,2.88,2.88,2.88,2.88,200,0
2014-12-09,16:25:00,2.88,2.88,2.88,2.88,200,0
2014-12-09,16:45:00,2.88,2.88,2.88,2.88,100,0
2014-12-09,17:45:00,2.87,2.88,2.85,2.86,5078,0
2014-12-09,18:05:00,2.81,2.81,2.8,2.8,2000,0
2014-12-09,18:30:00,2.84,2.84,2.84,2.84,100,0
2014-12-09,19:00:00,2.84,2.84,2.84,2.84,100,0
2014-12-09,19:35:00,2.84,2.84,2.84,2.84,100,0
2014-12-09,19:40:00,2.84,2.84,2.84,2.84,100,0
2014-12-09,19:45:00,2.83,2.83,2.8152,2.8152,622,0
2014-12-09,20:15:00,2.83,2.83,2.83,2.83,200,0
2014-12-09,20:20:00,2.83,2.83,2.83,2.83,100,0
2014-12-09,20:50:00,2.83,2.9,2.83,2.9,1500,0
2014-12-09,21:00:00,2.83,2.83,2.82,2.82,2000,0
2014-12-09,21:15:00,2.88,2.88,2.88,2.88,300,0
2014-12-09,21:30:00,2.88,2.88,2.88,2.88,100,0
2014-12-09,21:35:00,2.88,2.88,2.88,2.88,100,0
2014-12-09,21:45:00,2.88,2.88,2.88,2.88,200,0
2014-12-09,21:55:00,2.88,2.88,2.88,2.88,200,0
2014-12-09,22:00:00,2.88,2.88,2.88,2.88,100,0
2014-12-10,15:35:00,2.91,2.96,2.91,2.96,650,0
2014-12-10,16:00:00,2.87,2.96,2.87,2.96,400,0
2014-12-10,17:15:00,2.9399,2.9399,2.9399,2.9399,966,0
2014-12-10,17:20:00,2.91,2.94,2.9001,2.93,7200,0
2014-12-10,17:55:00,2.93,2.93,2.93,2.93,100,0
2014-12-10,18:15:00,2.9216,2.93,2.9,2.9001,1930,0
2014-12-10,18:25:00,2.9299,2.9299,2.9299,2.9299,1000,0
2014-12-10,18:30:00,2.93,2.93,2.93,2.93,800,0
2014-12-10,19:10:00,2.93,2.93,2.9135,2.93,1000,0
2014-12-10,19:40:00,2.93,2.94,2.93,2.94,300,0
2014-12-10,19:55:00,2.93,2.93,2.93,2.93,100,0
2014-12-10,20:00:00,2.9164,2.9164,2.9132,2.9132,3750,0
2014-12-10,20:15:00,2.9243,2.9243,2.9243,2.9243,500,0
2014-12-10,20:30:00,2.93,2.93,2.93,2.93,100,0
2014-12-10,20:40:00,2.93,3.09,2.93,2.94,6592,0
2014-12-10,20:55:00,2.955,2.955,2.955,2.955,500,0
2014-12-10,21:05:00,2.96,2.97,2.94,2.97,4500,0
2014-12-10,21:10:00,2.949,2.949,2.94,2.94,2700,0
2014-12-10,21:30:00,2.93,2.93,2.93,2.93,170,0
2014-12-10,21:55:00,2.93,2.93,2.93,2.93,300,0
2014-12-10,22:00:00,2.95,2.95,2.95,2.95,100,0
2014-12-11,15:35:00,2.97,2.97,2.97,2.97,1000,0
2014-12-11,15:55:00,2.985,3.0,2.98,3.0,4227,0
2014-12-11,16:10:00,3.02,3.08,3.02,3.08,800,0
2014-12-11,16:25:00,3.07,3.07,3.01,3.01,400,0
2014-12-11,16:30:00,2.9903,2.9903,2.9903,2.9903,170,0
2014-12-11,16:50:00,3.02,3.02,3.02,3.02,100,0
2014-12-11,17:05:00,3.06,3.06,3.06,3.06,100,0
2014-12-11,17:20:00,3.06,3.06,3.02,3.02,200,0
2014-12-11,17:25:00,3.0699,3.0699,3.03,3.03,1300,0
2014-12-11,17:35:00,3.053,3.053,3.053,3.053,242,0
2014-12-11,17:45:00,3.05,3.05,3.05,3.05,250,0
2014-12-11,17:50:00,3.01,3.01,3.0,3.01,1000,0
2014-12-11,17:55:00,3.0,3.0,2.9901,2.9901,500,0
2014-12-11,18:10:00,3.06,3.06,3.06,3.06,100,0
2014-12-11,18:20:00,3.0699,3.0699,3.0699,3.0699,600,0
2014-12-11,18:55:00,3.1299,3.1299,3.01,3.01,2530,0
2014-12-11,19:10:00,3.13,3.13,3.01,3.01,1400,0
2014-12-11,19:15:00,3.1,3.1,3.1,3.1,100,0
2014-12-11,19:35:00,3.01,3.01,3.01,3.01,205,0
2014-12-11,20:00:00,3.07,3.07,3.07,3.07,100,0
2014-12-11,20:05:00,3.07,3.07,3.07,3.07,200,0
2014-12-11,21:00:00,3.09,3.09,3.09,3.09,100,0
2014-12-11,21:05:00,3.1,3.1,3.1,3.1,100,0
2014-12-11,21:35:00,3.1,3.1,3.1,3.1,100,0
2014-12-11,21:45:00,3.1,3.1,3.1,3.1,131,0
2014-12-11,21:50:00,3.0999,3.0999,3.02,3.02,4300,0
2014-12-11,21:55:00,3.02,3.02,3.015,3.017,5450,0
2014-12-11,22:00:00,3.01,3.05,2.99,3.0,2885,0
2014-12-12,15:35:00,3.0799,3.0799,3.0799,3.0799,333,0
2014-12-12,15:50:00,3.057,3.057,3.057,3.057,4000,0
2014-12-12,16:05:00,2.95,2.95,2.94,2.94,800,0
2014-12-12,18:30:00,2.95,3.07,2.95,3.07,1700,0
2014-12-12,18:50:00,3.015,3.015,3.015,3.015,100,0
2014-12-12,19:00:00,3.0,3.0,3.0,3.0,100,0
2014-12-12,19:15:00,3.04,3.06,3.04,3.06,1300,0
2014-12-12,19:25:00,3.0532,3.06,3.0532,3.06,500,0
2014-12-12,20:00:00,3.06,3.06,3.0599,3.06,2200,0
2014-12-12,20:25:00,3.06,3.08,3.06,3.08,1200,0
2014-12-12,21:35:00,3.075,3.075,3.06,3.06,1200,0
2014-12-12,22:00:00,3.08,3.09,3.07,3.09,971,0
2014-12-15,16:00:00,3.065,3.065,3.065,3.065,100,0
2014-12-15,16:10:00,3.065,3.065,3.065,3.065,100,0
2014-12-15,16:15:00,3.065,3.07,3.065,3.07,300,0
2014-12-15,16:20:00,3.09,3.1,3.09,3.1,200,0
2014-12-15,16:25:00,3.1,3.1,3.1,3.1,200,0
2014-12-15,16:30:00,3.1,3.1,3.1,3.1,300,0
2014-12-15,16:35:00,3.1,3.1,3.1,3.1,300,0
2014-12-15,16:40:00,3.1,3.1,3.1,3.1,200,0
2014-12-15,16:45:00,3.1,3.1,3.1,3.1,200,0
2014-12-15,16:50:00,3.1,3.1,3.1,3.1,300,0
2014-12-15,16:55:00,3.085,3.085,3.07,3.07,4700,0
2014-12-15,17:00:00,3.075,3.075,3.07,3.0701,1600,0
2014-12-15,17:05:00,3.08,3.08,3.08,3.08,100,0
2014-12-15,17:10:00,3.08,3.09,3.08,3.09,200,0
2014-12-15,17:15:00,3.09,3.09,3.09,3.09,100,0
2014-12-15,17:20:00,3.1,3.1,3.1,3.1,200,0
2014-12-15,17:25:00,3.1,3.1,3.1,3.1,100,0
2014-12-15,17:30:00,3.1,3.1,3.1,3.1,100,0
2014-12-15,17:35:00,3.1,3.1,3.1,3.1,200,0
2014-12-15,17:40:00,3.1,3.1,3.1,3.1,100,0
2014-12-15,17:45:00,3.1,3.1,3.09,3.09,500,0
2014-12-15,17:50:00,3.09,3.09,3.09,3.09,100,0
2014-12-15,17:55:00,3.066,3.09,3.066,3.09,1200,0
2014-12-15,18:00:00,3.09,3.09,3.09,3.09,100,0
2014-12-15,18:05:00,3.09,3.1,3.09,3.1,500,0
2014-12-15,18:10:00,3.0999,3.1,3.0999,3.1,860,0
2014-12-15,18:15:00,3.1,3.1,3.1,3.1,100,0
2014-12-15,18:20:00,3.1,3.1,3.1,3.1,100,0
2014-12-15,18:25:00,3.1,3.1,3.1,3.1,200,0
2014-12-15,18:30:00,3.1,3.1,3.1,3.1,300,0
2014-12-15,18:35:00,3.1,3.1,3.1,3.1,100,0
2014-12-15,18:40:00,3.1,3.1,3.1,3.1,200,0
2014-12-15,18:45:00,3.1,3.1,3.1,3.1,100,0
2014-12-15,18:50:00,3.1,3.1,3.1,3.1,200,0
2014-12-15,18:55:00,3.1,3.1,3.1,3.1,200,0
2014-12-15,19:00:00,3.1,3.1,3.1,3.1,100,0
2014-12-15,19:05:00,3.1,3.1,3.1,3.1,800,0
2014-12-15,19:10:00,3.1,3.1,3.1,3.1,900,0
2014-12-15,19:15:00,3.1,3.1,3.1,3.1,400,0
2014-12-15,19:20:00,3.1,3.1,3.1,3.1,900,0
2014-12-15,19:25:00,3.1,3.1,3.1,3.1,100,0
2014-12-15,19:30:00,3.1,3.1,3.1,3.1,200,0
2014-12-15,19:35:00,3.1,3.18,3.1,3.14,2400,0
2014-12-15,19:45:00,3.13,3.13,3.13,3.13,100,0
2014-12-15,19:50:00,3.14,3.2,3.14,3.2,800,0
2014-12-15,19:55:00,3.2,3.2,3.2,3.2,300,0
2014-12-15,20:00:00,3.22,3.22,3.22,3.22,100,0
2014-12-15,20:05:00,3.215,3.215,3.18,3.185,6400,0
2014-12-15,20:15:00,3.17,3.17,3.17,3.17,200,0
2014-12-15,20:30:00,3.1486,3.17,3.1486,3.17,869,0
2014-12-15,20:35:00,3.17,3.17,3.17,3.17,100,0
2014-12-15,20:40:00,3.17,3.17,3.17,3.17,200,0
2014-12-15,20:45:00,3.17,3.17,3.17,3.17,200,0
2014-12-15,20:50:00,3.2,3.2,3.2,3.2,100,0
2014-12-15,20:55:00,3.2,3.2,3.2,3.2,500,0
2014-12-15,21:00:00,3.2,3.2,3.2,3.2,382,0
2014-12-15,21:05:00,3.2,3.2,3.2,3.2,100,0
2014-12-15,21:10:00,3.2,3.2,3.2,3.2,200,0
2014-12-15,21:15:00,3.2,3.2,3.2,3.2,300,0
2014-12-15,21:20:00,3.1999,3.2,3.17,3.2,1100,0
2014-12-15,21:25:00,3.17,3.2,3.17,3.2,600,0
2014-12-15,21:30:00,3.2,3.2,3.19,3.19,476,0
2014-12-15,21:35:00,3.19,3.19,3.18,3.18,500,0
2014-12-15,21:40:00,3.19,3.191,3.18,3.18,1091,0
2014-12-15,21:45:00,3.19,3.19,3.19,3.19,300,0
2014-12-15,21:50:00,3.2,3.22,3.2,3.22,300,0
2014-12-15,21:55:00,3.2,3.22,3.2,3.22,1100,0
2014-12-15,22:00:00,3.22,3.22,3.18,3.22,4205,0
2014-12-16,15:45:00,3.2,3.2,3.2,3.2,100,0
2014-12-16,15:50:00,3.2,3.2,3.2,3.2,200,0
2014-12-16,15:55:00,3.2,3.2,3.2,3.2,100,0
2014-12-16,16:00:00,3.2,3.2,3.2,3.2,200,0
2014-12-16,16:05:00,3.2,3.2,3.2,3.2,200,0
2014-12-16,16:10:00,3.2,3.2,3.2,3.2,300,0
2014-12-16,16:15:00,3.2,3.2,3.2,3.2,200,0
2014-12-16,16:20:00,3.2,3.2,3.2,3.2,400,0
2014-12-16,16:25:00,3.2,3.2,3.199,3.2,1123,0
2014-12-16,16:30:00,3.2,3.2,3.2,3.2,100,0
2014-12-16,16:35:00,3.2,3.2,3.1703,3.1703,1200,0
2014-12-16,16:40:00,3.2,3.2,3.2,3.2,200,0
2014-12-16,16:50:00,3.2,3.2,3.2,3.2,100,0
2014-12-16,16:55:00,3.2,3.2,3.2,3.2,300,0
2014-12-16,17:00:00,3.2,3.2,3.18,3.18,300,0
2014-12-16,17:10:00,3.2,3.2,3.2,3.2,200,0
2014-12-16,17:15:00,3.2,3.2,3.2,3.2,100,0
2014-12-16,17:20:00,3.2,3.2,3.2,3.2,200,0
2014-12-16,17:25:00,3.2,3.2,3.2,3.2,100,0
2014-12-16,17:30:00,3.2,3.2,3.2,3.2,100,0
2014-12-16,17:35:00,3.2,3.2,3.2,3.2,200,0
2014-12-16,17:40:00,3.2,3.2,3.2,3.2,100,0
2014-12-16,17:45:00,3.2,3.2,3.2,3.2,300,0
2014-12-16,17:50:00,3.21,3.21,3.21,3.21,200,0
2014-12-16,17:55:00,3.22,3.22,3.22,3.22,2400,0
2014-12-16,18:00:00,3.22,3.22,3.22,3.22,200,0
2014-12-16,18:05:00,3.22,3.22,3.22,3.22,100,0
2014-12-16,18:10:00,3.22,3.22,3.22,3.22,100,0
2014-12-16,18:15:00,3.22,3.22,3.22,3.22,100,0
2014-12-16,18:20:00,3.22,3.22,3.22,3.22,200,0
2014-12-16,18:25:00,3.22,3.22,3.22,3.22,200,0
2014-12-16,18:30:00,3.22,3.22,3.22,3.22,100,0
2014-12-16,18:35:00,3.22,3.22,3.22,3.22,100,0
2014-12-16,18:40:00,3.22,3.22,3.22,3.22,6690,0
2014-12-16,18:45:00,3.22,3.22,3.22,3.22,200,0
2014-12-16,18:50:00,3.22,3.22,3.22,3.22,100,0
2014-12-16,18:55:00,3.21,3.21,3.21,3.21,400,0
2014-12-16,19:00:00,3.21,3.21,3.21,3.21,100,0
2014-12-16,19:05:00,3.21,3.21,3.21,3.21,100,0
2014-12-16,19:10:00,3.21,3.24,3.21,3.24,200,0
2014-12-16,19:15:00,3.23,3.23,3.23,3.23,100,0
2014-12-16,19:20:00,3.23,3.23,3.23,3.23,100,0
2014-12-16,19:25:00,3.23,3.23,3.23,3.23,200,0
2014-12-16,19:35:00,3.24,3.24,3.24,3.24,100,0
2014-12-16,19:40:00,3.24,3.24,3.24,3.24,100,0
2014-12-16,19:45:00,3.24,3.26,3.24,3.26,200,0
2014-12-16,19:50:00,3.26,3.26,3.26,3.26,200,0
2014-12-16,19:55:00,3.26,3.26,3.26,3.26,100,0
2014-12-16,20:00:00,3.26,3.26,3.26,3.26,100,0
2014-12-16,20:05:00,3.26,3.26,3.26,3.26,300,0
2014-12-16,20:10:00,3.26,3.26,3.26,3.26,100,0
2014-12-16,20:15:00,3.27,3.27,3.24,3.24,800,0
2014-12-16,20:25:00,3.24,3.25,3.24,3.25,1900,0
2014-12-16,20:35:00,3.21,3.21,3.21,3.21,500,0
2014-12-16,20:50:00,3.2001,3.2001,3.2001,3.2001,1500,0
2014-12-16,20:55:00,3.24,3.24,3.24,3.24,100,0
2014-12-16,21:00:00,3.24,3.24,3.24,3.24,100,0
2014-12-16,21:05:00,3.24,3.24,3.24,3.24,100,0
2014-12-16,21:10:00,3.24,3.2499,3.24,3.2499,300,0
2014-12-16,21:15:00,3.25,3.25,3.25,3.25,100,0
2014-12-16,21:20:00,3.25,3.25,3.25,3.25,200,0
2014-12-16,21:25:00,3.25,3.25,3.25,3.25,200,0
2014-12-16,21:30:00,3.245,3.26,3.2414,3.26,2800,0
2014-12-16,21:35:00,3.275,3.3,3.275,3.292,3896,0
2014-12-16,21:40:00,3.29,3.29,3.28,3.28,800,0
2014-12-16,21:50:00,3.27,3.27,3.26,3.26,400,0
2014-12-16,21:55:00,3.26,3.27,3.26,3.27,500,0
2014-12-16,22:00:00,3.26,3.28,3.2401,3.28,2700,0
2014-12-17,15:35:00,3.23,3.23,3.23,3.23,6600,0
2014-12-17,15:50:00,3.29,3.29,3.29,3.29,200,0
2014-12-17,15:55:00,3.29,3.29,3.29,3.29,200,0
2014-12-17,16:00:00,3.3,3.3,3.276,3.276,900,0
2014-12-17,16:05:00,3.3,3.3,3.2781,3.2781,700,0
2014-12-17,16:10:00,3.3,3.3,3.3,3.3,200,0
2014-12-17,16:15:00,3.3,3.3,3.3,3.3,200,0
2014-12-17,16:20:00,3.3,3.3,3.3,3.3,200,0
2014-12-17,16:25:00,3.3,3.36,3.3,3.36,6900,0
2014-12-17,16:35:00,3.3899,3.3899,3.3899,3.3899,100,0
2014-12-17,16:40:00,3.39,3.4,3.3868,3.3868,500,0
2014-12-17,16:45:00,3.4,3.46,3.4,3.46,300,0
2014-12-17,16:50:00,3.49,3.49,3.49,3.49,100,0
2014-12-17,16:55:00,3.5,3.5,3.4415,3.4415,500,0
2014-12-17,17:00:00,3.5,3.5,3.41,3.42,5340,0
2014-12-17,17:20:00,3.4082,3.4082,3.4082,3.4082,333,0
2014-12-17,17:25:00,3.45,3.45,3.45,3.45,100,0
2014-12-17,17:30:00,3.45,3.45,3.45,3.45,100,0
2014-12-17,17:35:00,3.45,3.45,3.45,3.45,400,0
2014-12-17,17:40:00,3.45,3.45,3.44,3.44,200,0
2014-12-17,17:45:00,3.45,3.45,3.45,3.45,1200,0
2014-12-17,17:50:00,3.45,3.45,3.45,3.45,100,0
2014-12-17,17:55:00,3.45,3.45,3.45,3.45,100,0
2014-12-17,18:00:00,3.45,3.45,3.45,3.45,500,0
2014-12-17,18:05:00,3.45,3.45,3.435,3.435,200,0
2014-12-17,18:15:00,3.45,3.45,3.45,3.45,200,0
2014-12-17,18:20:00,3.45,3.45,3.45,3.45,100,0
2014-12-17,18:25:00,3.43,3.43,3.42,3.42,1400,0
2014-12-17,18:45:00,3.43,3.43,3.43,3.43,300,0
2014-12-17,18:55:00,3.42,3.42,3.38,3.38,10940,0
2014-12-17,19:05:00,3.37,3.37,3.37,3.37,100,0
2014-12-17,19:20:00,3.38,3.38,3.38,3.38,100,0
2014-12-17,19:25:00,3.43,3.43,3.43,3.43,100,0
2014-12-17,19:30:00,3.43,3.43,3.43,3.43,100,0
2014-12-17,19:35:00,3.43,3.43,3.43,3.43,100,0
2014-12-17,19:40:00,3.44,3.44,3.44,3.44,100,0
2014-12-17,19:45:00,3.44,3.44,3.44,3.44,200,0
2014-12-17,19:50:00,3.47,3.47,3.47,3.47,200,0
2014-12-17,19:55:00,3.45,3.45,3.42,3.42,700,0
2014-12-17,20:00:00,3.3858,3.3858,3.3858,3.3858,1000,0
2014-12-17,20:15:00,3.45,3.45,3.45,3.45,200,0
2014-12-17,20:20:00,3.45,3.45,3.45,3.45,100,0
2014-12-17,20:25:00,3.45,3.45,3.45,3.45,200,0
2014-12-17,20:30:00,3.45,3.45,3.45,3.45,300,0
2014-12-17,20:35:00,3.45,3.45,3.45,3.45,100,0
2014-12-17,20:40:00,3.42,3.45,3.42,3.45,300,0
2014-12-17,20:45:00,3.43,3.43,3.4,3.4,1300,0
2014-12-17,20:50:00,3.4,3.4,3.4,3.4,100,0
2014-12-17,21:00:00,3.4,3.4,3.4,3.4,300,0
2014-12-17,21:05:00,3.4,3.4,3.4,3.4,300,0
2014-12-17,21:10:00,3.4,3.4,3.4,3.4,300,0
2014-12-17,21:15:00,3.4,3.4,3.4,3.4,300,0
2014-12-17,21:20:00,3.4,3.4,3.4,3.4,400,0
2014-12-17,21:25:00,3.4,3.4,3.4,3.4,300,0
2014-12-17,21:30:00,3.4,3.4,3.4,3.4,400,0
2014-12-17,21:35:00,3.4,3.4,3.4,3.4,500,0
2014-12-17,21:40:00,3.4,3.4,3.4,3.4,400,0
2014-12-17,21:45:00,3.4,3.4,3.4,3.4,300,0
2014-12-17,21:50:00,3.4,3.4,3.4,3.4,600,0
2014-12-17,21:55:00,3.4,3.4,3.4,3.4,1000,0
2014-12-17,22:00:00,3.4,3.4,3.4,3.4,1965,0
2014-12-18,15:40:00,3.3001,3.3001,3.3001,3.3001,1000,0
2014-12-18,15:45:00,3.49,3.49,3.4,3.4,500,0
2014-12-18,15:50:00,3.4,3.4,3.4,3.4,300,0
2014-12-18,15:55:00,3.4,3.405,3.4,3.405,200,0
2014-12-18,16:00:00,3.4,3.4,3.4,3.4,300,0
2014-12-18,16:05:00,3.37,3.37,3.37,3.37,400,0
2014-12-18,16:10:00,3.4,3.4,3.4,3.4,100,0
2014-12-18,16:20:00,3.41,3.41,3.41,3.41,400,0
2014-12-18,16:25:00,3.41,3.415,3.41,3.415,700,0
2014-12-18,16:30:00,3.425,3.4295,3.41,3.41,697,0
2014-12-18,16:40:00,3.425,3.425,3.425,3.425,200,0
2014-12-18,16:45:00,3.425,3.425,3.425,3.425,200,0
2014-12-18,16:50:00,3.425,3.425,3.425,3.425,300,0
2014-12-18,16:55:00,3.425,3.425,3.425,3.425,100,0
2014-12-18,17:00:00,3.425,3.425,3.425,3.425,200,0
2014-12-18,17:05:00,3.425,3.43,3.425,3.43,900,0
2014-12-18,17:10:00,3.43,3.44,3.43,3.44,600,0
2014-12-18,17:15:00,3.45,3.45,3.45,3.45,400,0
2014-12-18,17:25:00,3.4799,3.4799,3.4784,3.4784,600,0
2014-12-18,17:30:00,3.455,3.455,3.455,3.455,300,0
2014-12-18,17:35:00,3.455,3.455,3.455,3.455,200,0
2014-12-18,17:40:00,3.455,3.455,3.455,3.455,400,0
2014-12-18,17:45:00,3.455,3.455,3.455,3.455,200,0
2014-12-18,17:50:00,3.44,3.44,3.43,3.4301,2500,0
2014-12-18,18:05:00,3.455,3.455,3.4305,3.4305,400,0
2014-12-18,18:15:00,3.455,3.475,3.455,3.475,2100,0
2014-12-18,18:20:00,3.47,3.47,3.47,3.47,300,0
2014-12-18,18:25:00,3.47,3.47,3.47,3.47,100,0
2014-12-18,18:30:00,3.47,3.47,3.4401,3.4401,3100,0
2014-12-18,18:35:00,3.47,3.47,3.47,3.47,100,0
2014-12-18,18:40:00,3.47,3.47,3.47,3.47,100,0
2014-12-18,18:45:00,3.47,3.47,3.47,3.47,300,0
2014-12-18,18:50:00,3.47,3.47,3.47,3.47,300,0
2014-12-18,18:55:00,3.47,3.47,3.47,3.47,200,0
2014-12-18,19:00:00,3.47,3.47,3.47,3.47,100,0
2014-12-18,19:05:00,3.475,3.5,3.475,3.5,400,0
2014-12-18,19:10:00,3.48,3.48,3.48,3.48,200,0
2014-12-18,19:15:00,3.48,3.5,3.48,3.5,200,0
2014-12-18,19:20:00,3.48,3.48,3.48,3.48,100,0
2014-12-18,19:25:00,3.48,3.48,3.48,3.48,100,0
2014-12-18,19:30:00,3.48,3.48,3.48,3.48,100,0
2014-12-18,19:35:00,3.48,3.48,3.48,3.48,100,0
2014-12-18,19:40:00,3.48,3.5,3.48,3.5,200,0
2014-12-18,19:45:00,3.48,3.48,3.48,3.48,100,0
2014-12-18,19:50:00,3.48,3.5,3.48,3.5,200,0
2014-12-18,19:55:00,3.475,3.475,3.47,3.47,800,0
2014-12-18,20:00:00,3.47,3.47,3.47,3.47,300,0
2014-12-18,20:05:00,3.47,3.48,3.47,3.48,400,0
2014-12-18,20:10:00,3.48,3.48,3.48,3.48,100,0
2014-12-18,20:15:00,3.48,3.48,3.47,3.47,696,0
2014-12-18,20:30:00,3.48,3.48,3.48,3.48,300,0
2014-12-18,20:35:00,3.48,3.48,3.48,3.48,200,0
2014-12-18,20:40:00,3.48,3.48,3.48,3.48,400,0
2014-12-18,20:45:00,3.48,3.48,3.48,3.48,200,0
2014-12-18,20:50:00,3.48,3.48,3.48,3.48,200,0
2014-12-18,20:55:00,3.48,3.49,3.48,3.49,200,0
2014-12-18,21:00:00,3.48,3.48,3.48,3.48,100,0
2014-12-18,21:05:00,3.48,3.49,3.48,3.49,200,0
2014-12-18,21:10:00,3.5,3.5,3.47,3.485,500,0
2014-12-18,21:20:00,3.5,3.5,3.5,3.5,200,0
2014-12-18,21:25:00,3.5,3.5,3.5,3.5,300,0
2014-12-18,21:30:00,3.485,3.5,3.485,3.5,728,0
2014-12-18,21:35:00,3.485,3.5,3.485,3.49,300,0
2014-12-18,21:40:00,3.5,3.5,3.5,3.5,4732,0
2014-12-18,21:45:00,3.5,3.5,3.5,3.5,1458,0
2014-12-18,21:50:00,3.5,3.5,3.49,3.4901,2552,0
2014-12-18,21:55:00,3.4999,3.5,3.4999,3.5,1575,0
2014-12-18,22:00:00,3.5,3.5,3.499,3.5,2526,0
2014-12-19,15:40:00,3.525,3.525,3.525,3.525,400,0
2014-12-19,15:50:00,3.525,3.525,3.47,3.525,2400,0
2014-12-19,15:55:00,3.525,3.5295,3.525,3.525,400,0
2014-12-19,16:00:00,3.55,3.55,3.5499,3.5499,400,0
2014-12-19,16:05:00,3.55,3.55,3.55,3.55,200,0
2014-12-19,16:10:00,3.55,3.56,3.55,3.56,600,0
2014-12-19,16:15:00,3.565,3.565,3.565,3.565,200,0
2014-12-19,16:20:00,3.565,3.565,3.565,3.565,400,0
2014-12-19,16:25:00,3.565,3.565,3.565,3.565,200,0
2014-12-19,16:30:00,3.56,3.56,3.56,3.56,300,0
2014-12-19,16:35:00,3.56,3.58,3.56,3.58,400,0
2014-12-19,16:40:00,3.57,3.58,3.57,3.58,200,0
2014-12-19,16:45:00,3.57,3.57,3.57,3.57,100,0
2014-12-19,16:50:00,3.58,3.59,3.58,3.58,400,0
2014-12-19,16:55:00,3.59,3.59,3.585,3.585,300,0
2014-12-19,17:00:00,3.59,3.6,3.59,3.6,300,0
2014-12-19,17:05:00,3.6,3.6,3.6,3.6,430,0
2014-12-19,17:10:00,3.6,3.6,3.6,3.6,600,0
2014-12-19,17:15:00,3.6,3.6,3.6,3.6,500,0
2014-12-19,17:20:00,3.6,3.6,3.5904,3.6,3452,0
2014-12-19,17:25:00,3.6,3.6,3.6,3.6,500,0
2014-12-19,17:30:00,3.6,3.6,3.5999,3.6,1900,0
2014-12-19,17:35:00,3.6,3.6,3.6,3.6,200,0
2014-12-19,17:40:00,3.6,3.6,3.6,3.6,200,0
2014-12-19,17:45:00,3.6,3.7,3.6,3.65,10942,0
2014-12-19,17:50:00,3.65,3.65,3.65,3.65,100,0
2014-12-19,17:55:00,3.63,3.65,3.63,3.65,1600,0
2014-12-19,18:00:00,3.63,3.65,3.63,3.65,1500,0
2014-12-19,18:05:00,3.63,3.63,3.62,3.62,500,0
2014-12-19,18:15:00,3.62,3.65,3.62,3.65,310,0
2014-12-19,18:20:00,3.65,3.65,3.62,3.62,800,0
2014-12-19,18:25:00,3.6398,3.6398,3.635,3.635,775,0
2014-12-19,18:30:00,3.635,3.635,3.635,3.635,200,0
2014-12-19,18:35:00,3.62,3.62,3.62,3.62,200,0
2014-12-19,18:40:00,3.635,3.635,3.635,3.635,100,0
2014-12-19,18:45:00,3.62,3.635,3.62,3.635,200,0
2014-12-19,18:50:00,3.635,3.635,3.635,3.635,400,0
2014-12-19,18:55:00,3.62,3.62,3.6,3.605,800,0
2014-12-19,19:00:00,3.605,3.605,3.6,3.6,600,0
2014-12-19,19:05:00,3.61,3.61,3.58,3.61,1035,0
2014-12-19,19:10:00,3.61,3.61,3.61,3.61,100,0
2014-12-19,19:15:00,3.61,3.61,3.61,3.61,200,0
2014-12-19,19:20:00,3.63,3.63,3.61,3.61,200,0
2014-12-19,19:25:00,3.61,3.63,3.6,3.6,300,0
2014-12-19,19:30:00,3.61,3.61,3.57,3.57,2500,0
2014-12-19,19:40:00,3.62,3.62,3.62,3.62,200,0
2014-12-19,19:45:00,3.63,3.63,3.63,3.63,400,0
2014-12-19,19:50:00,3.63,3.63,3.63,3.63,100,0
2014-12-19,19:55:00,3.63,3.63,3.63,3.63,200,0
2014-12-19,20:00:00,3.605,3.63,3.6,3.6,400,0
2014-12-19,20:05:00,3.615,3.615,3.6,3.6,1300,0
2014-12-19,20:10:00,3.605,3.605,3.605,3.605,100,0
2014-12-19,20:15:00,3.605,3.63,3.605,3.63,200,0
2014-12-19,20:20:00,3.605,3.63,3.605,3.63,200,0
2014-12-19,20:25:00,3.615,3.615,3.615,3.615,100,0
2014-12-19,20:30:00,3.6,3.63,3.6,3.61,1900,0
2014-12-19,20:40:00,3.61,3.61,3.6,3.6,200,0
2014-12-19,20:50:00,3.63,3.63,3.61,3.61,1000,0
2014-12-19,20:55:00,3.6232,3.6232,3.6232,3.6232,200,0
2014-12-19,21:05:00,3.61,3.61,3.61,3.61,2819,0
2014-12-19,21:10:00,3.598,3.598,3.598,3.598,200,0
2014-12-19,21:20:00,3.5701,3.5701,3.5701,3.5701,1000,0
2014-12-19,21:25:00,3.61,3.615,3.61,3.615,200,0
2014-12-19,21:30:00,3.615,3.63,3.61,3.61,1300,0
2014-12-19,21:35:00,3.61,3.61,3.61,3.61,600,0
2014-12-19,21:50:00,3.61,3.61,3.52,3.52,5558,0
2014-12-19,21:55:00,3.49,3.49,3.06,3.21,29645,0
2014-12-19,22:00:00,3.18,3.18,3.09,3.12,5913,0
2014-12-22,15:35:00,3.55,3.55,3.55,3.55,100,0
2014-12-22,15:40:00,3.13,3.13,3.1201,3.1201,396,0
2014-12-22,15:50:00,3.44,3.44,3.13,3.13,200,0
2014-12-22,15:55:00,3.31,3.332,3.1501,3.332,1800,0
2014-12-22,16:00:00,3.28,3.28,3.28,3.28,100,0
2014-12-22,16:10:00,3.3,3.3,3.3,3.3,300,0
2014-12-22,16:15:00,3.3508,3.3508,3.3508,3.3508,100,0
2014-12-22,16:20:00,3.3099,3.3099,3.3099,3.3099,2000,0
2014-12-22,16:30:00,3.2686,3.2686,3.2686,3.2686,300,0
2014-12-22,16:35:00,3.25,3.3099,3.25,3.25,1000,0
2014-12-22,16:40:00,3.25,3.25,3.25,3.25,200,0
2014-12-22,16:50:00,3.3,3.31,3.255,3.285,1300,0
2014-12-22,17:05:00,3.3,3.3,3.3,3.3,1000,0
2014-12-22,17:10:00,3.2999,3.2999,3.2999,3.2999,2000,0
2014-12-22,17:35:00,3.25,3.25,3.25,3.25,200,0
2014-12-22,18:00:00,3.25,3.25,3.22,3.22,2295,0
2014-12-22,18:40:00,3.223,3.223,3.2,3.2,2497,0
2014-12-22,18:45:00,3.2,3.2,3.2,3.2,900,0
2014-12-22,19:05:00,3.2001,3.2001,3.2001,3.2001,500,0
2014-12-22,19:10:00,3.2,3.2,3.17,3.17,800,0
2014-12-22,19:55:00,3.2199,3.22,3.21,3.21,800,0
2014-12-22,20:05:00,3.14,3.14,3.14,3.14,200,0
2014-12-22,20:30:00,3.1785,3.18,3.1785,3.18,1200,0
2014-12-22,20:35:00,3.2299,3.2299,3.2299,3.2299,750,0
2014-12-22,21:20:00,3.22,3.22,3.21,3.21,200,0
2014-12-22,21:50:00,3.21,3.21,3.13,3.13,2100,0
2014-12-22,22:00:00,3.15,3.15,3.15,3.15,200,0
2014-12-23,16:50:00,3.15,3.15,3.15,3.15,400,0
2014-12-23,17:00:00,3.15,3.15,3.15,3.15,900,0
2014-12-23,17:55:00,3.152,3.152,3.152,3.152,1000,0
2014-12-23,18:05:00,3.11,3.14,3.11,3.14,800,0
2014-12-23,18:10:00,3.14,3.14,3.11,3.11,1030,0
2014-12-23,18:15:00,3.1,3.1,3.06,3.06,3800,0
2014-12-23,18:20:00,3.06,3.06,3.024,3.06,2077,0
2014-12-23,18:25:00,3.05,3.06,3.05,3.06,500,0
2014-12-23,18:45:00,3.06,3.06,3.06,3.06,1600,0
2014-12-23,19:10:00,3.09,3.09,3.09,3.09,100,0
2014-12-23,19:20:00,3.1,3.12,3.1,3.12,1828,0
2014-12-23,19:50:00,3.0662,3.0662,3.0662,3.0662,200,0
2014-12-23,20:45:00,3.0701,3.0701,3.0701,3.0701,1000,0
2014-12-23,21:30:00,3.07,3.07,3.07,3.07,116,0
2014-12-23,21:55:00,3.07,3.07,3.07,3.07,300,0
2014-12-24,15:35:00,3.1,3.1,3.1,3.1,200,0
2014-12-24,16:45:00,3.1,3.1,3.08,3.08,800,0
2014-12-24,17:15:00,3.03,3.06,3.01,3.01,900,0
2014-12-24,17:25:00,3.0426,3.0426,3.0426,3.0426,100,0
2014-12-24,17:40:00,3.06,3.06,3.06,3.06,200,0
2014-12-24,19:00:00,3.02,3.02,3.02,3.02,200,0
2014-12-26,15:35:00,3.04,3.04,3.04,3.04,966,0
2014-12-26,15:55:00,3.09,3.09,3.09,3.09,900,0
2014-12-26,16:20:00,3.0,3.0,3.0,3.0,200,0
2014-12-26,17:15:00,3.01,3.07,3.01,3.07,2700,0
2014-12-26,17:20:00,3.06,3.06,3.03,3.06,2600,0
2014-12-26,18:50:00,3.04,3.04,3.04,3.04,200,0
2014-12-26,19:10:00,3.0976,3.12,3.0976,3.12,1900,0
2014-12-26,21:15:00,3.1999,3.2,3.1999,3.1999,1800,0
2014-12-26,21:55:00,3.17,3.17,3.17,3.17,200,0
2014-12-29,15:35:00,3.16,3.16,3.16,3.16,400,0
2014-12-29,15:45:00,3.22,3.22,3.21,3.21,400,0
2014-12-29,15:50:00,3.22,3.22,3.21,3.21,800,0
2014-12-29,15:55:00,3.21,3.22,3.21,3.22,800,0
2014-12-29,16:00:00,3.24,3.25,3.24,3.25,600,0
2014-12-29,16:05:00,3.25,3.25,3.25,3.25,1200,0
2014-12-29,16:10:00,3.23,3.24,3.23,3.24,500,0
2014-12-29,16:15:00,3.24,3.25,3.24,3.25,600,0
2014-12-29,16:20:00,3.25,3.25,3.205,3.25,600,0
2014-12-29,16:25:00,3.25,3.25,3.2,3.2,800,0
2014-12-29,16:30:00,3.2,3.24,3.2,3.24,800,0
2014-12-29,16:35:00,3.25,3.25,3.25,3.25,500,0
2014-12-29,16:40:00,3.25,3.25,3.175,3.25,2600,0
2014-12-29,16:45:00,3.25,3.25,3.25,3.25,700,0
2014-12-29,16:50:00,3.25,3.25,3.25,3.25,400,0
2014-12-29,16:55:00,3.25,3.25,3.16,3.25,800,0
2014-12-29,17:00:00,3.25,3.25,3.25,3.25,400,0
2014-12-29,17:05:00,3.25,3.25,3.25,3.25,3100,0
2014-12-29,17:10:00,3.25,3.25,3.25,3.25,600,0
2014-12-29,17:15:00,3.25,3.25,3.25,3.25,1500,0
2014-12-29,17:20:00,3.25,3.25,3.25,3.25,400,0
2014-12-29,17:25:00,3.25,3.25,3.25,3.25,400,0
2014-12-29,17:30:00,3.25,3.25,3.25,3.25,400,0
2014-12-29,17:35:00,3.25,3.25,3.2475,3.2475,1100,0
2014-12-29,17:40:00,3.25,3.29,3.25,3.29,3111,0
2014-12-29,17:45:00,3.25,3.29,3.25,3.29,500,0
2014-12-29,17:50:00,3.29,3.3,3.29,3.3,800,0
2014-12-29,18:10:00,3.39,3.4,3.35,3.4,3000,0
2014-12-29,18:20:00,3.39,3.41,3.38,3.38,2000,0
2014-12-29,18:25:00,3.39,3.39,3.39,3.39,100,0
2014-12-29,19:10:00,3.35,3.35,3.35,3.35,2151,0
2014-12-29,19:25:00,3.33,3.33,3.32,3.32,3700,0
2014-12-29,19:55:00,3.33,3.33,3.32,3.32,2100,0
2014-12-29,20:05:00,3.3001,3.3001,3.3001,3.3001,432,0
2014-12-29,20:45:00,3.31,3.31,3.31,3.31,400,0
2014-12-29,21:45:00,3.31,3.31,3.24,3.24,1100,0
2014-12-29,21:55:00,3.22,3.222,3.22,3.222,1200,0
2014-12-29,22:00:00,3.1,3.11,3.1,3.11,600,0
2014-12-30,15:35:00,3.36,3.36,3.36,3.36,2200,0
2014-12-30,15:40:00,3.3,3.3,3.12,3.28,3972,0
2014-12-30,15:45:00,3.28,3.28,3.12,3.2,1500,0
2014-12-30,15:50:00,3.26,3.26,3.26,3.26,100,0
2014-12-30,16:00:00,3.13,3.26,3.13,3.26,300,0
2014-12-30,16:40:00,3.1857,3.3,3.1857,3.3,1800,0
2014-12-30,17:10:00,3.29,3.29,3.29,3.29,286,0
2014-12-30,17:35:00,3.2999,3.3,3.2999,3.3,1500,0
2014-12-30,17:50:00,3.2999,3.3,3.2999,3.3,1100,0
2014-12-30,18:25:00,3.3,3.3,3.3,3.3,700,0
2014-12-30,19:35:00,3.3,3.3,3.3,3.3,450,0
2014-12-30,20:00:00,3.3,3.3,3.3,3.3,100,0
2014-12-30,20:05:00,3.2925,3.2925,3.2925,3.2925,500,0
2014-12-30,21:00:00,3.289,3.3,3.289,3.3,550,0
2014-12-30,21:25:00,3.292,3.3,3.292,3.3,200,0
2014-12-30,21:30:00,3.28,3.2801,3.25,3.25,1100,0
2014-12-30,21:50:00,3.1675,3.27,3.1675,3.27,1500,0
2014-12-30,21:55:00,3.27,3.28,3.25,3.25,3600,0
2014-12-30,22:00:00,3.25,3.25,3.18,3.25,4600,0
2014-12-31,17:55:00,3.2799,3.28,3.2799,3.28,3200,0
2014-12-31,18:05:00,3.14,3.14,3.14,3.14,100,0
2014-12-31,18:10:00,3.14,3.14,3.14,3.14,100,0
2014-12-31,19:05:00,3.1791,3.1791,3.1791,3.1791,320,0
2014-12-31,19:35:00,3.17,3.17,3.17,3.17,400,0
2014-12-31,20:10:00,3.1401,3.1401,3.1401,3.1401,200,0
2014-12-31,20:20:00,3.1441,3.1441,3.1441,3.1441,150,0
2014-12-31,20:35:00,3.1401,3.1401,3.12,3.12,3600,0
2014-12-31,20:45:00,3.09,3.1015,3.08,3.08,6600,0
2014-12-31,20:50:00,3.0941,3.0941,3.0941,3.0941,2600,0
2014-12-31,21:50:00,3.09,3.09,3.09,3.09,300,0
2015-01-02,16:35:00,3.06,3.06,3.06,3.06,1990,0
2015-01-02,17:10:00,3.08,3.08,3.08,3.08,200,0
2015-01-02,17:20:00,3.18,3.18,3.18,3.18,300,0
2015-01-02,17:50:00,3.0938,3.0938,3.0938,3.0938,100,0
2015-01-02,18:30:00,3.1123,3.1123,3.1123,3.1123,630,0
2015-01-02,20:10:00,3.0601,3.0601,3.0601,3.0601,924,0
2015-01-05,15:45:00,3.1204,3.1204,3.1204,3.1204,1693,0
2015-01-05,16:45:00,3.08,3.1,3.08,3.1,1100,0
2015-01-05,16:50:00,3.1,3.1,3.06,3.06,1500,0
2015-01-05,21:30:00,3.061,3.061,3.06,3.06,200,0
2015-01-05,21:35:00,3.06,3.06,3.06,3.06,100,0
2015-01-05,22:00:00,3.09,3.09,3.09,3.09,100,0
2015-01-06,16:00:00,3.09,3.09,3.09,3.09,800,0
2015-01-06,16:20:00,3.07,3.07,3.07,3.07,400,0
2015-01-06,16:30:00,3.06,3.06,3.06,3.06,1600,0
2015-01-06,18:30:00,3.06,3.06,3.06,3.06,400,0
2015-01-06,19:15:00,3.07,3.07,3.07,3.07,300,0
2015-01-06,20:00:00,3.069,3.069,3.064,3.064,500,0
2015-01-06,20:55:00,3.0616,3.0616,3.06,3.06,700,0
2015-01-06,21:05:00,3.06,3.06,3.06,3.06,100,0
2015-01-06,21:45:00,3.07,3.07,3.07,3.07,100,0
2015-01-06,21:50:00,3.06,3.06,3.06,3.06,800,0
2015-01-06,22:00:00,3.06,3.06,3.06,3.06,200,0
2015-01-07,15:35:00,3.09,3.09,3.09,3.09,200,0
2015-01-07,17:15:00,3.179,3.179,3.108,3.108,500,0
2015-01-07,18:00:00,3.12,3.12,3.12,3.12,200,0
2015-01-07,18:15:00,3.1199,3.1199,3.1199,3.1199,100,0
2015-01-07,19:10:00,3.1199,3.1199,3.1199,3.1199,1000,0
2015-01-07,19:55:00,3.11,3.11,3.11,3.11,100,0
2015-01-07,20:25:00,3.09,3.09,3.06,3.06,600,0
2015-01-07,21:00:00,3.0792,3.0792,3.0792,3.0792,600,0
2015-01-07,21:15:00,3.09,3.09,3.09,3.09,100,0
2015-01-07,21:50:00,3.06,3.09,3.05,3.09,400,0
2015-01-08,16:50:00,3.06,3.08,3.06,3.08,2300,0
2015-01-08,17:25:00,3.15,3.15,3.15,3.15,100,0
2015-01-08,17:40:00,3.11,3.11,3.08,3.08,1300,0
2015-01-08,18:15:00,3.11,3.11,3.11,3.11,700,0
2015-01-08,19:15:00,3.09,3.09,3.09,3.09,100,0
2015-01-08,20:35:00,3.06,3.06,3.06,3.06,500,0
2015-01-08,21:10:00,3.09,3.09,3.09,3.09,100,0
2015-01-09,16:05:00,3.02,3.06,3.0101,3.06,1300,0
2015-01-09,16:55:00,3.05,3.0999,3.05,3.0999,1700,0
2015-01-09,17:00:00,3.067,3.067,3.067,3.067,200,0
2015-01-09,17:10:00,3.1,3.1,3.1,3.1,20100,0
2015-01-09,17:55:00,3.06,3.06,3.06,3.06,100,0
2015-01-09,18:05:00,3.2,3.2,3.2,3.2,100,0
2015-01-09,18:10:00,3.14,3.14,3.1,3.14,1600,0
2015-01-09,18:15:00,3.15,3.15,3.11,3.11,300,0
2015-01-09,18:20:00,3.12,3.12,3.12,3.12,100,0
2015-01-09,19:30:00,3.0801,3.0801,3.0801,3.0801,200,0
2015-01-09,19:40:00,3.0801,3.0801,3.0801,3.0801,600,0
2015-01-09,20:30:00,3.1,3.1,3.1,3.1,100,0
2015-01-09,20:35:00,3.08,3.08,3.08,3.08,100,0
2015-01-09,21:20:00,3.08,3.08,3.08,3.08,100,0
2015-01-09,21:50:00,3.1,3.1,3.1,3.1,100,0
2015-01-09,21:55:00,3.08,3.08,3.08,3.08,100,0
2015-01-09,22:00:00,3.06,3.06,3.06,3.06,100,0
2015-01-12,15:35:00,3.02,3.1,3.0,3.1,25239,0
2015-01-12,15:45:00,2.944,2.944,2.53,2.73,16149,0
2015-01-12,15:50:00,2.73,2.73,2.73,2.73,200,0
2015-01-12,15:55:00,2.73,2.73,2.73,2.73,500,0
2015-01-12,16:15:00,2.7395,2.7395,2.7395,2.7395,1400,0
2015-01-12,16:35:00,2.76,2.76,2.76,2.76,100,0
2015-01-12,16:50:00,2.83,2.8399,2.83,2.8399,200,0
2015-01-12,17:10:00,2.89,3.12,2.89,3.1,27200,0
2015-01-12,17:20:00,3.1,3.1,3.1,3.1,600,0
2015-01-12,17:30:00,2.8,2.8,2.8,2.8,300,0
2015-01-12,18:35:00,3.08,3.08,3.08,3.08,3000,0
2015-01-12,19:30:00,2.86,2.86,2.86,2.86,300,0
2015-01-12,19:35:00,2.82,2.82,2.82,2.82,200,0
2015-01-12,19:40:00,2.82,2.86,2.82,2.86,2635,0
2015-01-12,19:45:00,2.859,2.86,2.859,2.86,900,0
2015-01-12,20:45:00,2.88,2.88,2.88,2.88,100,0
2015-01-12,20:50:00,2.88,2.88,2.88,2.88,1300,0
2015-01-12,21:10:00,2.88,2.88,2.76,2.76,2130,0
2015-01-12,21:15:00,2.74,2.74,2.74,2.74,2000,0
2015-01-12,21:20:00,2.84,2.84,2.75,2.76,800,0
2015-01-12,22:00:00,2.83,2.83,2.78,2.78,900,0
2015-01-13,15:35:00,3.0,3.0,3.0,3.0,2600,0
2015-01-13,15:40:00,3.0,3.0,2.77,2.77,2013,0
2015-01-13,15:50:00,2.83,2.83,2.82,2.82,300,0
2015-01-13,17:05:00,2.821,2.821,2.82,2.82,700,0
2015-01-13,17:10:00,2.8799,2.88,2.8799,2.88,2000,0
2015-01-13,17:55:00,2.86,2.99,2.86,2.88,1100,0
2015-01-13,18:05:00,2.88,2.88,2.88,2.88,100,0
2015-01-13,18:25:00,2.79,2.79,2.79,2.79,100,0
2015-01-13,18:50:00,2.79,2.79,2.79,2.79,303,0
2015-01-13,19:05:00,2.79,2.79,2.79,2.79,100,0
2015-01-13,19:25:00,2.79,2.79,2.79,2.79,300,0
2015-01-13,20:15:00,2.77,2.77,2.77,2.77,100,0
2015-01-13,21:45:00,2.7745,2.7745,2.7745,2.7745,220,0
2015-01-14,16:45:00,2.8001,2.8001,2.8001,2.8001,100,0
2015-01-14,17:55:00,2.82,2.9691,2.8,2.82,2900,0
2015-01-14,19:45:00,2.875,2.875,2.875,2.875,750,0
2015-01-14,20:00:00,2.84,2.84,2.8,2.8,1929,0
2015-01-14,20:40:00,2.77,2.77,2.77,2.77,100,0
2015-01-14,21:15:00,2.77,2.77,2.77,2.77,300,0
2015-01-14,21:25:00,2.77,2.77,2.77,2.77,200,0
2015-01-14,22:00:00,2.79,2.79,2.79,2.79,100,0
2015-01-15,16:15:00,2.77,2.78,2.75,2.76,4200,0
2015-01-15,16:50:00,2.75,2.75,2.75,2.75,100,0
2015-01-15,17:30:00,2.77,2.77,2.75,2.75,700,0
2015-01-15,18:40:00,2.75,2.75,2.75,2.75,100,0
2015-01-15,19:05:00,2.75,2.75,2.75,2.75,100,0
2015-01-15,19:30:00,2.75,2.75,2.75,2.75,100,0
2015-01-15,19:35:00,2.75,2.75,2.75,2.75,1700,0
2015-01-15,20:05:00,2.75,2.75,2.62,2.68,600,0
2015-01-15,20:15:00,2.68,2.68,2.68,2.68,100,0
2015-01-15,21:05:00,2.72,2.72,2.72,2.72,100,0
2015-01-15,21:10:00,2.68,2.68,2.68,2.68,1200,0
2015-01-15,22:00:00,2.68,2.68,2.68,2.68,100,0
2015-01-16,15:40:00,2.6822,2.6822,2.6822,2.6822,900,0
2015-01-16,15:50:00,2.7001,2.7001,2.7001,2.7001,300,0
2015-01-16,16:15:00,2.7201,2.7201,2.72,2.72,2800,0
2015-01-16,16:20:00,2.69,2.69,2.68,2.68,1660,0
2015-01-16,16:30:00,2.64,2.64,2.64,2.64,200,0
2015-01-16,16:35:00,2.6,2.66,2.6,2.65,1860,0
2015-01-16,16:40:00,2.6,2.6,2.6,2.6,100,0
2015-01-16,16:55:00,2.6,2.6,2.59,2.59,4500,0
2015-01-16,17:20:00,2.6899,2.6899,2.6899,2.6899,749,0
2015-01-16,19:05:00,2.58,2.62,2.58,2.62,300,0
2015-01-16,19:30:00,2.64,2.65,2.64,2.65,300,0
2015-01-16,20:25:00,2.66,2.663,2.66,2.66,400,0
2015-01-16,20:30:00,2.6685,2.6685,2.6685,2.6685,1400,0
2015-01-16,21:10:00,2.66,2.66,2.61,2.61,1900,0
2015-01-16,21:40:00,2.66,2.66,2.66,2.66,450,0
2015-01-16,21:45:00,2.71,2.71,2.71,2.71,1600,0
2015-01-16,21:55:00,2.72,2.72,2.72,2.72,1300,0
2015-01-16,22:00:00,2.7299,2.7299,2.72,2.72,600,0
2015-01-20,15:40:00,2.7201,2.7201,2.7201,2.7201,1000,0
2015-01-20,16:15:00,2.72,2.72,2.72,2.72,100,0
2015-01-20,17:10:00,2.78,2.78,2.78,2.78,1000,0
2015-01-20,17:20:00,2.7301,2.7301,2.7301,2.7301,204,0
2015-01-20,19:40:00,2.72,2.73,2.72,2.73,500,0
2015-01-20,19:45:00,2.738,2.738,2.738,2.738,250,0
2015-01-20,19:50:00,2.74,2.74,2.74,2.74,100,0
2015-01-20,20:10:00,2.7201,2.7201,2.7201,2.7201,2000,0
2015-01-20,20:30:00,2.77,2.77,2.77,2.77,400,0
2015-01-20,20:35:00,2.7379,2.7379,2.7379,2.7379,100,0
2015-01-20,20:50:00,2.7681,2.7681,2.7681,2.7681,338,0
2015-01-20,21:15:00,2.7899,2.7899,2.7899,2.7899,1000,0
2015-01-21,16:20:00,2.73,2.73,2.72,2.72,5800,0
2015-01-21,17:55:00,2.48,2.48,2.48,2.48,500,0
2015-01-21,19:20:00,2.6001,2.6001,2.6001,2.6001,1500,0
2015-01-21,19:35:00,2.62,2.62,2.62,2.62,200,0
2015-01-21,20:25:00,2.63,2.66,2.63,2.66,316,0
2015-01-21,21:45:00,2.6199,2.62,2.6199,2.62,1200,0
2015-01-21,22:00:00,2.635,2.65,2.635,2.65,200,0
2015-01-22,15:35:00,2.65,2.65,2.65,2.65,2500,0
2015-01-22,15:55:00,2.51,2.51,2.51,2.51,300,0
2015-01-22,16:30:00,2.528,2.528,2.528,2.528,500,0
2015-01-22,17:05:00,2.55,2.56,2.55,2.56,500,0
2015-01-22,18:15:00,2.5401,2.5401,2.5401,2.5401,300,0
2015-01-22,18:35:00,2.57,2.57,2.567,2.57,1800,0
2015-01-22,19:15:00,2.56,2.56,2.56,2.56,1000,0
2015-01-22,19:20:00,2.55,2.55,2.55,2.55,1000,0
2015-01-22,19:35:00,2.556,2.556,2.556,2.556,100,0
2015-01-22,19:40:00,2.55,2.57,2.55,2.57,200,0
2015-01-22,20:05:00,2.56,2.56,2.56,2.56,100,0
2015-01-22,20:30:00,2.579,2.579,2.579,2.579,1000,0
2015-01-22,21:05:00,2.59,2.59,2.57,2.59,2100,0
2015-01-22,21:15:00,2.61,2.61,2.61,2.61,200,0
2015-01-22,21:25:00,2.65,2.65,2.6455,2.6455,600,0
2015-01-22,21:30:00,2.65,2.65,2.65,2.65,300,0
2015-01-22,21:40:00,2.65,2.65,2.61,2.61,800,0
2015-01-22,22:00:00,2.61,2.61,2.6,2.6,200,0
2015-01-23,15:35:00,2.6,2.6,2.57,2.57,2100,0
2015-01-23,15:40:00,2.6,2.6,2.6,2.6,500,0
2015-01-23,16:50:00,2.58,2.58,2.58,2.58,100,0
2015-01-23,19:00:00,2.58,2.58,2.58,2.58,200,0
2015-01-23,20:35:00,2.5999,2.5999,2.5999,2.5999,500,0
2015-01-23,20:50:00,2.6,2.6,2.51,2.51,2900,0
2015-01-26,16:25:00,2.51,2.51,2.51,2.51,100,0
2015-01-26,17:25:00,2.5101,2.5101,2.5101,2.5101,448,0
2015-01-26,19:40:00,2.51,2.51,2.48,2.51,989,0
2015-01-26,19:55:00,2.48,2.48,2.48,2.48,811,0
2015-01-26,20:00:00,2.47,2.48,2.47,2.48,489,0
2015-01-26,20:15:00,2.5,2.5,2.5,2.5,24000,0
2015-01-26,20:20:00,2.48,2.48,2.48,2.48,25000,0
2015-01-26,20:45:00,2.4797,2.4797,2.4797,2.4797,500,0
2015-01-26,21:05:00,2.46,2.46,2.46,2.46,1800,0
2015-01-26,21:25:00,2.45,2.45,2.45,2.45,210,0
2015-01-26,21:30:00,2.38,2.39,2.38,2.38,300,0
2015-01-26,21:50:00,2.39,2.4,2.38,2.4,4200,0
2015-01-26,22:00:00,2.42,2.42,2.42,2.42,500,0
2015-01-27,15:55:00,2.45,2.45,2.45,2.45,300,0
2015-01-27,16:00:00,2.41,2.42,2.4,2.4,2100,0
2015-01-27,16:20:00,2.4355,2.4355,2.4,2.4,1600,0
2015-01-27,16:25:00,2.434,2.434,2.434,2.434,1000,0
2015-01-27,16:40:00,2.44,2.44,2.44,2.44,200,0
2015-01-27,17:20:00,2.43,2.43,2.43,2.43,100,0
2015-01-27,17:55:00,2.4001,2.43,2.4001,2.43,1100,0
2015-01-27,18:45:00,2.45,2.45,2.45,2.45,1500,0
2015-01-28,17:10:00,2.441,2.441,2.441,2.441,500,0
2015-01-28,18:25:00,2.401,2.45,2.4,2.4001,730,0
2015-01-28,18:35:00,2.38,2.38,2.38,2.38,100,0
2015-01-28,21:00:00,2.42,2.42,2.42,2.42,900,0
2015-02-02,16:05:00,2.42,2.42,2.42,2.42,600,0
2015-02-02,16:10:00,2.41,2.41,2.41,2.41,250,0
2015-02-02,16:25:00,2.41,2.41,2.41,2.41,1150,0
2015-02-02,20:35:00,2.41,2.41,2.41,2.41,100,0
2015-02-02,22:00:00,2.41,2.41,2.41,2.41,100,0
2015-02-03,16:05:00,2.41,2.41,2.41,2.41,1000,0
2015-02-03,16:15:00,2.4101,2.4101,2.4101,2.4101,500,0
2015-02-03,16:25:00,2.43,2.43,2.43,2.43,200,0
2015-02-03,16:40:00,2.41,2.41,2.41,2.41,100,0
2015-02-03,19:15:00,2.42,2.42,2.42,2.42,100,0
2015-02-03,20:15:00,2.42,2.45,2.42,2.45,1500,0
2015-02-03,21:15:00,2.447,2.45,2.447,2.45,1300,0
2015-02-03,21:25:00,2.423,2.45,2.423,2.45,725,0
2015-02-03,22:00:00,2.42,2.42,2.42,2.42,100,0
2015-02-04,17:25:00,2.4633,2.4633,2.42,2.42,700,0
2015-02-04,17:35:00,2.451,2.47,2.451,2.47,600,0
2015-02-04,18:10:00,2.48,2.48,2.45,2.45,2000,0
2015-02-04,20:35:00,2.44,2.44,2.44,2.44,100,0
2015-02-04,21:55:00,2.45,2.45,2.45,2.45,100,0
2015-02-04,22:00:00,2.44,2.44,2.44,2.44,100,0
2015-02-05,15:50:00,2.4399,2.4399,2.4399,2.4399,1400,0
2015-02-05,15:55:00,2.42,2.42,2.42,2.42,100,0
2015-02-05,16:00:00,2.42,2.42,2.42,2.42,100,0
2015-02-05,16:25:00,2.42,2.44,2.42,2.42,2960,0
2015-02-05,16:30:00,2.42,2.42,2.42,2.42,1200,0
2015-02-05,17:00:00,2.421,2.421,2.421,2.421,300,0
2015-02-05,17:55:00,2.44,2.44,2.4398,2.4398,700,0
2015-02-05,19:10:00,2.44,2.44,2.44,2.44,215,0
2015-02-05,20:40:00,2.42,2.42,2.42,2.42,100,0
2015-02-05,22:00:00,2.44,2.44,2.42,2.42,1300,0
2015-02-06,15:45:00,2.42,2.42,2.42,2.42,1500,0
2015-02-06,15:50:00,2.4305,2.4305,2.4305,2.4305,1500,0
2015-02-06,17:00:00,2.4366,2.44,2.4366,2.44,2300,0
2015-02-06,17:10:00,2.42,2.42,2.42,2.42,200,0
2015-02-06,17:20:00,2.4399,2.44,2.4399,2.44,1300,0
2015-02-06,17:35:00,2.4399,2.4399,2.4399,2.4399,500,0
2015-02-06,19:00:00,2.44,2.44,2.439,2.439,842,0
2015-02-06,19:25:00,2.44,2.44,2.44,2.44,400,0
2015-02-06,20:20:00,2.4372,2.44,2.4372,2.44,1100,0
2015-02-06,21:05:00,2.44,2.44,2.44,2.44,600,0
2015-02-09,16:30:00,2.446,2.446,2.41,2.41,2100,0
2015-02-09,17:00:00,2.445,2.4499,2.445,2.4499,3500,0
2015-02-09,17:30:00,2.4,2.4,2.4,2.4,5800,0
2015-02-09,17:35:00,2.4,2.4,2.4,2.4,1000,0
2015-02-09,19:00:00,2.28,2.28,2.28,2.28,100,0
2015-02-09,19:40:00,2.2972,2.2972,2.2972,2.2972,200,0
2015-02-09,20:15:00,2.3099,2.3099,2.3099,2.3099,500,0
2015-02-09,20:20:00,2.31,2.32,2.3,2.3,600,0
2015-02-09,21:30:00,2.3199,2.32,2.3199,2.32,1100,0
2015-02-10,16:15:00,2.32,2.32,2.32,2.32,100,0
2015-02-10,16:20:00,2.28,2.28,2.25,2.253,1700,0
2015-02-10,16:25:00,2.2501,2.2501,2.2501,2.2501,1100,0
2015-02-10,16:30:00,2.25,2.25,2.25,2.25,100,0
2015-02-10,16:40:00,2.251,2.251,2.25,2.25,3000,0
2015-02-10,16:50:00,2.29,2.29,2.29,2.29,100,0
2015-02-10,17:05:00,2.25,2.25,2.25,2.25,1500,0
2015-02-10,17:15:00,2.29,2.29,2.29,2.29,100,0
2015-02-10,18:30:00,2.28,2.28,2.25,2.25,800,0
2015-02-10,18:35:00,2.25,2.26,2.25,2.26,6200,0
2015-02-10,19:55:00,2.25,2.25,2.25,2.25,900,0
2015-02-10,20:00:00,2.25,2.25,2.25,2.25,200,0
2015-02-10,20:35:00,2.25,2.25,2.25,2.25,100,0
2015-02-10,20:40:00,2.25,2.25,2.25,2.25,4500,0
2015-02-10,20:45:00,2.25,2.25,2.25,2.25,100,0
2015-02-10,21:00:00,2.25,2.25,2.25,2.25,100,0
2015-02-10,21:05:00,2.25,2.25,2.25,2.25,57505,0
2015-02-10,21:10:00,2.16,2.21,2.16,2.21,500,0
2015-02-10,22:00:00,2.15,2.15,2.15,2.15,100,0
2015-02-11,16:00:00,2.2,2.2,2.2,2.2,108,0
2015-02-11,16:50:00,2.19,2.19,2.17,2.17,300,0
2015-02-11,19:15:00,2.24,2.24,2.24,2.24,300,0
2015-02-11,19:30:00,2.23,2.23,2.23,2.23,400,0
2015-02-11,19:40:00,2.18,2.18,2.17,2.17,200,0
2015-02-11,20:20:00,2.1708,2.1708,2.1708,2.1708,100,0
2015-02-12,20:40:00,2.15,2.15,2.15,2.15,200,0
2015-02-12,22:00:00,2.17,2.17,2.17,2.17,100,0
2015-02-13,16:15:00,2.1501,2.1501,2.1501,2.1501,500,0
2015-02-13,16:30:00,2.2799,2.2799,2.2799,2.2799,2000,0
2015-02-13,16:45:00,2.2799,2.2799,2.2799,2.2799,100,0
2015-02-13,18:00:00,2.25,2.25,2.25,2.25,25000,0
2015-02-13,18:05:00,2.18,2.18,2.18,2.18,200,0
2015-02-13,18:15:00,2.28,2.28,2.28,2.28,200,0
2015-02-13,18:30:00,2.2501,2.2501,2.25,2.25,700,0
2015-02-13,18:40:00,2.26,2.26,2.26,2.26,900,0
2015-02-13,19:50:00,2.25,2.25,2.25,2.25,200,0
2015-02-13,20:35:00,2.24,2.24,2.24,2.24,100,0
2015-02-13,20:40:00,2.2598,2.2598,2.2598,2.2598,1000,0
2015-02-13,21:35:00,2.25,2.25,2.25,2.25,100,0
2015-02-13,21:40:00,2.265,2.31,2.26,2.31,2552,0
2015-02-13,21:45:00,2.44,2.54,2.44,2.54,700,0
2015-02-13,21:50:00,2.457,2.46,2.45,2.45,1000,0
2015-02-13,21:55:00,2.49,2.49,2.49,2.49,100,0
2015-02-13,22:00:00,2.45,2.45,2.45,2.45,100,0
2015-02-17,20:05:00,2.518,2.518,2.518,2.518,195,0
2015-02-17,20:55:00,2.52,2.52,2.52,2.52,200,0
2015-02-17,21:15:00,2.53,2.53,2.42,2.5,4490,0
2015-02-17,21:45:00,2.5,2.5,2.5,2.5,1000,0
2015-02-17,22:00:00,2.52,2.52,2.52,2.52,100,0
2015-02-18,16:05:00,2.599,2.6,2.594,2.6,3202,0
2015-02-18,16:10:00,2.6,2.6,2.6,2.6,500,0
2015-02-18,16:35:00,2.583,2.59,2.583,2.59,1800,0
2015-02-18,16:40:00,2.56,2.56,2.56,2.56,200,0
2015-02-18,16:45:00,2.58,2.58,2.58,2.58,100,0
2015-02-18,16:50:00,2.58,2.59,2.58,2.59,600,0
2015-02-18,16:55:00,2.59,2.59,2.59,2.59,100,0
2015-02-18,17:45:00,2.5999,2.6,2.5999,2.6,1800,0
2015-02-18,17:55:00,2.6,2.6,2.6,2.6,375,0
2015-02-18,18:10:00,2.609,2.63,2.601,2.63,1330,0
2015-02-18,18:55:00,2.63,2.63,2.63,2.63,100,0
2015-02-18,19:45:00,2.61,2.63,2.61,2.63,1200,0
2015-02-19,16:35:00,2.73,2.73,2.73,2.73,200,0
2015-02-19,17:05:00,2.6801,2.6801,2.6801,2.6801,400,0
2015-02-19,17:15:00,2.6801,2.6801,2.6801,2.6801,700,0
2015-02-19,17:25:00,2.7,2.73,2.7,2.73,1700,0
2015-02-19,17:40:00,2.73,2.73,2.73,2.73,152,0
2015-02-19,18:35:00,2.6801,2.6801,2.6801,2.6801,577,0
2015-02-19,19:00:00,2.7172,2.7172,2.7172,2.7172,150,0
2015-02-19,19:15:00,2.72,2.84,2.72,2.84,900,0
2015-02-19,19:30:00,2.9,2.9099,2.84,2.84,1800,0
2015-02-19,19:40:00,2.84,2.84,2.74,2.8,800,0
2015-02-19,19:45:00,2.8246,2.8246,2.8246,2.8246,100,0
2015-02-19,19:50:00,2.82,2.82,2.82,2.82,200,0
2015-02-19,20:15:00,2.85,2.85,2.85,2.85,200,0
2015-02-19,20:20:00,2.84,2.84,2.82,2.82,1300,0
2015-02-19,20:25:00,2.86,2.86,2.86,2.86,100,0
2015-02-19,20:40:00,2.86,2.86,2.86,2.86,200,0
2015-02-19,21:05:00,2.8201,2.8201,2.8201,2.8201,800,0
2015-02-19,21:20:00,2.87,2.87,2.87,2.87,100,0
2015-02-19,21:25:00,2.85,2.87,2.85,2.87,3400,0
2015-02-19,21:40:00,2.87,2.87,2.865,2.865,200,0
2015-02-19,21:50:00,2.85,2.89,2.85,2.87,3400,0
2015-02-19,21:55:00,2.82,2.82,2.82,2.82,100,0
2015-02-19,22:00:00,2.83,2.86,2.83,2.86,300,0
2015-02-20,15:40:00,2.98,2.98,2.98,2.98,1500,0
2015-02-20,15:45:00,3,3,3,3,400,0
2015-02-20,15:50:00,2.9525,2.9525,2.92,2.95,1760,0
2015-02-20,16:05:00,2.92,2.92,2.92,2.92,200,0
2015-02-20,16:10:00,2.84,2.88,2.84,2.88,200,0
2015-02-20,18:15:00,2.8899,2.8899,2.8899,2.8899,200,0
2015-02-20,19:35:00,2.8614,2.8701,2.86,2.8701,1400,0
2015-02-20,21:15:00,2.85,2.86,2.85,2.86,300,0
2015-02-23,17:00:00,2.9,2.91,2.9,2.91,600,0
2015-02-23,17:05:00,2.9,2.91,2.9,2.91,500,0
2015-02-23,20:35:00,2.83,2.83,2.83,2.83,100,0
2015-02-23,21:15:00,2.821,2.821,2.821,2.821,100,0
2015-02-23,21:20:00,2.82,2.82,2.8,2.82,944,0
2015-02-23,22:00:00,2.79,2.79,2.78,2.78,800,0
