Date,Time,Open,High,Low,Close,Volume,OpenInt
2015-01-23,17:00:00,5.16,5.17,5.14,5.14,1500,0
2015-01-23,17:45:00,5.16,5.16,5.16,5.16,100,0
2015-01-23,17:50:00,5.15,5.15,5.15,5.15,500,0
2015-01-23,18:05:00,5.16,5.16,5.16,5.16,600,0
2015-01-23,18:15:00,5.16,5.16,5.16,5.16,800,0
2015-01-23,18:20:00,5.16,5.16,5.16,5.16,100,0
2015-01-23,18:30:00,5.15,5.15,5.15,5.15,100,0
2015-01-23,18:40:00,5.15,5.15,5.15,5.15,418,0
2015-01-23,18:50:00,5.15,5.15,5.15,5.15,200,0
2015-01-23,19:15:00,5.16,5.16,5.16,5.16,100,0
2015-01-23,19:20:00,5.14,5.14,5.13,5.13,700,0
2015-01-23,19:25:00,5.1,5.1,5.1,5.1,100,0
2015-01-23,19:30:00,5.09,5.09,5.09,5.09,683,0
2015-01-23,19:40:00,5.101,5.12,5.101,5.102,1100,0
2015-01-23,19:55:00,5.11,5.11,5.11,5.11,100,0
2015-01-23,20:00:00,5.11,5.11,5.11,5.11,100,0
2015-01-23,20:05:00,5.12,5.12,5.12,5.12,100,0
2015-01-23,20:20:00,5.14,5.14,5.14,5.14,100,0
2015-01-23,20:30:00,5.15,5.15,5.15,5.15,100,0
2015-01-23,20:35:00,5.14,5.15,5.13,5.13,519,0
2015-01-23,20:55:00,5.11,5.11,5.11,5.11,100,0
2015-01-23,21:05:00,5.08,5.12,5.08,5.12,623,0
2015-01-23,21:20:00,5.11,5.11,5.11,5.11,300,0
2015-01-23,21:25:00,5.111,5.115,5.111,5.115,200,0
2015-01-23,21:30:00,5.11,5.11,5.1,5.1,1800,0
2015-01-23,21:40:00,5.1,5.13,5.1,5.13,1300,0
2015-01-23,21:50:00,5.12,5.12,5.1,5.11,4000,0
2015-01-23,22:00:00,5.12,5.12,5.07,5.07,10446,0
2015-01-26,15:35:00,5.06,5.06,5.06,5.06,1710,0
2015-01-26,16:00:00,5.08,5.08,5.08,5.08,200,0
2015-01-26,16:30:00,5.08,5.13,5.08,5.13,700,0
2015-01-26,16:40:00,5.07,5.07,5.07,5.07,500,0
2015-01-26,16:50:00,5.1,5.1,5.1,5.1,100,0
2015-01-26,16:55:00,5.08,5.12,5.08,5.12,6852,0
2015-01-26,17:10:00,5.115,5.115,5.06,5.06,900,0
2015-01-26,17:50:00,5.09,5.09,5.07,5.07,800,0
2015-01-26,18:15:00,5.06,5.08,5.06,5.06,1700,0
2015-01-26,18:55:00,5.1,5.1,5.08,5.08,900,0
2015-01-26,19:00:00,5.05,5.13,5.05,5.08,3746,0
2015-01-26,19:35:00,5.1,5.1,5.08,5.08,300,0
2015-01-26,19:40:00,5.08,5.12,5.08,5.08,300,0
2015-01-26,19:45:00,5.08,5.08,5.08,5.08,100,0
2015-01-26,19:50:00,5.08,5.08,5.08,5.08,100,0
2015-01-26,19:55:00,5.08,5.08,5.08,5.08,200,0
2015-01-26,20:00:00,5.08,5.08,5.08,5.08,100,0
2015-01-26,20:10:00,5.08,5.135,5.07,5.08,1600,0
2015-01-26,20:15:00,5.1,5.1,5.08,5.08,200,0
2015-01-26,20:30:00,5.07,5.12,5.07,5.07,1000,0
2015-01-26,20:35:00,5.0502,5.082,5.0502,5.06,912,0
2015-01-26,21:00:00,5.09,5.09,5.07,5.07,200,0
2015-01-26,21:10:00,5.07,5.075,5.06,5.06,1000,0
2015-01-26,21:20:00,5.06,5.07,5.06,5.06,1100,0
2015-01-26,21:25:00,5.06,5.06,5.06,5.06,400,0
2015-01-26,21:30:00,5.05,5.07,5.05,5.05,1900,0
2015-01-26,21:35:00,5.05,5.05,5.05,5.05,300,0
2015-01-26,21:40:00,5.05,5.07,5.04,5.0505,970,0
2015-01-26,21:45:00,5.07,5.07,5.07,5.07,400,0
2015-01-26,21:50:00,5.07,5.09,5.07,5.07,1800,0
2015-01-26,21:55:00,5.07,5.1,5.07,5.1,4981,0
2015-01-26,22:00:00,5.09,5.1,5.08,5.08,5086,0
2015-01-27,15:45:00,5.13,5.13,5.11,5.11,200,0
2015-01-27,15:50:00,5.11,5.11,5.11,5.11,200,0
2015-01-27,15:55:00,5.12,5.12,5.12,5.12,200,0
2015-01-27,16:15:00,5.136,5.15,5.136,5.15,400,0
2015-01-27,16:20:00,5.16,5.24,5.16,5.24,300,0
2015-01-27,16:25:00,5.19,5.19,5.19,5.19,200,0
2015-01-27,16:30:00,5.16,5.16,5.16,5.16,500,0
2015-01-27,16:35:00,5.12,5.12,5.12,5.12,800,0
2015-01-27,16:45:00,5.12,5.12,5.12,5.12,100,0
2015-01-27,16:50:00,5.12,5.12,5.12,5.12,300,0
2015-01-27,16:55:00,5.12,5.12,5.12,5.12,300,0
2015-01-27,17:05:00,5.13,5.13,5.13,5.13,300,0
2015-01-27,17:10:00,5.14,5.14,5.14,5.14,1100,0
2015-01-27,17:20:00,5.13,5.18,5.12,5.18,5100,0
2015-01-27,17:35:00,5.16,5.17,5.16,5.17,1200,0
2015-01-27,17:45:00,5.16,5.16,5.16,5.16,200,0
2015-01-27,17:55:00,5.19,5.19,5.19,5.19,600,0
2015-01-27,18:00:00,5.19,5.21,5.19,5.21,300,0
2015-01-27,18:05:00,5.18,5.19,5.18,5.18,900,0
2015-01-27,18:20:00,5.16,5.16,5.13,5.13,1200,0
2015-01-27,18:30:00,5.13,5.13,5.13,5.13,300,0
2015-01-27,18:45:00,5.14,5.17,5.14,5.17,500,0
2015-01-27,18:55:00,5.16,5.16,5.15,5.15,200,0
2015-01-27,19:00:00,5.15,5.15,5.15,5.15,100,0
2015-01-27,19:05:00,5.16,5.16,5.16,5.16,100,0
2015-01-27,19:10:00,5.17,5.17,5.17,5.17,100,0
2015-01-27,19:15:00,5.18,5.18,5.18,5.18,127,0
2015-01-27,19:25:00,5.18,5.18,5.18,5.18,300,0
2015-01-27,19:35:00,5.18,5.18,5.18,5.18,300,0
2015-01-27,19:40:00,5.19,5.19,5.19,5.19,500,0
2015-01-27,20:00:00,5.17,5.17,5.17,5.17,200,0
2015-01-27,20:10:00,5.17,5.17,5.17,5.17,200,0
2015-01-27,20:20:00,5.17,5.17,5.17,5.17,400,0
2015-01-27,20:30:00,5.19,5.19,5.19,5.19,800,0
2015-01-27,20:35:00,5.18,5.18,5.18,5.18,400,0
2015-01-27,20:40:00,5.18,5.18,5.18,5.18,200,0
2015-01-27,21:00:00,5.18,5.19,5.18,5.19,400,0
2015-01-27,21:05:00,5.19,5.19,5.19,5.19,100,0
2015-01-27,21:10:00,5.19,5.19,5.19,5.19,300,0
2015-01-27,21:15:00,5.19,5.19,5.19,5.19,400,0
2015-01-27,21:20:00,5.19,5.19,5.19,5.19,900,0
2015-01-27,21:35:00,5.19,5.19,5.19,5.19,200,0
2015-01-27,21:40:00,5.18,5.18,5.16,5.16,1200,0
2015-01-27,21:45:00,5.16,5.16,5.16,5.16,200,0
2015-01-27,21:50:00,5.15,5.15,5.13,5.14,1300,0
2015-01-27,21:55:00,5.14,5.14,5.13,5.13,1400,0
2015-01-27,22:00:00,5.13,5.14,5.13,5.14,8742,0
2015-01-28,15:40:00,5.15,5.15,5.15,5.15,600,0
2015-01-28,15:45:00,5.13,5.13,5.13,5.13,400,0
2015-01-28,15:55:00,5.07,5.09,5.07,5.09,800,0
2015-01-28,16:00:00,5.17,5.17,5.17,5.17,200,0
2015-01-28,16:15:00,5.14,5.14,5.14,5.14,200,0
2015-01-28,16:20:00,5.15,5.15,5.15,5.15,300,0
2015-01-28,16:25:00,5.14,5.15,5.14,5.15,800,0
2015-01-28,16:30:00,5.14,5.14,5.13,5.14,400,0
2015-01-28,16:35:00,5.14,5.15,5.14,5.15,400,0
2015-01-28,16:40:00,5.14,5.14,5.14,5.14,300,0
2015-01-28,16:45:00,5.14,5.14,5.14,5.14,100,0
2015-01-28,16:50:00,5.14,5.14,5.14,5.14,100,0
2015-01-28,16:55:00,5.13,5.13,5.13,5.13,300,0
2015-01-28,17:00:00,5.11,5.12,5.1,5.1,600,0
2015-01-28,17:15:00,5.13,5.13,5.13,5.13,100,0
2015-01-28,17:35:00,5.11,5.11,5.11,5.11,100,0
2015-01-28,18:20:00,5.13,5.17,5.13,5.17,600,0
2015-01-28,18:25:00,5.17,5.17,5.17,5.17,400,0
2015-01-28,18:30:00,5.17,5.17,5.17,5.17,300,0
2015-01-28,18:35:00,5.17,5.17,5.17,5.17,100,0
2015-01-28,18:40:00,5.17,5.17,5.17,5.17,200,0
2015-01-28,18:50:00,5.18,5.18,5.18,5.18,300,0
2015-01-28,18:55:00,5.19,5.19,5.19,5.19,300,0
2015-01-28,19:10:00,5.19,5.19,5.19,5.19,200,0
2015-01-28,19:15:00,5.185,5.19,5.185,5.19,500,0
2015-01-28,19:20:00,5.19,5.19,5.19,5.19,100,0
2015-01-28,19:30:00,5.19,5.195,5.19,5.195,300,0
2015-01-28,19:35:00,5.21,5.21,5.19,5.19,1200,0
2015-01-28,19:40:00,5.19,5.195,5.18,5.182,4300,0
2015-01-28,19:50:00,5.2,5.2,5.19,5.19,300,0
2015-01-28,19:55:00,5.2,5.205,5.19,5.19,2600,0
2015-01-28,20:00:00,5.17,5.17,5.16,5.16,200,0
2015-01-28,20:05:00,5.18,5.18,5.17,5.17,400,0
2015-01-28,20:10:00,5.16,5.16,5.15,5.16,1200,0
2015-01-28,20:15:00,5.15,5.16,5.15,5.16,700,0
2015-01-28,20:20:00,5.15,5.16,5.15,5.15,2822,0
2015-01-28,20:25:00,5.15,5.16,5.15,5.16,1300,0
2015-01-28,20:30:00,5.15,5.15,5.14,5.14,1700,0
2015-01-28,20:35:00,5.145,5.15,5.14,5.15,1300,0
2015-01-28,20:45:00,5.18,5.18,5.18,5.18,500,0
2015-01-28,20:50:00,5.19,5.19,5.19,5.19,1300,0
2015-01-28,21:00:00,5.19,5.19,5.19,5.19,800,0
2015-01-28,21:15:00,5.19,5.19,5.19,5.19,300,0
2015-01-28,21:20:00,5.18,5.185,5.17,5.18,2500,0
2015-01-28,21:25:00,5.17,5.17,5.17,5.17,1200,0
2015-01-28,21:30:00,5.19,5.19,5.19,5.19,1600,0
2015-01-28,21:35:00,5.18,5.185,5.17,5.17,2933,0
2015-01-28,21:40:00,5.17,5.175,5.15,5.15,1500,0
2015-01-28,21:45:00,5.145,5.16,5.145,5.16,4410,0
2015-01-28,21:50:00,5.16,5.175,5.16,5.17,2700,0
2015-01-28,21:55:00,5.175,5.175,5.16,5.17,2521,0
2015-01-28,22:00:00,5.17,5.2,5.17,5.19,21638,0
2015-01-29,15:40:00,5.18,5.18,5.18,5.18,714,0
2015-01-29,15:45:00,5.17,5.17,5.15,5.15,600,0
2015-01-29,15:50:00,5.13,5.13,5.13,5.13,200,0
2015-01-29,15:55:00,5.12,5.13,5.12,5.13,400,0
2015-01-29,16:10:00,5.14,5.14,5.12,5.12,600,0
2015-01-29,16:25:00,5.12,5.12,5.11,5.11,1400,0
2015-01-29,16:45:00,5.12,5.12,5.12,5.12,600,0
2015-01-29,16:50:00,5.13,5.13,5.13,5.13,100,0
2015-01-29,16:55:00,5.13,5.13,5.13,5.13,500,0
2015-01-29,17:00:00,5.13,5.15,5.13,5.15,1400,0
2015-01-29,17:05:00,5.17,5.18,5.17,5.18,500,0
2015-01-29,17:20:00,5.19,5.2,5.19,5.2,300,0
2015-01-29,17:25:00,5.21,5.23,5.21,5.23,6000,0
2015-01-29,17:30:00,5.25,5.25,5.235,5.235,500,0
2015-01-29,17:50:00,5.24,5.24,5.24,5.24,100,0
2015-01-29,18:00:00,5.22,5.22,5.22,5.22,600,0
2015-01-29,18:15:00,5.19,5.19,5.19,5.19,200,0
2015-01-29,18:45:00,5.195,5.195,5.18,5.18,500,0
2015-01-29,18:55:00,5.18,5.18,5.175,5.175,400,0
2015-01-29,19:20:00,5.19,5.24,5.19,5.24,500,0
2015-01-29,19:25:00,5.22,5.22,5.22,5.22,200,0
2015-01-29,19:30:00,5.23,5.23,5.22,5.22,200,0
2015-01-29,19:40:00,5.23,5.23,5.23,5.23,200,0
2015-01-29,19:45:00,5.24,5.24,5.23,5.23,200,0
2015-01-29,19:50:00,5.23,5.23,5.23,5.23,2200,0
2015-01-29,19:55:00,5.23,5.235,5.22,5.235,3900,0
2015-01-29,20:00:00,5.23,5.23,5.23,5.23,100,0
2015-01-29,20:05:00,5.23,5.23,5.23,5.23,100,0
2015-01-29,20:20:00,5.23,5.23,5.23,5.23,100,0
2015-01-29,20:25:00,5.23,5.23,5.23,5.23,1400,0
2015-01-29,20:35:00,5.23,5.23,5.23,5.23,200,0
2015-01-29,20:40:00,5.23,5.23,5.23,5.23,100,0
2015-01-29,20:50:00,5.23,5.23,5.23,5.23,100,0
2015-01-29,21:00:00,5.24,5.24,5.24,5.24,100,0
2015-01-29,21:10:00,5.23,5.25,5.23,5.24,4300,0
2015-01-29,21:15:00,5.23,5.24,5.23,5.23,1500,0
2015-01-29,21:20:00,5.23,5.23,5.23,5.23,700,0
2015-01-29,21:25:00,5.23,5.24,5.23,5.23,3400,0
2015-01-29,21:30:00,5.24,5.24,5.23,5.23,900,0
2015-01-29,21:35:00,5.23,5.23,5.23,5.23,200,0
2015-01-29,21:40:00,5.23,5.23,5.23,5.23,2700,0
2015-01-29,21:45:00,5.23,5.23,5.23,5.23,1800,0
2015-01-29,21:50:00,5.23,5.23,5.23,5.23,200,0
2015-01-29,21:55:00,5.23,5.23,5.23,5.23,5736,0
2015-01-29,22:00:00,5.24,5.25,5.21,5.21,12850,0
2015-01-30,15:35:00,5.16,5.31,5.16,5.21,1908,0
2015-01-30,15:45:00,5.16,5.16,5.16,5.16,300,0
2015-01-30,15:55:00,5.15,5.15,5.15,5.15,300,0
2015-01-30,16:00:00,5.1,5.1,5.1,5.1,100,0
2015-01-30,16:05:00,5.08,5.08,5.08,5.08,500,0
2015-01-30,16:15:00,5.11,5.11,5.11,5.11,1100,0
2015-01-30,16:40:00,5.04,5.04,5.04,5.04,100,0
2015-01-30,16:45:00,5.03,5.04,5.03,5.04,300,0
2015-01-30,16:50:00,5.04,5.05,5.04,5.05,684,0
2015-01-30,16:55:00,5.06,5.06,5.06,5.06,200,0
2015-01-30,17:00:00,5.06,5.06,5.06,5.06,100,0
2015-01-30,17:05:00,5.06,5.06,5.06,5.06,200,0
2015-01-30,17:10:00,5.07,5.07,5.07,5.07,100,0
2015-01-30,17:15:00,5.07,5.07,5.07,5.07,100,0
2015-01-30,17:30:00,5.07,5.1,5.07,5.08,700,0
2015-01-30,17:40:00,5.1,5.1,5.1,5.1,400,0
2015-01-30,17:45:00,5.08,5.08,5.08,5.08,400,0
2015-01-30,18:00:00,5.1,5.1,5.1,5.1,100,0
2015-01-30,18:05:00,5.098,5.098,5.08,5.08,300,0
2015-01-30,18:10:00,5.088,5.088,5.07,5.07,300,0
2015-01-30,18:15:00,5.079,5.079,5.079,5.079,200,0
2015-01-30,18:20:00,5.08,5.08,5.08,5.08,100,0
2015-01-30,18:25:00,5.107,5.11,5.107,5.11,200,0
2015-01-30,18:30:00,5.11,5.11,5.11,5.11,200,0
2015-01-30,18:40:00,5.11,5.11,5.11,5.11,100,0
2015-01-30,18:50:00,5.13,5.13,5.13,5.13,100,0
2015-01-30,19:20:00,5.11,5.11,5.08,5.08,800,0
2015-01-30,19:25:00,5.07,5.09,5.07,5.09,200,0
2015-01-30,19:45:00,5.06,5.06,5.06,5.06,800,0
2015-01-30,20:05:00,5.05,5.05,5.05,5.05,100,0
2015-01-30,20:10:00,5.03,5.03,5.03,5.03,300,0
2015-01-30,20:20:00,5.03,5.03,5.03,5.03,500,0
2015-01-30,20:30:00,5.04,5.05,5.04,5.05,900,0
2015-01-30,20:35:00,5.06,5.12,5.06,5.12,387,0
2015-01-30,20:45:00,5.15,5.15,5.15,5.15,200,0
2015-01-30,20:50:00,5.15,5.15,5.13,5.14,1000,0
2015-01-30,20:55:00,5.1,5.1,5.1,5.1,100,0
2015-01-30,21:00:00,5.09,5.09,5.07,5.07,800,0
2015-01-30,21:05:00,5.07,5.07,5.07,5.07,100,0
2015-01-30,21:10:00,5.081,5.081,5.081,5.081,665,0
2015-01-30,21:20:00,5.06,5.06,5.03,5.03,700,0
2015-01-30,21:25:00,5.01,5.01,5.01,5.01,1200,0
2015-01-30,21:30:00,5.0,5.0,5.0,5.0,2100,0
2015-01-30,21:35:00,5.01,5.01,5.0,5.0,400,0
2015-01-30,21:40:00,4.99,4.99,4.99,4.99,500,0
2015-01-30,21:45:00,4.99,5.0,4.97,4.98,2500,0
2015-01-30,21:50:00,5.0,5.0,5.0,5.0,2100,0
2015-01-30,21:55:00,5.0,5.02,4.96,5.02,10776,0
2015-01-30,22:00:00,5.04,5.16,5.03,5.08,71278,0
2015-02-02,15:35:00,5.03,5.08,5.03,5.08,1400,0
2015-02-02,15:40:00,5.09,5.09,5.08,5.08,400,0
2015-02-02,15:45:00,5.07,5.07,5.06,5.065,700,0
2015-02-02,15:50:00,5.06,5.06,5.05,5.05,1778,0
2015-02-02,15:55:00,5.052,5.052,5.05,5.05,2811,0
2015-02-02,16:00:00,5.05,5.05,5.05,5.05,2100,0
2015-02-02,16:05:00,5.05,5.055,5.05,5.05,1700,0
2015-02-02,16:10:00,5.05,5.05,5.05,5.05,3500,0
2015-02-02,16:15:00,5.05,5.05,5.01,5.04,4231,0
2015-02-02,16:20:00,5.03,5.03,5.03,5.03,700,0
2015-02-02,16:25:00,5.04,5.04,5.03,5.03,200,0
2015-02-02,16:30:00,5.05,5.05,5.03,5.03,1000,0
2015-02-02,16:35:00,5.03,5.03,5.02,5.02,16600,0
2015-02-02,16:40:00,5.03,5.05,5.03,5.05,2400,0
2015-02-02,16:45:00,5.05,5.08,5.05,5.08,300,0
2015-02-02,16:50:00,5.08,5.11,5.08,5.11,1900,0
2015-02-02,16:55:00,5.13,5.15,5.13,5.15,1000,0
2015-02-02,17:00:00,5.15,5.15,5.15,5.15,600,0
2015-02-02,17:05:00,5.15,5.17,5.15,5.17,400,0
2015-02-02,17:10:00,5.16,5.16,5.15,5.15,400,0
2015-02-02,17:15:00,5.165,5.17,5.16,5.17,1400,0
2015-02-02,17:20:00,5.16,5.16,5.15,5.15,500,0
2015-02-02,17:25:00,5.16,5.16,5.14,5.15,1100,0
2015-02-02,17:30:00,5.14,5.14,5.14,5.14,100,0
2015-02-02,17:35:00,5.13,5.13,5.13,5.13,1700,0
2015-02-02,17:40:00,5.12,5.12,5.11,5.11,1100,0
2015-02-02,17:45:00,5.11,5.11,5.09,5.09,3800,0
2015-02-02,17:50:00,5.08,5.08,5.06,5.07,2300,0
2015-02-02,17:55:00,5.06,5.06,5.06,5.06,200,0
2015-02-02,18:05:00,5.06,5.08,5.06,5.08,500,0
2015-02-02,18:10:00,5.08,5.08,5.08,5.08,400,0
2015-02-02,18:15:00,5.075,5.075,5.06,5.06,400,0
2015-02-02,18:25:00,5.08,5.1,5.08,5.09,1700,0
2015-02-02,18:30:00,5.11,5.13,5.11,5.13,400,0
2015-02-02,18:35:00,5.15,5.15,5.15,5.15,200,0
2015-02-02,18:45:00,5.14,5.14,5.13,5.13,800,0
2015-02-02,18:55:00,5.12,5.13,5.12,5.13,500,0
2015-02-02,19:00:00,5.13,5.14,5.13,5.14,200,0
2015-02-02,19:05:00,5.14,5.14,5.14,5.14,100,0
2015-02-02,19:10:00,5.12,5.13,5.12,5.12,700,0
2015-02-02,19:20:00,5.11,5.11,5.11,5.11,100,0
2015-02-02,19:25:00,5.12,5.12,5.1139,5.118,2100,0
2015-02-02,19:30:00,5.12,5.12,5.11,5.11,200,0
2015-02-02,19:35:00,5.12,5.12,5.11,5.12,700,0
2015-02-02,19:40:00,5.11,5.11,5.11,5.11,600,0
2015-02-02,19:45:00,5.08,5.08,5.04,5.04,2100,0
2015-02-02,19:50:00,5.06,5.06,5.06,5.06,200,0
2015-02-02,19:55:00,5.05,5.05,5.05,5.05,500,0
2015-02-02,20:00:00,5.05,5.05,5.04,5.04,1100,0
2015-02-02,20:10:00,5.04,5.04,5.03,5.04,2400,0
2015-02-02,20:15:00,5.04,5.04,5.04,5.04,100,0
2015-02-02,20:20:00,5.03,5.03,5.03,5.03,300,0
2015-02-02,20:25:00,5.05,5.05,5.03,5.03,600,0
2015-02-02,20:30:00,5.05,5.06,5.05,5.06,1200,0
2015-02-02,20:35:00,5.08,5.08,5.07,5.07,200,0
2015-02-02,20:40:00,5.07,5.07,5.06,5.06,817,0
2015-02-02,20:45:00,5.07,5.07,5.07,5.07,100,0
2015-02-02,20:50:00,5.06,5.14,5.03,5.05,8200,0
2015-02-02,21:00:00,5.06,5.07,5.05,5.06,1800,0
2015-02-02,21:05:00,5.08,5.1,5.08,5.1,31100,0
2015-02-02,21:10:00,5.12,5.12,5.12,5.12,100,0
2015-02-02,21:15:00,5.13,5.13,5.13,5.13,300,0
2015-02-02,21:20:00,5.1304,5.1304,5.1304,5.1304,490,0
2015-02-02,21:25:00,5.13,5.14,5.12,5.12,900,0
2015-02-02,21:30:00,5.13,5.13,5.13,5.13,300,0
2015-02-02,21:35:00,5.13,5.14,5.12,5.14,1200,0
2015-02-02,21:40:00,5.12,5.13,5.11,5.13,4400,0
2015-02-02,21:45:00,5.13,5.17,5.13,5.17,6400,0
2015-02-02,21:50:00,5.15,5.15,5.11,5.15,10800,0
2015-02-02,21:55:00,5.14,5.15,5.13,5.13,3400,0
2015-02-02,22:00:00,5.13,5.16,5.12,5.15,11717,0
2015-02-03,15:40:00,5.22,5.25,5.22,5.25,1800,0
2015-02-03,15:45:00,5.25,5.26,5.25,5.26,676,0
2015-02-03,15:50:00,5.25,5.25,5.25,5.25,200,0
2015-02-03,15:55:00,5.26,5.26,5.18,5.19,6200,0
2015-02-03,16:05:00,5.24,5.24,5.24,5.24,100,0
2015-02-03,16:25:00,5.22,5.22,5.22,5.22,100,0
2015-02-03,16:30:00,5.25,5.25,5.25,5.25,300,0
2015-02-03,16:45:00,5.255,5.255,5.255,5.255,200,0
2015-02-03,16:55:00,5.27,5.27,5.27,5.27,100,0
2015-02-03,17:00:00,5.24,5.24,5.24,5.24,100,0
2015-02-03,17:05:00,5.24,5.25,5.24,5.25,1000,0
2015-02-03,17:10:00,5.25,5.25,5.25,5.25,1000,0
2015-02-03,17:15:00,5.26,5.26,5.25,5.26,600,0
2015-02-03,17:20:00,5.25,5.25,5.25,5.25,1310,0
2015-02-03,17:30:00,5.24,5.27,5.24,5.255,973,0
2015-02-03,17:40:00,5.2401,5.25,5.2401,5.25,1497,0
2015-02-03,17:45:00,5.255,5.255,5.25,5.25,2400,0
2015-02-03,17:50:00,5.25,5.25,5.25,5.25,1400,0
2015-02-03,17:55:00,5.25,5.25,5.25,5.25,1000,0
2015-02-03,18:00:00,5.245,5.246,5.24,5.24,1600,0
2015-02-03,18:05:00,5.2232,5.2232,5.2201,5.2201,1000,0
2015-02-03,18:10:00,5.24,5.24,5.2201,5.2201,900,0
2015-02-03,18:15:00,5.22,5.24,5.22,5.24,400,0
2015-02-03,18:30:00,5.24,5.24,5.24,5.24,200,0
2015-02-03,18:35:00,5.25,5.25,5.25,5.25,224,0
2015-02-03,18:45:00,5.25,5.25,5.25,5.25,413,0
2015-02-03,18:50:00,5.25,5.25,5.245,5.245,3687,0
2015-02-03,18:55:00,5.24,5.245,5.23,5.2304,5500,0
2015-02-03,19:00:00,5.25,5.25,5.24,5.24,700,0
2015-02-03,19:05:00,5.23,5.24,5.22,5.24,20699,0
2015-02-03,19:10:00,5.24,5.24,5.23,5.23,500,0
2015-02-03,19:15:00,5.25,5.25,5.23,5.25,4001,0
2015-02-03,19:20:00,5.25,5.25,5.23,5.25,1200,0
2015-02-03,19:25:00,5.25,5.25,5.23,5.25,900,0
2015-02-03,19:30:00,5.25,5.25,5.235,5.235,2796,0
2015-02-03,19:35:00,5.24,5.24,5.24,5.24,1357,0
2015-02-03,19:40:00,5.25,5.25,5.25,5.25,300,0
2015-02-03,19:45:00,5.25,5.25,5.243,5.243,1700,0
2015-02-03,19:50:00,5.25,5.25,5.24,5.24,2300,0
2015-02-03,19:55:00,5.24,5.24,5.23,5.23,3200,0
2015-02-03,20:00:00,5.235,5.235,5.235,5.235,200,0
2015-02-03,20:05:00,5.24,5.24,5.23,5.24,1700,0
2015-02-03,20:10:00,5.24,5.24,5.24,5.24,500,0
2015-02-03,20:15:00,5.24,5.24,5.21,5.21,2903,0
2015-02-03,20:20:00,5.22,5.22,5.22,5.22,300,0
2015-02-03,20:25:00,5.22,5.22,5.21,5.21,500,0
2015-02-03,20:30:00,5.22,5.22,5.21,5.21,1000,0
2015-02-03,20:35:00,5.21,5.21,5.21,5.21,100,0
2015-02-03,20:40:00,5.22,5.22,5.22,5.22,400,0
2015-02-03,20:45:00,5.22,5.22,5.1701,5.1701,2000,0
2015-02-03,20:50:00,5.22,5.22,5.22,5.22,100,0
2015-02-03,20:55:00,5.21,5.25,5.21,5.25,3400,0
2015-02-03,21:00:00,5.25,5.26,5.24,5.26,2400,0
2015-02-03,21:05:00,5.24,5.24,5.2,5.2,3500,0
2015-02-03,21:10:00,5.22,5.23,5.22,5.23,2500,0
2015-02-03,21:15:00,5.2201,5.2201,5.22,5.22,2700,0
2015-02-03,21:20:00,5.23,5.23,5.21,5.21,3700,0
2015-02-03,21:25:00,5.21,5.22,5.2,5.21,1300,0
2015-02-03,21:30:00,5.21,5.21,5.2,5.21,1100,0
2015-02-03,21:35:00,5.21,5.21,5.2,5.2,1600,0
2015-02-03,21:40:00,5.2,5.22,5.2,5.22,1400,0
2015-02-03,21:45:00,5.23,5.24,5.23,5.24,2300,0
2015-02-03,21:50:00,5.23,5.24,5.23,5.23,3293,0
2015-02-03,21:55:00,5.23,5.24,5.23,5.23,1400,0
2015-02-03,22:00:00,5.23,5.23,5.2,5.23,16304,0
2015-02-04,15:35:00,5.22,5.22,5.22,5.22,1252,0
2015-02-04,15:40:00,5.25,5.25,5.22,5.22,1900,0
2015-02-04,15:45:00,5.221,5.23,5.221,5.23,1000,0
2015-02-04,15:55:00,5.22,5.22,5.22,5.22,200,0
2015-02-04,16:05:00,5.23,5.23,5.23,5.23,1100,0
2015-02-04,16:10:00,5.23,5.23,5.23,5.23,300,0
2015-02-04,16:15:00,5.23,5.23,5.23,5.23,300,0
2015-02-04,16:20:00,5.221,5.221,5.221,5.221,600,0
2015-02-04,16:25:00,5.23,5.23,5.23,5.23,200,0
2015-02-04,16:45:00,5.23,5.23,5.23,5.23,400,0
2015-02-04,16:50:00,5.23,5.23,5.23,5.23,300,0
2015-02-04,17:00:00,5.23,5.23,5.23,5.23,300,0
2015-02-04,17:05:00,5.23,5.23,5.23,5.23,800,0
2015-02-04,17:20:00,5.22,5.22,5.22,5.22,300,0
2015-02-04,17:35:00,5.23,5.23,5.23,5.23,1400,0
2015-02-04,17:45:00,5.25,5.255,5.235,5.24,5578,0
2015-02-04,17:50:00,5.23,5.25,5.23,5.25,50300,0
2015-02-04,18:00:00,5.24,5.25,5.24,5.25,200,0
2015-02-04,18:05:00,5.25,5.25,5.25,5.25,300,0
2015-02-04,18:15:00,5.25,5.25,5.25,5.25,100,0
2015-02-04,18:20:00,5.25,5.25,5.25,5.25,300,0
2015-02-04,18:25:00,5.25,5.25,5.25,5.25,1200,0
2015-02-04,18:30:00,5.25,5.25,5.25,5.25,100,0
2015-02-04,18:40:00,5.25,5.25,5.24,5.25,1100,0
2015-02-04,18:45:00,5.25,5.25,5.25,5.25,500,0
2015-02-04,18:55:00,5.25,5.25,5.25,5.25,900,0
2015-02-04,19:00:00,5.25,5.25,5.25,5.25,100,0
2015-02-04,19:05:00,5.25,5.25,5.25,5.25,300,0
2015-02-04,19:10:00,5.2401,5.2401,5.2401,5.2401,967,0
2015-02-04,19:15:00,5.25,5.25,5.25,5.25,300,0
2015-02-04,19:20:00,5.25,5.25,5.25,5.25,300,0
2015-02-04,19:30:00,5.25,5.25,5.24,5.24,2200,0
2015-02-04,19:35:00,5.23,5.2398,5.23,5.2366,2100,0
2015-02-04,19:40:00,5.25,5.25,5.22,5.2247,7632,0
2015-02-04,19:45:00,5.21,5.22,5.2,5.22,2700,0
2015-02-04,20:15:00,5.22,5.22,5.22,5.22,300,0
2015-02-04,20:20:00,5.25,5.25,5.25,5.25,100,0
2015-02-04,20:25:00,5.25,5.25,5.22,5.22,400,0
2015-02-04,20:30:00,5.23,5.23,5.23,5.23,100,0
2015-02-04,20:45:00,5.23,5.25,5.23,5.23,1500,0
2015-02-04,20:50:00,5.25,5.25,5.235,5.235,300,0
2015-02-04,20:55:00,5.235,5.24,5.23,5.24,500,0
2015-02-04,21:00:00,5.22,5.22,5.19,5.19,2800,0
2015-02-04,21:10:00,5.21,5.21,5.18,5.18,800,0
2015-02-04,21:15:00,5.17,5.17,5.17,5.17,200,0
2015-02-04,21:20:00,5.171,5.21,5.171,5.21,1500,0
2015-02-04,21:25:00,5.21,5.22,5.207,5.22,800,0
2015-02-04,21:30:00,5.21,5.22,5.21,5.22,300,0
2015-02-04,21:35:00,5.22,5.22,5.22,5.22,300,0
2015-02-04,21:40:00,5.22,5.22,5.22,5.22,900,0
2015-02-04,21:45:00,5.21,5.22,5.21,5.22,3500,0
2015-02-04,21:50:00,5.22,5.22,5.22,5.22,200,0
2015-02-04,21:55:00,5.22,5.22,5.21,5.21,1500,0
2015-02-04,22:00:00,5.21,5.22,5.19,5.2,6314,0
2015-02-05,16:05:00,5.25,5.25,5.25,5.25,200,0
2015-02-05,16:20:00,5.25,5.25,5.25,5.25,200,0
2015-02-05,16:40:00,5.25,5.25,5.25,5.25,100,0
2015-02-05,16:45:00,5.25,5.25,5.23,5.23,300,0
2015-02-05,17:40:00,5.24,5.25,5.24,5.25,1000,0
2015-02-05,18:30:00,5.26,5.26,5.24,5.24,200,0
2015-02-05,18:45:00,5.25,5.25,5.25,5.25,1100,0
2015-02-05,18:55:00,5.24,5.24,5.23,5.24,1700,0
2015-02-05,19:00:00,5.24,5.24,5.23,5.23,700,0
2015-02-05,19:05:00,5.23,5.24,5.22,5.22,800,0
2015-02-05,19:10:00,5.23,5.25,5.21,5.25,11000,0
2015-02-05,19:15:00,5.23,5.23,5.23,5.23,600,0
2015-02-05,19:20:00,5.24,5.255,5.24,5.24,800,0
2015-02-05,19:25:00,5.24,5.24,5.24,5.24,800,0
2015-02-05,19:30:00,5.24,5.24,5.23,5.235,900,0
2015-02-05,19:35:00,5.235,5.235,5.23,5.23,700,0
2015-02-05,19:40:00,5.23,5.24,5.23,5.23,800,0
2015-02-05,19:45:00,5.25,5.25,5.24,5.24,800,0
2015-02-05,19:50:00,5.24,5.245,5.24,5.24,800,0
2015-02-05,19:55:00,5.245,5.245,5.24,5.24,700,0
2015-02-05,20:00:00,5.245,5.25,5.23,5.23,10900,0
2015-02-05,20:05:00,5.235,5.24,5.22,5.22,1000,0
2015-02-05,20:10:00,5.23,5.24,5.22,5.22,700,0
2015-02-05,20:15:00,5.22,5.25,5.22,5.24,4900,0
2015-02-05,20:20:00,5.23,5.25,5.23,5.24,900,0
2015-02-05,20:25:00,5.23,5.25,5.23,5.25,1266,0
2015-02-05,20:30:00,5.23,5.24,5.23,5.24,1300,0
2015-02-05,20:35:00,5.25,5.25,5.24,5.25,3500,0
2015-02-05,20:40:00,5.25,5.25,5.24,5.24,600,0
2015-02-05,20:45:00,5.25,5.25,5.24,5.24,1300,0
2015-02-05,20:50:00,5.24,5.24,5.24,5.24,600,0
2015-02-05,20:55:00,5.24,5.24,5.24,5.24,400,0
2015-02-05,21:00:00,5.24,5.24,5.24,5.24,500,0
2015-02-05,21:05:00,5.24,5.25,5.24,5.24,8300,0
2015-02-05,21:10:00,5.24,5.25,5.24,5.245,4600,0
2015-02-05,21:15:00,5.24,5.2483,5.235,5.24,7667,0
2015-02-05,21:20:00,5.24,5.25,5.24,5.24,1700,0
2015-02-05,21:25:00,5.25,5.25,5.24,5.24,7700,0
2015-02-05,21:30:00,5.24,5.24,5.22,5.22,1900,0
2015-02-05,21:35:00,5.22,5.24,5.22,5.23,900,0
2015-02-05,21:40:00,5.23,5.24,5.23,5.24,900,0
2015-02-05,21:45:00,5.25,5.25,5.25,5.25,900,0
2015-02-05,21:50:00,5.25,5.25,5.24,5.24,1000,0
2015-02-05,21:55:00,5.25,5.25,5.24,5.245,4262,0
2015-02-05,22:00:00,5.25,5.25,5.22,5.23,15297,0
2015-02-06,15:35:00,5.25,5.3,5.24,5.25,600,0
2015-02-06,15:45:00,5.25,5.25,5.25,5.25,600,0
2015-02-06,15:50:00,5.25,5.27,5.25,5.27,800,0
2015-02-06,16:20:00,5.25,5.27,5.25,5.26,3600,0
2015-02-06,16:25:00,5.26,5.28,5.2501,5.27,4800,0
2015-02-06,16:35:00,5.27,5.27,5.27,5.27,100,0
2015-02-06,16:40:00,5.27,5.27,5.27,5.27,100,0
2015-02-06,16:45:00,5.2601,5.28,5.26,5.27,3400,0
2015-02-06,16:50:00,5.265,5.27,5.26,5.26,1300,0
2015-02-06,16:55:00,5.26,5.26,5.26,5.26,200,0
2015-02-06,17:05:00,5.26,5.27,5.26,5.26,1300,0
2015-02-06,17:10:00,5.26,5.26,5.24,5.25,3500,0
2015-02-06,17:15:00,5.25,5.26,5.24,5.25,1800,0
2015-02-06,17:20:00,5.25,5.255,5.24,5.24,1700,0
2015-02-06,17:25:00,5.25,5.255,5.23,5.25,31800,0
2015-02-06,17:30:00,5.25,5.255,5.23,5.25,8233,0
2015-02-06,17:35:00,5.25,5.25,5.24,5.25,300,0
2015-02-06,17:40:00,5.245,5.245,5.24,5.24,500,0
2015-02-06,17:45:00,5.2425,5.25,5.2425,5.25,1100,0
2015-02-06,17:50:00,5.245,5.245,5.2425,5.2425,400,0
2015-02-06,17:55:00,5.24,5.25,5.24,5.24,1100,0
2015-02-06,18:00:00,5.24,5.25,5.24,5.25,1200,0
2015-02-06,18:05:00,5.24,5.24,5.24,5.24,800,0
2015-02-06,18:10:00,5.24,5.24,5.24,5.24,200,0
2015-02-06,18:15:00,5.24,5.25,5.24,5.25,3000,0
2015-02-06,18:20:00,5.25,5.25,5.24,5.24,900,0
2015-02-06,18:25:00,5.24,5.24,5.24,5.24,700,0
2015-02-06,18:35:00,5.24,5.24,5.24,5.24,400,0
2015-02-06,18:45:00,5.24,5.25,5.24,5.25,1700,0
2015-02-06,18:50:00,5.24,5.24,5.23,5.23,1800,0
2015-02-06,18:55:00,5.23,5.23,5.22,5.22,800,0
2015-02-06,19:00:00,5.23,5.23,5.22,5.22,671,0
2015-02-06,19:05:00,5.21,5.22,5.2,5.2,1800,0
2015-02-06,19:10:00,5.21,5.21,5.21,5.21,1400,0
2015-02-06,19:15:00,5.21,5.21,5.21,5.21,300,0
2015-02-06,19:25:00,5.2,5.2,5.19,5.19,1400,0
2015-02-06,19:30:00,5.19,5.19,5.19,5.19,400,0
2015-02-06,19:50:00,5.23,5.24,5.23,5.24,400,0
2015-02-06,19:55:00,5.22,5.23,5.2,5.21,2000,0
2015-02-06,20:00:00,5.205,5.205,5.205,5.205,100,0
2015-02-06,20:10:00,5.21,5.21,5.21,5.21,100,0
2015-02-06,20:15:00,5.21,5.21,5.2,5.2,200,0
2015-02-06,20:20:00,5.2025,5.2025,5.2025,5.2025,100,0
2015-02-06,20:25:00,5.205,5.205,5.205,5.205,256,0
2015-02-06,20:35:00,5.2,5.2,5.19,5.19,2900,0
2015-02-06,20:45:00,5.21,5.21,5.21,5.21,500,0
2015-02-06,20:55:00,5.24,5.24,5.24,5.24,100,0
2015-02-06,21:05:00,5.23,5.23,5.23,5.23,300,0
2015-02-06,21:10:00,5.23,5.25,5.23,5.25,1324,0
2015-02-06,21:15:00,5.25,5.25,5.25,5.25,200,0
2015-02-06,21:20:00,5.25,5.25,5.234,5.234,4031,0
2015-02-06,21:25:00,5.25,5.25,5.25,5.25,200,0
2015-02-06,21:30:00,5.25,5.25,5.25,5.25,200,0
2015-02-06,21:35:00,5.25,5.25,5.24,5.24,1200,0
2015-02-06,21:40:00,5.23,5.24,5.23,5.23,2800,0
2015-02-06,21:45:00,5.22,5.22,5.2,5.2,1100,0
2015-02-06,21:50:00,5.22,5.22,5.22,5.22,200,0
2015-02-06,21:55:00,5.2,5.21,5.2,5.21,1600,0
2015-02-06,22:00:00,5.22,5.23,5.22,5.23,7797,0
2015-02-09,15:35:00,5.17,5.17,5.15,5.15,2870,0
2015-02-09,15:40:00,5.21,5.21,5.21,5.21,400,0
2015-02-09,15:55:00,5.24,5.24,5.235,5.235,800,0
2015-02-09,16:05:00,5.22,5.22,5.22,5.22,500,0
2015-02-09,16:15:00,5.23,5.23,5.23,5.23,200,0
2015-02-09,16:35:00,5.22,5.22,5.22,5.22,100,0
2015-02-09,16:50:00,5.22,5.22,5.22,5.22,100,0
2015-02-09,16:55:00,5.22,5.23,5.22,5.23,200,0
2015-02-09,17:00:00,5.22,5.22,5.22,5.22,300,0
2015-02-09,17:30:00,5.22,5.23,5.21,5.21,1600,0
2015-02-09,17:40:00,5.21,5.23,5.21,5.23,1100,0
2015-02-09,17:50:00,5.23,5.23,5.23,5.23,300,0
2015-02-09,17:55:00,5.235,5.235,5.22,5.22,500,0
2015-02-09,18:00:00,5.22,5.22,5.22,5.22,100,0
2015-02-09,18:05:00,5.22,5.22,5.22,5.22,100,0
2015-02-09,18:15:00,5.23,5.23,5.23,5.23,200,0
2015-02-09,18:20:00,5.23,5.23,5.23,5.23,200,0
2015-02-09,18:25:00,5.22,5.22,5.22,5.22,100,0
2015-02-09,18:30:00,5.235,5.235,5.235,5.235,200,0
2015-02-09,18:40:00,5.22,5.235,5.22,5.235,2900,0
2015-02-09,18:50:00,5.22,5.225,5.22,5.225,200,0
2015-02-09,19:00:00,5.23,5.23,5.23,5.23,200,0
2015-02-09,19:05:00,5.22,5.22,5.22,5.22,100,0
2015-02-09,19:10:00,5.22,5.235,5.22,5.22,300,0
2015-02-09,19:15:00,5.21,5.22,5.21,5.21,2100,0
2015-02-09,19:30:00,5.19,5.2,5.19,5.2,1000,0
2015-02-09,19:35:00,5.19,5.19,5.19,5.19,200,0
2015-02-09,19:45:00,5.2,5.2,5.19,5.19,200,0
2015-02-09,19:50:00,5.195,5.2,5.18,5.19,2600,0
2015-02-09,19:55:00,5.18,5.18,5.18,5.18,200,0
2015-02-09,20:05:00,5.19,5.19,5.19,5.19,100,0
2015-02-09,20:20:00,5.19,5.19,5.16,5.18,1100,0
2015-02-09,20:30:00,5.1575,5.18,5.13,5.14,5502,0
2015-02-09,20:35:00,5.14,5.15,5.14,5.15,500,0
2015-02-09,20:40:00,5.135,5.14,5.12,5.12,2400,0
2015-02-09,20:45:00,5.11,5.11,5.11,5.11,200,0
2015-02-09,20:50:00,5.13,5.13,5.13,5.13,300,0
2015-02-09,20:55:00,5.11,5.11,5.09,5.09,6284,0
2015-02-09,21:00:00,5.08,5.08,5.07,5.07,5600,0
2015-02-09,21:05:00,5.06,5.07,5.06,5.07,1700,0
2015-02-09,21:10:00,5.09,5.09,5.08,5.08,600,0
2015-02-09,21:15:00,5.09,5.09,5.09,5.09,400,0
2015-02-09,21:20:00,5.09,5.095,5.08,5.08,3000,0
2015-02-09,21:25:00,5.085,5.085,5.07,5.07,2200,0
2015-02-09,21:30:00,5.075,5.08,5.07,5.07,1500,0
2015-02-09,21:35:00,5.08,5.08,5.07,5.07,2300,0
2015-02-09,21:40:00,5.07,5.08,5.07,5.075,2300,0
2015-02-09,21:45:00,5.09,5.095,5.09,5.09,1100,0
2015-02-09,21:55:00,5.07,5.1,5.07,5.09,2500,0
2015-02-09,22:00:00,5.08,5.11,5.07,5.1,12298,0
2015-02-10,15:40:00,5.15,5.15,5.15,5.15,800,0
2015-02-10,15:45:00,5.08,5.08,5.08,5.08,800,0
2015-02-10,16:00:00,5.09,5.09,5.06,5.06,300,0
2015-02-10,16:05:00,5.1,5.1,5.1,5.1,100,0
2015-02-10,16:10:00,5.0398,5.11,5.0398,5.11,3200,0
2015-02-10,16:15:00,5.0706,5.0706,5.0706,5.0706,1000,0
2015-02-10,16:20:00,5.12,5.12,5.12,5.12,200,0
2015-02-10,16:30:00,5.06,5.12,5.06,5.12,200,0
2015-02-10,16:40:00,5.05,5.05,5.05,5.05,100,0
2015-02-10,16:50:00,5.05,5.05,5.01,5.0134,800,0
2015-02-10,16:55:00,5.05,5.06,5.04,5.04,800,0
2015-02-10,17:00:00,5.03,5.03,5.03,5.03,200,0
2015-02-10,17:10:00,5.03,5.06,5.03,5.04,600,0
2015-02-10,17:15:00,5.03,5.03,5.03,5.03,200,0
2015-02-10,17:20:00,5.03,5.05,5.03,5.04,2300,0
2015-02-10,17:25:00,5.03,5.03,5.03,5.03,400,0
2015-02-10,17:30:00,5.02,5.035,5.02,5.021,1660,0
2015-02-10,17:50:00,5.02,5.025,5.02,5.02,500,0
2015-02-10,17:55:00,5.03,5.03,5.02,5.02,2200,0
2015-02-10,18:00:00,5.02,5.025,5.01,5.01,2600,0
2015-02-10,18:05:00,5.01,5.01,5.0,5.0,600,0
2015-02-10,18:15:00,5.0,5.05,5.0,5.05,1600,0
2015-02-10,18:25:00,5.03,5.03,5.03,5.03,500,0
2015-02-10,18:30:00,5.0301,5.035,5.0,5.01,2600,0
2015-02-10,18:35:00,5.01,5.01,5.01,5.01,100,0
2015-02-10,18:40:00,5.01,5.01,5.01,5.01,400,0
2015-02-10,18:45:00,5.01,5.02,5.01,5.01,600,0
2015-02-10,18:50:00,5.01,5.04,5.01,5.03,900,0
2015-02-10,18:55:00,5.02,5.02,5.01,5.01,900,0
2015-02-10,19:00:00,5.02,5.02,5.02,5.02,100,0
2015-02-10,19:10:00,5.01,5.01,5.01,5.01,100,0
2015-02-10,19:20:00,5.01,5.0101,5.01,5.0101,300,0
2015-02-10,19:30:00,5.01,5.01,5.01,5.01,100,0
2015-02-10,19:35:00,5.01,5.03,5.01,5.01,3100,0
2015-02-10,19:40:00,5.01,5.01,5.01,5.01,200,0
2015-02-10,19:45:00,5.01,5.01,5.01,5.01,500,0
2015-02-10,19:50:00,5.01,5.01,5.01,5.01,100,0
2015-02-10,19:55:00,5.02,5.02,5.02,5.02,200,0
2015-02-10,20:00:00,5.01,5.027,5.01,5.01,800,0
2015-02-10,20:10:00,5.01,5.01,4.99,5.0,11274,0
2015-02-10,20:15:00,5.01,5.02,5.0,5.0,1700,0
2015-02-10,20:20:00,5.0,5.0025,5.0,5.0025,200,0
2015-02-10,20:25:00,5.005,5.005,5.0,5.0,400,0
2015-02-10,20:30:00,5.005,5.005,4.995,5.0,2600,0
2015-02-10,20:35:00,4.99,4.995,4.99,4.99,600,0
2015-02-10,20:40:00,4.9925,4.9925,4.99,4.99,500,0
2015-02-10,20:45:00,4.99,4.995,4.99,4.9901,4310,0
2015-02-10,20:50:00,5.0,5.0,5.0,5.0,100,0
2015-02-10,20:55:00,5.0,5.015,5.0,5.015,1700,0
2015-02-10,21:05:00,5.01,5.03,5.01,5.0201,1200,0
2015-02-10,21:10:00,5.03,5.05,5.03,5.05,900,0
2015-02-10,21:20:00,5.05,5.06,5.05,5.06,400,0
2015-02-10,21:30:00,5.05,5.07,5.05,5.07,800,0
2015-02-10,21:35:00,5.1,5.1,5.06,5.06,3200,0
2015-02-10,21:40:00,5.09,5.09,5.07,5.07,1100,0
2015-02-10,21:45:00,5.06,5.09,5.06,5.09,1000,0
2015-02-10,21:50:00,5.06,5.09,5.06,5.09,1399,0
2015-02-10,21:55:00,5.06,5.08,5.03,5.05,2900,0
2015-02-10,22:00:00,5.08,5.08,5.06,5.07,11754,0
2015-02-11,15:40:00,5.09,5.09,5.06,5.06,1385,0
2015-02-11,15:45:00,5.06,5.06,5.06,5.06,300,0
2015-02-11,15:55:00,5.09,5.09,5.09,5.09,600,0
2015-02-11,16:15:00,5.1,5.1,5.1,5.1,400,0
2015-02-11,16:50:00,5.08,5.08,5.07,5.07,700,0
2015-02-11,17:00:00,5.07,5.07,5.07,5.07,100,0
2015-02-11,17:05:00,5.08,5.1,5.08,5.1,600,0
2015-02-11,17:10:00,5.12,5.12,5.11,5.11,398,0
2015-02-11,17:35:00,5.13,5.13,5.13,5.13,100,0
2015-02-11,17:40:00,5.13,5.13,5.13,5.13,100,0
2015-02-11,17:45:00,5.13,5.13,5.11,5.11,200,0
2015-02-11,17:50:00,5.13,5.13,5.13,5.13,180,0
2015-02-11,18:00:00,5.1,5.14,5.1,5.14,6700,0
2015-02-11,18:05:00,5.14,5.14,5.14,5.14,100,0
2015-02-11,18:10:00,5.14,5.14,5.14,5.14,300,0
2015-02-11,18:25:00,5.14,5.14,5.13,5.13,500,0
2015-02-11,18:55:00,5.14,5.14,5.14,5.14,100,0
2015-02-11,19:00:00,5.13,5.13,5.13,5.13,300,0
2015-02-11,19:15:00,5.11,5.11,5.11,5.11,400,0
2015-02-11,19:55:00,5.08,5.08,5.08,5.08,100,0
2015-02-11,20:00:00,5.1,5.1,5.08,5.08,400,0
2015-02-11,20:05:00,5.08,5.08,5.08,5.08,100,0
2015-02-11,20:10:00,5.08,5.08,5.08,5.08,300,0
2015-02-11,20:15:00,5.08,5.08,5.08,5.08,100,0
2015-02-11,20:20:00,5.08,5.1,5.08,5.1,600,0
2015-02-11,20:30:00,5.08,5.1,5.08,5.1,200,0
2015-02-11,20:35:00,5.08,5.08,5.08,5.08,100,0
2015-02-11,20:40:00,5.08,5.08,5.08,5.08,100,0
2015-02-11,20:45:00,5.08,5.08,5.08,5.08,200,0
2015-02-11,20:50:00,5.08,5.08,5.08,5.08,1356,0
2015-02-11,20:55:00,5.08,5.08,5.08,5.08,100,0
2015-02-11,21:00:00,5.08,5.08,5.08,5.08,100,0
2015-02-11,21:05:00,5.1,5.1,5.1,5.1,1243,0
2015-02-11,21:10:00,5.1,5.12,5.0988,5.12,1100,0
2015-02-11,21:15:00,5.12,5.12,5.12,5.12,200,0
2015-02-11,21:20:00,5.13,5.13,5.1,5.11,2800,0
2015-02-11,21:30:00,5.09,5.11,5.09,5.11,600,0
2015-02-11,21:40:00,5.13,5.13,5.13,5.13,200,0
2015-02-11,21:45:00,5.13,5.13,5.13,5.13,600,0
2015-02-11,21:50:00,5.13,5.13,5.13,5.13,400,0
2015-02-11,21:55:00,5.11,5.11,5.09,5.09,2700,0
2015-02-11,22:00:00,5.09,5.09,5.08,5.08,3353,0
2015-02-12,15:35:00,5.11,5.11,5.11,5.11,100,0
2015-02-12,15:45:00,5.07,5.07,5.06,5.07,1600,0
2015-02-12,16:05:00,5.1,5.1,5.1,5.1,100,0
2015-02-12,16:25:00,5.06,5.08,5.06,5.08,200,0
2015-02-12,16:30:00,5.07,5.07,5.05,5.05,657,0
2015-02-12,16:35:00,5.04,5.04,5.04,5.04,200,0
2015-02-12,16:40:00,5.04,5.04,5.04,5.04,1260,0
2015-02-12,16:45:00,5.04,5.04,5.04,5.04,700,0
2015-02-12,16:50:00,5.03,5.04,5.03,5.04,800,0
2015-02-12,16:55:00,5.07,5.07,5.01,5.046,1500,0
2015-02-12,17:00:00,5.04,5.0493,5.03,5.03,2200,0
2015-02-12,17:05:00,5.03,5.04,5.03,5.04,600,0
2015-02-12,17:10:00,5.02,5.05,5.02,5.05,2100,0
2015-02-12,17:15:00,5.05,5.05,5.05,5.05,1300,0
2015-02-12,17:20:00,5.05,5.05,5.05,5.05,300,0
2015-02-12,17:25:00,5.022,5.05,5.022,5.05,1500,0
2015-02-12,17:30:00,5.05,5.05,5.05,5.05,300,0
2015-02-12,17:35:00,5.05,5.05,5.05,5.05,200,0
2015-02-12,17:40:00,5.05,5.05,5.05,5.05,300,0
2015-02-12,17:45:00,5.0485,5.05,5.04,5.04,2400,0
2015-02-12,18:00:00,5.06,5.06,5.06,5.06,200,0
2015-02-12,18:05:00,5.07,5.07,5.07,5.07,200,0
2015-02-12,18:10:00,5.065,5.065,5.05,5.05,300,0
2015-02-12,18:15:00,5.05,5.068,5.05,5.068,1510,0
2015-02-12,18:20:00,5.05,5.05,5.05,5.05,1200,0
2015-02-12,18:25:00,5.0575,5.0575,5.05,5.05,300,0
2015-02-12,18:30:00,5.05,5.05,5.05,5.05,300,0
2015-02-12,18:40:00,5.05,5.07,5.05,5.05,600,0
2015-02-12,18:45:00,5.05,5.05,5.05,5.05,300,0
2015-02-12,18:50:00,5.05,5.05,5.05,5.05,500,0
2015-02-12,18:55:00,5.05,5.05,5.05,5.05,500,0
2015-02-12,19:00:00,5.05,5.05,5.05,5.05,400,0
2015-02-12,19:15:00,5.05,5.07,5.04,5.0501,3900,0
2015-02-12,19:25:00,5.06,5.07,5.04,5.07,5000,0
2015-02-12,19:30:00,5.05,5.05,5.05,5.05,1000,0
2015-02-12,19:35:00,5.05,5.05,5.05,5.05,400,0
2015-02-12,19:40:00,5.05,5.05,5.05,5.05,700,0
2015-02-12,19:45:00,5.06,5.06,5.05,5.05,1542,0
2015-02-12,20:00:00,5.08,5.08,5.08,5.08,400,0
2015-02-12,20:10:00,5.11,5.11,5.11,5.11,400,0
2015-02-12,20:20:00,5.08,5.08,5.07,5.08,1300,0
2015-02-12,20:25:00,5.07,5.08,5.05,5.06,2992,0
2015-02-12,20:30:00,5.07,5.07,5.04,5.05,2400,0
2015-02-12,20:35:00,5.05,5.05,5.05,5.05,700,0
2015-02-12,20:40:00,5.05,5.05,5.05,5.05,700,0
2015-02-12,20:45:00,5.05,5.05,5.05,5.05,1100,0
2015-02-12,20:50:00,5.05,5.05,5.04,5.04,700,0
2015-02-12,20:55:00,5.05,5.05,5.05,5.05,600,0
2015-02-12,21:00:00,5.05,5.06,5.05,5.05,1050,0
2015-02-12,21:05:00,5.05,5.05,5.05,5.05,900,0
2015-02-12,21:10:00,5.05,5.05,5.05,5.05,1200,0
2015-02-12,21:15:00,5.05,5.05,5.05,5.05,800,0
2015-02-12,21:20:00,5.05,5.05,5.05,5.05,1100,0
2015-02-12,21:25:00,5.05,5.06,5.05,5.05,1299,0
2015-02-12,21:30:00,5.05,5.07,5.05,5.05,1000,0
2015-02-12,21:35:00,5.06,5.09,5.052,5.09,5591,0
2015-02-12,21:50:00,5.11,5.11,5.08,5.08,2016,0
2015-02-12,21:55:00,5.09,5.09,5.08,5.08,300,0
2015-02-12,22:00:00,5.08,5.1,5.07,5.07,3936,0
2015-02-13,15:40:00,5.06,5.12,4.9701,4.9701,13508,0
2015-02-13,15:55:00,5.08,5.08,5.08,5.08,100,0
2015-02-13,16:00:00,5.05,5.05,5.05,5.05,500,0
2015-02-13,16:05:00,5.05,5.05,5.04,5.05,950,0
2015-02-13,16:10:00,5.035,5.035,5.03,5.03,600,0
2015-02-13,16:20:00,5.05,5.05,5.05,5.05,800,0
2015-02-13,16:30:00,5.055,5.08,5.05,5.065,18100,0
2015-02-13,16:35:00,5.065,5.065,5.04,5.0401,3800,0
2015-02-13,16:40:00,5.0675,5.09,5.06,5.075,600,0
2015-02-13,16:45:00,5.1,5.11,5.0825,5.0875,1300,0
2015-02-13,16:50:00,5.09,5.11,5.07,5.07,2300,0
2015-02-13,16:55:00,5.1,5.11,5.08,5.08,1600,0
2015-02-13,17:00:00,5.12,5.12,5.1,5.1,300,0
2015-02-13,17:05:00,5.11,5.12,5.1,5.12,600,0
2015-02-13,17:15:00,5.1,5.13,5.1,5.13,900,0
2015-02-13,17:20:00,5.12,5.14,5.12,5.14,300,0
2015-02-13,17:25:00,5.13,5.13,5.09,5.12,2600,0
2015-02-13,17:30:00,5.11,5.11,5.11,5.11,100,0
2015-02-13,17:35:00,5.13,5.13,5.13,5.13,300,0
2015-02-13,17:45:00,5.125,5.13,5.125,5.13,800,0
2015-02-13,17:50:00,5.15,5.15,5.15,5.15,100,0
2015-02-13,17:55:00,5.17,5.17,5.17,5.17,100,0
2015-02-13,18:00:00,5.15,5.15,5.15,5.15,100,0
2015-02-13,18:10:00,5.14,5.16,5.14,5.16,1170,0
2015-02-13,18:15:00,5.15,5.15,5.15,5.15,100,0
2015-02-13,18:25:00,5.12,5.13,5.08,5.0847,9507,0
2015-02-13,18:30:00,5.09,5.16,5.09,5.16,5396,0
2015-02-13,18:40:00,5.16,5.16,5.16,5.16,200,0
2015-02-13,18:50:00,5.14,5.14,5.13,5.13,900,0
2015-02-13,18:55:00,5.15,5.23,5.15,5.21,8500,0
2015-02-13,19:10:00,5.21,5.21,5.2,5.2,200,0
2015-02-13,19:20:00,5.21,5.21,5.2,5.2,200,0
2015-02-13,19:25:00,5.21,5.21,5.21,5.21,100,0
2015-02-13,19:35:00,5.2,5.2,5.2,5.2,400,0
2015-02-13,19:40:00,5.19,5.22,5.19,5.21,1100,0
2015-02-13,19:50:00,5.19,5.19,5.19,5.19,100,0
2015-02-13,19:55:00,5.18,5.18,5.18,5.18,100,0
2015-02-13,20:00:00,5.19,5.19,5.19,5.19,200,0
2015-02-13,20:05:00,5.18,5.18,5.18,5.18,100,0
2015-02-13,20:10:00,5.18,5.19,5.18,5.19,200,0
2015-02-13,20:15:00,5.18,5.18,5.18,5.18,100,0
2015-02-13,20:20:00,5.18,5.22,5.18,5.22,800,0
2015-02-13,20:25:00,5.2,5.2,5.2,5.2,200,0
2015-02-13,20:30:00,5.2,5.2,5.2,5.2,100,0
2015-02-13,20:35:00,5.2,5.2,5.2,5.2,400,0
2015-02-13,20:40:00,5.21,5.21,5.21,5.21,100,0
2015-02-13,20:45:00,5.2015,5.22,5.2015,5.22,800,0
2015-02-13,20:50:00,5.19,5.21,5.19,5.21,500,0
2015-02-13,21:00:00,5.19,5.19,5.19,5.19,200,0
2015-02-13,21:05:00,5.19,5.19,5.18,5.18,1700,0
2015-02-13,21:15:00,5.17,5.17,5.17,5.17,100,0
2015-02-13,21:20:00,5.18,5.18,5.18,5.18,200,0
2015-02-13,21:25:00,5.18,5.18,5.18,5.18,300,0
2015-02-13,21:30:00,5.18,5.18,5.18,5.18,300,0
2015-02-13,21:35:00,5.17,5.2,5.17,5.2,1200,0
2015-02-13,21:40:00,5.19,5.2,5.19,5.19,1598,0
2015-02-13,21:45:00,5.19,5.2,5.18,5.19,1600,0
2015-02-13,21:50:00,5.2,5.2,5.185,5.2,700,0
2015-02-13,21:55:00,5.19,5.21,5.19,5.2,11363,0
2015-02-13,22:00:00,5.2,5.2,5.16,5.16,5534,0
2015-02-17,15:35:00,5.15,5.15,5.1301,5.1301,3936,0
2015-02-17,16:00:00,5.14,5.14,5.14,5.14,990,0
2015-02-17,16:35:00,5.15,5.17,5.15,5.17,700,0
2015-02-17,16:45:00,5.19,5.19,5.19,5.19,500,0
2015-02-17,17:05:00,5.17,5.17,5.15,5.15,300,0
2015-02-17,17:15:00,5.165,5.165,5.165,5.165,100,0
2015-02-17,17:20:00,5.165,5.165,5.16,5.16,400,0
2015-02-17,17:30:00,5.17,5.17,5.17,5.17,100,0
2015-02-17,17:35:00,5.17,5.18,5.17,5.18,300,0
2015-02-17,17:40:00,5.2,5.2,5.2,5.2,100,0
2015-02-17,17:45:00,5.19,5.19,5.17,5.17,300,0
2015-02-17,17:55:00,5.1693,5.1693,5.1693,5.1693,100,0
2015-02-17,18:00:00,5.17,5.17,5.17,5.17,100,0
2015-02-17,18:05:00,5.1686,5.1686,5.1686,5.1686,100,0
2015-02-17,18:10:00,5.16,5.16,5.16,5.16,100,0
2015-02-17,18:15:00,5.16,5.16,5.15,5.15,8300,0
2015-02-17,18:20:00,5.15,5.15,5.15,5.15,300,0
2015-02-17,18:30:00,5.15,5.15,5.14,5.14,200,0
2015-02-17,18:35:00,5.135,5.14,5.135,5.14,300,0
2015-02-17,18:45:00,5.14,5.14,5.14,5.14,300,0
2015-02-17,18:55:00,5.14,5.14,5.14,5.14,200,0
2015-02-17,19:00:00,5.14,5.14,5.14,5.14,200,0
2015-02-17,19:05:00,5.14,5.14,5.14,5.14,200,0
2015-02-17,19:15:00,5.135,5.135,5.135,5.135,100,0
2015-02-17,19:20:00,5.14,5.15,5.14,5.14,400,0
2015-02-17,19:25:00,5.14,5.14,5.14,5.14,100,0
2015-02-17,19:30:00,5.14,5.14,5.14,5.14,100,0
2015-02-17,19:35:00,5.14,5.14,5.14,5.14,100,0
2015-02-17,19:40:00,5.15,5.15,5.14,5.14,200,0
2015-02-17,19:45:00,5.14,5.14,5.14,5.14,100,0
2015-02-17,19:50:00,5.13,5.13,5.13,5.13,400,0
2015-02-17,19:55:00,5.13,5.13,5.13,5.13,100,0
2015-02-17,20:00:00,5.13,5.13,5.13,5.13,200,0
2015-02-17,20:05:00,5.11,5.11,5.11,5.11,500,0
2015-02-17,20:10:00,5.125,5.125,5.125,5.125,200,0
2015-02-17,20:15:00,5.125,5.125,5.125,5.125,100,0
2015-02-17,20:20:00,5.125,5.1293,5.125,5.126,400,0
2015-02-17,20:25:00,5.12,5.12,5.12,5.12,200,0
2015-02-17,20:30:00,5.1293,5.1293,5.12,5.12,300,0
2015-02-17,20:35:00,5.1293,5.1293,5.1293,5.1293,100,0
2015-02-17,20:40:00,5.13,5.13,5.13,5.13,100,0
2015-02-17,20:45:00,5.13,5.166,5.13,5.15,3068,0
2015-02-17,20:50:00,5.15,5.155,5.15,5.155,400,0
2015-02-17,20:55:00,5.1765,5.18,5.16,5.17,700,0
2015-02-17,21:00:00,5.17,5.17,5.17,5.17,1000,0
2015-02-17,21:05:00,5.17,5.17,5.16,5.17,1000,0
2015-02-17,21:10:00,5.17,5.17,5.155,5.155,300,0
2015-02-17,21:15:00,5.16,5.16,5.15,5.15,900,0
2015-02-17,21:20:00,5.15,5.16,5.14,5.14,900,0
2015-02-17,21:25:00,5.13,5.14,5.12,5.14,1077,0
2015-02-17,21:30:00,5.13,5.13,5.12,5.12,200,0
2015-02-17,21:35:00,5.1199,5.13,5.1199,5.12,1000,0
2015-02-17,21:40:00,5.13,5.14,5.12,5.12,900,0
2015-02-17,21:45:00,5.14,5.14,5.12,5.126,1300,0
2015-02-17,21:50:00,5.12,5.12,5.1,5.11,3370,0
2015-02-17,21:55:00,5.1,5.105,5.09,5.095,4900,0
2015-02-17,22:00:00,5.09,5.11,5.09,5.11,4374,0
2015-02-18,15:35:00,5.07,5.12,5.07,5.12,500,0
2015-02-18,15:40:00,5.09,5.09,5.06,5.06,400,0
2015-02-18,15:45:00,5.0405,5.0405,5.0405,5.0405,175,0
2015-02-18,15:50:00,5.06,5.06,5.06,5.06,200,0
2015-02-18,16:00:00,5.07,5.07,5.07,5.07,400,0
2015-02-18,16:35:00,5.07,5.07,5.07,5.07,100,0
2015-02-18,16:40:00,5.07,5.07,5.07,5.07,100,0
2015-02-18,16:50:00,5.07,5.07,5.07,5.07,400,0
2015-02-18,17:10:00,5.06,5.064,5.04,5.04,2200,0
2015-02-18,17:40:00,5.041,5.055,5.041,5.055,420,0
2015-02-18,17:45:00,5.07,5.07,5.055,5.055,200,0
2015-02-18,18:30:00,5.04,5.04,5.04,5.04,500,0
2015-02-18,18:55:00,5.025,5.025,5.025,5.025,100,0
2015-02-18,19:05:00,5.01,5.01,5.01,5.01,100,0
2015-02-18,19:10:00,5.015,5.015,5.015,5.015,700,0
2015-02-18,19:15:00,5.02,5.02,5.02,5.02,100,0
2015-02-18,19:20:00,5.01,5.0101,5,5.01,1938,0
2015-02-18,19:25:00,5,5,5,5,500,0
2015-02-18,19:30:00,5.01,5.01,5.01,5.01,300,0
2015-02-18,19:35:00,5.02,5.02,5.02,5.02,400,0
2015-02-18,19:40:00,5.02,5.02,5.01,5.01,600,0
2015-02-18,19:50:00,5.01,5.01,5.01,5.01,200,0
2015-02-18,19:55:00,5.02,5.02,5.01,5.01,500,0
2015-02-18,20:00:00,5.03,5.03,5.01,5.01,500,0
2015-02-18,20:10:00,5.02,5.02,5.02,5.02,300,0
2015-02-18,20:15:00,5.01,5.02,5,5.02,500,0
2015-02-18,20:20:00,5.03,5.03,5.03,5.03,500,0
2015-02-18,20:25:00,5.02,5.02,5.02,5.02,200,0
2015-02-18,20:50:00,5.03,5.03,5.03,5.03,100,0
2015-02-18,20:55:00,5.01,5.03,5.01,5.03,200,0
2015-02-18,21:05:00,5.03,5.03,5.03,5.03,400,0
2015-02-18,21:30:00,5.04,5.04,5.0307,5.0307,727,0
2015-02-18,21:35:00,5.04,5.04,5.04,5.04,100,0
2015-02-18,21:40:00,5.03,5.04,5.03,5.04,300,0
2015-02-18,21:50:00,5.03,5.03,5.03,5.03,400,0
2015-02-18,22:00:00,5.03,5.04,5.03,5.03,1678,0
2015-02-19,15:35:00,5.03,5.03,5.03,5.03,500,0
2015-02-19,15:45:00,5.06,5.06,5.06,5.06,500,0
2015-02-19,16:00:00,5.04,5.04,5.04,5.04,100,0
2015-02-19,16:10:00,5.05,5.05,5.05,5.05,200,0
2015-02-19,16:30:00,5.04,5.04,5.04,5.04,100,0
2015-02-19,16:35:00,5.04,5.05,5.03,5.03,2000,0
2015-02-19,16:40:00,5.05,5.05,5.05,5.05,200,0
2015-02-19,16:50:00,5.05,5.05,5.05,5.05,300,0
2015-02-19,17:30:00,5.02,5.06,5.02,5.06,200,0
2015-02-19,17:50:00,5.05,5.05,5.05,5.05,400,0
2015-02-19,19:30:00,5.04,5.04,5.04,5.04,500,0
2015-02-19,19:35:00,5.05,5.05,5.05,5.05,200,0
2015-02-19,19:40:00,5.046,5.05,5.04,5.04,800,0
2015-02-19,19:45:00,5.06,5.06,5.06,5.06,400,0
2015-02-19,20:00:00,5.05,5.06,5.02,5.02,7500,0
2015-02-19,20:05:00,5.035,5.04,5.01,5.04,2305,0
2015-02-19,20:10:00,5.03,5.03,5.03,5.03,3200,0
2015-02-19,20:30:00,5.02,5.03,5.02,5.02,30400,0
2015-02-19,20:35:00,5.02,5.02,5.02,5.02,1200,0
2015-02-19,20:40:00,5.01,5.01,5,5,900,0
2015-02-19,20:45:00,5,5.01,4.96,4.96,5503,0
2015-02-19,20:50:00,4.98,4.98,4.98,4.98,900,0
2015-02-19,20:55:00,5,5,5,5,900,0
2015-02-19,21:00:00,5,5,5,5,2700,0
2015-02-19,21:10:00,5,5,5,5,2000,0
2015-02-19,21:15:00,4.99,5.01,4.99,5.01,451,0
2015-02-19,21:25:00,5.02,5.02,5.02,5.02,2000,0
2015-02-19,21:30:00,5,5,5,5,3000,0
2015-02-19,21:40:00,5.01,5.01,5.01,5.01,3400,0
2015-02-19,21:45:00,5.02,5.02,5,5,900,0
2015-02-19,21:50:00,5,5,4.9932,4.9932,4700,0
2015-02-19,21:55:00,4.9932,4.9932,4.99,4.99,4849,0
2015-02-19,22:00:00,5,5.01,4.99,4.99,15071,0
2015-02-20,15:35:00,5.01,5.01,5.01,5.01,6714,0
2015-02-20,15:40:00,5.02,5.02,5.02,5.02,200,0
2015-02-20,16:00:00,4.97,4.97,4.95,4.95,600,0
2015-02-20,16:05:00,4.96,4.96,4.96,4.96,400,0
2015-02-20,16:10:00,4.96,4.96,4.96,4.96,100,0
2015-02-20,16:20:00,4.97,4.97,4.97,4.97,200,0
2015-02-20,16:30:00,4.95,4.95,4.95,4.95,2499,0
2015-02-20,16:35:00,4.94,4.94,4.92,4.92,1100,0
2015-02-20,16:45:00,4.92,4.92,4.92,4.92,300,0
2015-02-20,16:50:00,4.92,4.92,4.92,4.92,400,0
2015-02-20,16:55:00,4.92,4.92,4.92,4.92,100,0
2015-02-20,17:00:00,4.92,4.92,4.92,4.92,200,0
2015-02-20,17:05:00,4.92,4.92,4.92,4.92,689,0
2015-02-20,17:10:00,4.9151,4.9151,4.91,4.9101,2300,0
2015-02-20,17:15:00,4.92,4.92,4.92,4.92,100,0
2015-02-20,17:20:00,4.91,4.91,4.91,4.91,4300,0
2015-02-20,17:30:00,4.92,4.92,4.92,4.92,200,0
2015-02-20,17:35:00,4.92,4.92,4.92,4.92,400,0
2015-02-20,17:40:00,4.92,4.92,4.92,4.92,200,0
2015-02-20,17:45:00,4.92,4.92,4.92,4.92,400,0
2015-02-20,17:50:00,4.92,4.92,4.92,4.92,300,0
2015-02-20,17:55:00,4.92,4.92,4.92,4.92,200,0
2015-02-20,18:00:00,4.92,4.92,4.92,4.92,100,0
2015-02-20,18:05:00,4.92,4.92,4.92,4.92,400,0
2015-02-20,18:10:00,4.92,4.92,4.92,4.92,300,0
2015-02-20,18:15:00,4.92,4.92,4.92,4.92,200,0
2015-02-20,18:20:00,4.92,4.92,4.92,4.92,400,0
2015-02-20,18:25:00,4.92,4.92,4.92,4.92,200,0
2015-02-20,18:40:00,4.959,4.979,4.959,4.975,3700,0
2015-02-20,18:45:00,4.98,4.98,4.96,4.96,1000,0
2015-02-20,18:50:00,4.97,4.97,4.96,4.97,1000,0
2015-02-20,19:05:00,4.96,4.96,4.95,4.95,700,0
2015-02-20,19:20:00,4.955,4.955,4.955,4.955,500,0
2015-02-20,19:45:00,4.965,4.965,4.96,4.96,200,0
2015-02-20,19:50:00,4.953,4.955,4.953,4.955,500,0
2015-02-20,19:55:00,4.95,4.95,4.95,4.95,300,0
2015-02-20,20:00:00,4.95,4.95,4.93,4.93,1000,0
2015-02-20,20:10:00,4.94,4.945,4.92,4.93,1519,0
2015-02-20,20:20:00,4.93,4.93,4.9274,4.93,4800,0
2015-02-20,20:25:00,4.93,4.9723,4.9299,4.9723,7341,0
2015-02-20,20:30:00,4.9698,4.9723,4.9698,4.9723,4800,0
2015-02-20,20:35:00,4.965,4.98,4.965,4.97,700,0
2015-02-20,20:40:00,4.96,4.96,4.955,4.955,700,0
2015-02-20,20:45:00,4.95,4.95,4.95,4.95,400,0
2015-02-20,20:55:00,4.95,4.95,4.95,4.95,100,0
2015-02-20,21:00:00,4.95,4.95,4.94,4.94,400,0
2015-02-20,21:05:00,4.95,4.95,4.941,4.95,1000,0
2015-02-20,21:10:00,4.95,4.95,4.95,4.95,500,0
2015-02-20,21:15:00,4.95,4.95,4.95,4.95,400,0
2015-02-20,21:25:00,4.95,4.95,4.95,4.95,100,0
2015-02-20,21:30:00,4.95,4.95,4.95,4.95,900,0
2015-02-20,21:35:00,4.943,4.95,4.943,4.95,500,0
2015-02-20,21:40:00,4.95,4.95,4.95,4.95,700,0
2015-02-20,21:45:00,4.95,4.95,4.95,4.95,500,0
2015-02-20,21:50:00,4.95,4.95,4.93,4.93,2574,0
2015-02-20,22:00:00,4.93,4.94,4.9,4.92,5690,0
2015-02-23,15:35:00,4.91,4.91,4.91,4.91,1470,0
2015-02-23,15:40:00,4.89,4.89,4.89,4.89,550,0
2015-02-23,15:55:00,4.86,4.86,4.86,4.86,200,0
2015-02-23,16:00:00,4.85,4.87,4.85,4.87,1275,0
2015-02-23,16:10:00,4.89,4.89,4.89,4.89,100,0
2015-02-23,16:15:00,4.91,4.91,4.91,4.91,200,0
2015-02-23,16:20:00,4.92,4.92,4.92,4.92,100,0
2015-02-23,16:25:00,4.93,4.93,4.93,4.93,200,0
2015-02-23,16:35:00,4.93,4.93,4.93,4.93,200,0
2015-02-23,16:45:00,4.925,4.925,4.925,4.925,300,0
2015-02-23,17:05:00,4.93,4.93,4.93,4.93,400,0
2015-02-23,17:15:00,4.92,4.92,4.92,4.92,100,0
2015-02-23,17:25:00,4.925,4.925,4.91,4.91,500,0
2015-02-23,17:30:00,4.925,4.925,4.925,4.925,100,0
2015-02-23,17:35:00,4.925,4.925,4.925,4.925,100,0
2015-02-23,17:40:00,4.93,4.93,4.93,4.93,100,0
2015-02-23,17:45:00,4.93,4.93,4.93,4.93,100,0
2015-02-23,17:55:00,4.93,4.93,4.93,4.93,100,0
2015-02-23,18:00:00,4.9201,4.93,4.92,4.92,1194,0
2015-02-23,18:35:00,4.94,4.94,4.94,4.94,300,0
2015-02-23,19:00:00,4.92,4.92,4.92,4.92,100,0
2015-02-23,19:15:00,4.91,4.91,4.9,4.9,2740,0
2015-02-23,19:30:00,4.91,4.91,4.91,4.91,200,0
2015-02-23,19:40:00,4.91,4.91,4.91,4.91,100,0
2015-02-23,19:45:00,4.9,4.9,4.9,4.9,200,0
2015-02-23,20:00:00,4.89,4.89,4.89,4.89,100,0
2015-02-23,20:05:00,4.88,4.88,4.87,4.87,300,0
2015-02-23,20:20:00,4.85,4.85,4.85,4.85,500,0
2015-02-23,20:25:00,4.84,4.84,4.84,4.84,100,0
2015-02-23,20:30:00,4.84,4.84,4.8,4.8,6200,0
2015-02-23,20:35:00,4.82,4.82,4.82,4.82,200,0
2015-02-23,20:40:00,4.815,4.815,4.81,4.81,2470,0
2015-02-23,20:45:00,4.805,4.805,4.805,4.805,100,0
2015-02-23,20:50:00,4.805,4.805,4.805,4.805,200,0
2015-02-23,20:55:00,4.805,4.82,4.805,4.82,400,0
2015-02-23,21:00:00,4.82,4.82,4.82,4.82,100,0
2015-02-23,21:05:00,4.8299,4.8299,4.8299,4.8299,1719,0
2015-02-23,21:10:00,4.82,4.82,4.82,4.82,600,0
2015-02-23,21:15:00,4.82,4.825,4.82,4.82,400,0
2015-02-23,21:20:00,4.82,4.82,4.82,4.82,500,0
2015-02-23,21:25:00,4.82,4.82,4.82,4.82,500,0
2015-02-23,21:30:00,4.82,4.82,4.82,4.82,600,0
2015-02-23,21:35:00,4.82,4.82,4.82,4.82,600,0
2015-02-23,21:40:00,4.82,4.82,4.815,4.82,1300,0
2015-02-23,21:45:00,4.82,4.82,4.815,4.82,700,0
2015-02-23,21:50:00,4.83,4.83,4.82,4.82,800,0
2015-02-23,21:55:00,4.81,4.83,4.81,4.82,1215,0
2015-02-23,22:00:00,4.83,4.83,4.81,4.81,15864,0
