Date,Time,Open,High,Low,Close,Volume,OpenInt
2015-01-30,18:30:00,0.0801,0.0815,0.0800,0.0810,35000,0
2015-01-30,18:35:00,0.081,0.081,0.081,0.081,106400,0
2015-01-30,18:40:00,0.0821,0.084,0.0821,0.083,71872,0
2015-01-30,18:45:00,0.08,0.083,0.08,0.0801,41148,0
2015-01-30,18:50:00,0.08,0.08,0.08,0.08,1024,0
2015-01-30,18:55:00,0.0829,0.0829,0.0829,0.0829,880,0
2015-01-30,19:00:00,0.0829,0.0829,0.08,0.08,1900,0
2015-01-30,19:05:00,0.08,0.08,0.0751,0.08,60450,0
2015-01-30,19:10:00,0.0781,0.08,0.0781,0.08,21000,0
2015-01-30,19:15:00,0.08,0.08,0.0786,0.0786,5865,0
2015-01-30,19:25:00,0.0786,0.0786,0.0786,0.0786,1100,0
2015-01-30,19:30:00,0.079,0.08,0.079,0.079,20874,0
2015-01-30,19:35:00,0.079,0.079,0.079,0.079,5000,0
2015-01-30,19:40:00,0.079,0.08,0.079,0.079,500,0
2015-01-30,19:45:00,0.079,0.079,0.079,0.079,800,0
2015-01-30,19:50:00,0.079,0.079,0.079,0.079,800,0
2015-01-30,19:55:00,0.079,0.08,0.079,0.079,8600,0
2015-01-30,20:00:00,0.079,0.079,0.079,0.079,8521,0
2015-01-30,20:05:00,0.079,0.079,0.079,0.079,33000,0
2015-01-30,20:10:00,0.079,0.079,0.079,0.079,10900,0
2015-01-30,20:15:00,0.079,0.08,0.079,0.08,5000,0
2015-01-30,20:20:00,0.0791,0.0791,0.079,0.079,16000,0
2015-01-30,20:25:00,0.079,0.079,0.079,0.079,300,0
2015-01-30,20:30:00,0.079,0.079,0.079,0.079,150,0
2015-01-30,20:35:00,0.079,0.079,0.079,0.079,300,0
2015-01-30,20:40:00,0.08,0.08,0.079,0.079,46080,0
2015-01-30,20:45:00,0.079,0.079,0.0786,0.0786,25700,0
2015-01-30,20:50:00,0.0786,0.0786,0.0786,0.0786,600,0
2015-01-30,20:55:00,0.08,0.08,0.0786,0.0786,28800,0
2015-01-30,21:00:00,0.0786,0.0786,0.0786,0.0786,10000,0
2015-01-30,21:05:00,0.0787,0.0787,0.0787,0.0787,600,0
2015-01-30,21:10:00,0.0787,0.0787,0.0741,0.0741,94088,0
2015-01-30,21:15:00,0.0741,0.0779,0.0728,0.0728,16200,0
2015-01-30,21:20:00,0.0752,0.0752,0.0725,0.0725,3018,0
2015-01-30,21:25:00,0.0725,0.075,0.0725,0.075,12376,0
2015-01-30,21:30:00,0.075,0.0751,0.075,0.075,58786,0
2015-01-30,21:35:00,0.075,0.082,0.075,0.075,140400,0
2015-01-30,21:40:00,0.0751,0.0751,0.0751,0.0751,500,0
2015-01-30,21:45:00,0.0751,0.0751,0.0751,0.0751,1300,0
2015-01-30,21:50:00,0.0751,0.0751,0.0725,0.0725,1900,0
2015-01-30,21:55:00,0.0725,0.0733,0.0725,0.0728,6804,0
2015-01-30,22:00:00,0.077,0.077,0.075,0.075,4867,0
2015-02-02,15:35:00,0.08,0.0801,0.08,0.08,17534,0
2015-02-02,15:40:00,0.08,0.085,0.08,0.0804,55500,0
2015-02-02,15:45:00,0.0822,0.0822,0.0822,0.0822,5000,0
2015-02-02,15:50:00,0.082,0.084,0.082,0.084,51400,0
2015-02-02,15:55:00,0.0839,0.0839,0.082,0.0839,10153,0
2015-02-02,16:00:00,0.084,0.084,0.082,0.082,33470,0
2015-02-02,16:05:00,0.082,0.082,0.08,0.08,51076,0
2015-02-02,16:10:00,0.08,0.082,0.08,0.082,17828,0
2015-02-02,16:15:00,0.0819,0.0819,0.0819,0.0819,105,0
2015-02-02,16:20:00,0.082,0.082,0.0812,0.0819,13617,0
2015-02-02,16:25:00,0.0812,0.0812,0.0812,0.0812,100,0
2015-02-02,16:30:00,0.0812,0.0812,0.0812,0.0812,600,0
2015-02-02,16:35:00,0.0812,0.0813,0.0812,0.0812,650,0
2015-02-02,16:40:00,0.082,0.082,0.08,0.08,69065,0
2015-02-02,16:45:00,0.08,0.082,0.08,0.08,1400,0
2015-02-02,16:50:00,0.08,0.081,0.08,0.08,1900,0
2015-02-02,17:00:00,0.081,0.081,0.081,0.081,100,0
2015-02-02,17:05:00,0.081,0.082,0.08,0.08,12300,0
2015-02-02,17:10:00,0.08,0.08,0.08,0.08,400,0
2015-02-02,17:20:00,0.08,0.08,0.08,0.08,5370,0
2015-02-02,17:25:00,0.08,0.08,0.08,0.08,89666,0
2015-02-02,17:35:00,0.0818,0.0819,0.0811,0.0819,7400,0
2015-02-02,17:40:00,0.0819,0.0819,0.08,0.08,19682,0
2015-02-02,17:45:00,0.08,0.08,0.08,0.08,5500,0
2015-02-02,17:50:00,0.0801,0.0801,0.0801,0.0801,500,0
2015-02-02,17:55:00,0.0801,0.0819,0.08,0.08,21150,0
2015-02-02,18:00:00,0.08,0.0817,0.08,0.08,12200,0
2015-02-02,18:05:00,0.08,0.08,0.0758,0.0758,123700,0
2015-02-02,18:10:00,0.0758,0.0758,0.0758,0.0758,600,0
2015-02-02,18:15:00,0.0758,0.078,0.0758,0.078,15110,0
2015-02-02,18:20:00,0.0758,0.078,0.0758,0.076,3100,0
2015-02-02,18:25:00,0.076,0.076,0.076,0.076,600,0
2015-02-02,18:30:00,0.076,0.0777,0.076,0.076,1200,0
2015-02-02,18:35:00,0.077,0.077,0.077,0.077,500,0
2015-02-02,18:40:00,0.077,0.0779,0.077,0.0779,2004,0
2015-02-02,18:45:00,0.076,0.076,0.0758,0.0758,17300,0
2015-02-02,18:50:00,0.0758,0.0758,0.0758,0.0758,16684,0
2015-02-02,18:55:00,0.0758,0.0758,0.0758,0.0758,500,0
2015-02-02,19:00:00,0.0758,0.076,0.0758,0.076,400,0
2015-02-02,19:05:00,0.076,0.076,0.076,0.076,400,0
2015-02-02,19:10:00,0.076,0.076,0.0758,0.0758,300,0
2015-02-02,19:15:00,0.0758,0.081,0.0758,0.0758,42674,0
2015-02-02,19:20:00,0.0809,0.0809,0.0759,0.077,2300,0
2015-02-02,19:30:00,0.0761,0.0761,0.0761,0.0761,100,0
2015-02-02,19:35:00,0.0761,0.0761,0.076,0.0761,400,0
2015-02-02,19:40:00,0.0775,0.0779,0.0775,0.0779,7933,0
2015-02-02,19:45:00,0.0789,0.0789,0.0789,0.0789,10600,0
2015-02-02,19:50:00,0.0789,0.0789,0.0789,0.0789,300,0
2015-02-02,20:20:00,0.077,0.08,0.077,0.08,11800,0
2015-02-02,20:30:00,0.0804,0.0808,0.0804,0.0808,15000,0
2015-02-02,20:35:00,0.0804,0.0808,0.0804,0.0808,5590,0
2015-02-02,20:40:00,0.08,0.08,0.0797,0.0797,53380,0
2015-02-02,20:45:00,0.0797,0.0797,0.076,0.076,500,0
2015-02-02,20:50:00,0.076,0.076,0.076,0.076,500,0
2015-02-02,20:55:00,0.076,0.0767,0.076,0.0767,2000,0
2015-02-02,21:00:00,0.0767,0.0767,0.0767,0.0767,1500,0
2015-02-02,21:05:00,0.076,0.0767,0.0758,0.0758,1200,0
2015-02-02,21:10:00,0.0758,0.0808,0.0758,0.0758,13700,0
2015-02-02,21:15:00,0.0808,0.0808,0.0758,0.0758,96300,0
2015-02-02,21:20:00,0.0758,0.0781,0.0758,0.0758,53000,0
2015-02-02,21:25:00,0.0758,0.0783,0.0758,0.0758,11500,0
2015-02-02,21:30:00,0.0758,0.078,0.0758,0.078,4200,0
2015-02-02,21:35:00,0.076,0.076,0.076,0.076,1300,0
2015-02-02,21:40:00,0.076,0.076,0.076,0.076,5500,0
2015-02-02,21:45:00,0.076,0.076,0.076,0.076,19700,0
2015-02-02,21:50:00,0.076,0.078,0.076,0.076,9900,0
2015-02-02,21:55:00,0.076,0.077,0.076,0.0765,120249,0
2015-02-02,22:00:00,0.0765,0.0765,0.0758,0.0758,26207,0
2015-02-03,15:35:00,0.08,0.08,0.0795,0.0795,12647,0
2015-02-03,15:40:00,0.0838,0.0839,0.0795,0.0795,33485,0
2015-02-03,15:45:00,0.0803,0.0803,0.08,0.08,8100,0
2015-02-03,15:50:00,0.0801,0.0801,0.0799,0.0799,9600,0
2015-02-03,16:00:00,0.0799,0.0799,0.0799,0.0799,484,0
2015-02-03,16:05:00,0.08,0.08,0.08,0.08,13400,0
2015-02-03,16:10:00,0.0802,0.0802,0.08,0.0802,2000,0
2015-02-03,16:15:00,0.08,0.0805,0.08,0.08,34495,0
2015-02-03,16:20:00,0.08,0.0818,0.08,0.0818,4394,0
2015-02-03,16:25:00,0.08,0.08,0.0799,0.08,32652,0
2015-02-03,16:35:00,0.08,0.0802,0.08,0.0802,10250,0
2015-02-03,16:40:00,0.0802,0.0802,0.08,0.08,8879,0
2015-02-03,16:45:00,0.08,0.08,0.08,0.08,400,0
2015-02-03,16:50:00,0.08,0.08,0.08,0.08,300,0
2015-02-03,16:55:00,0.081,0.081,0.081,0.081,4000,0
2015-02-03,17:00:00,0.0795,0.0795,0.0795,0.0795,4800,0
2015-02-03,17:05:00,0.08,0.08,0.0781,0.08,295264,0
2015-02-03,17:10:00,0.0802,0.0802,0.08,0.08,6428,0
2015-02-03,17:20:00,0.0802,0.0802,0.0802,0.0802,100,0
2015-02-03,17:25:00,0.078,0.08,0.078,0.08,500,0
2015-02-03,17:30:00,0.08,0.08,0.078,0.078,1000,0
2015-02-03,17:35:00,0.078,0.0807,0.078,0.0807,6820,0
2015-02-03,17:40:00,0.078,0.078,0.078,0.078,200,0
2015-02-03,17:45:00,0.0806,0.0806,0.0806,0.0806,7098,0
2015-02-03,17:50:00,0.0807,0.0807,0.0807,0.0807,200,0
2015-02-03,17:55:00,0.08,0.08,0.08,0.08,11313,0
2015-02-03,18:00:00,0.08,0.08,0.08,0.08,4800,0
2015-02-03,18:20:00,0.08,0.08,0.078,0.08,10800,0
2015-02-03,18:25:00,0.078,0.078,0.076,0.076,90700,0
2015-02-03,18:30:00,0.08,0.08,0.076,0.076,12400,0
2015-02-03,18:35:00,0.078,0.078,0.078,0.078,4000,0
2015-02-03,18:40:00,0.08,0.0812,0.078,0.08,119351,0
2015-02-03,18:45:00,0.08,0.08,0.079,0.08,15750,0
2015-02-03,18:50:00,0.08,0.08,0.0799,0.08,7700,0
2015-02-03,18:55:00,0.08,0.08,0.08,0.08,6239,0
2015-02-03,19:00:00,0.08,0.08,0.08,0.08,900,0
2015-02-03,19:05:00,0.0799,0.0801,0.0799,0.0799,8984,0
2015-02-03,19:10:00,0.0799,0.0799,0.0799,0.0799,2200,0
2015-02-03,19:15:00,0.0799,0.0799,0.0799,0.0799,2700,0
2015-02-03,19:20:00,0.0799,0.0799,0.078,0.078,28295,0
2015-02-03,19:25:00,0.078,0.0798,0.078,0.078,12600,0
2015-02-03,19:30:00,0.078,0.078,0.078,0.078,2698,0
2015-02-03,19:35:00,0.078,0.0798,0.078,0.078,800,0
2015-02-03,19:40:00,0.078,0.078,0.078,0.078,600,0
2015-02-03,19:45:00,0.078,0.0795,0.078,0.0795,1100,0
2015-02-03,19:50:00,0.079,0.0798,0.079,0.0798,28300,0
2015-02-03,19:55:00,0.079,0.08,0.079,0.08,59350,0
2015-02-03,20:00:00,0.079,0.079,0.079,0.079,5000,0
2015-02-03,20:05:00,0.08,0.08,0.079,0.079,28300,0
2015-02-03,20:10:00,0.079,0.079,0.079,0.079,5600,0
2015-02-03,20:15:00,0.079,0.079,0.079,0.079,600,0
2015-02-03,20:20:00,0.079,0.079,0.079,0.079,18936,0
2015-02-03,20:25:00,0.079,0.0798,0.079,0.079,1700,0
2015-02-03,20:30:00,0.079,0.0799,0.079,0.079,9500,0
2015-02-03,20:35:00,0.079,0.079,0.079,0.079,400,0
2015-02-03,20:40:00,0.079,0.08,0.079,0.08,52200,0
2015-02-03,20:45:00,0.08,0.08,0.08,0.08,22390,0
2015-02-03,20:50:00,0.0801,0.0801,0.079,0.079,4949,0
2015-02-03,21:00:00,0.079,0.08,0.079,0.079,3500,0
2015-02-03,21:05:00,0.079,0.08,0.079,0.079,1000,0
2015-02-03,21:10:00,0.079,0.079,0.079,0.079,200,0
2015-02-03,21:15:00,0.079,0.079,0.079,0.079,500,0
2015-02-03,21:20:00,0.079,0.08,0.079,0.079,4641,0
2015-02-03,21:25:00,0.079,0.079,0.079,0.079,200,0
2015-02-03,21:30:00,0.079,0.079,0.079,0.079,100,0
2015-02-03,21:35:00,0.079,0.08,0.079,0.079,19550,0
2015-02-03,21:40:00,0.0791,0.08,0.078,0.078,34173,0
2015-02-03,21:45:00,0.078,0.078,0.078,0.078,600,0
2015-02-03,21:50:00,0.078,0.08,0.078,0.078,30200,0
2015-02-03,21:55:00,0.078,0.08,0.078,0.0785,8450,0
2015-02-03,22:00:00,0.08,0.08,0.0785,0.0785,10576,0
2015-02-04,15:35:00,0.09,0.0922,0.084,0.088,1029394,0
2015-02-04,15:40:00,0.0898,0.09,0.084,0.09,150666,0
2015-02-04,15:45:00,0.0898,0.094,0.0885,0.094,339903,0
2015-02-04,15:50:00,0.0926,0.095,0.0876,0.0928,314112,0
2015-02-04,15:55:00,0.0928,0.0928,0.0885,0.0885,24490,0
2015-02-04,16:00:00,0.0885,0.0896,0.0862,0.0862,136383,0
2015-02-04,16:05:00,0.0862,0.0895,0.086,0.0871,150074,0
2015-02-04,16:10:00,0.0871,0.089,0.086,0.089,186800,0
2015-02-04,16:15:00,0.086,0.086,0.086,0.086,17567,0
2015-02-04,16:20:00,0.0885,0.0888,0.0885,0.0888,16125,0
2015-02-04,16:25:00,0.087,0.0875,0.087,0.0871,24440,0
2015-02-04,16:30:00,0.088,0.088,0.0871,0.0871,41210,0
2015-02-04,16:35:00,0.088,0.088,0.0871,0.088,81213,0
2015-02-04,16:45:00,0.088,0.0889,0.088,0.0889,13435,0
2015-02-04,16:50:00,0.089,0.09,0.0889,0.0899,86902,0
2015-02-04,16:55:00,0.09,0.0925,0.09,0.092,132800,0
2015-02-04,17:00:00,0.09,0.0922,0.0898,0.0922,144919,0
2015-02-04,17:05:00,0.092,0.092,0.0899,0.0899,22100,0
2015-02-04,17:10:00,0.092,0.0921,0.09,0.0911,72300,0
2015-02-04,17:15:00,0.0912,0.0932,0.0912,0.0932,137214,0
2015-02-04,17:20:00,0.0933,0.099,0.092,0.0951,669150,0
2015-02-04,17:25:00,0.0989,0.0995,0.0953,0.096,100816,0
2015-02-04,17:30:00,0.0962,0.1,0.096,0.099,274659,0
2015-02-04,17:35:00,0.0981,0.0981,0.095,0.0964,6238,0
2015-02-04,17:40:00,0.0971,0.099,0.097,0.099,56900,0
2015-02-04,17:45:00,0.0985,0.102,0.097,0.1016,611480,0
2015-02-04,17:50:00,0.1016,0.1019,0.1001,0.1019,126480,0
2015-02-04,17:55:00,0.1012,0.102,0.1,0.1,119412,0
2015-02-04,18:00:00,0.1001,0.1001,0.095,0.0998,180075,0
2015-02-04,18:05:00,0.0996,0.101,0.0995,0.101,110274,0
2015-02-04,18:10:00,0.101,0.1015,0.1002,0.1003,31590,0
2015-02-04,18:15:00,0.101,0.1065,0.1003,0.1065,397941,0
2015-02-04,18:20:00,0.1066,0.109,0.1,0.1032,283025,0
2015-02-04,18:25:00,0.107,0.107,0.1034,0.1034,39636,0
2015-02-04,18:30:00,0.1034,0.1058,0.1033,0.1034,76471,0
2015-02-04,18:35:00,0.1038,0.1048,0.1,0.1037,123603,0
2015-02-04,18:40:00,0.1039,0.1046,0.1035,0.1046,68298,0
2015-02-04,18:45:00,0.1034,0.1049,0.103,0.1049,83230,0
2015-02-04,18:50:00,0.105,0.1089,0.1037,0.1088,255406,0
2015-02-04,18:55:00,0.1089,0.1097,0.1088,0.1097,401369,0
2015-02-04,19:00:00,0.1095,0.1172,0.1095,0.1158,387410,0
2015-02-04,19:05:00,0.117,0.119,0.1075,0.1147,501537,0
2015-02-04,19:10:00,0.111,0.115,0.111,0.1149,63961,0
2015-02-04,19:15:00,0.1149,0.1149,0.11,0.1129,110410,0
2015-02-04,19:20:00,0.11,0.113,0.11,0.1112,49100,0
2015-02-04,19:25:00,0.1113,0.1113,0.1077,0.1097,91963,0
2015-02-04,19:30:00,0.1098,0.1098,0.1055,0.1055,69800,0
2015-02-04,19:35:00,0.1075,0.11,0.1067,0.11,67146,0
2015-02-04,19:40:00,0.107,0.111,0.106,0.1061,227192,0
2015-02-04,19:45:00,0.1051,0.1119,0.1051,0.11,130437,0
2015-02-04,19:50:00,0.1099,0.1119,0.1087,0.11,61200,0
2015-02-04,19:55:00,0.11,0.11,0.1071,0.1083,47660,0
2015-02-04,20:00:00,0.1084,0.11,0.108,0.1099,87290,0
2015-02-04,20:05:00,0.1081,0.1092,0.1081,0.1092,25700,0
2015-02-04,20:10:00,0.1093,0.1097,0.108,0.108,84300,0
2015-02-04,20:15:00,0.108,0.1089,0.108,0.1082,25400,0
2015-02-04,20:20:00,0.1081,0.1098,0.1081,0.1089,64300,0
2015-02-04,20:25:00,0.1097,0.1097,0.1082,0.1083,33850,0
2015-02-04,20:30:00,0.109,0.11,0.1082,0.1098,31690,0
2015-02-04,20:35:00,0.1082,0.1097,0.1082,0.1082,82026,0
2015-02-04,20:40:00,0.1082,0.1083,0.1056,0.1056,121900,0
2015-02-04,20:45:00,0.107,0.1097,0.1069,0.1096,126834,0
2015-02-04,20:50:00,0.1089,0.1096,0.108,0.109,33319,0
2015-02-04,20:55:00,0.1092,0.112,0.1088,0.111,476030,0
2015-02-04,21:00:00,0.1112,0.1117,0.11,0.1116,63775,0
2015-02-04,21:05:00,0.1116,0.112,0.1109,0.112,116420,0
2015-02-04,21:10:00,0.1119,0.112,0.11,0.1102,210000,0
2015-02-04,21:15:00,0.1109,0.1115,0.1056,0.11,196788,0
2015-02-04,21:20:00,0.1088,0.1088,0.1088,0.1088,25200,0
2015-02-04,21:25:00,0.1088,0.11,0.105,0.105,145512,0
2015-02-04,21:30:00,0.1098,0.1099,0.1098,0.1098,6200,0
2015-02-04,21:35:00,0.1099,0.1099,0.1081,0.1081,3100,0
2015-02-04,21:40:00,0.1086,0.112,0.1086,0.112,203520,0
2015-02-04,21:45:00,0.1119,0.1119,0.1101,0.1119,82828,0
2015-02-04,21:50:00,0.1119,0.1119,0.1101,0.1101,121563,0
2015-02-04,21:55:00,0.1101,0.1101,0.11,0.11,123867,0
2015-02-04,22:00:00,0.11,0.1117,0.102,0.11,470783,0
2015-02-05,15:35:00,0.1149,0.115,0.101,0.1088,107967,0
2015-02-05,15:40:00,0.1055,0.11,0.105,0.1099,113318,0
2015-02-05,15:45:00,0.11,0.11,0.102,0.102,239161,0
2015-02-05,15:50:00,0.104,0.1063,0.1,0.1049,110330,0
2015-02-05,15:55:00,0.1045,0.1045,0.1045,0.1045,1400,0
2015-02-05,16:00:00,0.1045,0.1049,0.102,0.1049,38800,0
2015-02-05,16:05:00,0.1049,0.1076,0.1032,0.1074,6178,0
2015-02-05,16:10:00,0.1031,0.1033,0.095,0.1,294797,0
2015-02-05,16:15:00,0.1,0.1,0.096,0.0961,84238,0
2015-02-05,16:20:00,0.1,0.1,0.0962,0.1,37600,0
2015-02-05,16:25:00,0.097,0.1,0.0968,0.0999,122400,0
2015-02-05,16:30:00,0.1,0.1,0.0976,0.1,29941,0
2015-02-05,16:35:00,0.1,0.1001,0.098,0.098,217808,0
2015-02-05,16:40:00,0.0985,0.1,0.0985,0.1,34900,0
2015-02-05,16:45:00,0.1,0.105,0.0995,0.105,125281,0
2015-02-05,16:50:00,0.104,0.104,0.1,0.1,148585,0
2015-02-05,16:55:00,0.1,0.1,0.1,0.1,1486,0
2015-02-05,17:00:00,0.1017,0.1017,0.1017,0.1017,6200,0
2015-02-05,17:05:00,0.1001,0.1036,0.1001,0.1025,63039,0
2015-02-05,17:10:00,0.1025,0.1025,0.102,0.102,169555,0
2015-02-05,17:15:00,0.1002,0.1024,0.1002,0.1024,34300,0
2015-02-05,17:20:00,0.1012,0.1025,0.1012,0.1025,20480,0
2015-02-05,17:25:00,0.1002,0.101,0.1,0.1,82980,0
2015-02-05,17:30:00,0.099,0.101,0.099,0.101,21200,0
2015-02-05,17:35:00,0.099,0.099,0.0966,0.0966,48000,0
2015-02-05,17:45:00,0.0967,0.1009,0.0966,0.1009,4200,0
2015-02-05,17:55:00,0.0999,0.0999,0.0999,0.0999,2000,0
2015-02-05,18:00:00,0.0971,0.0999,0.096,0.096,82200,0
2015-02-05,18:05:00,0.0998,0.0998,0.0965,0.0965,41000,0
2015-02-05,18:10:00,0.0965,0.0995,0.0965,0.0995,4500,0
2015-02-05,18:15:00,0.0998,0.0998,0.0998,0.0998,11777,0
2015-02-05,18:20:00,0.097,0.0989,0.0965,0.0989,24903,0
2015-02-05,18:25:00,0.0989,0.0989,0.0989,0.0989,6775,0
2015-02-05,18:35:00,0.098,0.098,0.098,0.098,1400,0
2015-02-05,18:40:00,0.0989,0.0989,0.0989,0.0989,7756,0
2015-02-05,18:50:00,0.0989,0.1025,0.0988,0.1025,69375,0
2015-02-05,18:55:00,0.0981,0.1002,0.098,0.098,6243,0
2015-02-05,19:00:00,0.098,0.098,0.098,0.098,1164,0
2015-02-05,19:10:00,0.1002,0.1002,0.0992,0.0992,10486,0
2015-02-05,19:15:00,0.0998,0.0998,0.0972,0.0976,31214,0
2015-02-05,19:20:00,0.0972,0.0976,0.097,0.097,348528,0
2015-02-05,19:30:00,0.0971,0.0998,0.0971,0.0998,40100,0
2015-02-05,19:45:00,0.0997,0.0997,0.0997,0.0997,1065,0
2015-02-05,19:50:00,0.0976,0.0976,0.0975,0.0975,3300,0
2015-02-05,19:55:00,0.099,0.099,0.099,0.099,5000,0
2015-02-05,20:05:00,0.0994,0.0994,0.099,0.099,1500,0
2015-02-05,20:10:00,0.0997,0.0997,0.0997,0.0997,2854,0
2015-02-05,20:15:00,0.098,0.0988,0.0975,0.0975,24600,0
2015-02-05,20:20:00,0.098,0.098,0.097,0.0975,123869,0
2015-02-05,20:25:00,0.0979,0.098,0.097,0.098,62942,0
2015-02-05,20:35:00,0.098,0.098,0.098,0.098,10000,0
2015-02-05,20:40:00,0.098,0.098,0.0979,0.0979,750,0
2015-02-05,20:45:00,0.0971,0.0971,0.0971,0.0971,492,0
2015-02-05,20:50:00,0.097,0.097,0.0958,0.0959,90273,0
2015-02-05,20:55:00,0.096,0.0964,0.096,0.0964,8100,0
2015-02-05,21:00:00,0.096,0.096,0.09,0.09,276109,0
2015-02-05,21:05:00,0.09,0.09,0.0856,0.087,133324,0
2015-02-05,21:10:00,0.0931,0.0931,0.09,0.09,26700,0
2015-02-05,21:15:00,0.09,0.09,0.089,0.089,10800,0
2015-02-05,21:20:00,0.0896,0.09,0.0891,0.0891,32550,0
2015-02-05,21:25:00,0.0898,0.09,0.089,0.0898,28533,0
2015-02-05,21:30:00,0.0898,0.09,0.089,0.09,49900,0
2015-02-05,21:35:00,0.09,0.0915,0.09,0.0915,10650,0
2015-02-05,21:40:00,0.0901,0.0901,0.0891,0.09,23026,0
2015-02-05,21:45:00,0.0912,0.0912,0.09,0.09,30774,0
2015-02-05,21:50:00,0.09,0.0913,0.0892,0.0912,24226,0
2015-02-05,21:55:00,0.09,0.093,0.09,0.0901,17868,0
2015-02-05,22:00:00,0.09,0.0917,0.088,0.09,107405,0
2015-02-06,15:35:00,0.0946,0.0946,0.0922,0.0922,136814,0
2015-02-06,15:40:00,0.0922,0.0922,0.09,0.0901,132900,0
2015-02-06,15:45:00,0.092,0.0922,0.091,0.091,10866,0
2015-02-06,15:50:00,0.09,0.09,0.086,0.086,84253,0
2015-02-06,15:55:00,0.0922,0.0922,0.092,0.092,30400,0
2015-02-06,16:00:00,0.092,0.092,0.092,0.092,2100,0
2015-02-06,16:05:00,0.091,0.0922,0.09,0.0922,87800,0
2015-02-06,16:10:00,0.0922,0.0977,0.0922,0.0977,79461,0
2015-02-06,16:15:00,0.097,0.0978,0.09,0.0922,41450,0
2015-02-06,16:20:00,0.0922,0.0979,0.0922,0.095,40412,0
2015-02-06,16:25:00,0.0974,0.0974,0.0974,0.0974,3000,0
2015-02-06,16:30:00,0.0974,0.0975,0.0962,0.0962,13000,0
2015-02-06,16:35:00,0.096,0.096,0.09,0.0957,251458,0
2015-02-06,16:40:00,0.093,0.093,0.092,0.092,9806,0
2015-02-06,16:45:00,0.0937,0.0937,0.09,0.09,16000,0
2015-02-06,16:50:00,0.0942,0.0942,0.0909,0.0909,5130,0
2015-02-06,16:55:00,0.0915,0.0922,0.0912,0.092,7900,0
2015-02-06,17:00:00,0.0922,0.0942,0.0922,0.0942,47421,0
2015-02-06,17:05:00,0.0941,0.0941,0.0903,0.0939,44040,0
2015-02-06,17:10:00,0.0938,0.0938,0.0938,0.0938,9600,0
2015-02-06,17:20:00,0.0922,0.0922,0.0922,0.0922,450,0
2015-02-06,17:25:00,0.0906,0.0906,0.09,0.0901,47600,0
2015-02-06,17:30:00,0.0901,0.0904,0.0901,0.0904,2200,0
2015-02-06,17:40:00,0.0901,0.0904,0.0901,0.0904,9858,0
2015-02-06,17:45:00,0.0904,0.0904,0.0901,0.0901,9635,0
2015-02-06,17:50:00,0.0904,0.0904,0.0904,0.0904,12000,0
2015-02-06,17:55:00,0.0903,0.0903,0.0901,0.0901,8817,0
2015-02-06,18:00:00,0.0901,0.0901,0.09,0.09,79327,0
2015-02-06,18:05:00,0.09,0.09,0.09,0.09,7000,0
2015-02-06,18:10:00,0.0896,0.09,0.0896,0.09,12120,0
2015-02-06,18:15:00,0.0899,0.0899,0.0899,0.0899,1000,0
2015-02-06,18:25:00,0.0895,0.0895,0.088,0.088,99950,0
2015-02-06,18:30:00,0.0899,0.09,0.0899,0.09,6800,0
2015-02-06,18:35:00,0.09,0.09,0.0881,0.0881,66675,0
2015-02-06,18:40:00,0.0898,0.0898,0.0898,0.0898,1000,0
2015-02-06,18:45:00,0.0899,0.09,0.0899,0.09,15688,0
2015-02-06,18:50:00,0.09,0.09,0.09,0.09,6150,0
2015-02-06,19:05:00,0.0887,0.0899,0.0887,0.0899,4178,0
2015-02-06,19:10:00,0.0881,0.0899,0.0881,0.0899,1700,0
2015-02-06,19:15:00,0.0881,0.09,0.0881,0.09,48900,0
2015-02-06,19:25:00,0.089,0.0902,0.089,0.0902,28086,0
2015-02-06,19:30:00,0.0902,0.0902,0.09,0.0902,53500,0
2015-02-06,19:35:00,0.0901,0.0901,0.0901,0.0901,630,0
2015-02-06,19:40:00,0.0901,0.0901,0.09,0.09,207500,0
2015-02-06,19:45:00,0.0901,0.0901,0.09,0.09,30700,0
2015-02-06,19:50:00,0.0901,0.0902,0.0901,0.0902,900,0
2015-02-06,19:55:00,0.09,0.09,0.09,0.09,920,0
2015-02-06,20:05:00,0.09,0.09,0.09,0.09,500,0
2015-02-06,20:15:00,0.09,0.09,0.09,0.09,73412,0
2015-02-06,20:45:00,0.09,0.09,0.09,0.09,7672,0
2015-02-06,20:55:00,0.09,0.09,0.0801,0.0801,359079,0
2015-02-06,21:00:00,0.0884,0.0884,0.0884,0.0884,6000,0
2015-02-06,21:05:00,0.086,0.0869,0.086,0.0869,9100,0
2015-02-06,21:10:00,0.086,0.086,0.0855,0.0855,6591,0
2015-02-06,21:15:00,0.082,0.082,0.082,0.082,8200,0
2015-02-06,21:20:00,0.0844,0.0848,0.082,0.082,37315,0
2015-02-06,21:25:00,0.0822,0.084,0.0821,0.083,50886,0
2015-02-06,21:30:00,0.0832,0.0901,0.0823,0.0901,72979,0
2015-02-06,21:35:00,0.0885,0.0885,0.0885,0.0885,100,0
2015-02-06,21:40:00,0.0886,0.0886,0.0886,0.0886,200,0
2015-02-06,21:45:00,0.088,0.088,0.0879,0.0879,12800,0
2015-02-06,21:55:00,0.085,0.088,0.0826,0.0871,89745,0
2015-02-06,22:00:00,0.0869,0.0878,0.0825,0.0878,152204,0
2015-02-09,15:35:00,0.088,0.0899,0.085,0.085,44870,0
2015-02-09,15:45:00,0.086,0.0889,0.085,0.085,73035,0
2015-02-09,15:50:00,0.0879,0.0879,0.085,0.085,61710,0
2015-02-09,15:55:00,0.0835,0.0835,0.0825,0.0825,145364,0
2015-02-09,16:00:00,0.0825,0.0825,0.08,0.08,147600,0
2015-02-09,16:05:00,0.0848,0.0848,0.0805,0.0838,16200,0
2015-02-09,16:10:00,0.0837,0.0837,0.0804,0.0804,20235,0
2015-02-09,16:15:00,0.0804,0.0804,0.0804,0.0804,40000,0
2015-02-09,16:25:00,0.0804,0.083,0.0804,0.0826,57002,0
2015-02-09,16:30:00,0.0826,0.0826,0.0825,0.0825,1432,0
2015-02-09,16:35:00,0.0826,0.0826,0.0813,0.0813,21718,0
2015-02-09,16:40:00,0.0826,0.0826,0.0813,0.0813,55700,0
2015-02-09,16:45:00,0.0827,0.0827,0.082,0.082,29450,0
2015-02-09,16:50:00,0.0838,0.0838,0.0838,0.0838,5604,0
2015-02-09,16:55:00,0.0849,0.0849,0.0849,0.0849,3402,0
2015-02-09,17:10:00,0.0837,0.0837,0.0813,0.0813,1436,0
2015-02-09,17:20:00,0.0837,0.0837,0.0837,0.0837,400,0
2015-02-09,17:25:00,0.0838,0.085,0.0835,0.0849,35397,0
2015-02-09,17:30:00,0.0849,0.0849,0.0838,0.0838,3250,0
2015-02-09,17:35:00,0.0833,0.0833,0.0833,0.0833,7000,0
2015-02-09,17:45:00,0.0814,0.0814,0.0814,0.0814,300,0
2015-02-09,17:55:00,0.0814,0.0814,0.0814,0.0814,10315,0
2015-02-09,18:00:00,0.0815,0.0815,0.0814,0.0814,7100,0
2015-02-09,18:10:00,0.0834,0.0834,0.0834,0.0834,500,0
2015-02-09,18:15:00,0.0824,0.0824,0.0824,0.0824,1000,0
2015-02-09,18:25:00,0.0831,0.0839,0.0831,0.0839,10166,0
2015-02-09,18:30:00,0.0839,0.085,0.0839,0.085,29730,0
2015-02-09,18:35:00,0.085,0.0878,0.085,0.085,34699,0
2015-02-09,18:40:00,0.0855,0.0855,0.0855,0.0855,3100,0
2015-02-09,18:45:00,0.0854,0.0854,0.0854,0.0854,150,0
2015-02-09,18:50:00,0.0849,0.0849,0.0849,0.0849,1000,0
2015-02-09,19:10:00,0.0849,0.0849,0.083,0.083,36318,0
2015-02-09,19:20:00,0.0849,0.0849,0.0849,0.0849,100,0
2015-02-09,19:25:00,0.083,0.083,0.083,0.083,14900,0
2015-02-09,19:35:00,0.0848,0.0848,0.083,0.0831,1593,0
2015-02-09,19:50:00,0.0839,0.0839,0.0839,0.0839,26345,0
2015-02-09,19:55:00,0.083,0.083,0.0803,0.0803,60000,0
2015-02-09,20:00:00,0.0844,0.0844,0.0844,0.0844,1000,0
2015-02-09,20:10:00,0.0847,0.0847,0.0847,0.0847,101,0
2015-02-09,20:25:00,0.0834,0.0848,0.0834,0.0848,800,0
2015-02-09,20:30:00,0.0847,0.085,0.0846,0.085,85850,0
2015-02-09,20:35:00,0.085,0.0867,0.085,0.085,7504,0
2015-02-09,20:40:00,0.0834,0.0834,0.082,0.082,15000,0
2015-02-09,20:45:00,0.0849,0.0849,0.0849,0.0849,100,0
2015-02-09,20:50:00,0.0849,0.0849,0.0849,0.0849,500,0
2015-02-09,20:55:00,0.0849,0.085,0.0849,0.085,11600,0
2015-02-09,21:00:00,0.085,0.085,0.085,0.085,1400,0
2015-02-09,21:05:00,0.085,0.0868,0.0849,0.085,44100,0
2015-02-09,21:15:00,0.0849,0.0849,0.0849,0.0849,546,0
2015-02-09,21:30:00,0.082,0.0846,0.082,0.0846,8500,0
2015-02-09,21:35:00,0.0848,0.085,0.082,0.0846,7600,0
2015-02-09,21:40:00,0.085,0.085,0.0846,0.085,21413,0
2015-02-09,21:45:00,0.085,0.0866,0.082,0.085,62763,0
2015-02-09,21:50:00,0.0866,0.0868,0.085,0.0866,5830,0
2015-02-09,21:55:00,0.0868,0.088,0.085,0.088,108173,0
2015-02-09,22:00:00,0.088,0.088,0.0803,0.0803,28900,0
2015-02-10,15:35:00,0.095,0.104,0.0941,0.1,639617,0
2015-02-10,15:40:00,0.0993,0.1,0.098,0.0999,71827,0
2015-02-10,15:45:00,0.098,0.1,0.094,0.0977,108480,0
2015-02-10,15:50:00,0.0976,0.0977,0.0936,0.0977,80580,0
2015-02-10,15:55:00,0.0938,0.097,0.0936,0.0968,111393,0
2015-02-10,16:00:00,0.0968,0.0969,0.0958,0.0967,12000,0
2015-02-10,16:05:00,0.0967,0.0969,0.0942,0.0942,29800,0
2015-02-10,16:10:00,0.0959,0.0959,0.094,0.094,20562,0
2015-02-10,16:15:00,0.0942,0.0959,0.094,0.0949,96159,0
2015-02-10,16:20:00,0.094,0.094,0.093,0.093,57575,0
2015-02-10,16:25:00,0.094,0.094,0.094,0.094,5000,0
2015-02-10,16:30:00,0.0939,0.094,0.0921,0.0921,37495,0
2015-02-10,16:35:00,0.0921,0.0959,0.0915,0.0915,108604,0
2015-02-10,16:40:00,0.093,0.093,0.091,0.091,2120,0
2015-02-10,16:45:00,0.0939,0.0939,0.0939,0.0939,3400,0
2015-02-10,16:50:00,0.0914,0.0914,0.0901,0.0901,69276,0
2015-02-10,16:55:00,0.0902,0.0905,0.09,0.09,67100,0
2015-02-10,17:00:00,0.0927,0.0927,0.0927,0.0927,1000,0
2015-02-10,17:05:00,0.093,0.093,0.0916,0.0916,22300,0
2015-02-10,17:15:00,0.0903,0.0916,0.0903,0.0916,38069,0
2015-02-10,17:25:00,0.0929,0.093,0.0916,0.0916,26000,0
2015-02-10,17:35:00,0.0929,0.0929,0.0928,0.0928,1700,0
2015-02-10,17:40:00,0.0928,0.0928,0.092,0.0921,10100,0
2015-02-10,17:45:00,0.0928,0.0929,0.092,0.0929,28482,0
2015-02-10,17:55:00,0.092,0.0924,0.092,0.0924,1725,0
2015-02-10,18:00:00,0.0921,0.0929,0.0921,0.0929,20500,0
2015-02-10,18:05:00,0.092,0.092,0.092,0.092,100,0
2015-02-10,18:10:00,0.0928,0.0929,0.0921,0.0928,25692,0
2015-02-10,18:15:00,0.0928,0.0928,0.0903,0.0906,45123,0
2015-02-10,18:20:00,0.0906,0.0906,0.0906,0.0906,1300,0
2015-02-10,18:25:00,0.0903,0.0903,0.0903,0.0903,10000,0
2015-02-10,18:30:00,0.0919,0.0919,0.0903,0.0903,13200,0
2015-02-10,18:35:00,0.0902,0.0902,0.09,0.09,292180,0
2015-02-10,18:40:00,0.09,0.09,0.089,0.09,54150,0
2015-02-10,18:45:00,0.09,0.0901,0.09,0.09,4200,0
2015-02-10,18:50:00,0.09,0.09,0.09,0.09,25100,0
2015-02-10,19:00:00,0.0899,0.09,0.0893,0.0893,11950,0
2015-02-10,19:05:00,0.089,0.089,0.089,0.089,2900,0
2015-02-10,19:10:00,0.0883,0.09,0.0883,0.09,3745,0
2015-02-10,19:15:00,0.09,0.09,0.09,0.09,16440,0
2015-02-10,19:20:00,0.0899,0.09,0.0899,0.09,3700,0
2015-02-10,19:30:00,0.09,0.09,0.088,0.088,4228,0
2015-02-10,19:35:00,0.0898,0.0898,0.0898,0.0898,2000,0
2015-02-10,19:40:00,0.0897,0.0897,0.088,0.0882,7250,0
2015-02-10,19:45:00,0.0896,0.0896,0.088,0.088,15101,0
2015-02-10,19:50:00,0.088,0.0882,0.0868,0.087,101510,0
2015-02-10,19:55:00,0.0869,0.0869,0.0869,0.0869,1200,0
2015-02-10,20:05:00,0.0898,0.09,0.0894,0.0894,5600,0
2015-02-10,20:15:00,0.0898,0.09,0.0898,0.0899,50320,0
2015-02-10,20:20:00,0.0875,0.0875,0.0872,0.0872,10000,0
2015-02-10,20:25:00,0.0899,0.09,0.0899,0.09,18000,0
2015-02-10,20:30:00,0.09,0.09,0.09,0.09,1111,0
2015-02-10,20:40:00,0.0885,0.09,0.0875,0.09,91179,0
2015-02-10,20:50:00,0.0899,0.0899,0.0899,0.0899,1000,0
2015-02-10,21:00:00,0.09,0.09,0.089,0.0898,16023,0
2015-02-10,21:05:00,0.0896,0.0896,0.0896,0.0896,400,0
2015-02-10,21:15:00,0.09,0.09,0.089,0.089,8078,0
2015-02-10,21:25:00,0.0875,0.0875,0.0875,0.0875,750,0
2015-02-10,21:30:00,0.0876,0.0876,0.0875,0.0875,3285,0
2015-02-10,21:35:00,0.0889,0.0889,0.0889,0.0889,5393,0
2015-02-10,21:40:00,0.089,0.089,0.0879,0.089,24351,0
2015-02-10,21:45:00,0.089,0.089,0.0882,0.0882,2300,0
2015-02-10,21:50:00,0.0889,0.089,0.0889,0.089,1200,0
2015-02-10,21:55:00,0.0889,0.089,0.0882,0.089,22890,0
2015-02-10,22:00:00,0.089,0.0899,0.0883,0.0898,18130,0
2015-02-11,15:35:00,0.09,0.0942,0.088,0.089,39398,0
2015-02-11,15:40:00,0.088,0.095,0.088,0.095,33187,0
2015-02-11,15:45:00,0.09,0.0939,0.0881,0.0881,18883,0
2015-02-11,15:50:00,0.089,0.089,0.088,0.089,36140,0
2015-02-11,15:55:00,0.0881,0.089,0.085,0.085,120000,0
2015-02-11,16:00:00,0.087,0.09,0.084,0.09,119015,0
2015-02-11,16:05:00,0.0897,0.09,0.08,0.0865,441656,0
2015-02-11,16:10:00,0.0873,0.0873,0.086,0.0869,25124,0
2015-02-11,16:15:00,0.087,0.087,0.0816,0.0845,155100,0
2015-02-11,16:20:00,0.0845,0.0848,0.0816,0.0848,44800,0
2015-02-11,16:25:00,0.0825,0.0848,0.0825,0.0848,77480,0
2015-02-11,16:30:00,0.0848,0.087,0.0848,0.087,34180,0
2015-02-11,16:35:00,0.087,0.087,0.0849,0.087,30376,0
2015-02-11,16:40:00,0.087,0.087,0.0847,0.0847,19872,0
2015-02-11,16:45:00,0.087,0.0878,0.087,0.087,29300,0
2015-02-11,16:50:00,0.0869,0.087,0.0869,0.087,49000,0
2015-02-11,16:55:00,0.087,0.0896,0.0832,0.0896,40200,0
2015-02-11,17:00:00,0.0889,0.0896,0.0889,0.089,25275,0
2015-02-11,17:05:00,0.0889,0.089,0.088,0.088,24300,0
2015-02-11,17:10:00,0.088,0.088,0.0851,0.0879,56300,0
2015-02-11,17:15:00,0.0879,0.09,0.0879,0.089,36325,0
2015-02-11,17:20:00,0.089,0.089,0.0875,0.089,23132,0
2015-02-11,17:25:00,0.089,0.089,0.0889,0.089,14500,0
2015-02-11,17:30:00,0.0889,0.089,0.0888,0.089,17100,0
2015-02-11,17:35:00,0.089,0.09,0.089,0.089,48557,0
2015-02-11,17:40:00,0.089,0.09,0.089,0.09,17000,0
2015-02-11,17:45:00,0.09,0.09,0.09,0.09,35900,0
2015-02-11,17:50:00,0.09,0.09,0.09,0.09,5800,0
2015-02-11,18:00:00,0.0911,0.0911,0.0911,0.0911,10000,0
2015-02-11,18:05:00,0.0911,0.0916,0.0911,0.0916,5800,0
2015-02-11,18:10:00,0.0915,0.092,0.0915,0.092,11900,0
2015-02-11,18:15:00,0.092,0.092,0.0919,0.092,35300,0
2015-02-11,18:20:00,0.092,0.092,0.092,0.092,1000,0
2015-02-11,18:25:00,0.0915,0.0915,0.0912,0.0912,2600,0
2015-02-11,18:30:00,0.0908,0.0908,0.0905,0.0905,200,0
2015-02-11,18:35:00,0.0912,0.0912,0.0911,0.0912,2500,0
2015-02-11,18:50:00,0.091,0.092,0.091,0.092,27380,0
2015-02-11,18:55:00,0.0913,0.092,0.0913,0.092,4500,0
2015-02-11,19:05:00,0.092,0.092,0.092,0.092,17400,0
2015-02-11,19:10:00,0.0915,0.0915,0.0914,0.0914,449,0
2015-02-11,19:20:00,0.0915,0.092,0.0915,0.092,1546,0
2015-02-11,19:30:00,0.0914,0.0916,0.09,0.09,17248,0
2015-02-11,19:50:00,0.088,0.088,0.085,0.085,68400,0
2015-02-11,19:55:00,0.0851,0.0851,0.0851,0.0851,775,0
2015-02-11,20:00:00,0.0898,0.0898,0.0898,0.0898,5800,0
2015-02-11,20:05:00,0.0899,0.0899,0.0899,0.0899,1334,0
2015-02-11,20:15:00,0.0898,0.0898,0.0898,0.0898,222,0
2015-02-11,20:20:00,0.0871,0.0871,0.0871,0.0871,173,0
2015-02-11,20:25:00,0.0899,0.0899,0.0898,0.0899,17400,0
2015-02-11,20:30:00,0.0899,0.09,0.0897,0.0899,27128,0
2015-02-11,20:35:00,0.0899,0.0899,0.0891,0.0891,25920,0
2015-02-11,20:40:00,0.0899,0.09,0.0894,0.0894,3600,0
2015-02-11,20:45:00,0.0874,0.0874,0.0873,0.0873,1300,0
2015-02-11,20:50:00,0.0876,0.0881,0.0871,0.0871,5625,0
2015-02-11,20:55:00,0.0888,0.0888,0.0873,0.0873,6400,0
2015-02-11,21:00:00,0.0875,0.09,0.0875,0.09,23395,0
2015-02-11,21:05:00,0.09,0.09,0.0879,0.09,41811,0
2015-02-11,21:10:00,0.09,0.091,0.09,0.091,28300,0
2015-02-11,21:15:00,0.0881,0.093,0.0876,0.093,61400,0
2015-02-11,21:20:00,0.0904,0.093,0.0904,0.093,2300,0
2015-02-11,21:25:00,0.0901,0.0904,0.0901,0.0904,1100,0
2015-02-11,21:30:00,0.0909,0.093,0.0905,0.0909,80607,0
2015-02-11,21:35:00,0.0909,0.093,0.0905,0.0909,15700,0
2015-02-11,21:40:00,0.0909,0.093,0.0906,0.093,7600,0
2015-02-11,21:45:00,0.0909,0.0924,0.0909,0.0918,1200,0
2015-02-11,21:50:00,0.0909,0.093,0.0909,0.093,3100,0
2015-02-11,21:55:00,0.0913,0.093,0.0912,0.0912,6500,0
2015-02-11,22:00:00,0.0924,0.0924,0.0905,0.0923,36884,0
2015-02-12,15:35:00,0.0939,0.0945,0.09,0.0944,65423,0
2015-02-12,15:40:00,0.0944,0.0945,0.09,0.0945,125600,0
2015-02-12,15:45:00,0.0935,0.0945,0.0916,0.0916,16000,0
2015-02-12,15:50:00,0.0925,0.0925,0.0902,0.0903,6500,0
2015-02-12,15:55:00,0.0925,0.0925,0.09,0.09,42600,0
2015-02-12,16:00:00,0.09,0.0925,0.0895,0.0895,73389,0
2015-02-12,16:05:00,0.09,0.09,0.09,0.09,14822,0
2015-02-12,16:15:00,0.0925,0.0925,0.0925,0.0925,60000,0
2015-02-12,16:25:00,0.09,0.09,0.085,0.09,118787,0
2015-02-12,16:30:00,0.0922,0.093,0.0899,0.0913,61090,0
2015-02-12,16:35:00,0.093,0.093,0.0929,0.093,6499,0
2015-02-12,16:40:00,0.093,0.093,0.093,0.093,8600,0
2015-02-12,16:50:00,0.093,0.093,0.0929,0.0929,1000,0
2015-02-12,16:55:00,0.093,0.093,0.093,0.093,5276,0
2015-02-12,17:00:00,0.093,0.093,0.0929,0.093,13480,0
2015-02-12,17:05:00,0.093,0.0945,0.0914,0.0938,197003,0
2015-02-12,17:10:00,0.0913,0.0913,0.0913,0.0913,200,0
2015-02-12,17:15:00,0.093,0.093,0.093,0.093,3000,0
2015-02-12,17:20:00,0.093,0.093,0.093,0.093,151682,0
2015-02-12,17:35:00,0.093,0.093,0.093,0.093,4800,0
2015-02-12,17:40:00,0.093,0.0931,0.093,0.0931,31250,0
2015-02-12,17:45:00,0.093,0.093,0.093,0.093,3450,0
2015-02-12,17:50:00,0.09,0.09,0.09,0.09,102,0
2015-02-12,17:55:00,0.093,0.0939,0.093,0.0939,14350,0
2015-02-12,18:00:00,0.0939,0.094,0.0939,0.0939,16300,0
2015-02-12,18:05:00,0.0939,0.094,0.0939,0.094,1550,0
2015-02-12,18:10:00,0.0939,0.0939,0.093,0.093,9900,0
2015-02-12,18:20:00,0.093,0.093,0.093,0.093,400,0
2015-02-12,18:25:00,0.0929,0.0929,0.0929,0.0929,1000,0
2015-02-12,18:30:00,0.093,0.0931,0.093,0.0931,60622,0
2015-02-12,18:40:00,0.0937,0.0937,0.0937,0.0937,4000,0
2015-02-12,18:45:00,0.093,0.0938,0.093,0.0938,12400,0
2015-02-12,18:50:00,0.0938,0.0938,0.0938,0.0938,1900,0
2015-02-12,19:00:00,0.0936,0.0937,0.0936,0.0937,2784,0
2015-02-12,19:10:00,0.0938,0.0939,0.0938,0.0939,6000,0
2015-02-12,19:15:00,0.0939,0.0939,0.0939,0.0939,10000,0
2015-02-12,19:25:00,0.0936,0.0936,0.0936,0.0936,30500,0
2015-02-12,19:30:00,0.0935,0.0935,0.093,0.093,21600,0
2015-02-12,19:35:00,0.0933,0.094,0.0933,0.094,22021,0
2015-02-12,19:40:00,0.0933,0.095,0.0933,0.095,99621,0
2015-02-12,19:45:00,0.095,0.095,0.095,0.095,10000,0
2015-02-12,19:50:00,0.095,0.095,0.0949,0.095,34171,0
2015-02-12,19:55:00,0.0946,0.0946,0.0946,0.0946,200,0
2015-02-12,20:00:00,0.095,0.095,0.095,0.095,2763,0
2015-02-12,20:05:00,0.0949,0.095,0.0949,0.095,41700,0
2015-02-12,20:10:00,0.095,0.095,0.0949,0.0949,8850,0
2015-02-12,20:15:00,0.0945,0.0949,0.0945,0.0945,36051,0
2015-02-12,20:20:00,0.093,0.093,0.0904,0.0904,80029,0
2015-02-12,20:30:00,0.0945,0.0945,0.0945,0.0945,300,0
2015-02-12,20:35:00,0.0921,0.0945,0.092,0.0945,12900,0
2015-02-12,20:45:00,0.094,0.094,0.093,0.0931,23095,0
2015-02-12,20:50:00,0.094,0.094,0.093,0.093,13800,0
2015-02-12,20:55:00,0.0939,0.094,0.093,0.093,7200,0
2015-02-12,21:05:00,0.0931,0.0939,0.093,0.0939,4140,0
2015-02-12,21:10:00,0.0931,0.0931,0.0931,0.0931,400,0
2015-02-12,21:15:00,0.094,0.094,0.0931,0.0931,6400,0
2015-02-12,21:20:00,0.093,0.093,0.092,0.0923,81000,0
2015-02-12,21:25:00,0.0927,0.0927,0.0927,0.0927,2000,0
2015-02-12,21:30:00,0.0927,0.0927,0.0923,0.0923,1800,0
2015-02-12,21:35:00,0.0923,0.0924,0.092,0.0921,8802,0
2015-02-12,21:40:00,0.092,0.092,0.0871,0.0876,140110,0
2015-02-12,21:45:00,0.089,0.093,0.0876,0.09,32200,0
2015-02-12,21:50:00,0.09,0.093,0.0878,0.0904,135823,0
2015-02-12,21:55:00,0.0915,0.0939,0.0901,0.091,24500,0
2015-02-12,22:00:00,0.0923,0.0939,0.091,0.0939,19900,0
2015-02-13,15:35:00,0.095,0.0965,0.095,0.095,26998,0
2015-02-13,15:40:00,0.096,0.096,0.095,0.095,14144,0
2015-02-13,15:45:00,0.095,0.095,0.091,0.095,92000,0
2015-02-13,15:50:00,0.095,0.095,0.0931,0.095,76700,0
2015-02-13,15:55:00,0.094,0.095,0.093,0.094,89900,0
2015-02-13,16:00:00,0.094,0.094,0.0939,0.094,29700,0
2015-02-13,16:05:00,0.094,0.0944,0.094,0.094,13229,0
2015-02-13,16:10:00,0.0944,0.095,0.094,0.094,69036,0
2015-02-13,16:15:00,0.095,0.095,0.0949,0.095,62100,0
2015-02-13,16:20:00,0.095,0.095,0.095,0.095,44000,0
2015-02-13,16:25:00,0.095,0.095,0.094,0.094,72755,0
2015-02-13,16:30:00,0.095,0.095,0.095,0.095,10510,0
2015-02-13,16:35:00,0.095,0.095,0.0949,0.095,33300,0
2015-02-13,16:40:00,0.095,0.095,0.0949,0.0949,3900,0
2015-02-13,16:45:00,0.0949,0.0949,0.094,0.094,264940,0
2015-02-13,16:50:00,0.094,0.0941,0.094,0.0941,57700,0
2015-02-13,16:55:00,0.0946,0.0948,0.0946,0.0948,2400,0
2015-02-13,17:00:00,0.095,0.095,0.095,0.095,22100,0
2015-02-13,17:05:00,0.095,0.095,0.0949,0.0949,34100,0
2015-02-13,17:10:00,0.095,0.096,0.095,0.096,57924,0
2015-02-13,17:15:00,0.096,0.098,0.0954,0.098,228782,0
2015-02-13,17:20:00,0.098,0.1,0.098,0.0993,285399,0
2015-02-13,17:25:00,0.1,0.1089,0.0993,0.1046,376015,0
2015-02-13,17:30:00,0.104,0.105,0.099,0.099,313503,0
2015-02-13,17:35:00,0.1006,0.1046,0.1,0.102,98075,0
2015-02-13,17:40:00,0.1022,0.104,0.102,0.104,289451,0
2015-02-13,17:45:00,0.102,0.103,0.1003,0.1003,101641,0
2015-02-13,17:50:00,0.102,0.102,0.101,0.101,27800,0
2015-02-13,17:55:00,0.1011,0.1019,0.1011,0.1015,7933,0
2015-02-13,18:00:00,0.1015,0.105,0.1015,0.1049,270596,0
2015-02-13,18:05:00,0.1045,0.1045,0.1037,0.104,41459,0
2015-02-13,18:10:00,0.1045,0.1049,0.104,0.1049,116150,0
2015-02-13,18:15:00,0.104,0.1049,0.104,0.1049,100217,0
2015-02-13,18:20:00,0.104,0.1049,0.104,0.1048,18700,0
2015-02-13,18:25:00,0.1048,0.105,0.1042,0.105,176173,0
2015-02-13,18:30:00,0.105,0.11,0.1049,0.1079,383257,0
2015-02-13,18:35:00,0.1079,0.1079,0.107,0.1075,12009,0
2015-02-13,18:40:00,0.108,0.108,0.107,0.108,21705,0
2015-02-13,18:45:00,0.108,0.1098,0.107,0.1073,99110,0
2015-02-13,18:50:00,0.109,0.109,0.1073,0.109,19591,0
2015-02-13,18:55:00,0.109,0.109,0.107,0.1072,75843,0
2015-02-13,19:00:00,0.1071,0.1075,0.107,0.107,154556,0
2015-02-13,19:05:00,0.107,0.1084,0.107,0.1084,41600,0
2015-02-13,19:10:00,0.107,0.109,0.107,0.108,100856,0
2015-02-13,19:15:00,0.109,0.11,0.107,0.1085,175811,0
2015-02-13,19:20:00,0.1085,0.114,0.1081,0.114,376460,0
2015-02-13,19:25:00,0.1124,0.114,0.11,0.114,196700,0
2015-02-13,19:30:00,0.111,0.1135,0.1098,0.1098,386639,0
2015-02-13,19:35:00,0.11,0.11,0.1098,0.1098,77548,0
2015-02-13,19:40:00,0.1098,0.1099,0.1084,0.109,73688,0
2015-02-13,19:45:00,0.109,0.11,0.1086,0.11,9345,0
2015-02-13,19:50:00,0.1099,0.11,0.1091,0.11,183134,0
2015-02-13,19:55:00,0.1098,0.1098,0.1091,0.1098,10700,0
2015-02-13,20:00:00,0.1098,0.1125,0.1098,0.111,226828,0
2015-02-13,20:05:00,0.111,0.113,0.11,0.11,238278,0
2015-02-13,20:10:00,0.111,0.111,0.1085,0.1089,112111,0
2015-02-13,20:15:00,0.1099,0.1115,0.109,0.1096,120500,0
2015-02-13,20:20:00,0.1098,0.1119,0.1098,0.1118,42508,0
2015-02-13,20:25:00,0.11,0.112,0.108,0.112,66500,0
2015-02-13,20:30:00,0.11,0.11,0.1099,0.11,41313,0
2015-02-13,20:35:00,0.112,0.112,0.11,0.11,105474,0
2015-02-13,20:40:00,0.1082,0.11,0.108,0.108,413040,0
2015-02-13,20:45:00,0.109,0.112,0.1083,0.11,203611,0
2015-02-13,20:50:00,0.11,0.1104,0.109,0.11,49278,0
2015-02-13,20:55:00,0.11,0.1113,0.11,0.1113,7900,0
2015-02-13,21:00:00,0.11,0.1116,0.11,0.1111,81265,0
2015-02-13,21:05:00,0.1117,0.112,0.1109,0.111,41600,0
2015-02-13,21:10:00,0.111,0.111,0.11,0.11,50300,0
2015-02-13,21:15:00,0.1105,0.111,0.11,0.1101,77800,0
2015-02-13,21:20:00,0.1102,0.1116,0.1101,0.1103,16110,0
2015-02-13,21:25:00,0.1103,0.1109,0.108,0.1082,122678,0
2015-02-13,21:30:00,0.1082,0.11,0.1082,0.1091,23218,0
2015-02-13,21:35:00,0.1091,0.1091,0.108,0.1089,174675,0
2015-02-13,21:40:00,0.109,0.109,0.1051,0.108,613229,0
2015-02-13,21:45:00,0.11,0.11,0.1081,0.11,335233,0
2015-02-13,21:50:00,0.11,0.1105,0.1081,0.1081,316361,0
2015-02-13,21:55:00,0.1081,0.1081,0.1002,0.104,658313,0
2015-02-13,22:00:00,0.104,0.104,0.096,0.104,130569,0
2015-02-17,15:35:00,0.1053,0.113,0.1053,0.1129,530588,0
2015-02-17,15:40:00,0.1128,0.113,0.103,0.1098,229707,0
2015-02-17,15:45:00,0.1099,0.11,0.1066,0.109,89040,0
2015-02-17,15:50:00,0.109,0.11,0.1051,0.1097,171162,0
2015-02-17,15:55:00,0.109,0.109,0.1055,0.1073,53963,0
2015-02-17,16:00:00,0.1089,0.1097,0.107,0.1093,46213,0
2015-02-17,16:05:00,0.109,0.1092,0.1072,0.108,91700,0
2015-02-17,16:10:00,0.108,0.1088,0.1052,0.1057,157321,0
2015-02-17,16:15:00,0.1052,0.1062,0.1,0.106,435662,0
2015-02-17,16:20:00,0.106,0.1088,0.1058,0.1075,83811,0
2015-02-17,16:25:00,0.1058,0.1073,0.1058,0.1061,11437,0
2015-02-17,16:30:00,0.1061,0.1062,0.1031,0.1035,70799,0
2015-02-17,16:35:00,0.1035,0.1069,0.1026,0.1039,56071,0
2015-02-17,16:40:00,0.1064,0.1064,0.1037,0.104,33700,0
2015-02-17,16:45:00,0.1035,0.1048,0.1035,0.1048,400,0
2015-02-17,16:50:00,0.1049,0.1049,0.1035,0.1047,17167,0
2015-02-17,16:55:00,0.1046,0.1046,0.1025,0.1042,237889,0
2015-02-17,17:00:00,0.1027,0.1053,0.1027,0.1043,28100,0
2015-02-17,17:05:00,0.1043,0.1053,0.1043,0.1053,46714,0
2015-02-17,17:10:00,0.105,0.1064,0.1025,0.1064,83838,0
2015-02-17,17:15:00,0.1063,0.108,0.106,0.108,70601,0
2015-02-17,17:20:00,0.1062,0.1088,0.1062,0.1084,117450,0
2015-02-17,17:25:00,0.1088,0.109,0.1084,0.109,37900,0
2015-02-17,17:30:00,0.109,0.109,0.108,0.108,19600,0
2015-02-17,17:35:00,0.108,0.108,0.1078,0.1078,29026,0
2015-02-17,17:40:00,0.1078,0.1079,0.1078,0.1078,1500,0
2015-02-17,17:45:00,0.1079,0.1079,0.105,0.105,13834,0
2015-02-17,17:50:00,0.1056,0.1069,0.1031,0.104,48986,0
2015-02-17,17:55:00,0.105,0.1081,0.105,0.1081,27878,0
2015-02-17,18:00:00,0.1073,0.1081,0.105,0.1081,44900,0
2015-02-17,18:05:00,0.1074,0.1074,0.105,0.1051,10179,0
2015-02-17,18:10:00,0.108,0.108,0.1051,0.1051,14193,0
2015-02-17,18:15:00,0.1067,0.1067,0.1051,0.1057,2100,0
2015-02-17,18:20:00,0.1069,0.1081,0.1033,0.105,63954,0
2015-02-17,18:25:00,0.1075,0.1075,0.105,0.105,23839,0
2015-02-17,18:30:00,0.1033,0.105,0.103,0.103,17659,0
2015-02-17,18:35:00,0.1032,0.1032,0.1031,0.1032,3600,0
2015-02-17,18:40:00,0.1049,0.1049,0.1025,0.1025,45359,0
2015-02-17,18:45:00,0.1049,0.105,0.1049,0.105,2145,0
2015-02-17,18:50:00,0.105,0.105,0.1046,0.1046,7000,0
2015-02-17,19:05:00,0.1049,0.105,0.1031,0.1049,30204,0
2015-02-17,19:15:00,0.1048,0.1048,0.1032,0.1041,76791,0
2015-02-17,19:20:00,0.1048,0.1048,0.1042,0.1042,7530,0
2015-02-17,19:25:00,0.1048,0.1075,0.1042,0.1052,55300,0
2015-02-17,19:35:00,0.1062,0.1062,0.1062,0.1062,1500,0
2015-02-17,19:40:00,0.1069,0.1069,0.1054,0.1068,5774,0
2015-02-17,19:45:00,0.1052,0.1052,0.104,0.1052,72985,0
2015-02-17,19:50:00,0.1054,0.106,0.1053,0.1059,8203,0
2015-02-17,20:00:00,0.1059,0.106,0.1054,0.1054,1900,0
2015-02-17,20:05:00,0.106,0.106,0.1055,0.106,19415,0
2015-02-17,20:10:00,0.106,0.106,0.1059,0.1059,41100,0
2015-02-17,20:15:00,0.106,0.106,0.1059,0.106,42700,0
2015-02-17,20:20:00,0.106,0.106,0.1052,0.1052,8820,0
2015-02-17,20:25:00,0.1062,0.1062,0.105,0.105,6805,0
2015-02-17,20:30:00,0.1051,0.1051,0.102,0.1028,184886,0
2015-02-17,20:35:00,0.1026,0.1029,0.1021,0.1029,136725,0
2015-02-17,20:45:00,0.1029,0.1029,0.1021,0.1021,75900,0
2015-02-17,20:50:00,0.1021,0.1029,0.1021,0.1029,45598,0
2015-02-17,20:55:00,0.1044,0.105,0.1044,0.1047,4000,0
2015-02-17,21:00:00,0.105,0.105,0.105,0.105,50000,0
2015-02-17,21:05:00,0.105,0.1063,0.1047,0.1063,25299,0
2015-02-17,21:10:00,0.1063,0.1063,0.1035,0.1035,7644,0
2015-02-17,21:15:00,0.1035,0.1038,0.1035,0.1038,9500,0
2015-02-17,21:20:00,0.1038,0.104,0.1035,0.104,45874,0
2015-02-17,21:25:00,0.104,0.104,0.104,0.104,1900,0
2015-02-17,21:30:00,0.1038,0.104,0.1035,0.104,43017,0
2015-02-17,21:35:00,0.1035,0.1035,0.1,0.102,134696,0
2015-02-17,21:40:00,0.1037,0.1039,0.103,0.103,9800,0
2015-02-17,21:45:00,0.1035,0.104,0.1035,0.1035,20900,0
2015-02-17,21:50:00,0.103,0.1055,0.1021,0.104,270264,0
2015-02-17,21:55:00,0.1048,0.107,0.1048,0.1067,134900,0
2015-02-17,22:00:00,0.1069,0.1081,0.1064,0.108,376084,0
2015-02-18,15:35:00,0.107,0.107,0.1,0.102,789106,0
2015-02-18,15:40:00,0.1047,0.1047,0.099,0.1036,197443,0
2015-02-18,15:45:00,0.1039,0.1042,0.096,0.1037,174360,0
2015-02-18,15:50:00,0.1036,0.1036,0.1002,0.1003,21900,0
2015-02-18,15:55:00,0.1002,0.1002,0.097,0.0971,53570,0
2015-02-18,16:00:00,0.0979,0.0999,0.097,0.0973,27108,0
2015-02-18,16:05:00,0.1,0.1,0.1,0.1,13600,0
2015-02-18,16:10:00,0.1,0.1,0.0985,0.0985,90156,0
2015-02-18,16:15:00,0.0991,0.0991,0.099,0.0991,89525,0
2015-02-18,16:20:00,0.0991,0.0991,0.099,0.0991,58100,0
2015-02-18,16:25:00,0.0991,0.0991,0.0983,0.0983,87825,0
2015-02-18,16:30:00,0.0985,0.099,0.0985,0.099,10900,0
2015-02-18,16:35:00,0.0986,0.0986,0.098,0.098,87250,0
2015-02-18,16:40:00,0.0989,0.0989,0.0989,0.0989,20868,0
2015-02-18,16:50:00,0.0983,0.0983,0.0976,0.0976,86790,0
2015-02-18,16:55:00,0.0975,0.098,0.0971,0.098,35400,0
2015-02-18,17:00:00,0.097,0.0971,0.0961,0.0969,37150,0
2015-02-18,17:05:00,0.097,0.097,0.0921,0.0931,133840,0
2015-02-18,17:10:00,0.0931,0.0931,0.0925,0.0925,156000,0
2015-02-18,17:15:00,0.0926,0.093,0.092,0.093,144985,0
2015-02-18,17:20:00,0.0921,0.0931,0.092,0.0931,14200,0
2015-02-18,17:25:00,0.0931,0.0931,0.093,0.0931,59607,0
2015-02-18,17:30:00,0.0931,0.0931,0.0921,0.0928,41020,0
2015-02-18,17:35:00,0.0927,0.0928,0.091,0.091,163880,0
2015-02-18,17:40:00,0.0918,0.092,0.091,0.092,28850,0
2015-02-18,17:45:00,0.0921,0.093,0.092,0.0929,63044,0
2015-02-18,17:50:00,0.093,0.095,0.0926,0.0935,72800,0
2015-02-18,17:55:00,0.0932,0.0933,0.0932,0.0933,1240,0
2015-02-18,18:00:00,0.0932,0.094,0.0932,0.0936,19800,0
2015-02-18,18:05:00,0.0934,0.095,0.0926,0.0926,94000,0
2015-02-18,18:10:00,0.0945,0.0945,0.0945,0.0945,10000,0
2015-02-18,18:15:00,0.095,0.095,0.0948,0.095,39700,0
2015-02-18,18:20:00,0.0945,0.0945,0.094,0.094,2200,0
2015-02-18,18:25:00,0.0936,0.0936,0.093,0.0931,59136,0
2015-02-18,18:30:00,0.0934,0.0935,0.093,0.0931,86600,0
2015-02-18,18:35:00,0.0931,0.0931,0.0931,0.0931,39000,0
2015-02-18,18:40:00,0.0931,0.094,0.0931,0.094,37000,0
2015-02-18,18:50:00,0.094,0.094,0.0938,0.0938,24500,0
2015-02-18,19:00:00,0.094,0.094,0.0935,0.094,25276,0
2015-02-18,19:05:00,0.094,0.095,0.094,0.095,42659,0
2015-02-18,19:10:00,0.095,0.095,0.095,0.095,10000,0
2015-02-18,19:15:00,0.095,0.095,0.094,0.0949,160505,0
2015-02-18,19:20:00,0.095,0.095,0.0949,0.0949,900,0
2015-02-18,19:25:00,0.0945,0.095,0.0941,0.0941,9999,0
2015-02-18,19:30:00,0.095,0.095,0.095,0.095,26840,0
2015-02-18,19:35:00,0.095,0.095,0.0949,0.0949,17000,0
2015-02-18,19:40:00,0.0948,0.0948,0.0948,0.0948,100,0
2015-02-18,19:50:00,0.095,0.095,0.095,0.095,5000,0
2015-02-18,19:55:00,0.095,0.095,0.0948,0.095,4000,0
2015-02-18,20:15:00,0.095,0.096,0.095,0.0951,9534,0
2015-02-18,20:20:00,0.096,0.096,0.0959,0.0959,14200,0
2015-02-18,20:25:00,0.095,0.096,0.095,0.095,191244,0
2015-02-18,20:30:00,0.094,0.095,0.0925,0.095,202000,0
2015-02-18,20:35:00,0.0926,0.0926,0.0926,0.0926,100,0
2015-02-18,20:40:00,0.0949,0.0949,0.0928,0.0928,6400,0
2015-02-18,20:45:00,0.0927,0.0927,0.0925,0.0926,214200,0
2015-02-18,20:50:00,0.0927,0.0927,0.0925,0.0927,127816,0
2015-02-18,20:55:00,0.0927,0.0927,0.0927,0.0927,54087,0
2015-02-18,21:00:00,0.0927,0.0927,0.0927,0.0927,11065,0
2015-02-18,21:05:00,0.0928,0.0928,0.0927,0.0927,1500,0
2015-02-18,21:10:00,0.0928,0.0949,0.0928,0.0946,8300,0
2015-02-18,21:15:00,0.0946,0.0946,0.0943,0.0946,12400,0
2015-02-18,21:20:00,0.0946,0.0946,0.0946,0.0946,100,0
2015-02-18,21:25:00,0.0943,0.0946,0.0943,0.0946,115800,0
2015-02-18,21:30:00,0.0949,0.0949,0.0948,0.0948,2000,0
2015-02-18,21:35:00,0.0949,0.0949,0.0949,0.0949,28910,0
2015-02-18,21:45:00,0.0949,0.0949,0.0949,0.0949,23000,0
2015-02-18,21:50:00,0.0948,0.0949,0.0948,0.0949,132100,0
2015-02-18,21:55:00,0.095,0.0959,0.095,0.0959,65000,0
2015-02-18,22:00:00,0.0959,0.096,0.0956,0.0957,19544,0
2015-02-19,15:35:00,0.105,0.105,0.092,0.092,459675,0
2015-02-19,15:40:00,0.0949,0.095,0.0926,0.093,38770,0
2015-02-19,15:45:00,0.0943,0.095,0.093,0.093,58537,0
2015-02-19,15:50:00,0.093,0.093,0.0929,0.0929,22900,0
2015-02-19,15:55:00,0.0929,0.0936,0.0929,0.0936,34943,0
2015-02-19,16:00:00,0.0936,0.0936,0.0936,0.0936,11766,0
2015-02-19,16:05:00,0.0936,0.0984,0.0936,0.0975,309603,0
2015-02-19,16:10:00,0.0985,0.0988,0.0979,0.0982,49200,0
2015-02-19,16:15:00,0.0975,0.098,0.0973,0.0973,156297,0
2015-02-19,16:20:00,0.0974,0.0975,0.094,0.096,10400,0
2015-02-19,16:25:00,0.096,0.096,0.0955,0.0959,9653,0
2015-02-19,16:30:00,0.096,0.096,0.096,0.096,31400,0
2015-02-19,16:35:00,0.096,0.096,0.0945,0.0958,46300,0
2015-02-19,16:55:00,0.0959,0.0959,0.0942,0.0942,4900,0
2015-02-19,17:05:00,0.0935,0.096,0.0935,0.096,6100,0
2015-02-19,17:10:00,0.095,0.096,0.095,0.095,23500,0
2015-02-19,17:15:00,0.0949,0.095,0.094,0.094,23100,0
2015-02-19,17:25:00,0.0959,0.096,0.0951,0.0959,13900,0
2015-02-19,17:30:00,0.0959,0.0959,0.0951,0.0951,5200,0
2015-02-19,17:35:00,0.096,0.096,0.0955,0.0959,10940,0
2015-02-19,17:45:00,0.0958,0.096,0.0958,0.096,25793,0
2015-02-19,17:50:00,0.0963,0.0963,0.0963,0.0963,3551,0
2015-02-19,17:55:00,0.096,0.096,0.0957,0.0959,3200,0
2015-02-19,18:00:00,0.096,0.096,0.096,0.096,22500,0
2015-02-19,18:05:00,0.096,0.096,0.096,0.096,178692,0
2015-02-19,18:10:00,0.096,0.096,0.096,0.096,11452,0
2015-02-19,18:15:00,0.0968,0.0968,0.0968,0.0968,1123,0
2015-02-19,18:20:00,0.096,0.096,0.095,0.095,40933,0
2015-02-19,18:30:00,0.095,0.095,0.095,0.095,8738,0
2015-02-19,18:40:00,0.094,0.094,0.094,0.094,10100,0
2015-02-19,18:45:00,0.094,0.094,0.094,0.094,1000,0
2015-02-19,18:50:00,0.0939,0.0939,0.0939,0.0939,100,0
2015-02-19,18:55:00,0.0939,0.095,0.093,0.095,90100,0
2015-02-19,19:00:00,0.095,0.095,0.095,0.095,1050,0
2015-02-19,19:05:00,0.0931,0.0931,0.0931,0.0931,100,0
2015-02-19,19:10:00,0.095,0.095,0.095,0.095,500,0
2015-02-19,19:15:00,0.095,0.095,0.094,0.0948,13744,0
2015-02-19,19:20:00,0.094,0.0945,0.094,0.094,40890,0
2015-02-19,19:30:00,0.095,0.095,0.094,0.094,13200,0
2015-02-19,19:35:00,0.0941,0.0941,0.0932,0.0932,9700,0
2015-02-19,19:45:00,0.0931,0.095,0.093,0.0931,151411,0
2015-02-19,19:50:00,0.0931,0.0931,0.0931,0.0931,1600,0
2015-02-19,19:55:00,0.0931,0.0947,0.0931,0.0947,34200,0
2015-02-19,20:05:00,0.094,0.094,0.094,0.094,400,0
2015-02-19,20:15:00,0.0947,0.0947,0.0947,0.0947,100,0
2015-02-19,20:20:00,0.0947,0.095,0.0947,0.095,50375,0
2015-02-19,20:25:00,0.095,0.095,0.095,0.095,4000,0
2015-02-19,20:30:00,0.0948,0.0948,0.0948,0.0948,6100,0
2015-02-19,20:35:00,0.0948,0.0948,0.0948,0.0948,11200,0
2015-02-19,20:40:00,0.0948,0.0948,0.0948,0.0948,13900,0
2015-02-19,20:50:00,0.0947,0.0947,0.0947,0.0947,700,0
2015-02-19,20:55:00,0.0948,0.0948,0.0945,0.0945,11417,0
2015-02-19,21:00:00,0.093,0.093,0.0925,0.0925,54000,0
2015-02-19,21:05:00,0.094,0.094,0.094,0.094,22544,0
2015-02-19,21:10:00,0.0926,0.0926,0.0926,0.0926,7000,0
2015-02-19,21:15:00,0.094,0.094,0.094,0.094,8000,0
2015-02-19,21:20:00,0.0947,0.0947,0.0947,0.0947,2000,0
2015-02-19,21:25:00,0.0948,0.0969,0.094,0.0969,321371,0
2015-02-19,21:30:00,0.0969,0.097,0.0969,0.0969,55500,0
2015-02-19,21:35:00,0.0969,0.0969,0.0969,0.0969,1300,0
2015-02-19,21:40:00,0.0967,0.0968,0.0935,0.0968,35755,0
2015-02-19,21:50:00,0.0951,0.0968,0.0942,0.0942,15475,0
2015-02-19,22:00:00,0.0935,0.096,0.0925,0.096,98120,0
2015-02-20,15:35:00,0.1,0.1,0.0925,0.0932,170799,0
2015-02-20,15:40:00,0.0965,0.0969,0.0931,0.0969,9648,0
2015-02-20,15:45:00,0.0931,0.094,0.0925,0.094,54300,0
2015-02-20,15:50:00,0.094,0.094,0.09,0.09,217201,0
2015-02-20,15:55:00,0.0939,0.0939,0.09,0.0909,71489,0
2015-02-20,16:00:00,0.09,0.0912,0.09,0.0912,53450,0
2015-02-20,16:05:00,0.0909,0.0919,0.09,0.09,57797,0
2015-02-20,16:10:00,0.0911,0.0912,0.09,0.0905,4300,0
2015-02-20,16:15:00,0.0905,0.091,0.09,0.091,77875,0
2015-02-20,16:20:00,0.0911,0.0911,0.09,0.09,170990,0
2015-02-20,16:25:00,0.09,0.0911,0.09,0.09,88997,0
2015-02-20,16:30:00,0.0911,0.0911,0.09,0.09,22851,0
2015-02-20,16:35:00,0.0892,0.0892,0.0892,0.0892,6655,0
2015-02-20,16:40:00,0.0892,0.0909,0.0875,0.0909,136110,0
2015-02-20,16:45:00,0.0875,0.0908,0.0875,0.0908,55140,0
2015-02-20,16:50:00,0.088,0.091,0.088,0.091,46400,0
2015-02-20,16:55:00,0.0882,0.0885,0.0882,0.0885,3599,0
2015-02-20,17:00:00,0.09,0.09,0.0882,0.089,27800,0
2015-02-20,17:05:00,0.0889,0.09,0.0888,0.09,61711,0
2015-02-20,17:10:00,0.0888,0.09,0.0888,0.09,600,0
2015-02-20,17:15:00,0.09,0.09,0.089,0.0899,28542,0
2015-02-20,17:20:00,0.089,0.09,0.089,0.0894,27300,0
2015-02-20,17:25:00,0.09,0.09,0.0899,0.09,50152,0
2015-02-20,17:30:00,0.0891,0.0892,0.0891,0.0892,408,0
2015-02-20,17:35:00,0.0895,0.09,0.0895,0.09,16904,0
2015-02-20,17:40:00,0.09,0.09,0.0895,0.0895,9800,0
2015-02-20,17:45:00,0.0895,0.0895,0.0895,0.0895,7900,0
2015-02-20,17:50:00,0.0895,0.0895,0.089,0.0891,17371,0
2015-02-20,17:55:00,0.0895,0.0899,0.0891,0.0891,29899,0
2015-02-20,18:00:00,0.09,0.09,0.0891,0.0891,17950,0
2015-02-20,18:10:00,0.0896,0.0896,0.0896,0.0896,600,0
2015-02-20,18:15:00,0.09,0.09,0.09,0.09,1000,0
2015-02-20,18:20:00,0.0896,0.09,0.0896,0.09,30100,0
2015-02-20,18:30:00,0.0896,0.0896,0.0896,0.0896,35000,0
2015-02-20,18:35:00,0.0899,0.0899,0.0895,0.0895,31300,0
2015-02-20,18:40:00,0.0895,0.0895,0.0895,0.0895,100,0
2015-02-20,18:45:00,0.0895,0.0898,0.0895,0.0895,4762,0
2015-02-20,18:50:00,0.0895,0.0898,0.0895,0.0898,8600,0
2015-02-20,18:55:00,0.0898,0.0899,0.0898,0.0898,3850,0
2015-02-20,19:00:00,0.0898,0.0899,0.0898,0.0899,7700,0
2015-02-20,19:05:00,0.0899,0.0903,0.0899,0.0903,39000,0
2015-02-20,19:10:00,0.0903,0.0903,0.0895,0.09,65252,0
2015-02-20,19:15:00,0.09,0.0915,0.09,0.09,28100,0
2015-02-20,19:20:00,0.09,0.09,0.09,0.09,35370,0
2015-02-20,19:25:00,0.0895,0.0929,0.0895,0.0929,87260,0
2015-02-20,19:30:00,0.09,0.09,0.09,0.09,1300,0
2015-02-20,19:40:00,0.09,0.09,0.09,0.09,800,0
2015-02-20,19:45:00,0.09,0.0929,0.09,0.09,55138,0
2015-02-20,19:50:00,0.09,0.0929,0.09,0.0929,600,0
2015-02-20,19:55:00,0.09,0.0929,0.09,0.09,2129,0
2015-02-20,20:00:00,0.09,0.0919,0.09,0.09,800,0
2015-02-20,20:05:00,0.09,0.0929,0.09,0.0929,700,0
2015-02-20,20:10:00,0.09,0.0929,0.09,0.09,3600,0
2015-02-20,20:15:00,0.09,0.0929,0.09,0.09,1150,0
2015-02-20,20:20:00,0.09,0.0929,0.09,0.0905,22100,0
2015-02-20,20:25:00,0.0905,0.0905,0.0905,0.0905,200,0
2015-02-20,20:30:00,0.0917,0.0917,0.0905,0.091,22422,0
2015-02-20,20:35:00,0.091,0.091,0.0901,0.0901,6400,0
2015-02-20,20:40:00,0.0901,0.0901,0.09,0.09,110618,0
2015-02-20,20:45:00,0.0902,0.0905,0.09,0.09,29769,0
2015-02-20,20:55:00,0.09,0.0905,0.09,0.09,14900,0
2015-02-20,21:00:00,0.09,0.09,0.09,0.09,400,0
2015-02-20,21:05:00,0.09,0.09,0.09,0.09,1000,0
2015-02-20,21:10:00,0.09,0.0905,0.09,0.0901,94700,0
2015-02-20,21:15:00,0.0901,0.0901,0.0901,0.0901,900,0
2015-02-20,21:20:00,0.0901,0.0904,0.0895,0.09,36300,0
2015-02-20,21:25:00,0.09,0.0905,0.09,0.0905,13843,0
2015-02-20,21:30:00,0.09,0.09,0.09,0.09,96900,0
2015-02-20,21:35:00,0.09,0.0904,0.09,0.0902,6611,0
2015-02-20,21:40:00,0.09,0.09,0.09,0.09,1214684,0
2015-02-20,21:50:00,0.09,0.09,0.0895,0.0895,67166,0
2015-02-20,21:55:00,0.0891,0.09,0.0891,0.0891,68840,0
2015-02-20,22:00:00,0.0891,0.09,0.0891,0.0891,47187,0
2015-02-23,15:35:00,0.085,0.0892,0.085,0.086,138513,0
2015-02-23,15:40:00,0.0861,0.092,0.0861,0.092,100473,0
2015-02-23,15:45:00,0.092,0.092,0.0892,0.0892,58177,0
2015-02-23,15:50:00,0.0892,0.09,0.087,0.087,92476,0
2015-02-23,15:55:00,0.0899,0.0899,0.0899,0.0899,710,0
2015-02-23,16:00:00,0.086,0.087,0.086,0.087,8400,0
2015-02-23,16:05:00,0.0878,0.09,0.0861,0.09,12800,0
2015-02-23,16:10:00,0.0871,0.09,0.0871,0.0873,45700,0
2015-02-23,16:15:00,0.09,0.092,0.0876,0.0876,31876,0
2015-02-23,16:20:00,0.088,0.088,0.088,0.088,300,0
2015-02-23,16:25:00,0.0888,0.0888,0.0888,0.0888,100,0
2015-02-23,16:30:00,0.09,0.09,0.0888,0.09,43625,0
2015-02-23,16:35:00,0.09,0.09,0.0888,0.09,58800,0
2015-02-23,16:40:00,0.09,0.09,0.09,0.09,8765,0
2015-02-23,16:45:00,0.0899,0.09,0.0883,0.09,7642,0
2015-02-23,16:50:00,0.0899,0.0899,0.0899,0.0899,500,0
2015-02-23,16:55:00,0.09,0.09,0.0881,0.0881,14630,0
2015-02-23,17:00:00,0.0882,0.0882,0.0882,0.0882,3600,0
2015-02-23,17:05:00,0.088,0.089,0.088,0.088,32700,0
2015-02-23,17:10:00,0.088,0.0881,0.088,0.088,3320,0
2015-02-23,17:15:00,0.088,0.0884,0.088,0.0884,29100,0
2015-02-23,17:20:00,0.088,0.0881,0.088,0.088,1000,0
2015-02-23,17:25:00,0.0881,0.09,0.088,0.09,15315,0
2015-02-23,17:30:00,0.088,0.0889,0.0875,0.0875,5420,0
2015-02-23,17:35:00,0.0889,0.0889,0.0875,0.0875,10299,0
2015-02-23,17:40:00,0.0875,0.0875,0.0871,0.0875,37620,0
2015-02-23,17:50:00,0.0871,0.0871,0.0871,0.0871,300,0
2015-02-23,17:55:00,0.0871,0.0871,0.087,0.087,20500,0
2015-02-23,18:00:00,0.086,0.086,0.085,0.085,92002,0
2015-02-23,18:05:00,0.085,0.0874,0.085,0.0874,2000,0
2015-02-23,18:10:00,0.0874,0.0875,0.083,0.083,111500,0
2015-02-23,18:15:00,0.0834,0.0834,0.083,0.083,79600,0
2015-02-23,18:20:00,0.0859,0.0859,0.0859,0.0859,175,0
2015-02-23,18:25:00,0.085,0.0875,0.085,0.085,185180,0
2015-02-23,18:30:00,0.0874,0.0875,0.087,0.0874,43700,0
2015-02-23,18:35:00,0.087,0.0875,0.087,0.0875,9100,0
2015-02-23,18:40:00,0.087,0.087,0.0855,0.0855,12049,0
2015-02-23,18:45:00,0.087,0.087,0.087,0.087,50300,0
2015-02-23,18:50:00,0.087,0.0882,0.087,0.0882,175794,0
2015-02-23,18:55:00,0.0883,0.09,0.0883,0.0898,119906,0
2015-02-23,19:00:00,0.0883,0.0899,0.0883,0.0899,4900,0
2015-02-23,19:05:00,0.0899,0.0899,0.0899,0.0899,300000,0
2015-02-23,19:10:00,0.0898,0.0898,0.0883,0.0883,400,0
2015-02-23,19:15:00,0.0883,0.0883,0.0883,0.0883,600,0
2015-02-23,19:25:00,0.0883,0.0899,0.0883,0.0883,81400,0
2015-02-23,19:30:00,0.0883,0.0884,0.0883,0.0884,24600,0
2015-02-23,19:35:00,0.0889,0.0889,0.0889,0.0889,2600,0
2015-02-23,19:40:00,0.0889,0.0889,0.0889,0.0889,100,0
2015-02-23,19:45:00,0.0896,0.0896,0.0896,0.0896,11519,0
2015-02-23,20:00:00,0.0883,0.0883,0.085,0.085,416811,0
2015-02-23,20:05:00,0.085,0.085,0.084,0.084,67500,0
2015-02-23,20:10:00,0.0889,0.0889,0.0842,0.0842,5100,0
2015-02-23,20:15:00,0.0842,0.0842,0.0842,0.0842,300,0
2015-02-23,20:20:00,0.0845,0.0845,0.0845,0.0845,200,0
2015-02-23,20:25:00,0.087,0.088,0.087,0.0877,2365,0
2015-02-23,20:30:00,0.088,0.088,0.085,0.085,8622,0
2015-02-23,20:35:00,0.085,0.085,0.085,0.085,2800,0
2015-02-23,20:40:00,0.085,0.0879,0.085,0.085,25610,0
2015-02-23,20:45:00,0.085,0.0877,0.0843,0.0843,40000,0
2015-02-23,20:50:00,0.0843,0.086,0.0843,0.0843,5900,0
2015-02-23,20:55:00,0.0843,0.085,0.083,0.083,288279,0
2015-02-23,21:00:00,0.083,0.087,0.083,0.083,14880,0
2015-02-23,21:05:00,0.083,0.0868,0.083,0.0841,11000,0
2015-02-23,21:10:00,0.084,0.084,0.084,0.084,6600,0
2015-02-23,21:15:00,0.085,0.0868,0.085,0.085,64600,0
2015-02-23,21:20:00,0.085,0.0868,0.085,0.0868,24100,0
2015-02-23,21:25:00,0.086,0.086,0.085,0.085,4300,0
2015-02-23,21:30:00,0.085,0.085,0.085,0.085,6500,0
2015-02-23,21:35:00,0.085,0.086,0.0835,0.0835,42447,0
2015-02-23,21:40:00,0.0835,0.086,0.0835,0.086,14100,0
2015-02-23,21:45:00,0.0836,0.084,0.0836,0.084,9346,0
2015-02-23,21:50:00,0.084,0.086,0.084,0.0841,21021,0
2015-02-23,21:55:00,0.0841,0.0877,0.0841,0.0841,96803,0
2015-02-23,22:00:00,0.0841,0.085,0.084,0.084,83428,0
