Date,Time,Open,High,Low,Close,Volume,OpenInt
2015-02-03,16:50:00,7.43,7.43,7.34,7.35,375055,0
2015-02-03,16:55:00,7.355,7.39,7.32,7.335,446391,0
2015-02-03,17:00:00,7.3399,7.34,7.29,7.292,344105,0
2015-02-03,17:05:00,7.29,7.33,7.28,7.31,393488,0
2015-02-03,17:10:00,7.31,7.35,7.31,7.35,252492,0
2015-02-03,17:15:00,7.345,7.35,7.3,7.305,305029,0
2015-02-03,17:20:00,7.305,7.33,7.3,7.3101,285876,0
2015-02-03,17:25:00,7.32,7.33,7.31,7.33,184790,0
2015-02-03,17:30:00,7.325,7.34,7.28,7.28,334237,0
2015-02-03,17:35:00,7.28,7.31,7.28,7.31,161496,0
2015-02-03,17:40:00,7.31,7.33,7.3001,7.3299,116266,0
2015-02-03,17:45:00,7.33,7.39,7.325,7.39,304871,0
2015-02-03,17:50:00,7.385,7.4,7.345,7.3599,170155,0
2015-02-03,17:55:00,7.36,7.36,7.34,7.345,116190,0
2015-02-03,18:00:00,7.34,7.35,7.33,7.35,94191,0
2015-02-03,18:05:00,7.345,7.35,7.325,7.34,125190,0
2015-02-03,18:10:00,7.34,7.34,7.315,7.315,144211,0
2015-02-03,18:15:00,7.3125,7.34,7.31,7.33,261861,0
2015-02-03,18:20:00,7.33,7.34,7.32,7.33,332089,0
2015-02-03,18:25:00,7.3336,7.34,7.33,7.33,162668,0
2015-02-03,18:30:00,7.33,7.34,7.33,7.34,76183,0
2015-02-03,18:35:00,7.34,7.34,7.31,7.3299,204160,0
2015-02-03,18:40:00,7.33,7.34,7.32,7.33,158637,0
2015-02-03,18:45:00,7.33,7.34,7.32,7.335,92570,0
2015-02-03,18:50:00,7.33,7.36,7.33,7.34,212895,0
2015-02-03,18:55:00,7.34,7.34,7.32,7.335,108940,0
2015-02-03,19:00:00,7.335,7.35,7.33,7.335,69740,0
2015-02-03,19:05:00,7.34,7.35,7.33,7.35,42727,0
2015-02-03,19:10:00,7.345,7.35,7.33,7.33,84076,0
2015-02-03,19:15:00,7.335,7.345,7.33,7.335,166486,0
2015-02-03,19:20:00,7.335,7.34,7.33,7.34,40174,0
2015-02-03,19:25:00,7.34,7.36,7.3301,7.345,295335,0
2015-02-03,19:30:00,7.3461,7.35,7.34,7.35,168909,0
2015-02-03,19:35:00,7.345,7.35,7.33,7.33,105031,0
2015-02-03,19:40:00,7.33,7.335,7.32,7.33,80285,0
2015-02-03,19:45:00,7.325,7.34,7.32,7.335,104687,0
2015-02-03,19:50:00,7.34,7.35,7.3301,7.345,73413,0
2015-02-03,19:55:00,7.35,7.36,7.34,7.355,184754,0
2015-02-03,20:00:00,7.36,7.37,7.35,7.355,128437,0
2015-02-03,20:05:00,7.355,7.36,7.35,7.355,44464,0
2015-02-03,20:10:00,7.35,7.36,7.34,7.345,80134,0
2015-02-03,20:15:00,7.345,7.35,7.33,7.335,115182,0
2015-02-03,20:20:00,7.34,7.35,7.33,7.35,106082,0
2015-02-03,20:25:00,7.349,7.35,7.33,7.335,171279,0
2015-02-03,20:30:00,7.33,7.34,7.33,7.335,77457,0
2015-02-03,20:35:00,7.33,7.35,7.33,7.345,112067,0
2015-02-03,20:40:00,7.345,7.35,7.34,7.35,42167,0
2015-02-03,20:45:00,7.345,7.35,7.34,7.345,33606,0
2015-02-03,20:50:00,7.349,7.35,7.34,7.34,33049,0
2015-02-03,20:55:00,7.345,7.35,7.34,7.34,39503,0
2015-02-03,21:00:00,7.345,7.35,7.34,7.35,72975,0
2015-02-03,21:05:00,7.345,7.35,7.34,7.3445,62607,0
2015-02-03,21:10:00,7.35,7.39,7.3401,7.385,535905,0
2015-02-03,21:15:00,7.39,7.39,7.38,7.39,94569,0
2015-02-03,21:20:00,7.39,7.4,7.38,7.39,362074,0
2015-02-03,21:25:00,7.395,7.41,7.39,7.41,181971,0
2015-02-03,21:30:00,7.405,7.41,7.38,7.3803,1103445,0
2015-02-03,21:35:00,7.3899,7.39,7.38,7.385,81348,0
2015-02-03,21:40:00,7.38,7.39,7.36,7.36,275123,0
2015-02-03,21:45:00,7.365,7.37,7.35,7.355,153455,0
2015-02-03,21:50:00,7.359,7.37,7.35,7.37,291247,0
2015-02-03,21:55:00,7.36,7.37,7.36,7.365,259836,0
2015-02-03,22:00:00,7.365,7.38,7.34,7.34,1549974,0
2015-02-04,15:35:00,7.3,7.37,7.27,7.35,163687,0
2015-02-04,15:40:00,7.346,7.36,7.33,7.35,173096,0
2015-02-04,15:45:00,7.345,7.345,7.305,7.335,226637,0
2015-02-04,15:50:00,7.335,7.38,7.33,7.365,199149,0
2015-02-04,15:55:00,7.37,7.38,7.34,7.365,110577,0
2015-02-04,16:00:00,7.37,7.38,7.365,7.38,57357,0
2015-02-04,16:05:00,7.38,7.39,7.36,7.365,111561,0
2015-02-04,16:10:00,7.36,7.37,7.35,7.365,98221,0
2015-02-04,16:15:00,7.365,7.37,7.3348,7.345,218287,0
2015-02-04,16:20:00,7.345,7.35,7.32,7.35,177729,0
2015-02-04,16:25:00,7.345,7.35,7.323,7.33,112306,0
2015-02-04,16:30:00,7.325,7.35,7.325,7.35,174721,0
2015-02-04,16:35:00,7.345,7.36,7.331,7.34,154597,0
2015-02-04,16:40:00,7.34,7.36,7.33,7.35,171286,0
2015-02-04,16:45:00,7.355,7.36,7.34,7.345,179132,0
2015-02-04,16:50:00,7.3452,7.35,7.33,7.34,225364,0
2015-02-04,16:55:00,7.34,7.35,7.33,7.335,124751,0
2015-02-04,17:00:00,7.335,7.34,7.32,7.33,192863,0
2015-02-04,17:05:00,7.33,7.33,7.32,7.3201,55798,0
2015-02-04,17:10:00,7.33,7.34,7.32,7.34,64900,0
2015-02-04,17:15:00,7.335,7.34,7.33,7.34,64644,0
2015-02-04,17:20:00,7.34,7.35,7.3325,7.35,65402,0
2015-02-04,17:25:00,7.35,7.36,7.34,7.355,168982,0
2015-02-04,17:30:00,7.355,7.36,7.35,7.355,124704,0
2015-02-04,17:35:00,7.35,7.36,7.34,7.35,152460,0
2015-02-04,17:40:00,7.345,7.35,7.34,7.35,61488,0
2015-02-04,17:45:00,7.35,7.36,7.34,7.36,119334,0
2015-02-04,17:50:00,7.36,7.37,7.34,7.345,404764,0
2015-02-04,17:55:00,7.345,7.35,7.32,7.33,97433,0
2015-02-04,18:00:00,7.325,7.35,7.32,7.35,118298,0
2015-02-04,18:05:00,7.345,7.35,7.34,7.345,56658,0
2015-02-04,18:10:00,7.35,7.35,7.34,7.35,53907,0
2015-02-04,18:15:00,7.345,7.35,7.34,7.35,35792,0
2015-02-04,18:20:00,7.345,7.35,7.33,7.335,80002,0
2015-02-04,18:25:00,7.335,7.335,7.3101,7.32,146824,0
2015-02-04,18:30:00,7.325,7.33,7.3,7.305,93691,0
2015-02-04,18:35:00,7.305,7.32,7.3,7.315,66436,0
2015-02-04,18:40:00,7.32,7.32,7.31,7.315,23506,0
2015-02-04,18:45:00,7.32,7.32,7.29,7.295,226103,0
2015-02-04,18:50:00,7.295,7.31,7.29,7.31,102082,0
2015-02-04,18:55:00,7.31,7.33,7.3,7.305,163552,0
2015-02-04,19:00:00,7.305,7.305,7.29,7.3,43288,0
2015-02-04,19:05:00,7.2963,7.31,7.29,7.305,58515,0
2015-02-04,19:10:00,7.305,7.31,7.3,7.31,42191,0
2015-02-04,19:15:00,7.305,7.31,7.2839,7.285,93602,0
2015-02-04,19:20:00,7.285,7.29,7.28,7.285,45987,0
2015-02-04,19:25:00,7.285,7.3,7.28,7.3,119972,0
2015-02-04,19:30:00,7.3,7.3,7.29,7.295,60525,0
2015-02-04,19:35:00,7.292,7.3,7.28,7.295,99036,0
2015-02-04,19:40:00,7.295,7.3,7.29,7.29,24159,0
2015-02-04,19:45:00,7.295,7.3,7.28,7.285,70199,0
2015-02-04,19:50:00,7.285,7.29,7.28,7.285,42085,0
2015-02-04,19:55:00,7.28,7.3,7.28,7.29,185664,0
2015-02-04,20:00:00,7.285,7.29,7.27,7.285,145779,0
2015-02-04,20:05:00,7.285,7.31,7.285,7.31,73780,0
2015-02-04,20:10:00,7.31,7.31,7.285,7.29,233026,0
2015-02-04,20:15:00,7.29,7.2999,7.28,7.285,85209,0
2015-02-04,20:20:00,7.28,7.29,7.28,7.285,60113,0
2015-02-04,20:25:00,7.285,7.3,7.28,7.3,120175,0
2015-02-04,20:30:00,7.29,7.3,7.29,7.295,43943,0
2015-02-04,20:35:00,7.295,7.3,7.29,7.295,58640,0
2015-02-04,20:40:00,7.295,7.31,7.29,7.31,99443,0
2015-02-04,20:45:00,7.305,7.31,7.29,7.295,55424,0
2015-02-04,20:50:00,7.295,7.31,7.29,7.3,63542,0
2015-02-04,20:55:00,7.305,7.305,7.29,7.295,48453,0
2015-02-04,21:00:00,7.3,7.3,7.29,7.3,122894,0
2015-02-04,21:05:00,7.3,7.3,7.29,7.3,79479,0
2015-02-04,21:10:00,7.3,7.3,7.29,7.295,92871,0
2015-02-04,21:15:00,7.3,7.3,7.29,7.3,78154,0
2015-02-04,21:20:00,7.3,7.31,7.29,7.31,146112,0
2015-02-04,21:25:00,7.31,7.32,7.3,7.315,111497,0
2015-02-04,21:30:00,7.32,7.34,7.31,7.33,347766,0
2015-02-04,21:35:00,7.325,7.33,7.32,7.33,69436,0
2015-02-04,21:40:00,7.33,7.33,7.31,7.31,239956,0
2015-02-04,21:45:00,7.3101,7.32,7.28,7.29,371808,0
2015-02-04,21:50:00,7.29,7.3,7.28,7.295,232490,0
2015-02-04,21:55:00,7.3,7.32,7.29,7.3,414019,0
2015-02-04,22:00:00,7.295,7.3,7.27,7.28,960163,0
2015-02-05,15:35:00,7.71,7.74,7.44,7.585,1939580,0
2015-02-05,15:40:00,7.59,7.73,7.57,7.73,1283766,0
2015-02-05,15:45:00,7.73,7.895,7.69,7.885,1460464,0
2015-02-05,15:50:00,7.8809,7.89,7.8,7.815,1339474,0
2015-02-05,15:55:00,7.8199,7.86,7.8,7.805,1214099,0
2015-02-05,16:00:00,7.805,7.809,7.76,7.77,408658,0
2015-02-05,16:05:00,7.77,7.81,7.761,7.7945,626577,0
2015-02-05,16:10:00,7.7901,7.805,7.75,7.755,332489,0
2015-02-05,16:15:00,7.76,7.76,7.73,7.74,492393,0
2015-02-05,16:20:00,7.74,7.76,7.72,7.74,353701,0
2015-02-05,16:25:00,7.74,7.7699,7.73,7.755,1027372,0
2015-02-05,16:30:00,7.7588,7.78,7.74,7.74,1005753,0
2015-02-05,16:35:00,7.74,7.745,7.66,7.66,847550,0
2015-02-05,16:40:00,7.67,7.67,7.6,7.615,675063,0
2015-02-05,16:45:00,7.615,7.665,7.605,7.66,402335,0
2015-02-05,16:50:00,7.665,7.69,7.66,7.685,510974,0
2015-02-05,16:55:00,7.685,7.71,7.685,7.7,1660954,0
2015-02-05,17:00:00,7.695,7.7,7.69,7.695,244788,0
2015-02-05,17:05:00,7.7,7.71,7.69,7.695,536834,0
2015-02-05,17:10:00,7.695,7.74,7.695,7.73,797643,0
2015-02-05,17:15:00,7.74,7.75,7.73,7.745,110766,0
2015-02-05,17:20:00,7.745,7.76,7.6835,7.702,905166,0
2015-02-05,17:25:00,7.7,7.71,7.68,7.7,370393,0
2015-02-05,17:30:00,7.7,7.7,7.6633,7.685,953205,0
2015-02-05,17:35:00,7.685,7.7,7.68,7.69,142024,0
2015-02-05,17:40:00,7.685,7.72,7.68,7.72,422192,0
2015-02-05,17:45:00,7.72,7.72,7.71,7.7125,346290,0
2015-02-05,17:50:00,7.72,7.75,7.711,7.74,251179,0
2015-02-05,17:55:00,7.75,7.77,7.74,7.7499,578584,0
2015-02-05,18:00:00,7.743,7.76,7.74,7.75,302093,0
2015-02-05,18:05:00,7.76,7.76,7.75,7.755,84902,0
2015-02-05,18:10:00,7.755,7.76,7.75,7.76,85856,0
2015-02-05,18:15:00,7.755,7.76,7.72,7.72,160404,0
2015-02-05,18:20:00,7.72,7.73,7.72,7.73,116572,0
2015-02-05,18:25:00,7.73,7.745,7.72,7.721,337210,0
2015-02-05,18:30:00,7.72,7.725,7.69,7.69,130994,0
2015-02-05,18:35:00,7.695,7.73,7.6901,7.73,124894,0
2015-02-05,18:40:00,7.73,7.73,7.72,7.72,117271,0
2015-02-05,18:45:00,7.73,7.73,7.72,7.725,69603,0
2015-02-05,18:50:00,7.73,7.73,7.71,7.715,150957,0
2015-02-05,18:55:00,7.715,7.72,7.71,7.715,41724,0
2015-02-05,19:00:00,7.72,7.72,7.71,7.72,50585,0
2015-02-05,19:05:00,7.715,7.74,7.7101,7.735,129079,0
2015-02-05,19:10:00,7.7373,7.74,7.73,7.735,110979,0
2015-02-05,19:15:00,7.74,7.74,7.73,7.735,91832,0
2015-02-05,19:20:00,7.74,7.75,7.72,7.73,374131,0
2015-02-05,19:25:00,7.725,7.73,7.72,7.7249,17051,0
2015-02-05,19:30:00,7.73,7.73,7.69,7.705,195746,0
2015-02-05,19:35:00,7.705,7.71,7.7,7.705,70890,0
2015-02-05,19:40:00,7.7,7.71,7.7,7.71,31139,0
2015-02-05,19:45:00,7.71,7.72,7.705,7.7101,504252,0
2015-02-05,19:50:00,7.72,7.72,7.71,7.71,67194,0
2015-02-05,19:55:00,7.72,7.72,7.68,7.68,236622,0
2015-02-05,20:00:00,7.685,7.685,7.67,7.67,87407,0
2015-02-05,20:05:00,7.675,7.68,7.66,7.6601,96527,0
2015-02-05,20:10:00,7.66,7.69,7.66,7.685,201933,0
2015-02-05,20:15:00,7.685,7.69,7.67,7.675,241346,0
2015-02-05,20:20:00,7.6767,7.68,7.66,7.67,62260,0
2015-02-05,20:25:00,7.67,7.69,7.66,7.68,233729,0
2015-02-05,20:30:00,7.685,7.69,7.68,7.69,57193,0
2015-02-05,20:35:00,7.689,7.69,7.66,7.665,208356,0
2015-02-05,20:40:00,7.6633,7.666,7.64,7.645,278857,0
2015-02-05,20:45:00,7.645,7.65,7.63,7.635,90725,0
2015-02-05,20:50:00,7.64,7.6499,7.625,7.635,376779,0
2015-02-05,20:55:00,7.635,7.65,7.6301,7.645,96618,0
2015-02-05,21:00:00,7.645,7.645,7.625,7.635,285873,0
2015-02-05,21:05:00,7.639,7.64,7.63,7.64,75145,0
2015-02-05,21:10:00,7.635,7.65,7.63,7.645,266907,0
2015-02-05,21:15:00,7.645,7.65,7.63,7.64,177818,0
2015-02-05,21:20:00,7.64,7.64,7.63,7.64,85525,0
2015-02-05,21:25:00,7.64,7.64,7.63,7.64,169148,0
2015-02-05,21:30:00,7.64,7.65,7.63,7.65,412513,0
2015-02-05,21:35:00,7.645,7.65,7.64,7.645,241462,0
2015-02-05,21:40:00,7.645,7.65,7.64,7.65,244830,0
2015-02-05,21:45:00,7.65,7.65,7.64,7.65,794044,0
2015-02-05,21:50:00,7.645,7.66,7.64,7.66,625993,0
2015-02-05,21:55:00,7.66,7.72,7.66,7.7,2013413,0
2015-02-05,22:00:00,7.7,7.7,7.69,7.7,1745654,0
2015-02-06,15:35:00,8.01,8.1,8.0,8.09,1760186,0
2015-02-06,15:40:00,8.085,8.1,7.99,8.02,2236215,0
2015-02-06,15:45:00,8.01,8.015,7.96,7.98,2359581,0
2015-02-06,15:50:00,7.98,8.02,7.96,8.0,2142620,0
2015-02-06,15:55:00,8.0,8.0,7.91,7.94,1881628,0
2015-02-06,16:00:00,7.935,7.97,7.91,7.94,2496242,0
2015-02-06,16:05:00,7.95,7.99,7.93,7.97,1728882,0
2015-02-06,16:10:00,7.963,7.97,7.905,7.95,1561649,0
2015-02-06,16:15:00,7.947,7.95,7.92,7.935,700814,0
2015-02-06,16:20:00,7.93,7.94,7.91,7.92,402072,0
2015-02-06,16:25:00,7.9175,7.92,7.87,7.875,1249671,0
2015-02-06,16:30:00,7.875,7.88,7.85,7.855,1050182,0
2015-02-06,16:35:00,7.855,7.92,7.85,7.875,1395908,0
2015-02-06,16:40:00,7.875,7.875,7.81,7.825,1526988,0
2015-02-06,16:45:00,7.83,7.83,7.76,7.79,2663195,0
2015-02-06,16:50:00,7.79,7.79,7.78,7.785,180271,0
2015-02-06,16:55:00,7.789,7.79,7.75,7.76,757094,0
2015-02-06,17:00:00,7.76,7.77,7.75,7.75,467248,0
2015-02-06,17:05:00,7.759,7.76,7.73,7.73,242477,0
2015-02-06,17:10:00,7.735,7.74,7.71,7.715,237378,0
2015-02-06,17:15:00,7.71,7.72,7.65,7.66,967309,0
2015-02-06,17:20:00,7.66,7.67,7.6107,7.6299,1054511,0
2015-02-06,17:25:00,7.63,7.63,7.57,7.58,909682,0
2015-02-06,17:30:00,7.58,7.58,7.49,7.5,1957140,0
2015-02-06,17:35:00,7.5,7.51,7.4401,7.46,1269571,0
2015-02-06,17:40:00,7.455,7.48,7.39,7.47,1636001,0
2015-02-06,17:45:00,7.47,7.59,7.43,7.585,1477360,0
2015-02-06,17:50:00,7.5846,7.7,7.58,7.68,1680481,0
2015-02-06,17:55:00,7.68,7.697,7.64,7.66,917650,0
2015-02-06,18:00:00,7.66,7.68,7.625,7.67,1230028,0
2015-02-06,18:05:00,7.67,7.76,7.66,7.75,1061198,0
2015-02-06,18:10:00,7.75,7.8,7.74,7.77,2730139,0
2015-02-06,18:15:00,7.775,7.78,7.76,7.775,725952,0
2015-02-06,18:20:00,7.775,7.82,7.77,7.8,628555,0
2015-02-06,18:25:00,7.8,7.8,7.77,7.7895,807923,0
2015-02-06,18:30:00,7.78,7.8,7.78,7.79,179503,0
2015-02-06,18:35:00,7.79,7.8,7.75,7.75,355735,0
2015-02-06,18:40:00,7.75,7.7599,7.71,7.73,326925,0
2015-02-06,18:45:00,7.725,7.73,7.7,7.7,111087,0
2015-02-06,18:50:00,7.7,7.71,7.68,7.6957,255617,0
2015-02-06,18:55:00,7.698,7.7,7.67,7.671,135424,0
2015-02-06,19:00:00,7.68,7.71,7.67,7.71,419340,0
2015-02-06,19:05:00,7.705,7.71,7.68,7.7,214241,0
2015-02-06,19:10:00,7.7,7.75,7.7,7.74,382091,0
2015-02-06,19:15:00,7.74,7.78,7.74,7.77,249013,0
2015-02-06,19:20:00,7.77,7.8,7.765,7.78,208383,0
2015-02-06,19:25:00,7.78,7.79,7.77,7.775,161198,0
2015-02-06,19:30:00,7.78,7.78,7.76,7.78,340873,0
2015-02-06,19:35:00,7.775,7.79,7.775,7.79,134631,0
2015-02-06,19:40:00,7.79,7.79,7.78,7.78,140190,0
2015-02-06,19:45:00,7.79,7.79,7.78,7.79,147147,0
2015-02-06,19:50:00,7.7801,7.79,7.78,7.785,107560,0
2015-02-06,19:55:00,7.785,7.84,7.78,7.805,1008842,0
2015-02-06,20:00:00,7.8,7.84,7.8,7.82,156942,0
2015-02-06,20:05:00,7.8299,7.83,7.79,7.795,377126,0
2015-02-06,20:10:00,7.795,7.84,7.78,7.78,943995,0
2015-02-06,20:15:00,7.7801,7.79,7.76,7.782,311664,0
2015-02-06,20:20:00,7.785,7.81,7.78,7.795,2250072,0
2015-02-06,20:25:00,7.795,7.83,7.79,7.83,155440,0
2015-02-06,20:30:00,7.83,7.86,7.805,7.855,360046,0
2015-02-06,20:35:00,7.86,7.89,7.85,7.885,599121,0
2015-02-06,20:40:00,7.88,7.9,7.87,7.89,867726,0
2015-02-06,20:45:00,7.89,7.93,7.88,7.905,800410,0
2015-02-06,20:50:00,7.909,7.91,7.88,7.895,349526,0
2015-02-06,20:55:00,7.9,7.93,7.89,7.915,505495,0
2015-02-06,21:00:00,7.919,7.919,7.8919,7.905,270544,0
2015-02-06,21:05:00,7.9,7.91,7.89,7.905,667317,0
2015-02-06,21:10:00,7.91,7.91,7.9,7.905,269034,0
2015-02-06,21:15:00,7.9,7.91,7.9,7.9,206466,0
2015-02-06,21:20:00,7.9,7.96,7.9,7.93,943467,0
2015-02-06,21:25:00,7.93,7.945,7.93,7.93,289049,0
2015-02-06,21:30:00,7.94,7.97,7.93,7.945,648278,0
2015-02-06,21:35:00,7.95,7.97,7.94,7.95,642221,0
2015-02-06,21:40:00,7.94,7.98,7.93,7.9644,1175374,0
2015-02-06,21:45:00,7.965,7.97,7.94,7.94,2233806,0
2015-02-06,21:50:00,7.945,7.95,7.89,7.93,1052661,0
2015-02-06,21:55:00,7.925,7.95,7.91,7.947,606618,0
2015-02-06,22:00:00,7.95,7.97,7.93,7.93,2346264,0
2015-02-09,15:35:00,7.91,7.93,7.88,7.89,381240,0
2015-02-09,15:40:00,7.895,7.94,7.88,7.93,539059,0
2015-02-09,15:45:00,7.925,7.97,7.925,7.96,442939,0
2015-02-09,15:50:00,7.96,7.97,7.95,7.955,119842,0
2015-02-09,15:55:00,7.95,7.99,7.95,7.99,258504,0
2015-02-09,16:00:00,7.99,8.0,7.98,7.98,190474,0
2015-02-09,16:05:00,7.98,7.99,7.95,7.95,159888,0
2015-02-09,16:10:00,7.95,7.96,7.94,7.94,706080,0
2015-02-09,16:15:00,7.945,7.97,7.94,7.97,267229,0
2015-02-09,16:20:00,7.97,7.99,7.97,7.975,91168,0
2015-02-09,16:25:00,7.97,7.99,7.95,7.966,154111,0
2015-02-09,16:30:00,7.96,7.97,7.94,7.955,161245,0
2015-02-09,16:35:00,7.95,7.99,7.95,7.985,174967,0
2015-02-09,16:40:00,7.98,7.99,7.945,7.95,281444,0
2015-02-09,16:45:00,7.96,7.96,7.94,7.945,216865,0
2015-02-09,16:50:00,7.95,7.95,7.91,7.94,284597,0
2015-02-09,16:55:00,7.94,7.97,7.94,7.97,129167,0
2015-02-09,17:00:00,7.97,7.97,7.93,7.935,251814,0
2015-02-09,17:05:00,7.9301,7.96,7.93,7.95,153742,0
2015-02-09,17:10:00,7.95,7.957,7.93,7.945,122358,0
2015-02-09,17:15:00,7.945,7.96,7.94,7.96,133852,0
2015-02-09,17:20:00,7.955,7.96,7.95,7.96,73890,0
2015-02-09,17:25:00,7.95,7.96,7.95,7.955,346796,0
2015-02-09,17:30:00,7.9539,7.98,7.95,7.9707,167596,0
2015-02-09,17:35:00,7.975,7.99,7.9701,7.99,98047,0
2015-02-09,17:40:00,7.99,7.99,7.98,7.98,76475,0
2015-02-09,17:45:00,7.985,7.99,7.96,7.9625,172857,0
2015-02-09,17:50:00,7.97,7.98,7.9625,7.975,56964,0
2015-02-09,17:55:00,7.98,7.99,7.97,7.99,103680,0
2015-02-09,18:00:00,7.99,7.99,7.9801,7.99,73441,0
2015-02-09,18:05:00,7.99,7.99,7.98,7.985,90824,0
2015-02-09,18:10:00,7.985,7.99,7.965,7.97,298378,0
2015-02-09,18:15:00,7.97,7.97,7.96,7.97,67574,0
2015-02-09,18:20:00,7.96,7.98,7.96,7.98,67872,0
2015-02-09,18:25:00,7.98,7.99,7.97,7.9899,68139,0
2015-02-09,18:30:00,7.99,8.0,7.99,8.0,177548,0
2015-02-09,18:35:00,8.0,8.0,7.99,8.0,87993,0
2015-02-09,18:40:00,8.0,8.03,7.99,8.03,381192,0
2015-02-09,18:45:00,8.03,8.04,8.02,8.025,134821,0
2015-02-09,18:50:00,8.025,8.03,7.99,8.0135,254359,0
2015-02-09,18:55:00,8.02,8.02,8.01,8.02,45775,0
2015-02-09,19:00:00,8.02,8.04,8.01,8.031,98179,0
2015-02-09,19:05:00,8.04,8.04,8.03,8.0339,177306,0
2015-02-09,19:10:00,8.04,8.05,8.0301,8.05,246508,0
2015-02-09,19:15:00,8.05,8.05,8.04,8.04,74718,0
2015-02-09,19:20:00,8.04,8.0799,8.04,8.055,645106,0
2015-02-09,19:25:00,8.055,8.06,8.04,8.06,216374,0
2015-02-09,19:30:00,8.055,8.07,8.055,8.065,122908,0
2015-02-09,19:35:00,8.065,8.07,8.05,8.0601,293680,0
2015-02-09,19:40:00,8.0699,8.08,8.06,8.07,224142,0
2015-02-09,19:45:00,8.065,8.07,8.05,8.05,313427,0
2015-02-09,19:50:00,8.06,8.07,8.05,8.06,192759,0
2015-02-09,19:55:00,8.065,8.09,8.06,8.09,250626,0
2015-02-09,20:00:00,8.0899,8.09,8.08,8.085,68797,0
2015-02-09,20:05:00,8.085,8.095,8.07,8.0703,246397,0
2015-02-09,20:10:00,8.075,8.08,8.06,8.0645,142006,0
2015-02-09,20:15:00,8.06,8.07,8.05,8.05,299362,0
2015-02-09,20:20:00,8.05,8.06,8.05,8.06,275255,0
2015-02-09,20:25:00,8.06,8.06,8.05,8.06,71749,0
2015-02-09,20:30:00,8.06,8.075,8.05,8.0612,215489,0
2015-02-09,20:35:00,8.07,8.07,8.06,8.07,65922,0
2015-02-09,20:40:00,8.07,8.07,8.03,8.05,730947,0
2015-02-09,20:45:00,8.05,8.07,8.04,8.065,522338,0
2015-02-09,20:50:00,8.0601,8.07,8.06,8.065,76896,0
2015-02-09,20:55:00,8.06,8.08,8.06,8.075,112186,0
2015-02-09,21:00:00,8.07,8.09,8.07,8.085,322594,0
2015-02-09,21:05:00,8.09,8.09,8.07,8.0733,149043,0
2015-02-09,21:10:00,8.07,8.08,8.07,8.075,280733,0
2015-02-09,21:15:00,8.0758,8.08,8.07,8.075,122739,0
2015-02-09,21:20:00,8.08,8.08,8.07,8.0728,120606,0
2015-02-09,21:25:00,8.08,8.09,8.07,8.085,714208,0
2015-02-09,21:30:00,8.08,8.09,8.08,8.08,277496,0
2015-02-09,21:35:00,8.08,8.09,8.07,8.07,256124,0
2015-02-09,21:40:00,8.07,8.08,8.07,8.07,249579,0
2015-02-09,21:45:00,8.07,8.08,8.07,8.075,402046,0
2015-02-09,21:50:00,8.08,8.08,8.07,8.07,187653,0
2015-02-09,21:55:00,8.07,8.08,8.07,8.075,316283,0
2015-02-09,22:00:00,8.075,8.09,8.07,8.09,998714,0
2015-02-10,15:35:00,8.06,8.07,7.99,8.02,600321,0
2015-02-10,15:40:00,8.03,8.15,8.025,8.1265,1028005,0
2015-02-10,15:45:00,8.12,8.13,8.07,8.089,625346,0
2015-02-10,15:50:00,8.085,8.11,8.085,8.1,220722,0
2015-02-10,15:55:00,8.1,8.13,8.1,8.1248,1017896,0
2015-02-10,16:00:00,8.1299,8.16,8.1201,8.16,291051,0
2015-02-10,16:05:00,8.15,8.17,8.135,8.1599,610163,0
2015-02-10,16:10:00,8.155,8.17,8.15,8.16,139399,0
2015-02-10,16:15:00,8.155,8.165,8.15,8.16,224090,0
2015-02-10,16:20:00,8.16,8.2,8.16,8.19,833140,0
2015-02-10,16:25:00,8.19,8.21,8.19,8.21,961427,0
2015-02-10,16:30:00,8.21,8.26,8.2,8.24,961378,0
2015-02-10,16:35:00,8.24,8.26,8.15,8.25,442064,0
2015-02-10,16:40:00,8.25,8.38,8.25,8.34,964503,0
2015-02-10,16:45:00,8.34,8.41,8.33,8.4,1435919,0
2015-02-10,16:50:00,8.4099,8.41,8.35,8.3652,457168,0
2015-02-10,16:55:00,8.3648,8.37,8.31,8.33,375609,0
2015-02-10,17:00:00,8.33,8.34,8.31,8.315,309034,0
2015-02-10,17:05:00,8.31,8.38,8.31,8.35,1314124,0
2015-02-10,17:10:00,8.35,8.366,8.33,8.34,367116,0
2015-02-10,17:15:00,8.34,8.345,8.33,8.33,250608,0
2015-02-10,17:20:00,8.33,8.34,8.32,8.32,279377,0
2015-02-10,17:25:00,8.32,8.37,8.32,8.35,298651,0
2015-02-10,17:30:00,8.35,8.38,8.3412,8.36,512577,0
2015-02-10,17:35:00,8.36,8.38,8.35,8.371,990108,0
2015-02-10,17:40:00,8.37,8.39,8.37,8.38,334711,0
2015-02-10,17:45:00,8.38,8.39,8.36,8.365,168831,0
2015-02-10,17:50:00,8.36,8.37,8.35,8.36,158231,0
2015-02-10,17:55:00,8.365,8.37,8.36,8.365,105571,0
2015-02-10,18:00:00,8.3636,8.365,8.35,8.355,223372,0
2015-02-10,18:05:00,8.35,8.37,8.35,8.37,135222,0
2015-02-10,18:10:00,8.361,8.37,8.36,8.36,252823,0
2015-02-10,18:15:00,8.36,8.39,8.36,8.383,256657,0
2015-02-10,18:20:00,8.38,8.395,8.38,8.39,275367,0
2015-02-10,18:25:00,8.39,8.4,8.38,8.3824,751461,0
2015-02-10,18:30:00,8.38,8.4,8.38,8.39,194704,0
2015-02-10,18:35:00,8.4,8.4,8.37,8.37,122441,0
2015-02-10,18:40:00,8.37,8.3766,8.36,8.37,118899,0
2015-02-10,18:45:00,8.36,8.37,8.35,8.35,200951,0
2015-02-10,18:50:00,8.35,8.36,8.34,8.35,596367,0
2015-02-10,18:55:00,8.35,8.37,8.35,8.36,136883,0
2015-02-10,19:00:00,8.36,8.38,8.36,8.375,117418,0
2015-02-10,19:05:00,8.37,8.38,8.37,8.375,111785,0
2015-02-10,19:10:00,8.37,8.38,8.37,8.375,55407,0
2015-02-10,19:15:00,8.375,8.38,8.37,8.375,153218,0
2015-02-10,19:20:00,8.375,8.3762,8.35,8.355,262602,0
2015-02-10,19:25:00,8.355,8.36,8.33,8.35,370658,0
2015-02-10,19:30:00,8.35,8.36,8.35,8.35,264566,0
2015-02-10,19:35:00,8.36,8.37,8.35,8.36,372541,0
2015-02-10,19:40:00,8.36,8.37,8.35,8.355,787427,0
2015-02-10,19:45:00,8.35,8.37,8.35,8.36,276547,0
2015-02-10,19:50:00,8.36,8.367,8.35,8.355,267193,0
2015-02-10,19:55:00,8.355,8.36,8.34,8.35,633444,0
2015-02-10,20:00:00,8.355,8.355,8.32,8.32,385490,0
2015-02-10,20:05:00,8.325,8.33,8.3,8.3,409230,0
2015-02-10,20:10:00,8.3,8.32,8.29,8.31,708223,0
2015-02-10,20:15:00,8.31,8.35,8.31,8.33,1317117,0
2015-02-10,20:20:00,8.33,8.335,8.3,8.3,287814,0
2015-02-10,20:25:00,8.31,8.33,8.3,8.31,379259,0
2015-02-10,20:30:00,8.32,8.33,8.31,8.3122,124505,0
2015-02-10,20:35:00,8.315,8.325,8.31,8.3134,171408,0
2015-02-10,20:40:00,8.31,8.32,8.3,8.314,611000,0
2015-02-10,20:45:00,8.315,8.33,8.3,8.3055,403385,0
2015-02-10,20:50:00,8.301,8.31,8.3,8.3,92418,0
2015-02-10,20:55:00,8.305,8.31,8.3,8.3099,117565,0
2015-02-10,21:00:00,8.3,8.33,8.3,8.33,182464,0
2015-02-10,21:05:00,8.325,8.33,8.31,8.315,169048,0
2015-02-10,21:10:00,8.315,8.32,8.3,8.3,236351,0
2015-02-10,21:15:00,8.3,8.32,8.29,8.3,448296,0
2015-02-10,21:20:00,8.3,8.32,8.3,8.31,458239,0
2015-02-10,21:25:00,8.31,8.32,8.29,8.29,657196,0
2015-02-10,21:30:00,8.29,8.29,8.25,8.275,408878,0
2015-02-10,21:35:00,8.27,8.29,8.27,8.285,276469,0
2015-02-10,21:40:00,8.285,8.295,8.28,8.29,261696,0
2015-02-10,21:45:00,8.29,8.3,8.29,8.295,145748,0
2015-02-10,21:50:00,8.29,8.3,8.29,8.29,257194,0
2015-02-10,21:55:00,8.29,8.295,8.28,8.285,493938,0
2015-02-10,22:00:00,8.285,8.29,8.26,8.26,1065316,0
2015-02-11,15:35:00,8.26,8.3,8.24,8.2401,168821,0
2015-02-11,15:40:00,8.24,8.29,8.24,8.29,534750,0
2015-02-11,15:45:00,8.29,8.3,8.26,8.2748,393589,0
2015-02-11,15:50:00,8.27,8.29,8.27,8.2849,48041,0
2015-02-11,15:55:00,8.29,8.31,8.28,8.2962,350191,0
2015-02-11,16:00:00,8.3,8.31,8.27,8.28,193629,0
2015-02-11,16:05:00,8.275,8.28,8.26,8.265,73189,0
2015-02-11,16:10:00,8.26,8.27,8.26,8.27,43170,0
2015-02-11,16:15:00,8.27,8.27,8.25,8.255,92860,0
2015-02-11,16:20:00,8.253,8.26,8.23,8.2394,223092,0
2015-02-11,16:25:00,8.24,8.27,8.23,8.265,243415,0
2015-02-11,16:30:00,8.2699,8.27,8.25,8.255,82814,0
2015-02-11,16:35:00,8.255,8.26,8.24,8.25,196437,0
2015-02-11,16:40:00,8.25,8.25,8.24,8.245,94845,0
2015-02-11,16:45:00,8.245,8.25,8.24,8.25,127044,0
2015-02-11,16:50:00,8.245,8.25,8.23,8.235,142042,0
2015-02-11,16:55:00,8.235,8.24,8.22,8.235,132207,0
2015-02-11,17:00:00,8.235,8.24,8.23,8.2325,67896,0
2015-02-11,17:05:00,8.235,8.26,8.23,8.26,189581,0
2015-02-11,17:10:00,8.26,8.26,8.24,8.245,149321,0
2015-02-11,17:15:00,8.245,8.3,8.245,8.2829,398495,0
2015-02-11,17:20:00,8.2833,8.29,8.28,8.283,69986,0
2015-02-11,17:25:00,8.285,8.3,8.275,8.285,199366,0
2015-02-11,17:30:00,8.285,8.29,8.275,8.285,230432,0
2015-02-11,17:35:00,8.285,8.29,8.27,8.2799,263755,0
2015-02-11,17:40:00,8.2758,8.28,8.27,8.28,88117,0
2015-02-11,17:45:00,8.28,8.28,8.27,8.28,167488,0
2015-02-11,17:50:00,8.28,8.28,8.27,8.27,83208,0
2015-02-11,17:55:00,8.275,8.28,8.27,8.275,129972,0
2015-02-11,18:00:00,8.28,8.28,8.27,8.28,62544,0
2015-02-11,18:05:00,8.275,8.28,8.27,8.28,161169,0
2015-02-11,18:10:00,8.28,8.28,8.27,8.28,72941,0
2015-02-11,18:15:00,8.275,8.28,8.27,8.275,152980,0
2015-02-11,18:20:00,8.2785,8.28,8.27,8.275,75907,0
2015-02-11,18:25:00,8.275,8.28,8.27,8.275,309373,0
2015-02-11,18:30:00,8.28,8.28,8.27,8.28,69189,0
2015-02-11,18:35:00,8.275,8.28,8.27,8.275,59700,0
2015-02-11,18:40:00,8.275,8.29,8.27,8.29,205965,0
2015-02-11,18:45:00,8.29,8.29,8.27,8.275,49486,0
2015-02-11,18:50:00,8.275,8.28,8.27,8.27,496024,0
2015-02-11,18:55:00,8.275,8.28,8.27,8.275,178028,0
2015-02-11,19:00:00,8.27,8.29,8.27,8.29,490995,0
2015-02-11,19:05:00,8.29,8.29,8.28,8.29,43938,0
2015-02-11,19:10:00,8.29,8.29,8.28,8.285,75767,0
2015-02-11,19:15:00,8.29,8.29,8.28,8.288,113396,0
2015-02-11,19:20:00,8.29,8.29,8.275,8.2885,102085,0
2015-02-11,19:25:00,8.285,8.29,8.28,8.2885,38922,0
2015-02-11,19:30:00,8.285,8.295,8.28,8.2885,177370,0
2015-02-11,19:35:00,8.29,8.29,8.28,8.285,78954,0
2015-02-11,19:40:00,8.285,8.29,8.28,8.2885,103876,0
2015-02-11,19:45:00,8.2835,8.29,8.28,8.285,111900,0
2015-02-11,19:50:00,8.285,8.29,8.28,8.285,122827,0
2015-02-11,19:55:00,8.285,8.29,8.28,8.285,52670,0
2015-02-11,20:00:00,8.28,8.3,8.28,8.3,385431,0
2015-02-11,20:05:00,8.3,8.3,8.29,8.2902,74409,0
2015-02-11,20:10:00,8.2985,8.3,8.28,8.295,260007,0
2015-02-11,20:15:00,8.295,8.3,8.29,8.3,94780,0
2015-02-11,20:20:00,8.295,8.3,8.29,8.295,85803,0
2015-02-11,20:25:00,8.295,8.3,8.29,8.2985,134393,0
2015-02-11,20:30:00,8.3,8.3,8.29,8.2985,71238,0
2015-02-11,20:35:00,8.295,8.3,8.28,8.285,203875,0
2015-02-11,20:40:00,8.285,8.29,8.27,8.27,118511,0
2015-02-11,20:45:00,8.27,8.275,8.26,8.26,194467,0
2015-02-11,20:50:00,8.265,8.28,8.26,8.27,280478,0
2015-02-11,20:55:00,8.275,8.28,8.27,8.275,111295,0
2015-02-11,21:00:00,8.275,8.28,8.26,8.268,213593,0
2015-02-11,21:05:00,8.27,8.27,8.26,8.265,142495,0
2015-02-11,21:10:00,8.265,8.28,8.26,8.28,162548,0
2015-02-11,21:15:00,8.28,8.29,8.2727,8.29,126471,0
2015-02-11,21:20:00,8.285,8.29,8.28,8.285,82947,0
2015-02-11,21:25:00,8.285,8.29,8.28,8.285,112679,0
2015-02-11,21:30:00,8.285,8.3,8.28,8.295,175188,0
2015-02-11,21:35:00,8.295,8.3,8.29,8.2999,149479,0
2015-02-11,21:40:00,8.295,8.3,8.29,8.295,158573,0
2015-02-11,21:45:00,8.295,8.3,8.29,8.295,247018,0
2015-02-11,21:50:00,8.295,8.31,8.29,8.2985,664490,0
2015-02-11,21:55:00,8.295,8.31,8.29,8.299,472312,0
2015-02-11,22:00:00,8.295,8.3,8.28,8.29,917840,0
2015-02-12,15:35:00,8.28,8.31,8.245,8.31,256707,0
2015-02-12,15:40:00,8.31,8.33,8.3,8.32,216734,0
2015-02-12,15:45:00,8.33,8.35,8.3,8.34,223895,0
2015-02-12,15:50:00,8.345,8.345,8.3101,8.3149,162495,0
2015-02-12,15:55:00,8.315,8.32,8.3,8.3,53648,0
2015-02-12,16:00:00,8.305,8.32,8.3,8.3149,102859,0
2015-02-12,16:05:00,8.3199,8.32,8.31,8.315,381380,0
2015-02-12,16:10:00,8.31,8.32,8.3,8.32,219515,0
2015-02-12,16:15:00,8.315,8.33,8.31,8.3299,391423,0
2015-02-12,16:20:00,8.32,8.33,8.315,8.33,178370,0
2015-02-12,16:25:00,8.32,8.34,8.32,8.34,136462,0
2015-02-12,16:30:00,8.335,8.345,8.32,8.33,189969,0
2015-02-12,16:35:00,8.33,8.33,8.32,8.32,95087,0
2015-02-12,16:40:00,8.325,8.33,8.315,8.33,318982,0
2015-02-12,16:45:00,8.325,8.335,8.32,8.33,83303,0
2015-02-12,16:50:00,8.335,8.35,8.33,8.34,120073,0
2015-02-12,16:55:00,8.34,8.36,8.33,8.36,568012,0
2015-02-12,17:00:00,8.355,8.37,8.34,8.34,592128,0
2015-02-12,17:05:00,8.345,8.36,8.34,8.35,490140,0
2015-02-12,17:10:00,8.35,8.365,8.34,8.355,230036,0
2015-02-12,17:15:00,8.3557,8.38,8.35,8.37,366273,0
2015-02-12,17:20:00,8.37,8.4,8.37,8.395,216117,0
2015-02-12,17:25:00,8.39,8.41,8.38,8.41,626104,0
2015-02-12,17:30:00,8.41,8.41,8.395,8.4,79744,0
2015-02-12,17:35:00,8.4,8.41,8.385,8.4,388961,0
2015-02-12,17:40:00,8.4,8.4,8.38,8.39,95578,0
2015-02-12,17:45:00,8.4,8.4,8.39,8.4,78220,0
2015-02-12,17:50:00,8.3999,8.41,8.39,8.405,76664,0
2015-02-12,17:55:00,8.41,8.41,8.4,8.405,57986,0
2015-02-12,18:00:00,8.405,8.41,8.39,8.395,102135,0
2015-02-12,18:05:00,8.3939,8.4,8.38,8.38,78625,0
2015-02-12,18:10:00,8.38,8.39,8.38,8.39,43803,0
2015-02-12,18:15:00,8.385,8.4,8.38,8.4,61259,0
2015-02-12,18:20:00,8.4,8.4,8.377,8.385,126427,0
2015-02-12,18:25:00,8.385,8.39,8.37,8.375,94905,0
2015-02-12,18:30:00,8.37,8.38,8.37,8.37,99401,0
2015-02-12,18:35:00,8.375,8.38,8.37,8.37,300067,0
2015-02-12,18:40:00,8.375,8.39,8.37,8.385,64084,0
2015-02-12,18:45:00,8.385,8.39,8.38,8.38,33834,0
2015-02-12,18:50:00,8.385,8.39,8.37,8.375,145411,0
2015-02-12,18:55:00,8.375,8.38,8.37,8.37,47858,0
2015-02-12,19:00:00,8.37,8.39,8.37,8.39,244543,0
2015-02-12,19:05:00,8.3877,8.4,8.38,8.4,86543,0
2015-02-12,19:10:00,8.395,8.41,8.39,8.41,103284,0
2015-02-12,19:15:00,8.41,8.41,8.39,8.4,100335,0
2015-02-12,19:20:00,8.395,8.4,8.39,8.39,68908,0
2015-02-12,19:25:00,8.4,8.41,8.39,8.4026,107631,0
2015-02-12,19:30:00,8.4001,8.41,8.4,8.4,37552,0
2015-02-12,19:35:00,8.405,8.41,8.39,8.41,118550,0
2015-02-12,19:40:00,8.41,8.41,8.39,8.39,289657,0
2015-02-12,19:45:00,8.39,8.4,8.39,8.395,62528,0
2015-02-12,19:50:00,8.395,8.4,8.385,8.39,168141,0
2015-02-12,19:55:00,8.39,8.4,8.38,8.395,135007,0
2015-02-12,20:00:00,8.395,8.4,8.38,8.38,73713,0
2015-02-12,20:05:00,8.38,8.3899,8.37,8.38,62683,0
2015-02-12,20:10:00,8.37,8.3899,8.37,8.37,479591,0
2015-02-12,20:15:00,8.3701,8.38,8.36,8.36,162555,0
2015-02-12,20:20:00,8.365,8.375,8.36,8.375,143710,0
2015-02-12,20:25:00,8.375,8.38,8.37,8.3701,61421,0
2015-02-12,20:30:00,8.38,8.38,8.365,8.37,214951,0
2015-02-12,20:35:00,8.38,8.38,8.35,8.36,157705,0
2015-02-12,20:40:00,8.3599,8.3599,8.35,8.35,28364,0
2015-02-12,20:45:00,8.35,8.37,8.35,8.37,226259,0
2015-02-12,20:50:00,8.37,8.38,8.36,8.37,80851,0
2015-02-12,20:55:00,8.3704,8.38,8.37,8.38,139344,0
2015-02-12,21:00:00,8.38,8.38,8.37,8.38,55452,0
2015-02-12,21:05:00,8.38,8.39,8.36,8.365,263153,0
2015-02-12,21:10:00,8.37,8.37,8.36,8.365,98587,0
2015-02-12,21:15:00,8.37,8.38,8.36,8.38,302591,0
2015-02-12,21:20:00,8.38,8.38,8.36,8.365,658298,0
2015-02-12,21:25:00,8.37,8.37,8.35,8.36,229413,0
2015-02-12,21:30:00,8.35,8.37,8.35,8.36,196139,0
2015-02-12,21:35:00,8.36,8.37,8.35,8.36,223019,0
2015-02-12,21:40:00,8.36,8.37,8.35,8.36,76344,0
2015-02-12,21:45:00,8.365,8.38,8.36,8.375,225781,0
2015-02-12,21:50:00,8.37,8.38,8.37,8.37,221220,0
2015-02-12,21:55:00,8.38,8.38,8.37,8.37,417295,0
2015-02-12,22:00:00,8.37,8.38,8.36,8.37,942078,0
2015-02-13,15:35:00,8.31,8.375,8.31,8.375,50293,0
2015-02-13,15:40:00,8.37,8.4,8.37,8.39,139949,0
2015-02-13,15:45:00,8.389,8.39,8.34,8.35,124400,0
2015-02-13,15:50:00,8.35,8.35,8.31,8.33,159245,0
2015-02-13,15:55:00,8.34,8.34,8.32,8.3328,289220,0
2015-02-13,16:00:00,8.34,8.36,8.33,8.35,74773,0
2015-02-13,16:05:00,8.34,8.35,8.325,8.345,117341,0
2015-02-13,16:10:00,8.3474,8.36,8.33,8.34,62809,0
2015-02-13,16:15:00,8.34,8.355,8.335,8.35,108142,0
2015-02-13,16:20:00,8.35,8.37,8.35,8.355,108846,0
2015-02-13,16:25:00,8.355,8.36,8.35,8.35,12254,0
2015-02-13,16:30:00,8.3552,8.38,8.35,8.3745,126146,0
2015-02-13,16:35:00,8.37,8.3712,8.35,8.35,62914,0
2015-02-13,16:40:00,8.35,8.36,8.34,8.35,92169,0
2015-02-13,16:45:00,8.359,8.359,8.34,8.34,61823,0
2015-02-13,16:50:00,8.345,8.35,8.335,8.34,128826,0
2015-02-13,16:55:00,8.3445,8.36,8.34,8.34,88212,0
2015-02-13,17:00:00,8.3445,8.35,8.33,8.345,165553,0
2015-02-13,17:05:00,8.345,8.35,8.33,8.33,77600,0
2015-02-13,17:10:00,8.335,8.35,8.33,8.34,219035,0
2015-02-13,17:15:00,8.34,8.37,8.34,8.365,147112,0
2015-02-13,17:20:00,8.365,8.37,8.3512,8.365,45416,0
2015-02-13,17:25:00,8.365,8.365,8.35,8.35,39882,0
2015-02-13,17:30:00,8.35,8.38,8.35,8.375,99419,0
2015-02-13,17:35:00,8.375,8.4,8.37,8.389,181353,0
2015-02-13,17:40:00,8.3801,8.39,8.37,8.3701,56466,0
2015-02-13,17:45:00,8.375,8.38,8.37,8.375,68718,0
2015-02-13,17:50:00,8.375,8.38,8.37,8.375,23547,0
2015-02-13,17:55:00,8.375,8.41,8.37,8.395,168152,0
2015-02-13,18:00:00,8.39,8.395,8.38,8.385,41281,0
2015-02-13,18:05:00,8.389,8.389,8.35,8.37,182155,0
2015-02-13,18:10:00,8.37,8.37,8.35,8.355,49889,0
2015-02-13,18:15:00,8.35,8.36,8.35,8.35,249398,0
2015-02-13,18:20:00,8.35,8.36,8.35,8.35,54570,0
2015-02-13,18:25:00,8.355,8.36,8.3401,8.355,128931,0
2015-02-13,18:30:00,8.355,8.36,8.345,8.355,54243,0
2015-02-13,18:35:00,8.355,8.36,8.34,8.35,60961,0
2015-02-13,18:40:00,8.35,8.36,8.34,8.345,103654,0
2015-02-13,18:45:00,8.34,8.35,8.34,8.3428,21079,0
2015-02-13,18:50:00,8.35,8.36,8.345,8.355,105406,0
2015-02-13,18:55:00,8.36,8.37,8.3501,8.37,63852,0
2015-02-13,19:00:00,8.3601,8.38,8.36,8.375,83936,0
2015-02-13,19:05:00,8.37,8.3701,8.355,8.36,89192,0
2015-02-13,19:10:00,8.365,8.37,8.35,8.365,86861,0
2015-02-13,19:15:00,8.365,8.375,8.355,8.375,79456,0
2015-02-13,19:20:00,8.375,8.39,8.3701,8.385,52636,0
2015-02-13,19:25:00,8.385,8.385,8.36,8.37,69748,0
2015-02-13,19:30:00,8.369,8.37,8.355,8.365,55392,0
2015-02-13,19:35:00,8.36,8.37,8.35,8.36,81093,0
2015-02-13,19:40:00,8.359,8.37,8.345,8.355,177654,0
2015-02-13,19:45:00,8.36,8.36,8.34,8.35,67159,0
2015-02-13,19:50:00,8.345,8.35,8.34,8.349,32705,0
2015-02-13,19:55:00,8.35,8.36,8.34,8.355,43213,0
2015-02-13,20:00:00,8.355,8.36,8.3401,8.35,69352,0
2015-02-13,20:05:00,8.345,8.35,8.34,8.3499,89385,0
2015-02-13,20:10:00,8.345,8.35,8.34,8.345,62086,0
2015-02-13,20:15:00,8.345,8.37,8.34,8.369,85280,0
2015-02-13,20:20:00,8.365,8.38,8.36,8.38,65265,0
2015-02-13,20:25:00,8.375,8.38,8.37,8.375,42453,0
2015-02-13,20:30:00,8.38,8.38,8.37,8.38,35978,0
2015-02-13,20:35:00,8.38,8.38,8.36,8.365,92032,0
2015-02-13,20:40:00,8.37,8.37,8.36,8.365,29252,0
2015-02-13,20:45:00,8.36,8.37,8.35,8.36,146960,0
2015-02-13,20:50:00,8.36,8.37,8.36,8.365,38495,0
2015-02-13,20:55:00,8.36,8.38,8.35,8.375,121080,0
2015-02-13,21:00:00,8.375,8.38,8.36,8.365,58466,0
2015-02-13,21:05:00,8.365,8.37,8.355,8.36,90364,0
2015-02-13,21:10:00,8.365,8.37,8.36,8.365,63129,0
2015-02-13,21:15:00,8.365,8.37,8.36,8.369,96476,0
2015-02-13,21:20:00,8.365,8.37,8.36,8.37,38516,0
2015-02-13,21:25:00,8.365,8.37,8.35,8.355,89606,0
2015-02-13,21:30:00,8.355,8.36,8.35,8.355,70162,0
2015-02-13,21:35:00,8.36,8.36,8.34,8.345,194845,0
2015-02-13,21:40:00,8.34,8.36,8.34,8.355,176919,0
2015-02-13,21:45:00,8.355,8.37,8.35,8.365,203475,0
2015-02-13,21:50:00,8.365,8.37,8.36,8.36,72002,0
2015-02-13,21:55:00,8.365,8.38,8.365,8.38,128716,0
2015-02-13,22:00:00,8.375,8.38,8.37,8.38,993680,0
2015-02-17,15:35:00,8.35,8.36,8.31,8.343,477432,0
2015-02-17,15:40:00,8.3499,8.37,8.345,8.36,86669,0
2015-02-17,15:45:00,8.35,8.4,8.35,8.4,114689,0
2015-02-17,15:50:00,8.39,8.445,8.3808,8.43,410404,0
2015-02-17,15:55:00,8.43,8.44,8.405,8.44,405417,0
2015-02-17,16:00:00,8.435,8.44,8.43,8.43,65241,0
2015-02-17,16:05:00,8.435,8.4479,8.425,8.44,111815,0
2015-02-17,16:10:00,8.44,8.46,8.43,8.45,187374,0
2015-02-17,16:15:00,8.45,8.45,8.425,8.43,93549,0
2015-02-17,16:20:00,8.425,8.43,8.4008,8.42,136241,0
2015-02-17,16:25:00,8.42,8.42,8.39,8.395,56041,0
2015-02-17,16:30:00,8.39,8.4,8.39,8.39,25010,0
2015-02-17,16:35:00,8.39,8.4,8.37,8.37,88201,0
2015-02-17,16:40:00,8.37,8.39,8.35,8.3551,168974,0
2015-02-17,16:45:00,8.35,8.36,8.33,8.33,89913,0
2015-02-17,16:50:00,8.33,8.35,8.315,8.345,257231,0
2015-02-17,16:55:00,8.34,8.35,8.33,8.3301,67592,0
2015-02-17,17:00:00,8.335,8.34,8.31,8.31,274340,0
2015-02-17,17:05:00,8.32,8.33,8.31,8.32,200935,0
2015-02-17,17:10:00,8.32,8.36,8.32,8.35,429192,0
2015-02-17,17:15:00,8.34,8.38,8.34,8.37,109337,0
2015-02-17,17:20:00,8.375,8.4,8.37,8.4,90346,0
2015-02-17,17:25:00,8.4,8.41,8.39,8.41,91263,0
2015-02-17,17:30:00,8.41,8.41,8.385,8.39,96444,0
2015-02-17,17:35:00,8.39,8.41,8.39,8.39,120272,0
2015-02-17,17:40:00,8.39,8.4,8.3801,8.39,36126,0
2015-02-17,17:45:00,8.39,8.4,8.38,8.3801,137876,0
2015-02-17,17:50:00,8.389,8.41,8.389,8.395,110647,0
2015-02-17,17:55:00,8.39,8.4,8.3846,8.395,63791,0
2015-02-17,18:00:00,8.3901,8.41,8.39,8.41,58592,0
2015-02-17,18:05:00,8.41,8.42,8.405,8.41,47720,0
2015-02-17,18:10:00,8.41,8.42,8.41,8.42,28738,0
2015-02-17,18:15:00,8.414,8.43,8.414,8.425,85552,0
2015-02-17,18:20:00,8.4201,8.43,8.413,8.415,84514,0
2015-02-17,18:25:00,8.42,8.43,8.4188,8.4299,30824,0
2015-02-17,18:30:00,8.43,8.43,8.41,8.43,52267,0
2015-02-17,18:35:00,8.425,8.44,8.42,8.4338,62798,0
2015-02-17,18:40:00,8.4366,8.44,8.43,8.439,40782,0
2015-02-17,18:45:00,8.4399,8.44,8.43,8.4359,37371,0
2015-02-17,18:50:00,8.43,8.44,8.43,8.44,41769,0
2015-02-17,18:55:00,8.43,8.44,8.43,8.435,17638,0
2015-02-17,19:00:00,8.43,8.44,8.43,8.44,30266,0
2015-02-17,19:05:00,8.43,8.46,8.43,8.45,56631,0
2015-02-17,19:10:00,8.455,8.46,8.445,8.455,41940,0
2015-02-17,19:15:00,8.455,8.46,8.45,8.455,59472,0
2015-02-17,19:20:00,8.45,8.46,8.45,8.4526,17843,0
2015-02-17,19:25:00,8.45,8.46,8.44,8.45,222029,0
2015-02-17,19:30:00,8.441,8.45,8.435,8.445,65441,0
2015-02-17,19:35:00,8.4426,8.45,8.435,8.44,117874,0
2015-02-17,19:40:00,8.4301,8.44,8.43,8.44,82750,0
2015-02-17,19:45:00,8.435,8.45,8.43,8.43,167653,0
2015-02-17,19:50:00,8.4361,8.44,8.43,8.43,30172,0
2015-02-17,19:55:00,8.43,8.44,8.43,8.43,19463,0
2015-02-17,20:00:00,8.43,8.435,8.42,8.42,99265,0
2015-02-17,20:05:00,8.42,8.42,8.41,8.41,128026,0
2015-02-17,20:10:00,8.41,8.42,8.4,8.411,184602,0
2015-02-17,20:15:00,8.4151,8.4151,8.4,8.4,65213,0
2015-02-17,20:20:00,8.4,8.405,8.39,8.39,72755,0
2015-02-17,20:25:00,8.39,8.4,8.385,8.39,114923,0
2015-02-17,20:30:00,8.39,8.4,8.39,8.39,53956,0
2015-02-17,20:35:00,8.4,8.42,8.39,8.415,214400,0
2015-02-17,20:40:00,8.41,8.42,8.4,8.4,45039,0
2015-02-17,20:45:00,8.405,8.405,8.39,8.395,124035,0
2015-02-17,20:50:00,8.4,8.4,8.39,8.4,54604,0
2015-02-17,20:55:00,8.4,8.42,8.4,8.42,156884,0
2015-02-17,21:00:00,8.415,8.42,8.4,8.42,165191,0
2015-02-17,21:05:00,8.42,8.42,8.4007,8.41,85327,0
2015-02-17,21:10:00,8.41,8.42,8.4,8.415,116161,0
2015-02-17,21:15:00,8.42,8.42,8.41,8.41,103072,0
2015-02-17,21:20:00,8.415,8.44,8.41,8.4345,276999,0
2015-02-17,21:25:00,8.4368,8.44,8.42,8.42,122436,0
2015-02-17,21:30:00,8.425,8.43,8.42,8.42,51621,0
2015-02-17,21:35:00,8.42,8.43,8.42,8.43,125626,0
2015-02-17,21:40:00,8.4201,8.425,8.41,8.41,100053,0
2015-02-17,21:45:00,8.415,8.42,8.41,8.42,112290,0
2015-02-17,21:50:00,8.41,8.42,8.41,8.415,154853,0
2015-02-17,21:55:00,8.4116,8.42,8.41,8.41,200156,0
2015-02-17,22:00:00,8.41,8.42,8.4,8.415,876465,0
2015-02-18,15:35:00,8.31,8.34,8.28,8.305,475286,0
2015-02-18,15:40:00,8.31,8.32,8.28,8.28,166365,0
2015-02-18,15:45:00,8.2899,8.2899,8.265,8.27,143455,0
2015-02-18,15:50:00,8.28,8.28,8.17,8.24,707733,0
2015-02-18,15:55:00,8.23,8.24,8.19,8.19,183132,0
2015-02-18,16:00:00,8.19,8.2,8.13,8.1428,350937,0
2015-02-18,16:05:00,8.15,8.17,8.12,8.13,403565,0
2015-02-18,16:10:00,8.13,8.14,8.12,8.13,125264,0
2015-02-18,16:15:00,8.13,8.17,8.12,8.15,298687,0
2015-02-18,16:20:00,8.15,8.19,8.145,8.19,120772,0
2015-02-18,16:25:00,8.1849,8.19,8.16,8.165,97945,0
2015-02-18,16:30:00,8.17,8.17,8.16,8.17,60871,0
2015-02-18,16:35:00,8.165,8.18,8.165,8.175,122429,0
2015-02-18,16:40:00,8.18,8.18,8.17,8.175,65129,0
2015-02-18,16:45:00,8.18,8.2,8.17,8.2,317439,0
2015-02-18,16:50:00,8.1949,8.2,8.19,8.19,135705,0
2015-02-18,16:55:00,8.19,8.21,8.18,8.18,254498,0
2015-02-18,17:00:00,8.19,8.19,8.18,8.18,79390,0
2015-02-18,17:05:00,8.185,8.2,8.18,8.1832,158200,0
2015-02-18,17:10:00,8.185,8.19,8.16,8.16,190027,0
2015-02-18,17:15:00,8.165,8.1666,8.15,8.15,100756,0
2015-02-18,17:20:00,8.15,8.17,8.15,8.17,158058,0
2015-02-18,17:25:00,8.165,8.17,8.16,8.17,57991,0
2015-02-18,17:30:00,8.16,8.19,8.16,8.185,197049,0
2015-02-18,17:35:00,8.185,8.19,8.1801,8.185,39522,0
2015-02-18,17:40:00,8.19,8.19,8.18,8.185,57071,0
2015-02-18,17:45:00,8.185,8.19,8.17,8.17,78108,0
2015-02-18,17:50:00,8.17,8.18,8.17,8.17,85611,0
2015-02-18,17:55:00,8.18,8.19,8.17,8.18,110075,0
2015-02-18,18:00:00,8.185,8.19,8.18,8.19,65050,0
2015-02-18,18:05:00,8.185,8.2,8.18,8.195,91728,0
2015-02-18,18:10:00,8.2,8.2,8.19,8.2,76168,0
2015-02-18,18:15:00,8.195,8.2,8.165,8.18,214607,0
2015-02-18,18:20:00,8.18,8.2,8.17,8.185,172959,0
2015-02-18,18:25:00,8.185,8.2,8.181,8.1849,67362,0
2015-02-18,18:30:00,8.18,8.19,8.18,8.185,61960,0
2015-02-18,18:35:00,8.185,8.19,8.18,8.185,52293,0
2015-02-18,18:40:00,8.185,8.19,8.18,8.185,68970,0
2015-02-18,18:45:00,8.18,8.2,8.18,8.195,80958,0
2015-02-18,18:50:00,8.2,8.2,8.19,8.2,66854,0
2015-02-18,18:55:00,8.2,8.2,8.18,8.185,142027,0
2015-02-18,19:00:00,8.185,8.19,8.18,8.19,75508,0
2015-02-18,19:05:00,8.19,8.2,8.18,8.195,150489,0
2015-02-18,19:10:00,8.195,8.2,8.19,8.195,60001,0
2015-02-18,19:15:00,8.2,8.2,8.19,8.195,64602,0
2015-02-18,19:20:00,8.195,8.2,8.19,8.2,55121,0
2015-02-18,19:25:00,8.195,8.2,8.19,8.2,908510,0
2015-02-18,19:30:00,8.2,8.2,8.18,8.19,705982,0
2015-02-18,19:35:00,8.19,8.19,8.18,8.185,85016,0
2015-02-18,19:40:00,8.1835,8.2,8.1801,8.195,73081,0
2015-02-18,19:45:00,8.198,8.21,8.19,8.21,280609,0
2015-02-18,19:50:00,8.21,8.22,8.195,8.195,132186,0
2015-02-18,19:55:00,8.195,8.21,8.19,8.21,113179,0
2015-02-18,20:00:00,8.205,8.21,8.2,8.205,46941,0
2015-02-18,20:05:00,8.2028,8.24,8.2,8.23,254285,0
2015-02-18,20:10:00,8.235,8.24,8.205,8.225,296165,0
2015-02-18,20:15:00,8.222,8.23,8.1901,8.195,199065,0
2015-02-18,20:20:00,8.195,8.2,8.17,8.175,95008,0
2015-02-18,20:25:00,8.18,8.2,8.17,8.18,66803,0
2015-02-18,20:30:00,8.185,8.19,8.17,8.17,90710,0
2015-02-18,20:35:00,8.17,8.19,8.17,8.185,110025,0
2015-02-18,20:40:00,8.19,8.2,8.18,8.2,116570,0
2015-02-18,20:45:00,8.195,8.2,8.18,8.18,64131,0
2015-02-18,20:50:00,8.1845,8.19,8.16,8.175,84738,0
2015-02-18,20:55:00,8.175,8.19,8.17,8.185,61962,0
2015-02-18,21:00:00,8.19,8.19,8.17,8.17,84933,0
2015-02-18,21:05:00,8.18,8.18,8.17,8.172,61655,0
2015-02-18,21:10:00,8.175,8.18,8.17,8.175,58045,0
2015-02-18,21:15:00,8.18,8.18,8.17,8.17,85480,0
2015-02-18,21:20:00,8.17,8.18,8.17,8.175,71465,0
2015-02-18,21:25:00,8.17,8.18,8.16,8.16,155731,0
2015-02-18,21:30:00,8.16,8.17,8.16,8.16,152788,0
2015-02-18,21:35:00,8.165,8.17,8.16,8.165,134316,0
2015-02-18,21:40:00,8.16,8.17,8.15,8.15,170533,0
2015-02-18,21:45:00,8.155,8.16,8.14,8.15,405978,0
2015-02-18,21:50:00,8.15,8.17,8.15,8.16,294640,0
2015-02-18,21:55:00,8.16,8.19,8.16,8.175,391994,0
2015-02-18,22:00:00,8.17,8.18,8.17,8.18,1925468,0
2015-02-19,15:35:00,8.1,8.1,7.92,8.045,537792,0
2015-02-19,15:40:00,8.045,8.05,7.96,7.965,494624,0
2015-02-19,15:45:00,7.965,8.01,7.96,8.005,215523,0
2015-02-19,15:50:00,8.01,8.04,7.98,8,491800,0
2015-02-19,15:55:00,8,8.02,7.95,8.02,439766,0
2015-02-19,16:00:00,8.015,8.06,8.01,8.06,209156,0
2015-02-19,16:05:00,8.05,8.06,8.04,8.045,306058,0
2015-02-19,16:10:00,8.0451,8.1,8.04,8.095,288745,0
2015-02-19,16:15:00,8.095,8.115,8,8.105,482472,0
2015-02-19,16:20:00,8.12,8.17,8.115,8.155,117307,0
2015-02-19,16:25:00,8.155,8.189,8.155,8.174,165504,0
2015-02-19,16:30:00,8.175,8.19,8.17,8.18,126426,0
2015-02-19,16:35:00,8.18,8.19,8.175,8.185,46045,0
2015-02-19,16:40:00,8.18,8.2,8.18,8.195,87931,0
2015-02-19,16:45:00,8.2,8.21,8.19,8.21,154336,0
2015-02-19,16:50:00,8.21,8.21,8.2,8.21,58076,0
2015-02-19,16:55:00,8.209,8.21,8.2,8.21,41098,0
2015-02-19,17:00:00,8.21,8.21,8.2,8.21,43244,0
2015-02-19,17:05:00,8.21,8.21,8.2,8.21,45038,0
2015-02-19,17:10:00,8.21,8.21,8.18,8.19,250362,0
2015-02-19,17:15:00,8.18,8.19,8.18,8.19,48129,0
2015-02-19,17:20:00,8.19,8.19,8.16,8.18,259900,0
2015-02-19,17:25:00,8.175,8.18,8.154,8.154,283630,0
2015-02-19,17:30:00,8.155,8.17,8.14,8.17,128053,0
2015-02-19,17:35:00,8.165,8.18,8.1601,8.17,44700,0
2015-02-19,17:40:00,8.175,8.19,8.16,8.16,178084,0
2015-02-19,17:45:00,8.165,8.17,8.14,8.145,157598,0
2015-02-19,17:50:00,8.14,8.15,8.14,8.14,30961,0
2015-02-19,17:55:00,8.14,8.17,8.14,8.17,119929,0
2015-02-19,18:00:00,8.16,8.17,8.16,8.165,65265,0
2015-02-19,18:05:00,8.16,8.17,8.15,8.15,138788,0
2015-02-19,18:10:00,8.155,8.16,8.15,8.16,89177,0
2015-02-19,18:15:00,8.16,8.16,8.15,8.16,44269,0
2015-02-19,18:20:00,8.1541,8.16,8.15,8.155,48983,0
2015-02-19,18:25:00,8.155,8.16,8.15,8.15,82940,0
2015-02-19,18:30:00,8.155,8.17,8.15,8.17,165415,0
2015-02-19,18:35:00,8.165,8.17,8.16,8.17,55906,0
2015-02-19,18:40:00,8.17,8.18,8.16,8.175,217563,0
2015-02-19,18:45:00,8.17,8.18,8.17,8.18,170292,0
2015-02-19,18:50:00,8.18,8.18,8.1701,8.18,53000,0
2015-02-19,18:55:00,8.18,8.18,8.1701,8.175,62096,0
2015-02-19,19:00:00,8.175,8.18,8.17,8.18,23100,0
2015-02-19,19:05:00,8.18,8.19,8.17,8.18,184611,0
2015-02-19,19:10:00,8.18,8.18,8.17,8.1701,48682,0
2015-02-19,19:15:00,8.18,8.18,8.17,8.18,38001,0
2015-02-19,19:20:00,8.18,8.19,8.17,8.19,192285,0
2015-02-19,19:25:00,8.19,8.2,8.18,8.195,122710,0
2015-02-19,19:30:00,8.195,8.2,8.19,8.195,37013,0
2015-02-19,19:35:00,8.2,8.2,8.19,8.2,58421,0
2015-02-19,19:40:00,8.2,8.2,8.19,8.19,90287,0
2015-02-19,19:45:00,8.19,8.2,8.19,8.2,35123,0
2015-02-19,19:50:00,8.2,8.21,8.19,8.2,121381,0
2015-02-19,19:55:00,8.2,8.2,8.19,8.2,41600,0
2015-02-19,20:00:00,8.2,8.21,8.195,8.2,247079,0
2015-02-19,20:05:00,8.2,8.21,8.18,8.185,265197,0
2015-02-19,20:10:00,8.185,8.19,8.18,8.185,81560,0
2015-02-19,20:15:00,8.185,8.2,8.184,8.195,99962,0
2015-02-19,20:20:00,8.195,8.2,8.19,8.195,65230,0
2015-02-19,20:25:00,8.1901,8.2,8.19,8.2,49122,0
2015-02-19,20:30:00,8.2,8.2,8.19,8.195,41245,0
2015-02-19,20:35:00,8.2,8.2,8.19,8.2,54082,0
2015-02-19,20:40:00,8.2,8.2,8.19,8.2,171238,0
2015-02-19,20:45:00,8.2,8.2,8.19,8.2,101811,0
2015-02-19,20:50:00,8.2,8.2,8.1901,8.2,77977,0
2015-02-19,20:55:00,8.2,8.2,8.1904,8.2,70190,0
2015-02-19,21:00:00,8.2,8.2,8.1901,8.2,53605,0
2015-02-19,21:05:00,8.2,8.2,8.19,8.2,52799,0
2015-02-19,21:10:00,8.2,8.2,8.19,8.2,83110,0
2015-02-19,21:15:00,8.2,8.2,8.19,8.195,75783,0
2015-02-19,21:20:00,8.195,8.2,8.19,8.2,95784,0
2015-02-19,21:25:00,8.2,8.2,8.19,8.199,86488,0
2015-02-19,21:30:00,8.199,8.2,8.19,8.195,196338,0
2015-02-19,21:35:00,8.195,8.2,8.16,8.18,615735,0
2015-02-19,21:40:00,8.18,8.18,8.17,8.175,106459,0
2015-02-19,21:45:00,8.18,8.18,8.17,8.18,147306,0
2015-02-19,21:50:00,8.175,8.18,8.17,8.17,187111,0
2015-02-19,21:55:00,8.18,8.18,8.17,8.17,320207,0
2015-02-19,22:00:00,8.17,8.19,8.17,8.19,768008,0
2015-02-20,15:35:00,8.16,8.27,8.09,8.26,1158848,0
2015-02-20,15:40:00,8.265,8.36,8.26,8.36,433183,0
2015-02-20,15:45:00,8.36,8.36,8.25,8.3,337323,0
2015-02-20,15:50:00,8.3,8.305,8.24,8.25,278358,0
2015-02-20,15:55:00,8.25,8.26,8.24,8.245,146644,0
2015-02-20,16:00:00,8.245,8.3,8.245,8.27,235000,0
2015-02-20,16:05:00,8.2701,8.32,8.25,8.31,252051,0
2015-02-20,16:10:00,8.31,8.34,8.31,8.33,209846,0
2015-02-20,16:15:00,8.33,8.36,8.33,8.335,325265,0
2015-02-20,16:20:00,8.335,8.34,8.33,8.34,69041,0
2015-02-20,16:25:00,8.34,8.35,8.33,8.34,288864,0
2015-02-20,16:30:00,8.34,8.35,8.28,8.3,406176,0
2015-02-20,16:35:00,8.3,8.31,8.295,8.3,116135,0
2015-02-20,16:40:00,8.305,8.31,8.3,8.3,268161,0
2015-02-20,16:45:00,8.31,8.31,8.3,8.3,325879,0
2015-02-20,16:50:00,8.31,8.31,8.3,8.3,161178,0
2015-02-20,16:55:00,8.305,8.31,8.26,8.26,751833,0
2015-02-20,17:00:00,8.26,8.31,8.26,8.29,416628,0
2015-02-20,17:05:00,8.295,8.2999,8.26,8.26,422892,0
2015-02-20,17:10:00,8.26,8.275,8.25,8.27,344736,0
2015-02-20,17:15:00,8.27,8.29,8.27,8.28,145153,0
2015-02-20,17:20:00,8.285,8.3,8.27,8.3,230838,0
2015-02-20,17:25:00,8.3,8.3,8.29,8.29,109276,0
2015-02-20,17:30:00,8.295,8.3,8.29,8.29,120571,0
2015-02-20,17:35:00,8.295,8.3,8.29,8.3,103573,0
2015-02-20,17:40:00,8.295,8.3,8.29,8.3,84288,0
2015-02-20,17:45:00,8.3,8.32,8.29,8.31,242042,0
2015-02-20,17:50:00,8.32,8.32,8.31,8.315,136891,0
2015-02-20,17:55:00,8.315,8.34,8.31,8.3355,122338,0
2015-02-20,18:00:00,8.34,8.35,8.3301,8.345,155596,0
2015-02-20,18:05:00,8.345,8.35,8.31,8.31,441960,0
2015-02-20,18:10:00,8.31,8.3188,8.3,8.3,74543,0
2015-02-20,18:15:00,8.3,8.31,8.3,8.3,108903,0
2015-02-20,18:20:00,8.31,8.31,8.3,8.305,85596,0
2015-02-20,18:25:00,8.305,8.31,8.3,8.3,244379,0
2015-02-20,18:30:00,8.305,8.31,8.28,8.28,211135,0
2015-02-20,18:35:00,8.2801,8.29,8.25,8.26,210304,0
2015-02-20,18:40:00,8.26,8.29,8.255,8.285,206341,0
2015-02-20,18:45:00,8.29,8.3,8.285,8.29,174910,0
2015-02-20,18:50:00,8.295,8.3,8.25,8.25,215898,0
2015-02-20,18:55:00,8.25,8.26,8.25,8.25,85655,0
2015-02-20,19:00:00,8.25,8.26,8.25,8.25,121146,0
2015-02-20,19:05:00,8.25,8.26,8.24,8.24,164582,0
2015-02-20,19:10:00,8.24,8.25,8.23,8.23,194545,0
2015-02-20,19:15:00,8.235,8.25,8.23,8.245,101509,0
2015-02-20,19:20:00,8.245,8.26,8.24,8.255,100658,0
2015-02-20,19:25:00,8.255,8.26,8.24,8.245,88401,0
2015-02-20,19:30:00,8.245,8.25,8.24,8.245,113169,0
2015-02-20,19:35:00,8.2401,8.25,8.23,8.24,187441,0
2015-02-20,19:40:00,8.235,8.27,8.23,8.265,188440,0
2015-02-20,19:45:00,8.265,8.27,8.25,8.25,132421,0
2015-02-20,19:50:00,8.255,8.255,8.24,8.245,69102,0
2015-02-20,19:55:00,8.245,8.25,8.24,8.245,142914,0
2015-02-20,20:00:00,8.25,8.28,8.24,8.27,221771,0
2015-02-20,20:05:00,8.273,8.28,8.27,8.27,107832,0
2015-02-20,20:10:00,8.275,8.28,8.27,8.27,87154,0
2015-02-20,20:15:00,8.27,8.28,8.27,8.27,109601,0
2015-02-20,20:20:00,8.27,8.28,8.27,8.27,112423,0
2015-02-20,20:25:00,8.27,8.28,8.27,8.275,120022,0
2015-02-20,20:30:00,8.275,8.28,8.27,8.27,103188,0
2015-02-20,20:35:00,8.27,8.28,8.26,8.265,123440,0
2015-02-20,20:40:00,8.26,8.27,8.26,8.26,55825,0
2015-02-20,20:45:00,8.265,8.265,8.25,8.255,112044,0
2015-02-20,20:50:00,8.255,8.27,8.25,8.25,243021,0
2015-02-20,20:55:00,8.25,8.26,8.25,8.25,56864,0
2015-02-20,21:00:00,8.255,8.26,8.25,8.26,78699,0
2015-02-20,21:05:00,8.26,8.26,8.24,8.2475,122629,0
2015-02-20,21:10:00,8.245,8.25,8.24,8.24,62560,0
2015-02-20,21:15:00,8.245,8.25,8.24,8.245,96545,0
2015-02-20,21:20:00,8.24,8.25,8.24,8.24,70315,0
2015-02-20,21:25:00,8.245,8.25,8.24,8.24,63925,0
2015-02-20,21:30:00,8.245,8.27,8.24,8.27,282180,0
2015-02-20,21:35:00,8.265,8.27,8.26,8.265,188281,0
2015-02-20,21:40:00,8.27,8.27,8.26,8.26,156589,0
2015-02-20,21:45:00,8.27,8.3,8.26,8.3,387015,0
2015-02-20,21:50:00,8.295,8.3,8.29,8.291,169805,0
2015-02-20,21:55:00,8.295,8.3,8.29,8.29,309114,0
2015-02-20,22:00:00,8.29,8.3,8.29,8.3,1690388,0
2015-02-23,15:35:00,8.28,8.3,8.23,8.27,86112,0
2015-02-23,15:40:00,8.27,8.3099,8.2428,8.2449,147098,0
2015-02-23,15:45:00,8.25,8.25,8.18,8.2,191526,0
2015-02-23,15:50:00,8.2,8.21,8.17,8.17,123375,0
2015-02-23,15:55:00,8.17,8.21,8.16,8.195,153546,0
2015-02-23,16:00:00,8.19,8.19,8.17,8.18,140298,0
2015-02-23,16:05:00,8.18,8.19,8.15,8.17,261761,0
2015-02-23,16:10:00,8.17,8.17,8.14,8.17,111448,0
2015-02-23,16:15:00,8.16,8.17,8.14,8.14,85575,0
2015-02-23,16:20:00,8.14,8.15,8.12,8.12,107223,0
2015-02-23,16:25:00,8.12,8.13,8.11,8.12,91966,0
2015-02-23,16:30:00,8.125,8.14,8.1,8.105,264275,0
2015-02-23,16:35:00,8.1001,8.12,8.1,8.1165,130342,0
2015-02-23,16:40:00,8.119,8.12,8.11,8.1101,42885,0
2015-02-23,16:45:00,8.115,8.125,8.1,8.12,140222,0
2015-02-23,16:50:00,8.125,8.125,8.11,8.11,39041,0
2015-02-23,16:55:00,8.115,8.12,8.1,8.1,94678,0
2015-02-23,17:00:00,8.1093,8.13,8.1,8.115,143061,0
2015-02-23,17:05:00,8.12,8.12,8.11,8.113,34440,0
2015-02-23,17:10:00,8.11,8.115,8.1,8.1,82150,0
2015-02-23,17:15:00,8.1,8.12,8.1,8.1126,83543,0
2015-02-23,17:20:00,8.115,8.12,8.11,8.11,32571,0
2015-02-23,17:25:00,8.12,8.12,8.11,8.11,31845,0
2015-02-23,17:30:00,8.119,8.12,8.11,8.11,28134,0
2015-02-23,17:35:00,8.115,8.12,8.11,8.115,96223,0
2015-02-23,17:40:00,8.12,8.125,8.11,8.12,129503,0
2015-02-23,17:45:00,8.12,8.14,8.11,8.14,80266,0
2015-02-23,17:50:00,8.14,8.16,8.14,8.16,55326,0
2015-02-23,17:55:00,8.16,8.16,8.14,8.145,76138,0
2015-02-23,18:00:00,8.147,8.15,8.14,8.15,24369,0
2015-02-23,18:05:00,8.15,8.17,8.14,8.17,139183,0
2015-02-23,18:10:00,8.17,8.17,8.16,8.17,37235,0
2015-02-23,18:15:00,8.17,8.17,8.15,8.15,71096,0
2015-02-23,18:20:00,8.155,8.16,8.15,8.16,27084,0
2015-02-23,18:25:00,8.16,8.16,8.15,8.16,46827,0
2015-02-23,18:30:00,8.15,8.16,8.15,8.153,40958,0
2015-02-23,18:35:00,8.16,8.17,8.15,8.165,63069,0
2015-02-23,18:40:00,8.165,8.17,8.14,8.15,93818,0
2015-02-23,18:45:00,8.15,8.15,8.14,8.145,27968,0
2015-02-23,18:50:00,8.15,8.15,8.14,8.15,38186,0
2015-02-23,18:55:00,8.14,8.15,8.13,8.14,77188,0
2015-02-23,19:00:00,8.14,8.14,8.13,8.14,24448,0
2015-02-23,19:05:00,8.14,8.14,8.13,8.14,22930,0
2015-02-23,19:10:00,8.135,8.14,8.13,8.13,22306,0
2015-02-23,19:15:00,8.13,8.14,8.13,8.135,31547,0
2015-02-23,19:20:00,8.1399,8.14,8.13,8.13,21916,0
2015-02-23,19:25:00,8.135,8.14,8.13,8.13,18627,0
2015-02-23,19:30:00,8.135,8.14,8.13,8.13,31370,0
2015-02-23,19:35:00,8.13,8.14,8.13,8.135,43374,0
2015-02-23,19:40:00,8.13,8.16,8.13,8.155,206995,0
2015-02-23,19:45:00,8.15,8.16,8.14,8.145,58308,0
2015-02-23,19:50:00,8.145,8.15,8.13,8.13,78316,0
2015-02-23,19:55:00,8.135,8.15,8.13,8.15,90004,0
2015-02-23,20:00:00,8.15,8.15,8.14,8.14,41978,0
2015-02-23,20:05:00,8.145,8.15,8.13,8.13,59190,0
2015-02-23,20:10:00,8.14,8.14,8.13,8.13,63346,0
2015-02-23,20:15:00,8.13,8.14,8.13,8.135,64673,0
2015-02-23,20:20:00,8.135,8.14,8.13,8.135,133797,0
2015-02-23,20:25:00,8.13,8.14,8.13,8.13,40254,0
2015-02-23,20:30:00,8.135,8.14,8.13,8.13,97870,0
2015-02-23,20:35:00,8.13,8.14,8.13,8.13,56160,0
2015-02-23,20:40:00,8.135,8.14,8.12,8.125,112106,0
2015-02-23,20:45:00,8.12,8.125,8.11,8.11,75834,0
2015-02-23,20:50:00,8.115,8.1199,8.11,8.11,55949,0
2015-02-23,20:55:00,8.11,8.14,8.11,8.14,151370,0
2015-02-23,21:00:00,8.135,8.14,8.12,8.125,77208,0
2015-02-23,21:05:00,8.12,8.13,8.11,8.11,90532,0
2015-02-23,21:10:00,8.115,8.12,8.11,8.11,78176,0
2015-02-23,21:15:00,8.11,8.12,8.11,8.115,60888,0
2015-02-23,21:20:00,8.11,8.12,8.11,8.115,92868,0
2015-02-23,21:25:00,8.11,8.12,8.11,8.11,63133,0
2015-02-23,21:30:00,8.115,8.12,8.11,8.11,113217,0
2015-02-23,21:35:00,8.1101,8.12,8.11,8.115,87567,0
2015-02-23,21:40:00,8.11,8.13,8.11,8.125,219067,0
2015-02-23,21:45:00,8.125,8.15,8.125,8.15,226519,0
2015-02-23,21:50:00,8.15,8.15,8.13,8.15,245451,0
2015-02-23,21:55:00,8.15,8.19,8.15,8.185,383462,0
2015-02-23,22:00:00,8.185,8.19,8.15,8.16,738629,0
