Date,Time,Open,High,Low,Close,Volume,OpenInt
2015-02-03,16:50:00,25.53,25.54,25.23,25.25,28854,0
2015-02-03,16:55:00,25.25,25.25,25.08,25.09,9900,0
2015-02-03,17:00:00,25.09,25.14,25.06,25.09,13700,0
2015-02-03,17:05:00,25.07,25.27,24.93,24.99,46310,0
2015-02-03,17:10:00,24.98,25.16,24.96,25.12,7750,0
2015-02-03,17:15:00,25.12,25.2,24.98,24.98,13400,0
2015-02-03,17:20:00,24.96,25.2199,24.95,25.12,17100,0
2015-02-03,17:25:00,25.2199,25.2199,25.05,25.1,13956,0
2015-02-03,17:30:00,25.13,25.24,25.07,25.24,40613,0
2015-02-03,17:35:00,25.24,25.36,25.2,25.28,10420,0
2015-02-03,17:40:00,25.22,25.23,25.13,25.18,15700,0
2015-02-03,17:45:00,25.19,25.31,25.17,25.18,19277,0
2015-02-03,17:50:00,25.18,25.28,25.13,25.25,10800,0
2015-02-03,17:55:00,25.19,25.2,25.075,25.075,14658,0
2015-02-03,18:00:00,25.08,25.15,25.05,25.09,7600,0
2015-02-03,18:05:00,25.05,25.06,24.89,24.89,18296,0
2015-02-03,18:10:00,24.9,24.9,24.73,24.77,13900,0
2015-02-03,18:15:00,24.75,24.86,24.7,24.8,11100,0
2015-02-03,18:20:00,24.76,24.76,24.66,24.7,16100,0
2015-02-03,18:25:00,24.72,24.79,24.67,24.67,8920,0
2015-02-03,18:30:00,24.675,24.84,24.675,24.75,12550,0
2015-02-03,18:35:00,24.7,24.79,24.68,24.79,5340,0
2015-02-03,18:40:00,24.82,25.0,24.81,24.97,19819,0
2015-02-03,18:45:00,24.96,25.07,24.96,25.07,10450,0
2015-02-03,18:50:00,25.12,25.22,25.09,25.115,11497,0
2015-02-03,18:55:00,25.11,25.25,25.1,25.23,8800,0
2015-02-03,19:00:00,25.25,25.37,25.24,25.28,14350,0
2015-02-03,19:05:00,25.26,25.35,25.22,25.35,9150,0
2015-02-03,19:10:00,25.31,25.31,25.24,25.28,5050,0
2015-02-03,19:15:00,25.25,25.41,25.23,25.41,11652,0
2015-02-03,19:20:00,25.42,25.47,25.38,25.46,5250,0
2015-02-03,19:25:00,25.46,25.58,25.46,25.58,12891,0
2015-02-03,19:30:00,25.59,25.68,25.58,25.63,12200,0
2015-02-03,19:35:00,25.63,25.65,25.51,25.51,19291,0
2015-02-03,19:40:00,25.51,25.51,25.27,25.287,10900,0
2015-02-03,19:45:00,25.3,25.42,25.27,25.41,18443,0
2015-02-03,19:50:00,25.42,25.483,25.35,25.44,9700,0
2015-02-03,19:55:00,25.42,25.46,25.37,25.44,6420,0
2015-02-03,20:00:00,25.43,25.51,25.38,25.49,11850,0
2015-02-03,20:05:00,25.49,25.64,25.49,25.62,8800,0
2015-02-03,20:10:00,25.6,25.62,25.48,25.48,17450,0
2015-02-03,20:15:00,25.47,25.56,25.34,25.47,11345,0
2015-02-03,20:20:00,25.45,25.475,25.39,25.39,3910,0
2015-02-03,20:25:00,25.42,25.42,25.2,25.2,5190,0
2015-02-03,20:30:00,25.19,25.23,25.0,25.04,16961,0
2015-02-03,20:35:00,25.07,25.1,24.95,24.96,9100,0
2015-02-03,20:40:00,24.92,25.03,24.86,25.01,15800,0
2015-02-03,20:45:00,25.05,25.2,25.02,25.2,13996,0
2015-02-03,20:50:00,25.19,25.2,25.11,25.13,8600,0
2015-02-03,20:55:00,25.13,25.25,25.08,25.2,17386,0
2015-02-03,21:00:00,25.17,25.25,25.16,25.25,13711,0
2015-02-03,21:05:00,25.29,25.34,25.26,25.34,8700,0
2015-02-03,21:10:00,25.34,25.36,25.29,25.35,16030,0
2015-02-03,21:15:00,25.34,25.34,25.25,25.275,20800,0
2015-02-03,21:20:00,25.275,25.35,25.27,25.32,22730,0
2015-02-03,21:25:00,25.33,25.53,25.33,25.52,22000,0
2015-02-03,21:30:00,25.52,25.53,25.425,25.5,34206,0
2015-02-03,21:35:00,25.5,25.55,25.47,25.47,21400,0
2015-02-03,21:40:00,25.465,25.52,25.44,25.48,28200,0
2015-02-03,21:45:00,25.49,25.5,25.45,25.485,42139,0
2015-02-03,21:50:00,25.485,25.49,25.32,25.32,53653,0
2015-02-03,21:55:00,25.32,25.39,25.3,25.32,42284,0
2015-02-03,22:00:00,25.31,25.39,25.28,25.3,69534,0
2015-02-04,15:35:00,25.0,25.15,24.9,24.9,20890,0
2015-02-04,15:40:00,24.85,24.87,24.55,24.85,10334,0
2015-02-04,15:45:00,24.89,25.2464,24.89,25.23,9322,0
2015-02-04,15:50:00,25.24,25.41,24.89,24.95,10100,0
2015-02-04,15:55:00,25.0,25.03,24.94,24.99,10642,0
2015-02-04,16:00:00,25.0,25.03,24.81,24.94,26934,0
2015-02-04,16:05:00,24.96,25.18,24.93,24.98,24800,0
2015-02-04,16:10:00,25.02,25.1,24.73,24.73,39784,0
2015-02-04,16:15:00,24.74,24.79,24.56,24.59,34605,0
2015-02-04,16:20:00,24.59,24.74,24.55,24.67,23268,0
2015-02-04,16:25:00,24.67,24.76,24.65,24.7,22356,0
2015-02-04,16:30:00,24.7,24.75,24.54,24.54,32750,0
2015-02-04,16:35:00,24.53,24.56,24.17,24.33,62541,0
2015-02-04,16:40:00,24.34,24.56,24.31,24.5301,29196,0
2015-02-04,16:45:00,24.57,24.76,24.55,24.76,25299,0
2015-02-04,16:50:00,24.77,24.95,24.77,24.91,34460,0
2015-02-04,16:55:00,24.91,24.94,24.75,24.77,29117,0
2015-02-04,17:00:00,24.77,24.9,24.71,24.8225,40820,0
2015-02-04,17:05:00,24.821,24.91,24.67,24.77,42196,0
2015-02-04,17:10:00,24.75,24.88,24.6388,24.81,37764,0
2015-02-04,17:15:00,24.81,24.85,24.68,24.81,29455,0
2015-02-04,17:20:00,24.81,24.97,24.73,24.73,19901,0
2015-02-04,17:25:00,24.78,24.88,24.74,24.81,18459,0
2015-02-04,17:30:00,24.795,24.9,24.72,24.77,28219,0
2015-02-04,17:35:00,24.85,24.94,24.77,24.84,38100,0
2015-02-04,17:40:00,24.91,25.0,24.81,24.89,33496,0
2015-02-04,17:45:00,24.88,24.98,24.83,24.86,18350,0
2015-02-04,17:50:00,24.86,24.89,24.77,24.86,21431,0
2015-02-04,17:55:00,24.87,24.92,24.76,24.85,26738,0
2015-02-04,18:00:00,24.85,24.9,24.78,24.82,18206,0
2015-02-04,18:05:00,24.79,24.95,24.78,24.88,18800,0
2015-02-04,18:10:00,24.88,24.91,24.77,24.79,18730,0
2015-02-04,18:15:00,24.79,24.79,24.59,24.68,25812,0
2015-02-04,18:20:00,24.66,24.8,24.66,24.68,33198,0
2015-02-04,18:25:00,24.66,24.67,24.62,24.64,12698,0
2015-02-04,18:30:00,24.64,24.65,24.4,24.41,18220,0
2015-02-04,18:35:00,24.39,24.44,24.37,24.38,25380,0
2015-02-04,18:40:00,24.38,24.47,24.35,24.45,21528,0
2015-02-04,18:45:00,24.44,24.47,24.35,24.38,21695,0
2015-02-04,18:50:00,24.39,24.47,24.36,24.42,18300,0
2015-02-04,18:55:00,24.43,24.62,24.43,24.52,18700,0
2015-02-04,19:00:00,24.57,24.58,24.47,24.47,11431,0
2015-02-04,19:05:00,24.433,24.57,24.39,24.54,23875,0
2015-02-04,19:10:00,24.54,24.64,24.54,24.58,21820,0
2015-02-04,19:15:00,24.56,24.68,24.53,24.53,20250,0
2015-02-04,19:20:00,24.53,24.62,24.502,24.52,19960,0
2015-02-04,19:25:00,24.53,24.65,24.515,24.56,18159,0
2015-02-04,19:30:00,24.56,24.72,24.52,24.529,22013,0
2015-02-04,19:35:00,24.55,24.67,24.51,24.52,30218,0
2015-02-04,19:40:00,24.53,24.53,24.45,24.47,25062,0
2015-02-04,19:45:00,24.44,24.54,24.41,24.42,17448,0
2015-02-04,19:50:00,24.43,24.43,24.23,24.24,19923,0
2015-02-04,19:55:00,24.24,24.27,24.17,24.25,31059,0
2015-02-04,20:00:00,24.25,24.29,24.01,24.01,31140,0
2015-02-04,20:05:00,24.08,24.28,24.08,24.24,6150,0
2015-02-04,20:10:00,24.24,24.31,24.195,24.25,13400,0
2015-02-04,20:15:00,24.29,24.35,24.22,24.225,12110,0
2015-02-04,20:20:00,24.25,24.28,24.21,24.22,9100,0
2015-02-04,20:25:00,24.23,24.365,24.23,24.3,15071,0
2015-02-04,20:30:00,24.3,24.39,24.3,24.33,10359,0
2015-02-04,20:35:00,24.38,24.42,24.32,24.42,4799,0
2015-02-04,20:40:00,24.42,24.63,24.4,24.63,16567,0
2015-02-04,20:45:00,24.65,24.69,24.55,24.6,13461,0
2015-02-04,20:50:00,24.6,24.6,24.54,24.54,9789,0
2015-02-04,20:55:00,24.54,24.54,24.45,24.485,9661,0
2015-02-04,21:00:00,24.54,24.54,24.49,24.54,9717,0
2015-02-04,21:05:00,24.53,24.54,24.44,24.51,13777,0
2015-02-04,21:10:00,24.53,24.6,24.5,24.58,14500,0
2015-02-04,21:15:00,24.6,24.61,24.57,24.61,8500,0
2015-02-04,21:20:00,24.61,24.68,24.61,24.65,17039,0
2015-02-04,21:25:00,24.64,24.78,24.64,24.78,37101,0
2015-02-04,21:30:00,24.79,24.81,24.71,24.78,32454,0
2015-02-04,21:35:00,24.82,24.9,24.82,24.9,26932,0
2015-02-04,21:40:00,24.91,24.97,24.77,24.77,28689,0
2015-02-04,21:45:00,24.78,24.83,24.37,24.42,94268,0
2015-02-04,21:50:00,24.43,24.53,24.4,24.52,45407,0
2015-02-04,21:55:00,24.52,24.62,24.39,24.62,68428,0
2015-02-04,22:00:00,24.605,24.605,24.36,24.55,120567,0
2015-02-05,15:35:00,25.44,26.39,25.05,25.98,60251,0
2015-02-05,15:40:00,25.945,25.945,25.4,25.735,30903,0
2015-02-05,15:45:00,25.69,26.3,25.64,25.97,42574,0
2015-02-05,15:50:00,25.97,26.06,25.73,25.95,26218,0
2015-02-05,15:55:00,25.99,26.25,25.835,25.88,24277,0
2015-02-05,16:00:00,25.85,26.13,25.825,25.96,26866,0
2015-02-05,16:05:00,25.9103,26.28,25.89,26.28,69929,0
2015-02-05,16:10:00,26.27,26.5,26.25,26.37,120835,0
2015-02-05,16:15:00,26.37,26.58,26.32,26.34,61797,0
2015-02-05,16:20:00,26.322,26.33,26.04,26.05,70028,0
2015-02-05,16:25:00,26.01,26.03,25.758,25.895,45789,0
2015-02-05,16:30:00,25.89,26.39,25.89,26.29,35870,0
2015-02-05,16:35:00,26.31,26.44,26.27,26.29,40777,0
2015-02-05,16:40:00,26.28,26.36,26.215,26.3,55371,0
2015-02-05,16:45:00,26.3,26.65,26.275,26.415,56783,0
2015-02-05,16:50:00,26.41,26.5,26.25,26.38,52494,0
2015-02-05,16:55:00,26.37,26.44,26.33,26.4,19718,0
2015-02-05,17:00:00,26.44,26.965,26.42,26.83,52631,0
2015-02-05,17:05:00,26.79,27.02,26.73,26.8,52351,0
2015-02-05,17:10:00,26.79,26.8,26.55,26.58,34967,0
2015-02-05,17:15:00,26.58,26.58,26.36,26.4,36768,0
2015-02-05,17:20:00,26.4,26.5,26.315,26.32,32408,0
2015-02-05,17:25:00,26.32,26.74,26.3,26.58,43400,0
2015-02-05,17:30:00,26.59,27.12,26.57,26.95,81271,0
2015-02-05,17:35:00,26.94,27.01,26.75,26.76,50576,0
2015-02-05,17:40:00,26.78,26.79,26.66,26.765,34882,0
2015-02-05,17:45:00,26.77,26.77,26.55,26.62,34500,0
2015-02-05,17:50:00,26.625,27.01,26.625,26.99,35043,0
2015-02-05,17:55:00,26.99,27.09,26.93,27.08,37421,0
2015-02-05,18:00:00,27.09,27.29,27.07,27.115,47208,0
2015-02-05,18:05:00,27.1,27.1,26.85,26.9,47492,0
2015-02-05,18:10:00,26.9,26.9,26.73,26.87,40768,0
2015-02-05,18:15:00,26.86,27.1,26.845,27.1,34742,0
2015-02-05,18:20:00,27.05,27.07,26.865,26.88,44280,0
2015-02-05,18:25:00,26.9,26.9,26.805,26.83,35510,0
2015-02-05,18:30:00,26.83,26.87,26.73,26.73,37500,0
2015-02-05,18:35:00,26.74,26.74,26.64,26.66,23671,0
2015-02-05,18:40:00,26.66,26.66,26.47,26.48,31463,0
2015-02-05,18:45:00,26.475,26.53,26.4,26.4,38843,0
2015-02-05,18:50:00,26.41,26.41,26.31,26.35,29536,0
2015-02-05,18:55:00,26.35,26.38,26.33,26.38,21947,0
2015-02-05,19:00:00,26.37,26.47,26.37,26.42,23580,0
2015-02-05,19:05:00,26.42,26.55,26.4,26.54,25080,0
2015-02-05,19:10:00,26.54,26.55,26.47,26.55,25048,0
2015-02-05,19:15:00,26.535,26.83,26.52,26.71,27177,0
2015-02-05,19:20:00,26.73,26.75,26.6,26.6,18650,0
2015-02-05,19:25:00,26.62,26.64,26.535,26.55,29205,0
2015-02-05,19:30:00,26.55,26.58,26.49,26.57,24234,0
2015-02-05,19:35:00,26.57,26.59,26.5,26.5,14933,0
2015-02-05,19:40:00,26.51,26.56,26.505,26.54,27263,0
2015-02-05,19:45:00,26.53,26.53,26.46,26.46,16600,0
2015-02-05,19:50:00,26.46,26.47,26.37,26.38,15599,0
2015-02-05,19:55:00,26.38,26.4,26.25,26.255,34479,0
2015-02-05,20:00:00,26.25,26.31,26.031,26.3,78844,0
2015-02-05,20:05:00,26.305,26.4,26.305,26.375,26036,0
2015-02-05,20:10:00,26.375,26.52,26.375,26.52,15500,0
2015-02-05,20:15:00,26.52,26.82,26.5,26.73,15634,0
2015-02-05,20:20:00,26.69,26.76,26.6,26.76,17424,0
2015-02-05,20:25:00,26.78,26.81,26.59,26.61,25088,0
2015-02-05,20:30:00,26.56,26.67,26.5,26.67,15709,0
2015-02-05,20:35:00,26.66,26.68,26.53,26.56,15279,0
2015-02-05,20:40:00,26.56,26.65,26.552,26.6,12700,0
2015-02-05,20:45:00,26.57,26.57,26.32,26.36,11250,0
2015-02-05,20:50:00,26.34,26.49,26.31,26.47,14330,0
2015-02-05,20:55:00,26.46,26.49,26.42,26.42,9800,0
2015-02-05,21:00:00,26.43,26.45,26.3,26.3,12610,0
2015-02-05,21:05:00,26.3,26.39,26.245,26.39,19360,0
2015-02-05,21:10:00,26.4,26.43,26.24,26.245,11070,0
2015-02-05,21:15:00,26.27,26.47,26.26,26.41,15931,0
2015-02-05,21:20:00,26.41,26.41,26.285,26.34,20672,0
2015-02-05,21:25:00,26.37,26.41,26.29,26.29,15704,0
2015-02-05,21:30:00,26.27,26.35,26.26,26.34,23099,0
2015-02-05,21:35:00,26.35,26.49,26.29,26.33,53462,0
2015-02-05,21:40:00,26.34,26.4,26.28,26.355,46518,0
2015-02-05,21:45:00,26.38,26.5,26.34,26.37,67178,0
2015-02-05,21:50:00,26.37,26.44,26.22,26.4,58587,0
2015-02-05,21:55:00,26.41,26.676,26.395,26.63,94350,0
2015-02-05,22:00:00,26.63,26.63,26.41,26.47,122149,0
2015-02-06,15:35:00,26.66,27.154,26.53,26.785,22043,0
2015-02-06,15:40:00,26.7525,26.92,26.65,26.865,18400,0
2015-02-06,15:45:00,26.835,26.85,26.56,26.6,18275,0
2015-02-06,15:50:00,26.5999,26.5999,26.3201,26.41,11825,0
2015-02-06,15:55:00,26.38,26.54,26.31,26.53,9956,0
2015-02-06,16:00:00,26.58,26.63,26.55,26.61,3350,0
2015-02-06,16:05:00,26.66,26.91,26.62,26.86,15700,0
2015-02-06,16:10:00,26.85,27.04,26.82,26.98,15700,0
2015-02-06,16:15:00,26.97,27.035,26.95,27.0,14250,0
2015-02-06,16:20:00,27.002,27.05,26.94,26.94,13616,0
2015-02-06,16:25:00,26.9,26.9,26.56,26.655,17793,0
2015-02-06,16:30:00,26.66,26.69,26.58,26.62,11495,0
2015-02-06,16:35:00,26.6,26.6,26.53,26.535,8926,0
2015-02-06,16:40:00,26.55,26.59,26.38,26.445,23104,0
2015-02-06,16:45:00,26.43,26.43,26.1,26.18,28328,0
2015-02-06,16:50:00,26.19,26.35,26.15,26.31,11216,0
2015-02-06,16:55:00,26.35,26.36,26.18,26.23,7300,0
2015-02-06,17:00:00,26.22,26.25,26.19,26.24,12700,0
2015-02-06,17:05:00,26.25,26.28,26.15,26.165,18267,0
2015-02-06,17:10:00,26.16,26.22,26.08,26.11,15839,0
2015-02-06,17:15:00,26.12,26.15,25.98,26.05,14649,0
2015-02-06,17:20:00,26.065,26.12,26.01,26.06,6900,0
2015-02-06,17:25:00,26.04,26.07,25.97,26.07,8260,0
2015-02-06,17:30:00,26.04,26.05,25.88,25.88,13950,0
2015-02-06,17:35:00,25.87,25.9,25.77,25.88,19830,0
2015-02-06,17:40:00,25.86,25.88,25.74,25.74,96076,0
2015-02-06,17:45:00,25.8,25.8,25.65,25.77,61807,0
2015-02-06,17:50:00,25.78,25.79,25.67,25.69,16395,0
2015-02-06,17:55:00,25.69,25.74,25.68,25.71,7300,0
2015-02-06,18:00:00,25.72,26.07,25.72,26.0,37821,0
2015-02-06,18:05:00,25.98,26.36,25.97,26.36,34894,0
2015-02-06,18:10:00,26.37,26.38,26.14,26.14,10862,0
2015-02-06,18:15:00,26.14,26.3,26.14,26.3,2989,0
2015-02-06,18:20:00,26.33,26.35,26.23,26.27,5800,0
2015-02-06,18:25:00,26.28,26.37,26.28,26.37,16900,0
2015-02-06,18:30:00,26.39,26.47,26.39,26.42,6300,0
2015-02-06,18:35:00,26.39,26.5,26.375,26.45,5900,0
2015-02-06,18:40:00,26.455,26.52,26.42,26.47,7600,0
2015-02-06,18:45:00,26.46,26.49,26.28,26.28,8300,0
2015-02-06,18:50:00,26.21,26.33,26.21,26.33,2600,0
2015-02-06,18:55:00,26.31,26.31,26.27,26.27,3250,0
2015-02-06,19:00:00,26.3,26.46,26.25,26.46,5100,0
2015-02-06,19:05:00,26.44,26.57,26.4,26.47,16488,0
2015-02-06,19:10:00,26.45,26.46,26.27,26.34,2600,0
2015-02-06,19:15:00,26.38,26.38,26.15,26.19,16800,0
2015-02-06,19:20:00,26.19,26.19,26.135,26.18,4090,0
2015-02-06,19:25:00,26.16,26.23,26.16,26.23,3800,0
2015-02-06,19:30:00,26.21,26.28,26.13,26.26,13200,0
2015-02-06,19:35:00,26.26,26.26,26.19,26.23,2400,0
2015-02-06,19:40:00,26.22,26.22,26.13,26.18,2800,0
2015-02-06,19:45:00,26.2,26.33,26.2,26.33,1500,0
2015-02-06,19:50:00,26.33,26.43,26.33,26.39,6000,0
2015-02-06,19:55:00,26.33,26.33,26.25,26.26,3900,0
2015-02-06,20:00:00,26.24,26.4199,26.24,26.3,5133,0
2015-02-06,20:05:00,26.27,26.3,26.19,26.3,3800,0
2015-02-06,20:10:00,26.32,26.34,26.3,26.33,2900,0
2015-02-06,20:15:00,26.27,26.3,26.19,26.25,8700,0
2015-02-06,20:20:00,26.27,26.37,26.25,26.37,3800,0
2015-02-06,20:25:00,26.35,26.4,26.31,26.38,2100,0
2015-02-06,20:30:00,26.35,26.35,26.27,26.33,9100,0
2015-02-06,20:35:00,26.34,26.5,26.32,26.5,7251,0
2015-02-06,20:40:00,26.49,26.52,26.49,26.49,4300,0
2015-02-06,20:45:00,26.48,26.54,26.43,26.43,9300,0
2015-02-06,20:50:00,26.4,26.46,26.36,26.44,4400,0
2015-02-06,20:55:00,26.45,26.51,26.42,26.44,4400,0
2015-02-06,21:00:00,26.43,26.46,26.39,26.4101,7556,0
2015-02-06,21:05:00,26.414,26.42,26.25,26.28,9170,0
2015-02-06,21:10:00,26.3,26.41,26.27,26.33,10422,0
2015-02-06,21:15:00,26.33,26.4,26.29,26.38,11452,0
2015-02-06,21:20:00,26.36,26.42,26.3,26.3,14204,0
2015-02-06,21:25:00,26.33,26.44,26.28,26.41,8800,0
2015-02-06,21:30:00,26.41,26.42,26.31,26.32,7900,0
2015-02-06,21:35:00,26.32,26.47,26.31,26.46,11744,0
2015-02-06,21:40:00,26.46,26.46,26.4,26.43,12400,0
2015-02-06,21:45:00,26.4,26.49,26.37,26.41,14900,0
2015-02-06,21:50:00,26.4,26.4899,26.37,26.4799,19777,0
2015-02-06,21:55:00,26.49,26.56,26.45,26.54,30980,0
2015-02-06,22:00:00,26.55,26.55,26.46,26.53,58360,0
2015-02-09,15:35:00,26.44,26.92,26.44,26.51,14335,0
2015-02-09,15:40:00,26.68,26.92,26.6,26.6,11799,0
2015-02-09,15:45:00,26.7071,26.84,26.68,26.71,14172,0
2015-02-09,15:50:00,26.63,26.82,26.555,26.62,7200,0
2015-02-09,15:55:00,26.64,26.77,26.56,26.56,4700,0
2015-02-09,16:00:00,26.6,26.707,26.56,26.707,6930,0
2015-02-09,16:05:00,26.71,26.83,26.61,26.68,15536,0
2015-02-09,16:10:00,26.67,26.71,26.56,26.61,15301,0
2015-02-09,16:15:00,26.605,26.62,26.58,26.62,4800,0
2015-02-09,16:20:00,26.67,26.72,26.59,26.64,10298,0
2015-02-09,16:25:00,26.64,26.7,26.59,26.65,10400,0
2015-02-09,16:30:00,26.65,26.79,26.61,26.65,37147,0
2015-02-09,16:35:00,26.65,26.81,26.63,26.698,18046,0
2015-02-09,16:40:00,26.68,26.81,26.63,26.645,6300,0
2015-02-09,16:45:00,26.65,26.69,26.6,26.63,10399,0
2015-02-09,16:50:00,26.62,26.67,26.57,26.67,6900,0
2015-02-09,16:55:00,26.69,26.74,26.55,26.555,11867,0
2015-02-09,17:00:00,26.56,26.56,26.45,26.46,9650,0
2015-02-09,17:05:00,26.44,26.58,26.44,26.53,11147,0
2015-02-09,17:10:00,26.5,26.55,26.48,26.49,13099,0
2015-02-09,17:15:00,26.5,26.56,26.46,26.55,7681,0
2015-02-09,17:20:00,26.57,26.59,26.5,26.51,9190,0
2015-02-09,17:25:00,26.51,26.55,26.45,26.45,11500,0
2015-02-09,17:30:00,26.45,26.54,26.45,26.5,14242,0
2015-02-09,17:35:00,26.51,26.51,26.45,26.47,9946,0
2015-02-09,17:40:00,26.49,26.62,26.49,26.51,6553,0
2015-02-09,17:45:00,26.48,26.57,26.46,26.52,6914,0
2015-02-09,17:50:00,26.5196,26.6,26.49,26.56,8700,0
2015-02-09,17:55:00,26.56,26.59,26.525,26.53,5800,0
2015-02-09,18:00:00,26.54,26.54,26.5,26.5,3900,0
2015-02-09,18:05:00,26.505,26.62,26.5,26.61,30200,0
2015-02-09,18:10:00,26.59,26.63,26.58,26.62,17900,0
2015-02-09,18:15:00,26.64,26.67,26.61,26.63,13556,0
2015-02-09,18:20:00,26.64,26.67,26.6,26.62,32923,0
2015-02-09,18:25:00,26.63,26.63,26.59,26.6,24077,0
2015-02-09,18:30:00,26.59,26.61,26.58,26.6,3291,0
2015-02-09,18:35:00,26.6,26.64,26.6,26.61,3400,0
2015-02-09,18:40:00,26.6,26.72,26.58,26.7,9700,0
2015-02-09,18:45:00,26.715,26.715,26.63,26.63,4800,0
2015-02-09,18:50:00,26.65,26.69,26.6,26.69,7753,0
2015-02-09,18:55:00,26.68,26.72,26.68,26.71,2030,0
2015-02-09,19:00:00,26.7001,26.78,26.62,26.75,6558,0
2015-02-09,19:05:00,26.76,26.8,26.64,26.65,6320,0
2015-02-09,19:10:00,26.66,26.81,26.65,26.8,11200,0
2015-02-09,19:15:00,26.82,26.87,26.8,26.8,5999,0
2015-02-09,19:20:00,26.8,26.83,26.7704,26.7704,8543,0
2015-02-09,19:25:00,26.75,26.775,26.68,26.68,5500,0
2015-02-09,19:30:00,26.65,26.86,26.65,26.73,8199,0
2015-02-09,19:35:00,26.7,26.77,26.68,26.72,4100,0
2015-02-09,19:40:00,26.73,26.87,26.7,26.85,3700,0
2015-02-09,19:45:00,26.86,26.94,26.83,26.86,8950,0
2015-02-09,19:50:00,26.85,26.99,26.85,26.99,7400,0
2015-02-09,19:55:00,26.97,27.09,26.97,27.06,10029,0
2015-02-09,20:00:00,27.06,27.09,27.04,27.08,8218,0
2015-02-09,20:05:00,27.08,27.12,26.96,26.96,23800,0
2015-02-09,20:10:00,26.955,27.0,26.862,26.9299,7385,0
2015-02-09,20:15:00,26.89,26.9,26.81,26.85,5650,0
2015-02-09,20:20:00,26.83,26.95,26.83,26.83,8700,0
2015-02-09,20:25:00,26.8,26.9,26.8,26.82,9160,0
2015-02-09,20:30:00,26.82,26.96,26.81,26.96,7562,0
2015-02-09,20:35:00,26.99,27.0,26.91,26.97,8150,0
2015-02-09,20:40:00,26.97,27.03,26.94,27.02,9650,0
2015-02-09,20:45:00,27.04,27.05,27.0,27.02,6005,0
2015-02-09,20:50:00,27.04,27.04,26.96,27.04,10000,0
2015-02-09,20:55:00,27.05,27.07,27.01,27.01,6900,0
2015-02-09,21:00:00,27.01,27.08,26.99,27.025,26900,0
2015-02-09,21:05:00,27.01,27.025,26.97,26.98,18913,0
2015-02-09,21:10:00,26.98,26.991,26.91,26.91,40051,0
2015-02-09,21:15:00,26.9,26.95,26.9,26.95,18361,0
2015-02-09,21:20:00,26.93,26.93,26.86,26.88,9912,0
2015-02-09,21:25:00,26.85,26.9,26.85,26.9,20360,0
2015-02-09,21:30:00,26.9,26.91,26.88,26.9,8974,0
2015-02-09,21:35:00,26.9,26.91,26.83,26.83,15801,0
2015-02-09,21:40:00,26.84,26.88,26.82,26.84,18612,0
2015-02-09,21:45:00,26.835,26.91,26.81,26.88,15730,0
2015-02-09,21:50:00,26.88,27.01,26.88,26.9825,22853,0
2015-02-09,21:55:00,26.96,26.99,26.91,26.92,35090,0
2015-02-09,22:00:00,26.92,27.01,26.9,26.9,1058579,0
2015-02-10,15:35:00,27.004,27.004,26.58,26.58,3000,0
2015-02-10,15:40:00,26.71,26.71,26.52,26.55,9126,0
2015-02-10,15:45:00,26.44,26.708,26.44,26.56,13412,0
2015-02-10,15:50:00,26.5599,26.65,26.399,26.399,7300,0
2015-02-10,15:55:00,26.41,26.424,26.23,26.2899,5876,0
2015-02-10,16:00:00,26.288,26.288,26.08,26.115,11000,0
2015-02-10,16:05:00,26.09,26.188,26.01,26.01,23573,0
2015-02-10,16:10:00,26.02,26.2,25.99,26.13,63143,0
2015-02-10,16:15:00,26.1,26.12,25.87,25.87,11100,0
2015-02-10,16:20:00,25.92,26.05,25.88,25.9538,44999,0
2015-02-10,16:25:00,25.9563,25.96,25.79,25.79,18750,0
2015-02-10,16:30:00,25.75,25.84,25.7,25.82,14633,0
2015-02-10,16:35:00,25.84,25.84,25.72,25.8,36122,0
2015-02-10,16:40:00,25.81,25.83,25.68,25.71,26277,0
2015-02-10,16:45:00,25.718,25.719,25.62,25.62,13000,0
2015-02-10,16:50:00,25.62,25.62,25.42,25.45,36910,0
2015-02-10,16:55:00,25.49,25.56,25.23,25.3,28759,0
2015-02-10,17:00:00,25.3,25.44,25.27,25.31,14500,0
2015-02-10,17:05:00,25.32,25.35,25.23,25.34,12724,0
2015-02-10,17:10:00,25.38,25.4,25.295,25.295,8600,0
2015-02-10,17:15:00,25.27,25.36,25.26,25.31,19066,0
2015-02-10,17:20:00,25.31,25.39,25.3,25.39,13100,0
2015-02-10,17:25:00,25.44,25.56,25.405,25.405,8300,0
2015-02-10,17:30:00,25.4,25.42,25.35,25.38,9400,0
2015-02-10,17:35:00,25.36,25.57,25.33,25.48,12467,0
2015-02-10,17:40:00,25.5,25.56,25.47,25.48,7082,0
2015-02-10,17:45:00,25.46,25.48,25.37,25.48,48136,0
2015-02-10,17:50:00,25.49,25.53,25.43,25.53,8000,0
2015-02-10,17:55:00,25.545,25.59,25.54,25.56,6018,0
2015-02-10,18:00:00,25.57,25.665,25.57,25.62,9650,0
2015-02-10,18:05:00,25.62,25.635,25.56,25.635,13247,0
2015-02-10,18:10:00,25.63,25.71,25.63,25.69,6500,0
2015-02-10,18:15:00,25.69,25.77,25.64,25.66,18200,0
2015-02-10,18:20:00,25.6706,25.86,25.65,25.835,8200,0
2015-02-10,18:25:00,25.85,25.895,25.83,25.855,11400,0
2015-02-10,18:30:00,25.845,25.85,25.8,25.85,13350,0
2015-02-10,18:35:00,25.84,25.85,25.68,25.79,19385,0
2015-02-10,18:40:00,25.82,25.87,25.79,25.85,7061,0
2015-02-10,18:45:00,25.86,25.88,25.8,25.8,13249,0
2015-02-10,18:50:00,25.84,25.84,25.72,25.76,4300,0
2015-02-10,18:55:00,25.749,25.76,25.63,25.665,11556,0
2015-02-10,19:00:00,25.68,25.77,25.66,25.7,9412,0
2015-02-10,19:05:00,25.71,25.8,25.68,25.76,14800,0
2015-02-10,19:10:00,25.76,25.775,25.7,25.76,10400,0
2015-02-10,19:15:00,25.78,25.87,25.75,25.83,3495,0
2015-02-10,19:20:00,25.87,25.87,25.74,25.74,10670,0
2015-02-10,19:25:00,25.77,25.78,25.61,25.63,9500,0
2015-02-10,19:30:00,25.63,25.685,25.6,25.64,12629,0
2015-02-10,19:35:00,25.645,25.67,25.6,25.64,12740,0
2015-02-10,19:40:00,25.65,25.66,25.58,25.6,8188,0
2015-02-10,19:45:00,25.58,25.6,25.54,25.55,8510,0
2015-02-10,19:50:00,25.56,25.58,25.4,25.43,18253,0
2015-02-10,19:55:00,25.461,25.57,25.45,25.51,6200,0
2015-02-10,20:00:00,25.48,25.53,25.37,25.37,12671,0
2015-02-10,20:05:00,25.38,25.42,25.38,25.42,5500,0
2015-02-10,20:10:00,25.42,25.46,25.4,25.44,11111,0
2015-02-10,20:15:00,25.42,25.44,25.34,25.37,10564,0
2015-02-10,20:20:00,25.35,25.44,25.32,25.435,11187,0
2015-02-10,20:25:00,25.44,25.46,25.34,25.37,8133,0
2015-02-10,20:30:00,25.35,25.505,25.35,25.43,9812,0
2015-02-10,20:35:00,25.41,25.45,25.4,25.45,6632,0
2015-02-10,20:40:00,25.49,25.51,25.39,25.42,14309,0
2015-02-10,20:45:00,25.42,25.44,25.32,25.35,12250,0
2015-02-10,20:50:00,25.36,25.41,25.34,25.41,6633,0
2015-02-10,20:55:00,25.4,25.41,25.37,25.39,4000,0
2015-02-10,21:00:00,25.43,25.5,25.43,25.5,4400,0
2015-02-10,21:05:00,25.5,25.5,25.39,25.4,10472,0
2015-02-10,21:10:00,25.41,25.47,25.4,25.4,9064,0
2015-02-10,21:15:00,25.43,25.43,25.37,25.38,24636,0
2015-02-10,21:20:00,25.37,25.4,25.35,25.39,14072,0
2015-02-10,21:25:00,25.4,25.42,25.37,25.38,11780,0
2015-02-10,21:30:00,25.38,25.39,25.3,25.36,52286,0
2015-02-10,21:35:00,25.36,25.41,25.36,25.4,16973,0
2015-02-10,21:40:00,25.4,25.51,25.4,25.501,22400,0
2015-02-10,21:45:00,25.51,25.52,25.45,25.495,25465,0
2015-02-10,21:50:00,25.5,25.5,25.43,25.49,26129,0
2015-02-10,21:55:00,25.49,25.52,25.46,25.48,42600,0
2015-02-10,22:00:00,25.48,25.53,25.46,25.52,59380,0
2015-02-11,15:35:00,25.1,25.452,24.66,24.7,14037,0
2015-02-11,15:40:00,24.74,25.24,24.74,24.75,79400,0
2015-02-11,15:45:00,24.65,24.82,24.01,24.63,40598,0
2015-02-11,15:50:00,24.66,24.74,24.64,24.74,5000,0
2015-02-11,15:55:00,24.66,24.74,24.55,24.7,4380,0
2015-02-11,16:00:00,24.765,24.765,24.6,24.71,23965,0
2015-02-11,16:05:00,24.69,24.775,24.65,24.66,16050,0
2015-02-11,16:10:00,24.66,24.75,24.63,24.7,12675,0
2015-02-11,16:15:00,24.67,24.76,24.64,24.75,10200,0
2015-02-11,16:20:00,24.71,24.74,24.6,24.74,6400,0
2015-02-11,16:25:00,24.74,24.86,24.67,24.8,21998,0
2015-02-11,16:30:00,24.78,24.78,24.684,24.75,53222,0
2015-02-11,16:35:00,24.745,24.82,24.73,24.73,42433,0
2015-02-11,16:40:00,24.73,24.98,24.73,24.94,23352,0
2015-02-11,16:45:00,24.96,25.08,24.95,25.04,21300,0
2015-02-11,16:50:00,25.05,25.13,25.04,25.11,13100,0
2015-02-11,16:55:00,25.12,25.2,25.09,25.17,13751,0
2015-02-11,17:00:00,25.21,25.28,25.19,25.26,20280,0
2015-02-11,17:05:00,25.26,25.37,25.26,25.36,23358,0
2015-02-11,17:10:00,25.35,25.37,25.27,25.3,17757,0
2015-02-11,17:15:00,25.31,25.4,25.3,25.32,16803,0
2015-02-11,17:20:00,25.31,25.34,25.3,25.3,19250,0
2015-02-11,17:25:00,25.3,25.36,25.3,25.35,17150,0
2015-02-11,17:30:00,25.36,25.54,25.34,25.54,22860,0
2015-02-11,17:35:00,25.52,25.55,25.45,25.54,15811,0
2015-02-11,17:40:00,25.57,25.57,25.5,25.5,13239,0
2015-02-11,17:45:00,25.51,25.54,25.41,25.43,12220,0
2015-02-11,17:50:00,25.42,25.558,25.42,25.545,6800,0
2015-02-11,17:55:00,25.53,25.56,25.5,25.52,14018,0
2015-02-11,18:00:00,25.5,25.52,25.47,25.51,7600,0
2015-02-11,18:05:00,25.48,25.49,25.45,25.46,20549,0
2015-02-11,18:10:00,25.49,25.66,25.46,25.62,20804,0
2015-02-11,18:15:00,25.62,25.62,25.5,25.5,7771,0
2015-02-11,18:20:00,25.5,25.6,25.5,25.56,24562,0
2015-02-11,18:25:00,25.55,25.58,25.54,25.56,36996,0
2015-02-11,18:30:00,25.5728,25.5728,25.52,25.53,21550,0
2015-02-11,18:35:00,25.54,25.6,25.54,25.56,20156,0
2015-02-11,18:40:00,25.56,25.56,25.45,25.45,5800,0
2015-02-11,18:45:00,25.45,25.45,25.3,25.33,8350,0
2015-02-11,18:50:00,25.32,25.42,25.32,25.42,2300,0
2015-02-11,18:55:00,25.39,25.39,25.32,25.39,5800,0
2015-02-11,19:00:00,25.38,25.38,25.28,25.3,8200,0
2015-02-11,19:05:00,25.31,25.34,25.26,25.29,7800,0
2015-02-11,19:10:00,25.3,25.3,25.18,25.19,8300,0
2015-02-11,19:15:00,25.22,25.29,25.15,25.22,8699,0
2015-02-11,19:20:00,25.23,25.28,25.08,25.28,7700,0
2015-02-11,19:25:00,25.28,25.28,25.13,25.26,8809,0
2015-02-11,19:30:00,25.25,25.29,25.2,25.2,17424,0
2015-02-11,19:35:00,25.2,25.21,25.11,25.13,8400,0
2015-02-11,19:40:00,25.14,25.2,25.13,25.19,5905,0
2015-02-11,19:45:00,25.16,25.19,25.1,25.1,9000,0
2015-02-11,19:50:00,25.08,25.08,25.01,25.02,5400,0
2015-02-11,19:55:00,25.0,25.06,24.95,25.0,13629,0
2015-02-11,20:00:00,25.01,25.17,25.01,25.15,20851,0
2015-02-11,20:05:00,25.15,25.19,25.09,25.1,11959,0
2015-02-11,20:10:00,25.1,25.12,25.04,25.1,10100,0
2015-02-11,20:15:00,25.1,25.13,25.08,25.1,8340,0
2015-02-11,20:20:00,25.105,25.12,25.06,25.07,18550,0
2015-02-11,20:25:00,25.11,25.12,25.05,25.07,9107,0
2015-02-11,20:30:00,25.09,25.14,25.09,25.12,10949,0
2015-02-11,20:35:00,25.14,25.25,25.13,25.21,14355,0
2015-02-11,20:40:00,25.21,25.23,25.19,25.2,9332,0
2015-02-11,20:45:00,25.19,25.26,25.17,25.2,18150,0
2015-02-11,20:50:00,25.18,25.28,25.18,25.24,12513,0
2015-02-11,20:55:00,25.23,25.24,25.18,25.18,19782,0
2015-02-11,21:00:00,25.18,25.2,25.12,25.17,14800,0
2015-02-11,21:05:00,25.2,25.33,25.19,25.33,10337,0
2015-02-11,21:10:00,25.3,25.37,25.29,25.33,8300,0
2015-02-11,21:15:00,25.32,25.32,25.15,25.16,27400,0
2015-02-11,21:20:00,25.16,25.23,25.16,25.212,8372,0
2015-02-11,21:25:00,25.2,25.23,25.179,25.18,15160,0
2015-02-11,21:30:00,25.18,25.31,25.18,25.22,19700,0
2015-02-11,21:35:00,25.2,25.25,25.14,25.16,21902,0
2015-02-11,21:40:00,25.15,25.22,25.15,25.22,19479,0
2015-02-11,21:45:00,25.23,25.26,25.18,25.19,18934,0
2015-02-11,21:50:00,25.18,25.2,25.12,25.15,35103,0
2015-02-11,21:55:00,25.14,25.17,25.11,25.13,35611,0
2015-02-11,22:00:00,25.12,25.16,25.07,25.12,78093,0
2015-02-12,15:35:00,25.59,26.3,25.24,26.3,28164,0
2015-02-12,15:40:00,26.125,26.14,25.33,26.0,49533,0
2015-02-12,15:45:00,25.92,26.14,25.71,25.8,16730,0
2015-02-12,15:50:00,25.764,26.0,25.71,25.96,29358,0
2015-02-12,15:55:00,26.0,26.065,25.71,25.988,21365,0
2015-02-12,16:00:00,26.08,26.08,25.96,26.0,15350,0
2015-02-12,16:05:00,25.99,26.25,25.94,26.25,35595,0
2015-02-12,16:10:00,26.2255,26.46,26.08,26.4,38065,0
2015-02-12,16:15:00,26.44,26.74,26.4,26.63,43626,0
2015-02-12,16:20:00,26.646,26.91,26.53,26.56,135875,0
2015-02-12,16:25:00,26.55,26.62,26.41,26.45,24751,0
2015-02-12,16:30:00,26.4457,26.4457,26.1,26.17,64570,0
2015-02-12,16:35:00,26.13,26.17,26.05,26.15,11000,0
2015-02-12,16:40:00,26.19,26.26,26.1496,26.242,16889,0
2015-02-12,16:45:00,26.25,26.38,26.25,26.3799,14241,0
2015-02-12,16:50:00,26.39,26.39,26.25,26.25,11200,0
2015-02-12,16:55:00,26.27,26.32,26.07,26.116,10982,0
2015-02-12,17:00:00,26.11,26.23,26.1,26.18,5515,0
2015-02-12,17:05:00,26.2,26.28,26.13,26.17,12463,0
2015-02-12,17:10:00,26.18,26.18,26.05,26.1,14275,0
2015-02-12,17:15:00,26.12,26.2,26.12,26.16,8160,0
2015-02-12,17:20:00,26.19,26.24,26.16,26.21,7700,0
2015-02-12,17:25:00,26.22,26.22,26.07,26.12,4200,0
2015-02-12,17:30:00,26.13,26.2699,26.13,26.18,15900,0
2015-02-12,17:35:00,26.17,26.29,26.16,26.17,30369,0
2015-02-12,17:40:00,26.18,26.2,26.13,26.13,12900,0
2015-02-12,17:45:00,26.14,26.19,26.11,26.19,13824,0
2015-02-12,17:50:00,26.19,26.27,26.19,26.27,7900,0
2015-02-12,17:55:00,26.29,26.33,26.24,26.33,7400,0
2015-02-12,18:00:00,26.32,26.4,26.32,26.3881,10657,0
2015-02-12,18:05:00,26.39,26.45,26.35,26.45,21344,0
2015-02-12,18:10:00,26.45,26.45,26.31,26.33,32669,0
2015-02-12,18:15:00,26.3,26.4,26.28,26.39,7590,0
2015-02-12,18:20:00,26.3601,26.39,26.16,26.19,16173,0
2015-02-12,18:25:00,26.18,26.27,26.17,26.27,4244,0
2015-02-12,18:30:00,26.26,26.29,26.17,26.29,4300,0
2015-02-12,18:35:00,26.3,26.31,26.2,26.2,6800,0
2015-02-12,18:40:00,26.21,26.26,26.18,26.24,10700,0
2015-02-12,18:45:00,26.22,26.22,26.05,26.09,11274,0
2015-02-12,18:50:00,26.08,26.15,26.0704,26.15,6745,0
2015-02-12,18:55:00,26.14,26.23,26.14,26.23,3300,0
2015-02-12,19:00:00,26.23,26.29,26.11,26.14,17700,0
2015-02-12,19:05:00,26.15,26.2,26.11,26.14,13730,0
2015-02-12,19:10:00,26.15,26.16,26.01,26.11,5900,0
2015-02-12,19:15:00,26.08,26.132,26.08,26.13,2800,0
2015-02-12,19:20:00,26.17,26.22,26.05,26.13,14200,0
2015-02-12,19:25:00,26.14,26.2,26.0784,26.0784,5977,0
2015-02-12,19:30:00,26.09,26.1501,26.08,26.13,6121,0
2015-02-12,19:35:00,26.1005,26.1005,26.03,26.09,5900,0
2015-02-12,19:40:00,26.09,26.18,26.08,26.1599,10685,0
2015-02-12,19:45:00,26.15,26.21,26.129,26.16,5653,0
2015-02-12,19:50:00,26.16,26.24,26.12,26.19,8570,0
2015-02-12,19:55:00,26.21,26.23,26.13,26.18,4100,0
2015-02-12,20:00:00,26.1642,26.21,26.16,26.21,7720,0
2015-02-12,20:05:00,26.21,26.27,26.15,26.18,13550,0
2015-02-12,20:10:00,26.1701,26.3,26.1701,26.3,3375,0
2015-02-12,20:15:00,26.31,26.4,26.31,26.38,11461,0
2015-02-12,20:20:00,26.39,26.39,26.21,26.24,12457,0
2015-02-12,20:25:00,26.26,26.29,26.23,26.2301,3315,0
2015-02-12,20:30:00,26.22,26.29,26.22,26.28,2432,0
2015-02-12,20:35:00,26.26,26.36,26.26,26.32,4100,0
2015-02-12,20:40:00,26.3,26.3,26.195,26.2,8140,0
2015-02-12,20:45:00,26.23,26.23,26.11,26.19,16800,0
2015-02-12,20:50:00,26.19,26.23,26.19,26.21,4800,0
2015-02-12,20:55:00,26.19,26.24,26.13,26.2332,4400,0
2015-02-12,21:00:00,26.25,26.295,26.25,26.28,6450,0
2015-02-12,21:05:00,26.28,26.29,26.24,26.24,5782,0
2015-02-12,21:10:00,26.25,26.26,26.21,26.22,4400,0
2015-02-12,21:15:00,26.22,26.24,26.18,26.24,5200,0
2015-02-12,21:20:00,26.24,26.25,26.19,26.22,5850,0
2015-02-12,21:25:00,26.22,26.22,26.13,26.1814,12237,0
2015-02-12,21:30:00,26.2,26.21,26.1401,26.15,7171,0
2015-02-12,21:35:00,26.15,26.15,26.11,26.12,11398,0
2015-02-12,21:40:00,26.14,26.19,26.14,26.19,14066,0
2015-02-12,21:45:00,26.2,26.21,26.12,26.12,21529,0
2015-02-12,21:50:00,26.13,26.18,26.09,26.12,24925,0
2015-02-12,21:55:00,26.12,26.125,26.03,26.03,35433,0
2015-02-12,22:00:00,26.04,26.08,26.04,26.06,67079,0
2015-02-13,15:35:00,26.31,26.47,26.18,26.21,21242,0
2015-02-13,15:40:00,26.34,26.4,26.33,26.4,6800,0
2015-02-13,15:45:00,26.36,26.47,26.33,26.41,29742,0
2015-02-13,15:50:00,26.41,26.47,26.32,26.32,11400,0
2015-02-13,15:55:00,26.29,26.29,26.19,26.191,5700,0
2015-02-13,16:00:00,26.19,26.21,26.15,26.17,9232,0
2015-02-13,16:05:00,26.15,26.15,25.98,26.09,12100,0
2015-02-13,16:10:00,26.0401,26.09,26.03,26.07,22417,0
2015-02-13,16:15:00,26.09,26.16,26.02,26.02,18849,0
2015-02-13,16:20:00,26.07,26.07,25.9,25.94,8900,0
2015-02-13,16:25:00,25.93,25.95,25.7128,25.74,14750,0
2015-02-13,16:30:00,25.75,25.794,25.73,25.74,5500,0
2015-02-13,16:35:00,25.74,25.77,25.68,25.71,17706,0
2015-02-13,16:40:00,25.73,25.74,25.7,25.73,24176,0
2015-02-13,16:45:00,25.73,25.83,25.71,25.79,16550,0
2015-02-13,16:50:00,25.79,25.84,25.77,25.77,16310,0
2015-02-13,16:55:00,25.78,25.785,25.63,25.63,9224,0
2015-02-13,17:00:00,25.63,25.68,25.63,25.68,9300,0
2015-02-13,17:05:00,25.69,25.77,25.69,25.73,13567,0
2015-02-13,17:10:00,25.74,25.75,25.67,25.69,12300,0
2015-02-13,17:15:00,25.71,25.72,25.55,25.56,9409,0
2015-02-13,17:20:00,25.56,25.56,25.46,25.46,8689,0
2015-02-13,17:25:00,25.47,25.475,25.38,25.4,15030,0
2015-02-13,17:30:00,25.39,25.4,25.36,25.385,6700,0
2015-02-13,17:35:00,25.38,25.38,25.3,25.34,19512,0
2015-02-13,17:40:00,25.312,25.37,25.312,25.37,8142,0
2015-02-13,17:45:00,25.36,25.38,25.31,25.35,17600,0
2015-02-13,17:50:00,25.32,25.33,25.26,25.27,10205,0
2015-02-13,17:55:00,25.28,25.28,25.21,25.25,11757,0
2015-02-13,18:00:00,25.23,25.271,25.23,25.25,6300,0
2015-02-13,18:05:00,25.251,25.39,25.21,25.39,16914,0
2015-02-13,18:10:00,25.42,25.43,25.33,25.35,5004,0
2015-02-13,18:15:00,25.32,25.34,25.23,25.33,8865,0
2015-02-13,18:20:00,25.31,25.36,25.28,25.28,3200,0
2015-02-13,18:25:00,25.28,25.37,25.27,25.37,5000,0
2015-02-13,18:30:00,25.37,25.38,25.33,25.34,3200,0
2015-02-13,18:35:00,25.38,25.38,25.35,25.37,2200,0
2015-02-13,18:40:00,25.36,25.39,25.34,25.34,2700,0
2015-02-13,18:45:00,25.35,25.42,25.35,25.38,4000,0
2015-02-13,18:50:00,25.42,25.42,25.26,25.26,21234,0
2015-02-13,18:55:00,25.25,25.28,25.22,25.24,6900,0
2015-02-13,19:00:00,25.22,25.25,25.21,25.23,5098,0
2015-02-13,19:05:00,25.23,25.29,25.2,25.26,12531,0
2015-02-13,19:10:00,25.261,25.35,25.261,25.35,5140,0
2015-02-13,19:15:00,25.35,25.36,25.3,25.36,3100,0
2015-02-13,19:20:00,25.38,25.38,25.34,25.34,2724,0
2015-02-13,19:25:00,25.39,25.46,25.38,25.46,5099,0
2015-02-13,19:30:00,25.43,25.43,25.28,25.28,3100,0
2015-02-13,19:35:00,25.3,25.32,25.24,25.24,4125,0
2015-02-13,19:40:00,25.26,25.26,25.18,25.23,13376,0
2015-02-13,19:45:00,25.23,25.25,25.16,25.2,11330,0
2015-02-13,19:50:00,25.1731,25.19,25.05,25.1,9700,0
2015-02-13,19:55:00,25.09,25.13,24.96,25.0,19643,0
2015-02-13,20:00:00,25.0,25.01,24.98,24.98,11220,0
2015-02-13,20:05:00,25.0,25.2,24.97,25.2,18404,0
2015-02-13,20:10:00,25.19,25.34,25.175,25.34,13200,0
2015-02-13,20:15:00,25.38,25.41,25.3,25.33,12600,0
2015-02-13,20:20:00,25.33,25.47,25.33,25.45,7500,0
2015-02-13,20:25:00,25.455,25.46,25.395,25.43,12650,0
2015-02-13,20:30:00,25.43,25.56,25.43,25.53,13280,0
2015-02-13,20:35:00,25.53,25.57,25.43,25.45,9900,0
2015-02-13,20:40:00,25.47,25.53,25.435,25.49,3600,0
2015-02-13,20:45:00,25.54,25.6,25.48,25.52,8900,0
2015-02-13,20:50:00,25.53,25.58,25.453,25.51,9300,0
2015-02-13,20:55:00,25.51,25.51,25.44,25.47,6200,0
2015-02-13,21:00:00,25.44,25.54,25.44,25.46,5500,0
2015-02-13,21:05:00,25.47,25.5,25.44,25.48,7100,0
2015-02-13,21:10:00,25.48,25.57,25.48,25.51,16632,0
2015-02-13,21:15:00,25.54,25.6,25.53,25.558,7240,0
2015-02-13,21:20:00,25.57,25.58,25.53,25.53,7500,0
2015-02-13,21:25:00,25.55,25.56,25.5,25.522,12500,0
2015-02-13,21:30:00,25.5,25.56,25.5,25.52,10500,0
2015-02-13,21:35:00,25.53,25.588,25.505,25.55,11642,0
2015-02-13,21:40:00,25.56,25.56,25.49,25.49,12300,0
2015-02-13,21:45:00,25.5,25.55,25.49,25.54,15254,0
2015-02-13,21:50:00,25.53,25.53,25.41,25.41,27800,0
2015-02-13,21:55:00,25.43,25.49,25.41,25.44,27443,0
2015-02-13,22:00:00,25.43,25.51,25.41,25.5,77189,0
2015-02-17,15:35:00,25.16,25.375,25.002,25.245,21346,0
2015-02-17,15:40:00,25.19,25.1913,24.8,24.8,8000,0
2015-02-17,15:45:00,24.77,24.995,24.66,24.94,18143,0
2015-02-17,15:50:00,25,25.09,24.97,25.055,19893,0
2015-02-17,15:55:00,25.02,25.0307,24.92,24.99,6600,0
2015-02-17,16:00:00,24.98,25.03,24.91,24.98,9800,0
2015-02-17,16:05:00,24.97,25.08,24.9,24.96,17396,0
2015-02-17,16:10:00,24.95,25.1,24.9,25.1,18408,0
2015-02-17,16:15:00,25.09,25.17,25.05,25.16,9200,0
2015-02-17,16:20:00,25.12,25.12,24.9,24.9,8220,0
2015-02-17,16:25:00,24.905,24.94,24.84,24.84,7512,0
2015-02-17,16:30:00,24.895,24.895,24.75,24.79,21592,0
2015-02-17,16:35:00,24.81,24.85,24.7,24.85,9250,0
2015-02-17,16:40:00,24.87,24.95,24.84,24.92,8755,0
2015-02-17,16:45:00,24.92,24.94,24.86,24.89,4989,0
2015-02-17,16:50:00,24.93,25.03,24.88,25.03,6000,0
2015-02-17,16:55:00,25.06,25.12,25.06,25.1,4275,0
2015-02-17,17:00:00,25.12,25.205,25.12,25.17,5300,0
2015-02-17,17:05:00,25.175,25.175,25.02,25.07,7100,0
2015-02-17,17:10:00,24.99,24.9925,24.92,24.92,8045,0
2015-02-17,17:15:00,24.935,24.99,24.92,24.99,7260,0
2015-02-17,17:20:00,24.96,25.16,24.95,25.16,9982,0
2015-02-17,17:25:00,25.2,25.24,25.17,25.235,2800,0
2015-02-17,17:30:00,25.23,25.31,25.22,25.3,12932,0
2015-02-17,17:35:00,25.3,25.33,25.23,25.25,11140,0
2015-02-17,17:40:00,25.27,25.275,25.21,25.23,2800,0
2015-02-17,17:45:00,25.285,25.32,25.27,25.3,2900,0
2015-02-17,17:50:00,25.32,25.345,25.29,25.32,7800,0
2015-02-17,17:55:00,25.31,25.32,25.26,25.305,5000,0
2015-02-17,18:00:00,25.285,25.3,25.26,25.294,1410,0
2015-02-17,18:05:00,25.31,25.33,25.3,25.315,3900,0
2015-02-17,18:10:00,25.305,25.32,25.28,25.29,4910,0
2015-02-17,18:15:00,25.3,25.31,25.28,25.3,2600,0
2015-02-17,18:20:00,25.31,25.3251,25.28,25.31,10222,0
2015-02-17,18:25:00,25.28,25.3,25.23,25.26,3800,0
2015-02-17,18:30:00,25.265,25.33,25.2,25.2,12599,0
2015-02-17,18:35:00,25.18,25.295,25.18,25.255,2100,0
2015-02-17,18:40:00,25.24,25.26,25.2,25.26,5000,0
2015-02-17,18:45:00,25.23,25.33,25.23,25.3125,3600,0
2015-02-17,18:50:00,25.26,25.27,25.22,25.27,3630,0
2015-02-17,18:55:00,25.27,25.29,25.24,25.29,3500,0
2015-02-17,19:00:00,25.27,25.33,25.23,25.33,4200,0
2015-02-17,19:05:00,25.38,25.44,25.36,25.44,2500,0
2015-02-17,19:10:00,25.44,25.47,25.3904,25.42,4100,0
2015-02-17,19:15:00,25.45,25.45,25.42,25.43,500,0
2015-02-17,19:20:00,25.44,25.53,25.43,25.53,5242,0
2015-02-17,19:25:00,25.52,25.575,25.5,25.52,5734,0
2015-02-17,19:30:00,25.5,25.53,25.5,25.53,2100,0
2015-02-17,19:35:00,25.52,25.54,25.47,25.52,3000,0
2015-02-17,19:40:00,25.5,25.52,25.43,25.44,5411,0
2015-02-17,19:45:00,25.43,25.44,25.35,25.38,6100,0
2015-02-17,19:50:00,25.38,25.38,25.31,25.36,9195,0
2015-02-17,19:55:00,25.36,25.46,25.36,25.46,3200,0
2015-02-17,20:00:00,25.51,25.52,25.45,25.51,6256,0
2015-02-17,20:05:00,25.48,25.49,25.37,25.46,3936,0
2015-02-17,20:10:00,25.45,25.47,25.41,25.42,1800,0
2015-02-17,20:15:00,25.44,25.52,25.44,25.5,4560,0
2015-02-17,20:20:00,25.51,25.52,25.43,25.45,11650,0
2015-02-17,20:25:00,25.4501,25.54,25.45,25.49,10200,0
2015-02-17,20:30:00,25.53,25.53,25.45,25.47,5200,0
2015-02-17,20:35:00,25.47,25.5,25.43,25.47,2000,0
2015-02-17,20:40:00,25.47,25.63,25.47,25.585,7700,0
2015-02-17,20:45:00,25.59,25.64,25.59,25.64,1400,0
2015-02-17,20:50:00,25.63,25.64,25.58,25.59,6500,0
2015-02-17,20:55:00,25.58,25.6,25.55,25.6,4745,0
2015-02-17,21:00:00,25.61,25.64,25.6,25.64,3800,0
2015-02-17,21:05:00,25.59,25.64,25.55,25.63,10100,0
2015-02-17,21:10:00,25.63,25.7,25.61,25.7,9240,0
2015-02-17,21:15:00,25.69,25.71,25.65,25.69,6600,0
2015-02-17,21:20:00,25.68,25.69,25.64,25.67,5000,0
2015-02-17,21:25:00,25.67,25.68,25.62,25.67,8600,0
2015-02-17,21:30:00,25.65,25.67,25.62,25.65,5150,0
2015-02-17,21:35:00,25.65,25.65,25.56,25.57,13100,0
2015-02-17,21:40:00,25.58,25.61,25.55,25.6,7652,0
2015-02-17,21:45:00,25.6,25.6,25.52,25.54,16600,0
2015-02-17,21:50:00,25.55,25.57,25.48,25.56,12806,0
2015-02-17,21:55:00,25.53,25.54,25.476,25.49,25567,0
2015-02-17,22:00:00,25.5,25.56,25.485,25.54,37613,0
2015-02-18,15:35:00,25.37,25.3901,25.01,25.01,117327,0
2015-02-18,15:40:00,25.1,25.5,25.08,25.48,16049,0
2015-02-18,15:45:00,25.47,25.67,25.415,25.67,5852,0
2015-02-18,15:50:00,25.77,25.77,25.57,25.58,7100,0
2015-02-18,15:55:00,25.58,25.58,25.3601,25.3601,4150,0
2015-02-18,16:00:00,25.415,25.42,25.25,25.3,6596,0
2015-02-18,16:05:00,25.37,25.44,25.31,25.31,8570,0
2015-02-18,16:10:00,25.29,25.39,25.2,25.237,9500,0
2015-02-18,16:15:00,25.3,25.35,25.24,25.24,8504,0
2015-02-18,16:20:00,25.23,25.425,25.21,25.345,7300,0
2015-02-18,16:25:00,25.38,25.43,25.35,25.38,9607,0
2015-02-18,16:30:00,25.38,25.38,25.23,25.27,4451,0
2015-02-18,16:35:00,25.25,25.33,25.23,25.31,4544,0
2015-02-18,16:40:00,25.305,25.305,25.21,25.2101,1800,0
2015-02-18,16:45:00,25.26,25.28,25.16,25.18,13000,0
2015-02-18,16:50:00,25.18,25.265,25.17,25.25,18784,0
2015-02-18,16:55:00,25.28,25.35,25.28,25.34,6600,0
2015-02-18,17:00:00,25.34,25.35,25.28,25.295,19600,0
2015-02-18,17:05:00,25.29,25.365,25.29,25.32,5100,0
2015-02-18,17:10:00,25.33,25.35,25.28,25.3,17313,0
2015-02-18,17:15:00,25.3,25.34,25.28,25.34,6501,0
2015-02-18,17:20:00,25.37,25.37,25.26,25.2725,5600,0
2015-02-18,17:25:00,25.28,25.325,25.28,25.32,8600,0
2015-02-18,17:30:00,25.3,25.32,25.26,25.32,16650,0
2015-02-18,17:35:00,25.32,25.34,25.29,25.31,4100,0
2015-02-18,17:40:00,25.29,25.32,25.29,25.32,3350,0
2015-02-18,17:45:00,25.3,25.39,25.25,25.39,20148,0
2015-02-18,17:50:00,25.4,25.41,25.25,25.25,10254,0
2015-02-18,17:55:00,25.28,25.28,25.18,25.2,2400,0
2015-02-18,18:00:00,25.1805,25.195,25.13,25.13,10250,0
2015-02-18,18:05:00,25.11,25.12,25.03,25.08,4500,0
2015-02-18,18:10:00,25.07,25.08,25.04,25.05,4300,0
2015-02-18,18:15:00,25.04,25.07,25.04,25.06,4400,0
2015-02-18,18:20:00,25.08,25.09,25.02,25.04,5700,0
2015-02-18,18:25:00,25.04,25.12,25.02,25.08,6374,0
2015-02-18,18:30:00,25.06,25.07,25.02,25.04,7139,0
2015-02-18,18:35:00,25.06,25.11,25.04,25.11,13500,0
2015-02-18,18:40:00,25.11,25.12,25.05,25.07,5400,0
2015-02-18,18:45:00,25.0701,25.1,25,25,23512,0
2015-02-18,18:50:00,25,25.02,24.98,24.99,6800,0
2015-02-18,18:55:00,25,25,24.97,24.99,3550,0
2015-02-18,19:00:00,24.97,24.97,24.93,24.94,2800,0
2015-02-18,19:05:00,24.96,25,24.92,24.96,36500,0
2015-02-18,19:10:00,24.94,24.96,24.9,24.93,5700,0
2015-02-18,19:15:00,24.92,24.967,24.88,24.935,5900,0
2015-02-18,19:20:00,24.92,24.98,24.92,24.94,4482,0
2015-02-18,19:25:00,24.95,24.97,24.92,24.94,3650,0
2015-02-18,19:30:00,24.92,24.94,24.9,24.94,6476,0
2015-02-18,19:35:00,24.99,25.03,24.93,24.93,4100,0
2015-02-18,19:40:00,24.95,25.01,24.94,25,3900,0
2015-02-18,19:45:00,25.01,25.08,25.01,25.06,4452,0
2015-02-18,19:50:00,25.11,25.11,25.03,25.04,3200,0
2015-02-18,19:55:00,25.04,25.04,24.99,25,4400,0
2015-02-18,20:00:00,25.04,25.04,25,25,4200,0
2015-02-18,20:05:00,25,25.14,25,25.07,8400,0
2015-02-18,20:10:00,25.07,25.14,25.07,25.1,5472,0
2015-02-18,20:15:00,25.12,25.12,25.02,25.023,1500,0
2015-02-18,20:20:00,25.05,25.12,25.035,25.04,8000,0
2015-02-18,20:25:00,25.07,25.13,25.04,25.09,6000,0
2015-02-18,20:30:00,25.13,25.14,24.99,24.99,3900,0
2015-02-18,20:35:00,24.98,25.04,24.97,25.01,3100,0
2015-02-18,20:40:00,24.99,24.99,24.97,24.97,3401,0
2015-02-18,20:45:00,24.97,24.97,24.92,24.94,7125,0
2015-02-18,20:50:00,24.935,24.935,24.87,24.885,5020,0
2015-02-18,20:55:00,24.8931,24.94,24.8931,24.91,8373,0
2015-02-18,21:00:00,24.92,24.925,24.87,24.92,4600,0
2015-02-18,21:05:00,24.95,24.96,24.91,24.94,6950,0
2015-02-18,21:10:00,24.9366,25.01,24.9366,24.97,6566,0
2015-02-18,21:15:00,24.98,25.02,24.97,25.01,8600,0
2015-02-18,21:20:00,25,25.02,24.99,25.01,4900,0
2015-02-18,21:25:00,25.02,25.04,24.99,25.02,5300,0
2015-02-18,21:30:00,25.02,25.06,24.97,24.98,14321,0
2015-02-18,21:35:00,24.98,25.05,24.95,25,14516,0
2015-02-18,21:40:00,25.01,25.03,24.96,25,7900,0
2015-02-18,21:45:00,25.01,25.028,24.98,25,11850,0
2015-02-18,21:50:00,25,25.05,24.97,25.0001,17434,0
2015-02-18,21:55:00,25.02,25.05,25.01,25.035,16538,0
2015-02-18,22:00:00,25.04,25.12,25.03,25.09,35742,0
2015-02-19,15:35:00,24.5601,24.87,24.38,24.74,17478,0
2015-02-19,15:40:00,24.76,24.82,24.26,24.48,10150,0
2015-02-19,15:45:00,24.545,24.65,24.5,24.605,7009,0
2015-02-19,15:50:00,24.49,24.59,24.41,24.41,6668,0
2015-02-19,15:55:00,24.4399,24.49,24.3601,24.45,5107,0
2015-02-19,16:00:00,24.45,24.48,24.37,24.37,5947,0
2015-02-19,16:05:00,24.43,24.5,24.38,24.5,15862,0
2015-02-19,16:10:00,24.5,24.74,24.45,24.73,11250,0
2015-02-19,16:15:00,24.75,25.03,24.75,25.03,10348,0
2015-02-19,16:20:00,24.97,24.97,24.74,24.82,13846,0
2015-02-19,16:25:00,24.8,24.93,24.76,24.91,4300,0
2015-02-19,16:30:00,24.88,24.93,24.75,24.75,2100,0
2015-02-19,16:35:00,24.7,24.77,24.65,24.65,2900,0
2015-02-19,16:40:00,24.63,24.78,24.61,24.74,4600,0
2015-02-19,16:45:00,24.75,24.78,24.68,24.76,9762,0
2015-02-19,16:50:00,24.75,24.75,24.51,24.6,3890,0
2015-02-19,16:55:00,24.5892,24.68,24.57,24.63,1700,0
2015-02-19,17:00:00,24.64,24.65,24.54,24.54,2200,0
2015-02-19,17:05:00,24.72,24.92,24.72,24.74,4000,0
2015-02-19,17:10:00,24.73,24.73,24.66,24.71,1900,0
2015-02-19,17:15:00,24.7,24.71,24.53,24.65,12983,0
2015-02-19,17:20:00,24.64,24.64,24.52,24.6,3900,0
2015-02-19,17:25:00,24.62,24.71,24.62,24.71,1900,0
2015-02-19,17:30:00,24.71,24.75,24.67,24.75,5600,0
2015-02-19,17:35:00,24.77,25,24.77,25,3656,0
2015-02-19,17:40:00,25.03,25.03,24.86,24.86,5450,0
2015-02-19,17:45:00,24.9,24.99,24.9,24.99,1520,0
2015-02-19,17:50:00,25.02,25.1,25.02,25.095,4800,0
2015-02-19,17:55:00,24.98,25.009,24.95,24.95,1300,0
2015-02-19,18:00:00,24.94,24.9794,24.92,24.97,1900,0
2015-02-19,18:05:00,24.95,25.01,24.9,25.01,4200,0
2015-02-19,18:10:00,24.96,25.01,24.94,25,3500,0
2015-02-19,18:15:00,25,25.005,24.98,24.995,1800,0
2015-02-19,18:20:00,24.99,25.02,24.98,25.01,3300,0
2015-02-19,18:25:00,24.98,24.98,24.96,24.96,700,0
2015-02-19,18:30:00,24.95,24.98,24.94,24.96,2300,0
2015-02-19,18:35:00,24.95,24.95,24.94,24.94,1800,0
2015-02-19,18:40:00,24.86,24.89,24.84,24.89,2200,0
2015-02-19,18:45:00,24.91,24.91,24.88,24.88,1300,0
2015-02-19,18:50:00,24.88,25.05,24.88,25.02,7816,0
2015-02-19,18:55:00,25.02,25.03,25,25.03,1522,0
2015-02-19,19:00:00,25.07,25.07,25.005,25.03,11442,0
2015-02-19,19:05:00,25.04,25.07,24.98,25.05,13246,0
2015-02-19,19:10:00,25.05,25.14,25.04,25.12,5700,0
2015-02-19,19:15:00,25.12,25.25,25.08,25.24,184957,0
2015-02-19,19:20:00,25.24,25.38,25.24,25.38,6746,0
2015-02-19,19:25:00,25.39,25.48,25.36,25.395,16100,0
2015-02-19,19:30:00,25.39,25.42,25.36,25.4,3500,0
2015-02-19,19:35:00,25.39,25.39,25.27,25.3,3730,0
2015-02-19,19:40:00,25.33,25.42,25.33,25.42,5158,0
2015-02-19,19:45:00,25.39,25.39,25.33,25.33,4400,0
2015-02-19,19:50:00,25.3,25.36,25.3,25.36,4650,0
2015-02-19,19:55:00,25.3599,25.4899,25.34,25.44,6600,0
2015-02-19,20:00:00,25.45,25.48,25.43,25.468,4350,0
2015-02-19,20:05:00,25.47,25.51,25.44,25.5,10031,0
2015-02-19,20:10:00,25.51,25.55,25.48,25.49,9850,0
2015-02-19,20:15:00,25.44,25.49,25.415,25.44,6400,0
2015-02-19,20:20:00,25.47,25.49,25.42,25.47,2800,0
2015-02-19,20:25:00,25.48,25.48,25.39,25.4,5000,0
2015-02-19,20:30:00,25.4,25.41,25.32,25.32,2200,0
2015-02-19,20:35:00,25.35,25.4,25.34,25.4,1800,0
2015-02-19,20:40:00,25.4,25.41,25.23,25.24,6800,0
2015-02-19,20:45:00,25.28,25.29,25.23,25.26,4538,0
2015-02-19,20:50:00,25.25,25.25,25.23,25.25,2200,0
2015-02-19,20:55:00,25.27,25.33,25.255,25.27,7235,0
2015-02-19,21:00:00,25.23,25.25,25.22,25.25,1700,0
2015-02-19,21:05:00,25.26,25.26,25.24,25.25,3600,0
2015-02-19,21:10:00,25.23,25.27,25.23,25.23,4500,0
2015-02-19,21:15:00,25.21,25.23,25.15,25.15,8313,0
2015-02-19,21:20:00,25.17,25.17,25.14,25.14,4831,0
2015-02-19,21:25:00,25.16,25.16,25.13,25.16,4040,0
2015-02-19,21:30:00,25.16,25.18,25.04,25.07,12425,0
2015-02-19,21:35:00,25.08,25.11,25.06,25.1,7184,0
2015-02-19,21:40:00,25.15,25.16,25.1,25.14,6500,0
2015-02-19,21:45:00,25.16,25.16,25.07,25.07,6100,0
2015-02-19,21:50:00,25.06,25.11,25.02,25.05,14900,0
2015-02-19,21:55:00,25.03,25.03,24.95,25.02,27728,0
2015-02-19,22:00:00,25.03,25.07,25.01,25.05,21408,0
2015-02-20,15:35:00,25.03,25.38,25.03,25.26,30725,0
2015-02-20,15:40:00,25.244,25.26,25.02,25.02,5000,0
2015-02-20,15:45:00,25.02,25.02,24.77,24.77,3056,0
2015-02-20,15:50:00,24.76,24.82,24.55,24.6,9688,0
2015-02-20,15:55:00,24.6,24.65,24.57,24.6,9000,0
2015-02-20,16:00:00,24.61,24.74,24.61,24.65,30432,0
2015-02-20,16:05:00,24.73,24.73,24.6,24.69,10844,0
2015-02-20,16:10:00,24.7,24.82,24.69,24.82,6200,0
2015-02-20,16:15:00,24.84,25.04,24.84,24.95,11700,0
2015-02-20,16:20:00,24.83,24.84,24.73,24.73,2000,0
2015-02-20,16:25:00,24.73,24.8,24.73,24.795,4640,0
2015-02-20,16:30:00,24.8,24.83,24.74,24.74,4438,0
2015-02-20,16:35:00,24.72,24.77,24.65,24.77,10000,0
2015-02-20,16:40:00,24.8,24.87,24.77,24.86,5862,0
2015-02-20,16:45:00,24.9,24.91,24.84,24.9,1200,0
2015-02-20,16:50:00,24.97,25.02,24.97,25,2600,0
2015-02-20,16:55:00,24.99,25,24.8806,24.92,4750,0
2015-02-20,17:00:00,24.93,25.02,24.93,24.97,3700,0
2015-02-20,17:05:00,25,25.02,24.98,25.02,7601,0
2015-02-20,17:10:00,25.02,25.03,24.97,25.02,7659,0
2015-02-20,17:15:00,25.06,25.1,25,25.06,8802,0
2015-02-20,17:20:00,25.06,25.14,25.06,25.1,6350,0
2015-02-20,17:25:00,25.07,25.08,25.01,25.05,3200,0
2015-02-20,17:30:00,25.07,25.11,25.07,25.1,2700,0
2015-02-20,17:35:00,25.12,25.125,25.03,25.04,5792,0
2015-02-20,17:40:00,25.04,25.07,25.02,25.02,2300,0
2015-02-20,17:45:00,25,25.145,25,25.09,10244,0
2015-02-20,17:50:00,25.1,25.13,25.08,25.11,3300,0
2015-02-20,17:55:00,25.11,25.16,25.11,25.14,1800,0
2015-02-20,18:00:00,25.13,25.19,25.13,25.19,1400,0
2015-02-20,18:05:00,25.19,25.19,25.14,25.14,2300,0
2015-02-20,18:10:00,25.14,25.14,25.09,25.12,3900,0
2015-02-20,18:15:00,25.13,25.22,25.11,25.19,6200,0
2015-02-20,18:20:00,25.18,25.19,25.12,25.12,5180,0
2015-02-20,18:25:00,25.13,25.23,25.09,25.23,82800,0
2015-02-20,18:30:00,25.174,25.18,25.05,25.05,9984,0
2015-02-20,18:35:00,25.06,25.09,25,25.04,9020,0
2015-02-20,18:40:00,25.03,25.18,25.03,25.12,4400,0
2015-02-20,18:45:00,25.13,25.21,25.1,25.1,800,0
2015-02-20,18:50:00,25.12,25.13,25.11,25.11,1797,0
2015-02-20,18:55:00,25.06,25.06,24.97,24.99,12668,0
2015-02-20,19:00:00,24.99,25.024,24.93,24.93,13590,0
2015-02-20,19:05:00,24.98,25.03,24.97,25.01,7200,0
2015-02-20,19:10:00,25.02,25.02,24.98,25.01,6400,0
2015-02-20,19:15:00,25.01,25.06,25,25,4500,0
2015-02-20,19:20:00,25.05,25.09,25.03,25.04,4300,0
2015-02-20,19:25:00,25.05,25.07,25.05,25.07,900,0
2015-02-20,19:30:00,25.06,25.06,24.99,25,3600,0
2015-02-20,19:35:00,25.03,25.06,25.02,25.06,2500,0
2015-02-20,19:40:00,25.02,25.08,25,25.06,7150,0
2015-02-20,19:45:00,25.11,25.11,25,25.04,7753,0
2015-02-20,19:50:00,25.04,25.05,25.04,25.05,700,0
2015-02-20,19:55:00,25.04,25.05,25.02,25.05,1300,0
2015-02-20,20:00:00,25.04,25.1,25.04,25.07,2700,0
2015-02-20,20:05:00,25.08,25.08,25.02,25.03,4500,0
2015-02-20,20:10:00,25.06,25.08,24.99,25,4400,0
2015-02-20,20:15:00,25,25.07,24.97,25.07,5200,0
2015-02-20,20:20:00,25.07,25.07,24.99,25.04,4300,0
2015-02-20,20:25:00,25.04,25.04,24.97,24.97,3296,0
2015-02-20,20:30:00,24.95,24.96,24.91,24.91,4000,0
2015-02-20,20:35:00,24.9,25,24.9,24.98,2900,0
2015-02-20,20:40:00,24.94,25,24.93,24.99,9800,0
2015-02-20,20:45:00,24.98,25,24.91,24.94,13063,0
2015-02-20,20:50:00,24.92,24.99,24.92,24.99,4800,0
2015-02-20,20:55:00,25,25.01,24.98,25,3200,0
2015-02-20,21:00:00,24.99,25.04,24.98,24.99,6700,0
2015-02-20,21:05:00,25.01,25.03,24.93,24.98,19203,0
2015-02-20,21:10:00,25,25.09,24.97,25.09,13300,0
2015-02-20,21:15:00,25.08,25.085,24.97,25,14929,0
2015-02-20,21:20:00,25,25.03,24.98,25.02,10395,0
2015-02-20,21:25:00,25.01,25.05,25,25.05,5000,0
2015-02-20,21:30:00,25.065,25.07,25.02,25.06,9100,0
2015-02-20,21:35:00,25.06,25.06,25.02,25.05,12705,0
2015-02-20,21:40:00,25.04,25.05,25,25,11812,0
2015-02-20,21:45:00,25.02,25.03,25.01,25.01,12700,0
2015-02-20,21:50:00,25.02,25.04,24.99,25,29267,0
2015-02-20,21:55:00,25.03,25.03,24.97,25,36381,0
2015-02-20,22:00:00,24.99,25.02,24.96,25.01,64803,0
2015-02-23,15:35:00,24.88,24.88,24.44,24.44,13491,0
2015-02-23,15:40:00,24.58,24.77,24.4407,24.4407,3200,0
2015-02-23,15:45:00,24.47,24.62,24.42,24.62,14167,0
2015-02-23,15:50:00,24.61,24.61,24.44,24.5,9207,0
2015-02-23,15:55:00,24.5,24.51,24.47,24.51,15403,0
2015-02-23,16:00:00,24.5,24.75,24.5,24.75,3300,0
2015-02-23,16:05:00,24.73,24.74,24.62,24.68,4200,0
2015-02-23,16:10:00,24.78,24.78,24.67,24.7,3300,0
2015-02-23,16:15:00,24.6,24.66,24.54,24.66,21482,0
2015-02-23,16:20:00,24.63,24.683,24.555,24.62,31640,0
2015-02-23,16:25:00,24.58,24.69,24.58,24.6856,8234,0
2015-02-23,16:30:00,24.73,25.06,24.71,24.99,82462,0
2015-02-23,16:35:00,25.015,25.1599,25.005,25.1,15626,0
2015-02-23,16:40:00,25.11,25.15,25.05,25.13,13367,0
2015-02-23,16:45:00,25.1,25.13,25.06,25.07,11286,0
2015-02-23,16:50:00,25.05,25.06,24.94,24.98,9188,0
2015-02-23,16:55:00,24.97,24.99,24.9,24.95,9853,0
2015-02-23,17:00:00,24.93,24.99,24.92,24.92,6000,0
2015-02-23,17:05:00,24.88,24.93,24.88,24.93,3700,0
2015-02-23,17:10:00,24.9,24.98,24.88,24.98,4646,0
2015-02-23,17:15:00,24.96,24.96,24.88,24.88,7470,0
2015-02-23,17:20:00,24.89,24.92,24.882,24.92,2316,0
2015-02-23,17:25:00,24.92,24.95,24.89,24.94,3900,0
2015-02-23,17:30:00,24.925,25.03,24.925,25.03,4651,0
2015-02-23,17:35:00,25.09,25.11,25.04,25.09,11992,0
2015-02-23,17:40:00,25.08,25.08,25.03,25.05,3052,0
2015-02-23,17:45:00,25.07,25.07,25.01,25.05,2400,0
2015-02-23,17:50:00,25.04,25.11,25.03,25.09,3700,0
2015-02-23,17:55:00,25.07,25.098,24.9,24.94,32974,0
2015-02-23,18:00:00,24.92,24.92,24.882,24.882,1700,0
2015-02-23,18:05:00,24.87,24.9,24.83,24.845,9500,0
2015-02-23,18:10:00,24.9199,24.92,24.84,24.87,6600,0
2015-02-23,18:15:00,24.885,24.905,24.79,24.8,3850,0
2015-02-23,18:20:00,24.81,24.81,24.7,24.75,4900,0
2015-02-23,18:25:00,24.74,24.81,24.72,24.795,3000,0
2015-02-23,18:30:00,24.86,24.8799,24.78,24.784,5000,0
2015-02-23,18:35:00,24.79,24.81,24.78,24.7899,8450,0
2015-02-23,18:40:00,24.79,24.8,24.48,24.49,40157,0
2015-02-23,18:45:00,24.48,24.66,24.475,24.66,26500,0
2015-02-23,18:50:00,24.66,24.7,24.59,24.7,5600,0
2015-02-23,18:55:00,24.74,24.75,24.7,24.7,3100,0
2015-02-23,19:00:00,24.76,24.7882,24.72,24.7882,2200,0
2015-02-23,19:05:00,24.79,24.85,24.74,24.77,8200,0
2015-02-23,19:10:00,24.76,24.89,24.76,24.85,12400,0
2015-02-23,19:15:00,24.83,24.88,24.82,24.86,5800,0
2015-02-23,19:20:00,24.86,24.88,24.82,24.85,6300,0
2015-02-23,19:25:00,24.85,24.97,24.83,24.83,8000,0
2015-02-23,19:30:00,24.81,24.87,24.79,24.84,3000,0
2015-02-23,19:35:00,24.88,25.15,24.88,25.04,20339,0
2015-02-23,19:40:00,25.08,25.3975,25.06,25.3975,12423,0
2015-02-23,19:45:00,25.36,25.46,25.3,25.3,17231,0
2015-02-23,19:50:00,25.33,25.35,25.12,25.12,13600,0
2015-02-23,19:55:00,25.13,25.19,25.105,25.13,4337,0
2015-02-23,20:00:00,25.12,25.15,25.07,25.15,4500,0
2015-02-23,20:05:00,25.12,25.12,25.02,25.09,5950,0
2015-02-23,20:10:00,25.1,25.13,25.01,25.03,4900,0
2015-02-23,20:15:00,25.035,25.035,24.96,24.99,3759,0
2015-02-23,20:20:00,24.98,25,24.97,24.99,4830,0
2015-02-23,20:25:00,24.95,24.95,24.87,24.87,6279,0
2015-02-23,20:30:00,24.91,24.93,24.86,24.925,9922,0
2015-02-23,20:35:00,24.91,24.93,24.6,24.63,12700,0
2015-02-23,20:40:00,24.64,24.66,24.52,24.59,8950,0
2015-02-23,20:45:00,24.57,24.672,24.57,24.65,5880,0
2015-02-23,20:50:00,24.65,24.66,24.53,24.53,29155,0
2015-02-23,20:55:00,24.52,24.525,24.445,24.48,8015,0
2015-02-23,21:00:00,24.4819,24.5999,24.4819,24.56,6100,0
2015-02-23,21:05:00,24.57,24.57,24.47,24.48,15600,0
2015-02-23,21:10:00,24.475,24.62,24.475,24.59,16254,0
2015-02-23,21:15:00,24.59,24.68,24.58,24.68,5724,0
2015-02-23,21:20:00,24.66,24.7,24.64,24.67,4400,0
2015-02-23,21:25:00,24.69,24.7,24.63,24.63,15294,0
2015-02-23,21:30:00,24.63,24.67,24.58,24.67,7700,0
2015-02-23,21:35:00,24.67,24.68,24.61,24.61,5090,0
2015-02-23,21:40:00,24.63,24.69,24.63,24.66,7326,0
2015-02-23,21:45:00,24.68,24.81,24.68,24.8,10998,0
2015-02-23,21:50:00,24.81,24.83,24.785,24.82,14681,0
2015-02-23,21:55:00,24.82,24.84,24.77,24.82,16454,0
2015-02-23,22:00:00,24.82,24.85,24.75,24.79,70684,0
