Date,Time,Open,High,Low,Close,Volume,OpenInt
2012-08-28,21:35:00,7.890,7.890,7.890,7.890,100,0
2012-08-28,21:55:00,7.0,7.0,6.8,6.8,200,0
2012-08-28,22:00:00,6.8,6.8,6.8,6.8,174,0
2012-08-29,22:00:00,6.9,6.9,6.9,6.9,200,0
2012-09-05,21:55:00,7.0,7.0,7.0,7.0,200,0
2012-09-06,21:15:00,7.0,7.0,7.0,7.0,200,0
2012-09-10,19:35:00,7.0,7.0,7.0,7.0,1000,0
2012-09-10,20:05:00,7.0,7.0,7.0,7.0,100,0
2012-09-10,22:00:00,7.0,7.0,6.79,6.79,300,0
2012-09-11,15:45:00,6.85,6.85,6.85,6.85,200,0
2012-09-12,21:50:00,6.84,6.85,6.84,6.85,3226,0
2012-09-19,17:15:00,7.15,7.15,7.15,7.15,1000,0
2012-10-08,15:35:00,6.62,6.62,6.62,6.62,1397,0
2012-10-09,15:40:00,6.886,6.886,6.886,6.886,500,0
2012-10-12,15:35:00,6.97,6.97,6.97,6.97,300,0
2012-10-15,21:20:00,6.61,6.61,6.6,6.6,1734,0
2012-10-16,21:05:00,7.03,7.03,7.03,7.03,400,0
2012-10-16,21:10:00,7.03,7.03,7.03,7.03,100,0
2012-10-17,15:35:00,6.91,6.91,6.91,6.91,100,0
2012-10-17,16:05:00,7.09,7.09,7.09,7.09,100,0
2012-10-17,16:30:00,7.09,7.09,7.09,7.09,100,0
2012-10-17,16:55:00,7.09,7.09,7.09,7.09,100,0
2012-10-17,17:45:00,7.1,7.1,7.1,7.1,100,0
2012-10-17,18:10:00,7.1,7.1,7.1,7.1,100,0
2012-10-17,18:35:00,7.1,7.1,7.1,7.1,100,0
2012-10-17,19:00:00,7.1,7.1,7.1,7.1,100,0
2012-10-17,19:25:00,7.48,7.48,7.48,7.48,100,0
2012-10-17,19:50:00,7.48,7.48,7.48,7.48,200,0
2012-10-17,20:20:00,7.44,7.44,7.44,7.44,100,0
2012-10-17,20:45:00,7.48,7.48,7.48,7.48,100,0
2012-10-17,21:10:00,7.48,7.48,7.48,7.48,100,0
2012-10-18,17:30:00,6.6,6.6,6.59,6.59,1100,0
2012-10-18,21:10:00,7.56,7.56,7.56,7.56,500,0
2012-10-18,21:35:00,6.55,6.55,6.55,6.55,200,0
2012-10-18,21:50:00,6.57,6.57,6.57,6.57,200,0
2012-10-18,22:00:00,7.15,7.15,7.15,7.15,100,0
2012-10-19,17:25:00,6.5101,6.5101,6.5,6.51,1540,0
2012-10-19,17:35:00,6.4962,6.4962,6.31,6.31,900,0
2012-10-23,15:40:00,6.5,6.5,6.5,6.5,500,0
2012-10-24,15:35:00,6.5,6.5,6.5,6.5,400,0
2012-10-25,21:05:00,6.5,6.5,6.5,6.5,2400,0
2012-10-26,15:35:00,6.5,6.5,6.5,6.5,300,0
2012-10-31,14:35:00,6.5,6.5,6.5,6.5,300,0
2012-11-05,19:50:00,7.0,7.0,6.9999,6.9999,400,0
2012-11-05,22:00:00,6.51,6.51,6.5,6.5,400,0
2012-11-28,18:25:00,6.9999,6.9999,6.9999,6.9999,1000,0
2012-12-11,16:05:00,6.75,6.75,6.75,6.75,200,0
2012-12-11,21:45:00,6.5,6.5,6.5,6.5,1150,0
2012-12-14,19:00:00,6.25,6.25,6.02,6.021,1000,0
2012-12-14,21:30:00,6.01,6.01,6.01,6.01,100,0
2012-12-17,15:35:00,6.04,6.04,6.04,6.04,700,0
2012-12-21,19:45:00,6.01,6.01,6.01,6.01,200,0
2012-12-21,20:10:00,6.01,6.01,6.01,6.01,100,0
2012-12-21,20:30:00,6.01,6.01,6.01,6.01,100,0
2012-12-21,20:35:00,6.5,6.5001,6.5,6.5001,1700,0
2012-12-21,20:50:00,6.5,6.5,6.5,6.5,100,0
2012-12-21,21:10:00,6.5,6.5,6.5,6.5,100,0
2012-12-21,21:25:00,6.5,6.5,6.5,6.5,100,0
2012-12-21,21:35:00,6.5,6.5,6.5,6.5,100,0
2012-12-21,22:00:00,6.75,6.75,6.75,6.75,1789,0
2012-12-24,15:35:00,6.74,6.74,6.74,6.74,100,0
2012-12-26,18:05:00,6.74,6.75,6.561,6.561,700,0
2012-12-26,19:55:00,6.65,6.65,6.65,6.65,100,0
2012-12-27,21:55:00,6.37,6.37,6.37,6.37,200,0
2012-12-31,17:20:00,6.85,6.85,6.85,6.85,200,0
2012-12-31,20:50:00,6.6,6.6,6.6,6.6,100,0
2012-12-31,21:15:00,6.4,6.4,6.4,6.4,200,0
2012-12-31,21:50:00,6.4,6.4,6.4,6.4,623,0
2013-01-02,15:35:00,6.58,6.58,6.58,6.58,600,0
2013-01-02,17:15:00,6.4,6.4,6.4,6.4,100,0
2013-01-02,19:20:00,6.4,6.4,6.4,6.4,100,0
2013-01-02,21:10:00,6.4,6.4,6.4,6.4,100,0
2013-01-02,22:00:00,6.4378,6.46,6.4378,6.46,600,0
2013-01-17,20:30:00,6.7999,6.8,6.77,6.8,440,0
2013-01-18,15:35:00,6.8,6.8,6.8,6.8,3000,0
2013-01-18,18:45:00,6.8,6.8,6.8,6.8,200,0
2013-01-24,15:35:00,6.84,6.84,6.84,6.84,192,0
2013-01-29,19:50:00,6.7107,6.7107,6.7107,6.7107,200,0
2013-02-07,19:55:00,6.7,6.7,6.7,6.7,209,0
2013-02-21,19:50:00,7.0,7.0,7.0,7.0,145,0
2013-02-21,21:50:00,6.82,6.82,6.82,6.82,200,0
2013-02-22,15:35:00,6.81,6.81,6.81,6.81,100,0
2013-02-22,16:40:00,6.81,6.81,6.81,6.81,2000,0
2013-02-22,16:55:00,6.81,6.82,6.8,6.8,3768,0
2013-02-22,17:35:00,6.8,6.8,6.8,6.8,350,0
2013-02-27,15:35:00,6.7,6.7,6.7,6.7,300,0
2013-03-01,21:55:00,7.0,7.0,7.0,7.0,200,0
2013-03-04,15:35:00,7.03,7.03,7.03,7.03,100,0
2013-03-05,15:35:00,7.03,7.03,7.03,7.03,200,0
2013-03-05,21:25:00,7.05,7.05,7.05,7.05,4000,0
2013-03-07,15:35:00,6.94,6.94,6.94,6.94,100,0
2013-03-08,15:35:00,6.97,6.97,6.97,6.97,100,0
2013-03-12,20:50:00,6.86,6.86,6.1,6.1,11206,0
2013-03-13,15:15:00,6.4,6.55,6.31,6.55,1400,0
2013-03-13,16:05:00,6.5,6.5,6.5,6.5,100,0
2013-03-13,17:10:00,6.36,6.36,6.36,6.36,500,0
2013-03-15,17:40:00,6.66,6.66,6.66,6.66,100,0
2013-03-18,15:05:00,6.9999,7.0,6.97,6.97,2600,0
2013-03-19,16:00:00,7.0,7.0,7.0,7.0,6500,0
2013-03-19,17:00:00,7.09,7.09,7.09,7.09,1000,0
2013-03-19,17:05:00,7.0,7.0,7.0,7.0,5500,0
2013-03-22,15:40:00,7.07,7.07,6.95,6.95,800,0
2013-03-22,20:05:00,6.95,6.95,6.95,6.95,1000,0
2013-03-27,17:00:00,6.8001,6.82,6.8,6.8,2740,0
2013-03-28,15:35:00,6.82,6.82,6.82,6.82,2300,0
2013-04-02,15:35:00,6.93,6.93,6.93,6.93,294,0
2013-04-03,17:55:00,6.98,7.0,6.977,6.982,3600,0
2013-04-03,21:40:00,6.85,6.85,6.85,6.85,200,0
2013-04-04,16:25:00,6.85,6.85,6.85,6.85,300,0
2013-04-04,18:45:00,6.95,6.95,6.95,6.95,1000,0
2013-04-04,21:50:00,6.85,6.85,6.85,6.85,100,0
2013-04-08,15:55:00,6.8501,6.8501,6.8501,6.8501,160,0
2013-04-09,20:45:00,7.0,7.0,7.0,7.0,200,0
2013-04-10,20:45:00,7.15,7.15,7.15,7.15,136,0
2013-04-12,20:30:00,7.095,7.095,7.095,7.095,1000,0
2013-04-15,17:40:00,7.05,7.05,7.05,7.05,200,0
2013-04-19,20:35:00,7.05,7.19,7.05,7.19,1500,0
2013-04-23,17:50:00,7.1,7.1,7.1,7.1,200,0
2013-04-23,17:55:00,7.1,7.19,7.1,7.19,3500,0
2013-04-23,18:00:00,7.19,7.19,7.19,7.19,3627,0
2013-04-23,20:40:00,7.2,7.2,7.2,7.2,2000,0
2013-04-23,20:55:00,7.2,7.2,7.2,7.2,2000,0
2013-04-23,21:05:00,7.25,7.25,7.25,7.25,6600,0
2013-04-23,21:20:00,7.35,7.35,7.35,7.35,6600,0
2013-04-24,15:35:00,7.2,7.2,7.2,7.2,300,0
2013-05-06,17:35:00,7.5,7.5,7.5,7.5,600,0
2013-05-07,17:20:00,7.6,7.6,7.6,7.6,100,0
2013-05-07,17:25:00,7.11,7.11,7.0,7.0,2000,0
2013-05-07,19:10:00,7.4999,7.4999,7.4999,7.4999,214,0
2013-05-07,21:00:00,7.5,7.5,7.45,7.45,1900,0
2013-05-08,15:35:00,7.63,8.02,7.63,8.02,2400,0
2013-05-08,17:05:00,7.5,7.5,7.5,7.5,100,0
2013-05-08,17:10:00,7.52,7.52,7.52,7.52,100,0
2013-05-09,20:15:00,7.5,7.5,7.5,7.5,800,0
2013-05-10,15:35:00,7.55,7.55,7.55,7.55,100,0
2013-05-16,15:35:00,7.65,7.65,7.65,7.65,2600,0
2013-05-16,16:25:00,7.72,7.72,7.72,7.72,200,0
2013-05-20,19:35:00,7.35,7.4,7.35,7.4,300,0
2013-05-20,20:20:00,7.6,7.6,7.2,7.3,300,0
2013-05-20,21:30:00,7.41,7.41,7.41,7.41,100,0
2013-05-20,22:00:00,7.21,7.21,7.21,7.21,100,0
2013-05-21,15:35:00,7.46,7.46,7.46,7.46,200,0
2013-05-21,21:40:00,7.56,7.56,7.56,7.56,1600,0
2013-05-21,21:55:00,7.56,7.56,7.56,7.56,1600,0
2013-05-23,19:00:00,7.196,7.196,7.196,7.196,1334,0
2013-05-30,15:35:00,7.22,7.22,7.22,7.22,285,0
2013-05-31,15:35:00,7.21,7.21,7.21,7.21,100,0
2013-06-03,15:35:00,7.35,7.35,7.35,7.35,240,0
2013-06-06,15:35:00,7.42,7.42,7.42,7.42,300,0
2013-06-07,15:35:00,7.4,7.4,7.4,7.4,300,0
2013-06-07,21:55:00,7.2,7.2,7.2,7.2,100,0
2013-06-11,15:35:00,7.23,7.23,7.23,7.23,100,0
2013-06-13,15:35:00,7.3,7.3,7.3,7.3,300,0
2013-06-14,15:35:00,7.3,7.3,7.3,7.3,100,0
2013-06-14,17:15:00,7.31,7.31,7.31,7.31,100,0
2013-06-17,15:35:00,7.4,7.4,7.4,7.4,300,0
2013-06-18,16:20:00,7.5,7.5,7.5,7.5,1000,0
2013-06-20,15:50:00,7.51,7.51,7.5001,7.5001,1400,0
2013-06-20,20:20:00,7.51,7.518,7.5,7.518,780,0
2013-06-20,21:05:00,7.5,7.5,7.26,7.26,334,0
2013-06-24,15:35:00,7.22,7.22,7.22,7.22,266,0
2013-06-28,15:35:00,7.23,7.23,7.23,7.23,100,0
2013-06-28,16:10:00,7.826,7.826,7.826,7.826,100,0
2013-06-28,16:50:00,7.86,7.86,7.86,7.86,100,0
2013-06-28,20:05:00,7.88,7.88,7.86,7.88,1000,0
2013-07-01,18:40:00,7.27,7.32,7.26,7.26,500,0
2013-07-02,16:00:00,7.34,7.34,7.3,7.3,1629,0
2013-07-05,15:35:00,7.48,7.48,7.48,7.48,300,0
2013-07-05,21:30:00,7.37,7.37,7.34,7.34,1429,0
2013-07-10,15:35:00,7.32,7.32,7.32,7.32,100,0
2013-07-18,22:00:00,7.7,7.7,7.7,7.7,200,0
2013-07-19,16:10:00,7.674,7.674,7.6,7.6,200,0
2013-07-19,16:15:00,7.6,7.6479,7.6,7.6479,2000,0
2013-07-22,16:50:00,7.89,7.89,7.89,7.89,835,0
2013-07-22,19:35:00,7.9499,7.9499,7.9499,7.9499,100,0
2013-07-22,22:00:00,7.7,7.7,7.7,7.7,200,0
2013-07-23,18:05:00,7.92,7.92,7.92,7.92,400,0
2013-07-23,21:30:00,7.94,7.95,7.94,7.95,600,0
2013-07-23,21:35:00,7.93,7.95,7.93,7.95,635,0
2013-07-29,15:35:00,8.0,8.0,8.0,8.0,300,0
2013-07-29,18:50:00,8.2999,8.2999,8.2999,8.2999,200,0
2013-07-29,21:15:00,8.057,8.057,8.05,8.05,300,0
2013-07-30,16:35:00,8.025,8.025,8.025,8.025,100,0
2013-07-30,19:35:00,8.0001,8.0001,8.0001,8.0001,1996,0
2013-07-30,21:50:00,8.0,8.0,8.0,8.0,2000,0
2013-07-31,16:00:00,8.1499,8.15,8.1499,8.15,1400,0
2013-07-31,17:15:00,8.15,8.15,8.15,8.15,244,0
2013-07-31,18:00:00,8.25,8.25,8.25,8.25,500,0
2013-08-01,21:10:00,8.3619,8.3619,8.3619,8.3619,100,0
2013-08-02,16:50:00,8.25,8.25,8.15,8.15,3300,0
2013-08-02,18:45:00,8.24,8.25,8.24,8.25,200,0
2013-08-02,18:50:00,8.25,8.25,8.25,8.25,100,0
2013-08-02,19:10:00,8.25,8.25,8.25,8.25,100,0
2013-08-08,16:45:00,8.2,8.2029,8.2,8.2029,790,0
2013-08-09,15:35:00,8.25,8.25,8.25,8.25,100,0
2013-08-09,17:20:00,8.2,8.2208,8.2,8.2,1000,0
2013-08-13,15:40:00,8.2,8.2,8.2,8.2,1912,0
2013-08-13,16:00:00,8.15,8.15,8.15,8.15,200,0
2013-08-13,20:30:00,8.25,8.25,8.25,8.25,2900,0
2013-08-13,21:20:00,8.3,8.3,8.3,8.3,1200,0
2013-08-14,19:00:00,8.2001,8.2001,8.2001,8.2001,1300,0
2013-08-14,19:05:00,8.2,8.2,8.2,8.2,2150,0
2013-08-14,19:10:00,8.2,8.201,8.2,8.201,800,0
2013-08-14,19:20:00,8.1999,8.2,8.19,8.2,2088,0
2013-08-15,15:35:00,8.4799,8.4799,8.4799,8.4799,175,0
2013-08-15,21:05:00,8.2,8.2,8.15,8.15,2400,0
2013-08-19,19:45:00,8.3,8.3,8.3,8.3,1000,0
2013-08-26,19:15:00,8.47,8.47,8.47,8.47,200,0
2013-08-27,17:30:00,8.15,8.15,8.15,8.15,1400,0
2013-08-28,21:55:00,8.15,8.15,8.15,8.15,500,0
2013-08-29,16:35:00,8.15,8.15,8.15,8.15,8030,0
2013-08-29,17:00:00,8.2,8.2,8.2,8.2,8030,0
2013-08-29,17:05:00,8.2,8.2,8.2,8.2,1300,0
2013-08-30,20:20:00,8.18,8.18,8.15,8.15,1300,0
2013-08-30,21:30:00,8.489,8.489,8.489,8.489,100,0
2013-09-03,15:35:00,8.44,8.44,8.44,8.44,200,0
2013-09-03,20:55:00,8.22,8.22,8.22,8.22,100,0
2013-09-03,21:05:00,8.21,8.21,8.21,8.21,100,0
2013-09-03,21:10:00,8.4,8.4,8.4,8.4,100,0
2013-09-03,21:25:00,8.24,8.24,8.24,8.24,100,0
2013-09-03,21:40:00,8.23,8.23,8.23,8.23,100,0
2013-09-04,21:40:00,8.18,8.18,8.15,8.15,5000,0
2013-09-04,22:00:00,8.15,8.15,8.15,8.15,100,0
2013-09-10,15:35:00,8.26,8.26,8.26,8.26,100,0
2013-09-10,20:55:00,8.49,8.5,8.445,8.5,9521,0
2013-09-17,17:20:00,8.5,8.5,8.5,8.5,1100,0
2013-09-17,18:25:00,8.7,8.7,8.7,8.7,2000,0
2013-09-17,20:35:00,8.72,9.0,8.55,8.96,1400,0
2013-09-17,20:40:00,8.91,8.91,8.91,8.91,400,0
2013-09-17,20:55:00,9.1,9.1,9.07,9.07,400,0
2013-09-19,17:30:00,8.55,8.55,8.41,8.469,10100,0
2013-09-24,15:35:00,8.58,8.58,8.58,8.58,110,0
2013-09-30,21:45:00,8.66,8.66,8.66,8.66,100,0
2013-10-01,19:00:00,8.68,8.75,8.68,8.75,3300,0
2013-10-07,15:35:00,8.62,8.62,8.62,8.62,300,0
2013-10-07,15:50:00,8.55,8.5501,8.45,8.55,1600,0
2013-10-08,15:35:00,8.57,8.57,8.57,8.57,100,0
2013-10-08,17:20:00,8.775,8.78,8.72,8.72,700,0
2013-10-10,19:00:00,8.55,8.55,8.55,8.55,300,0
2013-10-16,15:35:00,8.25,8.25,8.25,8.25,7140,0
2013-10-16,15:45:00,8.24,8.25,8.24,8.25,17400,0
2013-10-23,20:25:00,8.48,8.48,8.451,8.451,735,0
2013-10-28,17:55:00,8.45,8.45,8.45,8.45,200,0
2013-10-29,17:30:00,8.5101,8.5101,8.5101,8.5101,200,0
2013-10-31,14:35:00,8.46,8.46,8.46,8.46,395,0
2013-11-01,18:15:00,8.75,8.75,8.75,8.75,100,0
2013-11-01,18:30:00,8.75,8.75,8.75,8.75,200,0
2013-11-01,18:35:00,8.75,8.75,8.75,8.75,100,0
2013-11-01,18:40:00,8.75,8.75,8.75,8.75,100,0
2013-11-01,20:20:00,8.749,8.749,8.749,8.749,220,0
2013-11-05,15:35:00,8.7,8.7,8.7,8.7,100,0
2013-11-12,15:45:00,8.47,8.47,8.47,8.47,200,0
2013-11-19,20:35:00,8.7,8.7,8.7,8.7,100,0
2013-11-22,17:45:00,8.8,8.8,8.7999,8.7999,3500,0
2013-11-22,19:00:00,8.77,8.8,8.77,8.8,800,0
2013-11-27,16:45:00,8.5,8.5,8.5,8.5,1000,0
2013-12-02,15:35:00,8.75,8.75,8.75,8.75,200,0
2013-12-02,16:10:00,8.75,8.75,8.75,8.75,800,0
2013-12-02,16:20:00,8.53,8.53,8.53,8.53,200,0
2013-12-02,16:30:00,8.53,8.53,8.51,8.51,200,0
2013-12-02,16:35:00,8.7,8.7,8.6999,8.7,1673,0
2013-12-02,20:00:00,8.6999,8.75,8.6999,8.75,4500,0
2013-12-02,20:05:00,8.825,8.825,8.825,8.825,400,0
2013-12-02,20:30:00,8.8,8.8,8.6,8.8,800,0
2013-12-02,20:40:00,8.7999,8.8,8.7999,8.8,1600,0
2013-12-02,20:50:00,8.75,8.75,8.75,8.75,1000,0
2013-12-02,21:35:00,8.82,8.82,8.82,8.82,100,0
2013-12-02,21:40:00,8.82,8.82,8.8,8.8,1600,0
2013-12-02,22:00:00,8.98,9.5,8.98,9.5,1776,0
2013-12-06,15:35:00,9.45,9.45,9.45,9.45,100,0
2013-12-06,18:10:00,8.51,8.51,8.51,8.51,500,0
2013-12-06,20:40:00,9.0,9.0,9.0,9.0,100,0
2013-12-17,15:35:00,9.5,9.5,9.5,9.5,1000,0
2013-12-17,16:00:00,9.0,9.0,9.0,9.0,717,0
2013-12-17,16:05:00,8.9999,9.0,8.9999,9.0,5651,0
2013-12-17,19:50:00,9.1,9.5,9.1,9.5,700,0
2013-12-17,19:55:00,9.5,10.1,9.5,10.1,5460,0
2013-12-17,20:35:00,9.68,9.68,9.66,9.66,519,0
2013-12-17,21:50:00,9.6,9.6,9.6,9.6,1900,0
2013-12-18,15:35:00,9.55,9.55,9.55,9.55,100,0
2013-12-19,16:50:00,9.78,9.78,8.6,8.6,5166,0
2013-12-19,17:05:00,8.79,8.79,8.79,8.79,100,0
2013-12-19,17:50:00,8.705,8.71,8.68,8.71,500,0
2013-12-19,18:55:00,8.85,8.98,8.85,8.98,1900,0
2013-12-19,20:30:00,9.4,9.4,9.4,9.4,100,0
2013-12-19,20:50:00,9.25,9.26,9.25,9.25,500,0
2013-12-19,20:55:00,9.25,9.26,9.2,9.26,900,0
2013-12-24,19:00:00,9.25,9.25,9.25,9.25,200,0
2013-12-27,15:35:00,9.28,9.28,9.28,9.28,200,0
2013-12-30,15:35:00,9.42,9.42,9.42,9.42,100,0
2014-01-13,19:30:00,9.39,9.5,9.29,9.5,6300,0
2014-01-13,19:35:00,9.7,9.7,9.45,9.45,1700,0
2014-01-13,20:15:00,9.5,9.53,9.5,9.53,200,0
2014-01-13,21:05:00,10.25,10.25,10.25,10.25,500,0
2014-01-14,15:45:00,9.5,9.5,9.5,9.5,200,0
2014-01-14,16:05:00,9.29,9.29,9.29,9.29,499,0
2014-01-14,16:10:00,9.65,9.86,9.65,9.86,2900,0
2014-01-14,16:15:00,10.2,10.35,9.9,10.05,6600,0
2014-01-14,16:30:00,9.95,10.28,9.95,10.28,600,0
2014-01-14,16:55:00,10.89,10.89,10.89,10.89,600,0
2014-01-14,18:10:00,10.4,10.4,10.4,10.4,100,0
2014-01-14,18:25:00,10.72,10.805,10.72,10.72,1000,0
2014-01-15,21:45:00,10.27,10.28,10.27,10.28,699,0
2014-01-16,15:35:00,10.12,10.12,10.12,10.12,400,0
2014-01-16,20:10:00,10.0,10.0,9.7,9.7,1600,0
2014-01-22,17:10:00,10.2134,10.2134,10.2134,10.2134,100,0
2014-01-22,17:15:00,9.28,9.29,9.28,9.29,1075,0
2014-01-23,19:05:00,9.3,9.3,9.3,9.3,100,0
2014-01-23,19:15:00,9.31,9.31,9.3,9.3,1600,0
2014-01-23,19:25:00,9.27,9.27,9.25,9.25,3030,0
2014-01-24,21:35:00,9.25,9.251,9.25,9.251,1400,0
2014-01-28,21:35:00,9.3,9.3,9.3,9.3,200,0
2014-01-30,20:25:00,10.0,10.0,9.9999,9.9999,200,0
2014-02-03,15:50:00,9.895,9.895,9.895,9.895,200,0
2014-02-03,18:20:00,9.8,9.9,9.8,9.9,200,0
2014-02-03,18:50:00,9.7,9.9,9.4,9.8,3400,0
2014-02-03,18:55:00,9.65,9.65,9.4,9.4,4994,0
2014-02-03,19:10:00,9.48,9.48,9.48,9.48,1000,0
2014-02-03,19:15:00,9.48,9.8,9.48,9.75,3200,0
2014-02-03,19:20:00,9.49,9.55,9.49,9.55,2000,0
2014-02-03,19:25:00,9.5,9.73,9.5,9.7,2199,0
2014-02-03,19:30:00,9.98,10.25,9.98,10.25,16400,0
2014-02-03,19:35:00,10.25,10.5,10.25,10.4,9906,0
2014-02-03,19:40:00,10.4,10.4,10.2,10.2,6599,0
2014-02-03,19:50:00,9.6,9.6,9.6,9.6,5700,0
2014-02-03,19:55:00,9.64,9.9,9.64,9.86,6400,0
2014-02-03,20:00:00,10.25,10.25,9.97,10.09,5500,0
2014-02-03,20:05:00,10.09,10.4,10.09,10.2,10100,0
2014-02-03,20:10:00,10.23,10.23,9.8,10.15,9300,0
2014-02-03,20:15:00,10.15,10.15,9.85,9.95,5400,0
2014-02-03,20:25:00,9.45,9.45,9.45,9.45,100,0
2014-02-03,20:35:00,9.5,9.5,9.5,9.5,100,0
2014-02-03,20:55:00,9.5,9.6,9.5,9.6,800,0
2014-02-03,21:00:00,9.61,10.0,9.6,9.8,4612,0
2014-02-03,22:00:00,9.85,9.85,9.85,9.85,499,0
2014-02-04,17:40:00,9.7,9.7,9.7,9.7,400,0
2014-02-04,20:10:00,9.8,9.8,9.8,9.8,100,0
2014-02-04,22:00:00,9.71,9.75,9.71,9.75,200,0
2014-02-05,15:40:00,9.83,9.83,9.83,9.83,900,0
2014-02-05,15:55:00,9.75,9.75,9.75,9.75,400,0
2014-02-05,16:00:00,9.98,10.0,9.84,10.0,1400,0
2014-02-05,19:10:00,9.8,9.8,9.8,9.8,765,0
2014-02-05,20:10:00,9.9414,9.9414,9.9414,9.9414,600,0
2014-02-05,21:35:00,9.76,9.76,9.76,9.76,1100,0
2014-02-06,15:55:00,9.8,9.8,9.8,9.8,4700,0
2014-02-06,16:40:00,9.912,9.912,9.9,9.9,2100,0
2014-02-06,16:45:00,9.7,9.7,9.7,9.7,3200,0
2014-02-06,16:50:00,9.85,9.85,9.78,9.78,3700,0
2014-02-06,16:55:00,10.0,10.0,10.0,10.0,20553,0
2014-02-06,17:30:00,9.692,9.692,9.692,9.692,600,0
2014-02-06,17:45:00,9.65,9.65,9.65,9.65,2500,0
2014-02-06,17:50:00,9.83,9.83,9.83,9.83,3100,0
2014-02-06,18:15:00,9.65,9.7,9.65,9.7,4500,0
2014-02-06,18:20:00,9.9,9.9,9.9,9.9,1258,0
2014-02-06,18:25:00,9.65,9.65,9.65,9.65,200,0
2014-02-06,19:40:00,9.35,9.56,9.35,9.55,5233,0
2014-02-06,21:00:00,9.6,9.6,9.6,9.6,100,0
2014-02-06,21:05:00,9.85,9.85,9.45,9.47,2600,0
2014-02-06,21:50:00,9.55,9.6,9.55,9.6,300,0
2014-02-06,22:00:00,9.65,9.65,9.65,9.65,200,0
2014-02-07,15:35:00,9.72,9.72,9.72,9.72,1508,0
2014-02-07,18:40:00,9.8,9.8,9.5999,9.799,3100,0
2014-02-07,18:45:00,9.7975,9.7999,9.7975,9.7999,4155,0
2014-02-07,18:55:00,9.8,10.11,9.8,10.0,1400,0
2014-02-07,19:00:00,10.06,10.06,10.06,10.06,2800,0
2014-02-07,19:10:00,9.7,9.8,9.7,9.8,200,0
2014-02-07,21:55:00,9.9,9.9,9.9,9.9,200,0
2014-02-07,22:00:00,9.64,9.64,9.64,9.64,100,0
2014-02-10,17:20:00,9.55,9.55,9.55,9.55,100,0
2014-02-10,21:25:00,9.79,9.8,9.79,9.8,300,0
2014-02-10,21:30:00,9.83,9.93,9.83,9.91,800,0
2014-02-14,16:40:00,9.4,9.4,9.4,9.4,34930,0
2014-02-14,16:50:00,9.95,9.95,9.95,9.95,980,0
2014-02-14,17:40:00,10.47,10.47,10.47,10.47,1100,0
2014-02-18,16:55:00,10.5,11.4,10.5,10.96,3462,0
2014-02-18,17:00:00,10.8,10.8,10.8,10.8,100,0
2014-02-18,17:05:00,10.7,10.7,10.7,10.7,208,0
2014-02-18,17:10:00,10.78,10.78,10.78,10.78,100,0
2014-02-18,17:35:00,10.76,10.76,10.76,10.76,400,0
2014-02-18,17:50:00,10.7,10.7,10.7,10.7,500,0
2014-02-18,18:05:00,10.6,10.6,10.5,10.5,600,0
2014-02-18,21:45:00,10.61,10.61,10.61,10.61,100,0
2014-02-18,21:50:00,10.55,10.55,10.51,10.51,1200,0
2014-02-18,22:00:00,10.51,10.51,10.45,10.45,200,0
2014-02-20,16:50:00,19.99,19.99,19.99,19.99,540,0
2014-02-20,18:50:00,12.494,12.494,12.49,12.49,2000,0
2014-02-20,21:40:00,11.95,11.95,11.95,11.95,300,0
2014-02-21,15:55:00,12.99,12.99,12.99,12.99,153,0
2014-02-21,16:15:00,12.98,12.98,12.84,12.84,508,0
2014-02-21,20:55:00,12.47,12.5,12.47,12.5,300,0
2014-02-25,16:15:00,10.0,10.0,10.0,10.0,100,0
2014-02-25,16:20:00,10.4,10.4,10.4,10.4,500,0
2014-02-27,17:45:00,10.44,10.44,10.44,10.44,800,0
2014-02-28,17:20:00,10.501,10.501,10.501,10.501,150,0
2014-02-28,21:55:00,11.99,11.99,11.94,11.99,1767,0
2014-02-28,22:00:00,11.0,11.0,11.0,11.0,200,0
2014-03-03,21:00:00,11.99,11.99,11.99,11.99,200,0
2014-03-04,18:20:00,11.0,11.99,11.0,11.99,14400,0
2014-03-04,20:30:00,10.5,10.64,10.5,10.64,800,0
2014-03-04,22:00:00,10.66,10.66,10.66,10.66,100,0
2014-03-05,16:10:00,11.9546,11.9546,11.95,11.95,300,0
2014-03-05,17:30:00,10.6,10.6,10.6,10.6,200,0
2014-03-05,17:45:00,10.6,10.6,10.6,10.6,510,0
2014-03-05,19:45:00,10.4001,10.4001,10.4001,10.4001,1000,0
2014-03-05,21:40:00,10.6,10.6,10.6,10.6,100,0
2014-03-06,15:50:00,10.71,10.75,10.71,10.75,1026,0
2014-03-06,15:55:00,11.0,11.0,11.0,11.0,1000,0
2014-03-06,17:20:00,11.001,11.03,11.001,11.03,550,0
2014-03-06,17:45:00,11.91,11.91,11.91,11.91,550,0
2014-03-06,17:55:00,11.0,11.0,11.0,11.0,600,0
2014-03-06,18:00:00,11.0125,11.0125,11.0125,11.0125,500,0
2014-03-06,18:15:00,11.0125,11.182,11.001,11.182,1000,0
2014-03-06,18:20:00,11.001,11.455,11.001,11.05,1500,0
2014-03-06,18:25:00,11.03,11.18,11.0,11.18,1400,0
2014-03-06,18:30:00,11.0,11.18,11.0,11.18,2200,0
2014-03-06,18:35:00,11.0,11.18,10.4,11.18,1562,0
2014-03-06,19:00:00,11.79,11.79,11.79,11.79,242,0
2014-03-07,16:45:00,11.3,11.35,11.3,11.35,900,0
2014-03-07,16:50:00,11.301,11.301,11.3,11.3,600,0
2014-03-10,15:55:00,11.3129,11.313,11.3,11.313,3880,0
2014-03-10,18:35:00,11.3,11.3,11.3,11.3,200,0
2014-03-11,15:20:00,11.3,11.3,11.3,11.3,165,0
2014-03-14,17:25:00,10.9,10.9,10.9,10.9,100,0
2014-03-17,14:35:00,10.64,10.64,10.64,10.64,1000,0
2014-03-17,15:35:00,11.25,11.25,11.25,11.25,100,0
2014-03-17,16:00:00,11.25,11.25,11.25,11.25,100,0
2014-03-17,16:15:00,11.24,11.24,11.24,11.24,500,0
2014-03-17,18:05:00,11.24,11.24,11.24,11.24,100,0
2014-03-17,18:40:00,11.15,11.15,11.15,11.15,100,0
2014-03-17,18:55:00,11.24,11.24,11.24,11.24,100,0
2014-03-17,19:00:00,11.24,11.24,11.24,11.24,100,0
2014-03-17,19:10:00,11.24,11.24,11.24,11.24,100,0
2014-03-17,19:30:00,11.24,11.24,11.24,11.24,100,0
2014-03-17,19:35:00,11.24,11.24,11.24,11.24,100,0
2014-03-17,19:45:00,11.24,11.24,11.24,11.24,100,0
2014-03-17,20:05:00,11.25,11.25,11.24,11.24,200,0
2014-03-17,20:10:00,11.25,11.25,11.25,11.25,100,0
2014-03-17,20:15:00,11.25,11.25,11.25,11.25,100,0
2014-03-17,20:25:00,11.25,11.25,11.25,11.25,100,0
2014-03-17,20:30:00,11.25,11.25,11.25,11.25,100,0
2014-03-17,20:35:00,11.25,11.27,11.25,11.26,300,0
2014-03-17,20:50:00,11.26,11.29,11.26,11.29,400,0
2014-03-17,20:55:00,11.29,11.29,11.29,11.29,500,0
2014-03-17,21:00:00,11.29,11.29,11.28,11.28,800,0
2014-03-18,15:25:00,11.2,11.2,11.2,11.2,500,0
2014-03-18,16:35:00,11.1,11.1,11.1,11.1,100,0
2014-03-18,17:00:00,11.1,11.1,11.1,11.1,100,0
2014-03-18,17:30:00,11.1,11.1,11.1,11.1,100,0
2014-03-18,18:00:00,11.1,11.1,11.1,11.1,100,0
2014-03-18,18:30:00,11.1,11.1,11.1,11.1,1565,0
2014-03-18,18:45:00,11.2,11.2,11.2,11.2,100,0
2014-03-18,19:05:00,11.2,11.2,11.2,11.2,200,0
2014-03-18,19:30:00,11.2,11.2,11.2,11.2,100,0
2014-03-18,19:50:00,11.2,11.2,11.2,11.2,100,0
2014-03-18,20:25:00,11.2,11.2,11.2,11.2,100,0
2014-03-18,20:40:00,11.2,11.2,11.2,11.2,100,0
2014-03-18,20:45:00,11.2,11.2,11.2,11.2,200,0
2014-03-18,21:00:00,11.2,11.29,11.2,11.29,600,0
2014-03-19,14:45:00,11.1759,11.1759,11.1759,11.1759,500,0
2014-03-19,15:25:00,11.29,11.29,11.29,11.29,100,0
2014-03-19,15:45:00,11.29,11.29,11.29,11.29,100,0
2014-03-19,16:05:00,11.29,11.29,11.29,11.29,100,0
2014-03-19,16:25:00,11.29,11.29,11.29,11.29,100,0
2014-03-19,16:50:00,11.29,11.29,11.29,11.29,200,0
2014-03-19,17:10:00,11.29,11.29,11.29,11.29,100,0
2014-03-19,17:15:00,11.29,11.29,11.29,11.29,100,0
2014-03-19,17:45:00,11.29,11.29,11.29,11.29,100,0
2014-03-19,18:10:00,11.29,11.29,11.29,11.29,100,0
2014-03-19,18:45:00,11.29,11.29,11.29,11.29,200,0
2014-03-19,19:10:00,11.29,11.29,11.29,11.29,100,0
2014-03-19,19:35:00,11.29,11.29,11.29,11.29,100,0
2014-03-19,20:00:00,11.29,11.29,11.29,11.29,100,0
2014-03-19,20:15:00,11.29,11.29,11.29,11.29,100,0
2014-03-19,20:20:00,11.29,11.29,11.29,11.29,400,0
2014-03-19,20:45:00,11.29,11.29,11.29,11.29,100,0
2014-03-19,20:55:00,11.29,11.29,11.29,11.29,200,0
2014-03-19,21:00:00,11.29,11.29,11.29,11.29,300,0
2014-03-20,15:25:00,11.29,11.29,11.29,11.29,300,0
2014-03-20,15:45:00,11.29,11.29,11.29,11.29,100,0
2014-03-20,16:05:00,11.29,11.29,11.29,11.29,100,0
2014-03-20,16:25:00,11.29,11.29,11.29,11.29,100,0
2014-03-20,16:50:00,11.29,11.29,11.29,11.29,100,0
2014-03-20,17:20:00,11.29,11.29,11.29,11.29,100,0
2014-03-20,17:45:00,11.29,11.29,11.29,11.29,100,0
2014-03-20,18:15:00,11.29,11.29,11.29,11.29,100,0
2014-03-20,18:50:00,11.29,11.29,11.29,11.29,100,0
2014-03-20,19:15:00,11.29,11.29,11.29,11.29,100,0
2014-03-20,19:45:00,11.29,11.29,11.29,11.29,100,0
2014-03-20,20:10:00,11.29,11.29,11.29,11.29,100,0
2014-03-20,20:30:00,11.29,11.29,11.29,11.29,100,0
2014-03-20,20:45:00,11.3,11.3,11.3,11.3,100,0
2014-03-20,20:55:00,11.3,11.3,11.3,11.3,100,0
2014-03-20,21:00:00,11.3,11.3,11.3,11.3,788,0
2014-03-21,18:00:00,10.69,11.3,10.2,11.0,1535,0
2014-03-21,18:45:00,11.27,11.27,11.27,11.27,100,0
2014-03-21,19:05:00,11.27,11.27,11.27,11.27,400,0
2014-03-21,19:45:00,11.3,11.3,11.3,11.3,100,0
2014-03-21,20:00:00,11.3,11.3,11.3,11.3,300,0
2014-03-21,20:25:00,11.3,11.3,11.3,11.3,244,0
2014-03-21,20:40:00,11.3,11.3,11.3,11.3,100,0
2014-03-21,20:55:00,10.868,11.06,10.82,11.06,700,0
2014-03-21,21:00:00,11.29,11.3,11.29,11.3,300,0
2014-03-24,17:20:00,10.3,10.3,10.3,10.3,100,0
2014-03-24,17:40:00,10.79,10.79,10.79,10.79,100,0
2014-03-24,18:20:00,10.79,10.79,10.79,10.79,100,0
2014-03-24,19:55:00,10.79,10.79,10.79,10.79,100,0
2014-03-24,20:00:00,10.79,11.1,10.79,10.9,3300,0
2014-03-24,21:00:00,10.84,10.89,10.83,10.83,700,0
2014-03-28,16:45:00,11.15,11.29,11.15,11.29,700,0
2014-03-28,16:55:00,11.1,11.1,11.1,11.1,500,0
2014-03-28,18:25:00,11.1,11.29,11.1,11.29,1900,0
2014-03-28,19:30:00,11.1,11.1,11.1,11.1,200,0
2014-03-31,15:55:00,11.28,11.2999,11.28,11.2919,1100,0
2014-03-31,21:00:00,11.3,11.3,11.3,11.3,100,0
2014-04-01,16:40:00,11.3,11.3,11.3,11.3,500,0
2014-04-03,21:00:00,11.3,11.3,11.3,11.3,200,0
2014-04-04,21:00:00,11.16,11.16,11.16,11.16,200,0
2014-04-08,21:00:00,11.3,11.3,11.3,11.3,200,0
2014-04-08,21:55:00,11.18,11.18,11.15,11.15,1000,0
2014-04-09,18:00:00,10.75,10.75,10.75,10.75,300,0
2014-04-09,18:05:00,10.7,10.7,10.7,10.7,100,0
2014-04-14,19:40:00,10.8,11.0,10.69,10.7,1100,0
2014-04-14,19:45:00,10.74,10.74,10.7001,10.7001,300,0
2014-04-14,19:50:00,10.71,10.71,10.71,10.71,200,0
2014-04-14,21:45:00,10.74,10.74,10.74,10.74,100,0
2014-04-15,19:50:00,10.79,10.79,10.7501,10.7501,400,0
2014-04-16,21:00:00,11.24,11.24,11.05,11.06,800,0
2014-04-16,22:00:00,11.24,11.24,11.24,11.24,100,0
2014-04-17,15:45:00,11.02,11.02,11.02,11.02,400,0
2014-04-21,15:35:00,11.15,11.15,11.15,11.15,445,0
2014-04-22,20:45:00,11.25,11.3,10.95,11.3,6491,0
2014-04-22,22:00:00,11.3,11.3,11.3,11.3,1000,0
2014-04-23,21:00:00,11.3,11.3,11.3,11.3,100,0
2014-04-25,19:45:00,11.2999,11.2999,11.2999,11.2999,3000,0
2014-04-28,21:35:00,11.3,11.3,11.3,11.3,395,0
2014-04-30,21:00:00,11.3,11.3,11.3,11.3,100,0
2014-05-09,15:35:00,10.8,10.8,10.8,10.8,700,0
2014-05-09,20:30:00,11.2,11.2,11.2,11.2,500,0
2014-05-09,20:35:00,10.8001,10.8001,10.8001,10.8001,900,0
2014-05-12,21:40:00,10.8,10.83,10.8,10.83,700,0
2014-05-13,15:45:00,10.8,10.83,10.8,10.8,600,0
2014-05-13,17:50:00,10.8,10.8,10.8,10.8,500,0
2014-05-13,20:35:00,10.8,10.8,10.8,10.8,450,0
2014-05-14,16:20:00,10.69,10.69,10.65,10.65,1100,0
2014-05-14,16:25:00,10.65,10.65,10.65,10.65,100,0
2014-05-16,21:10:00,10.0,10.1,10.0,10.0,5072,0
2014-05-16,21:20:00,9.94,9.94,9.9,9.9,1000,0
2014-05-16,21:55:00,9.8999,9.8999,9.8999,9.8999,235,0
2014-05-19,15:35:00,9.85,9.85,9.8,9.8,1200,0
2014-05-19,15:40:00,9.85,9.85,9.85,9.85,728,0
2014-05-19,17:25:00,10.0,10.0,10.0,10.0,2000,0
2014-05-19,17:50:00,9.85,9.85,9.85,9.85,100,0
2014-05-19,21:00:00,9.85,9.85,9.61,9.61,472,0
2014-05-19,21:05:00,9.65,9.65,9.65,9.65,600,0
2014-05-19,22:00:00,9.54,9.54,9.54,9.54,200,0
2014-05-20,16:40:00,9.9799,9.9799,9.9799,9.9799,2000,0
2014-05-20,17:35:00,9.97,9.97,9.97,9.97,200,0
2014-05-20,20:25:00,9.76,9.76,9.76,9.76,300,0
2014-05-20,20:35:00,9.9799,9.9799,9.9799,9.9799,125,0
2014-05-22,21:00:00,9.75,9.7501,9.75,9.7501,1200,0
2014-05-22,21:30:00,9.9,9.97,9.9,9.93,1284,0
2014-05-27,20:05:00,9.95,9.95,9.9498,9.9499,2222,0
2014-05-28,16:05:00,9.9499,9.95,9.9,9.9,500,0
2014-05-30,16:00:00,9.9295,9.9295,9.9295,9.9295,100,0
2014-05-30,18:30:00,9.75,9.75,9.5,9.5,1700,0
2014-05-30,18:50:00,9.895,9.895,9.895,9.895,100,0
2014-06-06,19:25:00,10.18,10.18,10.18,10.18,100,0
2014-06-11,21:55:00,10.1799,10.18,10.172,10.18,2000,0
2014-06-12,16:00:00,9.74,9.74,9.69,9.69,1000,0
2014-06-13,17:05:00,10.13,10.13,10.13,10.13,1100,0
2014-06-18,15:55:00,9.5001,9.5001,9.5001,9.5001,2000,0
2014-06-18,20:00:00,10.13,10.13,10.13,10.13,300,0
2014-06-18,21:25:00,9.5414,9.5414,9.5414,9.5414,106,0
2014-06-18,22:00:00,10.15,10.15,10.15,10.15,200,0
2014-06-19,15:55:00,10.15,10.15,10.15,10.15,200,0
2014-06-19,16:15:00,10.17,10.18,10.17,10.18,300,0
2014-06-19,16:30:00,10.16,10.16,10.16,10.16,100,0
2014-06-23,18:25:00,9.57,9.57,9.57,9.57,875,0
2014-06-30,18:35:00,9.62,9.62,9.62,9.62,400,0
2014-07-03,18:20:00,9.71,9.71,9.71,9.71,1156,0
2014-07-07,20:00:00,9.93,9.93,9.93,9.93,500,0
2014-07-09,17:15:00,9.64,9.64,9.6001,9.6001,1040,0
2014-07-09,19:25:00,9.94,9.94,9.94,9.94,500,0
2014-07-11,15:35:00,9.6,9.6,9.6,9.6,1000,0
2014-07-11,20:40:00,9.66,9.67,9.6505,9.652,600,0
2014-07-14,15:35:00,9.67,9.67,9.67,9.67,1400,0
2014-07-14,16:40:00,9.65,9.65,9.65,9.65,200,0
2014-07-14,18:35:00,9.67,9.67,9.67,9.67,3200,0
2014-07-15,16:55:00,9.86,9.86,9.78,9.78,300,0
2014-07-15,17:00:00,9.78,9.78,9.78,9.78,200,0
2014-07-15,17:05:00,9.7,9.7,9.7,9.7,300,0
2014-07-16,19:05:00,9.7,9.7,9.68,9.68,200,0
2014-07-16,19:10:00,9.83,9.83,9.83,9.83,100,0
2014-07-16,19:35:00,9.76,9.76,9.7505,9.7505,300,0
2014-07-17,20:15:00,9.95,9.95,9.7,9.7,4200,0
2014-07-17,21:55:00,9.69,9.69,9.65,9.6501,600,0
2014-07-21,15:35:00,9.735,9.735,9.735,9.735,200,0
2014-07-21,21:00:00,9.99,10.0,9.99,10.0,1140,0
2014-07-22,21:55:00,10.01,10.01,10.0,10.0,1000,0
2014-07-22,22:00:00,10.2,10.2,10.2,10.2,100,0
2014-07-25,15:35:00,10.26,10.26,10.21,10.22,1410,0
2014-07-25,16:10:00,10.2601,10.2601,10.2601,10.2601,5600,0
2014-07-25,21:50:00,10.31,10.31,10.26,10.26,3000,0
2014-07-28,15:35:00,10.26,10.26,10.26,10.26,200,0
2014-07-28,16:20:00,11.2,11.2,11.2,11.2,2000,0
2014-07-29,15:35:00,11.2,11.2,11.2,11.2,1000,0
2014-07-29,15:55:00,10.5044,10.5044,10.5044,10.5044,300,0
2014-07-29,17:30:00,10.425,10.425,10.4,10.425,1500,0
2014-07-29,20:00:00,10.45,10.45,10.26,10.26,819,0
2014-07-29,22:00:00,9.64,9.64,9.64,9.64,400,0
2014-07-30,21:55:00,9.59,10.045,9.55,10.045,3000,0
2014-08-01,16:10:00,10.55,10.55,10.55,10.55,100,0
2014-08-01,18:55:00,9.6,9.8,9.55,9.8,1700,0
2014-08-01,19:00:00,9.78,9.8,9.78,9.8,200,0
2014-08-01,19:10:00,9.63,9.65,9.63,9.65,500,0
2014-08-04,17:30:00,9.6,9.6,9.6,9.6,1400,0
2014-08-04,22:00:00,9.65,9.65,9.65,9.65,100,0
2014-08-05,15:55:00,9.54,9.54,9.54,9.54,400,0
2014-08-05,22:00:00,9.65,9.65,9.65,9.65,100,0
2014-08-06,16:05:00,10.39,10.39,10.39,10.39,300,0
2014-08-08,20:05:00,9.73,9.7499,9.73,9.7499,500,0
2014-08-08,21:10:00,9.75,10.44,9.74,10.44,2000,0
2014-08-12,20:25:00,10.38,10.38,10.38,10.38,100,0
2014-08-12,21:10:00,10.286,10.286,10.07,10.07,2100,0
2014-08-13,16:05:00,10.07,10.07,10.07,10.07,200,0
2014-08-13,16:30:00,10.05,10.05,10.0001,10.0001,900,0
2014-08-13,16:45:00,10.0,10.0,10.0,10.0,200,0
2014-08-13,19:45:00,10.05,10.3299,10.0499,10.3299,3800,0
2014-08-13,20:35:00,10.05,10.09,9.74,9.9699,4000,0
2014-08-13,20:40:00,9.9499,9.9499,9.75,9.82,1700,0
2014-08-13,20:45:00,9.86,9.87,9.86,9.8699,1300,0
2014-08-13,20:50:00,10.1001,10.39,9.98,10.35,3600,0
2014-08-13,20:55:00,10.35,10.4,10.35,10.4,1281,0
2014-08-13,21:05:00,10.42,10.42,10.42,10.42,100,0
2014-08-13,21:15:00,10.29,10.29,10.29,10.29,300,0
2014-08-13,21:25:00,10.33,10.33,10.33,10.33,100,0
2014-08-13,21:35:00,10.3,10.3095,10.3,10.3095,600,0
2014-08-13,22:00:00,10.16,10.16,10.16,10.16,100,0
2014-08-14,20:45:00,10.13,10.13,10.09,10.09,598,0
2014-08-14,20:50:00,10.2201,10.2201,10.1,10.1,499,0
2014-08-14,20:55:00,10.16,10.17,10.16,10.17,500,0
2014-08-14,21:00:00,10.35,10.56,10.35,10.43,1400,0
2014-08-14,21:05:00,10.37,10.37,10.37,10.37,600,0
2014-08-14,21:20:00,10.25,10.385,10.22,10.23,2300,0
2014-08-14,21:35:00,10.2,10.2201,10.2,10.2201,2000,0
2014-08-14,21:45:00,10.26,10.2601,10.22,10.25,1100,0
2014-08-14,21:50:00,10.25,10.36,10.25,10.36,900,0
2014-08-14,22:00:00,10.24,10.37,10.24,10.37,400,0
2014-08-18,16:05:00,10.31,10.31,10.31,10.31,100,0
2014-08-18,17:10:00,10.24,10.2401,10.24,10.2401,1900,0
2014-08-18,17:20:00,10.24,10.5401,10.24,10.4,17460,0
2014-08-18,17:30:00,10.5,10.5,10.4,10.4,1700,0
2014-08-18,17:35:00,10.4,10.46,10.4,10.41,3300,0
2014-08-18,18:15:00,10.4161,10.4161,10.39,10.3901,4100,0
2014-08-18,18:20:00,10.39,10.39,10.39,10.39,100,0
2014-08-18,19:10:00,10.38,10.38,10.36,10.36,2374,0
2014-08-18,19:15:00,10.34,10.37,10.34,10.37,2700,0
2014-08-18,19:20:00,10.35,10.35,10.19,10.1995,1560,0
2014-08-18,19:25:00,10.368,10.368,10.31,10.31,300,0
2014-08-18,19:45:00,10.28,10.3101,10.27,10.27,2768,0
2014-08-18,22:00:00,10.05,10.05,10.05,10.05,200,0
2014-08-20,16:05:00,10.03,10.03,10.03,10.03,300,0
2014-08-21,18:45:00,10.16,10.35,10.16,10.2,700,0
2014-08-21,18:50:00,10.14,10.2,10.01,10.01,2600,0
2014-08-26,18:00:00,10.15,10.15,10.04,10.04,200,0
2014-08-28,22:00:00,10.25,10.25,10.0,10.0,700,0
2014-09-03,20:15:00,10.04,10.57,9.25,10.04,7324,0
2014-09-03,21:30:00,10.6,10.6,10.6,10.6,400,0
2014-09-05,20:40:00,10.3521,10.3899,10.3521,10.3522,5428,0
2014-09-08,16:10:00,10.0,10.0,10.0,10.0,500,0
2014-09-08,21:25:00,10.34,10.34,10.34,10.34,1000,0
2014-09-10,16:10:00,10.05,10.05,10.05,10.05,300,0
2014-09-10,19:05:00,10.12,10.12,10.12,10.12,800,0
2014-09-10,22:00:00,10.17,10.17,10.17,10.17,300,0
2014-09-11,18:20:00,10.11,10.21,10.11,10.21,2800,0
2014-09-11,18:25:00,10.2,10.21,10.2,10.21,1100,0
2014-09-11,18:30:00,10.21,10.23,10.2075,10.23,1200,0
2014-09-11,18:40:00,10.26,10.26,10.24,10.24,800,0
2014-09-11,18:45:00,10.24,10.24,10.24,10.24,500,0
2014-09-11,18:50:00,10.24,10.25,10.24,10.25,1500,0
2014-09-11,19:20:00,10.15,10.15,10.15,10.15,300,0
2014-09-11,22:00:00,10.35,10.35,10.35,10.35,400,0
2014-09-12,21:55:00,10.31,10.31,10.31,10.31,400,0
2014-09-15,16:10:00,10.25,10.25,10.25,10.25,200,0
2014-09-15,19:20:00,10.25,10.25,10.25,10.25,2478,0
2014-09-15,19:35:00,10.24,10.24,10.24,10.24,4045,0
2014-09-15,19:45:00,10.24,10.24,10.24,10.24,19200,0
2014-09-15,22:00:00,10.31,10.31,10.31,10.31,200,0
2014-09-16,20:00:00,10.25,10.25,10.25,10.25,200,0
2014-09-17,15:55:00,10.25,10.25,10.25,10.25,2500,0
2014-09-17,16:35:00,10.25,10.25,10.25,10.25,2822,0
2014-09-17,20:50:00,10.25,10.25,10.25,10.25,1300,0
2014-09-18,16:10:00,10.31,10.31,10.31,10.31,300,0
2014-09-19,16:05:00,10.31,10.31,10.31,10.31,400,0
2014-09-22,15:35:00,10.32,10.32,10.32,10.32,116,0
2014-09-22,15:40:00,10.28,10.28,10.25,10.25,3017,0
2014-09-22,15:45:00,10.25,10.25,10.25,10.25,400,0
2014-09-22,15:50:00,10.24,10.24,10.2,10.2,200,0
2014-09-22,16:20:00,10.24,10.25,10.24,10.25,2300,0
2014-09-22,19:35:00,10.51,10.5101,10.51,10.5101,600,0
2014-09-24,17:55:00,10.23,10.23,10.23,10.23,200,0
2014-09-24,18:00:00,10.23,10.23,10.23,10.23,500,0
2014-09-24,18:35:00,9.45,9.5,9.45,9.5,400,0
2014-09-24,18:40:00,10.0,10.0,9.55,9.55,1000,0
2014-09-24,18:50:00,9.7,9.95,9.7,9.95,300,0
2014-09-24,21:55:00,9.826,9.826,9.8,9.8,300,0
2014-09-25,15:55:00,10.0,10.0,9.99,10.0,10342,0
2014-09-25,16:00:00,10.0,10.0,10.0,10.0,4800,0
2014-09-25,17:15:00,9.98,10.0,9.95,10.0,4700,0
2014-09-25,17:25:00,10.0,10.0,10.0,10.0,2400,0
2014-09-25,20:35:00,9.88,10.0,9.88,10.0,5070,0
2014-09-25,20:40:00,10.5,10.5,9.9,10.0,5100,0
2014-09-25,20:45:00,10.05,10.4,10.0,10.0,2200,0
2014-09-25,21:10:00,9.85,9.85,9.85,9.85,1000,0
2014-09-25,21:30:00,10.0,10.0,10.0,10.0,600,0
2014-09-26,19:10:00,9.8599,9.8599,9.8599,9.8599,3600,0
2014-09-26,20:30:00,9.92,10.03,9.92,10.03,700,0
2014-09-26,20:45:00,10.0,10.15,9.98,10.15,4405,0
2014-09-26,21:40:00,10.0,10.0,10.0,10.0,700,0
2014-09-26,21:50:00,9.95,10.1,9.95,10.01,1700,0
2014-09-26,21:55:00,10.0,10.0,10.0,10.0,100,0
2014-09-29,16:25:00,9.9,9.9,9.9,9.9,600,0
2014-09-29,16:45:00,9.98,9.98,9.98,9.98,100,0
2014-09-29,17:00:00,10.0,10.4,10.0,10.3,1600,0
2014-09-29,17:05:00,10.3,10.3,10.3,10.3,100,0
2014-09-29,17:20:00,10.1,10.1,10.1,10.1,7027,0
2014-09-29,17:30:00,10.04,10.5,10.04,10.45,2800,0
2014-09-29,21:15:00,10.1,10.1,10.1,10.1,199,0
2014-09-29,21:35:00,10.4,10.4495,10.395,10.4,1040,0
2014-09-30,15:40:00,9.8,10.0,9.8,10.0,600,0
2014-09-30,17:20:00,10.1,10.1,10.1,10.1,500,0
2014-09-30,17:30:00,10.329,10.329,10.329,10.329,100,0
2014-09-30,18:50:00,10.385,10.385,10.3705,10.3705,200,0
2014-09-30,20:25:00,10.26,10.2601,10.26,10.26,1800,0
2014-09-30,22:00:00,10.35,10.35,10.35,10.35,300,0
2014-10-02,16:10:00,10.35,10.35,10.35,10.35,500,0
2014-10-02,18:30:00,11.2,11.2,11.2,11.2,211,0
2014-10-03,16:10:00,9.84,9.84,9.84,9.84,500,0
2014-10-03,17:30:00,10.4,10.4,10.4,10.4,100,0
2014-10-03,17:40:00,10.29,10.29,10.29,10.29,100,0
2014-10-03,20:10:00,10.35,10.35,10.35,10.35,300,0
2014-10-03,22:00:00,10.3,10.3,10.3,10.3,100,0
2014-10-06,16:45:00,10.33,10.33,10.3,10.3,900,0
2014-10-06,18:10:00,10.4,10.4,10.4,10.4,100,0
2014-10-07,20:05:00,10.33,10.34,10.33,10.33,2500,0
2014-10-08,19:55:00,10.98,10.98,10.9799,10.9799,2000,0
2014-10-08,21:00:00,10.4401,10.4401,10.38,10.38,3900,0
2014-10-13,16:55:00,10.38,10.38,10.38,10.38,984,0
2014-10-20,15:35:00,10.37,10.37,10.37,10.37,100,0
2014-10-20,19:00:00,10.28,10.37,10.05,10.37,2001,0
2014-10-20,19:20:00,10.38,10.38,10.38,10.38,200,0
2014-10-21,22:00:00,10.8,10.8,10.8,10.8,200,0
2014-10-22,17:30:00,10.47,10.6,10.47,10.49,2400,0
2014-10-22,17:35:00,10.51,10.51,10.45,10.47,400,0
2014-10-22,17:40:00,10.55,10.55,10.4305,10.48,2600,0
2014-10-22,22:00:00,10.45,10.45,10.45,10.45,100,0
2014-10-23,16:10:00,10.38,10.38,10.38,10.38,200,0
2014-10-24,21:00:00,10.38,10.38,10.25,10.35,900,0
2014-10-24,21:45:00,10.21,10.21,10.21,10.21,100,0
2014-10-24,22:00:00,10.32,10.35,10.32,10.35,1124,0
2014-10-27,18:15:00,10.32,10.35,10.32,10.35,2200,0
2014-10-27,18:25:00,10.35,10.35,10.35,10.35,1426,0
2014-10-29,17:20:00,10.0,10.0,10.0,10.0,200,0
2014-10-29,17:55:00,10.0,10.0,10.0,10.0,200,0
2014-10-29,20:05:00,10.12,10.12,10.12,10.12,200,0
2014-10-30,20:55:00,10.45,10.45,10.45,10.45,200,0
2014-10-31,18:20:00,10.8,10.85,10.8,10.85,5400,0
2014-10-31,20:35:00,10.85,10.85,10.85,10.85,168,0
2014-10-31,20:40:00,10.85,10.85,10.85,10.85,3800,0
2014-11-03,19:35:00,10.9,10.9,10.9,10.9,250,0
2014-11-03,20:50:00,10.9,10.9,10.9,10.9,200,0
2014-11-05,16:25:00,10.5499,10.5499,10.5499,10.5499,100,0
2014-11-05,17:15:00,10.3499,10.38,10.3499,10.38,600,0
2014-11-05,19:10:00,10.35,10.35,10.35,10.35,600,0
2014-11-06,16:35:00,10.35,10.35,10.33,10.33,400,0
2014-11-06,19:40:00,10.44,10.61,10.44,10.61,800,0
2014-11-06,19:45:00,10.78,10.78,10.78,10.78,100,0
2014-11-06,19:50:00,10.83,10.83,10.83,10.83,200,0
2014-11-06,20:15:00,10.56,10.56,10.56,10.56,499,0
2014-11-06,20:50:00,10.5,10.5,10.5,10.5,100,0
2014-11-07,18:40:00,10.8201,10.85,10.5,10.5,2600,0
2014-11-07,21:15:00,10.5,10.5,10.5,10.5,1300,0
2014-11-13,15:50:00,11.2,11.2,11.2,11.2,999,0
2014-11-13,17:00:00,10.12,10.12,10.1,10.1,1600,0
2014-11-17,19:00:00,10.48,10.48,10.48,10.48,100,0
2014-11-17,21:25:00,10.5,10.5,10.5,10.5,700,0
2014-11-17,21:50:00,10.5,10.5,10.5,10.5,1200,0
2014-11-17,21:55:00,10.5,10.5,10.5,10.5,100,0
2014-11-17,22:00:00,10.302,10.47,10.302,10.47,400,0
2014-11-18,16:00:00,10.47,10.88,10.47,10.88,2480,0
2014-11-18,16:20:00,10.49,10.99,10.49,10.99,2700,0
2014-11-18,16:40:00,10.5,10.5,10.5,10.5,700,0
2014-11-18,16:50:00,10.5,10.5,10.5,10.5,600,0
2014-11-18,16:55:00,10.5,10.5,10.5,10.5,100,0
2014-11-18,18:55:00,10.5,10.5,10.49,10.5,1032,0
2014-11-18,20:50:00,10.5,10.6,10.5,10.6,1264,0
2014-11-18,22:00:00,10.55,10.55,10.55,10.55,100,0
2014-11-19,16:20:00,10.5,10.6,10.5,10.6,2900,0
2014-11-19,16:25:00,10.53,10.55,10.53,10.55,3600,0
2014-11-19,18:05:00,10.56,10.65,10.56,10.6,3403,0
2014-11-19,18:45:00,10.65,10.65,10.65,10.65,1000,0
2014-11-19,19:10:00,10.6001,10.65,10.6,10.65,3000,0
2014-11-19,19:30:00,10.6001,10.7,10.6,10.7,1100,0
2014-11-19,19:35:00,10.6,10.7,10.5,10.7,2560,0
2014-11-19,19:40:00,10.5,10.5105,10.5,10.5105,300,0
2014-11-19,19:50:00,10.6,10.6,10.6,10.6,300,0
2014-11-19,21:20:00,10.614,10.614,10.6,10.6,300,0
2014-11-20,16:15:00,10.49,10.49,10.49,10.49,200,0
2014-11-20,21:40:00,10.662,10.662,10.65,10.65,300,0
2014-11-21,19:05:00,10.75,10.99,10.51,10.99,2215,0
2014-11-24,16:55:00,10.56,10.56,10.56,10.56,200,0
2014-11-24,20:50:00,10.78,10.78,10.78,10.78,100,0
2014-11-24,21:20:00,10.78,10.78,10.78,10.78,200,0
2014-12-01,18:10:00,10.5463,10.5463,10.5463,10.5463,1000,0
2014-12-01,20:50:00,10.75,10.75,10.75,10.75,100,0
2014-12-01,22:00:00,10.7147,10.7147,10.7147,10.7147,400,0
2014-12-02,16:45:00,10.8,10.8,10.7999,10.7999,600,0
2014-12-02,17:35:00,10.8999,10.8999,10.8999,10.8999,200,0
2014-12-02,20:15:00,10.8748,12.0,10.8271,12.0,4689,0
2014-12-02,21:35:00,11.72,11.75,11.72,11.75,300,0
2014-12-03,16:10:00,10.76,10.76,10.76,10.76,200,0
2014-12-04,22:00:00,11.72,11.8,11.72,11.8,300,0
2014-12-05,16:10:00,11.74,11.74,11.74,11.74,400,0
2014-12-10,22:00:00,11.65,11.65,11.65,11.65,200,0
2014-12-11,16:10:00,11.65,11.65,11.65,11.65,300,0
2014-12-12,16:10:00,11.9,11.9,11.9,11.9,200,0
2014-12-15,16:10:00,12.0,12.0,10.81,10.81,300,0
2014-12-17,16:55:00,11.6,12.0,11.6,12.0,2884,0
2014-12-17,17:20:00,11.95,11.95,11.95,11.95,100,0
2014-12-17,18:00:00,12.0,12.0,11.95,11.95,1518,0
2014-12-18,16:10:00,12.0,12.0,12.0,12.0,500,0
2014-12-19,21:50:00,11.75,11.75,11.5322,11.7499,1300,0
2014-12-22,18:55:00,10.81,11.75,10.81,10.915,694,0
2014-12-22,22:00:00,10.8,10.8,10.8,10.8,100,0
2014-12-23,17:00:00,10.78,10.78,10.76,10.76,300,0
2014-12-23,19:35:00,10.9,10.9,10.9,10.9,300,0
2014-12-29,20:45:00,11.7499,11.75,11.7499,11.75,502,0
2014-12-31,19:05:00,11.05,11.18,11.05,11.18,600,0
2014-12-31,19:10:00,11.06,11.06,11.06,11.06,100,0
2014-12-31,19:15:00,11.24,11.24,11.24,11.24,200,0
2014-12-31,19:20:00,11.27,11.27,11.27,11.27,100,0
2014-12-31,19:25:00,11.25,11.36,11.25,11.36,400,0
2014-12-31,19:30:00,11.39,11.53,11.35,11.53,1200,0
2014-12-31,19:35:00,11.42,11.42,11.42,11.42,1100,0
2014-12-31,21:45:00,11.4,11.4,11.4,11.4,200,0
2015-01-05,19:30:00,10.75,11.75,10.75,11.75,1245,0
2015-01-05,21:10:00,11.38,11.38,11.35,11.35,200,0
2015-01-13,21:50:00,11.7,11.7,11.58,11.58,400,0
2015-01-15,15:40:00,10.83,10.83,10.83,10.83,500,0
2015-01-15,16:25:00,11.2,11.2,11.2,11.2,100,0
2015-01-16,21:15:00,11.5,11.5,11.4021,11.4021,2900,0
2015-01-16,21:20:00,11.5,11.5,11.4999,11.5,600,0
2015-01-21,15:35:00,11.5,11.5,11.5,11.5,1300,0
2015-01-21,16:00:00,11.5,11.5,11.5,11.5,1000,0
2015-01-21,16:15:00,11.4999,11.5,11.4999,11.5,1100,0
2015-01-21,16:30:00,11.4999,11.5,11.4999,11.5,2000,0
2015-01-21,16:45:00,11.4999,11.5,11.4999,11.5,1000,0
2015-01-21,20:40:00,11.5,11.5,11.49,11.5,2000,0
2015-01-21,20:55:00,11.39,11.4,11.39,11.4,700,0
2015-01-21,21:10:00,11.5,11.5,11.5,11.5,2500,0
2015-01-22,16:25:00,11.5499,11.55,11.5499,11.55,400,0
2015-01-22,19:45:00,11.5,11.5,11.5,11.5,1000,0
2015-01-22,20:30:00,11.5,11.5,11.5,11.5,2100,0
2015-01-22,21:40:00,11.4237,11.4237,11.4237,11.4237,930,0
2015-01-22,21:45:00,11.5,11.5,11.01,11.4999,1200,0
2015-01-22,21:50:00,11.21,11.21,11.21,11.21,300,0
2015-01-22,22:00:00,11.15,11.15,11.15,11.15,1500,0
2015-01-23,16:35:00,11.5001,11.51,11.5,11.5,1040,0
2015-01-23,16:55:00,11.5,11.5,11.5,11.5,1200,0
2015-01-23,20:40:00,10.84,10.84,10.84,10.84,388,0
2015-01-23,20:45:00,11.08,11.08,11.08,11.08,400,0
2015-01-23,20:50:00,11.08,11.08,11.08,11.08,400,0
2015-01-26,17:35:00,11.4999,11.5,11.4999,11.5,3300,0
2015-01-26,18:00:00,11.54,11.55,11.366,11.37,4100,0
2015-01-26,18:05:00,11.55,11.59,11.37,11.556,900,0
2015-01-26,18:50:00,11.55,11.55,11.55,11.55,100,0
2015-01-26,19:40:00,11.25,11.25,11.25,11.25,100,0
2015-01-26,19:45:00,11.25,11.25,11.25,11.25,100,0
2015-01-26,19:50:00,11.25,11.25,11.25,11.25,100,0
2015-01-26,19:55:00,11.25,11.25,11.25,11.25,100,0
2015-01-26,20:05:00,11.26,11.26,11.26,11.26,100,0
2015-01-26,20:10:00,11.27,11.27,11.25,11.25,200,0
2015-01-26,20:15:00,11.28,11.28,11.28,11.28,100,0
2015-01-26,20:20:00,11.5,11.5,11.35,11.35,800,0
2015-01-26,20:25:00,11.25,11.25,11.25,11.25,100,0
2015-01-26,20:30:00,11.28,11.28,11.28,11.28,100,0
2015-01-26,20:40:00,11.3,11.3,11.3,11.3,100,0
2015-01-26,20:45:00,11.28,11.28,11.28,11.28,100,0
2015-01-26,20:50:00,11.25,11.25,11.25,11.25,100,0
2015-01-26,20:55:00,11.25,11.25,11.0,11.0,200,0
2015-01-26,21:00:00,11.0,11.0,11.0,11.0,100,0
2015-01-26,21:05:00,11.0,11.0,11.0,11.0,100,0
2015-01-26,21:10:00,11.05,11.05,11.05,11.05,100,0
2015-01-26,21:15:00,11.4222,11.4222,11.1,11.1,600,0
2015-01-26,21:20:00,11.1,11.1,11.1,11.1,100,0
2015-01-26,21:25:00,11.15,11.15,11.15,11.15,200,0
2015-01-26,21:30:00,11.15,11.15,11.15,11.15,100,0
2015-01-26,21:35:00,11.15,11.15,11.15,11.15,100,0
2015-01-26,21:40:00,11.15,11.15,11.1,11.1,300,0
2015-01-26,21:45:00,11.15,11.15,11.15,11.15,200,0
2015-01-26,21:50:00,11.15,11.41,11.15,11.2999,3300,0
2015-01-26,21:55:00,11.41,11.41,11.41,11.41,500,0
2015-01-26,22:00:00,11.15,11.22,10.91,11.0,5200,0
2015-01-27,15:35:00,11.0,11.0,11.0,11.0,100,0
2015-01-27,16:35:00,11.5,11.5,11.46,11.47,2500,0
2015-01-27,18:55:00,11.405,11.405,11.405,11.405,400,0
2015-01-27,19:00:00,11.405,11.405,11.405,11.405,400,0
2015-01-27,19:50:00,11.46,11.5,11.46,11.5,1800,0
2015-01-27,19:55:00,11.55,11.55,11.55,11.55,1014,0
2015-01-27,20:10:00,11.48,11.5,11.4744,11.4999,3100,0
2015-01-27,20:15:00,11.55,11.75,11.5499,11.75,4300,0
2015-01-27,20:45:00,11.75,11.75,11.75,11.75,100,0
2015-01-27,21:55:00,11.7,11.7,11.7,11.7,500,0
2015-01-28,16:00:00,11.4189,11.4189,11.4189,11.4189,500,0
2015-01-28,18:45:00,11.4192,11.5,11.06,11.4999,4900,0
2015-01-28,18:50:00,11.5,11.55,11.4999,11.55,1300,0
2015-01-28,18:55:00,11.55,11.6,11.5499,11.6,3600,0
2015-01-28,19:40:00,11.55,11.55,11.55,11.55,1200,0
2015-01-28,21:10:00,11.494,11.494,11.494,11.494,200,0
2015-01-28,21:40:00,11.41,11.41,11.3,11.3,1000,0
2015-01-28,21:45:00,11.28,11.28,11.28,11.28,100,0
2015-01-28,21:50:00,11.07,11.07,11.07,11.07,100,0
2015-01-28,22:00:00,11.47,11.514,11.47,11.514,200,0
2015-01-29,16:10:00,11.4,11.4,11.4,11.4,200,0
2015-01-29,20:45:00,11.4,11.5,11.4,11.4,1400,0
2015-01-29,21:25:00,11.5,11.5,11.5,11.5,100,0
2015-01-29,21:50:00,11.51,11.51,11.51,11.51,100,0
2015-01-29,22:00:00,11.5,11.5,11.5,11.5,200,0
2015-01-30,18:10:00,11.5,11.5,11.5,11.5,1000,0
2015-01-30,18:55:00,11.4999,11.5,11.49,11.5,2000,0
2015-01-30,21:50:00,11.5,11.5,11.5,11.5,1800,0
2015-01-30,22:00:00,11.53,11.53,11.53,11.53,100,0
2015-02-02,16:30:00,11.5,11.5,11.5,11.5,6000,0
2015-02-02,16:50:00,11.45,11.47,11.37,11.38,1100,0
2015-02-02,16:55:00,11.42,11.5,11.42,11.5,400,0
2015-02-02,17:20:00,11.5,11.5,11.5,11.5,900,0
2015-02-02,22:00:00,11.5,11.54,11.5,11.54,5700,0
2015-02-03,15:35:00,11.5,11.5,11.5,11.5,400,0
2015-02-03,15:40:00,11.5,11.5,11.5,11.5,2800,0
2015-02-03,16:05:00,11.49,11.53,11.25,11.5299,4704,0
2015-02-03,16:30:00,11.4999,11.5,11.4999,11.5,2000,0
2015-02-03,17:20:00,11.5,11.53,11.5,11.53,900,0
2015-02-03,22:00:00,11.49,11.49,11.49,11.49,300,0
2015-02-04,16:10:00,11.5,11.5,11.5,11.5,400,0
2015-02-05,20:40:00,11.5,11.5,11.47,11.4999,4500,0
2015-02-05,22:00:00,11.49,11.5,11.49,11.5,200,0
2015-02-06,16:10:00,11.5,11.5,11.5,11.5,400,0
2015-02-06,16:15:00,11.4175,11.5,11.4175,11.475,1700,0
2015-02-06,16:25:00,11.49,11.5,11.49,11.4999,3200,0
2015-02-06,18:35:00,11.4999,11.52,11.4999,11.51,1500,0
2015-02-06,18:40:00,11.52,11.52,11.52,11.52,350,0
2015-02-06,18:55:00,11.52,11.52,11.52,11.52,300,0
2015-02-06,19:00:00,11.52,11.52,11.5199,11.5199,6600,0
2015-02-06,19:10:00,11.54,11.54,11.528,11.528,3000,0
2015-02-06,19:15:00,11.54,11.57,11.54,11.57,7400,0
2015-02-06,19:20:00,11.57,11.57,11.57,11.57,600,0
2015-02-06,22:00:00,11.694,11.694,11.694,11.694,100,0
2015-02-09,16:00:00,11.5,11.5,11.41,11.41,600,0
2015-02-09,16:15:00,11.4999,11.5,11.4999,11.5,3200,0
2015-02-09,18:05:00,11.4844,11.55,11.4844,11.55,3000,0
2015-02-09,19:10:00,11.55,11.55,11.55,11.55,400,0
2015-02-09,19:20:00,11.54,11.54,11.51,11.51,2300,0
2015-02-09,19:25:00,11.5,11.5,11.5,11.5,1128,0
2015-02-09,19:40:00,11.46,11.5,11.46,11.5,1958,0
2015-02-09,21:55:00,11.502,11.55,11.502,11.55,1800,0
2015-02-09,22:00:00,11.55,11.55,11.55,11.55,100,0
2015-02-10,16:25:00,11.499,11.5,11.499,11.5,3400,0
2015-02-10,22:00:00,11.49,11.49,11.49,11.49,200,0
2015-02-11,15:45:00,11.49,11.5,11.405,11.4999,3100,0
2015-02-11,22:00:00,11.498,11.498,11.498,11.498,200,0
2015-02-12,15:45:00,11.415,11.415,11.415,11.415,700,0
2015-02-12,16:10:00,11.481,11.481,11.481,11.481,236,0
2015-02-12,16:15:00,11.481,11.481,11.481,11.481,400,0
2015-02-12,16:20:00,11.5,11.7,11.4999,11.7,7400,0
2015-02-12,20:25:00,11.93,11.93,11.93,11.93,100,0
2015-02-12,21:15:00,11.944,11.95,11.944,11.95,400,0
2015-02-13,16:00:00,11.95,11.95,11.95,11.95,1044,0
2015-02-13,19:25:00,11.93,12.85,11.93,12.214,1183,0
2015-02-17,18:25:00,14.89,14.89,14.89,14.89,300,0
2015-02-17,18:30:00,14.89,14.9,13.22,13.22,10750,0
2015-02-17,18:35:00,13.39,13.39,13.39,13.39,100,0
2015-02-17,18:40:00,13.39,13.39,13.3601,13.3601,200,0
2015-02-17,18:45:00,13.36,13.36,13.36,13.36,100,0
2015-02-17,18:50:00,13.49,13.49,13.49,13.49,100,0
2015-02-17,18:55:00,13.06,13.06,13.06,13.06,100,0
2015-02-17,19:00:00,13.05,13.05,13.05,13.05,100,0
2015-02-17,19:10:00,13.115,13.115,13.115,13.115,100,0
2015-02-17,21:30:00,13.94,13.94,13.94,13.94,100,0
2015-02-17,22:00:00,13.98,13.98,13.98,13.98,100,0
2015-02-18,15:35:00,14,14,14,14,200,0
2015-02-18,15:50:00,14,14.1,12.6,12.6,990,0
2015-02-18,17:10:00,13.7,13.7,13.7,13.7,500,0
2015-02-18,17:15:00,13.1,14,13.1,14,1402,0
2015-02-18,20:00:00,13.7,13.7,13.7,13.7,200,0
2015-02-19,17:00:00,14,14,14,14,200,0
2015-02-20,16:10:00,13.98,13.98,13.98,13.98,400,0
2015-02-20,20:10:00,13.49,13.49,13.49,13.49,100,0
2015-02-20,20:15:00,13.25,13.98,13.25,13.285,7111,0
2015-02-20,22:00:00,13.24,13.24,13.24,13.24,200,0
2015-02-23,16:10:00,13.764,13.764,13.764,13.764,100,0
2015-02-23,18:10:00,13.44,13.44,13.44,13.44,100,0
2015-02-23,18:35:00,13.7856,13.7856,13.7856,13.7856,125,0
2015-02-23,21:10:00,13.735,13.735,13.735,13.735,100,0
