Date,Time,Open,High,Low,Close,Volume,OpenInt
2012-10-22,21:35:00,9.73,9.73,9.64,9.64,8077,0
2012-10-23,15:35:00,9.641,9.641,9.641,9.641,109,0
2012-10-23,19:25:00,9.734,9.734,9.734,9.734,951,0
2012-10-31,21:00:00,9.904,9.904,9.904,9.904,209,0
2012-11-02,16:45:00,9.868,9.868,9.868,9.868,209,0
2012-11-02,16:50:00,9.848,9.962,9.848,9.962,2458,0
2012-11-02,18:25:00,9.724,9.724,9.724,9.724,497,0
2012-11-05,18:55:00,9.724,9.772,9.724,9.724,1898,0
2012-11-05,22:00:00,9.724,9.724,9.724,9.724,3161,0
2012-11-06,17:15:00,9.914,9.962,9.914,9.962,10751,0
2012-11-06,17:20:00,9.962,9.962,9.962,9.962,109,0
2012-11-06,17:55:00,9.914,9.914,9.914,9.914,1898,0
2012-11-06,18:50:00,9.914,9.962,9.914,9.962,419,0
2012-11-06,20:45:00,9.734,9.782,9.734,9.782,1159,0
2012-11-06,20:50:00,9.782,9.782,9.782,9.782,109,0
2012-11-06,20:55:00,9.792,9.792,9.792,9.792,737,0
2012-11-06,21:15:00,9.895,9.962,9.895,9.962,635,0
2012-11-07,16:10:00,9.962,9.962,9.962,9.962,1054,0
2012-11-08,16:10:00,9.886,9.886,9.886,9.886,109,0
2012-11-09,21:30:00,9.868,9.868,9.868,9.868,419,0
2012-11-12,19:30:00,9.868,9.886,9.868,9.868,7694,0
2012-11-12,19:35:00,9.868,9.868,9.868,9.868,3373,0
2012-11-12,19:40:00,9.904,9.914,9.904,9.914,2002,0
2012-11-12,19:55:00,9.868,9.868,9.858,9.868,2424,0
2012-11-12,20:10:00,9.868,9.868,9.868,9.868,947,0
2012-11-12,20:15:00,9.868,9.868,9.868,9.868,109,0
2012-11-14,15:50:00,9.868,9.868,9.868,9.868,4004,0
2012-11-14,15:55:00,9.868,9.868,9.868,9.868,5269,0
2012-11-15,15:40:00,9.868,9.868,9.868,9.868,30142,0
2012-11-15,15:45:00,9.868,9.868,9.868,9.868,121,0
2012-11-15,20:25:00,9.821,9.821,9.821,9.821,318,0
2012-11-15,21:10:00,9.821,9.821,9.821,9.821,1054,0
2012-11-19,18:00:00,9.839,9.839,9.839,9.839,645,0
2012-11-19,18:35:00,9.839,9.839,9.839,9.839,109,0
2012-11-20,21:05:00,9.868,9.868,9.868,9.868,2530,0
2012-11-20,21:15:00,9.868,9.868,9.868,9.868,5269,0
2012-11-23,19:00:00,9.848,9.868,9.848,9.868,947,0
2012-11-27,18:15:00,9.868,9.868,9.868,9.868,109,0
2012-11-27,18:30:00,9.868,9.868,9.868,9.868,5269,0
2012-11-28,17:20:00,9.868,9.868,9.868,9.868,527,0
2012-11-28,19:10:00,9.848,9.848,9.848,9.848,635,0
2012-11-29,16:00:00,9.848,9.848,9.848,9.848,635,0
2012-11-29,16:45:00,9.868,9.868,9.868,9.868,209,0
2012-11-29,16:50:00,9.868,9.868,9.868,9.868,1013,0
2012-11-29,21:45:00,9.849,9.849,9.849,9.849,109,0
2012-11-30,18:35:00,9.848,9.848,9.848,9.848,419,0
2012-11-30,21:35:00,9.848,9.848,9.848,9.848,209,0
2012-12-04,15:50:00,9.868,9.868,9.868,9.868,635,0
2012-12-04,16:00:00,9.868,9.868,9.868,9.868,1529,0
2012-12-04,18:10:00,9.868,9.868,9.868,9.868,5269,0
2012-12-05,15:35:00,9.868,9.868,9.868,9.868,318,0
2012-12-05,18:00:00,9.868,9.868,9.868,9.868,2158,0
2012-12-07,15:50:00,9.868,9.868,9.868,9.868,15495,0
2012-12-07,16:05:00,9.811,9.866,9.811,9.866,737,0
2012-12-07,22:00:00,9.868,9.868,9.868,9.868,109,0
2012-12-11,21:20:00,9.821,9.821,9.821,9.821,844,0
2012-12-11,21:30:00,9.772,9.772,9.772,9.772,1877,0
2012-12-12,17:15:00,9.772,9.772,9.772,9.772,263,0
2012-12-13,16:45:00,9.772,9.772,9.772,9.772,1159,0
2012-12-13,17:15:00,9.848,9.868,9.848,9.868,8274,0
2012-12-13,21:25:00,9.868,9.868,9.868,9.868,1264,0
2012-12-13,21:50:00,9.868,9.868,9.868,9.868,209,0
2012-12-17,21:30:00,9.914,9.914,9.914,9.914,2112,0
2012-12-18,15:35:00,9.914,9.914,9.914,9.914,318,0
2012-12-19,16:20:00,9.914,9.914,9.914,9.914,1054,0
2012-12-19,20:15:00,9.868,9.868,9.868,9.868,2187,0
2012-12-20,18:25:00,9.868,9.868,9.868,9.868,513,0
2012-12-20,19:05:00,9.914,9.914,9.914,9.914,527,0
2012-12-26,19:55:00,9.868,9.868,9.868,9.868,2978,0
2012-12-26,20:45:00,9.877,9.877,9.877,9.877,109,0
2012-12-26,21:05:00,9.868,9.868,9.868,9.868,109,0
2012-12-28,17:00:00,9.914,9.914,9.914,9.914,571,0
2012-12-28,17:30:00,10.01,10.058,10.01,10.058,1632,0
2012-12-31,15:45:00,10.058,10.058,10.058,10.058,1264,0
2012-12-31,16:05:00,10.058,10.058,10.058,10.058,844,0
2012-12-31,17:10:00,9.724,9.724,9.724,9.724,527,0
2012-12-31,19:20:00,9.724,9.724,9.724,9.724,2636,0
2012-12-31,20:00:00,9.724,9.724,9.724,9.724,318,0
2012-12-31,20:50:00,9.724,9.736,9.724,9.736,400,0
2012-12-31,21:05:00,9.904,9.914,9.904,9.914,1054,0
2012-12-31,21:50:00,9.782,9.895,9.782,9.895,209,0
2012-12-31,21:55:00,9.763,9.763,9.763,9.763,109,0
2013-01-02,17:55:00,9.792,9.792,9.782,9.792,6007,0
2013-01-02,18:15:00,9.914,9.914,9.914,9.914,109,0
2013-01-02,18:55:00,9.895,9.895,9.895,9.895,109,0
2013-01-02,19:30:00,9.914,9.914,9.914,9.914,109,0
2013-01-03,15:35:00,9.868,9.868,9.868,9.868,318,0
2013-01-03,16:55:00,9.792,9.792,9.772,9.772,5974,0
2013-01-03,17:35:00,9.848,9.848,9.848,9.848,109,0
2013-01-03,18:20:00,9.868,9.868,9.868,9.868,220,0
2013-01-03,19:00:00,9.914,9.914,9.914,9.914,209,0
2013-01-04,15:35:00,9.848,9.848,6.8312,8.5483,1740,0
2013-01-04,16:20:00,9.868,9.868,9.868,9.868,293,0
2013-01-04,17:00:00,9.867,9.867,9.801,9.801,215,0
2013-01-04,17:30:00,9.678,9.678,9.678,9.678,128,0
2013-01-04,17:45:00,9.678,9.678,9.678,9.678,209,0
2013-01-04,18:30:00,9.763,9.763,9.763,9.763,109,0
2013-01-04,21:25:00,9.772,9.772,9.763,9.763,527,0
2013-01-09,15:35:00,9.821,9.821,9.821,9.821,109,0
2013-01-09,21:55:00,9.886,9.886,9.886,9.886,209,0
2013-01-15,20:20:00,9.801,9.801,9.801,9.801,209,0
2013-01-15,21:20:00,9.801,9.801,9.801,9.801,209,0
2013-01-17,15:55:00,9.839,9.839,9.839,9.839,209,0
2013-01-17,20:50:00,9.839,9.839,9.821,9.821,737,0
2013-01-17,21:05:00,9.821,9.821,9.821,9.821,5480,0
2013-01-17,21:25:00,9.821,9.821,9.821,9.821,2361,0
2013-01-18,18:10:00,9.914,9.914,9.914,9.914,844,0
2013-01-23,19:15:00,9.848,9.848,9.848,9.848,109,0
2013-01-28,15:35:00,9.868,9.868,9.868,9.868,318,0
2013-01-28,15:40:00,9.868,9.868,9.868,9.868,19249,0
2013-01-28,18:05:00,9.914,9.914,9.907,9.907,257,0
2013-01-29,16:05:00,9.953,9.953,9.953,9.953,635,0
2013-01-29,16:20:00,9.943,9.943,9.943,9.943,527,0
2013-01-29,19:05:00,9.953,9.953,9.953,9.953,209,0
2013-01-31,20:30:00,10.01,10.01,10.01,10.01,123,0
2013-01-31,20:55:00,10.058,10.058,10.058,10.058,209,0
2013-02-01,19:10:00,10.01,10.01,9.962,9.962,318,0
2013-02-01,21:10:00,9.943,9.943,9.943,9.943,426,0
2013-02-04,16:00:00,10.058,10.058,10.058,10.058,14861,0
2013-02-04,20:30:00,10.152,10.152,10.152,10.152,182,0
2013-02-04,20:50:00,10.058,10.058,10.058,10.058,10541,0
2013-02-05,21:50:00,10.161,10.161,10.161,10.161,635,0
2013-02-05,21:55:00,10.219,10.219,10.219,10.219,304,0
2013-02-07,16:10:00,10.058,10.058,10.058,10.058,109,0
2013-02-07,16:30:00,10.075,10.075,10.058,10.058,572,0
2013-02-07,20:50:00,10.058,10.058,10.058,10.058,419,0
2013-02-07,21:55:00,10.058,10.058,10.058,10.058,109,0
2013-02-08,17:10:00,10.058,10.058,10.058,10.058,209,0
2013-02-11,20:30:00,10.238,10.238,10.233,10.233,947,0
2013-02-12,20:10:00,10.238,10.248,10.238,10.248,1498,0
2013-02-13,17:40:00,10.341,10.341,10.341,10.341,527,0
2013-02-13,17:45:00,10.437,10.437,10.341,10.341,419,0
2013-02-13,18:00:00,10.303,10.437,10.303,10.437,318,0
2013-02-13,20:00:00,10.341,10.341,10.341,10.341,318,0
2013-02-14,16:20:00,10.437,10.484,10.437,10.437,2002,0
2013-02-14,16:45:00,10.418,10.437,10.418,10.437,2319,0
2013-02-14,17:00:00,10.437,10.465,10.437,10.446,3373,0
2013-02-14,17:10:00,10.465,10.465,10.465,10.465,1372,0
2013-02-19,15:35:00,10.512,10.512,10.512,10.512,318,0
2013-02-19,21:50:00,10.56,10.56,10.541,10.541,1372,0
2013-02-21,15:35:00,10.579,10.579,10.579,10.579,109,0
2013-02-21,15:55:00,10.568,10.568,10.568,10.568,1054,0
2013-02-21,16:00:00,10.541,10.541,10.541,10.541,477,0
2013-02-21,18:30:00,10.56,10.564,10.541,10.564,1631,0
2013-02-25,19:05:00,10.275,10.275,10.161,10.161,527,0
2013-02-28,20:50:00,10.456,10.456,10.456,10.456,109,0
2013-02-28,20:55:00,10.502,10.502,10.502,10.502,109,0
2013-03-05,15:55:00,10.058,10.058,10.058,10.058,419,0
2013-03-06,15:55:00,9.99,9.99,9.99,9.99,109,0
2013-03-07,15:35:00,10.058,10.058,10.058,10.058,208,0
2013-03-07,16:40:00,10.344,10.363,10.344,10.363,732,0
2013-03-07,18:10:00,10.363,10.382,10.363,10.382,833,0
2013-03-07,18:15:00,10.315,10.315,10.315,10.315,316,0
2013-03-07,18:40:00,10.382,10.382,10.382,10.382,785,0
2013-03-07,19:05:00,10.382,10.382,10.382,10.382,357,0
2013-03-08,15:35:00,10.44,10.44,10.44,10.44,316,0
2013-03-08,16:15:00,14.03,14.03,12.254,12.254,416,0
2013-03-08,16:45:00,12.09,12.09,12.09,12.09,208,0
2013-03-08,18:00:00,11.462,11.462,11.462,11.462,158,0
2013-03-08,18:05:00,10.232,10.232,10.232,10.232,208,0
2013-03-08,19:30:00,10.319,10.319,10.319,10.319,158,0
2013-03-08,19:50:00,11.423,11.423,11.395,11.395,732,0
2013-03-08,20:30:00,10.984,10.984,10.984,10.984,629,0
2013-03-08,21:45:00,11.213,11.213,11.213,11.213,108,0
2013-03-08,21:55:00,11.223,11.223,11.223,11.223,649,0
2013-03-11,16:40:00,10.515,10.564,10.315,10.458,1571,0
2013-03-12,20:15:00,10.506,10.506,10.506,10.506,208,0
2013-03-13,14:35:00,10.803,10.803,10.803,10.803,316,0
2013-03-14,17:35:00,10.506,10.506,10.506,10.506,108,0
2013-03-18,14:35:00,10.544,10.544,10.544,10.544,108,0
2013-03-18,20:40:00,10.745,10.745,10.745,10.745,316,0
2013-03-27,14:40:00,10.736,10.745,10.736,10.745,386,0
2013-03-27,19:05:00,10.898,10.898,10.898,10.898,473,0
2013-03-28,14:35:00,10.859,10.859,10.859,10.859,629,0
2013-03-28,15:40:00,10.736,10.745,10.736,10.745,843,0
2013-03-28,16:25:00,10.611,10.631,10.611,10.631,1152,0
2013-03-28,16:45:00,10.593,10.593,10.593,10.593,839,0
2013-04-01,17:40:00,10.506,10.514,10.506,10.514,208,0
2013-04-02,15:35:00,10.593,10.593,10.593,10.593,108,0
2013-04-04,19:30:00,11.271,11.271,11.271,11.271,208,0
2013-04-04,20:50:00,11.452,11.452,11.452,11.452,108,0
2013-04-04,22:00:00,11.366,11.366,11.366,11.366,187,0
2013-04-15,15:35:00,11.356,11.356,11.356,11.356,174,0
2013-04-19,22:00:00,11.156,11.156,11.156,11.156,108,0
2013-04-24,20:50:00,10.745,10.745,10.745,10.745,524,0
2013-04-24,22:00:00,10.984,10.984,10.984,10.984,1047,0
2013-05-13,19:00:00,10.812,10.812,10.812,10.812,107,0
2013-05-13,19:40:00,11.531,11.531,11.531,11.531,314,0
2013-05-13,21:50:00,11.051,11.051,11.051,11.051,414,0
2013-05-14,21:25:00,11.147,11.147,11.129,11.147,1668,0
2013-05-15,17:25:00,11.051,11.051,11.051,11.051,521,0
2013-05-15,19:25:00,11.051,11.051,11.051,11.051,624,0
2013-05-15,20:20:00,11.07,11.07,11.07,11.07,234,0
2013-05-15,20:35:00,11.051,11.051,11.051,11.051,107,0
2013-05-16,16:35:00,10.821,10.821,10.821,10.821,107,0
2013-05-16,17:10:00,11.243,11.243,11.243,11.243,207,0
2013-05-17,16:05:00,11.06,11.06,11.06,11.06,107,0
2013-05-17,17:10:00,11.339,11.339,11.339,11.339,207,0
2013-05-17,17:30:00,11.292,11.292,11.292,11.292,935,0
2013-05-20,20:40:00,11.282,11.282,11.282,11.282,107,0
2013-05-21,16:05:00,11.08,11.08,11.08,11.08,107,0
2013-05-21,19:55:00,11.07,11.07,11.07,11.07,107,0
2013-05-23,18:50:00,11.292,11.292,11.292,11.292,1041,0
2013-06-05,17:45:00,11.292,11.292,11.292,11.292,107,0
2013-06-07,21:05:00,11.388,11.388,11.388,11.388,1976,0
2013-06-10,21:25:00,11.147,11.147,11.147,11.147,1248,0
2013-06-11,20:40:00,11.147,11.147,11.147,11.147,207,0
2013-06-11,21:10:00,11.147,11.147,11.147,11.147,107,0
2013-06-11,21:30:00,11.147,11.147,11.147,11.147,107,0
2013-06-11,21:50:00,11.147,11.147,11.147,11.147,107,0
2013-06-11,22:00:00,11.147,11.147,11.147,11.147,414,0
2013-06-12,15:40:00,11.292,11.292,11.292,11.292,624,0
2013-06-12,15:45:00,11.292,11.292,11.292,11.292,1041,0
2013-06-12,17:50:00,11.147,11.292,11.147,11.292,314,0
2013-06-13,16:15:00,11.292,11.292,11.292,11.292,207,0
2013-06-13,20:05:00,11.292,11.292,11.166,11.166,521,0
2013-06-13,22:00:00,11.147,11.147,11.147,11.147,207,0
2013-06-14,17:25:00,11.147,11.147,11.147,11.147,107,0
2013-06-14,18:00:00,11.157,11.157,11.157,11.157,107,0
2013-06-14,19:10:00,11.147,11.147,11.147,11.147,107,0
2013-06-14,20:05:00,11.147,11.147,11.147,11.147,107,0
2013-06-14,20:40:00,11.185,11.195,11.185,11.195,521,0
2013-06-14,21:35:00,11.147,11.147,11.147,11.147,107,0
2013-06-14,21:50:00,11.147,11.147,11.147,11.147,107,0
2013-06-14,22:00:00,11.147,11.147,11.147,11.147,314,0
2013-06-17,15:50:00,11.292,11.292,11.292,11.292,521,0
2013-06-17,17:25:00,11.147,11.147,11.147,11.147,314,0
2013-06-17,18:15:00,11.147,11.147,11.147,11.147,107,0
2013-06-17,19:10:00,11.147,11.147,11.147,11.147,107,0
2013-06-17,20:05:00,11.147,11.147,11.147,11.147,107,0
2013-06-17,20:55:00,11.147,11.147,11.147,11.147,107,0
2013-06-17,21:35:00,11.147,11.147,11.147,11.147,107,0
2013-06-17,22:00:00,11.147,11.147,11.147,11.147,314,0
2013-06-18,16:45:00,11.147,11.147,11.147,11.147,1976,0
2013-06-18,17:15:00,11.151,11.151,11.151,11.151,404,0
2013-06-18,18:15:00,11.147,11.147,11.147,11.147,107,0
2013-06-18,19:10:00,11.147,11.147,11.147,11.147,107,0
2013-06-18,20:00:00,11.147,11.147,11.147,11.147,107,0
2013-06-18,20:55:00,11.147,11.147,11.147,11.147,107,0
2013-06-18,21:35:00,11.147,11.147,11.147,11.147,107,0
2013-06-18,22:00:00,11.147,11.147,11.147,11.147,207,0
2013-06-21,15:50:00,11.292,11.292,11.272,11.292,2085,0
2013-06-21,16:10:00,11.08,11.08,11.08,11.08,107,0
2013-06-21,21:50:00,11.243,11.292,11.243,11.292,935,0
2013-06-21,21:55:00,11.292,11.292,11.292,11.292,207,0
2013-06-21,22:00:00,11.292,11.531,11.292,11.531,10937,0
2013-06-24,15:35:00,11.455,11.455,11.455,11.455,107,0
2013-06-24,19:55:00,11.307,11.307,11.307,11.307,107,0
2013-06-24,20:00:00,11.119,11.119,11.099,11.099,826,0
2013-06-24,21:00:00,11.09,11.09,11.09,11.09,107,0
2013-06-24,21:10:00,11.09,11.09,11.09,11.09,107,0
2013-06-24,21:20:00,11.09,11.09,11.09,11.09,107,0
2013-06-24,21:35:00,11.09,11.09,11.09,11.09,107,0
2013-06-24,21:55:00,11.09,11.09,11.09,11.09,107,0
2013-06-24,22:00:00,11.09,11.09,11.08,11.08,314,0
2013-06-25,16:20:00,11.292,11.292,11.292,11.292,107,0
2013-06-25,16:55:00,11.233,11.233,11.233,11.233,207,0
2013-06-25,20:10:00,11.233,11.233,11.233,11.233,139,0
2013-06-26,21:55:00,11.08,11.08,11.032,11.032,5443,0
2013-06-27,22:00:00,11.263,11.263,11.263,11.263,107,0
2013-06-28,16:25:00,11.243,11.243,11.243,11.243,314,0
2013-07-02,22:00:00,11.08,11.08,11.051,11.08,414,0
2013-07-08,22:00:00,10.927,10.927,10.927,10.927,107,0
2013-07-09,18:00:00,11.093,11.171,11.093,11.171,314,0
2013-07-10,22:00:00,10.897,10.897,10.897,10.897,107,0
2013-07-12,22:00:00,11.012,11.012,11.012,11.012,4147,0
2013-07-15,17:20:00,11.263,11.292,11.263,11.292,4370,0
2013-07-15,18:05:00,11.282,11.282,11.282,11.282,207,0
2013-07-15,18:10:00,11.292,11.292,11.233,11.233,414,0
2013-07-15,19:05:00,11.099,11.099,11.003,11.003,207,0
2013-07-16,17:15:00,11.292,11.292,11.262,11.292,4360,0
2013-07-16,18:15:00,11.292,11.292,11.292,11.292,790,0
2013-07-17,15:35:00,11.224,11.224,11.224,11.224,107,0
2013-07-17,22:00:00,11.224,11.243,11.224,11.243,1144,0
2013-07-18,22:00:00,11.243,11.243,11.243,11.243,207,0
2013-07-22,15:35:00,11.224,11.224,11.224,11.224,125,0
2013-07-22,21:00:00,11.119,11.119,11.003,11.003,1267,0
2013-07-22,21:15:00,11.124,11.157,11.124,11.157,414,0
2013-07-22,21:55:00,11.215,11.243,11.215,11.243,2185,0
2013-07-22,22:00:00,11.07,11.07,11.07,11.07,107,0
2013-07-23,15:35:00,11.243,11.243,11.243,11.243,314,0
2013-07-23,19:35:00,11.224,11.243,11.224,11.243,624,0
2013-07-23,22:00:00,11.243,11.243,11.243,11.243,107,0
2013-07-25,20:10:00,11.242,11.242,11.051,11.147,1354,0
2013-07-29,20:40:00,11.051,11.119,11.051,11.119,3955,0
2013-07-29,22:00:00,11.243,11.243,11.243,11.243,107,0
2013-07-30,19:30:00,11.243,11.243,11.243,11.243,1041,0
2013-07-30,19:55:00,11.243,11.243,11.243,11.243,3069,0
2013-07-31,19:00:00,11.243,11.243,11.243,11.243,107,0
2013-07-31,19:20:00,11.243,11.368,11.243,11.368,1078,0
2013-07-31,21:00:00,11.253,11.253,11.253,11.253,207,0
2013-07-31,21:30:00,11.243,11.243,11.243,11.243,207,0
2013-08-01,16:50:00,11.195,11.195,11.195,11.195,414,0
2013-08-01,21:00:00,11.148,11.33,11.148,11.33,625,0
2013-08-02,22:00:00,11.408,11.408,11.408,11.408,206,0
2013-08-05,22:00:00,11.408,11.408,11.408,11.408,206,0
2013-08-06,15:35:00,11.388,11.388,11.388,11.388,119,0
2013-08-06,22:00:00,11.408,11.408,11.408,11.408,106,0
2013-08-07,15:35:00,11.408,11.408,11.408,11.408,106,0
2013-08-07,21:20:00,11.165,11.165,11.165,11.165,491,0
2013-08-08,15:35:00,11.311,11.311,11.311,11.311,620,0
2013-08-08,22:00:00,11.456,11.456,11.456,11.456,106,0
2013-08-09,22:00:00,11.456,11.456,11.456,11.456,106,0
2013-08-12,18:00:00,11.358,11.358,11.358,11.358,1241,0
2013-08-13,16:00:00,11.263,11.263,11.263,11.263,467,0
2013-08-15,15:45:00,11.33,11.33,11.33,11.33,412,0
2013-08-15,15:50:00,11.33,11.33,11.262,11.262,3208,0
2013-08-15,16:00:00,11.214,11.214,11.214,11.214,6828,0
2013-08-23,17:05:00,11.456,11.456,11.456,11.456,206,0
2013-08-23,18:35:00,11.416,11.416,11.416,11.416,106,0
2013-08-23,21:35:00,11.456,11.456,11.416,11.446,716,0
2013-08-26,18:45:00,11.356,11.356,11.356,11.356,106,0
2013-08-26,21:55:00,11.33,11.33,11.118,11.118,1240,0
2013-08-26,22:00:00,11.118,11.466,11.118,11.466,930,0
2013-08-27,17:35:00,11.358,11.358,11.358,11.358,183,0
2013-08-27,22:00:00,11.339,11.339,11.339,11.339,106,0
2013-08-29,21:30:00,11.118,11.118,11.118,11.118,231,0
2013-08-29,21:45:00,11.238,11.33,11.098,11.118,4148,0
2013-08-29,21:50:00,11.118,11.118,11.118,11.118,1035,0
2013-08-29,22:00:00,11.108,11.108,11.108,11.108,518,0
2013-08-30,22:00:00,11.339,11.339,11.339,11.339,106,0
2013-09-03,22:00:00,11.33,11.33,11.33,11.33,106,0
2013-09-04,15:35:00,11.33,11.33,11.33,11.33,106,0
2013-09-05,16:25:00,10.992,10.992,10.875,10.875,2069,0
2013-09-05,21:40:00,11.033,11.033,11.033,11.033,106,0
2013-09-06,21:10:00,11.02,11.02,11.02,11.02,206,0
2013-09-09,17:05:00,10.954,11.349,10.954,11.349,518,0
2013-09-09,17:10:00,11.118,11.118,11.118,11.118,5173,0
2013-09-10,18:55:00,11.118,11.118,10.972,10.972,774,0
2013-09-10,21:20:00,11.118,11.118,11.117,11.117,292,0
2013-09-11,17:10:00,11.069,11.069,11.069,11.069,412,0
2013-09-11,22:00:00,11.358,11.358,11.358,11.358,106,0
2013-09-13,21:25:00,11.184,11.32,11.118,11.165,4441,0
2013-09-16,20:30:00,11.262,11.262,11.059,11.059,312,0
2013-09-17,21:30:00,11.214,11.214,11.214,11.214,312,0
2013-09-17,22:00:00,10.972,10.972,10.972,10.972,106,0
2013-09-18,15:35:00,11.098,11.118,11.098,11.118,829,0
2013-09-18,16:15:00,11.262,11.262,11.262,11.262,206,0
2013-09-18,18:15:00,11.146,11.146,11.146,11.146,106,0
2013-09-18,18:20:00,11.184,11.184,11.184,11.184,106,0
2013-09-19,15:50:00,11.242,11.262,11.242,11.262,2046,0
2013-09-19,15:55:00,11.262,11.262,11.262,11.262,1759,0
2013-09-19,17:10:00,11.146,11.146,11.146,11.146,106,0
2013-09-19,17:15:00,11.194,11.194,11.194,11.194,106,0
2013-09-19,18:30:00,11.194,11.194,11.137,11.137,15930,0
2013-09-19,19:10:00,11.137,11.137,11.137,11.137,106,0
2013-09-20,22:00:00,11.311,11.311,11.311,11.311,160,0
2013-09-23,15:35:00,11.292,11.292,11.292,11.292,106,0
2013-09-23,19:00:00,11.021,11.049,11.02,11.049,2896,0
2013-09-23,20:30:00,11.118,11.118,11.118,11.118,106,0
2013-09-23,20:40:00,11.175,11.175,11.118,11.118,515,0
2013-09-23,22:00:00,11.146,11.146,11.146,11.146,291,0
2013-09-24,17:35:00,11.156,11.156,11.156,11.156,206,0
2013-09-24,20:55:00,11.128,11.128,11.127,11.128,1987,0
2013-09-24,21:05:00,11.128,11.128,11.128,11.128,106,0
2013-09-24,22:00:00,11.137,11.137,11.118,11.118,399,0
2013-09-25,15:55:00,11.214,11.214,11.214,11.214,206,0
2013-09-25,21:30:00,11.214,11.214,11.214,11.214,206,0
2013-09-25,22:00:00,11.214,11.214,11.214,11.214,106,0
2013-09-26,16:35:00,11.214,11.214,11.214,11.214,206,0
2013-09-26,17:55:00,11.214,11.214,11.214,11.214,4657,0
2013-09-26,22:00:00,11.011,11.011,11.011,11.011,106,0
2013-09-27,22:00:00,11.02,11.02,11.02,11.02,106,0
2013-09-30,18:25:00,11.03,11.03,11.03,11.03,106,0
2013-09-30,21:50:00,11.039,11.039,11.039,11.039,206,0
2013-09-30,22:00:00,11.039,11.039,11.039,11.039,106,0
2013-10-01,19:50:00,11.02,11.039,11.02,11.039,688,0
2013-10-01,21:15:00,11.021,11.021,11.02,11.02,1035,0
2013-10-01,21:35:00,11.039,11.039,11.039,11.039,312,0
2013-10-02,15:35:00,11.078,11.078,11.078,11.078,206,0
2013-10-03,16:30:00,11.069,11.069,11.069,11.069,106,0
2013-10-04,15:35:00,11.088,11.088,11.088,11.088,106,0
2013-10-04,22:00:00,11.118,11.118,11.118,11.118,106,0
2013-10-07,15:35:00,11.204,11.204,11.204,11.204,106,0
2013-10-07,16:40:00,11.204,11.282,11.204,11.282,10448,0
2013-10-07,21:35:00,11.069,11.118,11.069,11.118,930,0
2013-10-08,16:10:00,11.069,11.088,11.069,11.069,2587,0
2013-10-08,18:55:00,11.069,11.069,11.069,11.069,1241,0
2013-10-09,22:00:00,11.088,11.088,11.088,11.088,206,0
2013-10-10,15:40:00,11.175,11.175,11.175,11.175,206,0
2013-10-10,17:00:00,11.088,11.088,11.088,11.088,106,0
2013-10-10,21:40:00,11.098,11.118,11.098,11.118,312,0
2013-10-10,22:00:00,11.108,11.108,11.069,11.069,312,0
2013-10-11,18:35:00,11.118,11.118,11.118,11.118,106,0
2013-10-14,15:35:00,11.194,11.194,11.194,11.194,106,0
2013-10-16,22:00:00,11.078,11.078,11.078,11.078,206,0
2013-10-17,17:05:00,11.156,11.156,11.156,11.156,412,0
2013-10-17,17:40:00,11.156,11.165,11.156,11.165,2906,0
2013-10-17,18:45:00,11.069,11.069,11.069,11.069,106,0
2013-10-18,21:50:00,11.069,11.088,11.069,11.088,631,0
2013-10-18,21:55:00,11.282,11.282,11.214,11.214,724,0
2013-10-18,22:00:00,11.368,11.368,11.368,11.368,2585,0
2013-10-21,15:35:00,11.282,11.282,11.282,11.282,106,0
2013-10-21,22:00:00,11.233,11.233,11.233,11.233,106,0
2013-10-23,21:00:00,11.098,11.098,11.098,11.098,106,0
2013-10-23,21:35:00,11.175,11.175,11.175,11.175,206,0
2013-10-24,15:35:00,11.128,11.128,11.128,11.128,312,0
2013-10-24,17:50:00,11.542,11.601,11.542,11.601,2645,0
2013-10-24,18:45:00,11.601,11.601,11.601,11.601,3111,0
2013-10-24,18:50:00,11.601,11.62,11.601,11.601,3841,0
2013-10-24,18:55:00,11.601,11.601,11.601,11.601,4167,0
2013-10-24,21:50:00,11.601,11.601,11.572,11.601,2744,0
2013-10-25,17:40:00,11.601,11.601,11.601,11.601,108,0
2013-10-25,22:00:00,11.842,11.842,11.842,11.842,206,0
2013-10-28,15:20:00,11.649,11.649,11.601,11.601,16755,0
2013-10-28,19:55:00,11.581,12.084,11.581,12.084,1060,0
2013-10-29,20:40:00,11.513,11.513,11.513,11.513,206,0
2013-10-30,20:35:00,11.649,11.649,11.649,11.649,412,0
2013-11-05,17:20:00,11.669,11.669,11.669,11.669,1544,0
2013-11-05,20:15:00,11.669,11.669,11.669,11.669,2056,0
2013-11-07,18:55:00,11.639,11.669,11.639,11.669,925,0
2013-11-08,15:35:00,11.669,11.669,11.669,11.669,105,0
2013-11-12,17:55:00,11.669,11.669,11.659,11.669,1439,0
2013-11-12,21:55:00,11.911,11.911,11.911,11.911,410,0
2013-11-14,18:45:00,11.911,11.911,11.911,11.911,515,0
2013-11-18,15:35:00,11.911,11.911,11.911,11.911,205,0
2013-11-19,15:35:00,11.911,11.911,11.911,11.911,105,0
2013-11-19,15:55:00,11.911,11.911,11.911,11.911,515,0
2013-11-19,17:15:00,11.814,11.814,11.814,11.814,1439,0
2013-11-19,21:00:00,11.862,11.862,11.862,11.862,410,0
2013-11-19,21:10:00,11.824,11.824,11.814,11.814,25402,0
2013-11-19,21:45:00,11.862,11.862,11.862,11.862,205,0
2013-11-20,20:10:00,11.961,12.008,11.911,11.911,1439,0
2013-11-20,20:35:00,12.008,12.008,11.824,11.824,1234,0
2013-11-20,20:40:00,11.824,11.824,11.824,11.824,205,0
2013-11-21,19:25:00,12.008,12.008,12.008,12.008,409,0
2013-12-09,16:50:00,11.961,11.961,11.961,11.961,1029,0
2013-12-10,21:25:00,11.62,11.62,11.571,11.571,824,0
2013-12-10,21:30:00,11.571,11.571,11.571,11.571,1131,0
2013-12-10,21:35:00,11.571,11.62,11.571,11.62,616,0
2013-12-10,21:40:00,11.62,11.669,11.62,11.62,925,0
2013-12-10,21:45:00,11.62,11.62,11.62,11.62,616,0
2013-12-10,21:50:00,11.62,11.62,11.62,11.62,720,0
2013-12-10,21:55:00,11.62,11.62,11.62,11.62,720,0
2013-12-10,22:00:00,11.62,11.63,11.62,11.63,616,0
2013-12-11,20:35:00,11.911,11.911,11.911,11.911,925,0
2013-12-13,19:10:00,12.057,12.057,12.057,12.057,105,0
2013-12-18,15:35:00,12.116,12.116,12.116,12.116,105,0
2013-12-18,17:45:00,11.669,11.669,11.669,11.669,310,0
2013-12-18,19:40:00,11.669,11.669,11.669,11.669,310,0
2013-12-20,18:30:00,11.814,11.834,11.814,11.814,2056,0
2013-12-20,18:40:00,11.911,11.911,11.911,11.911,205,0
2013-12-20,18:50:00,11.814,11.814,11.814,11.814,105,0
2013-12-20,19:40:00,11.864,11.864,11.864,11.864,616,0
2013-12-20,19:50:00,11.814,11.814,11.814,11.814,512,0
2013-12-20,21:55:00,11.911,11.911,11.911,11.911,2365,0
2013-12-23,15:50:00,12.056,12.056,12.056,12.056,1234,0
2013-12-23,17:05:00,11.911,11.911,11.911,11.911,15426,0
2013-12-26,19:40:00,11.911,11.911,11.911,11.911,228,0
2013-12-30,21:05:00,11.961,11.961,11.961,11.961,1029,0
2013-12-30,21:10:00,11.911,11.911,11.911,11.911,5143,0
2013-12-30,21:15:00,11.911,11.911,11.911,11.911,1544,0
2013-12-31,21:45:00,11.862,11.862,11.862,11.862,310,0
2014-01-02,15:35:00,11.911,11.911,11.911,11.911,410,0
2014-01-03,15:45:00,11.911,11.911,11.911,11.911,616,0
2014-01-03,17:05:00,11.911,11.911,11.911,11.911,404,0
2014-01-03,19:50:00,11.862,11.862,11.862,11.862,202,0
2014-01-07,17:30:00,12.037,12.037,12.037,12.037,616,0
2014-01-09,22:00:00,11.882,11.882,11.882,11.882,441,0
2014-01-10,16:30:00,11.882,11.882,11.882,11.882,310,0
2014-01-10,17:55:00,11.941,11.941,11.941,11.941,155,0
2014-01-27,21:00:00,11.911,11.911,11.911,11.911,20569,0
2014-01-28,19:30:00,11.941,11.98,11.911,11.911,1646,0
2014-01-28,19:35:00,11.941,11.99,11.941,11.99,1131,0
2014-01-28,19:45:00,11.931,11.931,11.931,11.931,824,0
2014-02-03,17:35:00,11.912,11.912,11.912,11.912,925,0
2014-02-05,21:05:00,11.931,11.931,11.911,11.911,2194,0
2014-02-13,15:35:00,12.127,12.127,12.127,12.127,1023,0
2014-02-13,16:35:00,12.107,12.127,12.107,12.127,2455,0
2014-02-13,18:45:00,12.077,12.223,12.077,12.223,1914,0
2014-02-13,21:50:00,12.243,12.243,12.223,12.223,695,0
2014-02-13,21:55:00,12.233,12.233,12.233,12.233,183,0
2014-02-13,22:00:00,12.213,12.213,12.213,12.213,204,0
2014-02-18,21:00:00,12.176,12.176,12.176,12.176,104,0
2014-02-19,21:00:00,12.176,12.176,12.176,12.176,204,0
2014-02-21,21:00:00,12.213,12.213,12.213,12.213,204,0
2014-02-24,19:10:00,11.981,11.981,11.981,11.981,408,0
2014-02-26,21:00:00,12.213,12.213,12.213,12.213,204,0
2014-03-03,15:35:00,12.223,12.223,12.223,12.223,204,0
2014-03-03,15:40:00,12.223,12.223,12.223,12.223,204,0
2014-03-03,17:35:00,12.205,12.205,12.205,12.205,512,0
2014-03-05,17:30:00,11.981,11.981,11.981,11.981,104,0
2014-03-05,17:35:00,11.981,11.991,11.956,11.956,1923,0
2014-03-05,18:05:00,11.991,11.991,11.991,11.991,408,0
2014-03-05,18:10:00,11.991,11.991,11.991,11.991,104,0
2014-03-05,18:20:00,11.981,11.981,11.981,11.981,512,0
2014-03-05,21:30:00,11.981,11.991,11.981,11.991,1739,0
2014-03-06,15:35:00,12.176,12.176,12.176,12.176,716,0
2014-03-06,15:45:00,12.176,12.176,12.176,12.176,819,0
2014-03-06,16:20:00,11.941,11.941,11.941,11.941,204,0
2014-03-06,20:55:00,11.981,12.157,11.981,12.157,2147,0
2014-03-06,21:00:00,12.157,12.157,12.157,12.157,104,0
2014-03-07,18:25:00,11.981,12.009,11.981,12.009,1699,0
2014-03-10,20:00:00,11.991,11.991,11.991,11.991,204,0
2014-03-11,18:05:00,12,12,12,12,204,0
2014-03-11,20:00:00,12.117,12.117,12.117,12.117,104,0
2014-03-12,15:10:00,11.991,11.991,11.991,11.991,1155,0
2014-03-14,20:00:00,12.077,12.077,12.077,12.077,204,0
2014-03-18,17:25:00,11.991,12.223,11.991,12.223,2249,0
2014-03-20,20:00:00,12.176,12.176,12.176,12.176,104,0
2014-03-21,14:35:00,12.223,12.223,12.223,12.223,308,0
2014-03-26,18:10:00,12.009,12.009,12.009,12.009,188,0
2014-03-28,15:15:00,11.981,11.981,11.981,11.981,613,0
2014-03-31,21:00:00,12.117,12.117,12.117,12.117,104,0
2014-04-01,15:50:00,12.125,12.125,12.125,12.125,512,0
2014-04-01,15:55:00,12.137,12.137,12.126,12.126,2556,0
2014-04-01,21:00:00,11.991,11.991,11.991,11.991,104,0
2014-04-02,15:35:00,12.019,12.019,12.019,12.019,204,0
2014-04-04,18:25:00,12.029,12.029,12.029,12.029,1648,0
2014-04-07,20:30:00,12.066,12.066,12.066,12.066,512,0
2014-04-08,19:20:00,12.057,12.057,12.047,12.057,2600,0
2014-04-09,20:50:00,12.01,12.01,12.01,12.01,1178,0
2014-04-09,22:00:00,12.029,12.029,12.009,12.009,2204,0
2014-04-10,18:45:00,12.009,12.009,12.009,12.009,204,0
2014-04-10,21:15:00,12.009,12.009,12.009,12.009,408,0
2014-04-11,21:20:00,11.981,11.981,11.981,11.981,104,0
2014-04-16,21:30:00,12.205,12.223,12.205,12.223,613,0
2014-04-22,15:35:00,11.981,11.981,11.981,11.981,2045,0
2014-04-22,17:55:00,11.991,11.991,11.991,11.991,613,0
2014-04-28,19:50:00,12.126,12.126,12.126,12.126,819,0
2014-04-28,20:20:00,12.117,12.127,12.117,12.127,4295,0
2014-05-08,15:50:00,12.077,12.077,12.057,12.057,3151,0
2014-05-12,18:15:00,12.077,12.077,12.077,12.077,813,0
2014-05-13,20:40:00,12.205,12.205,12.167,12.167,27622,0
2014-05-13,20:45:00,12.147,12.147,12.147,12.147,344,0
2014-05-16,16:35:00,12.147,12.147,12.147,12.147,406,0
2014-05-16,18:45:00,12.146,12.146,12.146,12.146,306,0
2014-05-19,18:10:00,12.057,12.077,12.047,12.047,1331,0
2014-05-20,21:10:00,12.137,12.137,12.107,12.107,406,0
2014-05-20,21:15:00,12.087,12.224,12.087,12.137,1118,0
2014-05-20,21:20:00,12.127,12.147,12.097,12.107,2542,0
2014-05-20,21:25:00,12.107,12.185,12.107,12.147,2237,0
2014-05-20,21:30:00,12.137,12.137,12.077,12.077,1423,0
2014-05-20,21:35:00,12.067,12.127,12.047,12.077,2477,0
2014-05-22,17:10:00,12.097,12.097,12.077,12.077,203,0
2014-05-27,16:50:00,12.097,12.097,12.067,12.077,509,0
2014-05-27,16:55:00,12.087,12.087,12.058,12.067,1634,0
2014-06-04,19:20:00,12.087,12.087,12.087,12.087,2745,0
2014-06-06,18:00:00,12.067,12.067,12.067,12.067,306,0
2014-06-06,18:10:00,12.097,12.097,12.097,12.097,306,0
2014-06-10,19:45:00,12.097,12.097,12.097,12.097,789,0
2014-06-11,18:25:00,12.047,12.047,12.047,12.047,688,0
2014-06-17,17:25:00,12.077,12.077,12.057,12.057,2247,0
2014-06-23,17:35:00,12.057,12.057,12.057,12.057,1017,0
2014-06-26,16:50:00,12.057,12.057,12.057,12.057,2542,0
2014-06-27,18:15:00,12.057,12.057,12.057,12.057,2034,0
2014-06-30,16:35:00,12.244,12.244,12.244,12.244,406,0
2014-07-02,16:15:00,12.147,12.147,12.087,12.097,915,0
2014-07-02,16:25:00,12.077,12.087,12.077,12.087,509,0
2014-07-02,16:30:00,12.067,12.087,12.057,12.087,509,0
2014-07-02,16:45:00,12.087,12.087,12.077,12.077,509,0
2014-07-02,16:50:00,12.097,12.097,12.097,12.097,203,0
2014-07-02,17:10:00,12.097,12.107,12.097,12.107,1118,0
2014-07-02,17:15:00,12.097,12.097,12.087,12.087,509,0
2014-07-02,17:25:00,12.097,12.117,12.097,12.117,406,0
2014-07-02,17:30:00,12.127,12.127,12.097,12.097,915,0
2014-07-02,17:35:00,12.097,12.097,12.097,12.097,103,0
2014-07-02,17:45:00,12.107,12.107,12.107,12.107,203,0
2014-07-02,18:05:00,12.117,12.117,12.117,12.117,103,0
2014-07-02,18:10:00,12.205,12.205,12.195,12.195,501,0
2014-07-02,18:15:00,12.195,12.195,12.195,12.195,197,0
2014-07-02,18:50:00,12.186,12.186,12.186,12.186,103,0
2014-07-02,18:55:00,12.185,12.185,12.176,12.176,594,0
2014-07-02,19:10:00,12.176,12.176,12.176,12.176,203,0
2014-07-02,19:40:00,12.167,12.176,12.167,12.176,306,0
2014-07-02,20:45:00,12.157,12.167,12.127,12.167,712,0
2014-07-02,20:50:00,12.185,12.185,12.167,12.167,610,0
2014-07-02,21:00:00,12.117,12.117,12.097,12.097,1118,0
2014-07-09,21:50:00,12.127,12.167,12.117,12.147,21250,0
2014-07-09,21:55:00,12.147,12.167,12.117,12.127,31419,0
2014-07-09,22:00:00,12.127,12.157,12.107,12.157,5592,0
2014-07-10,15:45:00,12.117,12.195,12.107,12.176,4761,0
2014-07-10,15:50:00,12.176,12.234,12.176,12.234,4067,0
2014-07-10,15:55:00,12.195,12.195,12.127,12.191,10473,0
2014-07-10,16:00:00,12.137,12.195,12.137,12.147,9558,0
2014-07-10,16:05:00,12.195,12.244,12.195,12.195,8846,0
2014-07-10,16:10:00,12.195,12.205,12.127,12.205,6711,0
2014-07-10,16:35:00,12.234,12.234,12.137,12.176,5999,0
2014-07-10,16:40:00,12.195,12.195,12.195,12.195,2034,0
2014-07-10,16:50:00,12.167,12.167,12.167,12.167,1525,0
2014-07-10,18:05:00,12.127,12.147,12.127,12.147,813,0
2014-07-10,18:10:00,12.117,12.234,12.117,12.195,7016,0
2014-07-10,18:15:00,12.157,12.224,12.127,12.127,9049,0
2014-07-10,18:20:00,12.177,12.177,12.176,12.176,3254,0
2014-07-10,20:55:00,12.137,12.137,12.107,12.107,1118,0
2014-07-10,21:35:00,12.107,12.117,12.107,12.117,203,0
2014-07-10,21:40:00,12.117,12.205,12.117,12.195,11692,0
2014-07-10,21:45:00,12.195,12.195,12.185,12.185,2745,0
2014-07-11,16:05:00,12.157,12.157,12.127,12.127,406,0
2014-07-11,16:20:00,12.157,12.157,12.117,12.157,1830,0
2014-07-11,18:15:00,12.147,12.147,12.147,12.147,103,0
2014-07-11,18:30:00,12.147,12.147,12.147,12.147,103,0
2014-07-11,18:55:00,12.147,12.147,12.117,12.117,1322,0
2014-07-11,19:00:00,12.117,12.224,12.117,12.185,9049,0
2014-07-11,19:05:00,12.224,12.224,12.224,12.224,3863,0
2014-07-11,19:10:00,12.205,12.234,12.195,12.224,406,0
2014-07-11,20:00:00,12.195,12.224,12.195,12.195,11388,0
2014-07-11,20:05:00,12.195,12.195,12.195,12.195,306,0
2014-07-11,20:15:00,12.157,12.244,12.157,12.244,9558,0
2014-07-11,20:20:00,12.205,12.205,12.205,12.205,203,0
2014-07-11,20:25:00,12.195,12.205,12.195,12.205,3254,0
2014-07-11,20:45:00,12.244,12.244,12.147,12.147,5490,0
2014-07-11,21:35:00,12.147,12.147,12.117,12.117,306,0
2014-07-11,21:55:00,12.117,12.127,12.117,12.127,2948,0
2014-07-14,16:00:00,12.186,12.186,12.147,12.147,3660,0
2014-07-14,17:50:00,12.117,12.176,12.117,12.137,4169,0
2014-07-14,17:55:00,12.176,12.195,12.157,12.176,4983,0
2014-07-14,18:00:00,12.205,12.224,12.195,12.195,1423,0
2014-07-14,18:10:00,12.207,12.207,12.156,12.185,7931,0
2014-07-14,19:15:00,12.195,12.195,12.195,12.195,915,0
2014-07-14,19:35:00,12.185,12.185,12.185,12.185,306,0
2014-07-14,20:10:00,12.176,12.176,12.176,12.176,1017,0
2014-07-14,20:20:00,12.157,12.176,12.157,12.176,875,0
2014-07-14,20:25:00,12.17,12.17,12.167,12.167,2644,0
2014-07-14,20:30:00,12.167,12.167,12.157,12.162,4657,0
2014-07-14,20:35:00,12.097,12.127,12.097,12.127,1322,0
2014-07-14,20:40:00,12.127,12.137,12.117,12.127,2237,0
2014-07-14,20:55:00,12.147,12.147,12.097,12.147,1017,0
2014-07-14,21:00:00,12.097,12.097,12.077,12.077,509,0
2014-07-14,21:15:00,12.067,12.087,12.057,12.087,2745,0
2014-07-14,21:25:00,12.137,12.137,12.087,12.087,1322,0
2014-07-14,21:45:00,12.067,12.067,12.067,12.067,1118,0
2014-07-14,21:50:00,12.087,12.087,12.087,12.087,813,0
2014-07-14,22:00:00,12.087,12.087,12.087,12.087,813,0
2014-07-15,16:05:00,12.127,12.127,12.107,12.107,2339,0
2014-07-15,16:15:00,12.117,12.117,12.117,12.117,203,0
2014-07-15,16:20:00,12.107,12.107,12.107,12.107,103,0
2014-07-15,16:45:00,12.097,12.137,12.077,12.117,15455,0
2014-07-15,17:20:00,12.107,12.137,12.107,12.107,4067,0
2014-07-15,17:25:00,12.107,12.107,12.107,12.107,712,0
2014-07-15,19:40:00,12.102,12.117,12.102,12.117,4169,0
2014-07-15,19:45:00,12.117,12.117,12.117,12.117,1626,0
2014-07-16,15:45:00,12.176,12.176,12.167,12.167,406,0
2014-07-16,15:50:00,12.174,12.174,12.157,12.157,1322,0
2014-07-16,16:15:00,12.183,12.183,12.183,12.183,1118,0
2014-07-16,20:50:00,12.097,12.097,12.097,12.097,203,0
2014-07-16,21:05:00,12.102,12.107,12.102,12.107,1118,0
2014-07-16,22:00:00,12.102,12.117,12.102,12.117,915,0
2014-07-17,16:20:00,12.137,12.176,12.137,12.137,3660,0
2014-07-17,16:25:00,12.157,12.157,12.127,12.157,5592,0
2014-07-17,17:35:00,12.167,12.167,12.167,12.167,203,0
2014-07-17,18:00:00,12.167,12.167,12.167,12.167,306,0
2014-07-17,18:05:00,12.167,12.167,12.167,12.167,712,0
2014-07-18,20:00:00,12.127,12.127,12.127,12.127,103,0
2014-07-22,16:25:00,12.077,12.077,12.077,12.077,406,0
2014-07-22,16:45:00,12.117,12.117,12.087,12.097,3355,0
2014-07-22,16:50:00,12.097,12.167,12.097,12.167,306,0
2014-07-22,16:55:00,12.137,12.147,12.137,12.147,406,0
2014-07-22,17:00:00,12.167,12.176,12.147,12.176,4169,0
2014-07-22,17:05:00,12.244,12.244,12.195,12.195,2948,0
2014-07-22,17:10:00,12.157,12.157,12.157,12.157,103,0
2014-07-22,17:15:00,12.176,12.176,12.176,12.176,406,0
2014-07-22,19:05:00,12.137,12.137,12.127,12.127,3151,0
2014-07-22,20:15:00,12.097,12.097,12.097,12.097,103,0
2014-07-22,21:25:00,12.097,12.097,12.097,12.097,164,0
2014-07-22,21:35:00,12.107,12.117,12.097,12.097,509,0
2014-07-22,21:40:00,12.097,12.097,12.097,12.097,406,0
2014-07-22,21:50:00,12.087,12.087,12.087,12.087,570,0
2014-07-22,21:55:00,12.107,12.107,12.107,12.107,3151,0
2014-07-22,22:00:00,12.057,12.057,12.057,12.057,103,0
2014-07-23,15:35:00,12.147,12.147,12.147,12.147,203,0
2014-07-23,16:00:00,12.205,12.205,12.205,12.205,3051,0
2014-07-23,17:35:00,12.191,12.191,12.191,12.191,813,0
2014-07-23,21:35:00,12.097,12.097,12.093,12.097,4372,0
2014-07-23,21:40:00,12.195,12.195,12.195,12.195,103,0
2014-07-23,21:45:00,12.205,12.205,12.147,12.147,3863,0
2014-07-23,22:00:00,12.137,12.137,12.137,12.137,103,0
2014-07-24,17:00:00,12.107,12.107,12.107,12.107,243,0
2014-07-24,17:05:00,12.147,12.147,12.147,12.147,712,0
2014-07-24,18:05:00,12.107,12.107,12.107,12.107,712,0
2014-07-24,18:20:00,12.102,12.107,12.102,12.107,3254,0
2014-07-24,18:30:00,12.157,12.157,12.157,12.157,306,0
2014-07-24,18:50:00,12.205,12.205,12.205,12.205,3254,0
2014-07-24,18:55:00,12.205,12.205,12.195,12.2,2135,0
2014-07-24,20:30:00,12.185,12.185,12.176,12.176,876,0
2014-07-24,21:20:00,12.185,12.185,12.167,12.167,813,0
2014-07-25,15:45:00,12.097,12.097,12.097,12.097,1729,0
2014-07-25,15:50:00,12.107,12.117,12.107,12.117,509,0
2014-07-25,15:55:00,12.117,12.117,12.107,12.107,203,0
2014-07-25,20:10:00,12.127,12.167,12.119,12.167,5287,0
2014-07-25,20:15:00,12.176,12.185,12.176,12.176,915,0
2014-07-25,20:20:00,12.195,12.205,12.185,12.185,6711,0
2014-07-25,21:20:00,12.185,12.185,12.157,12.157,1017,0
2014-07-25,21:25:00,12.214,12.214,12.214,12.214,228,0
2014-07-28,15:35:00,12.176,12.176,12.176,12.176,306,0
2014-07-28,20:10:00,12.097,12.117,12.097,12.117,406,0
2014-07-28,20:20:00,12.117,12.195,12.111,12.195,5490,0
2014-07-28,20:25:00,12.214,12.214,12.2,12.2,7016,0
2014-07-28,21:20:00,12.205,12.214,12.195,12.195,915,0
2014-07-29,21:40:00,12.117,12.137,12.117,12.137,813,0
2014-07-29,21:45:00,12.137,12.195,12.117,12.195,6202,0
2014-07-29,21:50:00,12.205,12.214,12.185,12.195,5592,0
2014-07-29,22:00:00,12.147,12.185,12.067,12.185,306,0
2014-07-30,15:35:00,12.127,12.127,12.127,12.127,203,0
2014-07-31,16:55:00,12.107,12.137,12.097,12.137,2246,0
2014-07-31,19:25:00,12.185,12.185,12.185,12.185,510,0
2014-07-31,19:30:00,12.195,12.195,12.176,12.176,1019,0
2014-07-31,19:35:00,12.167,12.167,12.147,12.147,1122,0
2014-07-31,19:40:00,12.147,12.147,12.137,12.137,611,0
2014-07-31,19:45:00,12.137,12.147,12.117,12.147,713,0
2014-08-01,15:45:00,12.047,12.047,11.753,11.753,3676,0
2014-08-04,15:35:00,11.931,11.931,11.931,11.931,304,0
2014-08-04,21:30:00,12.129,12.129,12.119,12.119,1314,0
2014-08-04,21:35:00,11.941,12.019,11.941,12.019,1426,0
2014-08-04,21:40:00,12.039,12.049,12.039,12.049,202,0
2014-08-04,21:45:00,12.059,12.059,12.02,12.059,2561,0
2014-08-04,21:50:00,12.069,12.069,12.069,12.069,102,0
2014-08-04,21:55:00,12.089,12.089,12.089,12.089,102,0
2014-08-04,22:00:00,12.049,12.079,12.049,12.069,1214,0
2014-08-05,17:20:00,12.02,12.029,12.02,12.029,304,0
2014-08-05,17:25:00,12.099,12.099,12.076,12.076,404,0
2014-08-05,17:30:00,12.029,12.089,12.029,12.089,202,0
2014-08-05,18:15:00,12.029,12.029,12.02,12.02,404,0
2014-08-05,18:25:00,12.02,12.02,12.02,12.02,150,0
2014-08-05,18:35:00,12.049,12.049,12.047,12.047,506,0
2014-08-05,18:40:00,12.069,12.069,12.069,12.069,102,0
2014-08-05,19:00:00,12.069,12.069,12.069,12.069,304,0
2014-08-05,19:05:00,12.069,12.069,12.069,12.069,202,0
2014-08-05,19:10:00,12.079,12.079,12.069,12.069,708,0
2014-08-05,19:25:00,12.109,12.109,12.089,12.107,708,0
2014-08-05,19:35:00,12.128,12.169,12.089,12.169,2224,0
2014-08-05,19:40:00,12.217,12.317,12.217,12.317,2729,0
2014-08-05,19:45:00,12.267,12.267,12.248,12.248,3538,0
2014-08-05,19:50:00,12.207,12.207,12.198,12.198,1011,0
2014-08-05,19:55:00,12.198,12.198,12.198,12.198,1314,0
2014-08-05,21:40:00,12.188,12.188,12.179,12.179,1594,0
2014-08-06,15:35:00,12.217,12.217,12.217,12.217,102,0
2014-08-06,16:45:00,12.169,12.169,12.119,12.119,1213,0
2014-08-06,16:50:00,12.119,12.119,12.119,12.119,506,0
2014-08-06,18:10:00,12.029,12.069,12.029,12.069,1617,0
2014-08-06,18:15:00,12.079,12.089,12.069,12.089,1415,0
2014-08-06,18:25:00,12.129,12.129,12.119,12.128,606,0
2014-08-06,18:35:00,12.129,12.129,12.129,12.129,102,0
2014-08-06,18:40:00,12.138,12.149,12.138,12.149,404,0
2014-08-06,18:55:00,12.169,12.227,12.169,12.227,2325,0
2014-08-06,19:00:00,12.227,12.297,12.227,12.297,4144,0
2014-08-06,19:05:00,12.247,12.287,12.237,12.237,1314,0
2014-08-06,19:10:00,12.237,12.247,12.227,12.227,2891,0
2014-08-06,21:10:00,12.287,12.297,12.217,12.217,3335,0
2014-08-06,21:15:00,12.207,12.212,12.059,12.069,2629,0
2014-08-06,21:20:00,12.059,12.079,12.059,12.079,1314,0
2014-08-06,21:25:00,12.079,12.079,12.079,12.079,304,0
2014-08-06,21:30:00,12.099,12.099,12.099,12.099,606,0
2014-08-06,21:45:00,12.109,12.128,12.109,12.128,708,0
2014-08-06,21:50:00,12.109,12.128,12.109,12.128,708,0
2014-08-06,21:55:00,12.109,12.128,12.029,12.029,1213,0
2014-08-06,22:00:00,12.099,12.129,12.099,12.129,506,0
2014-08-07,21:35:00,12.079,12.079,12.07,12.07,404,0
2014-08-07,21:40:00,12.059,12.059,12.05,12.05,202,0
2014-08-08,17:00:00,12.217,12.217,12.217,12.217,404,0
2014-08-08,17:05:00,12.247,12.247,12.247,12.247,304,0
2014-08-08,17:15:00,12.247,12.297,12.247,12.297,2123,0
2014-08-08,17:20:00,12.297,12.317,12.297,12.317,1112,0
2014-08-08,17:25:00,12.317,12.317,12.277,12.317,708,0
2014-08-08,17:30:00,12.287,12.307,12.267,12.267,1516,0
2014-08-08,17:35:00,12.257,12.257,12.257,12.257,202,0
2014-08-08,17:40:00,12.317,12.317,12.257,12.297,920,0
2014-08-08,17:45:00,12.297,12.297,12.257,12.257,2527,0
2014-08-08,18:00:00,12.237,12.237,12.237,12.237,102,0
2014-08-08,18:15:00,12.237,12.237,12.237,12.237,202,0
2014-08-08,19:45:00,12.207,12.227,12.207,12.227,304,0
2014-08-08,20:10:00,12.237,12.237,12.237,12.237,102,0
2014-08-08,20:20:00,12.207,12.227,12.188,12.227,2629,0
2014-08-08,20:50:00,12.179,12.179,12.179,12.179,1112,0
2014-08-08,21:25:00,12.129,12.129,12.109,12.109,1213,0
2014-08-08,21:35:00,12.029,12.069,12.029,12.069,1921,0
2014-08-08,21:40:00,11.971,12.099,11.971,12.099,2831,0
2014-08-08,21:45:00,12.079,12.117,12.079,12.117,1213,0
2014-08-08,22:00:00,12.169,12.169,12.169,12.169,102,0
2014-08-11,21:30:00,12.227,12.227,12.227,12.227,202,0
2014-08-11,21:50:00,12.109,12.109,12.109,12.109,506,0
2014-08-12,19:20:00,12.069,12.069,12.069,12.069,202,0
2014-08-12,19:45:00,11.991,11.991,11.951,11.951,202,0
2014-08-12,20:25:00,12.02,12.029,12.002,12.012,606,0
2014-08-12,21:40:00,12.029,12.029,12.029,12.029,102,0
2014-08-13,16:00:00,12.029,12.069,12.029,12.069,5458,0
2014-08-13,16:05:00,12.069,12.069,12.042,12.069,708,0
2014-08-13,16:15:00,12.169,12.217,12.169,12.217,1011,0
2014-08-13,16:20:00,12.267,12.297,12.257,12.257,1112,0
2014-08-13,16:25:00,12.277,12.277,12.237,12.237,2527,0
2014-08-13,16:30:00,12.257,12.257,12.217,12.257,1972,0
2014-08-13,16:35:00,12.198,12.237,12.198,12.198,1011,0
2014-08-13,16:45:00,12.188,12.196,12.188,12.188,1011,0
2014-08-13,16:50:00,12.257,12.257,12.257,12.257,151,0
2014-08-13,16:55:00,12.188,12.188,12.188,12.188,102,0
2014-08-13,17:10:00,12.159,12.247,12.159,12.247,1011,0
2014-08-13,17:20:00,12.169,12.169,12.159,12.159,910,0
2014-08-13,17:45:00,12.179,12.179,12.179,12.179,304,0
2014-08-13,17:55:00,12.179,12.179,12.179,12.179,304,0
2014-08-13,21:15:00,12.227,12.227,12.227,12.227,304,0
2014-08-13,21:35:00,12.217,12.217,12.217,12.217,102,0
2014-08-13,21:40:00,12.217,12.217,12.217,12.217,102,0
2014-08-13,21:55:00,12.307,12.307,12.307,12.307,202,0
2014-08-20,17:45:00,12.257,12.257,12.257,12.257,102,0
2014-08-20,18:05:00,12.089,12.099,12.089,12.099,404,0
2014-08-20,18:10:00,12.069,12.069,12.069,12.069,546,0
2014-08-20,18:20:00,12.119,12.119,12.119,12.119,910,0
2014-08-20,19:15:00,12.119,12.119,12.119,12.119,202,0
2014-08-20,19:35:00,12.119,12.119,12.119,12.119,102,0
2014-08-20,19:55:00,12.119,12.119,12.119,12.119,102,0
2014-08-20,20:05:00,12.129,12.129,12.129,12.129,102,0
2014-08-20,20:30:00,12.129,12.139,12.129,12.139,404,0
2014-08-20,20:35:00,12.148,12.148,12.139,12.139,404,0
2014-08-20,20:40:00,12.119,12.159,12.119,12.159,304,0
2014-08-20,20:45:00,12.257,12.297,12.257,12.277,404,0
2014-08-20,20:55:00,12.258,12.267,12.257,12.258,910,0
2014-08-20,21:15:00,12.267,12.267,12.247,12.247,808,0
2014-08-20,21:25:00,12.237,12.237,12.237,12.237,102,0
2014-08-20,21:30:00,12.227,12.227,12.217,12.217,1011,0
2014-08-20,21:35:00,12.188,12.217,12.179,12.217,1819,0
2014-08-20,21:40:00,12.188,12.188,12.179,12.179,304,0
2014-08-21,21:45:00,12.198,12.207,12.198,12.207,304,0
2014-08-25,16:20:00,12.257,12.257,12.257,12.257,102,0
2014-08-25,21:50:00,12.089,12.089,12.089,12.089,202,0
2014-08-26,17:40:00,12.04,12.04,12.04,12.04,304,0
2014-08-26,22:00:00,12.238,12.238,12.238,12.238,1011,0
2014-08-29,16:50:00,12.139,12.169,12.139,12.169,1112,0
2014-08-29,16:55:00,12.198,12.198,12.198,12.198,1011,0
2014-09-02,17:40:00,12.119,12.119,12.119,12.119,202,0
2014-09-02,19:55:00,12.169,12.169,12.169,12.169,202,0
2014-09-03,18:05:00,12.119,12.119,12.119,12.119,202,0
2014-09-03,19:35:00,12.169,12.169,12.169,12.169,202,0
2014-09-03,19:40:00,12.169,12.169,12.169,12.169,808,0
2014-09-11,17:10:00,12.188,12.188,12.188,12.188,202,0
2014-09-11,17:15:00,12.198,12.288,12.198,12.288,1516,0
2014-09-11,17:45:00,12.2,12.207,12.2,12.207,783,0
2014-09-11,18:35:00,12.207,12.207,12.207,12.207,102,0
2014-09-16,16:25:00,12.317,12.317,12.317,12.317,13242,0
2014-09-16,17:05:00,12.323,12.323,12.323,12.323,102,0
2014-09-16,20:55:00,12.347,12.347,12.347,12.347,102,0
2014-09-18,16:10:00,12.198,12.198,12.198,12.198,202,0
2014-09-18,19:05:00,12.435,12.455,12.435,12.455,3235,0
2014-09-18,20:55:00,12.435,12.445,12.435,12.445,1471,0
2014-09-18,21:00:00,12.455,12.455,12.455,12.455,102,0
2014-09-19,16:55:00,12.445,12.455,12.445,12.455,1011,0
2014-09-19,17:40:00,12.623,12.623,12.623,12.623,565,0
2014-09-24,16:15:00,12.881,12.881,12.565,12.761,910,0
2014-09-24,16:20:00,12.573,12.573,12.565,12.565,910,0
2014-09-24,16:40:00,12.613,12.613,12.613,12.613,102,0
2014-09-24,16:45:00,12.623,12.623,12.614,12.614,202,0
2014-09-24,16:55:00,12.465,12.495,12.465,12.495,506,0
2014-09-24,17:00:00,12.623,12.623,12.593,12.593,202,0
2014-09-24,17:05:00,12.574,12.574,12.574,12.574,102,0
2014-09-24,17:15:00,12.395,12.425,12.395,12.425,506,0
2014-09-24,18:20:00,12.653,12.653,12.633,12.633,606,0
2014-09-24,18:25:00,12.613,12.613,12.395,12.395,506,0
2014-09-24,18:35:00,12.573,12.573,12.573,12.573,102,0
2014-09-24,18:40:00,12.465,12.465,12.465,12.465,129,0
2014-09-24,18:50:00,12.633,12.633,12.633,12.633,202,0
2014-09-24,18:55:00,12.713,12.713,12.713,12.713,743,0
2014-09-25,17:25:00,12.307,12.307,12.267,12.307,895,0
2014-09-25,19:25:00,12.51,12.51,12.51,12.51,102,0
2014-09-26,19:50:00,12.267,12.267,12.267,12.267,708,0
2014-09-30,20:50:00,12.465,12.465,12.455,12.465,800,0
2014-10-06,17:55:00,12.583,12.583,12.583,12.583,102,0
2014-10-08,19:40:00,12.95,12.95,12.95,12.95,734,0
2014-10-09,16:25:00,12.7,12.716,12.521,12.521,3538,0
2014-10-10,17:55:00,12.475,12.475,12.475,12.475,1921,0
2014-10-10,19:30:00,12.495,12.495,12.465,12.465,404,0
2014-10-13,17:45:00,12.475,12.475,12.475,12.475,304,0
2014-10-13,20:45:00,12.505,12.505,12.501,12.501,304,0
2014-10-13,22:00:00,12.703,12.703,12.703,12.703,382,0
2014-10-17,17:55:00,12.367,12.367,12.367,12.367,304,0
2014-10-17,18:00:00,12.515,12.515,12.515,12.515,102,0
2014-10-17,18:20:00,12.465,12.465,12.465,12.465,102,0
2014-10-20,15:35:00,12.761,12.761,12.761,12.761,102,0
2014-10-20,16:15:00,12.445,12.445,12.385,12.385,1213,0
2014-10-20,16:20:00,12.583,12.583,12.385,12.385,202,0
2014-10-20,16:25:00,12.573,12.573,12.445,12.445,808,0
2014-10-20,16:30:00,12.425,12.515,12.425,12.515,404,0
2014-10-20,16:35:00,12.465,12.475,12.395,12.465,2123,0
2014-10-22,17:20:00,12.504,12.504,12.504,12.504,102,0
2014-10-27,17:35:00,12.475,12.475,12.475,12.475,202,0
2014-10-28,15:40:00,12.485,12.485,12.485,12.485,606,0
2014-10-28,19:00:00,12.475,12.475,12.475,12.475,476,0
2014-10-31,14:45:00,12.684,12.684,12.684,12.684,7539,0
2014-10-31,15:10:00,12.664,12.684,12.664,12.684,3596,0
2014-10-31,15:15:00,12.684,12.684,12.684,12.684,1944,0
2014-11-03,15:45:00,12.923,12.923,12.923,12.923,480,0
2014-11-05,19:10:00,12.565,12.565,12.565,12.565,503,0
2014-11-10,21:50:00,12.684,12.684,12.684,12.684,2513,0
2014-11-11,19:10:00,12.684,12.684,12.684,12.684,1265,0
2014-11-11,19:45:00,12.714,12.714,12.701,12.714,3016,0
2014-11-11,19:50:00,12.714,12.714,12.711,12.711,5026,0
2014-11-11,19:55:00,12.711,12.714,12.711,12.714,5026,0
2014-11-11,20:00:00,12.714,12.714,12.711,12.714,3093,0
2014-11-11,20:20:00,12.634,12.714,12.634,12.704,10052,0
2014-11-11,20:25:00,12.634,12.643,12.634,12.643,2413,0
2014-11-11,20:30:00,12.684,12.684,12.668,12.668,4930,0
2014-11-11,21:30:00,12.674,12.674,12.674,12.674,402,0
2014-11-11,21:35:00,12.701,12.701,12.701,12.701,151,0
2014-11-12,18:40:00,12.734,12.734,12.734,12.734,201,0
2014-11-13,16:10:00,12.763,12.763,12.763,12.763,302,0
2014-11-13,18:05:00,12.634,12.634,12.634,12.634,101,0
2014-11-13,18:10:00,12.634,12.634,12.634,12.634,101,0
2014-11-13,18:15:00,12.634,12.634,12.634,12.634,101,0
2014-11-13,18:25:00,12.634,12.634,12.634,12.634,101,0
2014-11-13,18:35:00,12.634,12.634,12.634,12.634,101,0
2014-11-13,18:45:00,12.634,12.634,12.634,12.634,101,0
2014-11-13,18:55:00,12.634,12.634,12.634,12.634,101,0
2014-11-13,19:05:00,12.634,12.634,12.634,12.634,101,0
2014-11-13,19:15:00,12.634,12.634,12.634,12.634,101,0
2014-11-13,19:25:00,12.634,12.634,12.634,12.634,101,0
2014-11-14,18:45:00,12.734,12.734,12.734,12.734,101,0
2014-11-14,19:30:00,12.684,12.684,12.684,12.684,402,0
2014-11-17,16:10:00,12.783,12.933,12.783,12.893,24254,0
2014-11-17,16:15:00,12.893,12.933,12.684,12.933,26437,0
2014-11-17,16:20:00,12.933,12.933,12.933,12.933,5428,0
2014-11-17,18:40:00,12.933,12.933,12.933,12.933,13671,0
2014-11-17,19:05:00,13.082,13.082,13.082,13.082,1523,0
2014-11-18,18:00:00,13.082,13.082,13.082,13.082,1005,0
2014-11-18,18:35:00,13.092,13.092,13.092,13.092,1005,0
2014-11-18,19:45:00,13.082,13.082,13.082,13.082,302,0
2014-11-18,21:50:00,12.952,12.952,12.933,12.933,3897,0
2014-11-24,15:35:00,12.923,12.933,12.923,12.933,4121,0
2014-11-25,21:20:00,13.181,13.181,13.181,13.181,1466,0
2014-11-26,15:50:00,13.161,13.161,13.161,13.161,372,0
2014-11-26,15:55:00,12.982,12.982,12.982,12.982,208,0
2014-11-28,18:50:00,13.082,13.082,13.082,13.082,201,0
2014-12-01,16:15:00,12.992,13.062,12.992,13.062,2166,0
2014-12-01,17:10:00,12.982,12.992,12.982,12.982,402,0
2014-12-01,17:20:00,13.181,13.181,13.181,13.181,259,0
2014-12-02,16:40:00,13.181,13.221,13.181,13.221,5915,0
2014-12-02,19:35:00,13.34,13.34,13.34,13.34,201,0
2014-12-02,19:40:00,13.34,13.34,13.34,13.34,101,0
2014-12-02,21:55:00,13.281,13.281,13.281,13.281,201,0
2014-12-04,20:20:00,13.927,13.927,13.927,13.927,101,0
2014-12-04,21:00:00,13.927,13.927,13.927,13.927,101,0
2014-12-04,21:35:00,13.888,13.888,13.888,13.888,101,0
2014-12-04,21:55:00,13.888,13.888,13.888,13.888,101,0
2014-12-05,18:55:00,13.927,13.927,13.927,13.927,101,0
2014-12-05,21:10:00,13.927,13.927,13.927,13.927,438,0
2014-12-08,16:05:00,13.927,13.927,13.927,13.927,102,0
2014-12-08,17:25:00,13.191,13.191,13.191,13.191,389,0
2014-12-10,21:40:00,13.778,13.778,13.778,13.778,101,0
2014-12-11,19:15:00,13.529,13.559,13.529,13.559,201,0
2014-12-11,19:20:00,13.4,13.4,13.4,13.4,101,0
2014-12-12,20:20:00,13.291,13.291,13.291,13.291,201,0
2014-12-15,16:05:00,13.42,13.43,13.42,13.43,1867,0
2014-12-15,18:40:00,13.43,13.43,13.43,13.43,101,0
2014-12-15,19:05:00,13.43,13.43,13.43,13.43,1910,0
2014-12-15,19:10:00,13.43,13.43,13.42,13.43,2010,0
2014-12-15,19:35:00,13.43,13.43,13.43,13.43,804,0
2014-12-15,20:35:00,13.381,13.381,13.381,13.381,804,0
2014-12-17,15:35:00,13.39,13.39,13.39,13.39,101,0
2014-12-17,17:10:00,13.49,13.49,13.38,13.38,1307,0
2014-12-17,17:15:00,13.529,13.529,13.43,13.43,1810,0
2014-12-17,19:30:00,13.38,13.38,13.38,13.38,603,0
2014-12-17,20:40:00,13.311,13.311,13.311,13.311,2010,0
2014-12-22,15:40:00,13.44,13.44,13.43,13.43,201,0
2014-12-22,21:50:00,13.51,13.52,13.51,13.52,503,0
2014-12-23,16:05:00,13.43,13.43,13.43,13.43,905,0
2014-12-24,16:45:00,13.43,13.43,13.43,13.43,3231,0
2014-12-30,15:40:00,13.5,13.5,13.5,13.5,201,0
2014-12-30,15:55:00,13.629,13.629,13.629,13.629,1105,0
2014-12-30,16:00:00,13.639,13.639,13.639,13.639,806,0
2014-12-30,16:35:00,13.5,13.5,13.5,13.5,1005,0
2014-12-30,20:15:00,13.45,13.49,13.45,13.49,402,0
2014-12-30,21:00:00,13.49,13.49,13.49,13.49,101,0
2015-01-02,17:20:00,13.429,13.43,13.429,13.43,3217,0
2015-01-05,16:05:00,13.629,13.629,13.529,13.529,201,0
2015-01-05,21:55:00,13.41,13.41,13.41,13.41,704,0
2015-01-06,16:00:00,13.41,13.41,13.4,13.4,804,0
2015-01-07,16:05:00,13.529,13.529,13.529,13.529,101,0
2015-01-14,16:25:00,13.43,13.43,13.43,13.43,101,0
2015-01-14,17:15:00,13.41,13.41,13.41,13.41,101,0
2015-01-14,18:10:00,13.41,13.41,13.41,13.41,201,0
2015-01-14,18:55:00,13.41,13.41,13.41,13.41,101,0
2015-01-14,21:55:00,13.191,13.221,13.181,13.181,11761,0
2015-01-14,22:00:00,13.171,13.181,13.171,13.181,603,0
2015-01-15,15:35:00,13.181,13.181,13.181,13.181,101,0
2015-01-15,15:45:00,13.181,13.181,13.181,13.181,4021,0
2015-01-15,21:50:00,13.211,13.281,13.211,13.281,5072,0
2015-01-29,19:50:00,12.943,12.943,12.943,12.943,303,0
2015-01-29,20:55:00,13.878,13.878,13.878,13.878,101,0
2015-02-02,18:45:00,13.083,13.083,13.082,13.082,1007,0
2015-02-03,22:00:00,13.082,13.082,13.082,13.082,704,0
2015-02-04,17:55:00,13.082,13.082,12.933,12.933,1082,0
2015-02-05,15:50:00,13.43,13.43,13.43,13.43,101,0
2015-02-06,22:00:00,13.43,13.43,13.43,13.43,165860,0
2015-02-12,17:30:00,13.281,13.281,13.231,13.231,1111,0
2015-02-12,17:35:00,13.728,13.728,13.728,13.728,606,0
2015-02-12,17:40:00,13.46,13.46,13.43,13.43,808,0
2015-02-12,17:50:00,13.331,13.331,13.331,13.331,101,0
2015-02-12,17:55:00,13.312,13.312,13.311,13.311,202,0
2015-02-12,20:35:00,13.191,13.191,13.191,13.191,101,0
2015-02-13,15:35:00,13.311,13.311,13.311,13.311,101,0
2015-02-13,16:45:00,13.231,13.231,13.231,13.231,808,0
2015-02-13,16:50:00,13.231,13.231,13.231,13.231,202,0
2015-02-13,16:55:00,13.241,13.251,13.241,13.251,707,0
2015-02-13,17:05:00,13.211,13.211,13.211,13.211,303,0
2015-02-13,19:50:00,13.311,13.311,13.311,13.311,101,0
2015-02-13,20:00:00,13.43,13.529,13.341,13.341,21114,0
2015-02-13,20:20:00,13.171,13.171,13.152,13.152,404,0
2015-02-13,20:25:00,13.132,13.132,13.132,13.132,352,0
2015-02-13,21:35:00,13.4,13.43,13.4,13.43,3418,0
2015-02-17,15:35:00,13.5,13.5,13.5,13.5,200,0
2015-02-19,20:55:00,13.9,13.9,13.9,13.9,400,0
2015-02-19,21:10:00,13.95,13.95,13.9,13.95,600,0
