Date,Time,Open,High,Low,Close,Volume,OpenInt
2015-02-02,17:55:00,15.73,15.73,15.73,15.73,200,0
2015-02-02,18:00:00,15.74,15.74,15.73,15.73,600,0
2015-02-02,18:05:00,15.73,15.73,15.7,15.7,400,0
2015-02-02,18:10:00,15.7,15.7,15.7,15.7,400,0
2015-02-02,18:15:00,15.72,15.73,15.72,15.72,1000,0
2015-02-02,18:20:00,15.71,15.71,15.68,15.68,800,0
2015-02-02,18:25:00,15.67,15.7,15.66,15.66,400,0
2015-02-02,18:30:00,15.64,15.6999,15.64,15.66,823,0
2015-02-02,18:35:00,15.67,15.68,15.67,15.68,600,0
2015-02-02,18:40:00,15.7,15.73,15.7,15.73,300,0
2015-02-02,18:45:00,15.7,15.7,15.68,15.68,200,0
2015-02-02,18:50:00,15.69,15.69,15.69,15.69,400,0
2015-02-02,18:55:00,15.68,15.68,15.65,15.65,400,0
2015-02-02,19:00:00,15.65,15.68,15.64,15.65,1500,0
2015-02-02,19:05:00,15.65,15.675,15.65,15.67,600,0
2015-02-02,19:10:00,15.67,15.67,15.665,15.67,861,0
2015-02-02,19:15:00,15.72,15.72,15.68,15.68,800,0
2015-02-02,19:20:00,15.68,15.69,15.62,15.62,900,0
2015-02-02,19:25:00,15.63,15.63,15.63,15.63,200,0
2015-02-02,19:30:00,15.63,15.67,15.63,15.65,5700,0
2015-02-02,19:35:00,15.67,15.679,15.65,15.66,1400,0
2015-02-02,19:40:00,15.655,15.67,15.65,15.665,2338,0
2015-02-02,19:45:00,15.66,15.66,15.65,15.65,500,0
2015-02-02,19:50:00,15.657,15.659,15.64,15.64,2100,0
2015-02-02,19:55:00,15.64,15.65,15.63,15.65,400,0
2015-02-02,20:00:00,15.63,15.63,15.61,15.61,1100,0
2015-02-02,20:05:00,15.61,15.63,15.61,15.63,700,0
2015-02-02,20:10:00,15.61,15.61,15.53,15.58,8100,0
2015-02-02,20:15:00,15.58,15.58,15.58,15.58,500,0
2015-02-02,20:20:00,15.59,15.62,15.59,15.62,400,0
2015-02-02,20:25:00,15.63,15.68,15.63,15.68,1925,0
2015-02-02,20:30:00,15.68,15.74,15.68,15.74,1300,0
2015-02-02,20:35:00,15.74,15.79,15.74,15.79,6554,0
2015-02-02,20:40:00,15.83,15.83,15.78,15.78,1800,0
2015-02-02,20:45:00,15.81,15.81,15.8,15.8,500,0
2015-02-02,20:50:00,15.8,15.845,15.77,15.782,3030,0
2015-02-02,20:55:00,15.79,15.87,15.79,15.87,2502,0
2015-02-02,21:00:00,15.88,15.8866,15.88,15.88,1018,0
2015-02-02,21:05:00,15.88,15.88,15.88,15.88,200,0
2015-02-02,21:10:00,15.88,15.895,15.88,15.89,900,0
2015-02-02,21:15:00,15.89,15.96,15.89,15.91,21149,0
2015-02-02,21:20:00,15.895,15.898,15.87,15.87,2700,0
2015-02-02,21:30:00,15.9,15.945,15.885,15.93,2740,0
2015-02-02,21:35:00,15.948,15.95,15.94,15.95,4099,0
2015-02-02,21:40:00,15.9401,15.95,15.9001,15.91,14600,0
2015-02-02,21:45:00,15.98,16.08,15.98,16.08,6236,0
2015-02-02,21:50:00,16.05,16.06,15.98,16.04,10434,0
2015-02-02,21:55:00,16.03,16.04,15.91,15.94,11724,0
2015-02-02,22:00:00,15.94,15.97,15.9,15.95,22423,0
2015-02-03,15:35:00,15.95,16.02,15.95,16.02,7124,0
2015-02-03,15:40:00,16.07,16.14,15.97,16.0,5750,0
2015-02-03,15:45:00,16.05,16.05,16.0,16.015,1200,0
2015-02-03,15:50:00,16.0,16.0,16.0,16.0,400,0
2015-02-03,15:55:00,16.0,16.01,16.0,16.0,1400,0
2015-02-03,16:00:00,16.01,16.07,15.985,16.03,7820,0
2015-02-03,16:05:00,16.02,16.04,15.98,15.98,4401,0
2015-02-03,16:10:00,15.97,15.97,15.91,15.91,1000,0
2015-02-03,16:20:00,15.97,16.0,15.97,16.0,300,0
2015-02-03,16:25:00,15.99,15.99,15.98,15.98,500,0
2015-02-03,16:30:00,16.0,16.01,16.0,16.0,2300,0
2015-02-03,16:35:00,16.03,16.03,15.96,15.96,1400,0
2015-02-03,16:40:00,15.99,16.0,15.99,16.0,400,0
2015-02-03,16:45:00,16.005,16.005,16.0,16.0,800,0
2015-02-03,16:50:00,15.97,15.97,15.97,15.97,200,0
2015-02-03,16:55:00,15.94,15.95,15.93,15.93,500,0
2015-02-03,17:00:00,15.908,15.908,15.908,15.908,1316,0
2015-02-03,17:05:00,15.9,15.91,15.9,15.91,1000,0
2015-02-03,17:10:00,15.947,15.948,15.92,15.93,4030,0
2015-02-03,17:25:00,16.0165,16.0175,15.98,15.98,2700,0
2015-02-03,17:35:00,15.95,15.97,15.91,15.91,1800,0
2015-02-03,17:40:00,15.96,15.96,15.96,15.96,200,0
2015-02-03,17:45:00,15.9567,15.99,15.9567,15.98,950,0
2015-02-03,17:50:00,15.98,15.98,15.92,15.93,1600,0
2015-02-03,17:55:00,15.92,15.95,15.88,15.95,1615,0
2015-02-03,18:05:00,15.92,15.93,15.92,15.93,600,0
2015-02-03,18:10:00,15.95,15.98,15.95,15.98,600,0
2015-02-03,18:15:00,15.99,15.99,15.97,15.97,200,0
2015-02-03,18:20:00,15.96,15.96,15.96,15.96,200,0
2015-02-03,18:25:00,15.96,15.96,15.95,15.95,700,0
2015-02-03,18:30:00,15.94,15.96,15.93,15.96,326,0
2015-02-03,18:40:00,15.9405,15.97,15.9405,15.97,728,0
2015-02-03,18:45:00,16.0,16.0,16.0,16.0,100,0
2015-02-03,18:50:00,15.99,15.99,15.99,15.99,600,0
2015-02-03,18:55:00,15.99,15.99,15.99,15.99,100,0
2015-02-03,19:00:00,16.0,16.0,15.99,15.99,400,0
2015-02-03,19:05:00,15.97,15.97,15.97,15.97,1000,0
2015-02-03,19:10:00,15.95,15.95,15.95,15.95,100,0
2015-02-03,19:15:00,15.94,15.95,15.94,15.95,300,0
2015-02-03,19:20:00,15.97,15.97,15.97,15.97,200,0
2015-02-03,19:25:00,16.0,16.0,15.98,15.99,800,0
2015-02-03,19:30:00,16.0,16.0,15.99,15.99,2700,0
2015-02-03,19:35:00,15.98,15.98,15.98,15.98,200,0
2015-02-03,19:40:00,15.97,15.97,15.97,15.97,1107,0
2015-02-03,19:45:00,15.97,15.99,15.97,15.98,990,0
2015-02-03,19:50:00,16.0,16.0,16.0,16.0,100,0
2015-02-03,19:55:00,16.0,16.0,16.0,16.0,800,0
2015-02-03,20:00:00,16.0,16.0,15.98,15.98,400,0
2015-02-03,20:05:00,15.98,16.0,15.97,15.98,8058,0
2015-02-03,20:10:00,15.98,15.99,15.98,15.98,900,0
2015-02-03,20:15:00,15.97,16.0,15.96,15.96,1800,0
2015-02-03,20:20:00,15.957,15.96,15.9201,15.945,1716,0
2015-02-03,20:25:00,15.94,15.94,15.94,15.94,100,0
2015-02-03,20:35:00,15.93,15.95,15.93,15.95,300,0
2015-02-03,20:40:00,15.94,15.94,15.94,15.94,200,0
2015-02-03,20:45:00,15.94,15.94,15.94,15.94,200,0
2015-02-03,20:50:00,15.96,15.99,15.96,15.99,300,0
2015-02-03,20:55:00,15.95,15.99,15.95,15.99,600,0
2015-02-03,21:00:00,15.99,15.99,15.96,15.99,1000,0
2015-02-03,21:05:00,15.98,16.0,15.98,15.98,622,0
2015-02-03,21:10:00,15.99,15.99,15.98,15.98,900,0
2015-02-03,21:15:00,15.99,15.99,15.98,15.99,600,0
2015-02-03,21:20:00,16.0,16.0,15.99,15.99,2350,0
2015-02-03,21:25:00,15.99,16.0,15.985,16.0,3100,0
2015-02-03,21:30:00,16.0,16.0,15.995,16.0,3000,0
2015-02-03,21:35:00,16.0,16.0,15.99,15.99,2906,0
2015-02-03,21:40:00,15.97,15.98,15.96,15.96,1300,0
2015-02-03,21:45:00,15.95,16.0,15.91,15.98,3250,0
2015-02-03,21:50:00,15.985,15.99,15.96,15.96,2700,0
2015-02-03,21:55:00,15.96,15.96,15.94,15.95,2724,0
2015-02-03,22:00:00,15.94,15.99,15.94,15.96,15023,0
2015-02-04,15:35:00,15.95,15.95,15.89,15.89,1500,0
2015-02-04,15:40:00,15.99,16.07,15.99,16.02,5727,0
2015-02-04,15:45:00,16.04,16.06,16.02,16.06,43800,0
2015-02-04,15:50:00,16.1099,16.12,16.094,16.12,600,0
2015-02-04,15:55:00,16.15,16.15,16.1188,16.138,920,0
2015-02-04,16:00:00,16.14,16.15,16.14,16.15,4200,0
2015-02-04,16:05:00,16.15,16.2265,16.145,16.19,41400,0
2015-02-04,16:10:00,16.195,16.21,16.019,16.02,6993,0
2015-02-04,16:15:00,16.07,16.07,16.01,16.01,700,0
2015-02-04,16:20:00,16.04,16.045,16.01,16.045,800,0
2015-02-04,16:25:00,16.0665,16.07,16.0001,16.015,5384,0
2015-02-04,16:30:00,16.0,16.0,15.93,15.93,1200,0
2015-02-04,16:35:00,15.98,16.015,15.98,16.015,700,0
2015-02-04,16:40:00,16.0,16.02,15.927,15.97,4600,0
2015-02-04,16:45:00,15.98,16.03,15.98,16.03,800,0
2015-02-04,16:50:00,16.06,16.06,16.04,16.04,1200,0
2015-02-04,16:55:00,16.03,16.07,16.02,16.07,5900,0
2015-02-04,17:00:00,16.04,16.07,16.02,16.03,13615,0
2015-02-04,17:05:00,16.02,16.07,16.02,16.07,2353,0
2015-02-04,17:10:00,16.11,16.17,16.11,16.145,7579,0
2015-02-04,17:15:00,16.1401,16.2199,16.1401,16.16,2860,0
2015-02-04,17:20:00,16.19,16.19,16.19,16.19,100,0
2015-02-04,17:25:00,16.175,16.2,16.175,16.2,1900,0
2015-02-04,17:30:00,16.2,16.25,16.19,16.2,3800,0
2015-02-04,17:35:00,16.21,16.23,16.18,16.19,2450,0
2015-02-04,17:40:00,16.21,16.24,16.19,16.21,6046,0
2015-02-04,17:45:00,16.2,16.21,16.18,16.21,1000,0
2015-02-04,17:50:00,16.22,16.22,16.17,16.17,1346,0
2015-02-04,17:55:00,16.17,16.17,16.15,16.17,4586,0
2015-02-04,18:00:00,16.17,16.17,16.17,16.17,200,0
2015-02-04,18:05:00,16.15,16.18,16.15,16.16,600,0
2015-02-04,18:10:00,16.16,16.19,16.16,16.17,2445,0
2015-02-04,18:20:00,16.175,16.175,16.17,16.17,200,0
2015-02-04,18:25:00,16.18,16.18,16.15,16.165,24993,0
2015-02-04,18:30:00,16.17,16.17,16.165,16.17,2400,0
2015-02-04,18:35:00,16.17,16.17,16.17,16.17,400,0
2015-02-04,18:40:00,16.179,16.19,16.17,16.19,1962,0
2015-02-04,18:45:00,16.2,16.2,16.19,16.19,500,0
2015-02-04,18:55:00,16.2,16.21,16.2,16.21,1200,0
2015-02-04,19:05:00,16.23,16.23,16.215,16.23,1200,0
2015-02-04,19:10:00,16.23,16.25,16.23,16.25,3331,0
2015-02-04,19:15:00,16.28,16.28,16.28,16.28,400,0
2015-02-04,19:20:00,16.28,16.28,16.2701,16.28,1500,0
2015-02-04,19:25:00,16.28,16.28,16.23,16.28,11017,0
2015-02-04,19:30:00,16.28,16.28,16.28,16.28,800,0
2015-02-04,19:35:00,16.28,16.28,16.28,16.28,1400,0
2015-02-04,19:40:00,16.28,16.46,16.28,16.4152,10477,0
2015-02-04,19:45:00,16.45,16.46,16.45,16.45,646,0
2015-02-04,19:50:00,16.48,16.48,16.46,16.47,4078,0
2015-02-04,19:55:00,16.48,16.48,16.47,16.47,300,0
2015-02-04,20:00:00,16.47,16.47,16.458,16.458,1150,0
2015-02-04,20:05:00,16.465,16.47,16.465,16.47,400,0
2015-02-04,20:10:00,16.48,16.48,16.47,16.475,1089,0
2015-02-04,20:15:00,16.48,16.48,16.4799,16.4799,200,0
2015-02-04,20:20:00,16.475,16.48,16.47,16.48,2209,0
2015-02-04,20:25:00,16.47,16.48,16.47,16.48,1300,0
2015-02-04,20:30:00,16.48,16.48,16.475,16.48,600,0
2015-02-04,20:35:00,16.48,16.48,16.48,16.48,700,0
2015-02-04,20:40:00,16.48,16.48,16.48,16.48,1000,0
2015-02-04,20:45:00,16.475,16.48,16.43,16.48,3950,0
2015-02-04,20:50:00,16.48,16.48,16.4476,16.4476,6300,0
2015-02-04,20:55:00,16.44,16.46,16.42,16.44,5200,0
2015-02-04,21:00:00,16.44,16.46,16.44,16.455,3200,0
2015-02-04,21:05:00,16.41,16.43,16.41,16.41,800,0
2015-02-04,21:10:00,16.41,16.43,16.41,16.43,400,0
2015-02-04,21:15:00,16.423,16.43,16.31,16.34,7989,0
2015-02-04,21:20:00,16.34,16.345,16.31,16.34,1978,0
2015-02-04,21:25:00,16.3335,16.4,16.3335,16.4,1930,0
2015-02-04,21:30:00,16.4199,16.43,16.37,16.37,2502,0
2015-02-04,21:35:00,16.36,16.36,16.35,16.35,600,0
2015-02-04,21:40:00,16.355,16.37,16.355,16.37,3900,0
2015-02-04,21:45:00,16.37,16.4,16.35,16.4,6225,0
2015-02-04,21:50:00,16.4,16.4,16.3,16.3,24427,0
2015-02-04,21:55:00,16.295,16.31,16.19,16.22,12600,0
2015-02-04,22:00:00,16.22,16.32,16.21,16.3,26966,0
2015-02-05,15:35:00,16.37,16.38,16.29,16.38,1400,0
2015-02-05,15:40:00,16.35,16.4,16.35,16.4,2000,0
2015-02-05,15:45:00,16.38,16.38,16.38,16.38,200,0
2015-02-05,15:50:00,16.3601,16.4,16.3601,16.39,2054,0
2015-02-05,15:55:00,16.4,16.4,16.39,16.4,500,0
2015-02-05,16:00:00,16.39,16.4,16.39,16.4,3400,0
2015-02-05,16:05:00,16.39,16.4,16.39,16.4,3200,0
2015-02-05,16:10:00,16.39,16.4,16.386,16.4,4845,0
2015-02-05,16:15:00,16.4,16.44,16.4,16.44,6093,0
2015-02-05,16:20:00,16.44,16.45,16.42,16.425,1405,0
2015-02-05,16:25:00,16.42,16.42,16.39,16.4,2400,0
2015-02-05,16:30:00,16.42,16.42,16.4,16.4,300,0
2015-02-05,16:35:00,16.4,16.415,16.4,16.415,600,0
2015-02-05,16:40:00,16.41,16.41,16.4,16.4,1300,0
2015-02-05,16:45:00,16.42,16.43,16.4,16.4,7100,0
2015-02-05,16:50:00,16.4,16.42,16.4,16.4,18400,0
2015-02-05,16:55:00,16.395,16.4,16.39,16.39,5575,0
2015-02-05,17:00:00,16.39,16.4,16.39,16.395,1800,0
2015-02-05,17:05:00,16.4,16.4,16.395,16.4,300,0
2015-02-05,17:10:00,16.395,16.4,16.395,16.4,2000,0
2015-02-05,17:15:00,16.4,16.4,16.395,16.4,1800,0
2015-02-05,17:20:00,16.4,16.41,16.39,16.4,20430,0
2015-02-05,17:25:00,16.4,16.41,16.4,16.4,4700,0
2015-02-05,17:30:00,16.4,16.4,16.4,16.4,300,0
2015-02-05,17:35:00,16.4058,16.4058,16.39,16.4,500,0
2015-02-05,17:40:00,16.405,16.41,16.405,16.41,1200,0
2015-02-05,17:45:00,16.42,16.42,16.41,16.41,800,0
2015-02-05,17:50:00,16.419,16.42,16.41,16.42,300,0
2015-02-05,17:55:00,16.42,16.42,16.42,16.42,1300,0
2015-02-05,18:00:00,16.42,16.42,16.415,16.42,600,0
2015-02-05,18:05:00,16.41,16.42,16.41,16.415,1200,0
2015-02-05,18:10:00,16.42,16.42,16.42,16.42,300,0
2015-02-05,18:15:00,16.41,16.415,16.41,16.41,1800,0
2015-02-05,18:20:00,16.41,16.415,16.41,16.41,2400,0
2015-02-05,18:25:00,16.4,16.405,16.4,16.405,200,0
2015-02-05,18:30:00,16.405,16.405,16.39,16.4,2600,0
2015-02-05,18:40:00,16.4,16.4,16.4,16.4,1100,0
2015-02-05,18:45:00,16.41,16.41,16.4,16.4,600,0
2015-02-05,18:50:00,16.41,16.42,16.41,16.42,1900,0
2015-02-05,18:55:00,16.42,16.42,16.42,16.42,421,0
2015-02-05,19:00:00,16.41,16.41,16.41,16.41,100,0
2015-02-05,19:05:00,16.42,16.44,16.42,16.44,6400,0
2015-02-05,19:10:00,16.43,16.44,16.42,16.425,3008,0
2015-02-05,19:15:00,16.425,16.44,16.421,16.44,1300,0
2015-02-05,19:20:00,16.45,16.45,16.44,16.445,1400,0
2015-02-05,19:30:00,16.443,16.45,16.44,16.45,1300,0
2015-02-05,19:35:00,16.445,16.45,16.445,16.45,800,0
2015-02-05,19:40:00,16.45,16.48,16.44,16.48,10008,0
2015-02-05,19:45:00,16.47,16.49,16.46,16.46,2001,0
2015-02-05,19:50:00,16.48,16.485,16.48,16.485,366,0
2015-02-05,19:55:00,16.48,16.48,16.46,16.46,600,0
2015-02-05,20:00:00,16.46,16.46,16.45,16.45,200,0
2015-02-05,20:05:00,16.45,16.46,16.44,16.445,5000,0
2015-02-05,20:10:00,16.45,16.47,16.45,16.47,700,0
2015-02-05,20:15:00,16.4796,16.4901,16.4796,16.49,3613,0
2015-02-05,20:20:00,16.4999,16.5,16.48,16.5,3300,0
2015-02-05,20:25:00,16.5,16.53,16.49,16.52,8513,0
2015-02-05,20:30:00,16.51,16.51,16.49,16.5,1819,0
2015-02-05,20:35:00,16.52,16.52,16.52,16.52,100,0
2015-02-05,20:40:00,16.52,16.54,16.51,16.54,950,0
2015-02-05,20:45:00,16.55,16.59,16.55,16.58,2790,0
2015-02-05,20:50:00,16.56,16.56,16.55,16.55,1300,0
2015-02-05,20:55:00,16.55,16.6,16.54,16.6,1500,0
2015-02-05,21:00:00,16.5799,16.58,16.54,16.56,1300,0
2015-02-05,21:05:00,16.54,16.56,16.54,16.55,1887,0
2015-02-05,21:10:00,16.56,16.56,16.54,16.54,4000,0
2015-02-05,21:15:00,16.52,16.54,16.51,16.52,3500,0
2015-02-05,21:20:00,16.52,16.54,16.52,16.54,1100,0
2015-02-05,21:25:00,16.54,16.6,16.54,16.57,2400,0
2015-02-05,21:30:00,16.59,16.63,16.57,16.61,16243,0
2015-02-05,21:35:00,16.61,16.63,16.59,16.63,3200,0
2015-02-05,21:40:00,16.63,16.7,16.62,16.7,7225,0
2015-02-05,21:45:00,16.7,16.8,16.69,16.7,56332,0
2015-02-05,21:50:00,16.67,16.7,16.61,16.65,20404,0
2015-02-05,21:55:00,16.63,16.64,16.59,16.6,17908,0
2015-02-05,22:00:00,16.62,16.65,16.55,16.59,29702,0
2015-02-06,15:35:00,16.62,16.695,16.61,16.685,7200,0
2015-02-06,15:40:00,16.71,16.71,16.71,16.71,600,0
2015-02-06,15:45:00,16.69,16.81,16.69,16.81,2200,0
2015-02-06,15:50:00,16.78,16.86,16.78,16.8,5700,0
2015-02-06,15:55:00,16.81,16.86,16.8,16.86,820,0
2015-02-06,16:00:00,16.88,16.88,16.875,16.88,900,0
2015-02-06,16:05:00,16.895,16.94,16.895,16.94,600,0
2015-02-06,16:10:00,16.98,16.99,16.96,16.98,3461,0
2015-02-06,16:15:00,16.99,17.06,16.97,17.06,21958,0
2015-02-06,16:20:00,17.01,17.06,17.01,17.06,1900,0
2015-02-06,16:25:00,17.0752,17.0752,17.03,17.07,2300,0
2015-02-06,16:30:00,17.04,17.08,17.04,17.08,6937,0
2015-02-06,16:35:00,17.08,17.08,17.075,17.075,1500,0
2015-02-06,16:40:00,17.08,17.08,17.035,17.04,3400,0
2015-02-06,16:45:00,17.042,17.08,17.041,17.08,15870,0
2015-02-06,16:50:00,17.08,17.08,17.0752,17.08,4600,0
2015-02-06,16:55:00,17.08,17.08,16.98,17.01,9355,0
2015-02-06,17:00:00,16.995,17.01,16.97,17.01,1700,0
2015-02-06,17:05:00,17.01,17.01,16.95,16.98,850,0
2015-02-06,17:10:00,16.9501,16.97,16.95,16.96,2200,0
2015-02-06,17:15:00,16.96,16.97,16.95,16.9699,2777,0
2015-02-06,17:20:00,16.95,16.95,16.8501,16.8501,7676,0
2015-02-06,17:25:00,16.865,16.88,16.86,16.88,1300,0
2015-02-06,17:30:00,16.86,16.895,16.85,16.895,17254,0
2015-02-06,17:35:00,16.91,16.9102,16.86,16.89,28091,0
2015-02-06,17:40:00,16.85,16.9,16.85,16.88,2800,0
2015-02-06,17:45:00,16.89,16.915,16.89,16.9,6002,0
2015-02-06,17:50:00,16.89,16.89,16.82,16.83,4500,0
2015-02-06,17:55:00,16.83,16.84,16.769,16.769,2498,0
2015-02-06,18:00:00,16.79,16.79,16.77,16.77,500,0
2015-02-06,18:05:00,16.76,16.76,16.75,16.75,1870,0
2015-02-06,18:10:00,16.75,16.75,16.68,16.68,1900,0
2015-02-06,18:15:00,16.67,16.67,16.6,16.61,3800,0
2015-02-06,18:30:00,16.62,16.62,16.61,16.61,1300,0
2015-02-06,18:35:00,16.6,16.6001,16.59,16.6,3325,0
2015-02-06,18:40:00,16.59,16.6,16.56,16.56,11564,0
2015-02-06,18:45:00,16.54,16.55,16.5,16.53,1500,0
2015-02-06,18:50:00,16.52,16.53,16.51,16.52,2200,0
2015-02-06,18:55:00,16.52,16.53,16.52,16.53,2100,0
2015-02-06,19:00:00,16.545,16.58,16.51,16.51,4985,0
2015-02-06,19:05:00,16.51,16.515,16.48,16.48,4800,0
2015-02-06,19:10:00,16.47,16.47,16.39,16.41,3600,0
2015-02-06,19:15:00,16.39,16.39,16.39,16.39,200,0
2015-02-06,19:20:00,16.41,16.44,16.405,16.44,1400,0
2015-02-06,19:25:00,16.465,16.47,16.405,16.42,2200,0
2015-02-06,19:30:00,16.43,16.43,16.43,16.43,800,0
2015-02-06,19:35:00,16.41,16.43,16.4,16.43,1500,0
2015-02-06,19:40:00,16.45,16.45,16.43,16.43,2000,0
2015-02-06,19:45:00,16.42,16.4401,16.415,16.425,1309,0
2015-02-06,19:50:00,16.46,16.48,16.46,16.48,1400,0
2015-02-06,19:55:00,16.475,16.475,16.475,16.475,400,0
2015-02-06,20:00:00,16.49,16.49,16.485,16.49,1100,0
2015-02-06,20:05:00,16.49,16.49,16.43,16.4301,1294,0
2015-02-06,20:10:00,16.439,16.46,16.43,16.46,722,0
2015-02-06,20:15:00,16.46,16.46,16.46,16.46,800,0
2015-02-06,20:20:00,16.47,16.4715,16.47,16.4715,1000,0
2015-02-06,20:25:00,16.46,16.46,16.4,16.4,1000,0
2015-02-06,20:30:00,16.43,16.43,16.39,16.39,1000,0
2015-02-06,20:35:00,16.39,16.4,16.35,16.38,1600,0
2015-02-06,20:40:00,16.4,16.42,16.4,16.41,1600,0
2015-02-06,20:45:00,16.47,16.47,16.41,16.41,2100,0
2015-02-06,20:50:00,16.4,16.41,16.37,16.39,1500,0
2015-02-06,20:55:00,16.42,16.42,16.41,16.41,1200,0
2015-02-06,21:00:00,16.44,16.44,16.3901,16.395,900,0
2015-02-06,21:05:00,16.39,16.39,16.3001,16.3001,1600,0
2015-02-06,21:10:00,16.31,16.35,16.31,16.31,2400,0
2015-02-06,21:15:00,16.34,16.34,16.3101,16.32,700,0
2015-02-06,21:20:00,16.31,16.34,16.2801,16.33,2300,0
2015-02-06,21:25:00,16.33,16.33,16.3,16.3,2000,0
2015-02-06,21:30:00,16.3001,16.34,16.3001,16.32,2848,0
2015-02-06,21:35:00,16.32,16.332,16.32,16.332,800,0
2015-02-06,21:40:00,16.34,16.36,16.33,16.36,3000,0
2015-02-06,21:45:00,16.36,16.36,16.34,16.34,2700,0
2015-02-06,21:50:00,16.34,16.34,16.28,16.28,4277,0
2015-02-06,21:55:00,16.27,16.41,16.27,16.39,9729,0
2015-02-06,22:00:00,16.39,16.41,16.3,16.34,15950,0
2015-02-09,15:35:00,16.34,16.51,16.23,16.34,4267,0
2015-02-09,15:40:00,16.42,16.43,16.41,16.43,800,0
2015-02-09,15:45:00,16.5,16.51,16.5,16.51,200,0
2015-02-09,15:50:00,16.56,16.64,16.51,16.64,2500,0
2015-02-09,15:55:00,16.55,16.7,16.55,16.7,700,0
2015-02-09,16:00:00,16.66,16.68,16.62,16.62,700,0
2015-02-09,16:05:00,16.63,16.64,16.63,16.64,600,0
2015-02-09,16:10:00,16.62,16.68,16.62,16.66,1100,0
2015-02-09,16:15:00,16.6,16.63,16.6,16.63,8524,0
2015-02-09,16:20:00,16.62,16.63,16.54,16.55,1900,0
2015-02-09,16:25:00,16.55,16.59,16.5,16.5,2700,0
2015-02-09,16:30:00,16.5,16.52,16.48,16.48,1200,0
2015-02-09,16:35:00,16.5,16.51,16.5,16.51,400,0
2015-02-09,16:40:00,16.51,16.55,16.51,16.55,1500,0
2015-02-09,16:45:00,16.54,16.54,16.5,16.5,500,0
2015-02-09,16:50:00,16.465,16.53,16.44,16.52,3600,0
2015-02-09,16:55:00,16.59,16.64,16.55,16.64,1600,0
2015-02-09,17:00:00,16.67,16.67,16.63,16.63,1600,0
2015-02-09,17:05:00,16.62,16.62,16.57,16.57,400,0
2015-02-09,17:10:00,16.57,16.59,16.55,16.55,800,0
2015-02-09,17:15:00,16.55,16.59,16.55,16.56,76800,0
2015-02-09,17:20:00,16.55,16.56,16.49,16.5,2500,0
2015-02-09,17:25:00,16.5,16.57,16.5,16.53,4600,0
2015-02-09,17:30:00,16.53,16.54,16.53,16.54,200,0
2015-02-09,17:35:00,16.58,16.58,16.54,16.58,700,0
2015-02-09,17:40:00,16.63,16.75,16.63,16.73,1900,0
2015-02-09,17:45:00,16.75,16.77,16.75,16.77,4300,0
2015-02-09,17:50:00,16.76,16.79,16.75,16.75,1500,0
2015-02-09,17:55:00,16.73,16.75,16.7,16.75,2900,0
2015-02-09,18:00:00,16.74,16.74,16.72,16.72,700,0
2015-02-09,18:05:00,16.71,16.71,16.7,16.7,600,0
2015-02-09,18:10:00,16.7,16.7,16.64,16.64,1000,0
2015-02-09,18:15:00,16.65,16.7,16.65,16.7,5953,0
2015-02-09,18:20:00,16.68,16.69,16.68,16.68,800,0
2015-02-09,18:25:00,16.68,16.68,16.67,16.67,300,0
2015-02-09,18:30:00,16.671,16.7,16.67,16.7,800,0
2015-02-09,18:35:00,16.73,16.73,16.73,16.73,200,0
2015-02-09,18:40:00,16.7275,16.73,16.7275,16.73,200,0
2015-02-09,18:45:00,16.73,16.73,16.72,16.72,700,0
2015-02-09,18:50:00,16.72,16.72,16.7,16.72,600,0
2015-02-09,18:55:00,16.7,16.71,16.7,16.7,800,0
2015-02-09,19:00:00,16.7,16.7,16.66,16.66,2000,0
2015-02-09,19:05:00,16.66,16.66,16.66,16.66,300,0
2015-02-09,19:10:00,16.65,16.681,16.65,16.6675,1300,0
2015-02-09,19:15:00,16.66,16.69,16.66,16.68,1100,0
2015-02-09,19:20:00,16.68,16.71,16.68,16.68,1400,0
2015-02-09,19:25:00,16.68,16.68,16.66,16.66,800,0
2015-02-09,19:30:00,16.66,16.66,16.66,16.66,800,0
2015-02-09,19:35:00,16.71,16.71,16.66,16.66,300,0
2015-02-09,19:40:00,16.66,16.7,16.66,16.69,1800,0
2015-02-09,19:45:00,16.68,16.68,16.67,16.67,900,0
2015-02-09,19:50:00,16.665,16.67,16.66,16.66,1800,0
2015-02-09,20:00:00,16.67,16.7,16.67,16.7,1300,0
2015-02-09,20:05:00,16.69,16.69,16.66,16.68,2000,0
2015-02-09,20:10:00,16.66,16.67,16.655,16.66,2000,0
2015-02-09,20:15:00,16.66,16.665,16.65,16.65,1300,0
2015-02-09,20:20:00,16.65,16.66,16.65,16.65,600,0
2015-02-09,20:25:00,16.65,16.655,16.65,16.65,900,0
2015-02-09,20:30:00,16.65,16.655,16.64,16.64,2000,0
2015-02-09,20:35:00,16.64,16.65,16.64,16.64,1082,0
2015-02-09,20:40:00,16.64,16.64,16.63,16.6325,2300,0
2015-02-09,20:45:00,16.63,16.63,16.61,16.61,1500,0
2015-02-09,20:50:00,16.61,16.61,16.58,16.61,1300,0
2015-02-09,20:55:00,16.58,16.59,16.58,16.59,500,0
2015-02-09,21:00:00,16.6,16.61,16.59,16.61,600,0
2015-02-09,21:05:00,16.59,16.59,16.51,16.51,2200,0
2015-02-09,21:10:00,16.51,16.531,16.51,16.52,1233,0
2015-02-09,21:15:00,16.52,16.59,16.52,16.59,2200,0
2015-02-09,21:20:00,16.6,16.6,16.59,16.59,700,0
2015-02-09,21:25:00,16.6,16.61,16.57,16.61,5000,0
2015-02-09,21:30:00,16.62,16.68,16.62,16.64,1600,0
2015-02-09,21:35:00,16.67,16.67,16.6,16.6,3900,0
2015-02-09,21:40:00,16.59,16.6,16.55,16.58,2200,0
2015-02-09,21:45:00,16.5895,16.62,16.57,16.6,1700,0
2015-02-09,21:50:00,16.6,16.62,16.56,16.57,5135,0
2015-02-09,21:55:00,16.57,16.6,16.57,16.58,6389,0
2015-02-09,22:00:00,16.56,16.68,16.55,16.63,50102,0
2015-02-10,15:35:00,16.67,16.68,16.65,16.68,800,0
2015-02-10,15:40:00,16.725,16.79,16.725,16.77,2500,0
2015-02-10,15:45:00,16.77,16.77,16.69,16.74,12400,0
2015-02-10,15:50:00,16.7,16.71,16.7,16.71,2500,0
2015-02-10,15:55:00,16.74,16.79,16.73,16.75,1900,0
2015-02-10,16:00:00,16.74,16.75,16.74,16.75,1500,0
2015-02-10,16:05:00,16.75,16.75,16.67,16.72,4700,0
2015-02-10,16:10:00,16.72,16.73,16.7,16.73,3600,0
2015-02-10,16:15:00,16.71,16.76,16.68,16.76,9144,0
2015-02-10,16:20:00,16.75,16.76,16.75,16.75,3700,0
2015-02-10,16:25:00,16.76,16.765,16.75,16.765,1130,0
2015-02-10,16:30:00,16.75,16.75,16.75,16.75,2700,0
2015-02-10,16:35:00,16.76,16.76,16.75,16.75,700,0
2015-02-10,16:40:00,16.75,16.76,16.75,16.76,6915,0
2015-02-10,16:45:00,16.777,16.777,16.75,16.75,7200,0
2015-02-10,16:50:00,16.755,16.755,16.73,16.735,2902,0
2015-02-10,16:55:00,16.735,16.76,16.73,16.76,3789,0
2015-02-10,17:00:00,16.77,16.77,16.77,16.77,200,0
2015-02-10,17:05:00,16.76,16.76,16.735,16.74,3700,0
2015-02-10,17:10:00,16.74,16.75,16.74,16.75,600,0
2015-02-10,17:15:00,16.76,16.76,16.76,16.76,1300,0
2015-02-10,17:20:00,16.76,16.77,16.75,16.76,4600,0
2015-02-10,17:25:00,16.75,16.77,16.75,16.77,300,0
2015-02-10,17:35:00,16.75,16.81,16.75,16.81,3400,0
2015-02-10,17:40:00,16.79,16.79,16.75,16.76,17600,0
2015-02-10,17:45:00,16.74,16.76,16.74,16.76,400,0
2015-02-10,17:50:00,16.7555,16.76,16.75,16.76,3026,0
2015-02-10,17:55:00,16.75,16.76,16.75,16.75,1000,0
2015-02-10,18:00:00,16.74,17.13,16.74,17.112,94853,0
2015-02-10,18:05:00,17.13,17.17,17.0,17.0199,43579,0
2015-02-10,18:10:00,17.02,17.2,17.02,17.2,17573,0
2015-02-10,18:15:00,17.19,17.2,17.14,17.19,15575,0
2015-02-10,18:20:00,17.2,17.2,17.188,17.2,16389,0
2015-02-10,18:25:00,17.2,17.27,17.2,17.27,21204,0
2015-02-10,18:30:00,17.2699,17.37,17.26,17.28,39371,0
2015-02-10,18:35:00,17.295,17.31,17.25,17.25,6829,0
2015-02-10,18:40:00,17.26,17.42,17.26,17.396,14863,0
2015-02-10,18:45:00,17.38,17.38,17.2801,17.3,8964,0
2015-02-10,18:50:00,17.28,17.31,17.28,17.29,10458,0
2015-02-10,18:55:00,17.3,17.32,17.29,17.32,18805,0
2015-02-10,19:00:00,17.3186,17.38,17.31,17.345,5838,0
2015-02-10,19:05:00,17.36,17.3939,17.3455,17.377,4210,0
2015-02-10,19:10:00,17.33,17.38,17.3244,17.33,2481,0
2015-02-10,19:15:00,17.35,17.38,17.34,17.36,3292,0
2015-02-10,19:20:00,17.38,17.39,17.38,17.39,500,0
2015-02-10,19:25:00,17.388,17.4,17.3631,17.3631,3292,0
2015-02-10,19:30:00,17.37,17.4,17.37,17.3901,9605,0
2015-02-10,19:35:00,17.4,17.4,17.38,17.3999,10392,0
2015-02-10,19:40:00,17.3999,17.4,17.38,17.39,1800,0
2015-02-10,19:45:00,17.39,17.4,17.38,17.398,3104,0
2015-02-10,19:50:00,17.4,17.4,17.34,17.38,15995,0
2015-02-10,19:55:00,17.39,17.4,17.366,17.38,4007,0
2015-02-10,20:00:00,17.3854,17.3896,17.35,17.36,4600,0
2015-02-10,20:05:00,17.36,17.4,17.36,17.39,7600,0
2015-02-10,20:10:00,17.39,17.39,17.3601,17.3894,3323,0
2015-02-10,20:15:00,17.37,17.4,17.37,17.38,4760,0
2015-02-10,20:20:00,17.37,17.39,17.37,17.39,2700,0
2015-02-10,20:30:00,17.4,17.4,17.365,17.3699,4869,0
2015-02-10,20:35:00,17.36,17.37,17.28,17.35,53393,0
2015-02-10,20:40:00,17.34,17.3499,17.29,17.32,5100,0
2015-02-10,20:45:00,17.31,17.32,17.24,17.24,8809,0
2015-02-10,20:50:00,17.26,17.27,17.23,17.2496,3000,0
2015-02-10,20:55:00,17.24,17.24,17.23,17.23,400,0
2015-02-10,21:00:00,17.24,17.27,17.24,17.27,21542,0
2015-02-10,21:05:00,17.276,17.29,17.276,17.2816,1800,0
2015-02-10,21:10:00,17.28,17.28,17.23,17.245,4375,0
2015-02-10,21:15:00,17.25,17.25,17.23,17.2496,2189,0
2015-02-10,21:20:00,17.25,17.27,17.24,17.25,6589,0
2015-02-10,21:25:00,17.25,17.32,17.25,17.32,7000,0
2015-02-10,21:30:00,17.29,17.31,17.23,17.25,8553,0
2015-02-10,21:35:00,17.25,17.25,17.23,17.23,2982,0
2015-02-10,21:40:00,17.24,17.28,17.231,17.25,11829,0
2015-02-10,21:45:00,17.25,17.27,17.24,17.25,9332,0
2015-02-10,21:50:00,17.25,17.25,17.235,17.25,6710,0
2015-02-10,21:55:00,17.25,17.26,17.22,17.23,12327,0
2015-02-10,22:00:00,17.25,17.28,17.24,17.24,69549,0
2015-02-11,15:35:00,17.4972,17.4972,17.3,17.31,5736,0
2015-02-11,15:40:00,17.3,17.32,17.22,17.23,4335,0
2015-02-11,15:45:00,17.22,17.24,17.08,17.104,14142,0
2015-02-11,15:50:00,17.1632,17.206,17.0,17.0,10670,0
2015-02-11,15:55:00,17.0,17.03,16.99,17.02,10238,0
2015-02-11,16:00:00,17.02,17.08,17.02,17.08,8735,0
2015-02-11,16:05:00,17.08,17.0999,17.07,17.085,9269,0
2015-02-11,16:10:00,17.105,17.105,17.07,17.08,2000,0
2015-02-11,16:15:00,17.05,17.08,17.05,17.08,900,0
2015-02-11,16:25:00,17.05,17.0748,17.04,17.04,2500,0
2015-02-11,16:30:00,17.035,17.05,17.035,17.035,1120,0
2015-02-11,16:35:00,17.07,17.08,17.05,17.06,1500,0
2015-02-11,16:40:00,17.09,17.09,17.09,17.09,100,0
2015-02-11,16:45:00,17.1,17.1,17.095,17.095,700,0
2015-02-11,16:50:00,17.12,17.132,17.1,17.1,700,0
2015-02-11,16:55:00,17.14,17.14,17.14,17.14,200,0
2015-02-11,17:00:00,17.14,17.16,17.14,17.14,688,0
2015-02-11,17:05:00,17.15,17.21,17.15,17.2058,2370,0
2015-02-11,17:10:00,17.16,17.21,17.16,17.2092,1200,0
2015-02-11,17:15:00,17.1839,17.1839,17.173,17.18,1142,0
2015-02-11,17:20:00,17.18,17.18,17.17,17.17,1200,0
2015-02-11,17:25:00,17.17,17.17,17.17,17.17,200,0
2015-02-11,17:30:00,17.18,17.209,17.18,17.18,2600,0
2015-02-11,17:40:00,17.21,17.2186,17.2,17.2,1100,0
2015-02-11,17:45:00,17.2,17.27,17.2,17.27,1700,0
2015-02-11,17:50:00,17.29,17.3,17.29,17.3,500,0
2015-02-11,17:55:00,17.28,17.325,17.28,17.325,500,0
2015-02-11,18:00:00,17.35,17.35,17.35,17.35,344,0
2015-02-11,18:05:00,17.33,17.35,17.29,17.29,1800,0
2015-02-11,18:10:00,17.29,17.33,17.29,17.33,1700,0
2015-02-11,18:15:00,17.28,17.3099,17.28,17.295,876,0
2015-02-11,18:20:00,17.31,17.31,17.28,17.31,981,0
2015-02-11,18:25:00,17.32,17.33,17.32,17.32,5050,0
2015-02-11,18:30:00,17.32,17.32,17.31,17.31,927,0
2015-02-11,18:35:00,17.32,17.32,17.31,17.31,1100,0
2015-02-11,18:40:00,17.32,17.32,17.3,17.3,3300,0
2015-02-11,18:45:00,17.3,17.31,17.3,17.3,3035,0
2015-02-11,18:50:00,17.31,17.32,17.3,17.32,1600,0
2015-02-11,18:55:00,17.31,17.31,17.3,17.3,900,0
2015-02-11,19:00:00,17.3,17.33,17.3,17.3,2600,0
2015-02-11,19:05:00,17.32,17.32,17.32,17.32,500,0
2015-02-11,19:10:00,17.3,17.3,17.3,17.3,400,0
2015-02-11,19:15:00,17.3,17.3,17.23,17.23,2051,0
2015-02-11,19:20:00,17.22,17.22,17.22,17.22,100,0
2015-02-11,19:25:00,17.22,17.22,17.205,17.2099,3600,0
2015-02-11,19:30:00,17.208,17.22,17.208,17.22,2800,0
2015-02-11,19:35:00,17.21,17.21,17.19,17.21,700,0
2015-02-11,19:40:00,17.21,17.31,17.205,17.3,4500,0
2015-02-11,19:45:00,17.255,17.266,17.255,17.266,600,0
2015-02-11,19:50:00,17.265,17.265,17.265,17.265,100,0
2015-02-11,20:00:00,17.25,17.28,17.21,17.28,2000,0
2015-02-11,20:10:00,17.28,17.28,17.28,17.28,200,0
2015-02-11,20:15:00,17.28,17.31,17.28,17.3,700,0
2015-02-11,20:20:00,17.29,17.29,17.27,17.28,2100,0
2015-02-11,20:25:00,17.27,17.3,17.26,17.3,4899,0
2015-02-11,20:30:00,17.31,17.31,17.285,17.285,200,0
2015-02-11,20:35:00,17.3,17.3,17.3,17.3,200,0
2015-02-11,20:40:00,17.35,17.38,17.335,17.36,1400,0
2015-02-11,20:45:00,17.37,17.37,17.37,17.37,100,0
2015-02-11,20:50:00,17.35,17.35,17.34,17.34,800,0
2015-02-11,20:55:00,17.34,17.35,17.33,17.33,900,0
2015-02-11,21:00:00,17.3899,17.4,17.36,17.4,1200,0
2015-02-11,21:05:00,17.4,17.44,17.39,17.429,2400,0
2015-02-11,21:10:00,17.42,17.4299,17.33,17.345,1800,0
2015-02-11,21:15:00,17.36,17.36,17.35,17.35,200,0
2015-02-11,21:20:00,17.34,17.35,17.33,17.34,1100,0
2015-02-11,21:25:00,17.38,17.38,17.379,17.379,400,0
2015-02-11,21:30:00,17.38,17.42,17.38,17.41,1100,0
2015-02-11,21:35:00,17.41,17.41,17.4,17.4,3600,0
2015-02-11,21:40:00,17.399,17.4,17.37,17.37,2300,0
2015-02-11,21:45:00,17.375,17.4052,17.375,17.38,1900,0
2015-02-11,21:50:00,17.38,17.38,17.31,17.31,2450,0
2015-02-11,21:55:00,17.31,17.32,17.28,17.28,6600,0
2015-02-11,22:00:00,17.285,17.3,17.27,17.29,13044,0
2015-02-12,15:35:00,17.3,17.3,17.26,17.26,300,0
2015-02-12,15:40:00,17.25,17.25,17.25,17.25,5000,0
2015-02-12,15:45:00,17.25,17.25,17.25,17.25,2500,0
2015-02-12,15:50:00,17.3,17.325,17.28,17.325,600,0
2015-02-12,15:55:00,17.34,17.34,17.31,17.31,900,0
2015-02-12,16:00:00,17.37,17.37,17.37,17.37,200,0
2015-02-12,16:05:00,17.37,17.44,17.37,17.408,2321,0
2015-02-12,16:10:00,17.4,17.4,17.4,17.4,900,0
2015-02-12,16:15:00,17.37,17.38,17.35,17.38,1700,0
2015-02-12,16:20:00,17.3891,17.3891,17.3891,17.3891,660,0
2015-02-12,16:25:00,17.36,17.36,17.36,17.36,200,0
2015-02-12,16:30:00,17.32,17.32,17.32,17.32,200,0
2015-02-12,16:35:00,17.32,17.32,17.32,17.32,3000,0
2015-02-12,16:40:00,17.33,17.34,17.33,17.34,400,0
2015-02-12,16:45:00,17.36,17.36,17.355,17.359,600,0
2015-02-12,16:50:00,17.35,17.35,17.33,17.34,2800,0
2015-02-12,16:55:00,17.35,17.35,17.33,17.33,700,0
2015-02-12,17:00:00,17.32,17.32,17.32,17.32,1400,0
2015-02-12,17:05:00,17.3198,17.3198,17.3198,17.3198,200,0
2015-02-12,17:10:00,17.32,17.32,17.3,17.3,1290,0
2015-02-12,17:15:00,17.3199,17.32,17.3,17.3,2200,0
2015-02-12,17:20:00,17.3099,17.3099,17.18,17.18,10214,0
2015-02-12,17:25:00,17.16,17.16,17.1,17.1,800,0
2015-02-12,17:35:00,17.14,17.25,17.14,17.23,2300,0
2015-02-12,17:40:00,17.25,17.25,17.25,17.25,100,0
2015-02-12,17:45:00,17.21,17.219,17.19,17.2,1500,0
2015-02-12,17:50:00,17.24,17.24,17.24,17.24,200,0
2015-02-12,17:55:00,17.2,17.21,17.2,17.2,300,0
2015-02-12,18:00:00,17.2,17.24,17.2,17.24,800,0
2015-02-12,18:05:00,17.22,17.25,17.22,17.25,1795,0
2015-02-12,18:10:00,17.27,17.29,17.27,17.28,1600,0
2015-02-12,18:15:00,17.28,17.29,17.26,17.27,1300,0
2015-02-12,18:20:00,17.27,17.27,17.26,17.265,950,0
2015-02-12,18:25:00,17.259,17.28,17.259,17.28,897,0
2015-02-12,18:30:00,17.28,17.32,17.28,17.315,1647,0
2015-02-12,18:35:00,17.34,17.37,17.32,17.34,1700,0
2015-02-12,18:40:00,17.33,17.35,17.33,17.33,900,0
2015-02-12,18:45:00,17.3525,17.3699,17.33,17.35,1200,0
2015-02-12,18:50:00,17.35,17.37,17.345,17.37,300,0
2015-02-12,18:55:00,17.35,17.3561,17.34,17.35,1200,0
2015-02-12,19:00:00,17.34,17.3472,17.33,17.3472,1000,0
2015-02-12,19:05:00,17.35,17.36,17.345,17.345,900,0
2015-02-12,19:10:00,17.37,17.38,17.37,17.38,800,0
2015-02-12,19:15:00,17.39,17.39,17.39,17.39,300,0
2015-02-12,19:20:00,17.41,17.41,17.405,17.41,1900,0
2015-02-12,19:25:00,17.405,17.42,17.39,17.39,1200,0
2015-02-12,19:30:00,17.4,17.43,17.4,17.424,1498,0
2015-02-12,19:35:00,17.42,17.43,17.41,17.43,1054,0
2015-02-12,19:40:00,17.43,17.43,17.42,17.425,700,0
2015-02-12,19:45:00,17.43,17.43,17.42,17.43,600,0
2015-02-12,19:50:00,17.425,17.43,17.396,17.396,5000,0
2015-02-12,19:55:00,17.42,17.43,17.4116,17.42,5400,0
2015-02-12,20:00:00,17.425,17.43,17.42,17.43,500,0
2015-02-12,20:05:00,17.43,17.49,17.422,17.49,6767,0
2015-02-12,20:10:00,17.49,17.5,17.48,17.4901,3110,0
2015-02-12,20:15:00,17.495,17.5,17.48,17.48,2000,0
2015-02-12,20:20:00,17.47,17.47,17.46,17.47,1500,0
2015-02-12,20:25:00,17.48,17.49,17.48,17.49,300,0
2015-02-12,20:30:00,17.485,17.485,17.48,17.48,300,0
2015-02-12,20:35:00,17.49,17.49,17.49,17.49,1000,0
2015-02-12,20:40:00,17.4876,17.4876,17.4876,17.4876,342,0
2015-02-12,20:45:00,17.49,17.5,17.48,17.48,2800,0
2015-02-12,20:50:00,17.48,17.48,17.48,17.48,400,0
2015-02-12,20:55:00,17.49,17.49,17.48,17.49,811,0
2015-02-12,21:00:00,17.48,17.48,17.46,17.46,2600,0
2015-02-12,21:05:00,17.47,17.47,17.46,17.47,900,0
2015-02-12,21:10:00,17.47,17.5,17.46,17.5,3313,0
2015-02-12,21:15:00,17.492,17.52,17.49,17.52,9646,0
2015-02-12,21:20:00,17.5,17.57,17.5,17.57,5820,0
2015-02-12,21:25:00,17.57,17.59,17.53,17.54,5076,0
2015-02-12,21:30:00,17.5599,17.5599,17.53,17.53,1100,0
2015-02-12,21:35:00,17.53,17.53,17.51,17.51,1800,0
2015-02-12,21:40:00,17.52,17.52,17.49,17.5,3600,0
2015-02-12,21:45:00,17.51,17.55,17.51,17.55,1500,0
2015-02-12,21:50:00,17.55,17.59,17.545,17.59,3700,0
2015-02-12,21:55:00,17.59,17.59,17.53,17.53,8306,0
2015-02-12,22:00:00,17.54,17.59,17.54,17.59,96065,0
2015-02-13,15:35:00,17.335,17.474,17.18,17.23,8581,0
2015-02-13,15:40:00,17.23,17.4024,17.22,17.36,3436,0
2015-02-13,15:45:00,17.36,17.36,17.27,17.29,2968,0
2015-02-13,15:50:00,17.3,17.32,17.29,17.32,1300,0
2015-02-13,15:55:00,17.32,17.36,17.27,17.35,14916,0
2015-02-13,16:00:00,17.34,17.34,17.34,17.34,100,0
2015-02-13,16:05:00,17.35,17.3686,17.35,17.36,2079,0
2015-02-13,16:10:00,17.3,17.31,17.29,17.3,800,0
2015-02-13,16:15:00,17.25,17.25,17.25,17.25,300,0
2015-02-13,16:20:00,17.255,17.255,17.255,17.255,100,0
2015-02-13,16:25:00,17.24,17.25,17.2,17.24,2712,0
2015-02-13,16:30:00,17.242,17.242,17.21,17.21,203,0
2015-02-13,16:35:00,17.3,17.3,17.295,17.295,300,0
2015-02-13,16:40:00,17.274,17.274,17.25,17.26,1100,0
2015-02-13,16:45:00,17.242,17.242,17.23,17.23,300,0
2015-02-13,16:50:00,17.269,17.269,17.269,17.269,100,0
2015-02-13,16:55:00,17.26,17.27,17.26,17.26,500,0
2015-02-13,17:00:00,17.2719,17.2719,17.2719,17.2719,924,0
2015-02-13,17:05:00,17.29,17.33,17.28,17.3,2886,0
2015-02-13,17:10:00,17.36,17.36,17.32,17.32,200,0
2015-02-13,17:15:00,17.365,17.42,17.35,17.36,1500,0
2015-02-13,17:20:00,17.36,17.36,17.34,17.34,2200,0
2015-02-13,17:25:00,17.35,17.35,17.34,17.35,700,0
2015-02-13,17:30:00,17.34,17.35,17.3101,17.3101,1400,0
2015-02-13,17:35:00,17.3,17.35,17.3,17.32,1400,0
2015-02-13,17:40:00,17.33,17.37,17.28,17.29,19500,0
2015-02-13,17:45:00,17.31,17.31,17.31,17.31,200,0
2015-02-13,17:50:00,17.35,17.35,17.31,17.34,400,0
2015-02-13,17:55:00,17.37,17.37,17.3,17.33,1000,0
2015-02-13,18:00:00,17.33,17.33,17.33,17.33,100,0
2015-02-13,18:05:00,17.36,17.36,17.34,17.36,900,0
2015-02-13,18:10:00,17.39,17.39,17.385,17.385,300,0
2015-02-13,18:20:00,17.4,17.4,17.4,17.4,200,0
2015-02-13,18:25:00,17.43,17.43,17.43,17.43,200,0
2015-02-13,18:30:00,17.43,17.43,17.41,17.41,300,0
2015-02-13,18:35:00,17.41,17.41,17.4,17.41,1800,0
2015-02-13,18:40:00,17.4,17.4,17.4,17.4,100,0
2015-02-13,18:45:00,17.41,17.41,17.39,17.39,1200,0
2015-02-13,18:50:00,17.39,17.39,17.38,17.38,3667,0
2015-02-13,18:55:00,17.39,17.39,17.3839,17.39,2003,0
2015-02-13,19:00:00,17.385,17.385,17.381,17.385,4500,0
2015-02-13,19:05:00,17.385,17.4,17.385,17.4,800,0
2015-02-13,19:15:00,17.405,17.43,17.405,17.43,600,0
2015-02-13,19:20:00,17.43,17.43,17.42,17.43,2896,0
2015-02-13,19:25:00,17.43,17.43,17.4057,17.41,1596,0
2015-02-13,19:35:00,17.41,17.41,17.41,17.41,100,0
2015-02-13,19:40:00,17.4,17.4,17.3775,17.3775,600,0
2015-02-13,19:45:00,17.37,17.39,17.37,17.39,400,0
2015-02-13,19:50:00,17.3871,17.4,17.385,17.39,1186,0
2015-02-13,20:00:00,17.39,17.43,17.39,17.43,1100,0
2015-02-13,20:05:00,17.43,17.43,17.4,17.43,1100,0
2015-02-13,20:10:00,17.42,17.43,17.3981,17.43,1900,0
2015-02-13,20:15:00,17.43,17.45,17.41,17.41,1300,0
2015-02-13,20:25:00,17.42,17.45,17.42,17.423,500,0
2015-02-13,20:30:00,17.45,17.46,17.45,17.45,1600,0
2015-02-13,20:35:00,17.42,17.43,17.42,17.42,400,0
2015-02-13,20:40:00,17.44,17.45,17.44,17.45,400,0
2015-02-13,20:45:00,17.45,17.45,17.4499,17.45,1960,0
2015-02-13,20:50:00,17.45,17.45,17.44,17.45,1100,0
2015-02-13,20:55:00,17.44,17.45,17.44,17.44,300,0
2015-02-13,21:00:00,17.42,17.45,17.42,17.45,1500,0
2015-02-13,21:05:00,17.45,17.51,17.45,17.51,1500,0
2015-02-13,21:10:00,17.51,17.55,17.51,17.52,1500,0
2015-02-13,21:15:00,17.5398,17.54,17.52,17.53,4205,0
2015-02-13,21:20:00,17.5213,17.53,17.52,17.53,3620,0
2015-02-13,21:25:00,17.53,17.54,17.525,17.54,2500,0
2015-02-13,21:30:00,17.54,17.54,17.5,17.5,2588,0
2015-02-13,21:35:00,17.5,17.515,17.49,17.515,3062,0
2015-02-13,21:40:00,17.5284,17.5284,17.46,17.5,5855,0
2015-02-13,21:45:00,17.5,17.55,17.5,17.52,8836,0
2015-02-13,21:50:00,17.52,17.52,17.476,17.4999,1600,0
2015-02-13,21:55:00,17.51,17.51,17.49,17.5,3950,0
2015-02-13,22:00:00,17.5,17.5,17.42,17.42,34292,0
2015-02-17,15:35:00,17.37,17.3959,17.36,17.3959,3020,0
2015-02-17,15:40:00,17.36,17.4,17.34,17.34,1000,0
2015-02-17,15:45:00,17.35,17.35,17.35,17.35,300,0
2015-02-17,15:50:00,17.38,17.38,17.35,17.38,2000,0
2015-02-17,15:55:00,17.405,17.43,17.38,17.38,2900,0
2015-02-17,16:00:00,17.38,17.38,17.38,17.38,400,0
2015-02-17,16:05:00,17.39,17.39,17.39,17.39,300,0
2015-02-17,16:10:00,17.45,17.4799,17.42,17.44,2445,0
2015-02-17,16:15:00,17.45,17.491,17.45,17.491,730,0
2015-02-17,16:20:00,17.475,17.475,17.46,17.46,200,0
2015-02-17,16:25:00,17.47,17.47,17.46,17.47,400,0
2015-02-17,16:30:00,17.48,17.5,17.48,17.5,2060,0
2015-02-17,16:35:00,17.515,17.515,17.515,17.515,700,0
2015-02-17,16:40:00,17.515,17.515,17.515,17.515,600,0
2015-02-17,16:45:00,17.515,17.53,17.495,17.5,3500,0
2015-02-17,16:50:00,17.51,17.51,17.46,17.46,2600,0
2015-02-17,16:55:00,17.456,17.456,17.4215,17.4215,2772,0
2015-02-17,17:00:00,17.41,17.41,17.33,17.36,3898,0
2015-02-17,17:05:00,17.36,17.36,17.31,17.31,1700,0
2015-02-17,17:10:00,17.3,17.31,17.3,17.3,1300,0
2015-02-17,17:15:00,17.31,17.32,17.31,17.32,600,0
2015-02-17,17:20:00,17.3,17.31,17.3,17.31,300,0
2015-02-17,17:25:00,17.31,17.31,17.27,17.28,2222,0
2015-02-17,17:30:00,17.29,17.295,17.29,17.295,400,0
2015-02-17,17:35:00,17.308,17.31,17.292,17.31,1500,0
2015-02-17,17:45:00,17.34,17.34,17.32,17.32,1326,0
2015-02-17,17:50:00,17.28,17.28,17.27,17.28,400,0
2015-02-17,17:55:00,17.27,17.285,17.27,17.285,2400,0
2015-02-17,18:00:00,17.3,17.3,17.254,17.254,2600,0
2015-02-17,18:05:00,17.275,17.29,17.2691,17.27,2660,0
2015-02-17,18:10:00,17.27,17.27,17.27,17.27,500,0
2015-02-17,18:15:00,17.26,17.2756,17.23,17.2756,1810,0
2015-02-17,18:20:00,17.27,17.28,17.26,17.26,1300,0
2015-02-17,18:25:00,17.26,17.27,17.25,17.25,600,0
2015-02-17,18:35:00,17.27,17.27,17.26,17.26,200,0
2015-02-17,18:40:00,17.28,17.29,17.265,17.27,2500,0
2015-02-17,18:45:00,17.2999,17.2999,17.27,17.2997,1066,0
2015-02-17,18:50:00,17.28,17.29,17.28,17.28,600,0
2015-02-17,18:55:00,17.29,17.29,17.29,17.29,100,0
2015-02-17,19:00:00,17.29,17.29,17.27,17.28,2800,0
2015-02-17,19:05:00,17.29,17.29,17.28,17.28,200,0
2015-02-17,19:10:00,17.29,17.305,17.28,17.29,1900,0
2015-02-17,19:15:00,17.26,17.27,17.26,17.27,200,0
2015-02-17,19:20:00,17.28,17.28,17.28,17.28,200,0
2015-02-17,19:25:00,17.26,17.26,17.25,17.25,900,0
2015-02-17,19:30:00,17.25,17.26,17.25,17.26,300,0
2015-02-17,19:35:00,17.27,17.27,17.25,17.25,900,0
2015-02-17,19:40:00,17.25,17.28,17.25,17.25,500,0
2015-02-17,19:45:00,17.26,17.26,17.26,17.26,200,0
2015-02-17,19:50:00,17.24,17.24,17.24,17.24,100,0
2015-02-17,19:55:00,17.25,17.27,17.25,17.25,1500,0
2015-02-17,20:00:00,17.25,17.27,17.25,17.27,1000,0
2015-02-17,20:05:00,17.265,17.27,17.26,17.27,1600,0
2015-02-17,20:10:00,17.265,17.28,17.265,17.27,800,0
2015-02-17,20:15:00,17.28,17.31,17.27,17.27,1900,0
2015-02-17,20:25:00,17.3,17.3,17.3,17.3,100,0
2015-02-17,20:30:00,17.285,17.285,17.25,17.27,975,0
2015-02-17,20:35:00,17.275,17.275,17.26,17.27,400,0
2015-02-17,20:40:00,17.28,17.29,17.26,17.29,2400,0
2015-02-17,20:45:00,17.27,17.29,17.26,17.29,500,0
2015-02-17,20:50:00,17.29,17.3,17.29,17.29,300,0
2015-02-17,20:55:00,17.28,17.28,17.27,17.27,3000,0
2015-02-17,21:00:00,17.254,17.254,17.254,17.254,600,0
2015-02-17,21:05:00,17.27,17.2831,17.25,17.26,1008,0
2015-02-17,21:10:00,17.27,17.28,17.265,17.265,600,0
2015-02-17,21:15:00,17.27,17.28,17.26,17.26,500,0
2015-02-17,21:20:00,17.26,17.27,17.25,17.2525,4331,0
2015-02-17,21:25:00,17.23,17.24,17.23,17.24,1500,0
2015-02-17,21:30:00,17.24,17.2455,17.24,17.24,310,0
2015-02-17,21:35:00,17.24,17.245,17.225,17.225,2800,0
2015-02-17,21:40:00,17.22,17.246,17.22,17.23,2600,0
2015-02-17,21:45:00,17.22,17.22,17.1666,17.1666,2700,0
2015-02-17,21:50:00,17.1753,17.1753,17.13,17.1301,6617,0
2015-02-17,21:55:00,17.16,17.19,17.15,17.16,3960,0
2015-02-17,22:00:00,17.18,17.2,17.14,17.15,20702,0
2015-02-18,15:35:00,17.15,17.15,17,17,13147,0
2015-02-18,15:40:00,17.09,17.15,17.09,17.15,3788,0
2015-02-18,15:45:00,17.15,17.21,17.15,17.15,1793,0
2015-02-18,15:50:00,17.19,17.19,17.15,17.184,1165,0
2015-02-18,15:55:00,17.15,17.19,17.15,17.19,1500,0
2015-02-18,16:00:00,17.18,17.2,17.18,17.19,1800,0
2015-02-18,16:05:00,17.17,17.17,17.135,17.135,1500,0
2015-02-18,16:10:00,17.15,17.15,17.14,17.15,2987,0
2015-02-18,16:20:00,17.132,17.1599,17.1203,17.1599,1300,0
2015-02-18,16:25:00,17.15,17.1547,17.15,17.1547,400,0
2015-02-18,16:30:00,17.155,17.167,17.15,17.15,300,0
2015-02-18,16:35:00,17.16,17.19,17.15,17.19,2600,0
2015-02-18,16:40:00,17.19,17.19,17.19,17.19,700,0
2015-02-18,16:45:00,17.18,17.21,17.18,17.21,700,0
2015-02-18,16:55:00,17.23,17.23,17.22,17.23,700,0
2015-02-18,17:00:00,17.21,17.24,17.21,17.24,200,0
2015-02-18,17:05:00,17.24,17.25,17.24,17.25,1800,0
2015-02-18,17:10:00,17.25,17.25,17.25,17.25,925,0
2015-02-18,17:20:00,17.26,17.26,17.26,17.26,500,0
2015-02-18,17:25:00,17.23,17.23,17.23,17.23,100,0
2015-02-18,17:30:00,17.26,17.26,17.242,17.245,1200,0
2015-02-18,17:35:00,17.24,17.265,17.24,17.265,1800,0
2015-02-18,17:40:00,17.3,17.3,17.27,17.28,900,0
2015-02-18,17:45:00,17.29,17.29,17.27,17.27,1800,0
2015-02-18,17:50:00,17.26,17.26,17.25,17.26,300,0
2015-02-18,17:55:00,17.24,17.24,17.22,17.22,448,0
2015-02-18,18:00:00,17.23,17.23,17.23,17.23,100,0
2015-02-18,18:05:00,17.24,17.24,17.22,17.22,300,0
2015-02-18,18:10:00,17.22,17.24,17.21,17.21,1400,0
2015-02-18,18:15:00,17.21,17.2101,17.1937,17.1937,1425,0
2015-02-18,18:25:00,17.2,17.2,17.18,17.18,1200,0
2015-02-18,18:30:00,17.2,17.2,17.2,17.2,400,0
2015-02-18,18:35:00,17.2,17.2,17.19,17.2,1300,0
2015-02-18,18:40:00,17.19,17.21,17.19,17.21,600,0
2015-02-18,18:45:00,17.23,17.23,17.2,17.2,400,0
2015-02-18,18:50:00,17.2101,17.2101,17.21,17.21,415,0
2015-02-18,19:05:00,17.24,17.24,17.22,17.22,300,0
2015-02-18,19:10:00,17.22,17.22,17.22,17.22,500,0
2015-02-18,19:15:00,17.22,17.24,17.21,17.21,1600,0
2015-02-18,19:20:00,17.22,17.26,17.21,17.25,1400,0
2015-02-18,19:30:00,17.23,17.2499,17.21,17.21,4100,0
2015-02-18,19:35:00,17.25,17.25,17.25,17.25,100,0
2015-02-18,19:40:00,17.22,17.25,17.21,17.25,1900,0
2015-02-18,19:45:00,17.25,17.25,17.24,17.25,1300,0
2015-02-18,19:55:00,17.245,17.25,17.24,17.245,1800,0
2015-02-18,20:00:00,17.25,17.25,17.25,17.25,300,0
2015-02-18,20:05:00,17.265,17.265,17.25,17.26,700,0
2015-02-18,20:10:00,17.26,17.27,17.26,17.26,1000,0
2015-02-18,20:15:00,17.25,17.26,17.24,17.24,800,0
2015-02-18,20:20:00,17.25,17.25,17.24,17.24,900,0
2015-02-18,20:25:00,17.24,17.24,17.22,17.221,2500,0
2015-02-18,20:40:00,17.24,17.24,17.24,17.24,100,0
2015-02-18,20:45:00,17.25,17.25,17.21,17.21,3522,0
2015-02-18,20:50:00,17.24,17.25,17.24,17.24,1400,0
2015-02-18,20:55:00,17.25,17.25,17.24,17.24,900,0
2015-02-18,21:05:00,17.25,17.26,17.25,17.25,1800,0
2015-02-18,21:10:00,17.25,17.25,17.25,17.25,700,0
2015-02-18,21:15:00,17.25,17.26,17.25,17.25,1100,0
2015-02-18,21:20:00,17.27,17.27,17.23,17.23,1800,0
2015-02-18,21:25:00,17.23,17.23,17.22,17.22,2500,0
2015-02-18,21:30:00,17.24,17.25,17.22,17.22,300,0
2015-02-18,21:35:00,17.25,17.25,17.22,17.24,400,0
2015-02-18,21:40:00,17.25,17.25,17.21,17.21,3093,0
2015-02-18,21:45:00,17.21,17.2199,17.1404,17.18,4210,0
2015-02-18,21:50:00,17.16,17.17,17.13,17.17,2700,0
2015-02-18,21:55:00,17.2,17.22,17.16,17.18,6802,0
2015-02-18,22:00:00,17.17,17.1972,17.17,17.17,11102,0
2015-02-19,15:35:00,17.14,17.162,16.94,17.05,5167,0
2015-02-19,15:40:00,17.06,17.06,17.02,17.02,4600,0
2015-02-19,15:45:00,17,17.07,17,17,2270,0
2015-02-19,15:50:00,17.01,17.01,17,17,500,0
2015-02-19,15:55:00,17.02,17.04,16.95,17.04,4850,0
2015-02-19,16:05:00,16.99,16.99,16.99,16.99,500,0
2015-02-19,16:10:00,17.06,17.1,17.06,17.1,700,0
2015-02-19,16:15:00,17.08,17.08,17.05,17.07,600,0
2015-02-19,16:20:00,17.06,17.123,17.06,17.11,1510,0
2015-02-19,16:25:00,17.15,17.15,17.14,17.15,3564,0
2015-02-19,16:30:00,17.15,17.17,17.15,17.17,5700,0
2015-02-19,16:35:00,17.2,17.2,17.19,17.19,2900,0
2015-02-19,16:40:00,17.2,17.21,17.19,17.21,1300,0
2015-02-19,16:50:00,17.2,17.2,17.19,17.19,600,0
2015-02-19,16:55:00,17.22,17.22,17.19,17.19,2313,0
2015-02-19,17:00:00,17.18,17.18,17.14,17.14,2400,0
2015-02-19,17:15:00,17.12,17.12,17.12,17.12,100,0
2015-02-19,17:20:00,17.14,17.16,17.14,17.16,400,0
2015-02-19,17:25:00,17.145,17.16,17.145,17.16,600,0
2015-02-19,17:30:00,17.16,17.165,17.16,17.165,900,0
2015-02-19,17:35:00,17.2,17.2,17.2,17.2,300,0
2015-02-19,17:45:00,17.2,17.2,17.19,17.19,4631,0
2015-02-19,17:50:00,17.2,17.2,17.2,17.2,100,0
2015-02-19,18:00:00,17.2,17.2,17.18,17.18,300,0
2015-02-19,18:10:00,17.1856,17.2,17.18,17.19,2900,0
2015-02-19,18:15:00,17.2,17.2,17.2,17.2,2100,0
2015-02-19,18:20:00,17.19,17.19,17.19,17.19,600,0
2015-02-19,18:35:00,17.2,17.2,17.2,17.2,1092,0
2015-02-19,18:40:00,17.19,17.19,17.17,17.17,1000,0
2015-02-19,18:45:00,17.16,17.175,17.16,17.16,1100,0
2015-02-19,18:50:00,17.15,17.15,17.15,17.15,515,0
2015-02-19,19:15:00,17.18,17.18,17.18,17.18,500,0
2015-02-19,19:20:00,17.18,17.19,17.18,17.19,1600,0
2015-02-19,19:25:00,17.22,17.22,17.22,17.22,450,0
2015-02-19,19:30:00,17.18,17.23,17.18,17.18,500,0
2015-02-19,19:35:00,17.19,17.19,17.19,17.19,400,0
2015-02-19,19:40:00,17.19,17.19,17.18,17.19,700,0
2015-02-19,19:55:00,17.19,17.2,17.19,17.2,400,0
2015-02-19,20:00:00,17.2,17.2,17.2,17.2,200,0
2015-02-19,20:15:00,17.19,17.19,17.19,17.19,100,0
2015-02-19,20:20:00,17.19,17.2,17.17,17.2,1188,0
2015-02-19,20:25:00,17.18,17.2,17.18,17.2,5100,0
2015-02-19,20:30:00,17.18,17.2,17.18,17.2,400,0
2015-02-19,20:35:00,17.19,17.19,17.19,17.19,100,0
2015-02-19,20:40:00,17.16,17.16,17.13,17.13,300,0
2015-02-19,20:45:00,17.16,17.16,17.15,17.15,1300,0
2015-02-19,20:50:00,17.16,17.18,17.16,17.17,400,0
2015-02-19,21:00:00,17.19,17.195,17.19,17.195,500,0
2015-02-19,21:05:00,17.195,17.195,17.18,17.18,900,0
2015-02-19,21:10:00,17.19,17.2,17.18,17.181,900,0
2015-02-19,21:15:00,17.185,17.185,17.185,17.185,300,0
2015-02-19,21:20:00,17.18,17.18,17.16,17.16,300,0
2015-02-19,21:25:00,17.17,17.17,17.17,17.17,300,0
2015-02-19,21:30:00,17.17,17.17,17.14,17.15,4200,0
2015-02-19,21:35:00,17.16,17.17,17.15,17.151,800,0
2015-02-19,21:40:00,17.155,17.155,17.155,17.155,600,0
2015-02-19,21:45:00,17.15,17.18,17.15,17.17,1500,0
2015-02-19,21:50:00,17.19,17.19,17.15,17.15,1604,0
2015-02-19,21:55:00,17.13,17.14,17.1,17.14,4477,0
2015-02-19,22:00:00,17.15,17.17,17.11,17.14,15079,0
2015-02-20,15:35:00,17.26,17.26,17.08,17.119,1700,0
2015-02-20,15:40:00,17.08,17.19,17.01,17.01,5266,0
2015-02-20,15:45:00,16.95,16.95,16.94,16.94,700,0
2015-02-20,15:55:00,16.92,16.97,16.9,16.97,900,0
2015-02-20,16:00:00,16.95,16.96,16.95,16.96,700,0
2015-02-20,16:05:00,16.91,16.925,16.81,16.8101,4994,0
2015-02-20,16:10:00,16.845,16.87,16.81,16.863,2840,0
2015-02-20,16:15:00,16.8393,16.87,16.8,16.8,3000,0
2015-02-20,16:20:00,16.88,16.88,16.8301,16.8301,500,0
2015-02-20,16:25:00,16.88,16.89,16.87,16.89,400,0
2015-02-20,16:40:00,16.885,16.91,16.885,16.91,700,0
2015-02-20,16:45:00,16.9401,16.96,16.9401,16.96,400,0
2015-02-20,16:50:00,16.96,17,16.96,17,500,0
2015-02-20,16:55:00,17.01,17.02,17,17.02,700,0
2015-02-20,17:00:00,17.02,17.04,17.02,17.04,1200,0
2015-02-20,17:05:00,17.04,17.1,17.04,17.1,1400,0
2015-02-20,17:10:00,17.065,17.065,17.05,17.06,1000,0
2015-02-20,17:15:00,17.04,17.04,17.01,17.01,500,0
2015-02-20,17:20:00,17.02,17.03,17.02,17.02,1100,0
2015-02-20,17:30:00,16.95,16.95,16.95,16.95,300,0
2015-02-20,17:35:00,16.9501,16.96,16.9501,16.96,957,0
2015-02-20,17:40:00,16.97,16.99,16.95,16.97,2558,0
2015-02-20,17:45:00,16.98,17,16.98,17,500,0
2015-02-20,17:50:00,17,17,16.95,17,1300,0
2015-02-20,17:55:00,16.995,16.995,16.995,16.995,300,0
2015-02-20,18:00:00,17,17,17,17,900,0
2015-02-20,18:05:00,17.03,17.03,17.02,17.02,1100,0
2015-02-20,18:15:00,17.02,17.05,17.02,17.05,300,0
2015-02-20,18:20:00,17.05,17.05,17.04,17.05,1200,0
2015-02-20,18:25:00,17.06,17.06,17.06,17.06,200,0
2015-02-20,18:30:00,17.08,17.08,17.08,17.08,300,0
2015-02-20,18:35:00,17.05,17.05,17.05,17.05,900,0
2015-02-20,18:40:00,17.031,17.08,17.015,17.015,3900,0
2015-02-20,18:45:00,17.0001,17.06,17.0001,17.06,1500,0
2015-02-20,18:50:00,17.06,17.09,17.06,17.06,2385,0
2015-02-20,18:55:00,17.06,17.07,17.057,17.07,885,0
2015-02-20,19:00:00,17.08,17.08,17.06,17.08,2000,0
2015-02-20,19:05:00,17.0723,17.08,17.063,17.07,1462,0
2015-02-20,19:10:00,17.07,17.07,17.05,17.05,1100,0
2015-02-20,19:15:00,17.07,17.07,17.025,17.06,4588,0
2015-02-20,19:20:00,17.05,17.05,17.035,17.035,300,0
2015-02-20,19:25:00,17.04,17.04,17.04,17.04,200,0
2015-02-20,19:30:00,17.03,17.035,17.01,17.01,3800,0
2015-02-20,19:35:00,17.02,17.02,17,17.01,2400,0
2015-02-20,19:40:00,17,17,17,17,400,0
2015-02-20,19:45:00,17.005,17.005,16.99,16.99,900,0
2015-02-20,19:50:00,17,17.01,16.98,17.01,11084,0
2015-02-20,19:55:00,17,17.01,17,17.01,700,0
2015-02-20,20:00:00,17.02,17.06,17.0101,17.06,1900,0
2015-02-20,20:05:00,17.05,17.05,17.02,17.02,800,0
2015-02-20,20:10:00,17.03,17.05,17.01,17.03,2498,0
2015-02-20,20:15:00,17.03,17.03,17.03,17.03,500,0
2015-02-20,20:20:00,17.03,17.055,17.03,17.04,3200,0
2015-02-20,20:25:00,17.04,17.04,17.03,17.03,1934,0
2015-02-20,20:30:00,17.02,17.03,17.015,17.015,1150,0
2015-02-20,20:35:00,17.015,17.015,17,17.005,2240,0
2015-02-20,20:40:00,17,17.03,17,17.03,1600,0
2015-02-20,20:45:00,17.03,17.05,17.03,17.045,1100,0
2015-02-20,20:50:00,17.05,17.05,17.045,17.045,500,0
2015-02-20,20:55:00,17.05,17.055,17.04,17.055,2613,0
2015-02-20,21:00:00,17.05,17.09,17.05,17.05,2500,0
2015-02-20,21:05:00,17.04,17.07,17.04,17.06,2200,0
2015-02-20,21:10:00,17.07,17.075,17.06,17.065,2500,0
2015-02-20,21:15:00,17.075,17.08,17.04,17.045,2300,0
2015-02-20,21:20:00,17.05,17.065,17.05,17.06,800,0
2015-02-20,21:25:00,17.06,17.09,17.06,17.09,1780,0
2015-02-20,21:30:00,17.09,17.1,17.07,17.08,2231,0
2015-02-20,21:35:00,17.08,17.09,17.08,17.08,4291,0
2015-02-20,21:40:00,17.05,17.07,17.05,17.06,1300,0
2015-02-20,21:45:00,17.055,17.055,17.03,17.05,3073,0
2015-02-20,21:50:00,17.04,17.04,17.03,17.04,5538,0
2015-02-20,21:55:00,17.04,17.08,17.035,17.04,8900,0
2015-02-20,22:00:00,17.04,17.08,17.03,17.05,19505,0
2015-02-23,15:35:00,16.892,16.9168,16.892,16.9168,1650,0
2015-02-23,15:40:00,16.96,16.98,16.9335,16.96,2000,0
2015-02-23,15:45:00,16.93,17.04,16.93,17.03,3966,0
2015-02-23,15:50:00,16.98,16.98,16.97,16.97,700,0
2015-02-23,15:55:00,16.89,16.924,16.86,16.86,13970,0
2015-02-23,16:05:00,16.86,16.89,16.86,16.89,1300,0
2015-02-23,16:20:00,16.92,16.92,16.9,16.91,600,0
2015-02-23,16:25:00,16.92,16.95,16.92,16.95,700,0
2015-02-23,16:30:00,16.94,16.94,16.94,16.94,200,0
2015-02-23,16:35:00,16.92,16.93,16.902,16.9169,1300,0
2015-02-23,16:45:00,16.925,16.96,16.91,16.96,4400,0
2015-02-23,16:50:00,17,17.008,16.99,17.008,2400,0
2015-02-23,16:55:00,16.99,16.99,16.95,16.95,1400,0
2015-02-23,17:00:00,16.9601,16.9754,16.9601,16.9754,1200,0
2015-02-23,17:05:00,16.98,16.98,16.97,16.97,1286,0
2015-02-23,17:10:00,16.93,16.93,16.93,16.93,900,0
2015-02-23,17:15:00,16.95,16.95,16.9,16.9399,2285,0
2015-02-23,17:20:00,16.925,16.99,16.92,16.99,2200,0
2015-02-23,17:25:00,16.985,16.985,16.985,16.985,200,0
2015-02-23,17:30:00,17,17.01,16.96,16.96,2700,0
2015-02-23,17:35:00,16.98,17,16.9775,17,1200,0
2015-02-23,17:40:00,17,17,17,17,1700,0
2015-02-23,17:45:00,17,17,17,17,100,0
2015-02-23,17:55:00,17.018,17.04,17.01,17.01,5800,0
2015-02-23,18:05:00,17.05,17.05,17.03,17.03,1000,0
2015-02-23,18:10:00,17.038,17.05,17.038,17.05,4302,0
2015-02-23,18:20:00,17.05,17.05,17.05,17.05,600,0
2015-02-23,18:25:00,17.04,17.04,17.02,17.02,1600,0
2015-02-23,18:30:00,17.02,17.03,17.015,17.02,2000,0
2015-02-23,18:35:00,17.03,17.03,17.03,17.03,300,0
2015-02-23,18:40:00,17.04,17.04,17.03,17.03,500,0
2015-02-23,18:50:00,17.02,17.03,17.02,17.03,500,0
2015-02-23,18:55:00,17.03,17.03,17.03,17.03,800,0
2015-02-23,19:05:00,17.03,17.03,17.03,17.03,700,0
2015-02-23,19:10:00,17.03,17.03,17.02,17.02,1300,0
2015-02-23,19:15:00,17.02,17.035,17,17.035,2450,0
2015-02-23,19:20:00,17.02,17.029,17,17.029,1198,0
2015-02-23,19:25:00,17.01,17.01,17,17.01,600,0
2015-02-23,19:30:00,17,17.01,17,17.01,800,0
2015-02-23,19:35:00,17,17.02,17,17.015,1431,0
2015-02-23,19:40:00,17.015,17.015,17.015,17.015,200,0
2015-02-23,19:45:00,17.01,17.01,17.01,17.01,400,0
2015-02-23,19:50:00,17.01,17.02,17,17,2738,0
2015-02-23,19:55:00,17.01,17.01,17,17,2796,0
2015-02-23,20:00:00,17.0099,17.0099,16.99,16.99,400,0
2015-02-23,20:05:00,17.01,17.01,16.97,17,5900,0
2015-02-23,20:15:00,17,17,16.99,16.99,500,0
2015-02-23,20:20:00,16.99,17.02,16.99,17.02,2700,0
2015-02-23,20:30:00,16.99,16.99,16.98,16.98,1000,0
2015-02-23,20:35:00,16.97,16.974,16.97,16.97,1300,0
2015-02-23,20:40:00,16.98,17.01,16.98,17,1400,0
2015-02-23,20:45:00,17,17.01,17,17.01,1700,0
2015-02-23,20:50:00,16.99,17.02,16.99,17.01,22563,0
2015-02-23,20:55:00,17.01,17.01,16.98,16.99,1821,0
2015-02-23,21:00:00,16.96,16.98,16.96,16.975,1750,0
2015-02-23,21:05:00,16.98,16.99,16.98,16.99,1100,0
2015-02-23,21:10:00,16.98,16.98,16.965,16.97,1700,0
2015-02-23,21:15:00,16.97,17,16.97,17,1300,0
2015-02-23,21:20:00,16.98,16.98,16.98,16.98,650,0
2015-02-23,21:25:00,16.97,16.985,16.97,16.985,200,0
2015-02-23,21:30:00,16.97,17.01,16.97,17.01,1700,0
2015-02-23,21:35:00,17,17,16.98,16.98,1900,0
2015-02-23,21:40:00,16.97,16.98,16.97,16.97,1973,0
2015-02-23,21:45:00,16.96,17.01,16.95,17.01,4853,0
2015-02-23,21:50:00,17,17,16.98,16.98,2200,0
2015-02-23,21:55:00,17,17,16.98,16.98,2400,0
2015-02-23,22:00:00,16.99,17.01,16.97,17.01,38008,0
