Date,Time,Open,High,Low,Close,Volume,OpenInt
2014-06-26,21:35:00,8.5200,8.5200,8.5200,8.5200,200,0
2014-06-27,16:15:00,8.57,8.59,8.57,8.59,2274,0
2014-06-27,16:20:00,8.6,8.6,8.59,8.6,1240,0
2014-06-27,21:20:00,8.62,8.62,8.6,8.62,3525,0
2014-06-27,21:25:00,8.6,8.6,8.6,8.6,5700,0
2014-06-27,21:30:00,8.6,8.6,8.6,8.6,5000,0
2014-06-27,21:35:00,8.6,8.6,8.6,8.6,2500,0
2014-06-27,21:40:00,8.6,8.6,8.6,8.6,240,0
2014-06-30,16:05:00,8.73,8.73,8.73,8.73,200,0
2014-06-30,17:35:00,8.7299,8.7299,8.71,8.71,506,0
2014-06-30,18:35:00,8.61,8.61,8.6,8.6,700,0
2014-06-30,19:50:00,8.6,8.62,8.6,8.6,2400,0
2014-06-30,21:05:00,8.33,8.33,8.33,8.33,140,0
2014-07-01,15:35:00,8.51,8.51,8.51,8.51,129,0
2014-07-01,16:10:00,8.5301,8.5301,8.5301,8.5301,200,0
2014-07-01,16:55:00,8.5301,8.5301,8.5301,8.5301,129,0
2014-07-01,17:00:00,8.55,8.55,8.53,8.53,3100,0
2014-07-01,17:25:00,8.593,8.593,8.593,8.593,500,0
2014-07-01,17:30:00,8.593,8.593,8.593,8.593,500,0
2014-07-01,17:45:00,8.63,8.63,8.6,8.6,300,0
2014-07-01,17:50:00,8.6,8.6,8.6,8.6,100,0
2014-07-01,17:55:00,8.593,8.593,8.593,8.593,200,0
2014-07-01,18:00:00,8.6,8.6,8.6,8.6,200,0
2014-07-01,18:10:00,8.6,8.6,8.6,8.6,100,0
2014-07-01,18:40:00,8.6,8.6,8.6,8.6,200,0
2014-07-01,21:55:00,8.5401,8.5402,8.5399,8.54,2494,0
2014-07-01,22:00:00,8.54,8.54,8.52,8.52,1400,0
2014-07-02,17:10:00,8.3001,8.3001,8.3001,8.3001,500,0
2014-07-02,17:25:00,8.386,8.386,8.098,8.386,5400,0
2014-07-02,22:00:00,8.54,8.54,8.54,8.54,100,0
2014-07-03,16:05:00,8.53,8.53,8.16,8.16,600,0
2014-07-07,17:55:00,8.55,8.55,8.55,8.55,300,0
2014-07-07,18:25:00,8.5301,8.5301,8.5301,8.5301,500,0
2014-07-07,18:55:00,8.3601,8.3601,8.36,8.36,2000,0
2014-07-07,19:35:00,8.41,8.41,8.4,8.4,771,0
2014-07-07,19:55:00,8.48,8.49,8.48,8.49,700,0
2014-07-08,15:55:00,8.41,8.41,8.41,8.41,742,0
2014-07-08,16:55:00,8.45,8.45,8.45,8.45,573,0
2014-07-08,19:40:00,8.4,8.4,8.25,8.3,1958,0
2014-07-08,19:45:00,8.3,8.3,8.3,8.3,800,0
2014-07-09,16:45:00,8.16,8.2,8.16,8.2,800,0
2014-07-09,16:50:00,8.146,8.15,8.122,8.15,1601,0
2014-07-09,16:55:00,8.15,8.21,8.15,8.21,1000,0
2014-07-09,17:00:00,8.16,8.16,8.16,8.16,200,0
2014-07-09,20:00:00,8.21,8.222,8.21,8.222,900,0
2014-07-09,21:10:00,8.241,8.26,8.24,8.241,1100,0
2014-07-09,22:00:00,8.48,8.48,8.48,8.48,100,0
2014-07-10,15:50:00,8.1743,8.1743,8.1743,8.1743,2000,0
2014-07-11,16:05:00,8.45,8.45,8.45,8.45,150,0
2014-07-11,16:35:00,8.205,8.2425,8.205,8.24,1374,0
2014-07-11,22:00:00,8.28,8.28,8.28,8.28,200,0
2014-07-14,16:30:00,8.49,8.49,8.49,8.49,300,0
2014-07-14,19:45:00,8.384,8.39,8.31,8.31,600,0
2014-07-14,19:50:00,8.41,8.41,8.31,8.38,800,0
2014-07-14,19:55:00,8.41,8.41,8.17,8.39,1300,0
2014-07-14,21:55:00,8.49,8.49,8.49,8.49,500,0
2014-07-15,15:45:00,8.256,8.356,8.256,8.35,500,0
2014-07-15,15:50:00,8.2,8.36,8.2,8.36,300,0
2014-07-15,15:55:00,8.2,8.29,8.2,8.29,500,0
2014-07-15,19:15:00,8.241,8.25,8.24,8.25,1488,0
2014-07-15,19:50:00,8.241,8.26,8.241,8.25,498,0
2014-07-15,20:20:00,8.36,8.36,8.36,8.36,100,0
2014-07-15,21:15:00,8.22,8.25,8.155,8.155,800,0
2014-07-15,21:35:00,8.158,8.158,8.158,8.158,100,0
2014-07-16,15:35:00,8.21,8.3,8.21,8.23,1200,0
2014-07-16,15:40:00,8.21,8.285,8.21,8.21,700,0
2014-07-16,15:45:00,8.21,8.26,8.21,8.26,700,0
2014-07-16,15:55:00,8.07,8.07,8.07,8.07,224,0
2014-07-17,16:00:00,8.22,8.22,8.22,8.22,100,0
2014-07-17,16:05:00,8.15,8.22,8.14,8.14,600,0
2014-07-17,16:10:00,8.13,8.24,8.13,8.15,500,0
2014-07-17,16:15:00,8.22,8.22,8.14,8.17,400,0
2014-07-17,16:20:00,8.23,8.23,8.23,8.23,200,0
2014-07-18,15:35:00,8.11,8.22,8.11,8.17,400,0
2014-07-18,15:40:00,8.22,8.22,8.09,8.1,600,0
2014-07-18,15:45:00,8.162,8.162,8.098,8.16,500,0
2014-07-18,15:50:00,8.14,8.14,8.14,8.14,100,0
2014-07-18,17:50:00,8.12,8.12,8.1,8.1,4298,0
2014-07-18,17:55:00,8.1,8.1,8.1,8.1,400,0
2014-07-18,19:05:00,8.08,8.1,8.08,8.1,4152,0
2014-07-18,21:50:00,8.11,8.11,8.1,8.1,3100,0
2014-07-21,15:40:00,8.04,8.12,7.95,7.95,800,0
2014-07-21,15:45:00,8.04,8.1,7.97,8.06,1100,0
2014-07-21,17:40:00,7.91,7.91,7.91,7.91,694,0
2014-07-22,16:30:00,8.2399,8.24,8.2399,8.24,2000,0
2014-07-22,18:15:00,8.08,8.15,8.08,8.098,900,0
2014-07-22,20:30:00,8.28,8.29,8.26,8.26,1903,0
2014-07-22,21:30:00,8.19,8.19,8.19,8.19,100,0
2014-07-22,21:35:00,8.19,8.19,8.19,8.19,100,0
2014-07-22,21:40:00,8.29,8.29,8.29,8.29,385,0
2014-07-22,21:50:00,8.2801,8.29,8.2801,8.29,1600,0
2014-07-22,22:00:00,8.29,8.29,8.1,8.235,960,0
2014-07-23,17:45:00,8.11,8.212,8.11,8.212,200,0
2014-07-23,17:50:00,8.11,8.23,8.1,8.11,600,0
2014-07-23,17:55:00,8.25,8.25,8.17,8.17,300,0
2014-07-23,18:00:00,8.16,8.16,8.15,8.15,212,0
2014-07-23,19:45:00,8.15,8.16,8.15,8.15,3492,0
2014-07-23,22:00:00,7.88,7.88,7.88,7.88,200,0
2014-07-24,16:05:00,8.14,8.14,8.14,8.14,500,0
2014-07-24,17:20:00,7.98,8.07,7.98,8.03,1000,0
2014-07-24,17:40:00,7.92,8.0,7.92,8.0,200,0
2014-07-24,17:45:00,8.04,8.04,7.91,7.91,400,0
2014-07-24,20:55:00,7.93,7.93,7.9,7.91,2242,0
2014-07-24,22:00:00,7.95,7.95,7.95,7.95,100,0
2014-07-25,19:50:00,7.95,7.95,7.95,7.95,500,0
2014-07-25,19:55:00,7.96,7.96,7.96,7.96,200,0
2014-07-25,21:10:00,8.1486,8.15,8.1486,8.15,1000,0
2014-07-25,21:25:00,8.0118,8.0118,8.0118,8.0118,498,0
2014-07-25,21:35:00,8.12,8.15,8.12,8.15,400,0
2014-07-28,16:05:00,8.14,8.14,8.14,8.14,100,0
2014-07-28,16:55:00,8.139,8.14,8.12,8.14,8200,0
2014-07-28,17:55:00,8.12,8.22,8.12,8.15,3700,0
2014-07-28,20:50:00,8.1804,8.1804,8.1804,8.1804,100,0
2014-07-28,22:00:00,8.18,8.18,8.17,8.17,400,0
2014-07-29,17:00:00,8.16,8.16,8.16,8.16,314,0
2014-07-29,17:10:00,8.16,8.16,8.16,8.16,100,0
2014-07-29,17:55:00,8.16,8.16,8.16,8.16,400,0
2014-07-29,18:25:00,8.16,8.16,8.16,8.16,1200,0
2014-07-29,21:35:00,8.159,8.16,8.159,8.16,3000,0
2014-07-30,17:50:00,8.16,8.16,8.16,8.16,399,0
2014-07-30,20:25:00,7.898,7.898,7.898,7.898,126,0
2014-07-30,21:00:00,7.89,7.91,7.85,7.88,4583,0
2014-07-31,17:05:00,8.15,8.15,8.01,8.01,400,0
2014-07-31,20:20:00,7.94,8.12,7.94,8.12,400,0
2014-07-31,20:30:00,7.91,7.93,7.91,7.93,1300,0
2014-07-31,20:35:00,7.96,8.09,7.9,7.9,600,0
2014-07-31,20:40:00,8.09,8.09,7.89,7.89,800,0
2014-07-31,20:45:00,8.09,8.09,7.9,7.91,1200,0
2014-07-31,20:50:00,7.97,7.97,7.97,7.97,100,0
2014-07-31,20:55:00,7.9,8.09,7.9,8.09,700,0
2014-07-31,21:05:00,7.9,8.05,7.9,8.05,1100,0
2014-07-31,21:10:00,8.03,8.03,8.03,8.03,900,0
2014-08-01,15:35:00,7.98,8.08,7.98,8.08,300,0
2014-08-01,15:40:00,7.9,8.1,7.9,7.97,500,0
2014-08-01,15:45:00,8.1497,8.1497,7.97,8.09,1500,0
2014-08-01,15:50:00,8.08,8.09,7.9,7.96,1000,0
2014-08-01,15:55:00,8.084,8.15,7.96,8.06,700,0
2014-08-01,16:00:00,7.96,8.15,7.956,8.06,600,0
2014-08-01,16:05:00,7.96,8.076,7.88,8.076,700,0
2014-08-01,16:10:00,7.89,8.01,7.89,8.01,699,0
2014-08-01,16:25:00,8.14,8.14,8.14,8.14,384,0
2014-08-01,22:00:00,7.86,7.86,7.86,7.86,155,0
2014-08-04,15:35:00,8.11,8.11,8.07,8.07,400,0
2014-08-04,15:40:00,7.966,8.06,7.9,8.06,500,0
2014-08-04,15:45:00,7.95,8.08,7.95,8.08,600,0
2014-08-04,15:50:00,7.89,8.076,7.89,8.076,500,0
2014-08-04,15:55:00,7.97,8.08,7.9,8.06,500,0
2014-08-04,16:00:00,7.966,8.04,7.966,8.04,600,0
2014-08-04,16:55:00,8.14,8.17,8.14,8.17,1600,0
2014-08-04,17:50:00,8.15,8.15,8.15,8.15,400,0
2014-08-04,21:00:00,8.16,8.16,8.16,8.16,900,0
2014-08-04,21:45:00,8.02,8.02,8.02,8.02,100,0
2014-08-05,15:35:00,8.06,8.06,7.9,8.01,1097,0
2014-08-05,15:40:00,8.07,8.08,7.96,8.08,1200,0
2014-08-05,15:45:00,7.99,8.09,7.91,8.02,900,0
2014-08-05,15:50:00,8.105,8.12,7.92,8.102,800,0
2014-08-05,15:55:00,8.03,8.1,8.0,8.1,800,0
2014-08-05,16:00:00,7.92,8.16,7.92,8.16,1200,0
2014-08-05,16:05:00,8.08,8.1,7.91,7.91,700,0
2014-08-05,16:10:00,8.03,8.11,7.94,8.06,1400,0
2014-08-05,16:15:00,8.04,8.04,8.04,8.04,300,0
2014-08-05,17:15:00,7.94,8.03,7.92,7.92,600,0
2014-08-05,17:20:00,8.042,8.08,8.04,8.05,684,0
2014-08-05,18:55:00,8.0,8.0,8.0,8.0,1000,0
2014-08-05,20:10:00,8.01,8.01,8.01,8.01,100,0
2014-08-05,21:30:00,8.0,8.0,8.0,8.0,145,0
2014-08-06,15:35:00,8.27,8.27,8.19,8.27,500,0
2014-08-06,15:40:00,8.05,8.26,8.05,8.05,1000,0
2014-08-06,15:45:00,8.17,8.27,8.05,8.18,700,0
2014-08-06,15:50:00,8.09,8.28,8.08,8.17,600,0
2014-08-06,15:55:00,8.08,8.18,8.03,8.05,700,0
2014-08-06,16:00:00,8.186,8.205,8.0,8.205,900,0
2014-08-06,16:05:00,8.04,8.18,8.04,8.06,500,0
2014-08-06,16:10:00,8.19,8.275,8.05,8.275,600,0
2014-08-06,16:15:00,8.04,8.2,8.04,8.2,500,0
2014-08-06,16:20:00,8.05,8.11,8.05,8.11,300,0
2014-08-06,16:25:00,8.16,8.16,8.04,8.04,400,0
2014-08-06,16:30:00,8.13,8.19,8.1,8.1,3258,0
2014-08-06,22:00:00,8.09,8.09,8.09,8.09,100,0
2014-08-07,15:35:00,8.04,8.21,8.04,8.145,900,0
2014-08-07,15:40:00,8.1,8.18,8.09,8.17,1500,0
2014-08-07,15:45:00,8.08,8.08,8.06,8.06,700,0
2014-08-07,15:50:00,8.17,8.17,8.06,8.09,700,0
2014-08-07,16:50:00,8.05,8.09,8.05,8.09,500,0
2014-08-07,19:20:00,8.02,8.1,8.02,8.1,200,0
2014-08-07,19:25:00,8.17,8.19,8.03,8.19,800,0
2014-08-07,19:30:00,8.18,8.18,8.1,8.1,398,0
2014-08-07,22:00:00,8.01,8.01,8.01,8.01,100,0
2014-08-08,15:35:00,8.05,8.17,8.05,8.1,500,0
2014-08-08,16:50:00,8.12,8.12,8.12,8.12,200,0
2014-08-08,17:30:00,8.15,8.15,8.15,8.15,300,0
2014-08-11,15:35:00,8.02,8.02,8.02,8.02,100,0
2014-08-11,15:50:00,8.12,8.12,8.12,8.12,100,0
2014-08-11,17:45:00,8.06,8.09,8.06,8.09,900,0
2014-08-12,16:05:00,8.17,8.17,8.01,8.0746,925,0
2014-08-12,18:00:00,8.1276,8.1276,8.1276,8.1276,1000,0
2014-08-12,19:20:00,8.14,8.14,8.14,8.14,402,0
2014-08-12,21:45:00,8.1378,8.1378,8.1378,8.1378,100,0
2014-08-12,21:50:00,8.1378,8.1378,8.1378,8.1378,200,0
2014-08-12,21:55:00,8.12,8.12,8.12,8.12,100,0
2014-08-12,22:00:00,8.12,8.12,8.12,8.12,300,0
2014-08-13,18:00:00,8.14,8.14,8.14,8.14,700,0
2014-08-13,20:25:00,8.1,8.1,8.1,8.1,6200,0
2014-08-13,21:50:00,8.0799,8.08,8.0799,8.08,1203,0
2014-08-13,22:00:00,8.09,8.09,8.09,8.09,200,0
2014-08-14,17:00:00,8.1,8.1,8.1,8.1,300,0
2014-08-14,17:35:00,8.1,8.1,8.1,8.1,900,0
2014-08-14,17:40:00,8.0934,8.0934,8.0934,8.0934,500,0
2014-08-14,18:05:00,8.0934,8.0934,8.0934,8.0934,1000,0
2014-08-14,18:25:00,8.0999,8.0999,8.0999,8.0999,8000,0
2014-08-14,21:45:00,8.09,8.09,8.09,8.09,200,0
2014-08-15,16:05:00,8.1,8.1,8.1,8.1,300,0
2014-08-18,16:05:00,8.1,8.1,8.1,8.1,100,0
2014-08-18,17:45:00,8.1,8.1,8.1,8.1,500,0
2014-08-18,20:25:00,8.0101,8.0101,8.0101,8.0101,300,0
2014-08-19,18:20:00,8.1,8.1,8.1,8.1,500,0
2014-08-19,21:15:00,8.0701,8.0701,8.0701,8.0701,100,0
2014-08-19,21:25:00,8.07,8.07,8.07,8.07,500,0
2014-08-20,16:05:00,8.1,8.1,8.1,8.1,100,0
2014-08-21,18:05:00,8.17,8.17,8.17,8.17,200,0
2014-08-25,18:00:00,8.18,8.18,8.1,8.1,953,0
2014-08-25,21:20:00,8.13,8.13,8.13,8.13,400,0
2014-08-26,16:10:00,8.18,8.18,8.18,8.18,300,0
2014-08-26,16:45:00,7.93,8.102,7.93,8.1,900,0
2014-08-26,16:50:00,8.1,8.1,7.93,8.1,1100,0
2014-08-26,16:55:00,8.08,8.08,8.08,8.08,1398,0
2014-08-26,17:40:00,8.1627,8.1701,8.1599,8.17,11113,0
2014-08-26,18:10:00,8.15,8.15,8.15,8.15,300,0
2014-08-26,21:00:00,8.1799,8.18,8.1799,8.18,900,0
2014-08-26,21:20:00,8.18,8.18,8.18,8.18,200,0
2014-08-26,21:25:00,8.16,8.16,8.16,8.16,900,0
2014-08-26,21:40:00,8.16,8.16,8.16,8.16,500,0
2014-08-27,16:05:00,8.18,8.18,8.18,8.18,500,0
2014-08-27,16:15:00,8.12,8.12,8.12,8.12,127,0
2014-08-27,17:10:00,8.1101,8.1101,8.1101,8.1101,500,0
2014-08-27,21:50:00,8.12,8.12,8.11,8.11,800,0
2014-08-28,19:00:00,8.17,8.17,8.17,8.17,100,0
2014-08-28,21:40:00,8.1,8.1,8.1,8.1,800,0
2014-08-29,16:45:00,8.11,8.11,8.1,8.1,4798,0
2014-08-29,20:20:00,8.05,8.05,8.05,8.05,5000,0
2014-08-29,20:25:00,8.05,8.05,8.049,8.05,1500,0
2014-08-29,22:00:00,8.02,8.02,8.0,8.0,1000,0
2014-09-02,15:55:00,8.04,8.04,8.02,8.02,1700,0
2014-09-02,16:15:00,8.07,8.07,8.01,8.01,3549,0
2014-09-02,19:25:00,8.0,8.0,8.0,8.0,1500,0
2014-09-02,22:00:00,7.95,7.95,7.95,7.95,500,0
2014-09-03,16:25:00,7.89,7.89,7.89,7.89,400,0
2014-09-03,17:25:00,7.99,7.99,7.99,7.99,200,0
2014-09-04,22:00:00,7.99,7.99,7.99,7.99,200,0
2014-09-05,17:15:00,7.9,7.9,7.75,7.75,3900,0
2014-09-05,17:20:00,7.624,7.624,7.624,7.624,1994,0
2014-09-05,17:25:00,7.6,7.6,7.6,7.6,1000,0
2014-09-05,17:40:00,7.71,7.71,7.71,7.71,200,0
2014-09-05,17:45:00,7.737,7.78,7.737,7.78,3160,0
2014-09-05,17:50:00,7.84,7.84,7.84,7.84,500,0
2014-09-05,17:55:00,7.84,7.9,7.84,7.9,2380,0
2014-09-05,18:10:00,7.93,7.96,7.93,7.96,6350,0
2014-09-05,20:05:00,7.8119,7.8119,7.8119,7.8119,100,0
2014-09-08,16:15:00,7.9766,7.9766,7.9766,7.9766,100,0
2014-09-08,16:25:00,7.98,7.98,7.98,7.98,200,0
2014-09-08,16:30:00,7.99,7.99,7.98,7.98,200,0
2014-09-08,16:45:00,7.99,7.99,7.99,7.99,300,0
2014-09-08,17:05:00,7.99,7.99,7.99,7.99,100,0
2014-09-08,17:15:00,7.99,8.0,7.99,7.9901,800,0
2014-09-08,17:20:00,8.0,8.0,7.999,8.0,6695,0
2014-09-08,17:40:00,8.0,8.0,8.0,8.0,400,0
2014-09-08,18:00:00,8.0,8.0,8.0,8.0,640,0
2014-09-08,18:05:00,8.0,8.0,8.0,8.0,100,0
2014-09-08,18:10:00,8.0,8.0,8.0,8.0,300,0
2014-09-08,18:20:00,8.0,8.0,8.0,8.0,100,0
2014-09-08,18:25:00,8.0,8.0,8.0,8.0,300,0
2014-09-08,18:35:00,8.0,8.0,8.0,8.0,100,0
2014-09-08,18:50:00,8.0,8.0,8.0,8.0,200,0
2014-09-08,19:05:00,8.0,8.0,8.0,8.0,100,0
2014-09-08,19:20:00,8.0,8.0,8.0,8.0,100,0
2014-09-08,19:30:00,8.0,8.0,8.0,8.0,100,0
2014-09-08,19:40:00,8.0,8.0,8.0,8.0,100,0
2014-09-08,19:45:00,8.0,8.0,8.0,8.0,200,0
2014-09-08,19:55:00,8.0,8.0,8.0,8.0,200,0
2014-09-08,20:05:00,8.0,8.0,8.0,8.0,300,0
2014-09-08,20:35:00,8.0,8.0,8.0,8.0,300,0
2014-09-08,20:50:00,8.0,8.0,8.0,8.0,300,0
2014-09-08,21:05:00,8.0,8.0,8.0,8.0,300,0
2014-09-08,21:10:00,8.0,8.0,8.0,8.0,100,0
2014-09-08,21:20:00,8.0,8.0,8.0,8.0,300,0
2014-09-08,21:25:00,8.0,8.0,8.0,8.0,300,0
2014-09-08,21:35:00,8.0,8.0,8.0,8.0,100,0
2014-09-08,21:40:00,8.0,8.0,8.0,8.0,400,0
2014-09-08,21:45:00,8.0,8.0,8.0,8.0,3922,0
2014-09-08,21:50:00,8.0,8.0,7.99,7.99,700,0
2014-09-08,21:55:00,8.06,8.06,8.06,8.06,100,0
2014-09-08,22:00:00,8.06,8.08,8.06,8.08,800,0
2014-09-09,16:05:00,8.12,8.12,8.11,8.12,300,0
2014-09-09,16:10:00,8.09,8.1,7.97,8.0601,2206,0
2014-09-09,16:20:00,8.17,8.17,8.01,8.01,1000,0
2014-09-09,16:45:00,7.95,7.95,7.95,7.95,200,0
2014-09-09,17:00:00,7.95,7.95,7.95,7.95,300,0
2014-09-09,17:10:00,8.16,8.16,8.16,8.16,100,0
2014-09-09,17:35:00,7.95,7.95,7.95,7.95,100,0
2014-09-09,17:45:00,8.16,8.16,8.16,8.16,200,0
2014-09-09,17:50:00,8.06,8.06,8.06,8.06,1200,0
2014-09-09,17:55:00,8.17,8.17,8.17,8.17,100,0
2014-09-09,18:00:00,8.1,8.1,8.1,8.1,100,0
2014-09-09,18:05:00,8.16,8.16,8.16,8.16,100,0
2014-09-09,18:15:00,8.17,8.17,8.17,8.17,100,0
2014-09-09,18:30:00,8.17,8.17,8.17,8.17,100,0
2014-09-09,18:45:00,8.17,8.17,7.82,7.82,300,0
2014-09-09,18:50:00,8.17,8.17,8.17,8.17,100,0
2014-09-09,18:55:00,8.1,8.1,8.09,8.09,892,0
2014-09-09,19:15:00,8.1,8.1,8.1,8.1,500,0
2014-09-09,19:20:00,8.17,8.17,8.17,8.17,100,0
2014-09-09,19:40:00,8.17,8.18,8.17,8.18,300,0
2014-09-09,19:55:00,8.18,8.18,8.18,8.18,100,0
2014-09-09,20:05:00,8.18,8.18,8.18,8.18,100,0
2014-09-09,20:15:00,8.18,8.18,8.18,8.18,100,0
2014-09-09,20:25:00,8.18,8.18,8.18,8.18,300,0
2014-09-09,20:40:00,8.18,8.18,8.18,8.18,300,0
2014-09-09,20:45:00,8.18,8.18,8.18,8.18,100,0
2014-09-09,20:50:00,8.18,8.18,8.18,8.18,100,0
2014-09-09,20:55:00,8.18,8.18,8.18,8.18,500,0
2014-09-09,21:00:00,8.18,8.18,8.18,8.18,300,0
2014-09-09,21:15:00,8.18,8.18,8.18,8.18,200,0
2014-09-09,21:25:00,8.18,8.18,8.18,8.18,100,0
2014-09-09,21:30:00,8.18,8.18,8.18,8.18,100,0
2014-09-09,21:35:00,8.18,8.18,8.18,8.18,400,0
2014-09-09,21:40:00,8.19,8.2,8.19,8.2,500,0
2014-09-09,21:45:00,8.19,8.19,8.19,8.19,200,0
2014-09-09,21:50:00,8.19,8.19,8.19,8.19,100,0
2014-09-09,21:55:00,8.19,8.2,8.19,8.19,500,0
2014-09-09,22:00:00,8.19,8.2,8.19,8.19,2208,0
2014-09-10,16:25:00,8.2,8.2,8.048,8.1505,2600,0
2014-09-10,16:30:00,8.11,8.11,7.95,7.98,1500,0
2014-09-10,16:35:00,8.12,8.15,7.99,7.99,700,0
2014-09-10,16:40:00,8.19,8.2,8.17,8.17,2600,0
2014-09-10,16:45:00,8.2,8.2,8.2,8.2,200,0
2014-09-10,16:55:00,8.2,8.2,8.2,8.2,100,0
2014-09-10,17:05:00,8.2,8.2,8.2,8.2,100,0
2014-09-10,17:15:00,8.2,8.2,8.2,8.2,200,0
2014-09-10,17:20:00,8.2,8.2,8.2,8.2,100,0
2014-09-10,17:30:00,8.2,8.2,8.2,8.2,100,0
2014-09-10,17:40:00,8.2,8.2,8.2,8.2,100,0
2014-09-10,17:50:00,8.2,8.2,8.04,8.04,300,0
2014-09-10,17:55:00,8.2,8.2,8.2,8.2,100,0
2014-09-10,18:05:00,8.2,8.2,8.2,8.2,100,0
2014-09-10,18:20:00,8.2,8.2,8.2,8.2,200,0
2014-09-10,18:35:00,8.2,8.2,8.2,8.2,200,0
2014-09-10,18:50:00,8.2,8.2,8.2,8.2,100,0
2014-09-10,18:55:00,8.2,8.2,8.03,8.03,1240,0
2014-09-10,19:05:00,8.2,8.2,8.2,8.2,100,0
2014-09-10,19:15:00,8.2,8.2,8.2,8.2,200,0
2014-09-10,19:20:00,8.2,8.2,8.2,8.2,100,0
2014-09-10,19:25:00,8.2,8.2,8.2,8.2,100,0
2014-09-10,19:40:00,8.2,8.2,8.2,8.2,100,0
2014-09-10,19:55:00,8.2,8.2,8.2,8.2,200,0
2014-09-10,20:00:00,8.2,8.2,8.2,8.2,100,0
2014-09-10,20:10:00,8.2,8.2,8.2,8.2,100,0
2014-09-10,20:20:00,8.2,8.2,8.2,8.2,100,0
2014-09-10,20:30:00,8.2,8.2,8.2,8.2,100,0
2014-09-10,20:35:00,8.2,8.2,8.2,8.2,100,0
2014-09-10,20:40:00,8.2,8.2,8.2,8.2,200,0
2014-09-10,20:50:00,8.2,8.2,8.2,8.2,100,0
2014-09-10,21:00:00,8.2,8.2,8.2,8.2,100,0
2014-09-10,21:05:00,8.2,8.2,8.2,8.2,400,0
2014-09-10,21:10:00,8.24,8.24,8.24,8.24,100,0
2014-09-10,21:15:00,8.29,8.29,8.29,8.29,100,0
2014-09-10,21:25:00,8.29,8.29,8.29,8.29,100,0
2014-09-10,21:30:00,8.29,8.29,8.29,8.29,100,0
2014-09-10,21:35:00,8.29,8.29,8.29,8.29,200,0
2014-09-10,21:40:00,8.29,8.29,8.29,8.29,100,0
2014-09-10,21:45:00,8.29,8.29,8.29,8.29,100,0
2014-09-10,21:55:00,8.31,8.31,8.31,8.31,100,0
2014-09-10,22:00:00,8.31,8.32,8.31,8.32,1600,0
2014-09-11,16:50:00,8.33,8.33,8.33,8.33,100,0
2014-09-11,17:00:00,8.33,8.33,8.33,8.33,600,0
2014-09-11,17:40:00,8.35,8.35,8.35,8.35,100,0
2014-09-11,18:00:00,8.35,8.35,8.35,8.35,100,0
2014-09-11,18:10:00,8.25,8.35,8.25,8.25,3498,0
2014-09-11,18:25:00,8.35,8.35,8.35,8.35,100,0
2014-09-11,18:50:00,8.35,8.35,8.35,8.35,100,0
2014-09-11,19:15:00,8.35,8.35,8.35,8.35,300,0
2014-09-11,19:20:00,8.35,8.35,8.35,8.35,100,0
2014-09-11,19:40:00,8.35,8.35,8.35,8.35,100,0
2014-09-11,20:05:00,8.35,8.35,8.35,8.35,100,0
2014-09-11,20:30:00,8.35,8.35,8.35,8.35,100,0
2014-09-11,20:40:00,8.24,8.24,8.24,8.24,100,0
2014-09-11,21:10:00,8.115,8.35,8.115,8.35,300,0
2014-09-11,21:15:00,8.13,8.13,8.12,8.12,300,0
2014-09-11,21:30:00,8.35,8.35,8.11,8.11,300,0
2014-09-11,21:35:00,8.32,8.32,8.32,8.32,100,0
2014-09-11,21:40:00,8.12,8.23,8.12,8.23,200,0
2014-09-11,21:50:00,8.35,8.35,8.3,8.3,200,0
2014-09-11,22:00:00,8.35,8.35,8.33,8.33,510,0
2014-09-12,16:45:00,8.33,8.33,8.33,8.33,200,0
2014-09-12,16:55:00,8.33,8.33,8.33,8.33,300,0
2014-09-12,17:05:00,8.35,8.35,8.35,8.35,100,0
2014-09-12,17:25:00,8.35,8.35,8.35,8.35,100,0
2014-09-12,17:45:00,8.34,8.34,8.34,8.34,100,0
2014-09-12,17:50:00,8.34,8.34,8.34,8.34,600,0
2014-09-12,18:20:00,8.31,8.35,8.31,8.35,1541,0
2014-09-12,18:40:00,8.35,8.35,8.35,8.35,100,0
2014-09-12,19:05:00,8.3458,8.3458,8.3458,8.3458,100,0
2014-09-12,19:10:00,8.35,8.35,8.35,8.35,100,0
2014-09-12,19:40:00,8.35,8.35,8.35,8.35,100,0
2014-09-12,20:05:00,8.35,8.35,8.35,8.35,100,0
2014-09-12,20:30:00,8.35,8.35,8.35,8.35,500,0
2014-09-12,20:55:00,8.35,8.35,8.35,8.35,100,0
2014-09-12,21:05:00,8.3458,8.3458,8.3458,8.3458,200,0
2014-09-12,21:20:00,8.35,8.35,8.35,8.35,100,0
2014-09-12,21:25:00,8.35,8.35,8.35,8.35,100,0
2014-09-12,21:35:00,8.35,8.35,8.35,8.35,100,0
2014-09-12,21:50:00,8.35,8.35,8.3465,8.3465,300,0
2014-09-12,22:00:00,8.35,8.4,8.325,8.4,850,0
2014-09-15,15:55:00,8.35,8.35,8.35,8.35,992,0
2014-09-15,16:05:00,8.35,8.35,8.35,8.35,100,0
2014-09-15,16:10:00,8.35,8.35,8.35,8.35,100,0
2014-09-15,16:15:00,8.35,8.35,8.35,8.35,200,0
2014-09-15,16:20:00,8.35,8.35,8.35,8.35,100,0
2014-09-15,16:25:00,8.35,8.35,8.35,8.35,300,0
2014-09-15,16:35:00,8.35,8.35,8.35,8.35,300,0
2014-09-15,16:45:00,8.35,8.35,8.35,8.35,100,0
2014-09-15,16:55:00,8.34,8.34,8.34,8.34,100,0
2014-09-15,17:00:00,8.34,8.35,8.34,8.35,200,0
2014-09-15,17:10:00,8.35,8.35,8.35,8.35,100,0
2014-09-15,17:15:00,8.35,8.35,8.35,8.35,100,0
2014-09-15,17:20:00,8.35,8.35,8.35,8.35,100,0
2014-09-15,17:30:00,8.35,8.35,8.35,8.35,100,0
2014-09-15,17:40:00,8.35,8.35,8.35,8.35,100,0
2014-09-15,17:45:00,8.35,8.35,8.35,8.35,100,0
2014-09-15,17:55:00,8.35,8.35,8.35,8.35,100,0
2014-09-15,18:00:00,8.35,8.35,8.35,8.35,100,0
2014-09-15,18:05:00,8.35,8.35,8.35,8.35,100,0
2014-09-15,18:10:00,8.35,8.35,8.35,8.35,100,0
2014-09-15,18:20:00,8.35,8.35,8.35,8.35,200,0
2014-09-15,18:30:00,8.45,8.45,8.45,8.45,100,0
2014-09-15,18:40:00,8.45,8.45,8.45,8.45,100,0
2014-09-15,18:55:00,8.4,8.4,8.4,8.4,100,0
2014-09-15,19:05:00,8.4,8.4,8.4,8.4,100,0
2014-09-15,19:15:00,8.4,8.4,8.4,8.4,100,0
2014-09-15,19:25:00,8.4,8.4,8.4,8.4,100,0
2014-09-15,19:35:00,8.4,8.4,8.4,8.4,200,0
2014-09-15,19:45:00,8.4,8.4,8.4,8.4,200,0
2014-09-15,19:55:00,8.4,8.4,8.4,8.4,100,0
2014-09-15,20:05:00,8.4,8.4,8.4,8.4,100,0
2014-09-15,20:10:00,8.4,8.4,8.4,8.4,100,0
2014-09-15,20:20:00,8.38,8.38,8.38,8.38,100,0
2014-09-15,20:30:00,8.38,8.38,8.38,8.38,100,0
2014-09-15,20:40:00,8.38,8.38,8.38,8.38,100,0
2014-09-15,20:45:00,8.38,8.38,8.38,8.38,100,0
2014-09-15,20:55:00,8.38,8.38,8.38,8.38,100,0
2014-09-15,21:05:00,8.38,8.38,8.38,8.38,100,0
2014-09-15,21:10:00,8.38,8.38,8.38,8.38,100,0
2014-09-15,21:15:00,8.38,8.38,8.38,8.38,100,0
2014-09-15,21:25:00,8.38,8.38,8.38,8.38,100,0
2014-09-15,21:30:00,8.38,8.38,8.38,8.38,200,0
2014-09-15,21:35:00,8.38,8.4,8.38,8.4,200,0
2014-09-15,21:40:00,8.4,8.4,8.4,8.4,100,0
2014-09-15,21:45:00,8.4,8.4,8.4,8.4,100,0
2014-09-15,21:50:00,8.4,8.4,8.4,8.4,300,0
2014-09-15,21:55:00,8.4,8.4,8.4,8.4,300,0
2014-09-15,22:00:00,8.4,8.41,8.4,8.41,1200,0
2014-09-16,16:05:00,8.38,8.38,8.38,8.38,300,0
2014-09-16,16:45:00,8.4,8.4,8.4,8.4,400,0
2014-09-16,17:10:00,8.4,8.4,8.39,8.39,1400,0
2014-09-16,17:15:00,8.38,8.4,8.31,8.4,1969,0
2014-09-16,17:25:00,8.39,8.39,8.39,8.39,100,0
2014-09-16,17:30:00,8.39,8.39,8.39,8.39,100,0
2014-09-16,17:40:00,8.39,8.39,8.39,8.39,200,0
2014-09-16,18:20:00,8.39,8.39,8.39,8.39,100,0
2014-09-16,18:30:00,8.39,8.4,8.39,8.4,1316,0
2014-09-16,19:10:00,8.4,8.4,8.4,8.4,100,0
2014-09-16,20:40:00,8.4,8.4,8.4,8.4,200,0
2014-09-16,21:30:00,8.31,8.31,8.31,8.31,200,0
2014-09-16,21:45:00,8.4,8.4,8.4,8.4,100,0
2014-09-16,22:00:00,8.4,8.4,8.39,8.4,400,0
2014-09-17,16:15:00,8.4,8.4,8.4,8.4,100,0
2014-09-17,16:25:00,8.4,8.4,8.4,8.4,300,0
2014-09-17,18:00:00,8.4,8.4,8.4,8.4,500,0
2014-09-17,19:10:00,8.4,8.4,8.4,8.4,200,0
2014-09-17,19:40:00,8.4,8.4,8.4,8.4,400,0
2014-09-17,20:50:00,8.4,8.4,8.335,8.335,800,0
2014-09-17,20:55:00,8.21,8.35,8.21,8.26,1600,0
2014-09-17,21:15:00,8.4,8.4,8.4,8.4,200,0
2014-09-17,21:40:00,8.4,8.4,8.4,8.4,100,0
2014-09-17,21:45:00,8.25,8.25,8.25,8.25,100,0
2014-09-17,21:50:00,8.4,8.4,8.25,8.25,400,0
2014-09-17,21:55:00,8.25,8.25,8.25,8.25,100,0
2014-09-17,22:00:00,8.395,8.395,8.25,8.25,300,0
2014-09-18,17:30:00,8.35,8.39,8.25,8.35,1600,0
2014-09-18,17:35:00,8.38,8.39,8.37,8.37,1401,0
2014-09-18,17:40:00,8.4,8.4,8.4,8.4,100,0
2014-09-18,18:20:00,8.4,8.4,8.4,8.4,100,0
2014-09-18,18:25:00,8.4,8.4,8.4,8.4,100,0
2014-09-18,18:35:00,8.4,8.4,8.4,8.4,100,0
2014-09-18,19:15:00,8.4,8.4,8.4,8.4,237,0
2014-09-18,19:45:00,8.45,8.45,8.45,8.45,200,0
2014-09-18,20:55:00,8.42,8.42,8.42,8.42,600,0
2014-09-18,21:20:00,8.4001,8.41,8.4,8.41,2001,0
2014-09-18,21:25:00,8.41,8.41,8.4,8.4001,3000,0
2014-09-18,21:30:00,8.45,8.45,8.45,8.45,100,0
2014-09-18,21:35:00,8.45,8.45,8.45,8.45,100,0
2014-09-18,21:40:00,8.45,8.45,8.45,8.45,200,0
2014-09-18,21:45:00,8.45,8.45,8.45,8.45,200,0
2014-09-18,21:50:00,8.45,8.46,8.45,8.46,700,0
2014-09-18,21:55:00,8.46,8.46,8.46,8.46,400,0
2014-09-18,22:00:00,8.46,8.46,8.41,8.41,2383,0
2014-09-19,16:15:00,8.45,8.45,8.45,8.45,200,0
2014-09-19,16:25:00,8.46,8.46,8.46,8.46,200,0
2014-09-19,16:40:00,8.32,8.5,8.31,8.33,1600,0
2014-09-19,16:45:00,8.5,8.5,8.36,8.36,1600,0
2014-09-19,16:50:00,8.314,8.42,8.314,8.42,1500,0
2014-09-19,16:55:00,8.33,8.45,8.27,8.45,2100,0
2014-09-19,17:00:00,8.35,8.36,8.3,8.3,600,0
2014-09-19,17:10:00,8.35,8.45,8.28,8.45,900,0
2014-09-19,17:15:00,8.43,8.43,8.1474,8.355,2200,0
2014-09-19,17:20:00,8.282,8.43,8.282,8.37,2000,0
2014-09-19,17:25:00,8.28,8.41,8.26,8.4001,2700,0
2014-09-19,17:30:00,8.37,8.37,8.34,8.34,1299,0
2014-09-19,17:55:00,8.4,8.4,8.4,8.4,1205,0
2014-09-19,18:10:00,8.4,8.4,8.4,8.4,100,0
2014-09-19,18:15:00,8.11,8.11,8.11,8.11,400,0
2014-09-19,18:25:00,8.14,8.14,8.14,8.14,100,0
2014-09-19,18:30:00,8.4,8.4,8.4,8.4,100,0
2014-09-19,18:35:00,8.18,8.39,8.18,8.39,200,0
2014-09-19,19:10:00,8.38,8.38,8.38,8.38,100,0
2014-09-19,19:30:00,8.39,8.39,8.39,8.39,300,0
2014-09-19,19:55:00,8.22,8.4,8.22,8.4,300,0
2014-09-19,20:30:00,8.4,8.4,8.4,8.4,200,0
2014-09-19,20:55:00,8.2001,8.21,8.2001,8.21,1600,0
2014-09-19,21:10:00,8.3,8.3,8.2,8.2,400,0
2014-09-19,21:30:00,8.2,8.2,8.2,8.2,300,0
2014-09-19,21:35:00,8.2,8.2,8.2,8.2,100,0
2014-09-19,21:50:00,8.2,8.2,8.2,8.2,100,0
2014-09-19,21:55:00,8.1,8.1,7.73,7.73,7852,0
2014-09-19,22:00:00,7.84,7.84,7.84,7.84,466,0
2014-09-22,15:50:00,7.77,7.77,7.77,7.77,100,0
2014-09-22,16:00:00,7.99,7.99,7.99,7.99,100,0
2014-09-22,16:05:00,7.99,7.9995,7.78,7.9995,7722,0
2014-09-22,16:10:00,7.75,7.78,7.75,7.78,400,0
2014-09-22,16:40:00,7.94,7.95,7.94,7.95,1200,0
2014-09-22,16:45:00,7.94,7.949,7.855,7.855,1300,0
2014-09-22,16:50:00,7.89,7.89,7.89,7.89,100,0
2014-09-22,17:00:00,7.87,7.87,7.87,7.87,400,0
2014-09-22,17:05:00,7.87,7.87,7.87,7.87,400,0
2014-09-22,17:20:00,7.87,7.87,7.87,7.87,200,0
2014-09-22,17:30:00,7.87,7.87,7.87,7.87,200,0
2014-09-22,18:00:00,7.87,7.87,7.87,7.87,100,0
2014-09-22,18:35:00,7.88,7.88,7.88,7.88,100,0
2014-09-22,18:55:00,7.91,7.91,7.91,7.91,700,0
2014-09-22,19:00:00,7.88,7.88,7.88,7.88,100,0
2014-09-22,19:15:00,7.89,7.89,7.89,7.89,100,0
2014-09-22,19:50:00,7.89,7.89,7.89,7.89,200,0
2014-09-22,20:00:00,7.9,7.9,7.9,7.9,100,0
2014-09-22,20:25:00,7.89,7.89,7.89,7.89,100,0
2014-09-22,20:30:00,7.89,7.89,7.89,7.89,100,0
2014-09-22,21:05:00,7.91,7.91,7.91,7.91,500,0
2014-09-22,21:15:00,7.89,7.89,7.89,7.89,400,0
2014-09-22,21:20:00,7.89,7.89,7.89,7.89,200,0
2014-09-22,21:25:00,7.89,7.89,7.89,7.89,100,0
2014-09-22,21:55:00,7.89,7.89,7.89,7.89,100,0
2014-09-22,22:00:00,7.84,7.84,7.81,7.81,600,0
2014-09-23,16:40:00,7.8185,7.8185,7.8185,7.8185,800,0
2014-09-23,16:55:00,7.81,7.81,7.81,7.81,126,0
2014-09-23,17:05:00,7.81,7.81,7.81,7.81,300,0
2014-09-23,17:10:00,7.81,7.81,7.81,7.81,100,0
2014-09-23,17:30:00,7.81,7.81,7.8,7.8,400,0
2014-09-23,18:10:00,7.81,7.81,7.81,7.81,300,0
2014-09-23,18:35:00,7.84,7.84,7.8399,7.8399,400,0
2014-09-23,19:15:00,7.81,7.81,7.81,7.81,100,0
2014-09-23,21:05:00,7.88,7.88,7.88,7.88,300,0
2014-09-23,21:35:00,7.88,7.88,7.88,7.88,100,0
2014-09-23,22:00:00,7.88,7.88,7.88,7.88,200,0
2014-09-24,15:35:00,7.88,7.88,7.88,7.88,200,0
2014-09-24,17:55:00,7.84,7.84,7.825,7.825,300,0
2014-09-24,18:20:00,7.82,7.82,7.82,7.82,200,0
2014-09-24,22:00:00,7.84,7.84,7.8,7.8,500,0
2014-09-25,18:25:00,7.81,7.81,7.8,7.8,678,0
2014-09-25,18:55:00,7.8,7.8,7.8,7.8,224,0
2014-09-25,21:30:00,7.8,7.8,7.8,7.8,100,0
2014-09-25,22:00:00,7.84,7.84,7.8,7.8,300,0
2014-09-26,15:55:00,7.8,7.8,7.8,7.8,624,0
2014-09-26,21:30:00,7.829,7.83,7.8,7.818,1100,0
2014-09-26,22:00:00,7.8,7.84,7.8,7.8,500,0
2014-09-29,16:50:00,7.829,7.829,7.81,7.81,400,0
2014-09-29,20:15:00,7.8001,7.8001,7.8001,7.8001,296,0
2014-09-29,22:00:00,7.8,7.8,7.8,7.8,100,0
2014-09-30,21:15:00,7.82,7.9,7.82,7.9,1892,0
2014-09-30,21:20:00,7.83,7.83,7.8,7.8,2000,0
2014-09-30,21:25:00,7.8,7.82,7.8,7.82,1120,0
2014-10-02,16:55:00,7.85,7.86,7.85,7.86,686,0
2014-10-02,17:25:00,7.81,7.81,7.8,7.8,399,0
2014-10-02,18:05:00,7.8,7.8,7.8,7.8,100,0
2014-10-03,16:10:00,7.82,7.82,7.82,7.82,200,0
2014-10-03,19:05:00,7.93,7.93,7.8,7.8,412,0
2014-10-03,20:00:00,7.92,7.92,7.92,7.92,300,0
2014-10-07,15:40:00,7.76,7.76,7.76,7.76,238,0
2014-10-07,15:45:00,7.94,7.94,7.94,7.94,100,0
2014-10-07,15:55:00,7.9301,7.9301,7.9301,7.9301,100,0
2014-10-07,16:25:00,7.93,7.93,7.93,7.93,100,0
2014-10-07,16:55:00,7.93,7.93,7.93,7.93,300,0
2014-10-07,17:50:00,7.87,7.87,7.87,7.87,700,0
2014-10-07,17:55:00,7.84,7.84,7.81,7.81,566,0
2014-10-07,22:00:00,7.875,7.875,7.875,7.875,100,0
2014-10-09,20:40:00,7.84,7.8401,7.84,7.8401,2787,0
2014-10-09,21:45:00,7.91,7.91,7.91,7.91,100,0
2014-10-10,18:05:00,7.77,7.775,7.75,7.75,3295,0
2014-10-10,18:20:00,7.78,7.785,7.77,7.785,4385,0
2014-10-13,19:40:00,7.76,7.76,7.69,7.69,905,0
2014-10-13,20:20:00,7.809,7.809,7.809,7.809,200,0
2014-10-13,21:25:00,7.8099,7.8099,7.8099,7.8099,1000,0
2014-10-13,21:40:00,7.82,7.82,7.82,7.82,1100,0
2014-10-15,15:35:00,7.82,7.82,7.82,7.82,300,0
2014-10-15,17:00:00,7.67,7.67,7.67,7.67,100,0
2014-10-15,17:10:00,7.74,7.74,7.74,7.74,200,0
2014-10-15,19:25:00,7.67,7.67,7.65,7.65,2580,0
2014-10-15,19:35:00,7.57,7.57,7.57,7.57,100,0
2014-10-15,20:45:00,7.65,7.65,7.65,7.65,200,0
2014-10-15,20:50:00,7.581,7.581,7.581,7.581,100,0
2014-10-16,15:40:00,7.5999,7.6,7.5999,7.5999,800,0
2014-10-16,16:25:00,7.52,7.52,7.52,7.52,300,0
2014-10-17,15:35:00,7.55,7.55,7.55,7.55,5000,0
2014-10-17,15:40:00,7.55,7.55,7.55,7.55,100,0
2014-10-17,15:50:00,7.55,7.55,7.55,7.55,100,0
2014-10-17,15:55:00,7.55,7.55,7.55,7.55,1800,0
2014-10-17,16:25:00,7.573,7.6,7.5705,7.6,1600,0
2014-10-17,16:45:00,7.7,7.7,7.7,7.7,100,0
2014-10-17,16:50:00,7.71,7.71,7.7,7.7,300,0
2014-10-17,17:05:00,7.76,7.76,7.7,7.7,400,0
2014-10-17,17:45:00,7.75,7.75,7.7,7.7,400,0
2014-10-17,18:55:00,7.77,7.77,7.77,7.77,400,0
2014-10-17,21:10:00,7.8,7.87,7.8,7.87,300,0
2014-10-17,21:25:00,7.745,7.745,7.73,7.73,200,0
2014-10-17,21:55:00,7.8,7.8,7.8,7.8,400,0
2014-10-20,18:30:00,7.534,7.534,7.52,7.52,633,0
2014-10-20,22:00:00,7.73,7.73,7.73,7.73,200,0
2014-10-23,21:55:00,7.7,7.7,7.7,7.7,100,0
2014-10-23,22:00:00,7.72,7.72,7.72,7.72,200,0
2014-10-24,19:30:00,7.65,7.65,7.65,7.65,500,0
2014-10-27,15:10:00,7.66,7.66,7.66,7.66,200,0
2014-10-27,16:25:00,7.65,7.65,7.65,7.65,200,0
2014-10-27,17:35:00,7.6505,7.6505,7.65,7.65,432,0
2014-10-27,19:10:00,7.65,7.65,7.65,7.65,475,0
2014-10-27,19:15:00,7.66,7.66,7.56,7.56,847,0
2014-10-27,19:30:00,7.62,7.62,7.62,7.62,600,0
2014-10-28,18:50:00,7.649,7.65,7.649,7.65,800,0
2014-10-28,21:00:00,7.65,7.65,7.65,7.65,500,0
2014-10-29,19:40:00,7.749,7.749,7.749,7.749,1400,0
2014-10-29,19:45:00,7.749,7.75,7.65,7.65,3600,0
2014-10-29,20:35:00,7.7,7.7,7.7,7.7,320,0
2014-10-29,20:50:00,7.6501,7.6501,7.6501,7.6501,517,0
2014-10-30,15:05:00,7.6752,7.6752,7.6752,7.6752,1500,0
2014-10-30,18:35:00,7.72,7.72,7.69,7.72,345,0
2014-10-30,20:05:00,7.72,7.72,7.72,7.72,800,0
2014-10-30,20:10:00,7.72,7.72,7.72,7.72,250,0
2014-10-31,14:35:00,7.75,7.75,7.75,7.75,300,0
2014-10-31,14:40:00,7.749,7.75,7.749,7.75,1406,0
2014-10-31,20:30:00,7.8201,7.8201,7.8201,7.8201,582,0
2014-11-03,15:40:00,7.9152,7.9152,7.9152,7.9152,1000,0
2014-11-03,16:15:00,7.892,7.892,7.892,7.892,1000,0
2014-11-03,16:25:00,7.8776,7.8776,7.8776,7.8776,500,0
2014-11-03,16:45:00,7.8776,7.8776,7.85,7.85,1100,0
2014-11-03,16:50:00,7.8647,7.8744,7.82,7.82,2100,0
2014-11-03,16:55:00,7.8744,7.8744,7.8744,7.8744,1500,0
2014-11-03,17:00:00,7.888,7.888,7.888,7.888,1000,0
2014-11-03,17:10:00,7.9053,7.9053,7.9053,7.9053,1100,0
2014-11-03,17:30:00,7.91,7.92,7.91,7.92,960,0
2014-11-04,15:45:00,7.85,7.8706,7.85,7.8706,971,0
2014-11-04,17:30:00,7.9596,7.9596,7.9476,7.9476,1000,0
2014-11-04,18:20:00,7.95,7.95,7.95,7.95,444,0
2014-11-04,20:15:00,7.95,7.95,7.95,7.95,452,0
2014-11-04,21:00:00,7.96,7.96,7.96,7.96,400,0
2014-11-04,21:25:00,7.93,7.93,7.93,7.93,1500,0
2014-11-04,21:45:00,7.95,7.95,7.95,7.95,500,0
2014-11-04,21:50:00,7.96,8.15,7.96,8.15,900,0
2014-11-04,22:00:00,8.12,8.12,8.12,8.12,100,0
2014-11-05,21:15:00,8.0772,8.0772,8.05,8.05,550,0
2014-11-05,21:45:00,8.0804,8.1,8.0804,8.09,1800,0
2014-11-05,22:00:00,8.0501,8.0501,8.0501,8.0501,900,0
2014-11-06,17:00:00,8.01,8.01,8.0,8.0,600,0
2014-11-06,18:05:00,8.01,8.01,8.01,8.01,100,0
2014-11-06,20:35:00,8.03,8.03,8.03,8.03,200,0
2014-11-06,22:00:00,8.05,8.05,8.05,8.05,100,0
2014-11-07,16:10:00,8.05,8.05,8.05,8.05,300,0
2014-11-07,16:40:00,7.98,7.98,7.98,7.98,100,0
2014-11-07,17:40:00,7.98,7.98,7.98,7.98,100,0
2014-11-07,18:35:00,7.98,7.98,7.98,7.98,100,0
2014-11-07,19:40:00,7.98,7.98,7.98,7.98,100,0
2014-11-07,20:15:00,7.98,7.98,7.98,7.98,100,0
2014-11-07,21:25:00,7.99,7.99,7.99,7.99,100,0
2014-11-07,21:55:00,8.01,8.01,8.01,8.01,200,0
2014-11-07,22:00:00,8.0,8.0,8.0,8.0,300,0
2014-11-10,16:00:00,7.98,7.98,7.98,7.98,300,0
2014-11-10,16:15:00,7.98,7.98,7.98,7.98,200,0
2014-11-10,16:20:00,7.99,8.0,7.99,8.0,737,0
2014-11-10,19:05:00,8.011,8.011,8.011,8.011,400,0
2014-11-11,16:15:00,8.01,8.01,8.01,8.01,400,0
2014-11-11,17:30:00,8.01,8.01,8.01,8.01,100,0
2014-11-12,15:35:00,8.0,8.0,8.0,8.0,300,0
2014-11-12,17:50:00,8.0,8.0,8.0,8.0,200,0
2014-11-12,21:20:00,8.0101,8.0101,8.0101,8.0101,300,0
2014-11-13,16:10:00,8.05,8.05,8.05,8.05,200,0
2014-11-13,21:25:00,8.0001,8.0001,8.0,8.0,1000,0
2014-11-13,21:30:00,8.0,8.0,8.0,8.0,712,0
2014-11-13,21:35:00,7.999,8.0,7.999,8.0,1888,0
2014-11-13,21:55:00,8.0,8.0,8.0,8.0,548,0
2014-11-14,17:05:00,8.05,8.09,8.05,8.09,1400,0
2014-11-14,19:40:00,8.05,8.05,8.05,8.05,100,0
2014-11-17,20:55:00,8.05,8.08,7.97,8.05,1200,0
2014-11-17,21:45:00,8.031,8.031,8.031,8.031,1200,0
2014-11-17,22:00:00,8.05,8.05,8.0486,8.0486,1117,0
2014-11-18,15:40:00,8.09,8.09,8.0899,8.0899,1800,0
2014-11-18,15:45:00,8.1575,8.1575,8.07,8.07,2100,0
2014-11-18,15:50:00,8.17,8.18,8.06,8.1416,1500,0
2014-11-18,16:00:00,8.1416,8.1416,8.1416,8.1416,1000,0
2014-11-18,16:05:00,8.1689,8.1689,8.14,8.14,1500,0
2014-11-18,17:10:00,8.06,8.06,8.06,8.06,3400,0
2014-11-18,18:15:00,8.14,8.14,8.14,8.14,100,0
2014-11-18,21:55:00,8.12,8.14,8.09,8.09,2675,0
2014-11-18,22:00:00,8.09,8.09,8.09,8.09,100,0
2014-11-19,16:10:00,8.15,8.15,8.06,8.06,400,0
2014-11-19,16:45:00,8.06,8.06,8.06,8.06,100,0
2014-11-19,17:30:00,8.061,8.061,8.061,8.061,1200,0
2014-11-19,18:45:00,8.1244,8.1244,8.1244,8.1244,1000,0
2014-11-19,19:35:00,8.0701,8.0701,8.0701,8.0701,574,0
2014-11-19,19:40:00,8.07,8.07,8.07,8.07,2000,0
2014-11-19,20:05:00,8.13,8.15,8.07,8.07,4922,0
2014-11-19,20:50:00,8.23,8.2395,8.23,8.2395,200,0
2014-11-19,21:25:00,8.15,8.15,8.15,8.15,189,0
2014-11-20,16:15:00,8.15,8.15,8.15,8.15,200,0
2014-11-20,19:55:00,8.16,8.16,8.16,8.16,700,0
2014-11-20,21:35:00,8.151,8.151,8.15,8.15,600,0
2014-11-20,21:40:00,8.17,8.2,8.17,8.2,1500,0
2014-11-21,15:45:00,8.15,8.15,8.15,8.15,700,0
2014-11-21,15:55:00,8.15,8.15,8.15,8.15,100,0
2014-11-21,16:20:00,8.15,8.15,8.15,8.15,500,0
2014-11-21,18:10:00,8.15,8.15,8.15,8.15,2900,0
2014-11-21,18:15:00,8.19,8.19,8.189,8.189,500,0
2014-11-21,18:20:00,8.19,8.19,8.19,8.19,100,0
2014-11-21,19:10:00,8.1128,8.1301,8.1,8.11,6715,0
2014-11-21,19:15:00,8.11,8.11,8.11,8.11,2400,0
2014-11-21,20:15:00,8.131,8.1311,8.131,8.131,570,0
2014-11-21,20:20:00,8.19,8.19,8.19,8.19,400,0
2014-11-21,20:45:00,8.15,8.2,8.15,8.2,600,0
2014-11-21,20:50:00,8.2,8.2,8.2,8.2,20100,0
2014-11-24,21:30:00,8.2,8.2,8.2,8.2,1220,0
2014-11-25,17:45:00,8.2,8.2,8.2,8.2,500,0
2014-11-25,18:20:00,8.2,8.2,8.2,8.2,456,0
2014-11-26,15:40:00,8.22,8.22,8.22,8.22,1000,0
2014-11-26,19:45:00,8.22,8.22,8.22,8.22,34900,0
2014-11-26,20:20:00,8.2268,8.26,8.2268,8.26,2100,0
2014-11-26,21:35:00,8.27,8.27,8.27,8.27,855,0
2014-11-26,21:45:00,8.26,8.27,8.26,8.27,1700,0
2014-11-26,22:00:00,8.25,8.26,8.25,8.26,600,0
2014-11-28,16:00:00,8.27,8.27,8.27,8.27,7000,0
2014-11-28,16:50:00,8.38,8.39,8.38,8.39,1125,0
2014-11-28,18:30:00,8.311,8.311,8.311,8.311,1000,0
2014-12-01,17:00:00,8.36,8.39,8.31,8.32,900,0
2014-12-01,19:10:00,8.35,8.35,8.35,8.35,500,0
2014-12-01,20:25:00,8.3899,8.3899,8.3899,8.3899,124,0
2014-12-01,21:10:00,8.31,8.37,8.3,8.31,5100,0
2014-12-01,21:40:00,8.31,8.4,8.3,8.39,14500,0
2014-12-02,16:10:00,8.4,8.4,8.4,8.4,200,0
2014-12-02,17:30:00,8.21,8.21,8.21,8.21,300,0
2014-12-02,18:30:00,8.3,8.3,8.3,8.3,100,0
2014-12-02,19:00:00,8.331,8.331,8.33,8.33,1600,0
2014-12-02,21:50:00,8.37,8.37,8.3699,8.3699,400,0
2014-12-02,21:55:00,8.4,8.4,8.4,8.4,300,0
2014-12-02,22:00:00,8.371,8.371,8.37,8.37,1100,0
2014-12-03,16:10:00,8.35,8.35,8.35,8.35,300,0
2014-12-03,18:50:00,8.351,8.351,8.35,8.35,600,0
2014-12-03,19:40:00,8.4,8.4,8.4,8.4,700,0
2014-12-04,16:10:00,8.35,8.35,8.35,8.35,100,0
2014-12-04,18:40:00,8.35,8.35,8.35,8.35,400,0
2014-12-04,19:40:00,8.35,8.35,8.35,8.35,200,0
2014-12-04,20:00:00,8.35,8.35,8.35,8.35,100,0
2014-12-04,20:15:00,8.35,8.35,8.35,8.35,100,0
2014-12-04,20:25:00,8.35,8.35,8.35,8.35,200,0
2014-12-04,20:30:00,8.35,8.35,8.35,8.35,100,0
2014-12-04,20:40:00,8.35,8.35,8.349,8.349,382,0
2014-12-04,21:20:00,8.3499,8.3499,8.349,8.349,1300,0
2014-12-04,21:55:00,8.201,8.35,8.201,8.35,2790,0
2014-12-05,15:35:00,8.35,8.35,8.35,8.35,200,0
2014-12-05,15:50:00,8.35,8.35,8.35,8.35,200,0
2014-12-05,18:05:00,8.34,8.34,8.34,8.34,100,0
2014-12-05,20:00:00,8.35,8.35,8.35,8.35,685,0
2014-12-05,20:20:00,8.33,8.33,8.33,8.33,100,0
2014-12-08,16:15:00,8.387,8.387,8.387,8.387,1000,0
2014-12-08,16:35:00,8.384,8.384,8.384,8.384,500,0
2014-12-08,17:50:00,8.3989,8.3989,8.3989,8.3989,500,0
2014-12-08,19:15:00,8.36,8.36,8.3,8.3,3698,0
2014-12-08,19:50:00,8.34,8.34,8.34,8.34,100,0
2014-12-08,20:55:00,8.4,8.4,8.4,8.4,300,0
2014-12-08,21:50:00,8.4,8.4,8.4,8.4,100,0
2014-12-08,22:00:00,8.37,8.37,8.37,8.37,200,0
2014-12-09,15:35:00,8.35,8.3701,8.35,8.3501,3072,0
2014-12-09,15:45:00,8.37,8.37,8.29,8.3,6824,0
2014-12-09,16:00:00,8.365,8.365,8.365,8.365,100,0
2014-12-09,18:15:00,8.3301,8.3301,8.3301,8.3301,400,0
2014-12-09,18:35:00,8.36,8.36,8.36,8.36,300,0
2014-12-10,16:10:00,8.39,8.39,8.39,8.39,300,0
2014-12-10,18:50:00,8.355,8.355,8.35,8.35,500,0
2014-12-11,16:10:00,8.4,8.4,8.4,8.4,100,0
2014-12-11,16:25:00,8.3787,8.3787,8.37,8.37,497,0
2014-12-11,17:55:00,8.37,8.37,8.37,8.37,300,0
2014-12-11,19:15:00,8.37,8.37,8.37,8.37,200,0
2014-12-11,19:30:00,8.36,8.36,8.35,8.35,3500,0
2014-12-11,21:50:00,8.4,8.4,8.4,8.4,100,0
2014-12-11,21:55:00,8.4,8.4,8.39,8.4,9100,0
2014-12-11,22:00:00,8.41,8.53,8.4,8.53,1900,0
2014-12-12,16:10:00,8.4,8.4,8.36,8.36,1900,0
2014-12-12,20:10:00,8.36,8.36,8.35,8.35,800,0
2014-12-12,20:15:00,8.4,8.4,8.4,8.4,1200,0
2014-12-12,21:35:00,8.41,8.42,8.385,8.42,400,0
2014-12-12,21:45:00,8.43,8.49,8.43,8.49,1100,0
2014-12-12,21:55:00,8.411,8.48,8.4,8.48,7599,0
2014-12-12,22:00:00,8.47,8.47,8.4,8.4,300,0
2014-12-15,22:00:00,8.3,8.3,8.3,8.3,100,0
2014-12-16,15:40:00,8.3999,8.3999,8.3999,8.3999,475,0
2014-12-16,16:15:00,8.39,8.4,8.39,8.4,4500,0
2014-12-16,16:20:00,8.4,8.4,8.4,8.4,300,0
2014-12-16,18:05:00,8.399,8.399,8.399,8.399,500,0
2014-12-16,20:20:00,8.39,8.4,8.39,8.4,3000,0
2014-12-16,20:55:00,8.4,8.4,8.4,8.4,100,0
2014-12-16,21:00:00,8.4,8.4,8.4,8.4,400,0
2014-12-16,21:55:00,8.2,8.2,8.2,8.2,100,0
2014-12-16,22:00:00,8.39,8.39,8.39,8.39,200,0
2014-12-17,17:05:00,8.34,8.34,8.34,8.34,600,0
2014-12-17,17:15:00,8.33,8.33,8.32,8.32,1100,0
2014-12-17,17:20:00,8.34,8.34,8.34,8.34,100,0
2014-12-17,17:40:00,8.32,8.32,8.32,8.32,300,0
2014-12-17,17:45:00,8.17,8.32,8.17,8.32,300,0
2014-12-17,17:50:00,8.33,8.33,8.33,8.33,100,0
2014-12-17,17:55:00,8.29,8.33,8.29,8.33,600,0
2014-12-17,18:15:00,8.39,8.39,8.39,8.39,200,0
2014-12-17,18:25:00,8.4,8.4,8.4,8.4,600,0
2014-12-17,18:30:00,8.36,8.36,8.32,8.3228,1100,0
2014-12-17,18:35:00,8.33,8.33,8.33,8.33,400,0
2014-12-17,18:40:00,8.35,8.35,8.35,8.35,400,0
2014-12-17,18:55:00,8.33,8.33,8.33,8.33,840,0
2014-12-18,16:10:00,8.58,8.58,8.58,8.58,1200,0
2014-12-19,20:10:00,8.45,8.45,8.45,8.45,3000,0
2014-12-19,20:20:00,8.3501,8.37,8.3501,8.37,859,0
2014-12-19,20:40:00,8.44,8.45,8.44,8.45,4679,0
2014-12-22,17:40:00,8.45,8.45,8.45,8.45,3604,0
2014-12-22,20:00:00,8.45,8.45,8.45,8.45,1000,0
2014-12-22,20:05:00,8.45,8.45,8.45,8.45,2100,0
2014-12-22,20:20:00,8.377,8.377,8.377,8.377,997,0
2014-12-22,21:40:00,8.34,8.34,8.34,8.34,200,0
2014-12-22,21:55:00,8.45,8.45,8.34,8.45,3162,0
2014-12-23,16:30:00,8.57,8.57,8.57,8.57,300,0
2014-12-23,16:50:00,8.56,8.58,8.56,8.58,3213,0
2014-12-23,21:10:00,8.4739,8.52,8.47,8.52,3554,0
2014-12-23,21:20:00,8.48,8.48,8.46,8.46,657,0
2014-12-23,21:35:00,8.38,8.38,8.38,8.38,100,0
2014-12-23,21:45:00,8.5743,8.5743,8.35,8.35,1557,0
2014-12-23,21:55:00,8.35,8.35,8.35,8.35,100,0
2014-12-23,22:00:00,8.36,8.49,8.36,8.49,700,0
2014-12-24,16:40:00,8.51,8.51,8.51,8.51,1000,0
2014-12-24,17:25:00,8.5799,8.58,8.5799,8.58,2232,0
2014-12-26,19:05:00,8.5499,8.5499,8.5499,8.5499,100,0
2014-12-26,19:55:00,8.511,8.511,8.511,8.511,600,0
2014-12-26,21:20:00,8.58,8.58,8.57,8.57,500,0
2014-12-26,21:25:00,8.56,8.56,8.56,8.56,100,0
2014-12-26,21:30:00,8.5799,8.5799,8.5799,8.5799,200,0
2014-12-29,19:10:00,8.5799,8.5799,8.5799,8.5799,500,0
2014-12-29,22:00:00,8.58,8.58,8.58,8.58,200,0
2014-12-30,15:40:00,8.5,8.5,8.5,8.5,150,0
2014-12-30,19:10:00,8.58,8.58,8.58,8.58,300,0
2014-12-30,19:20:00,8.56,8.56,8.54,8.54,200,0
2014-12-30,19:25:00,8.51,8.51,8.51,8.51,300,0
2014-12-30,20:30:00,8.5101,8.5101,8.5101,8.5101,692,0
2014-12-30,20:35:00,8.5101,8.5101,8.51,8.51,984,0
2014-12-30,22:00:00,8.58,8.58,8.58,8.58,200,0
2014-12-31,16:50:00,8.5799,8.5799,8.5799,8.5799,3000,0
2014-12-31,22:00:00,8.56,8.56,8.56,8.56,300,0
2015-01-02,15:40:00,8.58,8.58,8.5528,8.5528,1838,0
2015-01-02,21:45:00,8.5584,8.56,8.5584,8.56,2800,0
2015-01-05,16:45:00,8.5501,8.5501,8.55,8.55,4390,0
2015-01-05,17:50:00,8.55,8.55,8.55,8.55,1200,0
2015-01-05,19:25:00,8.56,8.56,8.56,8.56,100,0
2015-01-05,19:40:00,8.56,8.56,8.56,8.56,8000,0
2015-01-05,21:10:00,8.57,8.57,8.57,8.57,100,0
2015-01-06,16:25:00,8.58,8.58,8.58,8.58,372,0
2015-01-06,16:35:00,8.58,8.58,8.58,8.58,524,0
2015-01-06,17:15:00,8.579,8.58,8.579,8.5793,1069,0
2015-01-06,17:55:00,8.58,8.58,8.58,8.58,1899,0
2015-01-06,21:35:00,8.68,8.68,8.68,8.68,10100,0
2015-01-06,22:00:00,8.74,8.74,8.74,8.74,400,0
2015-01-07,15:35:00,8.69,8.87,8.69,8.87,9013,0
2015-01-07,16:25:00,8.87,8.87,8.87,8.87,3089,0
2015-01-07,16:55:00,8.8254,8.8254,8.8254,8.8254,200,0
2015-01-07,17:00:00,8.818,8.818,8.8,8.8,2466,0
2015-01-07,17:10:00,8.7999,8.7999,8.7999,8.7999,4500,0
2015-01-07,17:30:00,8.78,8.8,8.75,8.7899,2800,0
2015-01-07,17:35:00,8.8,8.8,8.8,8.8,2400,0
2015-01-07,18:10:00,8.77,8.77,8.76,8.76,800,0
2015-01-07,18:30:00,8.75,8.7527,8.75,8.7527,3557,0
2015-01-07,19:05:00,8.76,8.76,8.76,8.76,200,0
2015-01-07,19:25:00,8.7599,8.76,8.7599,8.76,900,0
2015-01-07,19:40:00,8.8399,8.9,8.8399,8.8999,911,0
2015-01-07,19:45:00,8.9,8.9,8.9,8.9,1524,0
2015-01-07,19:50:00,9.0,9.0,9.0,9.0,600,0
2015-01-07,20:55:00,8.9,8.9,8.9,8.9,100,0
2015-01-07,21:00:00,8.92,8.92,8.9,8.9,200,0
2015-01-07,21:15:00,8.89,8.89,8.89,8.89,100,0
2015-01-07,21:55:00,8.88,8.88,8.8,8.87,3889,0
2015-01-07,22:00:00,8.8699,8.87,8.8699,8.8699,2000,0
2015-01-08,15:35:00,8.81,8.81,8.81,8.81,100,0
2015-01-08,21:25:00,8.81,8.87,8.81,8.869,1698,0
2015-01-09,17:20:00,8.82,8.82,8.82,8.82,600,0
2015-01-12,16:45:00,8.84,8.9,8.84,8.9,2250,0
2015-01-12,17:05:00,9.13,9.14,9.13,9.14,450,0
2015-01-12,18:05:00,9.14,9.15,9.14,9.14,600,0
2015-01-12,21:15:00,9.07,9.07,9.07,9.07,100,0
2015-01-12,21:40:00,9.06,9.06,9.06,9.06,100,0
2015-01-13,16:10:00,9.1501,9.17,9.15,9.1501,1400,0
2015-01-13,16:20:00,9.15,9.1501,9.15,9.15,600,0
2015-01-13,16:25:00,9.1501,9.1501,9.15,9.15,2400,0
2015-01-13,17:05:00,9.099,9.1,8.95,9.1,4100,0
2015-01-13,18:55:00,9.08,9.1,9.08,9.1,900,0
2015-01-13,21:55:00,9.05,9.051,9.05,9.05,1600,0
2015-01-13,22:00:00,9.05,9.05,9.05,9.05,400,0
2015-01-14,15:40:00,8.96,8.96,8.96,8.96,300,0
2015-01-14,15:50:00,8.95,8.95,8.95,8.95,100,0
2015-01-14,21:20:00,9.05,9.05,9.05,9.05,110,0
2015-01-14,21:25:00,9.041,9.041,9.041,9.041,300,0
2015-01-14,21:30:00,9.041,9.041,9.041,9.041,300,0
2015-01-14,22:00:00,8.9803,8.981,8.98,8.98,3246,0
2015-01-15,16:55:00,9.059,9.08,9.059,9.08,4088,0
2015-01-15,17:05:00,9.23,9.2399,9.22,9.2399,1482,0
2015-01-15,18:25:00,9.15,9.15,9.15,9.15,100,0
2015-01-15,20:05:00,9.1279,9.1279,9.1279,9.1279,200,0
2015-01-15,21:15:00,9.12,9.12,9.12,9.12,400,0
2015-01-15,21:20:00,9.1,9.14,9.1,9.14,700,0
2015-01-15,21:45:00,9.15,9.15,9.15,9.15,200,0
2015-01-15,22:00:00,9.11,9.15,9.08,9.08,5490,0
2015-01-16,18:25:00,9.139,9.14,9.13,9.13,4600,0
2015-01-16,18:30:00,9.14,9.14,9.14,9.14,1506,0
2015-01-16,19:25:00,9.179,9.189,9.179,9.189,1300,0
2015-01-16,21:25:00,9.165,9.165,9.165,9.165,100,0
2015-01-20,17:10:00,8.66,8.66,8.62,8.62,800,0
2015-01-20,17:15:00,8.56,8.56,8.56,8.56,500,0
2015-01-20,17:20:00,8.63,8.63,8.57,8.57,1000,0
2015-01-20,17:30:00,8.67,8.72,8.67,8.72,600,0
2015-01-20,17:35:00,8.65,8.65,8.65,8.65,300,0
2015-01-20,17:50:00,8.7,8.7,8.7,8.7,600,0
2015-01-20,18:05:00,8.71,8.71,8.71,8.71,600,0
2015-01-20,18:20:00,8.78,8.78,8.78,8.78,1100,0
2015-01-20,18:25:00,8.78,8.78,8.78,8.78,1100,0
2015-01-20,19:00:00,8.79,8.79,8.68,8.68,3100,0
2015-01-20,19:05:00,8.74,8.74,8.73,8.73,600,0
2015-01-20,19:35:00,9.03,9.03,9.03,9.03,1000,0
2015-01-20,21:40:00,9.199,9.199,9.199,9.199,100,0
2015-01-20,21:55:00,9.11,9.11,9.11,9.11,100,0
2015-01-20,22:00:00,9.11,9.11,9.11,9.11,100,0
2015-01-21,16:40:00,9.0,9.0,9.0,9.0,800,0
2015-01-21,19:15:00,9.0,9.0,9.0,9.0,500,0
2015-01-21,21:00:00,8.93,8.93,8.93,8.93,100,0
2015-01-21,21:30:00,9.199,9.199,9.1939,9.194,300,0
2015-01-21,21:35:00,9.144,9.144,9.144,9.144,200,0
2015-01-22,20:40:00,8.95,8.95,8.91,8.91,349,0
2015-01-22,21:55:00,8.94,8.95,8.94,8.95,200,0
2015-01-22,22:00:00,8.99,8.99,8.99,8.99,100,0
2015-01-23,16:55:00,9.0,9.0,9.0,9.0,1893,0
2015-01-23,20:00:00,8.91,8.91,8.91,8.91,200,0
2015-01-23,20:15:00,8.9005,8.91,8.9,8.9,1848,0
2015-01-23,20:20:00,8.9,8.9,8.9,8.9,900,0
2015-01-23,21:30:00,8.89,8.89,8.89,8.89,100,0
2015-01-26,22:00:00,8.88,8.98,8.88,8.98,762,0
2015-01-28,21:55:00,8.86,8.98,8.85,8.9,4000,0
2015-01-29,17:55:00,8.76,8.76,8.62,8.62,5000,0
2015-01-30,18:45:00,8.6,8.6,8.6,8.6,17800,0
2015-02-02,17:50:00,8.7548,8.7548,8.7548,8.7548,160,0
2015-02-02,19:55:00,8.68,8.68,8.66,8.66,400,0
2015-02-03,20:20:00,8.9899,8.9899,8.9899,8.9899,1044,0
2015-02-03,22:00:00,8.9,8.9,8.9,8.9,100,0
2015-02-05,15:55:00,8.816,8.816,8.8,8.8,1100,0
2015-02-05,16:55:00,8.8,8.8,8.8,8.8,400,0
2015-02-09,16:10:00,8.62,8.62,8.62,8.62,100,0
2015-02-10,16:10:00,8.7,8.7,8.7,8.7,200,0
2015-02-10,20:00:00,8.7,8.7,8.7,8.7,100,0
2015-02-11,16:50:00,8.88,8.9,8.87,8.9,1100,0
2015-02-11,20:10:00,8.85,8.85,8.85,8.85,500,0
2015-02-11,20:15:00,8.85,9.0,8.85,9.0,4276,0
2015-02-11,20:30:00,9.15,9.1799,9.15,9.1799,3000,0
2015-02-11,21:20:00,8.9,8.9,8.9,8.9,1861,0
2015-02-12,18:40:00,8.8101,8.8101,8.8101,8.8101,997,0
2015-02-12,19:10:00,8.82,8.82,8.82,8.82,498,0
2015-02-12,21:35:00,8.85,8.85,8.83,8.83,1039,0
2015-02-13,19:15:00,9.1799,9.1799,9.1799,9.1799,1442,0
2015-02-13,20:50:00,8.9,8.9,8.81,8.82,848,0
2015-02-13,21:20:00,9.055,9.055,9.055,9.055,1073,0
2015-02-13,21:55:00,9.1342,9.1342,9.1342,9.1342,100,0
2015-02-17,19:15:00,8.8363,8.8363,8.8363,8.8363,740,0
2015-02-17,19:40:00,8.8101,8.8101,8.8101,8.8101,1412,0
2015-02-17,22:00:00,9.1,9.1,9.1,9.1,436,0
2015-02-18,18:15:00,9.0799,9.0799,9.0799,9.0799,4860,0
2015-02-18,20:20:00,9.08,9.0895,9.08,9.0895,900,0
2015-02-18,20:25:00,9.08,9.1,9.08,9.1,306,0
2015-02-20,19:45:00,9.089,9.089,9.089,9.089,800,0
2015-02-23,20:00:00,8.85,8.87,8.84,8.86,2753,0
2015-02-23,21:25:00,9.07,9.07,9.07,9.07,200,0
